QSO2_SC_A,QSO2_SC_C,QSO2_SC_D,QSO2_SC_E,QSO2_SC_F,QSO2_SC_G,QSO2_SC_H,QSO2_SC_I,QSO2_SC_K,QSO2_SC_L,QSO2_SC_M,QSO2_SC_N,QSO2_SC_P,QSO2_SC_Q,QSO2_SC_R,QSO2_SC_S,QSO2_SC_T,QSO2_SC_V,QSO2_SC_W,QSO2_SC_Y,QSO2_G_A,QSO2_G_C,QSO2_G_D,QSO2_G_E,QSO2_G_F,QSO2_G_G,QSO2_G_H,QSO2_G_I,QSO2_G_K,QSO2_G_L,QSO2_G_M,QSO2_G_N,QSO2_G_P,QSO2_G_Q,QSO2_G_R,QSO2_G_S,QSO2_G_T,QSO2_G_V,QSO2_G_W,QSO2_G_Y,QSO2_SC1,QSO2_SC2,QSO2_G1,QSO2_G2,Target
0,0,0.5663,1.1325,0,0.5663,0.5663,1.1325,1.1325,0.5663,0,0.5663,1.1325,0,0,1.1325,2.265,0,0.5663,1.1325,0,0,0.0001,0.0001,0,0.0001,0.0001,0.0001,0.0001,0.0001,0,0.0001,0.0001,0,0,0.0001,0.0002,0,0.0001,0.0001,0.2151,0.2187,0.2151,0.2187,1
0.8398,0,0,0,1.6796,0,0,0,3.3593,0,0,0,0,0,0,0,0.8398,3.3593,0,0.8398,0.0002,0,0,0,0.0005,0,0,0,0.001,0,0,0,0,0,0,0,0.0002,0.001,0,0.0002,0.0564,0.1038,0.0564,0.1038,1
0,0,0,0,0,0,0.6435,1.287,0.6435,3.2174,0,0,0,0,1.9304,0,0,1.287,0,0.6435,0,0,0,0,0,0,0.0001,0.0003,0.0001,0.0007,0,0,0,0,0.0004,0,0,0.0003,0,0.0001,0.176,0.1805,0.176,0.1805,1
1.0285,0,1.0285,0,1.5428,2.057,0.5143,2.5713,1.0285,0.5143,1.0285,0.5143,0,0.5143,0,1.5428,1.0285,0,0.5143,0,0.0001,0,0.0001,0,0.0001,0.0001,0,0.0001,0.0001,0,0.0001,0,0,0,0,0.0001,0.0001,0,0,0,0.3054,0.1803,0.3054,0.1803,1
1.1168,0,0,0.5584,0,0,0,2.2336,1.6752,0.5584,0,2.2336,0,0,0,0.5584,2.2336,1.1168,0.5584,0,0.0001,0,0,0,0,0,0,0.0002,0.0001,0,0,0.0002,0,0,0,0,0.0002,0.0001,0,0,0.2176,0.224,0.2176,0.224,1
0,0,0,0,1.7104,0,0,0,3.4209,3.4209,0,0,0.8552,0,0,0,0.8552,0.8552,0,0,0,0,0,0,0.0004,0,0,0,0.0009,0.0009,0,0,0.0002,0,0,0,0.0002,0.0002,0,0,0.0509,0.0939,0.0509,0.0939,1
1.4014,0,0,0,0,0,0,0,1.4014,2.102,0,0,0,0,0.7007,0,0,1.4014,1.4014,0.7007,0.0003,0,0,0,0,0,0,0,0.0003,0.0004,0,0,0,0,0.0001,0,0,0.0003,0.0003,0.0001,0.1746,0.1247,0.1746,0.1247,1
1.7137,0.5712,0.5712,0.5712,0,1.1424,0,0,0,0.5712,0,1.1424,1.7137,1.7137,0.5712,0,0,1.1424,2.2849,0,0.0001,0,0,0,0,0.0001,0,0,0,0,0,0.0001,0.0001,0.0001,0,0,0,0.0001,0.0002,0,0.2362,0.1925,0.2362,0.1925,1
2.7311,1.3656,0,1.3656,0,3.4139,0,0,0,3.4139,0,0,0,0,0,0.6828,0,0,0,0,0.0002,0.0001,0,0.0001,0,0.0002,0,0,0,0.0002,0,0,0,0,0,0,0,0,0,0,0.1691,0.1481,0.1691,0.1481,1
0.458,0.916,0.916,0.916,0.458,0.916,0.458,0.458,0,2.29,0,0.458,1.832,0.458,1.374,0,0.458,0.916,0.458,0,0,0.0001,0.0001,0.0001,0,0.0001,0,0,0,0.0001,0,0,0.0001,0,0.0001,0,0,0.0001,0,0,0.2982,0.2438,0.2982,0.2438,1
2.1117,0,0,0.5279,0,1.5838,0,0,0,0.5279,0,0.5279,1.5838,0,2.1117,1.0558,1.0558,1.0558,0.5279,0,0.0002,0,0,0,0,0.0001,0,0,0,0,0,0,0.0001,0,0.0002,0.0001,0.0001,0.0001,0,0,0.2192,0.2529,0.2192,0.2529,1
1.7954,0,1.1969,0.5985,0,0.5985,0,0.5985,0.5985,0,0.5985,0.5985,1.1969,0,0.5985,0,0.5985,0.5985,0.5985,0,0.0002,0,0.0001,0.0001,0,0.0001,0,0.0001,0.0001,0,0.0001,0.0001,0.0001,0,0.0001,0,0.0001,0.0001,0.0001,0,0.2099,0.1916,0.2099,0.1916,1
0,0,0.5734,0,0.5734,0.5734,0,0,1.7201,4.587,0,1.7201,0,0,0,1.1467,0,0,0,0,0,0,0,0,0,0,0,0,0.0001,0.0003,0,0.0001,0,0,0,0.0001,0,0,0,0,0.1966,0.23,0.1966,0.23,1
1.0745,0,1.0745,0.5372,1.6117,2.6862,0.5372,0,0.5372,1.0745,0,0.5372,0.5372,0.5372,0,1.0745,0,2.1489,0,0,0.0001,0,0.0001,0,0.0001,0.0002,0,0,0,0.0001,0,0,0,0,0,0.0001,0,0.0001,0,0,0.2523,0.2105,0.2523,0.2105,1
0,1.0962,1.0962,0,0,2.1924,0,1.0962,1.0962,0.5481,0,0,0.5481,1.0962,0.5481,1.6443,2.1924,2.1924,0.5481,0.5481,0,0.0001,0.0001,0,0,0.0001,0,0.0001,0.0001,0,0,0,0,0.0001,0,0.0001,0.0001,0.0001,0,0,0.2771,0.1748,0.2771,0.1748,1
1.7669,0,0.589,0.589,1.1779,0,0,1.1779,0.589,0,1.1779,0,0.589,0,1.7669,0.589,2.9448,0.589,0,0,0.0002,0,0.0001,0.0001,0.0001,0,0,0.0001,0.0001,0,0.0001,0,0.0001,0,0.0002,0.0001,0.0003,0.0001,0,0,0.1968,0.2142,0.1968,0.2142,1
0.6318,3.1592,0.6318,0.6318,0.6318,1.8955,0,1.8955,0,0.6318,1.2637,0,1.2637,0,0,1.2637,1.8955,1.2637,1.8955,0,0,0.0001,0,0,0,0.0001,0,0.0001,0,0,0.0001,0,0.0001,0,0,0.0001,0.0001,0.0001,0.0001,0,0.1891,0.1791,0.1891,0.1791,1
0,2.9821,1.1928,0,1.1928,0,0,1.1928,0.5964,0.5964,0,1.1928,4.1749,0.5964,0.5964,0.5964,2.3857,0.5964,0,0,0,0.0001,0.0001,0,0.0001,0,0,0.0001,0,0,0,0.0001,0.0002,0,0,0,0.0001,0,0,0,0.222,0.1816,0.222,0.1816,1
1.2408,0.6204,0,0.6204,1.2408,0,0,0.6204,1.2408,1.2408,0,0,0.6204,0,0.6204,0,0.6204,0,0,0,0.0001,0.0001,0,0.0001,0.0001,0,0,0.0001,0.0001,0.0001,0,0,0.0001,0,0.0001,0,0.0001,0,0,0,0.1833,0.1963,0.1833,0.1963,1
0.5258,1.5773,1.5773,1.5773,0,2.1031,0.5258,0.5258,0,0.5258,0,0,1.5773,0,0,0.5258,1.0515,2.6289,0.5258,0.5258,0,0.0001,0.0001,0.0001,0,0.0001,0,0,0,0,0,0,0.0001,0,0,0,0.0001,0.0001,0,0,0.228,0.2462,0.228,0.2462,1
1.6696,0,0.5565,0,0.5565,1.1131,0.5565,0,0.5565,3.3392,0,1.1131,0.5565,0.5565,0.5565,0.5565,0.5565,0.5565,0,0.5565,0.0001,0,0,0,0,0.0001,0,0,0,0.0003,0,0.0001,0,0,0,0,0,0,0,0,0.2392,0.2043,0.2392,0.2043,1
0,0.5658,1.1316,0,0,1.1316,0,1.1316,1.1316,0.5658,0,0.5658,1.1316,0,1.1316,0.5658,1.1316,0.5658,1.1316,0,0,0,0.0001,0,0,0.0001,0,0.0001,0.0001,0,0,0,0.0001,0,0.0001,0,0.0001,0,0.0001,0,0.1782,0.256,0.1782,0.256,1
0.7918,0,0,0,0.7918,2.3755,0,0.7918,0.7918,0.7918,0,0.7918,0.7918,0,0,0.7918,0,0,1.5837,0,0.0001,0,0,0,0.0001,0.0003,0,0.0001,0.0001,0.0001,0,0.0001,0.0001,0,0,0.0001,0,0,0.0002,0,0.091,0.1172,0.091,0.1172,1
0,0,1.2944,0.6472,0,0.6472,0.6472,0,0.6472,0.6472,1.2944,1.2944,0.6472,0,0,0,1.2944,1.2944,0,0,0,0,0.0002,0.0001,0,0.0001,0.0001,0,0.0001,0.0001,0.0002,0.0002,0.0001,0,0,0,0.0002,0.0002,0,0,0.1836,0.1692,0.1836,0.1692,1
0.4428,0.8857,0,0,2.6571,0.4428,0,0.4428,2.6571,0.8857,0,0.8857,0,0.4428,0.4428,0.4428,0.8857,0.4428,0,0,0,0.0001,0,0,0.0002,0,0,0,0.0002,0.0001,0,0.0001,0,0,0,0,0.0001,0,0,0,0.2449,0.3123,0.2449,0.3123,1
1.3928,0,0.4643,0,0,0.4643,0,0,0.9285,0.4643,0.4643,0,0,0,1.3928,0,0.4643,0.4643,2.7856,0,0.0001,0,0,0,0,0,0,0,0.0001,0,0,0,0,0,0.0001,0,0,0,0.0003,0,0.2758,0.26,0.2758,0.26,1
0.7445,0.7445,0,0.7445,0.7445,4.467,0,1.489,0,2.2335,0,0,0,0.7445,0,1.489,4.467,0.7445,0,0,0.0001,0.0001,0,0.0001,0.0001,0.0004,0,0.0001,0,0.0002,0,0,0,0.0001,0,0.0001,0.0004,0.0001,0,0,0.1048,0.1507,0.1048,0.1507,1
0.6855,0,1.3709,0,0.6855,0,0,0,0.6855,2.0564,0.6855,1.3709,1.3709,1.3709,0,0.6855,0.6855,1.3709,0,0.6855,0.0001,0,0.0002,0,0.0001,0,0,0,0.0001,0.0003,0.0001,0.0002,0.0002,0.0002,0,0.0001,0.0001,0.0002,0,0.0001,0.1806,0.1339,0.1806,0.1339,1
0.6192,1.2383,0.6192,0,0.6192,0.6192,1.2383,0.6192,1.2383,0,1.8575,0,0,0,0.6192,0,0.6192,0.6192,0,0.6192,0,0.0001,0,0,0,0,0.0001,0,0.0001,0,0.0001,0,0,0,0,0,0,0,0,0,0.2388,0.1421,0.2388,0.1421,1
1.6851,0.5617,0.5617,0,0,1.1234,0,1.1234,0.5617,1.1234,1.1234,0.5617,0,0,1.1234,0,0.5617,0.5617,0,0.5617,0.0001,0,0,0,0,0.0001,0,0.0001,0,0.0001,0.0001,0,0,0,0.0001,0,0,0,0,0,0.2289,0.2094,0.2289,0.2094,1
0,0.5392,0,0,0,0,1.0783,1.0783,1.0783,0,0,0.5392,0.5392,0.5392,3.235,0,0,2.1567,0,0.5392,0,0.0001,0,0,0,0,0.0001,0.0001,0.0001,0,0,0.0001,0.0001,0.0001,0.0004,0,0,0.0003,0,0.0001,0.2116,0.2493,0.2116,0.2493,1
0.4624,0.4624,0.4624,0.4624,0.4624,0.9249,0,0,3.2371,0.9249,0.9249,0,0.9249,0.4624,0,0.4624,2.3122,0,0,0.4624,0,0,0,0,0,0.0001,0,0,0.0003,0.0001,0.0001,0,0.0001,0,0,0,0.0002,0,0,0,0.253,0.2846,0.253,0.2846,1
0.7278,0.7278,2.1833,0.7278,0,0,0,0.7278,0,1.4555,0.7278,0,0.7278,0,0,2.1833,0.7278,0,0,0,0.0001,0.0001,0.0002,0.0001,0,0,0,0.0001,0,0.0001,0.0001,0,0.0001,0,0,0.0002,0.0001,0,0,0,0.147,0.1252,0.147,0.1252,1
0,0.5698,0,0,1.1395,0.5698,2.2791,0.5698,0.5698,0.5698,1.7093,0.5698,1.7093,1.1395,0.5698,0,1.7093,1.1395,0.5698,0.5698,0,0,0,0,0.0001,0,0.0002,0,0,0,0.0001,0,0.0001,0.0001,0,0,0.0001,0.0001,0,0,0.1924,0.2379,0.1924,0.2379,1
0.6513,0.6513,0.6513,0.6513,2.6053,0.6513,0,0.6513,0.6513,1.3027,0,0,2.6053,0,0,0.6513,0.6513,0.6513,0,0,0,0,0,0,0.0002,0,0,0,0,0.0001,0,0,0.0002,0,0,0,0,0,0,0,0.1845,0.1641,0.1845,0.1641,1
0.4367,0,1.3102,0,0,1.3102,0.4367,0.8735,0.8735,0.4367,0.4367,1.3102,1.3102,0.4367,1.7469,0,0,0.4367,0.4367,0.4367,0,0,0.0001,0,0,0.0001,0,0.0001,0.0001,0,0,0.0001,0.0001,0,0.0001,0,0,0,0,0,0.3097,0.2536,0.3097,0.2536,1
1.1724,0,2.3447,0.5862,0,0.5862,0,0,0,1.7585,0.5862,0,0.5862,0.5862,0.5862,0.5862,0,2.3447,0,0,0.0001,0,0.0002,0,0,0,0,0,0,0.0001,0,0,0,0,0,0,0,0.0002,0,0,0.2414,0.1724,0.2414,0.1724,1
0.4916,0,0.4916,0,0.4916,0.9833,0,0,0.9833,3.9332,0.4916,0,0.4916,0.4916,1.4749,0,0.4916,0.4916,0.4916,0.4916,0,0,0,0,0,0.0001,0,0,0.0001,0.0004,0,0,0,0,0.0001,0,0,0,0,0,0.2526,0.2557,0.2526,0.2557,1
0.55,0.55,1.6499,0,1.0999,0,0.55,0,0.55,0,2.1999,0.55,1.0999,1.0999,2.7498,0,1.0999,0.55,0,1.0999,0,0,0.0001,0,0.0001,0,0,0,0,0,0.0001,0,0.0001,0.0001,0.0002,0,0.0001,0,0,0.0001,0.2306,0.2194,0.2306,0.2194,1
2.4523,0.8174,0,0,0.8174,1.6349,0,0,0,4.0871,0.8174,0.8174,0,0.8174,0,0,0,0,0,0,0.0002,0.0001,0,0,0.0001,0.0001,0,0,0,0.0003,0.0001,0.0001,0,0.0001,0,0,0,0,0,0,0.0921,0.0904,0.0921,0.0904,1
2.8136,0,2.1102,0,0.7034,0,0,0,0,1.4068,0.7034,0.7034,0,0,0.7034,0,0,1.4068,0,0,0.0003,0,0.0002,0,0.0001,0,0,0,0,0.0002,0.0001,0.0001,0,0,0.0001,0,0,0.0002,0,0,0.1535,0.1431,0.1535,0.1431,1
0,0.5105,0,0,2.0419,0,1.0209,0.5105,2.5523,0,2.0419,1.0209,0.5105,0,2.5523,0,0,1.0209,0,0.5105,0,0.0001,0,0,0.0002,0,0.0001,0.0001,0.0003,0,0.0002,0.0001,0.0001,0,0.0003,0,0,0.0001,0,0.0001,0.2576,0.2319,0.2576,0.2319,1
0.656,0,0,0,3.2802,0.656,0,0.656,1.3121,0.656,0,0,0,0,3.9362,0.656,0.656,1.3121,0,0,0.0001,0,0,0,0.0005,0.0001,0,0.0001,0.0002,0.0001,0,0,0,0,0.0005,0.0001,0.0001,0.0002,0,0,0.1622,0.1817,0.1622,0.1817,1
1.1656,0,0,0.5828,0,1.7483,1.7483,0,0.5828,4.0794,0,0,1.1656,0,0,0.5828,0,2.9139,0,0,0.0001,0,0,0,0,0.0001,0.0001,0,0,0.0003,0,0,0.0001,0,0,0,0,0.0002,0,0,0.1708,0.2464,0.1708,0.2464,1
0.6039,0.6039,1.2077,0,0.6039,0,0,0.6039,0.6039,1.8116,0,0,0,0,0.6039,1.2077,0,1.2077,1.8116,0,0,0,0.0001,0,0,0,0,0,0,0.0001,0,0,0,0,0,0.0001,0,0.0001,0.0001,0,0.2242,0.1719,0.2242,0.1719,1
0.8482,0,0,0,1.6963,0,0,0,3.3926,1.6963,0,0,0.8482,0,0,0,0.8482,1.6963,0,0,0.0002,0,0,0,0.0004,0,0,0,0.0008,0.0004,0,0,0.0002,0,0,0,0.0002,0.0004,0,0,0.0549,0.097,0.0549,0.097,1
0,0.536,1.6081,0.536,0.536,0,0,0,0.536,2.1442,0,0,0,0,0.536,1.0721,0,0.536,1.6081,0,0,0,0.0001,0,0,0,0,0,0,0.0001,0,0,0,0,0,0.0001,0,0,0.0001,0,0.2317,0.2322,0.2317,0.2322,1
1.0456,0.5228,2.0912,0,0,1.0456,0.5228,0,0.5228,0.5228,2.0912,0.5228,3.1368,0,0.5228,0,1.0456,1.0456,0.5228,0.5228,0.0001,0,0.0001,0,0,0.0001,0,0,0,0,0.0001,0,0.0002,0,0,0,0.0001,0.0001,0,0,0.2237,0.2535,0.2237,0.2535,1
1.3152,0,0.6576,1.9728,0.6576,0,0.6576,0.6576,0,0.6576,0.6576,0,0,1.3152,0,1.3152,0,0.6576,0,0,0.0001,0,0.0001,0.0002,0.0001,0,0.0001,0.0001,0,0.0001,0.0001,0,0,0.0001,0,0.0001,0,0.0001,0,0,0.1533,0.1891,0.1533,0.1891,1
1.2486,0.6243,0,0,0.6243,1.2486,1.2486,0.6243,0,0,0.6243,0,0.6243,0,1.8728,0.6243,1.8728,2.4971,0.6243,0.6243,0.0001,0,0,0,0,0.0001,0.0001,0,0,0,0,0,0,0,0.0001,0,0.0001,0.0002,0,0,0.1749,0.2008,0.1749,0.2008,1
0.5454,2.727,0.5454,0,1.0908,1.6362,0,0.5454,0.5454,0.5454,0.5454,1.0908,1.6362,0.5454,1.0908,0.5454,2.1816,0.5454,0,0,0,0.0001,0,0,0,0.0001,0,0,0,0,0,0,0.0001,0,0,0,0.0001,0,0,0,0.1981,0.2565,0.1981,0.2565,1
0,0,1.5405,0.5135,0,0.5135,0,1.027,0,1.027,0,0.5135,0.5135,0,1.027,1.027,1.027,0.5135,1.027,0,0,0,0.0001,0,0,0,0,0.0001,0,0.0001,0,0,0,0,0.0001,0.0001,0.0001,0,0.0001,0,0.2131,0.2734,0.2131,0.2734,1
0.8675,0.4337,0.4337,0,0.8675,1.3012,0.4337,0.8675,3.0361,0.8675,0.4337,0.4337,0,0.4337,0,0.4337,0.4337,0.8675,0.4337,0,0.0001,0,0,0,0.0001,0.0001,0,0.0001,0.0002,0.0001,0,0,0,0,0,0,0,0.0001,0,0,0.2439,0.3224,0.2439,0.3224,1
0.976,1.952,0,0,0.976,1.464,0,0.976,0.976,1.464,0,0.976,0,0.488,1.952,0,1.464,0.976,0,0,0.0001,0.0001,0,0,0.0001,0.0001,0,0.0001,0.0001,0.0001,0,0.0001,0,0,0.0001,0,0.0001,0.0001,0,0,0.2763,0.2357,0.2763,0.2357,1
1.4203,0.7102,0.7102,0,0,0,0,0,0.7102,0.7102,0.7102,0.7102,0,0.7102,0.7102,0.7102,2.1305,0.7102,0,1.4203,0.0001,0.0001,0.0001,0,0,0,0,0,0.0001,0.0001,0.0001,0.0001,0,0.0001,0.0001,0.0001,0.0002,0.0001,0,0.0001,0.1465,0.1433,0.1465,0.1433,1
0,0,0,0.703,0.703,0,0,0,1.406,2.812,0,0.703,2.109,0.703,0,1.406,0.703,2.109,0,0.703,0,0,0,0.0001,0.0001,0,0,0,0.0001,0.0003,0,0.0001,0.0002,0.0001,0,0.0001,0.0001,0.0002,0,0.0001,0.1813,0.1158,0.1813,0.1158,1
1.7232,1.1488,0,1.1488,0,2.872,0,0.5744,0,2.2976,0,0.5744,0,0,1.1488,1.1488,0.5744,0.5744,0,1.1488,0.0001,0.0001,0,0.0001,0,0.0002,0,0,0,0.0001,0,0,0,0,0.0001,0.0001,0,0,0,0.0001,0.2293,0.1963,0.2293,0.1963,1
0.9967,0.9967,0.4983,0,0.9967,0,0.9967,0.9967,0,1.9934,0.4983,0.4983,1.9934,0,1.495,0.9967,0,0.9967,0.9967,0,0.0001,0.0001,0,0,0.0001,0,0.0001,0.0001,0,0.0001,0,0,0.0001,0,0.0001,0.0001,0,0.0001,0.0001,0,0.2745,0.2272,0.2745,0.2272,1
2.0545,0,0,0.6848,0,1.3696,0,0,0.6848,2.0545,1.3696,0,0.6848,0.6848,0,1.3696,0.6848,0.6848,0,0,0.0002,0,0,0.0001,0,0.0001,0,0,0.0001,0.0002,0.0001,0,0.0001,0.0001,0,0.0001,0.0001,0.0001,0,0,0.152,0.1632,0.152,0.1632,1
0,1.1758,1.1758,0.5879,0,0,0,0,1.1758,0.5879,0,0.5879,1.7637,0,2.3516,0,2.9395,0.5879,1.7637,0,0,0.0001,0.0001,0,0,0,0,0,0.0001,0,0,0,0.0001,0,0.0001,0,0.0002,0,0.0001,0,0.2322,0.1799,0.2322,0.1799,1
0,0.4991,0.4991,0,0.9982,0.9982,0.4991,0.4991,2.4955,0,0.9982,0.4991,0.4991,0.4991,2.9946,0,1.9964,0,0,0,0,0,0,0,0.0001,0.0001,0,0,0.0002,0,0.0001,0,0,0,0.0003,0,0.0002,0,0,0,0.2449,0.256,0.2449,0.256,1
1.044,1.044,0,0,0.522,0.522,1.044,0.522,2.088,0.522,1.044,0.522,1.566,0.522,0.522,0,1.044,0.522,0,0.522,0.0001,0.0001,0,0,0,0,0.0001,0,0.0001,0,0.0001,0,0.0001,0,0,0,0.0001,0,0,0,0.2988,0.1792,0.2988,0.1792,1
0.767,0.767,0,0,0,0.767,0,0,1.534,1.534,0,0,0,0.767,0,0.767,0,1.534,1.534,0,0.0001,0.0001,0,0,0,0.0001,0,0,0.0001,0.0001,0,0,0,0.0001,0,0.0001,0,0.0001,0.0001,0,0.1323,0.1007,0.1323,0.1007,1
4.6778,1.3365,0,1.3365,2.0048,0.6683,0.6683,0.6683,0,2.0048,0.6683,0.6683,0,0.6683,0,0,0,1.3365,0,0,0.0003,0.0001,0,0.0001,0.0001,0,0,0,0,0.0001,0,0,0,0,0,0,0,0.0001,0,0,0.181,0.1508,0.181,0.1508,1
1.5746,0,0,0,0.7873,0.7873,0,0,0,2.3619,0,0,0,0,0.7873,0,0.7873,0,0.7873,1.5746,0.0002,0,0,0,0.0001,0.0001,0,0,0,0.0004,0,0,0,0,0.0001,0,0.0001,0,0.0001,0.0002,0.1,0.1127,0.1,0.1127,1
3.4877,0.6975,0,0.6975,0,0,0,1.3951,0,0,0,0.6975,0,0.6975,1.3951,0,0.6975,2.0926,0,0,0.0003,0.0001,0,0.0001,0,0,0,0.0001,0,0,0,0.0001,0,0.0001,0.0001,0,0.0001,0.0002,0,0,0.145,0.1574,0.145,0.1574,1
1.2737,0,0.4246,1.2737,0,0.4246,0.4246,1.6982,2.1228,1.2737,0.4246,0.4246,0,0.4246,0.8491,0,0.8491,0.8491,0,0,0.0001,0,0,0.0001,0,0,0,0.0001,0.0002,0.0001,0,0,0,0,0.0001,0,0.0001,0.0001,0,0,0.2545,0.3209,0.2545,0.3209,1
0.7783,0,0,0,0.7783,0.7783,0,0,1.5565,3.1131,0.7783,0,0.7783,0,1.5565,1.5565,0,3.1131,0,0.7783,0.0001,0,0,0,0.0001,0.0001,0,0,0.0002,0.0003,0.0001,0,0.0001,0,0.0002,0.0002,0,0.0003,0,0.0001,0.0951,0.1266,0.0951,0.1266,1
1.3844,0,0,0,0,1.3844,0,0.6922,0.6922,1.3844,0,0,0,0,1.3844,0,0,0,0,0,0.0002,0,0,0,0,0.0002,0,0.0001,0.0001,0.0002,0,0,0,0,0.0002,0,0,0,0,0,0.1734,0.1344,0.1734,0.1344,1
0.4826,0.9652,0.4826,0.9652,0.4826,0,0.4826,0.9652,1.4479,0.4826,0.9652,0.4826,0.9652,0,2.4131,0.4826,0.9652,0.4826,0,0,0,0.0001,0,0.0001,0,0,0,0.0001,0.0001,0,0.0001,0,0.0001,0,0.0002,0,0.0001,0,0,0,0.2735,0.2439,0.2735,0.2439,1
0,1.2304,0.6152,0,0,3.0761,0,0.6152,1.2304,1.2304,1.2304,0.6152,0.6152,0,0.6152,0,0.6152,0.6152,0,0.6152,0,0.0001,0,0,0,0.0002,0,0,0.0001,0.0001,0.0001,0,0,0,0,0,0,0,0,0,0.1572,0.2276,0.1572,0.2276,1
0,0,0.6595,0,0,0,0.6595,0,0.6595,0.6595,0.6595,1.319,0,0,0.6595,1.9785,0,0,0.6595,0,0,0,0.0001,0,0,0,0.0001,0,0.0001,0.0001,0.0001,0.0001,0,0,0.0001,0.0002,0,0,0.0001,0,0.2072,0.1333,0.2072,0.1333,1
2.0633,0,0,1.3756,0,4.1267,0,0,0,4.1267,0,0,0,0,0,0.6878,0.6878,0,0,0,0.0002,0,0,0.0001,0,0.0004,0,0,0,0.0004,0,0,0,0,0,0.0001,0.0001,0,0,0,0.1541,0.1581,0.1541,0.1581,1
1.3723,1.3723,0.6862,0,0.6862,1.3723,0,0.6862,1.3723,0,0.6862,0,1.3723,0,0,2.0585,4.8031,0.6862,0,0,0.0001,0.0001,0,0,0,0.0001,0,0,0.0001,0,0,0,0.0001,0,0,0.0001,0.0003,0,0,0,0.1909,0.123,0.1909,0.123,1
0.5603,0.5603,1.6809,0.5603,0.5603,0.5603,0,1.1206,1.1206,0.5603,0,0.5603,0.5603,0,0.5603,0,1.6809,0.5603,0,0.5603,0,0,0.0001,0,0,0,0,0.0001,0.0001,0,0,0,0,0,0,0,0.0001,0,0,0,0.2355,0.2042,0.2355,0.2042,1
1.7126,0,0,0,0,0,0,0.8563,3.4252,0.8563,0,0,0.8563,0,0,0,0.8563,2.5689,0,0,0.0004,0,0,0,0,0,0,0.0002,0.0009,0.0002,0,0,0.0002,0,0,0,0.0002,0.0007,0,0,0.0569,0.0868,0.0569,0.0868,1
2.3113,0,0,0.7704,0,2.3113,0,2.3113,0,1.5409,0,0,0.7704,0,0,0,0.7704,3.0817,0,0,0.0003,0,0,0.0001,0,0.0003,0,0.0003,0,0.0002,0,0,0.0001,0,0,0,0.0001,0.0004,0,0,0.1074,0.1221,0.1074,0.1221,1
0.6505,0,0,0,0,0.6505,0,0,1.301,0,0,0,0.6505,0,3.2525,0.6505,0,1.301,0,0,0.0001,0,0,0,0,0.0001,0,0,0.0002,0,0,0,0.0001,0,0.0006,0.0001,0,0.0002,0,0,0.1521,0.1974,0.1521,0.1974,1
1.299,1.299,0,1.9485,0,0,0,0,0,1.9485,0,0.6495,0.6495,0,0.6495,0,0,0,1.299,0,0.0001,0.0001,0,0.0002,0,0,0,0,0,0.0002,0,0.0001,0.0001,0,0.0001,0,0,0,0.0001,0,0.2001,0.1504,0.2001,0.1504,1
0.5352,0.5352,1.6055,0.5352,2.1407,1.0704,0.5352,0,0,1.0704,0.5352,0.5352,0.5352,0,0,1.0704,1.0704,0,0,0,0,0,0.0001,0,0.0001,0.0001,0,0,0,0.0001,0,0,0,0,0,0.0001,0.0001,0,0,0,0.2163,0.2485,0.2163,0.2485,1
0,0.7318,0,0,0,0.7318,0,0.7318,0,5.1224,0,0.7318,0,0.7318,0.7318,0,0,0,2.1953,0,0,0.0001,0,0,0,0.0001,0,0.0001,0,0.0004,0,0.0001,0,0.0001,0.0001,0,0,0,0.0002,0,0.1422,0.126,0.1422,0.126,1
1.1883,1.1883,1.1883,0,0.5942,0,0,0.5942,0.5942,1.1883,0.5942,0,0,0,0.5942,1.1883,0,0,1.7825,0,0.0001,0.0001,0.0001,0,0,0,0,0,0,0.0001,0,0,0,0,0,0.0001,0,0,0.0001,0,0.2262,0.1797,0.2262,0.1797,1
1.418,0,0,0.709,0,1.418,0,0,1.418,0.709,0.709,2.8359,0.709,0,0,0,0.709,0,0,0,0.0002,0,0,0.0001,0,0.0002,0,0,0.0002,0.0001,0.0001,0.0003,0.0001,0,0,0,0.0001,0,0,0,0.1921,0.0989,0.1921,0.0989,1
1.5338,0.5113,1.0226,0.5113,0.5113,1.5338,1.0226,0,1.0226,0.5113,2.5564,1.0226,0,1.0226,0,0.5113,0,0.5113,0,1.0226,0.0001,0,0.0001,0,0,0.0001,0.0001,0,0.0001,0,0.0001,0.0001,0,0.0001,0,0,0,0,0,0.0001,0.237,0.2517,0.237,0.2517,1
0.6781,0,0,0,0,0,0.6781,0.6781,0,0.6781,1.3563,0,0,0.6781,2.0344,0,0.6781,0,0,0.6781,0.0001,0,0,0,0,0,0.0001,0.0001,0,0.0001,0.0003,0,0,0.0001,0.0004,0,0.0001,0,0,0.0001,0.186,0.1358,0.186,0.1358,1
1.4705,0,0,0,0.7353,0,0.7353,0,0.7353,2.2058,1.4705,0.7353,0,0,0,0,0.7353,2.2058,0,0,0.0002,0,0,0,0.0001,0,0.0001,0,0.0001,0.0003,0.0002,0.0001,0,0,0,0,0.0001,0.0003,0,0,0.1345,0.1303,0.1345,0.1303,1
0.9391,0,0.9391,1.8783,0,0.4696,0,0.4696,0.9391,2.8174,0,1.8783,0,0,0.4696,0.9391,0.4696,0.9391,0,0,0.0001,0,0.0001,0.0001,0,0,0,0,0.0001,0.0002,0,0.0001,0,0,0,0.0001,0,0.0001,0,0,0.2521,0.2783,0.2521,0.2783,1
0.6677,0,0.6677,0,0,0.6677,0.6677,0,1.3355,1.3355,0,0,0,2.0032,1.3355,0,0.6677,0.6677,0,0,0.0001,0,0.0001,0,0,0.0001,0.0001,0,0.0002,0.0002,0,0,0,0.0003,0.0002,0,0.0001,0.0001,0,0,0.1536,0.1787,0.1536,0.1787,1
1.8326,0.6109,1.2217,0,0,0,1.2217,0,0,0,0,1.2217,0.6109,0.6109,1.8326,0,1.2217,1.2217,0,0,0.0002,0.0001,0.0001,0,0,0,0.0001,0,0,0,0,0.0001,0.0001,0.0001,0.0002,0,0.0001,0.0001,0,0,0.2044,0.1848,0.2044,0.1848,1
1.5614,0,1.5614,1.0409,0,0,0,0,2.0819,0.5205,0,0.5205,0,0,0.5205,0.5205,1.0409,1.5614,0,0,0.0002,0,0.0002,0.0001,0,0,0,0,0.0002,0.0001,0,0.0001,0,0,0.0001,0.0001,0.0001,0.0002,0,0,0.2158,0.2637,0.2158,0.2637,1
1.6342,0,0,0,0,0.8171,0,1.6342,0,0.8171,0.8171,0,0,0,0,0.8171,0.8171,4.0855,3.2684,0,0.0002,0,0,0,0,0.0001,0,0.0002,0,0.0001,0.0001,0,0,0,0,0.0001,0.0001,0.0005,0.0004,0,0.1151,0.0678,0.1151,0.0678,1
4.3555,0,0,0,0,0,0,0,2.9037,1.9358,0.4839,0.9679,0,0,0,0.9679,0.4839,1.4518,0.4839,0,0.0004,0,0,0,0,0,0,0,0.0002,0.0002,0,0.0001,0,0,0,0.0001,0,0.0001,0,0,0.2277,0.2884,0.2277,0.2884,1
2.5797,0,0,0.5159,0,0,0,0,1.0319,0.5159,1.0319,0,0,0,3.6116,0.5159,0.5159,0.5159,0,0,0.0003,0,0,0.0001,0,0,0,0,0.0001,0.0001,0.0001,0,0,0,0.0005,0.0001,0.0001,0.0001,0,0,0.2314,0.2526,0.2314,0.2526,1
2.6509,0,0.6627,0,0.6627,1.3255,0.6627,0.6627,0,1.3255,0.6627,0,1.3255,0,0.6627,1.3255,0.6627,0.6627,0,0,0.0002,0,0.0001,0,0.0001,0.0001,0.0001,0.0001,0,0.0001,0.0001,0,0.0001,0,0.0001,0.0001,0.0001,0.0001,0,0,0.1465,0.1907,0.1465,0.1907,1
0,0,0,0,0.4367,0,0.8735,0.4367,3.0572,1.7469,0.4367,0,0,0,2.1837,0,0.4367,1.7469,0,0,0,0,0,0,0.0001,0,0.0001,0.0001,0.0004,0.0003,0.0001,0,0,0,0.0003,0,0.0001,0.0003,0,0,0.2192,0.3441,0.2192,0.3441,1
0,0,0,0,1.2834,0.6417,0.6417,1.2834,0,1.9251,0,0,0,1.2834,5.7753,0,0,0.6417,0,0,0,0,0,0,0.0002,0.0001,0.0001,0.0002,0,0.0003,0,0,0,0.0002,0.0009,0,0,0.0001,0,0,0.1851,0.1732,0.1851,0.1732,1
0.7043,0.7043,0.7043,1.4086,0.7043,0.7043,0,0.7043,0,0.7043,0.7043,0,0.7043,0,0,0.7043,1.4086,0,0,0,0.0001,0.0001,0.0001,0.0001,0.0001,0.0001,0,0.0001,0,0.0001,0.0001,0,0.0001,0,0,0.0001,0.0001,0,0,0,0.1359,0.1598,0.1359,0.1598,1
0,1.0635,0.5317,0.5317,0.5317,1.0635,1.0635,0.5317,0.5317,2.127,0,0.5317,1.5952,0,0.5317,0,0.5317,0.5317,1.5952,0,0,0.0001,0,0,0,0.0001,0.0001,0,0,0.0001,0,0,0.0001,0,0,0,0,0,0.0001,0,0.2364,0.2319,0.2364,0.2319,1
0,0.5694,0.5694,0.5694,0,0,1.1388,1.7082,0,0,1.1388,0.5694,0.5694,0,1.1388,0.5694,2.2775,1.1388,0.5694,2.2775,0,0,0,0,0,0,0.0001,0.0001,0,0,0.0001,0,0,0,0.0001,0,0.0002,0.0001,0,0.0002,0.2494,0.1813,0.2494,0.1813,1
1.1629,1.1629,0.5814,0,0,1.7443,0,0.5814,0.5814,0,0,0.5814,1.1629,0,1.7443,0,1.1629,0,0,0,0.0001,0.0001,0.0001,0,0,0.0002,0,0.0001,0.0001,0,0,0.0001,0.0001,0,0.0002,0,0.0001,0,0,0,0.1851,0.2334,0.1851,0.2334,1
0,0,0.526,0,0,0.526,0.526,0.526,1.5779,0,1.5779,0.526,1.0519,0,2.6298,0,0.526,1.0519,0,0,0,0,0.0001,0,0,0.0001,0.0001,0.0001,0.0002,0,0.0002,0.0001,0.0001,0,0.0003,0,0.0001,0.0001,0,0,0.2238,0.2503,0.2238,0.2503,1
0,0,1.2926,0,0.6463,0.6463,0,0,0.6463,0,0,1.2926,1.2926,0,0.6463,0,1.9389,0,0,1.9389,0,0,0.0002,0,0.0001,0.0001,0,0,0.0001,0,0,0.0002,0.0002,0,0.0001,0,0.0003,0,0,0.0003,0.1756,0.1781,0.1756,0.1781,1
1.4157,2.1235,0.7078,0,0,0,1.4157,0,0,2.1235,0,0.7078,0,0.7078,0,0,0,0,0,0.7078,0.0001,0.0002,0.0001,0,0,0,0.0001,0,0,0.0002,0,0.0001,0,0.0001,0,0,0,0,0,0.0001,0.1623,0.1299,0.1623,0.1299,1
1.4461,1.4461,0.7231,0,0,1.4461,0.7231,0.7231,0,0,2.1692,0.7231,2.1692,0.7231,0,2.1692,3.6153,2.8922,0,0,0.0001,0.0001,0,0,0,0.0001,0,0,0,0,0.0001,0,0.0001,0,0,0.0001,0.0002,0.0002,0,0,0.1478,0.1291,0.1478,0.1291,1
0,0,2.4098,0.6025,1.2049,0,0,0.6025,1.2049,0,0.6025,0.6025,1.8074,0.6025,0,0,1.2049,0,0,0,0,0,0.0002,0.0001,0.0001,0,0,0.0001,0.0001,0,0.0001,0.0001,0.0002,0.0001,0,0,0.0001,0,0,0,0.2718,0.1258,0.2718,0.1258,1
0.9204,0,0.9204,0.9204,0,0,0.4602,0.9204,2.301,0.4602,0.4602,0.9204,0,0,2.301,0.9204,0.9204,0,0,0,0.0001,0,0.0001,0.0001,0,0,0,0.0001,0.0002,0,0,0.0001,0,0,0.0002,0.0001,0.0001,0,0,0,0.2752,0.2646,0.2752,0.2646,1
1.0855,0,0.5427,0.5427,1.0855,0,1.0855,2.171,0.5427,0,1.0855,0.5427,1.6282,0,1.0855,0,0.5427,0,0,0,0.0001,0,0.0001,0.0001,0.0001,0,0.0001,0.0002,0.0001,0,0.0001,0.0001,0.0002,0,0.0001,0,0.0001,0,0,0,0.2237,0.2335,0.2237,0.2335,1
1.1529,1.1529,1.7294,0,0,0.5765,0,0.5765,1.1529,0,1.7294,0,1.7294,0,0.5765,0,3.4587,2.8823,0,0.5765,0.0001,0.0001,0.0001,0,0,0,0,0,0.0001,0,0.0001,0,0.0001,0,0,0,0.0002,0.0002,0,0,0.2247,0.1989,0.2247,0.1989,1
0.5455,0.5455,0,0,0,1.6366,0,0,1.0911,0.5455,0,0,0,0.5455,2.7277,1.6366,0,0.5455,0,0,0,0,0,0,0,0.0001,0,0,0.0001,0,0,0,0,0,0.0002,0.0001,0,0,0,0,0.2437,0.2108,0.2437,0.2108,1
1.1013,0.5506,1.1013,0,0,0,0.5506,0.5506,1.6519,1.1013,1.6519,0,0.5506,0.5506,2.7532,0.5506,2.2025,0.5506,0,0,0.0001,0,0.0001,0,0,0,0,0,0.0001,0.0001,0.0001,0,0,0,0.0002,0,0.0002,0,0,0,0.285,0.1644,0.285,0.1644,1
0,0.6365,0.6365,0,0,0.6365,0,0,1.9095,1.273,0,0.6365,0.6365,0,1.9095,0,0.6365,0.6365,0.6365,0,0,0.0001,0.0001,0,0,0.0001,0,0,0.0002,0.0001,0,0.0001,0.0001,0,0.0002,0,0.0001,0.0001,0.0001,0,0.1805,0.183,0.1805,0.183,1
0.596,0.596,0.596,0.596,0,1.1919,0,0,0.596,0,1.1919,0.596,4.7676,0,2.3838,0.596,0,0.596,0,0,0,0,0,0,0,0.0001,0,0,0,0,0.0001,0,0.0004,0,0.0002,0,0,0,0,0,0.199,0.2051,0.199,0.2051,1
0.9579,0,1.4368,0.4789,0.9579,0.4789,0,1.4368,0.9579,0,0.4789,0.4789,0.9579,0.4789,0.4789,0.4789,0.9579,0.9579,0.4789,0,0.0001,0,0.0001,0,0.0001,0,0,0.0001,0.0001,0,0,0,0.0001,0,0,0,0.0001,0.0001,0,0,0.2629,0.2582,0.2629,0.2582,1
3.6304,0,0,0,0,0,0.7261,0,0.7261,2.1783,0.7261,2.1783,0,0,0,0,0,0.7261,0,0,0.0004,0,0,0,0,0,0.0001,0,0.0001,0.0002,0.0001,0.0002,0,0,0,0,0,0.0001,0,0,0.1473,0.1266,0.1473,0.1266,1
1.6559,0.828,0,0,0.828,0,0,0,3.3118,0,0,0,0,0,0,0,0.828,2.4839,0,0.828,0.0002,0.0001,0,0,0.0001,0,0,0,0.0004,0,0,0,0,0,0,0,0.0001,0.0003,0,0.0001,0.0616,0.1104,0.0616,0.1104,1
0.5321,1.0641,1.5962,0,0.5321,0.5321,0.5321,0.5321,1.5962,0,1.5962,1.5962,0,1.5962,0,0,1.0641,0.5321,0.5321,0,0,0.0001,0.0001,0,0,0,0,0,0.0001,0,0.0001,0.0001,0,0.0001,0,0,0.0001,0,0,0,0.2033,0.2646,0.2033,0.2646,1
1.3241,0.662,0,1.3241,0,0,0,0,0.662,1.9861,0,0,0.662,0.662,0.662,0.662,0.662,0,1.3241,0,0.0001,0.0001,0,0.0001,0,0,0,0,0.0001,0.0002,0,0,0.0001,0.0001,0.0001,0.0001,0.0001,0,0.0001,0,0.1853,0.1526,0.1853,0.1526,1
1.0357,0,1.0357,0,0.5179,0.5179,0.5179,1.0357,0.5179,1.0357,0,0.5179,0,0,2.5894,1.0357,1.0357,0.5179,0,1.0357,0.0001,0,0.0001,0,0,0,0,0.0001,0,0.0001,0,0,0,0,0.0002,0.0001,0.0001,0,0,0.0001,0.2931,0.1891,0.2931,0.1891,1
0,0,0.4805,1.4414,0.4805,0.4805,0,0.9609,0.4805,0.9609,0,0.4805,0.4805,0,1.9219,0,0.4805,1.4414,0,0.4805,0,0,0,0.0001,0,0,0,0.0001,0,0.0001,0,0,0,0,0.0002,0,0,0.0001,0,0,0.2534,0.2661,0.2534,0.2661,1
0.6434,0.6434,0.6434,0.6434,2.5734,0.6434,0,0.6434,0.6434,1.9301,0,0,2.5734,0,0,0.6434,0,0.6434,0,0,0,0,0,0,0.0002,0,0,0,0,0.0001,0,0,0.0002,0,0,0,0,0,0,0,0.1908,0.1659,0.1908,0.1659,1
0.6122,0.6122,0.6122,0.6122,0,0,1.2244,0.6122,1.2244,0.6122,0,1.2244,0,0,1.8366,0.6122,0.6122,0,0,0.6122,0.0001,0.0001,0.0001,0.0001,0,0,0.0001,0.0001,0.0001,0.0001,0,0.0001,0,0,0.0002,0.0001,0.0001,0,0,0.0001,0.1899,0.1979,0.1899,0.1979,1
0.6459,0.6459,0,1.2919,2.5837,0.6459,0,0.6459,0.6459,1.9378,0,0,2.5837,0,0,0.6459,0,0.6459,0,0,0,0,0,0.0001,0.0002,0,0,0,0,0.0001,0,0,0.0002,0,0,0,0,0,0,0,0.1893,0.1648,0.1893,0.1648,1
2.728,0,0.682,0.682,0,0,0,0,2.728,0.682,0,0,0,0,0.682,0,0.682,1.364,0,0.682,0.0004,0,0.0001,0.0001,0,0,0,0,0.0004,0.0001,0,0,0,0,0.0001,0,0.0001,0.0002,0,0.0001,0.1947,0.1233,0.1947,0.1233,1
0.8558,0,0,0,3.4231,0,0,0.8558,3.4231,0,0,0,0,0,0,0,0,1.7116,0,0.8558,0.0003,0,0,0,0.0011,0,0,0.0003,0.0011,0,0,0,0,0,0,0,0,0.0006,0,0.0003,0.0558,0.0884,0.0558,0.0884,1
0,0,1.5095,4.5285,0.5032,0,0,0.5032,3.019,1.5095,0.5032,1.0063,0,0,0,0,0.5032,1.0063,0.5032,0,0,0,0.0001,0.0003,0,0,0,0,0.0002,0.0001,0,0.0001,0,0,0,0,0,0.0001,0,0,0.2035,0.2933,0.2035,0.2933,1
2.4577,0,0,0,0.8192,0,0,0,3.2769,0,0,0,0,0,0,0,0.8192,4.0961,0,0.8192,0.0005,0,0,0,0.0002,0,0,0,0.0007,0,0,0,0,0,0,0,0.0002,0.0009,0,0.0002,0.0664,0.1144,0.0664,0.1144,1
0.6183,0,0.6183,0.6183,1.2366,0,0.6183,0.6183,0,0,0,1.2366,0.6183,1.2366,0.6183,0,2.4733,1.855,0,0,0.0001,0,0.0001,0.0001,0.0001,0,0.0001,0.0001,0,0,0,0.0001,0.0001,0.0001,0.0001,0,0.0003,0.0002,0,0,0.2187,0.163,0.2187,0.163,1
1.0535,0,1.5802,0.5267,0,0,1.0535,0.5267,1.0535,2.6336,0,1.0535,0,0.5267,0,1.5802,0.5267,1.0535,0,0,0.0001,0,0.0001,0,0,0,0.0001,0,0.0001,0.0002,0,0.0001,0,0,0,0.0001,0,0.0001,0,0,0.3088,0.1644,0.3088,0.1644,1
1.3742,0.6871,0.6871,0,0,0.6871,0,1.3742,0,0,3.4356,0,1.3742,0,1.3742,0,0.6871,1.3742,0,0,0.0001,0.0001,0.0001,0,0,0.0001,0,0.0001,0,0,0.0003,0,0.0001,0,0.0001,0,0.0001,0.0001,0,0,0.156,0.1569,0.156,0.1569,1
1.3538,0.6769,2.0307,0,0,2.0307,0.6769,1.3538,0.6769,0,0,0.6769,0.6769,0,0,0.6769,0.6769,2.0307,0.6769,0,0.0001,0.0001,0.0002,0,0,0.0002,0.0001,0.0001,0.0001,0,0,0.0001,0.0001,0,0,0.0001,0.0001,0.0002,0.0001,0,0.1359,0.1872,0.1359,0.1872,1
0.7025,0.7025,0,0.7025,2.8101,0,0,2.1076,0.7025,0.7025,0,0.7025,2.8101,0,0,0.7025,0.7025,0.7025,0,0,0.0001,0.0001,0,0.0001,0.0002,0,0,0.0002,0.0001,0.0001,0,0.0001,0.0002,0,0,0.0001,0.0001,0.0001,0,0,0.1585,0.139,0.1585,0.139,1
0.6969,0.6969,0.6969,0.6969,1.3939,0,0,0,1.3939,0,0.6969,0,0,0,1.3939,0.6969,0.6969,0.6969,0,0.6969,0.0001,0.0001,0.0001,0.0001,0.0001,0,0,0,0.0001,0,0.0001,0,0,0,0.0001,0.0001,0.0001,0.0001,0,0.0001,0.1818,0.1213,0.1818,0.1213,1
0,0.753,0,0,1.506,0.753,0,2.259,0.753,0.753,0,0,0,0,0,2.259,0,0.753,0,0,0,0.0001,0,0,0.0001,0.0001,0,0.0002,0.0001,0.0001,0,0,0,0,0,0.0002,0,0.0001,0,0,0.1188,0.1282,0.1188,0.1282,1
0.7156,0,0,0,1.4313,0,0,0.7156,2.1469,1.4313,0,0.7156,0,0,1.4313,0.7156,0,0,0,0,0.0001,0,0,0,0.0002,0,0,0.0001,0.0003,0.0002,0,0.0001,0,0,0.0002,0.0001,0,0,0,0,0.191,0.0933,0.191,0.0933,1
1.0929,0,1.0929,0.5464,0.5464,2.1858,0,1.0929,2.1858,0,0.5464,0,0,0,3.2787,0,1.6393,0,0,0,0.0001,0,0.0001,0.0001,0.0001,0.0002,0,0.0001,0.0002,0,0.0001,0,0,0,0.0004,0,0.0002,0,0,0,0.237,0.2166,0.237,0.2166,1
0,2.3907,0.5977,0,1.1953,0,1.1953,0.5977,1.1953,0,0.5977,0,1.793,0.5977,0,0,0.5977,0,1.1953,0,0,0.0002,0,0,0.0001,0,0.0001,0,0.0001,0,0,0,0.0001,0,0,0,0,0,0.0001,0,0.1928,0.2095,0.1928,0.2095,1
1.6606,0,1.6606,0,0.5535,0.5535,0.5535,0,0,1.1071,0.5535,0,0,0,1.1071,0.5535,1.6606,0,0,0,0.0002,0,0.0002,0,0.0001,0.0001,0.0001,0,0,0.0001,0.0001,0,0,0,0.0001,0.0001,0.0002,0,0,0,0.1962,0.2502,0.1962,0.2502,1
1.1436,0,0,0.5718,0.5718,1.7154,1.1436,0.5718,1.1436,2.8591,0,0,1.1436,0,0,0.5718,0,2.8591,0,0,0.0001,0,0,0,0,0.0001,0.0001,0,0.0001,0.0002,0,0,0.0001,0,0,0,0,0.0002,0,0,0.1805,0.2477,0.1805,0.2477,1
0.618,0.618,0,2.4718,0,0.618,0,0.618,0.618,1.8539,0,0,0.618,0,0,0,1.8539,0,0.618,0,0.0001,0.0001,0,0.0002,0,0.0001,0,0.0001,0.0001,0.0002,0,0,0.0001,0,0,0,0.0002,0,0.0001,0,0.1841,0.1979,0.1841,0.1979,1
0.452,0.452,1.8079,0,0,1.3559,0.904,0.452,0.904,1.8079,1.8079,0.904,0,0.904,0,0.452,0,0.904,0,0.452,0,0,0.0001,0,0,0.0001,0.0001,0,0.0001,0.0001,0.0001,0.0001,0,0.0001,0,0,0,0.0001,0,0,0.2632,0.2848,0.2632,0.2848,1
2.0732,0,2.0732,0.6911,0,0,0,0,0,2.0732,0,0,0,0,0,0,0.6911,2.0732,0,0.6911,0.0002,0,0.0002,0.0001,0,0,0,0,0,0.0002,0,0,0,0,0,0,0.0001,0.0002,0,0.0001,0.175,0.134,0.175,0.134,1
1.7275,0.5758,1.1516,1.1516,0.5758,0,0,0,1.1516,0.5758,0,0.5758,0.5758,0,0,0.5758,0.5758,1.1516,0,1.7275,0.0001,0,0.0001,0.0001,0,0,0,0,0.0001,0,0,0,0,0,0,0,0,0.0001,0,0.0001,0.2047,0.2194,0.2047,0.2194,1
2.1234,0,0.7078,0.7078,0.7078,0,0,0,1.4156,0,0,0,0,0,0,0.7078,0.7078,0,0.7078,0,0.0003,0,0.0001,0.0001,0.0001,0,0,0,0.0002,0,0,0,0,0,0,0.0001,0.0001,0,0.0001,0,0.179,0.1132,0.179,0.1132,1
0.6037,0,0.6037,0.6037,0,1.2074,0,0,0,2.4149,0,1.2074,0,0,1.8111,0,0,0.6037,0.6037,0,0.0001,0,0.0001,0.0001,0,0.0001,0,0,0,0.0002,0,0.0001,0,0,0.0002,0,0,0.0001,0.0001,0,0.2043,0.192,0.2043,0.192,1
1.4245,0.9497,0.4748,0.9497,0,0.9497,0.4748,0.9497,0.9497,0,0.4748,0.4748,1.4245,0.4748,1.4245,0.4748,0.4748,0.4748,0.4748,0,0.0001,0.0001,0,0.0001,0,0.0001,0,0.0001,0.0001,0,0,0,0.0001,0,0.0001,0,0,0,0,0,0.2321,0.2931,0.2321,0.2931,1
1.6991,0,0,0,1.6991,0,0,0,3.3982,0,0.8496,0,0,0,0,0,0,3.3982,0,0,0.0005,0,0,0,0.0005,0,0,0,0.001,0,0.0002,0,0,0,0,0,0,0.001,0,0,0.0555,0.095,0.0555,0.095,1
0.5669,0.5669,1.1339,0,0.5669,1.7008,1.7008,0,1.1339,1.1339,1.1339,0,0.5669,0,0,1.1339,1.7008,0.5669,0,0.5669,0.0001,0.0001,0.0001,0,0.0001,0.0002,0.0002,0,0.0001,0.0001,0.0001,0,0.0001,0,0,0.0001,0.0002,0.0001,0,0.0001,0.2238,0.2093,0.2238,0.2093,1
0.5557,1.667,2.2226,1.1113,1.1113,0.5557,0,0.5557,0.5557,0.5557,0.5557,0.5557,0.5557,0,0,0,1.1113,0.5557,0,1.667,0,0.0001,0.0001,0.0001,0.0001,0,0,0,0,0,0,0,0,0,0,0,0.0001,0,0,0.0001,0.2338,0.2105,0.2338,0.2105,1
0.5881,0,0,0,1.1762,2.3523,0.5881,0.5881,0.5881,1.7642,0.5881,0,1.1762,0,1.7642,1.1762,1.7642,1.7642,0,0,0,0,0,0,0.0001,0.0002,0,0,0,0.0001,0,0,0.0001,0,0.0001,0.0001,0.0001,0.0001,0,0,0.2375,0.1744,0.2375,0.1744,1
4.807,0,0,0,0,0,0,0,1.6023,4.807,0,0,1.6023,0,1.6023,0,0,1.6023,0,0,0.0007,0,0,0,0,0,0,0,0.0002,0.0007,0,0,0.0002,0,0.0002,0,0,0.0002,0,0,0.0774,0.1215,0.0774,0.1215,1
2.726,0,0,0,1.363,2.726,0,1.363,0,4.7704,0,0.6815,0,0.6815,0,0.6815,0,0.6815,0.6815,0,0.0002,0,0,0,0.0001,0.0002,0,0.0001,0,0.0003,0,0,0,0,0,0,0,0,0,0,0.1493,0.1692,0.1493,0.1692,1
1.8943,1.2629,0,0.6314,1.2629,1.2629,0,0,0,1.2629,0,0,0,0,0.6314,0.6314,1.2629,1.8943,0,1.2629,0.0001,0.0001,0,0,0.0001,0.0001,0,0,0,0.0001,0,0,0,0,0,0,0.0001,0.0001,0,0.0001,0.1858,0.1828,0.1858,0.1828,1
0.4285,0,0.8569,0.4285,0,1.2854,0,0.8569,2.5708,0.4285,0.8569,0.4285,0,0.8569,0,0.4285,1.2854,0,0.8569,0.4285,0,0,0.0001,0,0,0.0001,0,0.0001,0.0002,0,0.0001,0,0,0.0001,0,0,0.0001,0,0.0001,0,0.2506,0.3209,0.2506,0.3209,1
5.4981,0,0.4998,0.4998,0,0,0,0.9996,2.4991,0.9996,0.4998,0,0,0,0,0.9996,0.9996,0.9996,0,0,0.0005,0,0,0,0,0,0,0.0001,0.0002,0.0001,0,0,0,0,0,0.0001,0.0001,0.0001,0,0,0.2176,0.2826,0.2176,0.2826,1
0,0,1.3118,0.4373,0,1.3118,0.8746,0.4373,1.3118,1.3118,1.7491,0.4373,0,0,1.7491,0,0.4373,0,0.4373,0.4373,0,0,0.0001,0,0,0.0001,0.0001,0,0.0001,0.0001,0.0001,0,0,0,0.0001,0,0,0,0,0,0.2747,0.288,0.2747,0.288,1
1.0265,0.5132,0,1.0265,0.5132,2.5662,0,0,0.5132,1.0265,0,0.5132,0.5132,0,1.5397,0,0.5132,1.5397,0.5132,0.5132,0.0001,0,0,0.0001,0,0.0002,0,0,0,0.0001,0,0,0,0,0.0001,0,0,0.0001,0,0,0.3367,0.15,0.3367,0.15,1
2.7694,1.3847,0,0,0,0.6923,0,1.3847,1.3847,0.6923,0,1.3847,0.6923,0,0,0,1.3847,0.6923,0,0.6923,0.0002,0.0001,0,0,0,0,0,0.0001,0.0001,0,0,0.0001,0,0,0,0,0.0001,0,0,0,0.1632,0.1445,0.1632,0.1445,1
0,2.3184,0,0,1.1592,0.5796,0.5796,1.1592,0.5796,0.5796,0.5796,1.1592,1.7388,1.1592,1.7388,0.5796,0.5796,0,0,1.1592,0,0.0001,0,0,0.0001,0,0,0.0001,0,0,0,0.0001,0.0001,0.0001,0.0001,0,0,0,0,0.0001,0.2105,0.2099,0.2105,0.2099,1
1.9485,0,0.6495,0,0,1.299,0,0,0.6495,1.299,0.6495,0,0,0,1.299,0,0,0.6495,0,0.6495,0.0002,0,0.0001,0,0,0.0002,0,0,0.0001,0.0002,0.0001,0,0,0,0.0002,0,0,0.0001,0,0.0001,0.2032,0.1473,0.2032,0.1473,1
0,0,0,0.7717,1.5433,0,0,0.7717,3.8583,0.7717,0,0,0.7717,0,1.5433,0,0.7717,0,0,0.7717,0,0,0,0.0002,0.0004,0,0,0.0002,0.0009,0.0002,0,0,0.0002,0,0.0004,0,0.0002,0,0,0.0002,0.1092,0.1191,0.1092,0.1191,1
0,0.6135,0.6135,1.227,0.6135,1.227,1.227,0,0.6135,1.8405,0.6135,0.6135,0.6135,0,0.6135,0.6135,0,0.6135,0.6135,0,0,0,0,0.0001,0,0.0001,0.0001,0,0,0.0001,0,0,0,0,0,0,0,0,0,0,0.2281,0.1584,0.2281,0.1584,1
0,0.5136,0.5136,0,0,0.5136,0,0,0.5136,2.0545,0.5136,0,0,0,2.0545,0.5136,0.5136,1.0273,0.5136,0,0,0,0,0,0,0,0,0,0,0.0002,0,0,0,0,0.0002,0,0,0.0001,0,0,0.2354,0.2509,0.2354,0.2509,1
0,0.5711,0.5711,0,1.7133,0,0.5711,0.5711,0.5711,0,0.5711,0,0.5711,0,5.711,0,1.7133,2.2844,0,0.5711,0,0.0001,0.0001,0,0.0002,0,0.0001,0.0001,0.0001,0,0.0001,0,0.0001,0,0.0005,0,0.0002,0.0002,0,0.0001,0.1921,0.2368,0.1921,0.2368,1
1.2926,0,0,0,0.6463,0.6463,0,1.2926,1.9389,1.2926,1.2926,0,0.6463,0,3.8778,0.6463,1.2926,3.2315,0,0,0.0001,0,0,0,0.0001,0.0001,0,0.0001,0.0002,0.0001,0.0001,0,0.0001,0,0.0004,0.0001,0.0001,0.0003,0,0,0.1292,0.2245,0.1292,0.2245,1
0.5298,0,0,0,0.5298,0.5298,0.5298,0.5298,1.5894,0.5298,0,0.5298,0,0,3.1789,0.5298,0,0,0.5298,0,0.0001,0,0,0,0.0001,0.0001,0.0001,0.0001,0.0002,0.0001,0,0.0001,0,0,0.0004,0.0001,0,0,0.0001,0,0.2383,0.2319,0.2383,0.2319,1
0,0,1.096,2.192,1.096,0.548,0,0,0.548,1.096,0,0.548,0,0,0.548,0,0.548,0,0.548,0,0,0,0.0001,0.0002,0.0001,0.0001,0,0,0.0001,0.0001,0,0.0001,0,0,0.0001,0,0.0001,0,0.0001,0,0.1969,0.2551,0.1969,0.2551,1
0.6573,0.6573,1.972,0,0,0,0.6573,1.3147,0.6573,1.3147,0,0,0.6573,0,1.972,0,1.3147,0,0,0,0.0001,0.0001,0.0002,0,0,0,0.0001,0.0001,0.0001,0.0001,0,0,0.0001,0,0.0002,0,0.0001,0,0,0,0.1623,0.1804,0.1623,0.1804,1
0,0.7005,0,0.7005,0,0.7005,0,0,0.7005,2.1015,0,0,0.7005,0,0,0,1.401,0,1.401,0,0,0.0001,0,0.0001,0,0.0001,0,0,0.0001,0.0002,0,0,0.0001,0,0,0,0.0001,0,0.0001,0,0.1348,0.1647,0.1348,0.1647,1
0,0,0,0,1.0598,0,0.5299,0,0.5299,1.0598,0.5299,0.5299,0.5299,0,2.6495,0,1.0598,1.5897,0,0,0,0,0,0,0.0002,0,0.0001,0,0.0001,0.0002,0.0001,0.0001,0.0001,0,0.0004,0,0.0002,0.0002,0,0,0.2423,0.2278,0.2423,0.2278,1
0.6743,0.6743,0,1.3487,0,2.6973,0,0.6743,0,2.6973,0,1.3487,0.6743,0,0,0.6743,0.6743,2.023,0,0,0,0,0,0.0001,0,0.0002,0,0,0,0.0002,0,0.0001,0,0,0,0,0,0.0001,0,0,0.1624,0.1633,0.1624,0.1633,1
0.734,0,0,0,0.734,0,0.734,0.734,1.4681,0.734,0,0,0,0,1.4681,0.734,0,0,0,0,0.0002,0,0,0,0.0002,0,0.0002,0.0002,0.0003,0.0002,0,0,0,0,0.0003,0.0002,0,0,0,0,0.1849,0.081,0.1849,0.081,1
0,0,1.6161,0.5387,0,2.1549,0,0,1.6161,0.5387,0.5387,0,0.5387,0,1.0774,0.5387,0,0,0.5387,0,0,0,0.0001,0,0,0.0002,0,0,0.0001,0,0,0,0,0,0.0001,0,0,0,0,0,0.2443,0.2169,0.2443,0.2169,1
0.6055,3.6327,1.2109,0,0.6055,2.4218,0.6055,1.2109,0,0,1.2109,1.2109,1.2109,0.6055,0.6055,0,2.4218,0.6055,0,0,0,0.0001,0,0,0,0.0001,0,0,0,0,0,0,0,0,0,0,0.0001,0,0,0,0.1901,0.2045,0.1901,0.2045,1
0.6579,0,0,0,0,0,0.6579,1.3158,0.6579,0.6579,1.3158,0,0,0,1.3158,0,0.6579,0,0,0.6579,0.0001,0,0,0,0,0,0.0001,0.0003,0.0001,0.0001,0.0003,0,0,0,0.0003,0,0.0001,0,0,0.0001,0.1671,0.175,0.1671,0.175,1
1.6605,0,0.5535,0.5535,0,0,0,0.5535,2.214,1.107,0,0,0.5535,0,0.5535,0,0,1.6605,1.107,0.5535,0.0002,0,0.0001,0.0001,0,0,0,0.0001,0.0002,0.0001,0,0,0.0001,0,0.0001,0,0,0.0002,0.0001,0.0001,0.2535,0.193,0.2535,0.193,1
0,0.7268,0,0,0,0.7268,0.7268,0.7268,0,2.9072,0.7268,0,0,0,2.1804,0.7268,0.7268,0.7268,0.7268,0,0,0.0001,0,0,0,0.0001,0.0001,0.0001,0,0.0002,0.0001,0,0,0,0.0002,0.0001,0.0001,0.0001,0.0001,0,0.1346,0.1386,0.1346,0.1386,1
0.6945,0,0.6945,0,0.6945,0,0,0,0.6945,1.3891,0.6945,1.3891,0,0,0,0.6945,2.0836,0.6945,0,0.6945,0.0001,0,0.0001,0,0.0001,0,0,0,0.0001,0.0001,0.0001,0.0001,0,0,0,0.0001,0.0002,0.0001,0,0.0001,0.1676,0.1379,0.1676,0.1379,1
0.6885,0,0,0,0.6885,0,0.6885,0,2.0654,0.6885,0,0,0,0,0.6885,0,0.6885,2.7539,0,1.3769,0.0001,0,0,0,0.0001,0,0.0001,0,0.0004,0.0001,0,0,0,0,0.0001,0,0.0001,0.0005,0,0.0003,0.1571,0.1545,0.1571,0.1545,1
0,0,0,0,0,2.2389,0.5597,0.5597,1.1195,0,0.5597,0.5597,0,0.5597,1.6792,0.5597,0,0.5597,0,0.5597,0,0,0,0,0,0.0003,0.0001,0.0001,0.0001,0,0.0001,0.0001,0,0.0001,0.0002,0.0001,0,0.0001,0,0.0001,0.2656,0.1747,0.2656,0.1747,1
1.1841,0.5921,1.1841,0,1.1841,1.1841,0.5921,0,0,0,1.7762,0.5921,3.5523,0,0.5921,1.1841,0.5921,0.5921,0,0,0.0001,0,0.0001,0,0.0001,0.0001,0,0,0,0,0.0001,0,0.0002,0,0,0.0001,0,0,0,0,0.1888,0.2191,0.1888,0.2191,1
4.4584,0,0.7431,0,0,0,0,0.7431,1.4861,2.2292,0,0,1.4861,0,1.4861,0,0,2.2292,0,0,0.0006,0,0.0001,0,0,0,0,0.0001,0.0002,0.0003,0,0,0.0002,0,0.0002,0,0,0.0003,0,0,0.115,0.1419,0.115,0.1419,1
1.7977,5.3932,0,0.5992,0,1.1985,0,0,1.1985,1.1985,0,0.5992,1.1985,0,0.5992,0.5992,1.7977,0.5992,0.5992,0.5992,0.0001,0.0002,0,0,0,0,0,0,0,0,0,0,0,0,0,0,0.0001,0,0,0,0.2235,0.1773,0.2235,0.1773,1
1.5519,0,0,0.776,0,0,0,0,3.1038,0.776,0,0,0,0,0,0,0.776,2.3279,0,0.776,0.0003,0,0,0.0002,0,0,0,0,0.0006,0.0002,0,0,0,0,0,0,0.0002,0.0005,0,0.0002,0.1071,0.1169,0.1071,0.1169,1
1.7237,0,0.5746,1.1492,1.1492,0,0,1.1492,1.1492,1.1492,0.5746,1.1492,2.2983,0,0,1.7237,0.5746,1.1492,0,0.5746,0.0001,0,0,0.0001,0.0001,0,0,0.0001,0.0001,0.0001,0,0.0001,0.0002,0,0,0.0001,0,0.0001,0,0,0.2422,0.1832,0.2422,0.1832,1
1.143,0.5715,0.5715,0.5715,0,0,1.143,0.5715,1.143,0,0,0,0,1.143,1.143,1.143,1.143,0,0,0.5715,0.0001,0.0001,0.0001,0.0001,0,0,0.0001,0.0001,0.0001,0,0,0,0,0.0001,0.0001,0.0001,0.0001,0,0,0.0001,0.2198,0.2087,0.2198,0.2087,1
0.4679,0,0.4679,0.9359,0.9359,0.4679,0.4679,0.4679,1.4038,0.9359,1.4038,0.4679,0.4679,0,0.9359,1.4038,0,0.9359,0,0,0,0,0,0.0001,0.0001,0,0,0,0.0001,0.0001,0.0001,0,0,0,0.0001,0.0001,0,0.0001,0,0,0.2372,0.2949,0.2372,0.2949,1
1.7262,0,2.3015,0,0,0,0.5754,2.3015,1.1508,0,1.1508,0.5754,0,0,0,0.5754,0.5754,1.7262,0.5754,0,0.0001,0,0.0002,0,0,0,0,0.0002,0.0001,0,0.0001,0,0,0,0,0,0,0.0001,0,0,0.2145,0.2101,0.2145,0.2101,1
0,0,1.4513,0,0,0,0,0.7256,0,1.4513,0,0,0,0.7256,0,0.7256,0,0,3.6282,0,0,0,0.0001,0,0,0,0,0.0001,0,0.0001,0,0,0,0.0001,0,0.0001,0,0,0.0004,0,0.1202,0.1541,0.1202,0.1541,1
4.3645,0.7274,0,0,0,0,0,0,2.1822,3.637,0,0,0.7274,0,1.4548,0,0,1.4548,0,0,0.0004,0.0001,0,0,0,0,0,0,0.0002,0.0003,0,0,0.0001,0,0.0001,0,0,0.0001,0,0,0.1198,0.1527,0.1198,0.1527,1
0,0.5204,0.5204,0,0.5204,2.0817,1.0409,0,0.5204,0,1.0409,1.0409,1.0409,1.0409,1.5613,0.5204,1.0409,0,0.5204,0,0,0,0,0,0,0.0002,0.0001,0,0,0,0.0001,0.0001,0.0001,0.0001,0.0001,0,0.0001,0,0,0,0.2779,0.2017,0.2779,0.2017,1
5.3117,0.5902,0.5902,0,2.3608,0,0,1.1804,0.5902,0,0,0.5902,0.5902,0,0.5902,1.7706,1.7706,1.7706,0,0,0.0003,0,0,0,0.0001,0,0,0.0001,0,0,0,0,0,0,0,0.0001,0.0001,0.0001,0,0,0.2328,0.177,0.2328,0.177,1
0.6948,0,0.6948,0,0.6948,2.7794,0,1.3897,0,1.3897,0,0.6948,0.6948,0.6948,0,0,0.6948,2.7794,0,0.6948,0.0001,0,0.0001,0,0.0001,0.0002,0,0.0001,0,0.0001,0,0.0001,0.0001,0.0001,0,0,0.0001,0.0002,0,0.0001,0.1521,0.153,0.1521,0.153,1
0,0.6132,0,0,0,0.6132,0,1.2265,0.6132,1.2265,0,0,0.6132,0,1.2265,0,1.2265,0.6132,2.453,0,0,0.0001,0,0,0,0.0001,0,0.0001,0.0001,0.0001,0,0,0.0001,0,0.0001,0,0.0001,0.0001,0.0002,0,0.2271,0.1597,0.2271,0.1597,1
2.3898,0,0.7966,0,0.7966,0,0,1.5932,0,1.5932,0.7966,1.5932,0,0,0,0,1.5932,0.7966,0,0,0.0003,0,0.0001,0,0.0001,0,0,0.0002,0,0.0002,0.0001,0.0002,0,0,0,0,0.0002,0.0001,0,0,0.102,0.1014,0.102,0.1014,1
1.6198,0,0,0,0,1.6198,0,0,0.8099,0.8099,0.8099,0,0.8099,0,0,0,0.8099,2.4297,0,0.8099,0.0003,0,0,0,0,0.0003,0,0,0.0001,0.0001,0.0001,0,0.0001,0,0,0,0.0001,0.0004,0,0.0001,0.1222,0.0679,0.1222,0.0679,1
1.7923,0,0,0.5974,1.1948,1.1948,0,0,0.5974,0.5974,0,0.5974,0.5974,0,1.1948,0.5974,0,0,1.1948,0,0.0002,0,0,0.0001,0.0001,0.0001,0,0,0.0001,0.0001,0,0.0001,0.0001,0,0.0001,0.0001,0,0,0.0001,0,0.2463,0.1562,0.2463,0.1562,1
0.7158,0,0.7158,0,0.7158,0,0,0,2.863,2.863,0,0,0.7158,0.7158,0.7158,0.7158,0.7158,0.7158,0,0,0.0001,0,0.0001,0,0.0001,0,0,0,0.0004,0.0004,0,0,0.0001,0.0001,0.0001,0.0001,0.0001,0.0001,0,0,0.1561,0.1282,0.1561,0.1282,1
2.0792,1.3861,2.0792,0,0,1.3861,0,0,0,1.3861,0,0,0,0.6931,0,2.0792,0.6931,1.3861,0,0,0.0001,0.0001,0.0001,0,0,0.0001,0,0,0,0.0001,0,0,0,0,0,0.0001,0,0.0001,0,0,0.1605,0.1465,0.1605,0.1465,1
0.9823,0.9823,0.4911,0,0.9823,0.4911,0,0.9823,0.4911,0.9823,0.4911,0,0.4911,0,1.9645,0.4911,0,0,0.4911,0.4911,0.0001,0.0001,0,0,0.0001,0,0,0.0001,0,0.0001,0,0,0,0,0.0001,0,0,0,0,0,0.2874,0.2214,0.2874,0.2214,1
0.9789,0,0.4894,1.4683,0,0.4894,0.4894,1.4683,0.4894,1.9577,0.4894,1.4683,0,1.4683,0.9789,0.9789,0.4894,0,0,0.9789,0.0001,0,0,0.0001,0,0,0,0.0001,0,0.0002,0,0.0001,0,0.0001,0.0001,0.0001,0,0,0,0.0001,0.2558,0.2547,0.2558,0.2547,1
2.0881,0,2.0881,0.696,0,0,0,0,0,0,0,0,0,0,0,0,1.3921,2.0881,0,1.3921,0.0003,0,0.0003,0.0001,0,0,0,0,0,0,0,0,0,0,0,0,0.0002,0.0003,0,0.0002,0.1688,0.1351,0.1688,0.1351,1
1.3445,0,0.6722,0,0,2.0167,0.6722,0,0.6722,0.6722,0,0,0,0,0.6722,0,1.3445,0,0,0,0.0002,0,0.0001,0,0,0.0004,0.0001,0,0.0001,0.0001,0,0,0,0,0.0001,0,0.0002,0,0,0,0.1252,0.2026,0.1252,0.2026,1
0,0,0,0,0,3.5278,0.7056,0,0.7056,0.7056,0,0,0.7056,0.7056,0,0.7056,0,0.7056,0.7056,0,0,0,0,0,0,0.0004,0.0001,0,0.0001,0.0001,0,0,0.0001,0.0001,0,0.0001,0,0.0001,0.0001,0,0.1663,0.1281,0.1663,0.1281,1
0.5288,0,0.5288,1.5864,0,1.5864,0,0,0.5288,1.0576,0,0,0,0,0.5288,0.5288,0,0.5288,1.5864,0.5288,0,0,0,0.0001,0,0.0001,0,0,0,0.0001,0,0,0,0,0,0,0,0,0.0001,0,0.2085,0.2627,0.2085,0.2627,1
1.7797,0.5932,1.1865,0.5932,0,1.7797,0,0,0.5932,0.5932,0.5932,1.1865,1.1865,1.1865,0.5932,0,0,0.5932,0,0,0.0001,0,0.0001,0,0,0.0001,0,0,0,0,0,0.0001,0.0001,0.0001,0,0,0,0,0,0,0.2344,0.1724,0.2344,0.1724,1
1.0821,0,1.0821,0,0,1.0821,1.6232,0.5411,1.0821,0,0,0,0,0,1.0821,0.5411,1.0821,1.0821,0,0.5411,0.0001,0,0.0001,0,0,0.0001,0.0002,0.0001,0.0001,0,0,0,0,0,0.0001,0.0001,0.0001,0.0001,0,0.0001,0.2375,0.2215,0.2375,0.2215,1
0,0,0.4291,2.5745,0.4291,0,0.4291,1.7163,2.5745,0.4291,0.8582,0.8582,0,0.4291,0,0.4291,0.4291,0,0.8582,0.4291,0,0,0,0.0002,0,0,0,0.0002,0.0002,0,0.0001,0.0001,0,0,0,0,0,0,0.0001,0,0.2493,0.3216,0.2493,0.3216,1
1.4169,0,0.7085,0,0,0,0,0.7085,1.4169,0,0.7085,0,0,0,0.7085,1.4169,0,0.7085,0.7085,0,0.0002,0,0.0001,0,0,0,0,0.0001,0.0002,0,0.0001,0,0,0,0.0001,0.0002,0,0.0001,0.0001,0,0.1825,0.109,0.1825,0.109,1
1.0098,0,0.5049,1.0098,0.5049,0.5049,0,1.0098,2.0197,1.5147,0,0.5049,0,0.5049,1.0098,1.0098,0,1.5147,0,0,0.0001,0,0,0.0001,0,0,0,0.0001,0.0002,0.0001,0,0,0,0,0.0001,0.0001,0,0.0001,0,0,0.2333,0.2617,0.2333,0.2617,1
0.858,0,0,0,0.858,0.429,0.429,0,3.0029,1.7159,0,0.858,0,0.429,1.7159,0,0,0.858,0,0.858,0.0001,0,0,0,0.0001,0,0,0,0.0003,0.0002,0,0.0001,0,0,0.0002,0,0,0.0001,0,0.0001,0.2272,0.3439,0.2272,0.3439,1
0.626,1.252,0,1.252,0.626,0.626,0.626,1.252,1.252,0,0,0,0.626,0,1.252,0.626,0,0,0,0.626,0.0001,0.0001,0,0.0001,0.0001,0.0001,0.0001,0.0001,0.0001,0,0,0,0.0001,0,0.0001,0.0001,0,0,0,0.0001,0.1999,0.1741,0.1999,0.1741,1
0.54,0,0.54,2.1599,0.54,0.54,0,0.54,0,1.08,1.08,1.08,1.62,0,1.62,0,0,0,0,0,0.0001,0,0.0001,0.0002,0.0001,0.0001,0,0.0001,0,0.0001,0.0001,0.0001,0.0002,0,0.0002,0,0,0,0,0,0.2496,0.2104,0.2496,0.2104,1
1.5224,0,0.5075,0.5075,0,1.5224,0,1.0149,1.5224,0.5075,1.0149,0.5075,1.0149,1.0149,0,1.0149,1.5224,0.5075,0,1.0149,0.0001,0,0,0,0,0.0001,0,0.0001,0.0001,0,0.0001,0,0.0001,0.0001,0,0.0001,0.0001,0,0,0.0001,0.2178,0.2747,0.2178,0.2747,1
0,0.7362,0,0,0.7362,2.2087,0.7362,1.4725,0,0,2.2087,1.4725,0,0,0,0.7362,0.7362,0.7362,0,0.7362,0,0.0001,0,0,0.0001,0.0002,0.0001,0.0001,0,0,0.0002,0.0001,0,0,0,0.0001,0.0001,0.0001,0,0.0001,0.125,0.1388,0.125,0.1388,1
1.7953,0,0.5984,0,0,0,0,0,1.1969,0.5984,0.5984,0.5984,0.5984,0,2.9922,1.1969,1.1969,0,0,0.5984,0.0002,0,0.0001,0,0,0,0,0,0.0002,0.0001,0.0001,0.0001,0.0001,0,0.0004,0.0002,0.0002,0,0,0.0001,0.1967,0.2048,0.1967,0.2048,1
0,0.5524,1.1047,0.5524,0,0,0,1.1047,0,1.6571,0,0,0,0,1.6571,0.5524,0,0,1.6571,0,0,0,0.0001,0,0,0,0,0.0001,0,0.0001,0,0,0,0,0.0001,0,0,0,0.0001,0,0.1926,0.255,0.1926,0.255,1
0,0,2.0873,2.9222,0,0,0,0.8349,2.0873,0.4175,0.4175,0,0,0.8349,0,0.4175,0.8349,0,0.8349,0.8349,0,0,0.0002,0.0003,0,0,0,0.0001,0.0002,0,0,0,0,0.0001,0,0,0.0001,0,0.0001,0.0001,0.2469,0.3356,0.2469,0.3356,1
0,0,0,0,0,0,0,1.7262,0,2.5894,0,0.8631,0,0,0,0.8631,1.7262,0.8631,0,1.7262,0,0,0,0,0,0,0,0.0002,0,0.0003,0,0.0001,0,0,0,0.0001,0.0002,0.0001,0,0.0002,0.0674,0.0695,0.0674,0.0695,1
1.878,0.626,1.878,0.626,0,0,0,1.252,0,0.626,1.252,0,1.878,0,0,0.626,1.252,0,0,0.626,0.0001,0,0.0001,0,0,0,0,0.0001,0,0,0.0001,0,0.0001,0,0,0,0.0001,0,0,0,0.2022,0.1718,0.2022,0.1718,1
2.2879,0,0,0,0,0,0,0,1.5253,0.7626,0,0.7626,0,0,0,0,0.7626,3.0506,0,1.5253,0.0004,0,0,0,0,0,0,0,0.0003,0.0001,0,0.0001,0,0,0,0,0.0001,0.0006,0,0.0003,0.1228,0.1146,0.1228,0.1146,1
0.6146,0,0,0.6146,0.6146,1.2292,0.6146,0,0,0.6146,0.6146,1.8437,0.6146,0,0.6146,0.6146,1.2292,1.2292,1.2292,0,0,0,0,0,0,0.0001,0,0,0,0,0,0.0001,0,0,0,0,0.0001,0.0001,0.0001,0,0.1849,0.2005,0.1849,0.2005,1
0.4555,0.4555,0.4555,0.4555,0.4555,0.4555,0,0.911,0,0.4555,0,0.911,0.911,0,2.2774,0.911,0.4555,0,0,2.2774,0,0,0,0,0,0,0,0.0001,0,0,0,0.0001,0.0001,0,0.0002,0.0001,0,0,0,0.0002,0.2664,0.2781,0.2664,0.2781,1
1.5511,0,0,0.7755,0.7755,0,0,0,1.5511,3.8777,0,0,0,0,1.5511,0.7755,0,1.5511,0,0,0.0003,0,0,0.0001,0.0001,0,0,0,0.0003,0.0007,0,0,0,0,0.0003,0.0001,0,0.0003,0,0,0.1105,0.114,0.1105,0.114,1
0.6862,0,1.3725,0,0,0,0,0.6862,0.6862,1.3725,0,1.3725,0,0,0,0.6862,0,0,0.6862,0,0.0001,0,0.0001,0,0,0,0,0.0001,0.0001,0.0001,0,0.0001,0,0,0,0.0001,0,0,0.0001,0,0.1978,0.1159,0.1978,0.1159,1
0.5236,0.5236,0,0.5236,0.5236,0.5236,0.5236,1.0472,1.5708,0.5236,2.0944,0.5236,0.5236,0.5236,0.5236,1.0472,1.0472,2.0944,0,0,0,0,0,0,0,0,0,0.0001,0.0001,0,0.0001,0,0,0,0,0.0001,0.0001,0.0001,0,0,0.253,0.2233,0.253,0.2233,1
1.1641,0,0.582,0.582,0.582,0.582,0,1.1641,1.1641,1.1641,0,0,0,0,0.582,0,0,0,0.582,0,0.0001,0,0.0001,0.0001,0.0001,0.0001,0,0.0001,0.0001,0.0001,0,0,0,0,0.0001,0,0,0,0.0001,0,0.1928,0.2252,0.1928,0.2252,1
0,1.1947,0,0.5974,0,0,1.1947,1.1947,0.5974,0.5974,1.1947,0,1.7921,0,1.1947,1.7921,4.779,0.5974,0.5974,0.5974,0,0.0001,0,0,0,0,0.0001,0.0001,0,0,0.0001,0,0.0001,0,0.0001,0.0001,0.0003,0,0,0,0.1834,0.2192,0.1834,0.2192,1
1.3639,0,0,0,0.4546,1.8185,0.4546,1.3639,0.9092,0.4546,0,1.3639,0.4546,0,1.8185,0.4546,0.9092,1.3639,0,0.4546,0.0001,0,0,0,0,0.0002,0,0.0001,0.0001,0,0,0.0001,0,0,0.0002,0,0.0001,0.0001,0,0,0.2753,0.27,0.2753,0.27,1
0,2.8534,0.5707,0.5707,1.1414,2.8534,0,0,0.5707,0.5707,0.5707,1.7121,2.2828,0,0,0.5707,1.7121,0.5707,0.5707,0,0,0.0001,0,0,0,0.0001,0,0,0,0,0,0.0001,0.0001,0,0,0,0.0001,0,0,0,0.222,0.2073,0.222,0.2073,1
0.6544,0.6544,0,0.6544,1.3087,1.3087,1.3087,1.3087,0,1.9631,0.6544,0,1.3087,0,0,1.9631,0,0.6544,0.6544,0,0,0,0,0,0.0001,0.0001,0.0001,0.0001,0,0.0001,0,0,0.0001,0,0,0.0001,0,0,0,0,0.1818,0.1639,0.1818,0.1639,1
3.1067,0.7767,0,0,0,3.1067,0,0,0,0.7767,2.33,0,0.7767,0.7767,0.7767,0.7767,0.7767,1.5534,0,0,0.0002,0.0001,0,0,0,0.0002,0,0,0,0.0001,0.0002,0,0.0001,0.0001,0.0001,0.0001,0.0001,0.0001,0,0,0.1069,0.1164,0.1069,0.1164,1
0.7058,0,0.7058,0,1.4116,1.4116,0,1.4116,0,1.4116,0,0.7058,0,0,0,0,0.7058,0,0.7058,0,0.0001,0,0.0001,0,0.0001,0.0001,0,0.0001,0,0.0001,0,0.0001,0,0,0,0,0.0001,0,0.0001,0,0.1423,0.1519,0.1423,0.1519,1
0,0,0.5748,0,0,0,0.5748,1.1496,2.8741,0,0,0.5748,0.5748,0,0.5748,0,1.1496,0,0.5748,0.5748,0,0,0.0001,0,0,0,0.0001,0.0001,0.0004,0,0,0.0001,0.0001,0,0.0001,0,0.0001,0,0.0001,0.0001,0.2402,0.185,0.2402,0.185,1
0.5744,0,1.1487,0.5744,0,0,1.1487,0,1.1487,0,1.7231,0.5744,0.5744,0,0.5744,0,1.7231,1.7231,0,0,0.0001,0,0.0002,0.0001,0,0,0.0002,0,0.0002,0,0.0002,0.0001,0.0001,0,0.0001,0,0.0002,0.0002,0,0,0.2633,0.1623,0.2633,0.1623,1
0,0.7537,0.7537,0,0.7537,0,0,0.7537,0,0.7537,0.7537,2.2611,1.5074,0,0,2.2611,0,0,0.7537,0,0,0,0,0,0,0,0,0,0,0,0,0.0001,0.0001,0,0,0.0001,0,0,0,0,0.1345,0.1118,0.1345,0.1118,1
2.6481,0,0,0,0.8827,0.8827,0,0,0,0.8827,0,0,1.7654,0,0,0.8827,2.6481,1.7654,0,0.8827,0.0005,0,0,0,0.0002,0.0002,0,0,0,0.0002,0,0,0.0003,0,0,0.0002,0.0005,0.0003,0,0.0002,0.0472,0.0701,0.0472,0.0701,1
0,0,0.594,0,0.594,0.594,0.594,1.782,0.594,0.594,3.5639,0,0,0.594,2.9699,0.594,1.188,2.3759,0,0,0,0,0.0001,0,0.0001,0.0001,0.0001,0.0002,0.0001,0.0001,0.0003,0,0,0.0001,0.0003,0.0001,0.0001,0.0002,0,0,0.1714,0.2347,0.1714,0.2347,1
0,0,0,0,0.7857,0.7857,0,0,3.9284,0,0,0,0,0,2.3571,0,0,0,0,0,0,0,0,0,0.0003,0.0003,0,0,0.0013,0,0,0,0,0,0.0008,0,0,0,0,0,0.1103,0.104,0.1103,0.104,1
0.5545,2.2178,0,0.5545,1.6634,1.6634,0,0,1.1089,0,0.5545,0.5545,1.6634,0,0.5545,2.2178,1.1089,0.5545,0,0,0,0.0001,0,0,0.0001,0.0001,0,0,0.0001,0,0,0,0.0001,0,0,0.0001,0.0001,0,0,0,0.2386,0.207,0.2386,0.207,1
0,1.0237,0.5118,0,0.5118,0.5118,0.5118,0,1.0237,4.0946,0,1.5355,0,0,1.0237,0,0,1.0237,0,0,0,0.0001,0,0,0,0,0,0,0.0001,0.0003,0,0.0001,0,0,0.0001,0,0,0.0001,0,0,0.2405,0.2477,0.2405,0.2477,1
0,0,1.2352,0.6176,0.6176,0,0,0.6176,0,1.2352,0,0.6176,0.6176,0,1.2352,0,1.2352,0,0,1.2352,0,0,0.0002,0.0001,0.0001,0,0,0.0001,0,0.0002,0,0.0001,0.0001,0,0.0002,0,0.0002,0,0,0.0002,0.1835,0.1989,0.1835,0.1989,1
1.9292,0,0,0,3.8584,0.9646,0.9646,0.4823,0.9646,0.9646,0,0,0,0,0.9646,0,0.4823,0.4823,0,0,0.0002,0,0,0,0.0004,0.0001,0.0001,0,0.0001,0.0001,0,0,0,0,0.0001,0,0,0,0,0,0.2481,0.2696,0.2481,0.2696,1
0.8549,0,0,0,1.7099,0.8549,0,0,0,4.2747,0.8549,0,0,0,0,0.8549,1.7099,1.7099,0,1.7099,0.0001,0,0,0,0.0002,0.0001,0,0,0,0.0006,0.0001,0,0,0,0,0.0001,0.0002,0.0002,0,0.0002,0.0775,0.0676,0.0775,0.0676,1
1.116,0.558,0.558,0.558,0.558,0.558,0.558,0.558,0,1.116,0.558,1.116,0.558,0,1.674,1.116,0,1.674,0,2.2321,0.0001,0,0,0,0,0,0,0,0,0.0001,0,0.0001,0,0,0.0001,0.0001,0,0.0001,0,0.0002,0.2427,0.1993,0.2427,0.1993,1
0,0,1.7231,0,0,0.5744,1.7231,0.5744,1.7231,0.5744,0,0.5744,0,0.5744,1.7231,0,0.5744,1.7231,0,0,0,0,0.0002,0,0,0.0001,0.0002,0.0001,0.0002,0.0001,0,0.0001,0,0.0001,0.0002,0,0.0001,0.0002,0,0,0.25,0.1756,0.25,0.1756,1
0.7826,0.7826,0,0,0.7826,1.5651,0,0,0.7826,0.7826,0,0,0.7826,0,0,0.7826,0,0.7826,2.3477,0,0.0001,0.0001,0,0,0.0001,0.0001,0,0,0.0001,0.0001,0,0,0.0001,0,0,0.0001,0,0.0001,0.0002,0,0.101,0.1164,0.101,0.1164,1
0,0,0,0,0,0.9183,0,0,1.8367,0,0,0,0,0,6.4284,0,0,0,0,0,0,0,0,0,0,0.0006,0,0,0.0011,0,0,0,0,0,0.004,0,0,0,0,0,0.0415,0.0401,0.0415,0.0401,1
1.1426,0,0,0.5713,0,2.8565,0.5713,0.5713,1.7139,0,1.7139,0,0.5713,1.1426,0.5713,0,1.7139,0.5713,0,0,0.0001,0,0,0.0001,0,0.0003,0.0001,0.0001,0.0002,0,0.0002,0,0.0001,0.0001,0.0001,0,0.0002,0.0001,0,0,0.2279,0.2008,0.2279,0.2008,1
1.8179,0,0,0.606,0,1.2119,1.2119,1.2119,0.606,3.0298,0,0,1.2119,0.606,0,1.2119,0,3.0298,0,0,0.0001,0,0,0,0,0.0001,0.0001,0.0001,0,0.0002,0,0,0.0001,0,0,0.0001,0,0.0002,0,0,0.1531,0.2409,0.1531,0.2409,1
0,1.3411,0,0,0.6706,0.6706,1.3411,1.3411,0.6706,0.6706,0.6706,0,0,0,0,0,1.3411,1.3411,0.6706,0,0,0.0001,0,0,0,0,0.0001,0.0001,0,0,0,0,0,0,0,0,0.0001,0.0001,0,0,0.1434,0.1861,0.1434,0.1861,1
0.5575,0.5575,2.2299,1.115,0,1.115,0,0.5575,0,0,0,1.115,0.5575,0,0.5575,0,0.5575,2.2299,0.5575,0,0,0,0.0002,0.0001,0,0.0001,0,0,0,0,0,0.0001,0,0,0,0,0,0.0002,0,0,0.1882,0.2543,0.1882,0.2543,1
0,0,0,0,0,0,0,0,2.3238,0,0,0.7746,0,0,8.5205,0,0,0,2.3238,0,0,0,0,0,0,0,0,0,0.0009,0,0,0.0003,0,0,0.0032,0,0,0,0.0009,0,0.0968,0.1286,0.0968,0.1286,1
1.9854,0,0,0,0,0,0.6618,0,3.309,0.6618,0,0.6618,0,0,0.6618,0,0.6618,0.6618,0,0.6618,0.0003,0,0,0,0,0,0.0001,0,0.0006,0.0001,0,0.0001,0,0,0.0001,0,0.0001,0.0001,0,0.0001,0.193,0.1452,0.193,0.1452,1
1.6655,1.1104,0,0,0,2.7759,0.5552,1.1104,0.5552,0.5552,0.5552,1.6655,1.1104,0,1.1104,0,1.6655,0.5552,0,0.5552,0.0001,0.0001,0,0,0,0.0002,0,0.0001,0,0,0,0.0001,0.0001,0,0.0001,0,0.0001,0,0,0,0.2362,0.2087,0.2362,0.2087,1
0.9976,0.4988,0,0,0.4988,0.4988,1.4964,0.4988,2.4939,0,0,0.4988,0,0,2.9927,0.4988,0.4988,0.9976,0,0.9976,0.0001,0,0,0,0,0,0.0001,0,0.0002,0,0,0,0,0,0.0003,0,0,0.0001,0,0.0001,0.2572,0.244,0.2572,0.244,1
1.0238,0,1.0238,0,1.5357,0.5119,1.0238,2.0475,0.5119,1.5357,0,0,1.0238,0,0.5119,0.5119,1.0238,1.5357,0.5119,0,0.0001,0,0.0001,0,0.0001,0,0.0001,0.0002,0,0.0001,0,0,0.0001,0,0,0,0.0001,0.0001,0,0,0.2426,0.2455,0.2426,0.2455,1
0,0,0.7548,0,0.7548,0,0,0,0.7548,2.2644,0.7548,0.7548,1.5096,0,0,0,0.7548,1.5096,0,0,0,0,0.0001,0,0.0001,0,0,0,0.0001,0.0004,0.0001,0.0001,0.0002,0,0,0,0.0001,0.0002,0,0,0.1378,0.1074,0.1378,0.1074,1
3.2725,0,0,0,0,0,0.4675,0,0.4675,0,0,0,0,0,5.61,0,0,0,0,0,0.0005,0,0,0,0,0,0.0001,0,0.0001,0,0,0,0,0,0.0008,0,0,0,0,0,0.2359,0.2966,0.2359,0.2966,1
0.6734,0,0,0.6734,0,0.6734,0,0.6734,0.6734,1.3468,1.3468,1.3468,1.3468,0.6734,0,1.3468,2.0202,0.6734,0,0.6734,0.0001,0,0,0.0001,0,0.0001,0,0.0001,0.0001,0.0001,0.0001,0.0001,0.0001,0.0001,0,0.0001,0.0002,0.0001,0,0.0001,0.1767,0.1499,0.1767,0.1499,1
0.7376,0.7376,0.7376,0,0.7376,1.4751,0.7376,0,0,1.4751,0,0.7376,0.7376,0,0,0,0.7376,0,0.7376,0,0.0001,0.0001,0.0001,0,0.0001,0.0001,0.0001,0,0,0.0001,0,0.0001,0.0001,0,0,0,0.0001,0,0.0001,0,0.1424,0.12,0.1424,0.12,1
2.7221,1.0888,1.0888,0,1.6332,2.1777,0.5444,0.5444,0,0,0,1.6332,1.0888,0,0,0,0,2.1777,1.0888,0.5444,0.0001,0,0,0,0.0001,0.0001,0,0,0,0,0,0.0001,0,0,0,0,0,0.0001,0,0,0.2638,0.1918,0.2638,0.1918,1
0.4763,0,0.4763,0.4763,0.9527,0.9527,0,1.9053,0.9527,0,0,0,0,0,1.9053,0.4763,0,1.429,0.4763,0.9527,0,0,0,0,0.0001,0.0001,0,0.0002,0.0001,0,0,0,0,0,0.0002,0,0,0.0001,0,0.0001,0.2252,0.2985,0.2252,0.2985,1
0,3.5085,0,0,0.7017,2.1051,0,0,0.7017,0.7017,0,0,0,0,2.1051,0.7017,0,1.4034,0,0.7017,0,0.0002,0,0,0,0.0001,0,0,0,0,0,0,0,0,0.0001,0,0,0.0001,0,0,0.1274,0.1709,0.1274,0.1709,1
2.5926,0,0.6482,0,0.6482,1.2963,0.6482,0,1.2963,0.6482,0.6482,0,1.2963,0,0,1.9445,3.8889,1.2963,0,0.6482,0.0003,0,0.0001,0,0.0001,0.0001,0.0001,0,0.0001,0.0001,0.0001,0,0.0001,0,0,0.0002,0.0004,0.0001,0,0.0001,0.1785,0.1733,0.1785,0.1733,1
1.2369,0,0.6184,0,0,1.8553,0,0,1.2369,0,0,0,0,0,1.8553,1.2369,0.6184,0.6184,0,0,0.0002,0,0.0001,0,0,0.0002,0,0,0.0002,0,0,0,0,0,0.0002,0.0002,0.0001,0.0001,0,0,0.2631,0.1184,0.2631,0.1184,1
2.041,0,0.6803,0.6803,1.3607,1.3607,0,0.6803,0,0.6803,1.3607,1.3607,0.6803,0.6803,0,1.3607,0.6803,0,0,0,0.0002,0,0.0001,0.0001,0.0001,0.0001,0,0.0001,0,0.0001,0.0001,0.0001,0.0001,0.0001,0,0.0001,0.0001,0,0,0,0.1452,0.1744,0.1452,0.1744,1
0,0.4525,0,0,1.8101,0,0.9051,0.4525,2.7152,0.4525,0.9051,0,0,0.4525,1.3576,0.4525,1.3576,0.9051,0,0.4525,0,0,0,0,0.0002,0,0.0001,0,0.0002,0,0.0001,0,0,0,0.0001,0,0.0001,0.0001,0,0,0.2766,0.2709,0.2766,0.2709,1
1.3289,0.6644,0.6644,1.3289,0,0,0,0.6644,0,1.9933,0.6644,0,0.6644,0,0.6644,0.6644,0.6644,0.6644,0,0.6644,0.0001,0.0001,0.0001,0.0001,0,0,0,0.0001,0,0.0002,0.0001,0,0.0001,0,0.0001,0.0001,0.0001,0.0001,0,0.0001,0.1766,0.1589,0.1766,0.1589,1
0,1.0392,0.5196,3.1176,0,0,0,0.5196,1.5588,0,0,0,0,0,0,0,2.0784,0,1.0392,1.0392,0,0.0001,0,0.0002,0,0,0,0,0.0001,0,0,0,0,0,0,0,0.0002,0,0.0001,0.0001,0.2609,0.2195,0.2609,0.2195,1
1.6489,0,0.5496,1.0993,0,0,0,1.0993,2.1986,0,0,1.0993,0,0,0,2.1986,0,1.0993,0,0,0.0002,0,0.0001,0.0001,0,0,0,0.0001,0.0002,0,0,0.0001,0,0,0,0.0002,0,0.0001,0,0,0.2286,0.2218,0.2286,0.2218,1
1.2461,1.2461,0.623,0,1.2461,0.623,0,1.2461,1.8691,1.2461,1.2461,0,0,0.623,0.623,1.2461,0.623,1.2461,0.623,0.623,0.0001,0.0001,0,0,0.0001,0,0,0.0001,0.0001,0.0001,0.0001,0,0,0,0,0.0001,0,0.0001,0,0,0.1741,0.2028,0.1741,0.2028,1
1.6149,0,0,0.8074,0,0,0,0,3.2297,0.8074,0,0,0,0,0,0,0.8074,2.4223,0,0.8074,0.0004,0,0,0.0002,0,0,0,0,0.0008,0.0002,0,0,0,0,0,0,0.0002,0.0006,0,0.0002,0.1073,0.0853,0.1073,0.0853,1
1.7525,2.3367,0.5842,0.5842,0,0.5842,0.5842,1.1683,0.5842,1.7525,0.5842,1.1683,0.5842,0,0,2.3367,1.1683,1.1683,0.5842,0,0.0001,0.0001,0,0,0,0,0,0,0,0.0001,0,0,0,0,0,0.0001,0,0,0,0,0.1872,0.2286,0.1872,0.2286,1
0.5053,0,0,0,0.5053,0.5053,1.0105,2.5263,1.5158,0,1.5158,0.5053,0,0.5053,2.5263,0.5053,0,1.0105,1.0105,0,0,0,0,0,0,0,0.0001,0.0002,0.0001,0,0.0001,0,0,0,0.0002,0,0,0.0001,0.0001,0,0.2505,0.2443,0.2505,0.2443,1
1.2686,0,0,0,0,2.5371,0,0.6343,0.6343,0.6343,1.2686,0,2.5371,0.6343,1.2686,0,0.6343,1.2686,0,0,0.0001,0,0,0,0,0.0003,0,0.0001,0.0001,0.0001,0.0001,0,0.0003,0.0001,0.0001,0,0.0001,0.0001,0,0,0.173,0.1928,0.173,0.1928,1
3.0224,0,0,0.6045,0,1.8134,0,0.6045,0.6045,0.6045,0,0,0.6045,0,1.209,0,0,1.209,1.209,0.6045,0.0003,0,0,0.0001,0,0.0002,0,0.0001,0.0001,0.0001,0,0,0.0001,0,0.0001,0,0,0.0001,0.0001,0.0001,0.2451,0.1504,0.2451,0.1504,1
0.6499,0.6499,0,0,0.6499,0,0.6499,1.2997,3.2493,1.2997,0,0,0,0,5.1989,0.6499,1.2997,1.2997,0.6499,0.6499,0.0001,0.0001,0,0,0.0001,0,0.0001,0.0001,0.0003,0.0001,0,0,0,0,0.0004,0.0001,0.0001,0.0001,0.0001,0.0001,0.2007,0.1494,0.2007,0.1494,1
0.537,1.074,0,0.537,0,2.148,0.537,0,0.537,0,0.537,0,0.537,0,3.222,0.537,0.537,0,0,0.537,0,0.0001,0,0,0,0.0002,0,0,0,0,0,0,0,0,0.0003,0,0,0,0,0,0.2469,0.2161,0.2469,0.2161,1
0,0.4495,0.4495,0.4495,0.4495,0.4495,0.8991,0,0.8991,2.2477,0,0,0.4495,0,2.6972,0,0,0.4495,0.4495,0.4495,0,0,0,0,0,0,0.0001,0,0.0001,0.0002,0,0,0,0,0.0002,0,0,0,0,0,0.2647,0.2857,0.2647,0.2857,1
1.0653,0,0,1.0653,0,0,0.5327,0,0.5327,0.5327,0,0.5327,0,0,4.7941,0.5327,0.5327,1.0653,0.5327,0,0.0002,0,0,0.0002,0,0,0.0001,0,0.0001,0.0001,0,0.0001,0,0,0.0007,0.0001,0.0001,0.0002,0.0001,0,0.2305,0.2369,0.2305,0.2369,1
1.7587,1.1725,0.5862,1.1725,0.5862,0.5862,0,0.5862,0.5862,0.5862,0.5862,0,0,1.1725,0.5862,0,1.1725,1.1725,0,0,0.0001,0.0001,0,0.0001,0,0,0,0,0,0,0,0,0,0.0001,0,0,0.0001,0.0001,0,0,0.1958,0.218,0.1958,0.218,1
0.5368,1.0736,0,0,1.0736,0,1.0736,1.0736,0.5368,2.1473,0,1.0736,1.0736,0,1.0736,0.5368,2.1473,0,0,0.5368,0,0.0001,0,0,0.0001,0,0.0001,0.0001,0,0.0001,0,0.0001,0.0001,0,0.0001,0,0.0001,0,0,0,0.2677,0.1955,0.2677,0.1955,1
0,0,0.6181,0.6181,0,1.8543,0.6181,0,0.6181,0.6181,1.2362,0.6181,2.4724,0.6181,1.2362,0.6181,0.6181,1.8543,0,0.6181,0,0,0.0001,0.0001,0,0.0002,0.0001,0,0.0001,0.0001,0.0001,0.0001,0.0003,0.0001,0.0001,0.0001,0.0001,0.0002,0,0.0001,0.1965,0.1854,0.1965,0.1854,1
2.0659,0,0.6886,0.6886,0.6886,0.6886,0,0.6886,0,2.0659,0,2.0659,1.3773,0,0,0.6886,0.6886,1.3773,0,0,0.0002,0,0.0001,0.0001,0.0001,0.0001,0,0.0001,0,0.0002,0,0.0002,0.0001,0,0,0.0001,0.0001,0.0001,0,0,0.152,0.1593,0.152,0.1593,1
2.7616,0,0.5523,0,0.5523,0.5523,0,0.5523,1.1046,1.1046,1.1046,0,0,0,1.6569,0.5523,1.1046,0,0.5523,0,0.0002,0,0,0,0,0,0,0,0.0001,0.0001,0.0001,0,0,0,0.0001,0,0.0001,0,0,0,0.2516,0.1961,0.2516,0.1961,1
0,0.9788,0.9788,0,0.4894,0,0.4894,1.4682,0.9788,0.4894,0,0.4894,0.9788,0.4894,4.4047,0,0.4894,0.9788,0,0,0,0.0001,0.0001,0,0,0,0,0.0001,0.0001,0,0,0,0.0001,0,0.0003,0,0,0.0001,0,0,0.268,0.2426,0.268,0.2426,1
0.6855,2.0565,0,0,1.371,0,0,0,1.371,0,0.6855,2.0565,0.6855,0,1.371,0,2.742,2.0565,0,0,0,0.0001,0,0,0.0001,0,0,0,0.0001,0,0,0.0001,0,0,0.0001,0,0.0001,0.0001,0,0,0.1537,0.1608,0.1537,0.1608,1
2.7061,2.7061,0,0,0,0,0,0,0,0,1.8041,0,0,0,0,1.8041,3.6081,3.6081,0,0,0.0002,0.0002,0,0,0,0,0,0,0,0,0.0001,0,0,0,0,0.0001,0.0002,0.0002,0,0,0.0487,0.0493,0.0487,0.0493,1
0,0,0.581,1.1619,1.7429,0,1.1619,0.581,0.581,0,1.1619,0,0.581,0,0.581,0.581,0.581,2.3238,0.581,0,0,0,0.0001,0.0001,0.0002,0,0.0001,0.0001,0.0001,0,0.0001,0,0.0001,0,0.0001,0.0001,0.0001,0.0003,0.0001,0,0.2127,0.2064,0.2127,0.2064,1
0,0,0.7274,0,0,1.4548,0,0,0.7274,0.7274,0,0,0.7274,0,0,1.4548,0.7274,1.4548,1.4548,0,0,0,0.0001,0,0,0.0002,0,0,0.0001,0.0001,0,0,0.0001,0,0,0.0002,0.0001,0.0002,0.0002,0,0.1258,0.1469,0.1258,0.1469,1
0,3.5359,0,0,0.7072,3.5359,0,0.7072,0.7072,1.4144,1.4144,0.7072,0,0,0,0,1.4144,0,0.7072,0,0,0.0001,0,0,0,0.0001,0,0,0,0.0001,0.0001,0,0,0,0,0,0.0001,0,0,0,0.1763,0.1166,0.1763,0.1166,1
0.9792,1.9584,0,0,0,0.9792,0,0.4896,1.4688,0,0.9792,0,0.9792,0,1.4688,0.4896,1.4688,0.9792,0,0.9792,0.0001,0.0001,0,0,0,0.0001,0,0,0.0001,0,0.0001,0,0.0001,0,0.0001,0,0.0001,0.0001,0,0.0001,0.2763,0.2341,0.2763,0.2341,1
0,0.6,1.2,0,1.2,2.4,0,0.6,0,0,0,0.6,0,0.6,1.2,0,0,0,0.6,0.6,0,0,0.0001,0,0.0001,0.0002,0,0,0,0,0,0,0,0,0.0001,0,0,0,0,0,0.1867,0.2133,0.1867,0.2133,1
3.3638,0,0,0,0,0,0,0,1.6819,2.5228,0,0,0.8409,0,1.6819,0,0,1.6819,0,0,0.0007,0,0,0,0,0,0,0,0.0003,0.0005,0,0,0.0002,0,0.0003,0,0,0.0003,0,0,0.0584,0.1007,0.0584,0.1007,1
4.2874,0,0,0,0,0.4764,0,0.4764,2.8582,2.8582,0,0.4764,0,0.4764,0,0,0.4764,0.9527,0.4764,0,0.0004,0,0,0,0,0,0,0,0.0003,0.0003,0,0,0,0,0,0,0,0.0001,0,0,0.2316,0.292,0.2316,0.292,1
0.7443,0,0,0.7443,0.7443,0.7443,0,0.7443,0.7443,0.7443,0,0,0,0,0,0.7443,0,1.4887,0.7443,0.7443,0.0001,0,0,0.0001,0.0001,0.0001,0,0.0001,0.0001,0.0001,0,0,0,0,0,0.0001,0,0.0002,0.0001,0.0001,0.1789,0.0768,0.1789,0.0768,1
0,0.5944,0.5944,0,1.1887,1.1887,0,1.1887,2.3774,0,0.5944,0,1.1887,0,1.7831,0,0.5944,0.5944,0.5944,0,0,0,0,0,0.0001,0.0001,0,0.0001,0.0002,0,0,0,0.0001,0,0.0001,0,0,0,0,0,0.1826,0.223,0.1826,0.223,1
2.6358,0,0,0.5272,0,0,0,0,1.0543,0,0,0.5272,0,0,6.8531,0,0,0,0,0,0.0004,0,0,0.0001,0,0,0,0,0.0002,0,0,0.0001,0,0,0.001,0,0,0,0,0,0.2135,0.2594,0.2135,0.2594,1
1.3964,0,0,0,0,0.9309,0.4655,0.9309,2.3273,2.3273,0,0,0.4655,0,0.9309,0,0.4655,0.4655,0,0.4655,0.0002,0,0,0,0,0.0001,0.0001,0.0001,0.0003,0.0003,0,0,0.0001,0,0.0001,0,0.0001,0.0001,0,0.0001,0.2165,0.318,0.2165,0.318,1
1.2652,0,0.6326,0,0,1.2652,0,0.6326,0.6326,1.2652,0.6326,0,0,0.6326,1.2652,0,0,0,0.6326,0,0.0002,0,0.0001,0,0,0.0002,0,0.0001,0.0001,0.0002,0.0001,0,0,0.0001,0.0002,0,0,0,0.0001,0,0.1931,0.1743,0.1931,0.1743,1
1.8826,0.6275,0,1.8826,0,0.6275,0,0.6275,0.6275,0.6275,0,0,0.6275,0,0,0,1.8826,0.6275,0.6275,0,0.0002,0.0001,0,0.0002,0,0.0001,0,0.0001,0.0001,0.0001,0,0,0.0001,0,0,0,0.0002,0.0001,0.0001,0,0.2133,0.1592,0.2133,0.1592,1
0.4822,0.9643,0.4822,0,0.4822,0.4822,0,0.9643,1.4465,1.9287,0,0,0.4822,0,1.4465,0,0.9643,0,0.4822,0,0,0.0001,0,0,0,0,0,0.0001,0.0001,0.0002,0,0,0,0,0.0001,0,0.0001,0,0,0,0.2721,0.2457,0.2721,0.2457,1
1.3099,3.2748,0.655,0,1.3099,1.3099,0,0.655,0.655,0.655,1.3099,0.655,2.6199,0,0,1.3099,0.655,2.6199,0.655,0,0,0.0001,0,0,0,0,0,0,0,0,0,0,0.0001,0,0,0,0,0.0001,0,0,0.1833,0.1618,0.1833,0.1618,1
2.8241,1.4121,0.9414,0.9414,0,0,0.4707,1.4121,1.4121,0.4707,0.9414,0,0,0,0.4707,0,1.8828,0.4707,0,0.4707,0.0002,0.0001,0.0001,0.0001,0,0,0,0.0001,0.0001,0,0.0001,0,0,0,0,0,0.0001,0,0,0,0.2714,0.2579,0.2714,0.2579,1
0.6469,0,0,0.6469,0,1.9407,0,0,0.6469,0,0.6469,0.6469,2.5876,0,1.9407,0.6469,0,0,0,0.6469,0.0001,0,0,0.0001,0,0.0002,0,0,0.0001,0,0.0001,0.0001,0.0003,0,0.0002,0.0001,0,0,0,0.0001,0.1752,0.1779,0.1752,0.1779,1
0,0,0.7348,0,0.7348,0,0,0,0.7348,2.2044,0.7348,0.7348,1.4696,0,0,0.7348,0.7348,1.4696,0,0.7348,0,0,0.0001,0,0.0001,0,0,0,0.0001,0.0003,0.0001,0.0001,0.0002,0,0,0.0001,0.0001,0.0002,0,0.0001,0.1491,0.1161,0.1491,0.1161,1
1.2884,0,0.6442,0,0.6442,1.9326,0.6442,0.6442,0,0,0,0,1.2884,0.6442,1.9326,0.6442,0.6442,1.9326,0,0.6442,0.0001,0,0.0001,0,0.0001,0.0002,0.0001,0.0001,0,0,0,0,0.0001,0.0001,0.0002,0.0001,0.0001,0.0002,0,0.0001,0.1634,0.1924,0.1634,0.1924,1
0.6645,0.6645,0.6645,0,0.6645,3.9868,0,0,0,0.6645,0,0,0,0.6645,1.3289,1.3289,1.9934,1.3289,0,0,0,0,0,0,0,0.0003,0,0,0,0,0,0,0,0,0.0001,0.0001,0.0001,0.0001,0,0,0.1435,0.192,0.1435,0.192,1
2.8254,1.1301,0.5651,0.5651,0.5651,0,0.5651,0.5651,0.5651,1.1301,1.1301,0,1.6952,0.5651,0.5651,0.5651,0.5651,2.2603,0,0.5651,0.0002,0.0001,0,0,0,0,0,0,0,0.0001,0.0001,0,0.0001,0,0,0,0,0.0001,0,0,0.2419,0.193,0.2419,0.193,1
0,2.7716,0,0,0.5543,1.1086,0,0,0,1.1086,0,0.5543,0,0,2.7716,0,0.5543,0.5543,0,0,0,0.0002,0,0,0,0.0001,0,0,0,0.0001,0,0,0,0,0.0002,0,0,0,0,0,0.2033,0.2424,0.2033,0.2424,1
0,1.1216,0.5608,0.5608,1.1216,0.5608,1.1216,0.5608,0.5608,0,2.804,1.1216,0,0,0.5608,0,0.5608,1.6824,0.5608,0.5608,0,0.0001,0,0,0.0001,0,0.0001,0,0,0,0.0002,0.0001,0,0,0,0,0,0.0001,0,0,0.207,0.2322,0.207,0.2322,1
1.6214,0,0,0,0,0,0,0.5405,1.6214,0.5405,1.0809,0,0,0,1.0809,0.5405,0.5405,0.5405,2.1619,0,0.0002,0,0,0,0,0,0,0.0001,0.0002,0.0001,0.0001,0,0,0,0.0001,0.0001,0.0001,0.0001,0.0003,0,0.2122,0.2473,0.2122,0.2473,1
0.5579,0,1.1158,0,0,0,1.1158,0.5579,0.5579,0,0,1.1158,0.5579,0.5579,1.6736,0,0.5579,1.1158,0.5579,1.1158,0.0001,0,0.0001,0,0,0,0.0001,0.0001,0.0001,0,0,0.0001,0.0001,0.0001,0.0002,0,0.0001,0.0001,0.0001,0.0001,0.1907,0.2514,0.1907,0.2514,1
0,0,1.9041,1.2694,0.6347,0.6347,0,0,0,1.9041,0,0,0.6347,0,1.2694,0,0,0,0,0,0,0,0.0002,0.0002,0.0001,0.0001,0,0,0,0.0002,0,0,0.0001,0,0.0002,0,0,0,0,0,0.1799,0.1853,0.1799,0.1853,1
1.3109,1.3109,0.6555,0.6555,0,0,0.6555,0.6555,0,0.6555,0,1.3109,0.6555,0,0.6555,1.3109,1.9664,1.9664,0,0.6555,0.0001,0.0001,0,0,0,0,0,0,0,0,0,0.0001,0,0,0,0.0001,0.0001,0.0001,0,0,0.1743,0.1702,0.1743,0.1702,1
0.4899,0.9798,0,0.4899,0.4899,0,0,0.9798,2.4494,1.4697,0.4899,0,0.9798,0,0.9798,0.4899,0.4899,1.9595,0.4899,0.4899,0,0.0001,0,0,0,0,0,0.0001,0.0002,0.0001,0,0,0.0001,0,0.0001,0,0,0.0002,0,0,0.2235,0.2866,0.2235,0.2866,1
3.6661,0,0,0,0,0,0,0,2.1997,2.9329,0,0,0.7332,0,1.4665,0,0,1.4665,0,0,0.0006,0,0,0,0,0,0,0,0.0003,0.0005,0,0,0.0001,0,0.0002,0,0,0.0002,0,0,0.1152,0.1516,0.1152,0.1516,1
0,0,0,0,0,0,0.841,2.5229,0,5.0457,0,0.841,0,0,0,0.841,0,0.841,0.841,0.841,0,0,0,0,0,0,0.0001,0.0004,0,0.0008,0,0.0001,0,0,0,0.0001,0,0.0001,0.0001,0.0001,0.0808,0.0783,0.0808,0.0783,1
2.1566,0,0.5392,0,0.5392,0.5392,0,0,1.0783,1.6175,0,0,0,0,1.0783,0.5392,0,0,1.6175,0,0.0002,0,0,0,0,0,0,0,0.0001,0.0001,0,0,0,0,0.0001,0,0,0,0.0001,0,0.2617,0.1992,0.2617,0.1992,1
0,0.8192,0,0,0,0,0.8192,0.8192,0,1.6383,0.8192,0,4.0958,0,0,0,0.8192,0,0.8192,0,0,0.0001,0,0,0,0,0.0001,0.0001,0,0.0001,0.0001,0,0.0004,0,0,0,0.0001,0,0.0001,0,0.1087,0.0721,0.1087,0.0721,1
1.0128,0.5064,0,0.5064,0.5064,0.5064,1.0128,0.5064,2.0255,1.0128,1.0128,0,0.5064,0,1.0128,1.0128,0.5064,0,1.0128,0.5064,0.0001,0,0,0,0,0,0.0001,0,0.0002,0.0001,0.0001,0,0,0,0.0001,0.0001,0,0,0.0001,0,0.2949,0.1987,0.2949,0.1987,1
0,0,0.7913,0,0,0,0,0.7913,0,0,2.3739,3.1652,0,0.7913,0,0,0,1.5826,0,0,0,0,0.0001,0,0,0,0,0.0001,0,0,0.0002,0.0003,0,0.0001,0,0,0,0.0001,0,0,0.0992,0.1095,0.0992,0.1095,1
0,0.5744,0,0,0.5744,0.5744,0,0,1.7233,0.5744,1.1489,1.7233,0,0,1.1489,0.5744,2.2978,1.7233,0,0,0,0,0,0,0,0,0,0,0.0001,0,0.0001,0.0001,0,0,0.0001,0,0.0002,0.0001,0,0,0.1818,0.2438,0.1818,0.2438,1
2.2908,0,2.2908,0,0,0,0,0,0,1.5272,0,0,0,0,0,1.5272,0,3.0544,0,0,0.0002,0,0.0002,0,0,0,0,0,0,0.0001,0,0,0,0,0,0.0001,0,0.0003,0,0,0.1577,0.0787,0.1577,0.0787,1
1.6655,0.5552,0,1.1103,0.5552,0,1.1103,0,1.1103,0.5552,0.5552,0.5552,0,0,1.6655,1.1103,0.5552,0.5552,0,0,0.0002,0.0001,0,0.0001,0.0001,0,0.0001,0,0.0001,0.0001,0.0001,0.0001,0,0,0.0002,0.0001,0.0001,0.0001,0,0,0.1977,0.2471,0.1977,0.2471,1
0.6983,3.4917,0,0.6983,0.6983,1.3967,0,1.3967,0,1.3967,2.095,0,2.095,0,0,2.095,2.7933,0.6983,0.6983,0.6983,0,0.0001,0,0,0,0.0001,0,0.0001,0,0.0001,0.0001,0,0.0001,0,0,0.0001,0.0001,0,0,0,0.1285,0.1731,0.1285,0.1731,1
2.8282,0.707,1.4141,0,0,0,0,0,0.707,0.707,0,0,0.707,0.707,0.707,2.1211,0,1.4141,0,0,0.0002,0.0001,0.0001,0,0,0,0,0,0.0001,0.0001,0,0,0.0001,0.0001,0.0001,0.0002,0,0.0001,0,0,0.1535,0.1395,0.1535,0.1395,1
0.5429,1.6288,0,0,0.5429,0.5429,0.5429,0,1.6288,0,0.5429,0,0,0,4.8865,1.0859,0,0,0,0.5429,0,0.0001,0,0,0,0,0,0,0.0001,0,0,0,0,0,0.0003,0.0001,0,0,0,0,0.1838,0.2732,0.1838,0.2732,1
3.1973,0,0,0,0.7993,1.5986,0,0,0,5.5953,0.7993,0.7993,0,0.7993,0,0,0,0,0,0,0.0003,0,0,0,0.0001,0.0001,0,0,0,0.0005,0.0001,0.0001,0,0.0001,0,0,0,0,0,0,0.1027,0.098,0.1027,0.098,1
2.7893,0,0,0,1.3946,0,0,0,0.9298,0,0.4649,0,0,0.4649,2.7893,0,0.9298,0,0,0.9298,0.0004,0,0,0,0.0002,0,0,0,0.0001,0,0.0001,0,0,0.0001,0.0004,0,0.0001,0,0,0.0001,0.2534,0.2817,0.2534,0.2817,1
0,0,0.6317,0,1.2634,0,0.6317,1.8951,0.6317,0,0.6317,1.2634,0.6317,0,0,1.2634,0.6317,1.8951,0.6317,1.2634,0,0,0,0,0.0001,0,0,0.0001,0,0,0,0.0001,0,0,0,0.0001,0,0.0001,0,0.0001,0.1739,0.1944,0.1739,0.1944,1
1.7455,1.7455,0.5818,0,0,0,0.5818,0,0,1.1637,1.1637,1.7455,0,0.5818,0.5818,0.5818,0.5818,1.7455,0.5818,1.1637,0.0001,0.0001,0,0,0,0,0,0,0,0.0001,0.0001,0.0001,0,0,0,0,0,0.0001,0,0.0001,0.2191,0.199,0.2191,0.199,1
0.6877,1.3753,0,0,0,1.3753,0.6877,0.6877,0.6877,0.6877,0.6877,0,0,0,1.3753,0.6877,1.3753,0,0,0.6877,0.0001,0.0001,0,0,0,0.0001,0.0001,0.0001,0.0001,0.0001,0.0001,0,0,0,0.0001,0.0001,0.0001,0,0,0.0001,0.1227,0.1896,0.1227,0.1896,1
0.5053,0.5053,0,0,2.5266,1.0107,0.5053,0,2.0213,2.0213,1.0107,0,0,0,0.5053,0,1.0107,1.0107,0,0,0,0,0,0,0.0002,0.0001,0,0,0.0002,0.0002,0.0001,0,0,0,0,0,0.0001,0.0001,0,0,0.2647,0.23,0.2647,0.23,1
1.6906,0,0,0,0,0.8453,0,0,1.6906,2.5359,0,0,0,0,1.6906,0,0.8453,1.6906,0,0,0.0004,0,0,0,0,0.0002,0,0,0.0004,0.0006,0,0,0,0,0.0004,0,0.0002,0.0004,0,0,0.0629,0.0918,0.0629,0.0918,1
0,0.587,1.174,1.174,1.174,0,0.587,0,0,0,0,0.587,0,0,1.7611,0.587,0.587,1.174,0,0,0,0.0001,0.0001,0.0001,0.0001,0,0.0001,0,0,0,0,0.0001,0,0,0.0002,0.0001,0.0001,0.0001,0,0,0.2749,0.1381,0.2749,0.1381,1
0,1.7136,0.5712,0,1.1424,1.7136,1.1424,0.5712,0,0,0.5712,0.5712,1.1424,1.7136,0,1.1424,2.856,0.5712,0.5712,1.1424,0,0.0001,0,0,0.0001,0.0001,0.0001,0,0,0,0,0,0.0001,0.0001,0,0.0001,0.0001,0,0,0.0001,0.2224,0.2064,0.2224,0.2064,1
0.6099,1.8296,0.6099,0,1.2198,0.6099,1.2198,0,0.6099,0.6099,1.2198,1.2198,1.2198,0,0,0.6099,0.6099,1.2198,0.6099,0.6099,0,0.0001,0,0,0.0001,0,0.0001,0,0,0,0.0001,0.0001,0.0001,0,0,0,0,0.0001,0,0,0.1971,0.193,0.1971,0.193,1
1.3788,2.7575,0.6894,0,1.3788,2.7575,0,0.6894,0,1.3788,0,0.6894,0,0,0,0.6894,0.6894,0.6894,0.6894,0.6894,0.0001,0.0001,0,0,0.0001,0.0001,0,0,0,0.0001,0,0,0,0,0,0,0,0,0,0,0.1785,0.1321,0.1785,0.1321,1
0,0,0.9498,0,0,0,0,0.4749,1.8995,1.8995,0,0.4749,0,0,1.4246,0.4749,0,0.4749,1.4246,0,0,0,0.0001,0,0,0,0,0,0.0002,0.0002,0,0,0,0,0.0001,0,0,0,0.0001,0,0.2411,0.284,0.2411,0.284,1
0.6578,0.6578,0.6578,0,0,2.6312,0,0.6578,2.6312,0,0.6578,0.6578,0,0,0,0.6578,1.9734,1.3156,0,0,0,0,0,0,0,0.0002,0,0,0.0002,0,0,0,0,0,0,0,0.0001,0.0001,0,0,0.2015,0.1407,0.2015,0.1407,1
0,1.2862,0.6431,0,0,1.2862,0.6431,0,1.9293,0,0,0.6431,0.6431,0,1.9293,0,1.9293,0.6431,0,0,0,0.0001,0.0001,0,0,0.0001,0.0001,0,0.0002,0,0,0.0001,0.0001,0,0.0002,0,0.0002,0.0001,0,0,0.1613,0.1956,0.1613,0.1956,1
1.7076,0,0,0,0,0.8538,0,0.8538,0,5.1229,0,0,0,0,0,0.8538,0,0.8538,3.4152,0,0.0002,0,0,0,0,0.0001,0,0.0001,0,0.0007,0,0,0,0,0,0.0001,0,0.0001,0.0005,0,0.1019,0.0443,0.1019,0.0443,1
4.1143,0,0.4114,0,0,0,0,0.4114,4.9372,0,0.4114,0,0,0.4114,0,0,0,0,0.4114,0,0.0004,0,0,0,0,0,0,0,0.0005,0,0,0,0,0,0,0,0,0,0,0,0.2372,0.3514,0.2372,0.3514,1
1.5343,0,1.5343,0,1.5343,0,0,0,0,0.7672,0,0,0,0,0,0.7672,0,2.3015,0,1.5343,0.0002,0,0.0002,0,0.0002,0,0,0,0,0.0001,0,0,0,0,0,0.0001,0,0.0002,0,0.0002,0.1392,0.0936,0.1392,0.0936,1
0.5917,0,0.5917,0,1.1834,0,0,1.7751,2.3668,2.9585,0,0,0,0.5917,5.3253,0.5917,0,0,0,0,0.0001,0,0.0001,0,0.0001,0,0,0.0002,0.0003,0.0003,0,0,0,0.0001,0.0006,0.0001,0,0,0,0,0.2356,0.1727,0.2356,0.1727,1
2.7415,0,0,0,2.0561,0.6854,1.3708,0.6854,0,0.6854,0.6854,0.6854,0.6854,0.6854,0,0.6854,0.6854,1.3708,0.6854,0.6854,0.0003,0,0,0,0.0002,0.0001,0.0001,0.0001,0,0.0001,0.0001,0.0001,0.0001,0.0001,0,0.0001,0.0001,0.0001,0.0001,0.0001,0.1474,0.1672,0.1474,0.1672,1
2.0971,0,1.0485,0.5243,0,0,0,0,0,0.5243,0,1.5728,0,0,2.0971,0,1.0485,2.6214,0.5243,0,0.0002,0,0.0001,0,0,0,0,0,0,0,0,0.0001,0,0,0.0002,0,0.0001,0.0002,0,0,0.2471,0.2286,0.2471,0.2286,1
0.571,3.426,0,0.571,0,1.713,0,1.142,1.142,0.571,0,0.571,1.142,0,0.571,2.855,0,1.713,0,1.142,0,0.0001,0,0,0,0.0001,0,0,0,0,0,0,0,0,0,0.0001,0,0.0001,0,0,0.2324,0.1966,0.2324,0.1966,1
6.2953,0.7869,0,0,0.7869,1.5738,0,1.5738,0,3.1476,0.7869,0,0,0,0,0.7869,0.7869,1.5738,0.7869,0,0.0004,0,0,0,0,0.0001,0,0.0001,0,0.0002,0,0,0,0,0,0,0,0.0001,0,0,0.1062,0.1069,0.1062,0.1069,1
0.5385,0,0.5385,0,1.0771,1.0771,0,0.5385,0.5385,2.6927,0,2.1542,0,1.6156,0.5385,0.5385,1.0771,0,0,0.5385,0,0,0,0,0.0001,0.0001,0,0,0,0.0002,0,0.0001,0,0.0001,0,0,0.0001,0,0,0,0.2402,0.2213,0.2402,0.2213,1
0.5915,0.5915,1.183,0,0.5915,1.7745,0,1.183,0,1.183,0,2.366,1.183,0,1.183,0,0.5915,1.183,0,0.5915,0,0,0.0001,0,0,0.0001,0,0.0001,0,0.0001,0,0.0001,0.0001,0,0.0001,0,0,0.0001,0,0,0.2205,0.188,0.2205,0.188,1
1.2217,0,0,0,0,1.2217,1.2217,0.6109,1.2217,3.6652,0,0,1.2217,0,0,1.8326,0,3.0543,0,0,0.0001,0,0,0,0,0.0001,0.0001,0,0.0001,0.0003,0,0,0.0001,0,0,0.0001,0,0.0002,0,0,0.1748,0.2143,0.1748,0.2143,1
0.7314,0,0,0,0,0.7314,0,1.4627,0,1.4627,1.4627,0,0,0.7314,1.4627,0,1.4627,0,0,0,0.0001,0,0,0,0,0.0001,0,0.0003,0,0.0003,0.0003,0,0,0.0001,0.0003,0,0.0003,0,0,0,0.1548,0.1138,0.1548,0.1138,1
1.0034,0,0,1.0034,0,0,0.5017,0.5017,2.0068,1.0034,1.0034,0,0,0,0.5017,1.5051,1.5051,0,0.5017,0,0.0001,0,0,0.0001,0,0,0.0001,0.0001,0.0002,0.0001,0.0001,0,0,0,0.0001,0.0002,0.0002,0,0.0001,0,0.2826,0.2157,0.2826,0.2157,1
0,0,0,0.6546,0.6546,1.3092,0.6546,1.9639,0,1.3092,0,0.6546,0,0,0,0,0,0,1.3092,0,0,0,0,0.0001,0.0001,0.0001,0.0001,0.0002,0,0.0001,0,0.0001,0,0,0,0,0,0,0.0001,0,0.1648,0.1806,0.1648,0.1806,1
2.4379,0,0,0.8126,0,1.6253,0,0.8126,0,0,0.8126,0.8126,0,0,0,0,0,0.8126,0,0,0.0004,0,0,0.0001,0,0.0003,0,0.0001,0,0,0.0001,0.0001,0,0,0,0,0,0.0001,0,0,0.0882,0.0992,0.0882,0.0992,1
0,0.5921,0.5921,0.5921,0,0,0.5921,1.7762,0.5921,0,1.1841,1.1841,1.1841,0.5921,0.5921,0.5921,2.3683,1.1841,0,0,0,0,0,0,0,0,0,0.0001,0,0,0.0001,0.0001,0.0001,0,0,0,0.0002,0.0001,0,0,0.2526,0.1553,0.2526,0.1553,1
0.9501,0.4751,0,0,0.4751,0.4751,1.9002,0.4751,0.9501,0,0.4751,0.9501,0,0.4751,1.4252,0.4751,0.9501,1.4252,0.9501,0,0.0001,0,0,0,0,0,0.0002,0,0.0001,0,0,0.0001,0,0,0.0001,0,0.0001,0.0001,0.0001,0,0.2931,0.2318,0.2931,0.2318,1
0.6241,0,0.6241,0,0,3.1204,0,0.6241,1.2482,4.9927,0,0,0.6241,0,0,0,0,0.6241,0,0,0,0,0,0,0,0.0002,0,0,0.0001,0.0004,0,0,0,0,0,0,0,0,0,0,0.1604,0.2155,0.1604,0.2155,1
0,0,0.8463,2.539,0.4232,0,0,1.2695,2.539,0.4232,0.4232,0.8463,0.4232,0.8463,0,0.4232,0.4232,0,0.8463,0.4232,0,0,0.0001,0.0002,0,0,0,0.0001,0.0002,0,0,0.0001,0,0.0001,0,0,0,0,0.0001,0,0.251,0.3258,0.251,0.3258,1
0,0,0.6208,0,1.2415,1.2415,0,0,1.2415,0,0.6208,1.8623,1.2415,0.6208,0.6208,1.2415,1.2415,0.6208,1.2415,0,0,0,0,0,0.0001,0.0001,0,0,0.0001,0,0,0.0001,0.0001,0,0,0.0001,0.0001,0,0.0001,0,0.2163,0.1629,0.2163,0.1629,1
1.7883,0,0,0,0,1.1922,1.1922,0.5961,1.1922,3.5766,0.5961,0,1.1922,0,0,1.7883,0,2.3844,0,0,0.0001,0,0,0,0,0.0001,0.0001,0,0.0001,0.0003,0,0,0.0001,0,0,0.0001,0,0.0002,0,0,0.1722,0.2317,0.1722,0.2317,1
0,0.6966,0,0.6966,0.6966,0.6966,0.6966,0,0.6966,1.3932,0.6966,0,0.6966,0,0,0,0,0.6966,0.6966,0,0,0.0001,0,0.0001,0.0001,0.0001,0.0001,0,0.0001,0.0002,0.0001,0,0.0001,0,0,0,0,0.0001,0.0001,0,0.1347,0.1687,0.1347,0.1687,1
1.178,0,1.767,0,1.178,0.589,0,0.589,0,0.589,1.178,0.589,0,0.589,0.589,0.589,2.356,0.589,0,0.589,0.0001,0,0.0001,0,0.0001,0,0,0,0,0,0.0001,0,0,0,0,0,0.0002,0,0,0,0.2091,0.2019,0.2091,0.2019,1
0,0.6807,0.6807,0,1.3614,2.0421,0,1.3614,0,0.6807,0.6807,0,0,0,0.6807,0,0.6807,0.6807,0,0.6807,0,0.0001,0.0001,0,0.0001,0.0002,0,0.0001,0,0.0001,0.0001,0,0,0,0.0001,0,0.0001,0.0001,0,0.0001,0.2134,0.1059,0.2134,0.1059,1
0,0,0,0.6784,0,2.0353,0.6784,0.6784,0,0,0,1.3569,0,0,0.6784,0,0,0.6784,0.6784,0.6784,0,0,0,0.0001,0,0.0002,0.0001,0.0001,0,0,0,0.0002,0,0,0.0001,0,0,0.0001,0.0001,0.0001,0.1657,0.1559,0.1657,0.1559,1
0.5602,3.3612,0.5602,1.1204,0.5602,1.1204,0,1.6806,0.5602,0.5602,0,1.1204,1.1204,0,0.5602,1.1204,0.5602,1.1204,0.5602,0.5602,0,0.0001,0,0,0,0,0,0.0001,0,0,0,0,0,0,0,0,0,0,0,0,0.254,0.1858,0.254,0.1858,1
0,0,0,0,0.7629,1.5257,0,0,0,4.5772,0.7629,1.5257,0,0.7629,0,1.5257,1.5257,0,0,0,0,0,0,0,0.0001,0.0001,0,0,0,0.0003,0.0001,0.0001,0,0.0001,0,0.0001,0.0001,0,0,0,0.0953,0.1419,0.0953,0.1419,1
1.2032,0,0.6016,0,0,1.8048,0.6016,0,0.6016,1.2032,0.6016,0,0,0,1.2032,1.2032,0,0,0,0,0.0001,0,0.0001,0,0,0.0002,0.0001,0,0.0001,0.0001,0.0001,0,0,0,0.0001,0.0001,0,0,0,0,0.2223,0.1761,0.2223,0.1761,1
0.7301,0.7301,0,0,0.7301,2.1903,0,0,0.7301,0,0.7301,0.7301,0.7301,0,0,0,0.7301,0,1.4602,0,0.0001,0.0001,0,0,0.0001,0.0002,0,0,0.0001,0,0.0001,0.0001,0.0001,0,0,0,0.0001,0,0.0001,0,0.1345,0.1354,0.1345,0.1354,1
0,0,0,0.5027,1.0054,0,0.5027,1.0054,1.5081,1.5081,0.5027,0,1.0054,0.5027,2.5135,0,0.5027,1.5081,0,1.0054,0,0,0,0.0001,0.0001,0,0.0001,0.0001,0.0002,0.0002,0.0001,0,0.0001,0.0001,0.0003,0,0.0001,0.0002,0,0.0001,0.2193,0.278,0.2193,0.278,1
0.6945,0.6945,0,0,0.6945,0.6945,0.6945,0.6945,0.6945,2.0835,0.6945,0,0.6945,0,0,0,0.6945,3.4725,1.389,0,0.0001,0.0001,0,0,0.0001,0.0001,0.0001,0.0001,0.0001,0.0002,0.0001,0,0.0001,0,0,0,0.0001,0.0003,0.0001,0,0.1626,0.1429,0.1626,0.1429,1
0,1.0184,1.5276,0.5092,0.5092,0,0,0,0.5092,1.0184,0.5092,0,0,0,0.5092,1.0184,0,1.0184,2.0369,0,0,0.0001,0.0001,0,0,0,0,0,0,0.0001,0,0,0,0,0,0.0001,0,0.0001,0.0001,0,0.2493,0.2415,0.2493,0.2415,1
0,0,0.7277,0,1.4555,0.7277,0,0,0.7277,1.4555,1.4555,0.7277,0,0.7277,0.7277,0.7277,0.7277,0.7277,0,0,0,0,0.0001,0,0.0002,0.0001,0,0,0.0001,0.0002,0.0002,0.0001,0,0.0001,0.0001,0.0001,0.0001,0.0001,0,0,0.1672,0.105,0.1672,0.105,1
1.9588,0,0.6529,0,0.6529,0.6529,0,0.6529,0.6529,1.3059,0.6529,0.6529,0,0,0,0,0,1.3059,0.6529,1.3059,0.0002,0,0.0001,0,0.0001,0.0001,0,0.0001,0.0001,0.0001,0.0001,0.0001,0,0,0,0,0,0.0001,0.0001,0.0001,0.1659,0.1812,0.1659,0.1812,1
0,0.4926,1.9703,0,0.9851,0,0,0.4926,0.9851,1.4777,0,0,0,0,0.4926,0.9851,0,0,1.4777,0.4926,0,0,0.0001,0,0.0001,0,0,0,0.0001,0.0001,0,0,0,0,0,0.0001,0,0,0.0001,0,0.2373,0.2701,0.2373,0.2701,1
0.6812,0,0,0,0,0,0.6812,2.0435,0.6812,0,0.6812,0,0.6812,0,0.6812,0.6812,0,0,0.6812,0,0.0001,0,0,0,0,0,0.0001,0.0003,0.0001,0,0.0001,0,0.0001,0,0.0001,0.0001,0,0,0.0001,0,0.1596,0.1592,0.1596,0.1592,1
0.5699,2.2797,1.1399,0,0,0,0,0,0.5699,0,1.1399,0.5699,1.7098,0.5699,1.7098,1.1399,2.2797,1.1399,0,1.1399,0,0.0001,0.0001,0,0,0,0,0,0,0,0.0001,0,0.0001,0,0.0001,0.0001,0.0001,0.0001,0,0.0001,0.206,0.224,0.206,0.224,1
0,0,0,0,2.5825,0,0,0,3.4433,0.8608,0,0,0.8608,0,0,0,0,2.5825,0,0.8608,0,0,0,0,0.0008,0,0,0,0.001,0.0003,0,0,0.0003,0,0,0,0,0.0008,0,0.0003,0.0541,0.0851,0.0541,0.0851,1
1.6801,0,0,0.56,1.12,3.3601,0,0,1.12,0.56,0,0,0.56,0,0.56,1.12,0.56,0,0,0.56,0.0001,0,0,0,0.0001,0.0003,0,0,0.0001,0,0,0,0,0,0,0.0001,0,0,0,0,0.2414,0.1986,0.2414,0.1986,1
0,0.5219,0.5219,0.5219,0.5219,0,0.5219,0.5219,1.0438,1.0438,0.5219,0,0.5219,0,1.0438,0,0,1.0438,1.5657,0,0,0,0,0,0,0,0,0,0.0001,0.0001,0,0,0,0,0.0001,0,0,0.0001,0.0001,0,0.2456,0.2325,0.2456,0.2325,1
0,0.7583,1.5166,0.7583,0,0,0,0.7583,0,1.5166,0.7583,0,2.275,0,0,0.7583,0.7583,0.7583,0,0.7583,0,0.0001,0.0001,0.0001,0,0,0,0.0001,0,0.0001,0.0001,0,0.0002,0,0,0.0001,0.0001,0.0001,0,0.0001,0.1158,0.1259,0.1158,0.1259,1
3.2007,0,0.6401,0,0,2.5605,1.2803,0,0.6401,1.9204,0,0.6401,1.2803,0.6401,0,0.6401,0,4.4809,0,0,0.0003,0,0.0001,0,0,0.0002,0.0001,0,0.0001,0.0002,0,0.0001,0.0001,0.0001,0,0.0001,0,0.0004,0,0,0.2179,0.142,0.2179,0.142,1
0,0,0,0,0,1.1341,0,0.567,0.567,3.9692,0,0.567,0.567,0,1.7011,0,0.567,1.1341,0,0.567,0,0,0,0,0,0.0001,0,0.0001,0.0001,0.0004,0,0.0001,0.0001,0,0.0002,0,0.0001,0.0001,0,0.0001,0.2116,0.2214,0.2116,0.2214,1
2.0125,0.6708,0.6708,0,0.6708,0.6708,0,0,1.3417,0.6708,0,0.6708,0.6708,0,0,0,0.6708,1.3417,0,0,0.0002,0.0001,0.0001,0,0.0001,0.0001,0,0,0.0001,0.0001,0,0.0001,0.0001,0,0,0,0.0001,0.0001,0,0,0.1814,0.1478,0.1814,0.1478,1
0.4395,1.3186,0.4395,0,0,0.879,0.879,0,0.879,2.1976,0,0,0.879,0,2.6371,0,0.4395,1.3186,0,0,0,0.0001,0,0,0,0.0001,0.0001,0,0.0001,0.0001,0,0,0.0001,0,0.0002,0,0,0.0001,0,0,0.2862,0.2743,0.2862,0.2743,1
1.2471,0,1.8706,0,0,0.6235,0,0,1.2471,0.6235,0.6235,1.2471,0,0,1.2471,0,0.6235,0,0,0,0.0001,0,0.0002,0,0,0.0001,0,0,0.0001,0.0001,0.0001,0.0001,0,0,0.0001,0,0.0001,0,0,0,0.1896,0.1868,0.1896,0.1868,1
0,0,0.846,0,0.846,0,0,0,0,5.076,0.846,0.846,0.846,0,0,0,0.846,0.846,0,0,0,0,0.0001,0,0.0001,0,0,0,0,0.0008,0.0001,0.0001,0.0001,0,0,0,0.0001,0.0001,0,0,0.0951,0.0589,0.0951,0.0589,1
0,0,0.45,3.1502,0,0,0,1.3501,2.7002,0.45,0,0.45,0,0,0,0.45,0.45,0,0.9001,0.45,0,0,0,0.0003,0,0,0,0.0001,0.0003,0,0,0,0,0,0,0,0,0,0.0001,0,0.257,0.2929,0.257,0.2929,1
0.5604,0.5604,0.5604,0.5604,1.6811,0,1.1207,0,1.1207,0.5604,0,0,1.6811,0.5604,0.5604,0,1.6811,1.6811,0.5604,0,0,0,0,0,0.0001,0,0.0001,0,0.0001,0,0,0,0.0001,0,0,0,0.0001,0.0001,0,0,0.2523,0.1874,0.2523,0.1874,1
0.8618,0,0,4.3092,0.4309,0,0,0,3.0164,2.1546,0,0.8618,0,1.2928,0,0,0,0,0,0,0.0001,0,0,0.0005,0,0,0,0,0.0003,0.0002,0,0.0001,0,0.0001,0,0,0,0,0,0,0.2579,0.3112,0.2579,0.3112,1
0,0,0,0,0,0,0,0,0.7324,1.4649,0,0,3.6622,0,0,0,0,0,3.6622,0,0,0,0,0,0,0,0,0,0.0001,0.0002,0,0,0.0004,0,0,0,0,0,0.0004,0,0.1612,0.1063,0.1612,0.1063,1
1.0077,0.5038,0,0,0,1.5115,1.0077,1.5115,2.0153,1.0077,0,0.5038,0.5038,0.5038,0,0,1.5115,2.0153,0,0.5038,0.0001,0,0,0,0,0.0001,0.0001,0.0001,0.0001,0.0001,0,0,0,0,0,0,0.0001,0.0001,0,0,0.2595,0.2366,0.2595,0.2366,1
0.7591,0.7591,0,0,1.5181,0.7591,0,0,0,0,0.7591,0.7591,0,1.5181,0,0,0.7591,1.5181,2.2772,0,0.0001,0.0001,0,0,0.0001,0.0001,0,0,0,0,0.0001,0.0001,0,0.0001,0,0,0.0001,0.0001,0.0002,0,0.1224,0.1186,0.1224,0.1186,1
0.6221,0.6221,0,2.4883,0,0.6221,0,0.6221,0.6221,0.6221,0,0,0.6221,0,0.6221,0.6221,1.2441,1.8662,0,0,0.0001,0.0001,0,0.0002,0,0.0001,0,0.0001,0.0001,0.0001,0,0,0.0001,0,0.0001,0.0001,0.0001,0.0002,0,0,0.2117,0.1662,0.2117,0.1662,1
1.5425,0,0.5142,0.5142,0,1.0283,0,1.5425,1.0283,0.5142,0,1.5425,0.5142,0,1.0283,0,1.5425,1.5425,0,0.5142,0.0002,0,0.0001,0.0001,0,0.0001,0,0.0002,0.0001,0.0001,0,0.0002,0.0001,0,0.0001,0,0.0002,0.0002,0,0.0001,0.2433,0.2426,0.2433,0.2426,1
0.5242,0,0,1.0485,1.0485,0.5242,0.5242,1.0485,1.0485,2.097,0,0,0,0.5242,5.7666,0,0,0,0,0,0.0001,0,0,0.0001,0.0001,0.0001,0.0001,0.0001,0.0001,0.0003,0,0,0,0.0001,0.0007,0,0,0,0,0,0.2284,0.2474,0.2284,0.2474,1
0.4753,0.4753,0,4.2775,0,0,0,0,2.8516,1.4258,0,0.4753,0,0,0,0,0.4753,0.4753,0,0.4753,0,0,0,0.0004,0,0,0,0,0.0002,0.0001,0,0,0,0,0,0,0,0,0,0,0.2327,0.292,0.2327,0.292,1
0,0,0,1.6938,0,0,0,0.5646,1.1292,1.1292,0,0.5646,0,0.5646,1.6938,0.5646,0.5646,1.1292,0.5646,0,0,0,0,0.0002,0,0,0,0.0001,0.0001,0.0001,0,0.0001,0,0.0001,0.0002,0.0001,0.0001,0.0001,0.0001,0,0.2122,0.2232,0.2122,0.2232,1
0.5569,3.3414,0,0.5569,0,1.6707,0,1.1138,1.1138,1.1138,0,0.5569,1.1138,0,0.5569,2.7845,0,1.1138,0.5569,0.5569,0,0.0001,0,0,0,0.0001,0,0,0,0,0,0,0,0,0,0.0001,0,0,0,0,0.2367,0.2064,0.2367,0.2064,1
0.4576,0.9153,1.3729,0.9153,0.4576,0.4576,0,1.3729,0.9153,0.9153,0.4576,1.8305,0.4576,0,0.4576,1.8305,0,0,0,0.9153,0,0,0.0001,0,0,0,0,0.0001,0,0,0,0.0001,0,0,0,0.0001,0,0,0,0,0.2591,0.2832,0.2591,0.2832,1
2.4299,0.6075,1.215,0.6075,0,0,0.6075,1.215,0.6075,0.6075,0,0,0.6075,0,0,0.6075,2.4299,1.215,0,0,0.0002,0,0.0001,0,0,0,0,0.0001,0,0,0,0,0,0,0,0,0.0002,0.0001,0,0,0.229,0.1635,0.229,0.1635,1
0.6014,0,1.2029,0,0.6014,0.6014,0,0,1.8043,0,0,0,3.0072,0.6014,1.8043,0.6014,1.2029,1.2029,0,1.8043,0.0001,0,0.0001,0,0.0001,0.0001,0,0,0.0002,0,0,0,0.0003,0.0001,0.0002,0.0001,0.0001,0.0001,0,0.0002,0.1724,0.2262,0.1724,0.2262,1
3.1782,0,0.7946,0.7946,0.7946,0,0,0,0,1.5891,0,0,0,0,0,0,0.7946,3.1782,0,0,0.0005,0,0.0001,0.0001,0.0001,0,0,0,0,0.0002,0,0,0,0,0,0,0.0001,0.0005,0,0,0.138,0.0675,0.138,0.0675,1
1.993,0,0,0,0,0.6643,0.6643,0,0.6643,0.6643,0,0,0,0,1.3287,0,0.6643,1.993,0.6643,0.6643,0.0003,0,0,0,0,0.0001,0.0001,0,0.0001,0.0001,0,0,0,0,0.0002,0,0.0001,0.0003,0.0001,0.0001,0.1634,0.1722,0.1634,0.1722,1
1.2422,0,0,0.6211,0.6211,1.8634,1.2422,0.6211,0.6211,3.7267,0,0.6211,1.2422,0,0,0.6211,0,1.8634,0,0,0.0001,0,0,0,0,0.0001,0.0001,0,0,0.0003,0,0,0.0001,0,0,0,0,0.0001,0,0,0.1604,0.2185,0.1604,0.2185,1
0.5727,0.5727,1.7181,0,0.5727,0,0,1.1454,0.5727,1.1454,0,0,0,0,0.5727,1.1454,0.5727,0,1.7181,0,0,0,0.0001,0,0,0,0,0.0001,0,0.0001,0,0,0,0,0,0.0001,0,0,0.0001,0,0.2157,0.2116,0.2157,0.2116,1
4.3726,0,0,0.7288,0,0,0,0,1.4575,3.6438,0,0,1.4575,0,1.4575,0,0,1.4575,0,0,0.0006,0,0,0.0001,0,0,0,0,0.0002,0.0005,0,0,0.0002,0,0.0002,0,0,0.0002,0,0,0.1161,0.1551,0.1161,0.1551,1
0.6126,4.901,0,0.6126,0.6126,1.2252,1.2252,0,0.6126,0,1.2252,0.6126,0.6126,0,0,0.6126,4.901,0.6126,0,0,0,0.0002,0,0,0,0,0,0,0,0,0,0,0,0,0,0,0.0002,0,0,0,0.1802,0.2072,0.1802,0.2072,1
0,0.5584,0.5584,0,1.1167,0.5584,0.5584,1.1167,1.1167,0,1.1167,1.1167,0,0,1.1167,0,0.5584,0,1.1167,0.5584,0,0.0001,0.0001,0,0.0001,0.0001,0.0001,0.0001,0.0001,0,0.0001,0.0001,0,0,0.0001,0,0.0001,0,0.0001,0.0001,0.2175,0.2242,0.2175,0.2242,1
0.6753,0,0.6753,0.6753,1.3507,0,0,2.7014,0,2.026,0.6753,0,0,0,0,0.6753,2.7014,0.6753,0.6753,0,0.0001,0,0.0001,0.0001,0.0001,0,0,0.0002,0,0.0002,0.0001,0,0,0,0,0.0001,0.0002,0.0001,0.0001,0,0.1681,0.1566,0.1681,0.1566,1
0,0.5258,0,1.0515,0,0,0,0.5258,1.0515,0.5258,0,1.0515,0,1.0515,1.5773,0.5258,0.5258,1.0515,0,1.0515,0,0.0001,0,0.0001,0,0,0,0.0001,0.0001,0.0001,0,0.0001,0,0.0001,0.0002,0.0001,0.0001,0.0001,0,0.0001,0.1997,0.2746,0.1997,0.2746,1
1.0815,1.0815,0.5407,0.5407,0,2.7037,0,0.5407,0.5407,0.5407,0,0,5.4074,0,1.0815,0,0.5407,0.5407,0.5407,0,0.0001,0.0001,0,0,0,0.0002,0,0,0,0,0,0,0.0003,0,0.0001,0,0,0,0,0,0.2213,0.2379,0.2213,0.2379,1
0,0,1.2935,3.0181,0,0,0,1.7247,2.587,0.4312,0,0.4312,0,1.2935,0,0.4312,0.4312,0,0.8623,0.4312,0,0,0.0001,0.0002,0,0,0,0.0001,0.0002,0,0,0,0,0.0001,0,0,0,0,0.0001,0,0.2448,0.324,0.2448,0.324,1
2.7525,0,0.4587,0,0,1.3762,1.3762,0.9175,1.835,0.9175,0,0,0,0,0,0.4587,0.9175,1.3762,0.4587,0,0.0002,0,0,0,0,0.0001,0.0001,0.0001,0.0001,0.0001,0,0,0,0,0,0,0.0001,0.0001,0,0,0.2507,0.2905,0.2507,0.2905,1
0,0,0,0,3.0001,0,0,0,0,3.7501,0,0,0,0,2.2501,0,0,2.2501,0.75,0.75,0,0,0,0,0.001,0,0,0,0,0.0012,0,0,0,0,0.0007,0,0,0.0007,0.0002,0.0002,0.0883,0.1617,0.0883,0.1617,1
2.2659,0,0,0,1.5106,2.2659,0,0,0,4.5318,0.7553,0.7553,0,0.7553,0,0,0,0,0.7553,0,0.0002,0,0,0,0.0001,0.0002,0,0,0,0.0004,0.0001,0.0001,0,0.0001,0,0,0,0,0.0001,0,0.1343,0.1104,0.1343,0.1104,1
3.1458,0,0,0,1.2583,1.8875,0,1.8875,0.6292,0,1.8875,1.2583,0,0,0,0.6292,0.6292,0.6292,0.6292,0,0.0002,0,0,0,0.0001,0.0001,0,0.0001,0,0,0.0001,0.0001,0,0,0,0,0,0,0,0,0.1756,0.1952,0.1756,0.1952,1
0.9467,0,1.4201,0.9467,0.4734,0.4734,0,0.9467,0.9467,0,0.9467,0.9467,0.4734,0.9467,0,0,1.8935,0.4734,0.4734,0,0.0001,0,0.0001,0.0001,0,0,0,0.0001,0.0001,0,0.0001,0.0001,0,0.0001,0,0,0.0001,0,0,0,0.2415,0.2852,0.2415,0.2852,1
0.4408,0,1.3225,0.8817,0,0.4408,0,0.4408,1.3225,1.3225,0.4408,0.8817,0.4408,0.8817,0,0.8817,0.4408,0.8817,1.3225,0,0,0,0.0001,0.0001,0,0,0,0,0.0001,0.0001,0,0.0001,0,0.0001,0,0.0001,0,0.0001,0.0001,0,0.2519,0.3072,0.2519,0.3072,1
0,0,0.5532,0,0,2.7661,0,0,1.1064,0.5532,0,0,0.5532,0,4.4257,0,0,0,0,0,0,0,0.0001,0,0,0.0003,0,0,0.0001,0.0001,0,0,0.0001,0,0.0005,0,0,0,0,0,0.2965,0.1503,0.2965,0.1503,1
0.6912,0.6912,1.3825,0,0.6912,1.3825,0,0.6912,0,2.0737,2.0737,0,0,0,0,0,0,0.6912,0,0.6912,0,0,0.0001,0,0,0.0001,0,0,0,0.0001,0.0001,0,0,0,0,0,0,0,0,0,0.1661,0.1427,0.1661,0.1427,1
0,0,0,0,0.5764,1.1528,1.1528,0,1.1528,0,0,1.7292,0,1.1528,0,0.5764,1.7292,1.7292,0.5764,1.7292,0,0,0,0,0.0001,0.0001,0.0001,0,0.0001,0,0,0.0002,0,0.0001,0,0.0001,0.0002,0.0002,0.0001,0.0002,0.2083,0.2154,0.2083,0.2154,1
0,0,0,0.6419,0,0,1.9256,1.2838,0,1.9256,0.6419,0.6419,0,0,0.6419,0,2.5675,0,0,0,0,0,0,0.0001,0,0,0.0003,0.0002,0,0.0003,0.0001,0.0001,0,0,0.0001,0,0.0004,0,0,0,0.1734,0.1847,0.1734,0.1847,1
0.6806,0,0.6806,0,0,0,0,0,0.6806,2.7223,0.6806,2.0417,0,0,0,0.6806,0,0,0.6806,0,0.0001,0,0.0001,0,0,0,0,0,0.0001,0.0002,0.0001,0.0002,0,0,0,0.0001,0,0,0.0001,0,0.1864,0.1331,0.1864,0.1331,1
0,0,0,0,0,1.6123,0,0.8062,0.8062,0.8062,0.8062,0,0.8062,0,0,2.4185,0,0.8062,1.6123,0,0,0,0,0,0,0.0002,0,0.0001,0.0001,0.0001,0.0001,0,0.0001,0,0,0.0003,0,0.0001,0.0002,0,0.1029,0.0909,0.1029,0.0909,1
2.1093,1.0546,1.0546,0,0,0,1.582,1.0546,2.6366,0.5273,0,1.0546,0,0,0,0,2.1093,2.1093,0,0,0.0002,0.0001,0.0001,0,0,0,0.0001,0.0001,0.0002,0,0,0.0001,0,0,0,0,0.0002,0.0002,0,0,0.2352,0.2375,0.2352,0.2375,1
0,0,0.619,0,0.619,0,0.619,0,0,1.2381,0,1.2381,0,0,2.4762,0.619,1.2381,0,0.619,0,0,0,0.0001,0,0.0001,0,0.0001,0,0,0.0001,0,0.0001,0,0,0.0003,0.0001,0.0001,0,0.0001,0,0.1618,0.2191,0.1618,0.2191,1
0.5418,0.5418,0.5418,0,1.0835,0.5418,1.0835,1.6253,1.0835,1.0835,0,1.6253,0.5418,1.0835,0.5418,0.5418,0,0,0,0.5418,0,0,0,0,0.0001,0,0.0001,0.0001,0.0001,0.0001,0,0.0001,0,0.0001,0,0,0,0,0,0,0.2599,0.1983,0.2599,0.1983,1
3.1808,0.6362,0.6362,0.6362,0.6362,0,0.6362,0,1.2723,0.6362,0,0.6362,0.6362,0,0,0.6362,0,0.6362,0,0.6362,0.0003,0.0001,0.0001,0.0001,0.0001,0,0.0001,0,0.0001,0.0001,0,0.0001,0.0001,0,0,0.0001,0,0.0001,0,0.0001,0.1809,0.1829,0.1809,0.1829,1
1.6871,0,0,0,0.8436,0,0,0,3.3742,2.5307,0.8436,0,0,0,0,0,0,1.6871,0,0,0.0004,0,0,0,0.0002,0,0,0,0.0008,0.0006,0.0002,0,0,0,0,0,0,0.0004,0,0,0.055,0.1015,0.055,0.1015,1
0.5969,0,0,0.5969,0.5969,0.5969,1.1937,1.1937,0.5969,0,1.1937,0,0.5969,1.1937,3.5811,0,0.5969,2.3874,0,1.7906,0.0001,0,0,0.0001,0.0001,0.0001,0.0001,0.0001,0.0001,0,0.0001,0,0.0001,0.0001,0.0004,0,0.0001,0.0003,0,0.0002,0.195,0.2081,0.195,0.2081,1
0.4647,0,1.3942,1.8589,0,0.4647,0.9294,0.4647,0.9294,0.9294,0.4647,0.4647,0,0.4647,0.4647,1.8589,0,1.3942,0,0,0,0,0.0001,0.0002,0,0,0.0001,0,0.0001,0.0001,0,0,0,0,0,0.0002,0,0.0001,0,0,0.2423,0.293,0.2423,0.293,1
0,0.6162,0,0.6162,0,1.2324,1.2324,0.6162,0.6162,1.2324,0,3.6972,6.7782,0,0,0,0.6162,0,0,0.6162,0,0,0,0,0,0.0001,0.0001,0,0,0.0001,0,0.0002,0.0004,0,0,0,0,0,0,0,0.1925,0.1913,0.1925,0.1913,1
0,0,0.6528,0,0,0.6528,0,0,1.3056,2.6113,0.6528,0,1.3056,0,0.6528,0,0,0,0.6528,0,0,0,0.0001,0,0,0.0001,0,0,0.0002,0.0003,0.0001,0,0.0002,0,0.0001,0,0,0,0.0001,0,0.1866,0.1606,0.1866,0.1606,1
0.9633,0,1.4449,0.4816,0.9633,0.4816,0.4816,0.9633,0,0,0.4816,1.4449,0,0.9633,1.4449,0.4816,0.4816,0,0.4816,0.4816,0.0001,0,0.0001,0,0.0001,0,0,0.0001,0,0,0,0.0001,0,0.0001,0.0001,0,0,0,0,0,0.2481,0.2702,0.2481,0.2702,1
0,0,0.4996,4.4965,0,0,0,0.9992,2.498,0.9992,0,0,0,1.4988,0,0,0.9992,0.4996,0,0.9992,0,0,0.0001,0.0005,0,0,0,0.0001,0.0003,0.0001,0,0,0,0.0002,0,0,0.0001,0.0001,0,0.0001,0.2346,0.2658,0.2346,0.2658,1
0.6134,0.6134,0,1.2267,0.6134,0,0.6134,0.6134,0,2.4534,0,1.8401,1.2267,0.6134,0.6134,1.2267,0.6134,1.2267,0,0,0,0,0,0.0001,0,0,0,0,0,0.0002,0,0.0001,0.0001,0,0,0.0001,0,0.0001,0,0,0.2153,0.1713,0.2153,0.1713,1
0,0.6122,0.6122,0.6122,1.2245,0.6122,0,0.6122,1.8367,1.2245,0,0,0,0,0,0,0,0.6122,0,0,0,0.0001,0.0001,0.0001,0.0001,0.0001,0,0.0001,0.0002,0.0001,0,0,0,0,0,0,0,0.0001,0,0,0.1624,0.2253,0.1624,0.2253,1
2.4868,0,0,0.4974,0,2.4868,0,0,1.9894,3.9789,0.4974,0.4974,0,0,0,0.4974,0.4974,0.4974,0,0,0.0002,0,0,0,0,0.0002,0,0,0.0001,0.0003,0,0,0,0,0,0,0,0,0,0,0.2249,0.2777,0.2249,0.2777,1
0,0,0.7085,0,0,1.417,0.7085,2.1256,0,1.417,0,0,0.7085,0,0,2.1256,2.8341,2.1256,0,0.7085,0,0,0.0001,0,0,0.0001,0.0001,0.0002,0,0.0001,0,0,0.0001,0,0,0.0002,0.0002,0.0002,0,0.0001,0.115,0.1764,0.115,0.1764,1
0,1.8388,0.6129,0,1.8388,0.6129,2.4518,1.2259,0,0,1.2259,0,0,0,4.2906,0,0.6129,0,0.6129,0,0,0.0001,0,0,0.0001,0,0.0001,0.0001,0,0,0.0001,0,0,0,0.0002,0,0,0,0,0,0.2314,0.1557,0.2314,0.1557,1
1.7224,0.5741,1.1482,0.5741,0,0,0.5741,0,0.5741,0.5741,0,0.5741,0,0.5741,0.5741,2.2965,0.5741,1.1482,0,0.5741,0.0002,0.0001,0.0001,0.0001,0,0,0.0001,0,0.0001,0.0001,0,0.0001,0,0.0001,0.0001,0.0002,0.0001,0.0001,0,0.0001,0.2079,0.218,0.2079,0.218,1
1.702,1.1346,0,0.5673,0.5673,0,0.5673,0.5673,0,0,0.5673,0,0.5673,0.5673,1.702,0.5673,1.1346,0,0,1.1346,0.0001,0.0001,0,0,0,0,0,0,0,0,0,0,0,0,0.0001,0,0.0001,0,0,0.0001,0.2077,0.2249,0.2077,0.2249,1
1.0883,0,0.5442,2.1767,0,0.5442,0,0,0.5442,1.6325,0,0.5442,0,1.0883,2.1767,0.5442,0,0,0,0,0.0001,0,0.0001,0.0003,0,0.0001,0,0,0.0001,0.0002,0,0.0001,0,0.0001,0.0003,0.0001,0,0,0,0,0.2486,0.2073,0.2486,0.2073,1
1.2138,0,0.6069,2.4276,0,1.2138,0,0,0,1.8207,0,1.2138,6.0689,0.6069,0,0,0.6069,2.4276,0,0,0.0001,0,0.0001,0.0002,0,0.0001,0,0,0,0.0002,0,0.0001,0.0005,0.0001,0,0,0.0001,0.0002,0,0,0.1848,0.2083,0.1848,0.2083,1
0,0,0.4785,0,0,0.9569,0,0,1.4354,3.8278,0,0,0,0,1.9139,0,0,0.4785,0,0,0,0,0.0001,0,0,0.0001,0,0,0.0002,0.0004,0,0,0,0,0.0002,0,0,0.0001,0,0,0.2047,0.3168,0.2047,0.3168,1
0,0.4964,0.9928,0.4964,0.4964,0,0,0.4964,1.4892,0,0.9928,0,0,0,1.4892,0,2.9784,0,0,0.9928,0,0,0.0001,0,0,0,0,0,0.0001,0,0.0001,0,0,0,0.0001,0,0.0003,0,0,0.0001,0.2523,0.2513,0.2523,0.2513,1
0.7203,0.7203,0,0,1.4405,2.1608,0,0.7203,0.7203,0.7203,2.8811,0.7203,0,0,0,0.7203,0.7203,0,0,0.7203,0.0001,0.0001,0,0,0.0001,0.0002,0,0.0001,0.0001,0.0001,0.0002,0.0001,0,0,0,0.0001,0.0001,0,0,0.0001,0.1326,0.1471,0.1326,0.1471,1
0,0,0,0,2.4098,1.2049,0,0.6024,1.2049,0.6024,0,0.6024,0.6024,1.2049,0,1.2049,0,0,0.6024,0.6024,0,0,0,0,0.0002,0.0001,0,0.0001,0.0001,0.0001,0,0.0001,0.0001,0.0001,0,0.0001,0,0,0.0001,0.0001,0.1859,0.2117,0.1859,0.2117,1
3.2941,0.6588,0,0,0.6588,1.3177,0,0,0,0,0,0.6588,1.3177,0.6588,0.6588,1.9765,1.3177,0,1.3177,0,0.0002,0,0,0,0,0.0001,0,0,0,0,0,0,0.0001,0,0,0.0001,0.0001,0,0.0001,0,0.1787,0.1625,0.1787,0.1625,1
0,0,0,0,1.0449,0,0.5224,0,1.5673,0,1.5673,0,1.0449,0,2.0898,0,0.5224,0,1.0449,0,0,0,0,0,0.0002,0,0.0001,0,0.0003,0,0.0003,0,0.0002,0,0.0003,0,0.0001,0,0.0002,0,0.2762,0.2013,0.2762,0.2013,1
0.4635,0,0.9269,0.9269,0,0.4635,0.4635,1.3904,1.8538,0.4635,0.4635,0.9269,0,0.9269,0,0.9269,0.9269,0,0.9269,0.4635,0,0,0.0001,0.0001,0,0,0,0.0001,0.0001,0,0,0.0001,0,0.0001,0,0.0001,0.0001,0,0.0001,0,0.2557,0.2808,0.2557,0.2808,1
1.2815,0,0,2.1358,0,0,0.4272,0,4.2716,1.2815,0,0.8543,0,1.2815,0,0,0.4272,0.4272,0.4272,0,0.0002,0,0,0.0003,0,0,0.0001,0,0.0006,0.0002,0,0.0001,0,0.0002,0,0,0.0001,0.0001,0.0001,0,0.2696,0.3032,0.2696,0.3032,1
1.4843,0,0,0,0,0,0,0,5.195,0,0,0,0,0,0,0.7421,0.7421,1.4843,0,0.7421,0.0003,0,0,0,0,0,0,0,0.0012,0,0,0,0,0,0,0.0002,0.0002,0.0003,0,0.0002,0.1016,0.1563,0.1016,0.1563,1
0,0.6479,0,0,1.2958,0.6479,0.6479,0,0.6479,1.2958,1.2958,0.6479,1.9438,0,0.6479,0,2.5917,0.6479,0,0,0,0.0001,0,0,0.0001,0.0001,0.0001,0,0.0001,0.0001,0.0001,0.0001,0.0002,0,0.0001,0,0.0002,0.0001,0,0,0.1588,0.1933,0.1588,0.1933,1
1.1781,0.5891,0.5891,0.5891,2.3562,0.5891,0,0.5891,0.5891,1.1781,1.1781,0,0,0.5891,0.5891,0.5891,0,0,0,0,0.0001,0,0,0,0.0002,0,0,0,0,0.0001,0.0001,0,0,0,0,0,0,0,0,0,0.2263,0.1846,0.2263,0.1846,1
1.9071,0.9535,0,0.9535,0.4768,0.4768,0,0,1.9071,0,0.9535,0,0,0,1.4303,0.4768,0.4768,0.4768,0,1.4303,0.0001,0.0001,0,0.0001,0,0,0,0,0.0001,0,0.0001,0,0,0,0.0001,0,0,0,0,0.0001,0.2484,0.2748,0.2484,0.2748,1
1.9763,0,0,0.6588,1.3175,0,0,0,2.6351,3.2939,0,0,1.3175,0,0.6588,0,0.6588,1.9763,0,0,0.0003,0,0,0.0001,0.0002,0,0,0,0.0003,0.0004,0,0,0.0002,0,0.0001,0,0.0001,0.0003,0,0,0.1622,0.179,0.1622,0.179,1
0,1.1595,0,1.1595,0,0,0.5798,0,0,0.5798,0.5798,0,0.5798,0.5798,1.1595,0.5798,2.8989,0,0.5798,1.1595,0,0.0001,0,0.0001,0,0,0,0,0,0,0,0,0,0,0.0001,0,0.0002,0,0,0.0001,0.2291,0.1911,0.2291,0.1911,1
2.8984,0,0,0,0,0.5797,0,0.5797,2.3187,2.3187,0,0,0,0,0,0,1.1594,0,0.5797,0,0.0003,0,0,0,0,0.0001,0,0.0001,0.0003,0.0003,0,0,0,0,0,0,0.0001,0,0.0001,0,0.1771,0.2432,0.1771,0.2432,1
1.4284,0,0.7142,0,0,1.4284,0.7142,0,0,0,0.7142,0.7142,0.7142,0,0,0.7142,2.1427,0,1.4284,0,0.0002,0,0.0001,0,0,0.0002,0.0001,0,0,0,0.0001,0.0001,0.0001,0,0,0.0001,0.0002,0,0.0002,0,0.1211,0.1646,0.1211,0.1646,1
1.293,0,0.6465,1.293,0.6465,0.6465,0,0.6465,0,2.586,0,0,0,0,0,0,0.6465,0,0,0,0.0001,0,0.0001,0.0001,0.0001,0.0001,0,0.0001,0,0.0002,0,0,0,0,0,0,0.0001,0,0,0,0.1676,0.1859,0.1676,0.1859,1
0,0.6242,0,1.2484,1.2484,0.6242,0,0,0.6242,0,0.6242,0.6242,1.8726,0,1.2484,0,1.2484,0.6242,0,0,0,0.0001,0,0.0001,0.0001,0.0001,0,0,0.0001,0,0.0001,0.0001,0.0002,0,0.0001,0,0.0001,0.0001,0,0,0.176,0.1998,0.176,0.1998,1
1.9022,1.2682,0.6341,0,0,1.2682,0,0,1.2682,0.6341,0.6341,0.6341,0.6341,0,0.6341,0.6341,0.6341,1.2682,0,1.2682,0.0001,0.0001,0,0,0,0.0001,0,0,0.0001,0,0,0,0,0,0,0,0,0.0001,0,0.0001,0.1927,0.1732,0.1927,0.1732,1
0.7115,0,0,0,1.423,0,0.7115,2.8459,0,2.8459,0.7115,0,0,0,7.1148,0,0,1.423,0,0,0.0002,0,0,0,0.0004,0,0.0002,0.0008,0,0.0008,0.0002,0,0,0,0.002,0,0,0.0004,0,0,0.1818,0.1067,0.1818,0.1067,1
0.5093,3.0561,0.5093,0.5093,1.0187,2.0374,0.5093,1.528,1.0187,0,0,1.0187,0.5093,0,0.5093,1.0187,0.5093,0.5093,0,0.5093,0,0.0001,0,0,0,0.0001,0,0.0001,0,0,0,0,0,0,0,0,0,0,0,0,0.2529,0.2378,0.2529,0.2378,1
0,0,2.5505,1.2752,0,1.2752,0,0,0,1.2752,0,1.2752,0,0,0.6376,0.6376,0,0,0,0.6376,0,0,0.0003,0.0001,0,0.0001,0,0,0,0.0001,0,0.0001,0,0,0.0001,0.0001,0,0,0,0.0001,0.1921,0.1703,0.1921,0.1703,1
0.6023,0,0.6023,0.6023,0.6023,0,0.6023,0,1.2047,0,0,0,0.6023,0.6023,0.6023,1.2047,1.2047,1.2047,0.6023,0,0.0001,0,0.0001,0.0001,0.0001,0,0.0001,0,0.0001,0,0,0,0.0001,0.0001,0.0001,0.0001,0.0001,0.0001,0.0001,0,0.1861,0.2115,0.1861,0.2115,1
0.6601,0,0.6601,0,0.6601,1.3201,0.6601,2.6402,0,0,0,0.6601,0,0,0.6601,1.3201,1.3201,1.3201,0,0.6601,0.0001,0,0.0001,0,0.0001,0.0001,0.0001,0.0002,0,0,0,0.0001,0,0,0.0001,0.0001,0.0001,0.0001,0,0.0001,0.1888,0.1512,0.1888,0.1512,1
1.5653,0,0,0,0.7826,2.3479,0,0,0,0,0,0,0.7826,0,0.7826,1.5653,0.7826,0.7826,0,0.7826,0.0002,0,0,0,0.0001,0.0003,0,0,0,0,0,0,0.0001,0,0.0001,0.0002,0.0001,0.0001,0,0.0001,0.1187,0.0987,0.1187,0.0987,1
0,0,0,0,0,0,0.6867,0.6867,0,0.6867,2.06,0,0,0.6867,2.06,0,0.6867,0.6867,0,0,0,0,0,0,0,0,0.0002,0.0002,0,0.0002,0.0005,0,0,0.0002,0.0005,0,0.0002,0.0002,0,0,0.1805,0.1328,0.1805,0.1328,1
0,1.4303,1.4303,1.4303,0.7152,0,0,0.7152,0,0.7152,1.4303,0,0,0.7152,0,0.7152,0.7152,0.7152,0,0,0,0.0001,0.0001,0.0001,0,0,0,0,0,0,0.0001,0,0,0,0,0,0,0,0,0,0.1095,0.1753,0.1095,0.1753,1
1.9094,1.9094,0.6365,0.6365,0,0.6365,0.6365,0,0,0,1.2729,0.6365,0.6365,0,0,0,2.5459,0,1.2729,0,0.0001,0.0001,0,0,0,0,0,0,0,0,0.0001,0,0,0,0,0,0.0001,0,0.0001,0,0.1907,0.1728,0.1907,0.1728,1
0,0,0,0,1.5716,3.1432,0,0,0.7858,0.7858,0,0,0.7858,0,0,0.7858,0,0.7858,1.5716,0.7858,0,0,0,0,0.0002,0.0004,0,0,0.0001,0.0001,0,0,0.0001,0,0,0.0001,0,0.0001,0.0002,0.0001,0.1006,0.1136,0.1006,0.1136,1
0.4932,0.4932,1.4797,0,0.4932,0,0,0.9865,0.9865,0.4932,0.4932,0.4932,0,0,0.9865,0,0.9865,0.9865,0.4932,0,0,0,0.0001,0,0,0,0,0.0001,0.0001,0,0,0,0,0,0.0001,0,0.0001,0.0001,0,0,0.2128,0.2939,0.2128,0.2939,1
0.595,0,0,0,0,0.595,0,0,1.19,0.595,0.595,1.19,3.5701,0,1.19,1.7851,0,0,0.595,0,0.0001,0,0,0,0,0.0001,0,0,0.0001,0.0001,0.0001,0.0001,0.0004,0,0.0001,0.0002,0,0,0.0001,0,0.1973,0.2077,0.1973,0.2077,1
3.1632,0,0,0.6326,0.6326,0.6326,1.2653,0,0.6326,0.6326,0,0,0.6326,0.6326,0,0.6326,0.6326,1.8979,0,1.2653,0.0004,0,0,0.0001,0.0001,0.0001,0.0002,0,0.0001,0.0001,0,0,0.0001,0.0001,0,0.0001,0.0001,0.0002,0,0.0002,0.2057,0.1617,0.2057,0.1617,1
2.5766,0.6441,0.6441,0,0,1.9324,0,0.6441,1.2883,1.2883,1.2883,1.2883,0,1.2883,0.6441,0,0,0,0,0,0.0002,0,0,0,0,0.0001,0,0,0.0001,0.0001,0.0001,0.0001,0,0.0001,0,0,0,0,0,0,0.1612,0.1946,0.1612,0.1946,1
1.7681,0,0,0,0,1.1787,0.5894,0,0.5894,0,0,0.5894,0,0,5.8935,0,0,0,0,0,0.0003,0,0,0,0,0.0002,0.0001,0,0.0001,0,0,0.0001,0,0,0.001,0,0,0,0,0,0.2493,0.1613,0.2493,0.1613,1
0,0.6133,0.6133,0,0.6133,1.84,0.6133,0,0.6133,1.84,1.2267,0,1.2267,0,0.6133,0.6133,1.2267,0.6133,0,0,0,0,0,0,0,0.0001,0,0,0,0.0001,0.0001,0,0.0001,0,0,0,0.0001,0,0,0,0.2274,0.1593,0.2274,0.1593,1
0,0,0.5653,0,1.1305,3.3916,0,0.5653,1.1305,0.5653,0,0.5653,1.1305,0,1.1305,0,0.5653,0,0,0,0,0,0.0001,0,0.0001,0.0003,0,0.0001,0.0001,0.0001,0,0.0001,0.0001,0,0.0001,0,0.0001,0,0,0,0.1997,0.235,0.1997,0.235,1
1.6476,1.0984,1.6476,0,0,1.0984,1.0984,1.0984,0,0,0.5492,0,0,0.5492,0.5492,0.5492,1.6476,3.2953,0.5492,0,0.0001,0.0001,0.0001,0,0,0.0001,0.0001,0.0001,0,0,0,0,0,0,0,0,0.0001,0.0002,0,0,0.2133,0.2375,0.2133,0.2375,1
0.6685,0,0,0,0,2.0056,0,0.6685,1.3371,0.6685,0,0,2.6742,0.6685,0.6685,0.6685,0.6685,0,0,0.6685,0.0001,0,0,0,0,0.0002,0,0.0001,0.0002,0.0001,0,0,0.0003,0.0001,0.0001,0.0001,0.0001,0,0,0.0001,0.2049,0.1266,0.2049,0.1266,1
2.2787,0,0,0.7596,0,0,0,0,2.2787,1.5191,0,0.7596,0,0,0.7596,0,0.7596,2.2787,0,0,0.0004,0,0,0.0001,0,0,0,0,0.0004,0.0002,0,0.0001,0,0,0.0001,0,0.0001,0.0004,0,0,0.113,0.1274,0.113,0.1274,1
0,0.6305,0.6305,1.2611,0,0.6305,0,0.6305,0,0.6305,0.6305,0,0,0,0.6305,0.6305,0,3.1527,0.6305,0.6305,0,0,0,0.0001,0,0,0,0,0,0,0,0,0,0,0,0,0,0.0002,0,0,0.1747,0.1948,0.1747,0.1948,1
1.4673,1.4673,1.4673,0.4891,0,1.4673,1.4673,0,0,0,0,0,0.9782,0.4891,0.4891,0.4891,0,0.9782,0.4891,0.9782,0.0001,0.0001,0.0001,0,0,0.0001,0.0001,0,0,0,0,0,0.0001,0,0,0,0,0.0001,0,0.0001,0.2524,0.2585,0.2524,0.2585,1
4.216,0,0,0,0,0,0,0,1.4053,3.5133,0,0,1.4053,0,2.108,0,0,1.4053,0,0,0.0006,0,0,0,0,0,0,0,0.0002,0.0005,0,0,0.0002,0,0.0003,0,0,0.0002,0,0,0.1269,0.1704,0.1269,0.1704,1
0.5764,1.7293,1.1529,0,0.5764,1.1529,0,0,0.5764,0,0.5764,0.5764,0,0.5764,2.3057,0,0.5764,1.1529,0,0.5764,0,0.0001,0.0001,0,0,0.0001,0,0,0,0,0,0,0,0,0.0001,0,0,0.0001,0,0,0.1813,0.2423,0.1813,0.2423,1
0.6738,0,0.6738,0,0,2.0215,0,0.6738,0,2.0215,0.6738,0,2.6953,0,0.6738,0.6738,0.6738,0,0.6738,0,0.0001,0,0.0001,0,0,0.0002,0,0.0001,0,0.0002,0.0001,0,0.0003,0,0.0001,0.0001,0.0001,0,0.0001,0,0.1479,0.1783,0.1479,0.1783,1
2.1385,0,0.5346,0.5346,0.5346,0.5346,0,0,0.5346,0,1.6039,0,0,0,4.8116,0,1.0692,2.1385,0,0.5346,0.0002,0,0.0001,0.0001,0.0001,0.0001,0,0,0.0001,0,0.0002,0,0,0,0.0005,0,0.0001,0.0002,0,0.0001,0.2194,0.2459,0.2194,0.2459,1
0,0,0.4985,2.9912,0,0,0,0.9971,1.9941,0.4985,0.9971,0,0,0,0,0,0.9971,0,0.9971,0.4985,0,0,0,0.0003,0,0,0,0.0001,0.0002,0,0.0001,0,0,0,0,0,0.0001,0,0.0001,0,0.2272,0.2743,0.2272,0.2743,1
1.0123,0,1.0123,0,0.5062,0,0,1.5185,0.5062,0.5062,0,0,0.5062,0.5062,2.5308,0.5062,0,0.5062,0.5062,0,0.0001,0,0.0001,0,0,0,0,0.0001,0,0,0,0,0,0,0.0002,0,0,0,0,0,0.2538,0.2401,0.2538,0.2401,1
1.0438,0.5219,1.5657,0.5219,0,1.5657,0.5219,0,1.0438,0.5219,2.0876,0,0.5219,0,0.5219,0,2.0876,1.0438,0,0.5219,0.0001,0,0.0001,0,0,0.0001,0,0,0.0001,0,0.0002,0,0,0,0,0,0.0002,0.0001,0,0,0.2619,0.2162,0.2619,0.2162,1
1.6911,0.5637,1.6911,0,0.5637,1.1274,0,0,1.1274,1.6911,1.1274,1.1274,1.1274,0,0,0,1.6911,0,0,0.5637,0.0001,0,0.0001,0,0,0.0001,0,0,0.0001,0.0001,0.0001,0.0001,0.0001,0,0,0,0.0001,0,0,0,0.2593,0.177,0.2593,0.177,1
0.4486,0,0,2.6916,0.8972,0,0,0.4486,1.3458,1.3458,0.4486,1.7944,0,0.8972,0.4486,0.8972,0.4486,0.8972,0,0.4486,0,0,0,0.0002,0.0001,0,0,0,0.0001,0.0001,0,0.0001,0,0.0001,0,0.0001,0,0.0001,0,0,0.2631,0.2883,0.2631,0.2883,1
0.7568,0,0.7568,0.7568,0.7568,0.7568,0,0,0,0,0,0,0,0,0,0.7568,0.7568,2.2703,0,2.2703,0.0001,0,0.0001,0.0001,0.0001,0.0001,0,0,0,0,0,0,0,0,0,0.0001,0.0001,0.0003,0,0.0003,0.1755,0.0677,0.1755,0.0677,1
3.3175,0,0.4739,0.4739,0,0.4739,0,0.4739,1.4218,3.3175,0.4739,0.4739,0.4739,0,0.4739,0.9478,0,0,0.9478,0.4739,0.0002,0,0,0,0,0,0,0,0.0001,0.0002,0,0,0,0,0,0.0001,0,0,0.0001,0,0.2366,0.2895,0.2366,0.2895,1
1.0703,0.5352,0,0,0,3.2109,0.5352,0,1.0703,4.2812,0,0,0,0,1.0703,1.0703,0,0.5352,0,0,0.0001,0,0,0,0,0.0002,0,0,0.0001,0.0002,0,0,0,0,0.0001,0.0001,0,0,0,0,0.2247,0.2401,0.2247,0.2401,1
1.4452,0,1.4452,0,0,0,0,0.7226,0,1.4452,0,1.4452,0,0,0,0.7226,0,0,0.7226,0,0.0001,0,0.0001,0,0,0,0,0.0001,0,0.0001,0,0.0001,0,0,0,0.0001,0,0,0.0001,0,0.1627,0.1148,0.1627,0.1148,1
2.1401,0,0,0.7134,0,0.7134,0.7134,0,1.4267,1.4267,0,0,0,0,0,0,0.7134,0.7134,0.7134,0,0.0004,0,0,0.0001,0,0.0001,0.0001,0,0.0002,0.0002,0,0,0,0,0,0,0.0001,0.0001,0.0001,0,0.1427,0.1439,0.1427,0.1439,1
1.3045,3.2613,0,0,0.6523,0.6523,0,0,0.6523,0.6523,0,0,0,1.3045,1.9568,0,0,1.3045,0,0,0.0001,0.0002,0,0,0,0,0,0,0,0,0,0,0,0.0001,0.0001,0,0,0.0001,0,0,0.1506,0.1972,0.1506,0.1972,1
2.3503,0,0,0,0.5876,0,0,0,0.5876,1.1752,0.5876,0,0,0.5876,2.3503,0.5876,0,0.5876,0,0,0.0003,0,0,0,0.0001,0,0,0,0.0001,0.0002,0.0001,0,0,0.0001,0.0003,0.0001,0,0.0001,0,0,0.2005,0.2119,0.2005,0.2119,1
0.5133,0,0,0.5133,2.0531,0.5133,1.0265,1.0265,2.0531,1.0265,0,0,0,0.5133,0.5133,0.5133,1.0265,0,0,1.5398,0.0001,0,0,0.0001,0.0003,0.0001,0.0001,0.0001,0.0003,0.0001,0,0,0,0.0001,0.0001,0.0001,0.0001,0,0,0.0002,0.24,0.2467,0.24,0.2467,1
1.5707,1.5707,0.5236,0,1.5707,2.0943,0,0,1.0471,0.5236,0.5236,1.0471,0.5236,0,0.5236,0,1.5707,2.0943,0.5236,0,0.0001,0.0001,0,0,0.0001,0.0001,0,0,0.0001,0,0,0.0001,0,0,0,0,0.0001,0.0001,0,0,0.2232,0.2532,0.2232,0.2532,1
1.0834,1.0834,0.5417,0.5417,0,1.0834,0,1.0834,0,1.0834,0,1.6251,1.0834,0,2.1668,0.5417,0.5417,0.5417,0,0.5417,0.0001,0.0001,0,0,0,0.0001,0,0.0001,0,0.0001,0,0.0001,0.0001,0,0.0001,0,0,0,0,0,0.2326,0.2257,0.2326,0.2257,1
0,0.5961,0.5961,0,1.1922,1.1922,0.5961,1.1922,0,0.5961,1.1922,1.7883,0.5961,0.5961,0.5961,0,1.7883,0,0,0.5961,0,0,0,0,0.0001,0.0001,0,0.0001,0,0,0.0001,0.0001,0,0,0,0,0.0001,0,0,0,0.1945,0.2094,0.1945,0.2094,1
0,0.6295,1.8884,0.6295,0.6295,0,0,1.2589,0,1.2589,0.6295,0.6295,0.6295,0,0,1.8884,0.6295,1.2589,0,0,0,0,0.0001,0,0,0,0,0.0001,0,0.0001,0,0,0,0,0,0.0001,0,0.0001,0,0,0.1953,0.1753,0.1953,0.1753,1
0,0,0,0,1.1817,0.5908,0.5908,0,1.1817,1.7725,1.1817,0.5908,0,0,0.5908,0.5908,0.5908,1.1817,0.5908,0,0,0,0,0,0.0001,0.0001,0.0001,0,0.0001,0.0002,0.0001,0.0001,0,0,0.0001,0.0001,0.0001,0.0001,0.0001,0,0.1983,0.2108,0.1983,0.2108,1
1.9688,0,0.6563,1.9688,0,1.3125,0,1.3125,0,3.2813,0,1.3125,0.6563,0,0,0,0.6563,0,0,0,0.0001,0,0,0.0001,0,0.0001,0,0.0001,0,0.0002,0,0.0001,0,0,0,0,0,0,0,0,0.2308,0.1129,0.2308,0.1129,1
0.4656,2.7934,0,0,1.3967,0.4656,0.4656,0.4656,0.4656,1.8622,0.9311,0.9311,0.4656,0,2.3278,0,0.4656,0.4656,0,0,0,0.0001,0,0,0.0001,0,0,0,0,0.0001,0,0,0,0,0.0001,0,0,0,0,0,0.2566,0.2779,0.2566,0.2779,1
1.4273,0.7137,0,0,1.4273,0.7137,0,0.7137,0,1.4273,0.7137,0,0.7137,0,1.4273,0,1.4273,2.8547,1.4273,0,0.0001,0.0001,0,0,0.0001,0.0001,0,0.0001,0,0.0001,0.0001,0,0.0001,0,0.0001,0,0.0001,0.0002,0.0001,0,0.1316,0.1547,0.1316,0.1547,1
0.5103,2.0411,0.5103,0.5103,0.5103,2.0411,0,1.0205,1.0205,1.0205,0.5103,1.0205,0,0,1.5308,0,0,0.5103,0.5103,0,0,0.0001,0,0,0,0.0001,0,0.0001,0.0001,0.0001,0,0.0001,0,0,0.0001,0,0,0,0,0,0.2734,0.2163,0.2734,0.2163,1
1.1662,0,0,0.5831,0,1.7494,1.7494,0.5831,0.5831,3.4987,0,0,1.1662,0,0,0.5831,0,2.9156,0,0,0.0001,0,0,0,0,0.0001,0.0001,0,0,0.0003,0,0,0.0001,0,0,0,0,0.0002,0,0,0.1728,0.2441,0.1728,0.2441,1
1.2029,1.2029,0,0.6014,1.8043,0,0,0,0,1.8043,0,0,0,0.6014,4.8114,0,1.8043,1.2029,0,0,0.0001,0.0001,0,0,0.0001,0,0,0,0,0.0001,0,0,0,0,0.0004,0,0.0001,0.0001,0,0,0.1836,0.215,0.1836,0.215,1
2.4268,0.8089,1.6179,0,0,0,0,0,0,0,0.8089,0.8089,0,0.8089,0,2.4268,0,1.6179,0,0.8089,0.0002,0.0001,0.0001,0,0,0,0,0,0,0,0.0001,0.0001,0,0.0001,0,0.0002,0,0.0001,0,0.0001,0.096,0.0951,0.096,0.0951,1
0,1.0968,0,0,0,0,0.5484,0,1.0968,0,0.5484,0.5484,0,0,3.8387,0,1.0968,0,1.0968,0,0,0.0001,0,0,0,0,0.0001,0,0.0001,0,0.0001,0.0001,0,0,0.0004,0,0.0001,0,0.0001,0,0.2261,0.2255,0.2261,0.2255,1
0,1.267,0,0,1.9005,0,0,0,1.267,1.267,0.6335,0,0,1.9005,0.6335,0.6335,1.9005,0,0,0,0,0.0001,0,0,0.0002,0,0,0,0.0001,0.0001,0.0001,0,0,0.0002,0.0001,0.0001,0.0002,0,0,0,0.2044,0.1621,0.2044,0.1621,1
0,0.5168,1.5505,0.5168,0.5168,0,0,0.5168,0.5168,1.5505,0,0.5168,0,0,0.5168,1.0337,0,0.5168,1.5505,0,0,0,0.0001,0,0,0,0,0,0,0.0001,0,0,0,0,0,0.0001,0,0,0.0001,0,0.2439,0.2392,0.2439,0.2392,1
0.6213,0,0,1.2426,0.6213,2.4852,0,1.2426,0.6213,0,0,3.1065,0,0.6213,0,0,0.6213,0.6213,0,0.6213,0.0001,0,0,0.0001,0.0001,0.0002,0,0.0001,0.0001,0,0,0.0003,0,0.0001,0,0,0.0001,0.0001,0,0.0001,0.1713,0.2074,0.1713,0.2074,1
0.6386,3.8314,0.6386,0.6386,0.6386,3.1929,0,0,0,1.2771,0,1.2771,2.5543,0,0,0.6386,2.5543,0.6386,0.6386,0,0,0.0001,0,0,0,0.0001,0,0,0,0,0,0,0.0001,0,0,0,0.0001,0,0,0,0.1912,0.1702,0.1912,0.1702,1
0.5398,1.6194,1.0796,0,0,1.0796,1.0796,0,0.5398,0.5398,0,0,0.5398,0,1.6194,0,1.0796,0.5398,0,0.5398,0,0.0001,0.0001,0,0,0.0001,0.0001,0,0,0,0,0,0,0,0.0001,0,0.0001,0,0,0,0.2079,0.2523,0.2079,0.2523,1
0.9625,0.9625,0,0,0,1.4437,0.4812,0,2.8874,0.9625,0,0.4812,0,0.9625,0.9625,0.4812,0.4812,0.9625,0.4812,0.4812,0.0001,0.0001,0,0,0,0.0001,0,0,0.0002,0.0001,0,0,0,0.0001,0.0001,0,0,0.0001,0,0,0.2821,0.2367,0.2821,0.2367,1
1.5432,0,0,0,1.5432,0,0,0.7716,0,0.7716,1.5432,0.7716,0,1.5432,0.7716,0.7716,1.5432,0.7716,0,0.7716,0.0002,0,0,0,0.0002,0,0,0.0001,0,0.0001,0.0002,0.0001,0,0.0002,0.0001,0.0001,0.0002,0.0001,0,0.0001,0.1489,0.0795,0.1489,0.0795,1
1.8021,0,0,0,1.3515,0,0,0.4505,2.7031,2.7031,0,0,0,0.4505,1.3515,0,0,0,0,0.4505,0.0002,0,0,0,0.0002,0,0,0.0001,0.0003,0.0003,0,0,0,0.0001,0.0002,0,0,0,0,0.0001,0.2288,0.3207,0.2288,0.3207,1
2.8672,0,0.7168,0.7168,0,2.1504,0,0.7168,0.7168,0.7168,0,1.4336,0,0.7168,0.7168,0.7168,0.7168,0.7168,0,0,0.0004,0,0.0001,0.0001,0,0.0003,0,0.0001,0.0001,0.0001,0,0.0002,0,0.0001,0.0001,0.0001,0.0001,0.0001,0,0,0.135,0.1483,0.135,0.1483,1
0.7726,0,0,0,0.7726,0,0.7726,0,3.0903,2.3177,0,0,0,0,0,0.7726,0,1.5452,0,0,0.0001,0,0,0,0.0001,0,0.0001,0,0.0005,0.0004,0,0,0,0,0,0.0001,0,0.0003,0,0,0.094,0.1334,0.094,0.1334,1
0.5932,0,0.5932,0,0,1.1864,0,0,0.5932,1.7796,0,1.1864,1.1864,0,1.1864,0.5932,1.1864,0.5932,0,1.1864,0,0,0,0,0,0.0001,0,0,0,0.0001,0,0.0001,0.0001,0,0.0001,0,0.0001,0,0,0.0001,0.2292,0.1776,0.2292,0.1776,1
0.7517,0,0,0.7517,0.7517,0,0,0.7517,0.7517,3.0067,0,0.7517,0,0,0,0,0,0.7517,0.7517,0.7517,0.0001,0,0,0.0001,0.0001,0,0,0.0001,0.0001,0.0004,0,0.0001,0,0,0,0,0,0.0001,0.0001,0.0001,0.1765,0.0718,0.1765,0.0718,1
1.3788,0,2.0682,0,0,1.3788,0,0,0.6894,0.6894,0,0,1.3788,0,0,1.3788,1.3788,0.6894,0,0.6894,0.0001,0,0.0002,0,0,0.0001,0,0,0.0001,0.0001,0,0,0.0001,0,0,0.0001,0.0001,0.0001,0,0.0001,0.1675,0.1431,0.1675,0.1431,1
0.6439,0.6439,0,1.2878,2.5757,0.6439,0,1.9318,0.6439,0.6439,0,0,2.5757,0,0,0.6439,0,0.6439,0,0,0,0,0,0.0001,0.0002,0,0,0.0001,0,0,0,0,0.0002,0,0,0,0,0,0,0,0.1866,0.1695,0.1866,0.1695,1
0.9551,2.3876,0.4775,0,1.4326,0.4775,0,0,1.4326,0.9551,0.9551,0,0,0,1.4326,0.9551,0.9551,0,0.4775,1.4326,0,0.0001,0,0,0.0001,0,0,0,0.0001,0,0,0,0,0,0.0001,0,0,0,0,0.0001,0.2721,0.2504,0.2721,0.2504,1
2.4586,0.6147,0.6147,1.2293,0.6147,1.844,0,1.844,0,0.6147,0,0,0,0.6147,0,0,0.6147,0.6147,0.6147,0,0.0002,0,0,0.0001,0,0.0001,0,0.0001,0,0,0,0,0,0,0,0,0,0,0,0,0.1867,0.1986,0.1867,0.1986,1
0,0.5367,1.6101,0.5367,0.5367,0,0,0.5367,0.5367,1.0734,0,0,0,0,0.5367,1.0734,0,0.5367,2.1468,0,0,0,0.0001,0,0,0,0,0,0,0.0001,0,0,0,0,0,0.0001,0,0,0.0001,0,0.2784,0.185,0.2784,0.185,1
0.5469,0,0,0,1.6408,1.0939,0,0,1.0939,0,1.6408,0,0.5469,0,6.0164,0,0.5469,1.6408,0,0.5469,0.0001,0,0,0,0.0002,0.0001,0,0,0.0001,0,0.0002,0,0.0001,0,0.0008,0,0.0001,0.0002,0,0.0001,0.2384,0.2147,0.2384,0.2147,1
0,0.4859,1.4577,0.4859,0.4859,0,0,0,0.4859,0.9718,0.4859,0,0,0,0.9718,0.9718,0.4859,0.9718,1.9437,0,0,0,0.0001,0,0,0,0,0,0,0.0001,0,0,0,0,0.0001,0.0001,0,0.0001,0.0001,0,0.2636,0.2505,0.2636,0.2505,1
0.4982,1.9929,0,0,0.9964,0.4982,0.9964,1.4946,1.4946,1.4946,0.4982,0,0.4982,0,0.4982,0.4982,0.4982,0.4982,0,0,0,0.0001,0,0,0.0001,0,0.0001,0.0001,0.0001,0.0001,0,0,0,0,0,0,0,0,0,0,0.2466,0.2552,0.2466,0.2552,1
0,0.5241,1.5724,1.0482,0.5241,0,0,0,0.5241,1.5724,0.5241,0,0,0,0.5241,1.0482,0,0.5241,1.5724,0,0,0,0.0001,0.0001,0,0,0,0,0,0.0001,0,0,0,0,0,0.0001,0,0,0.0001,0,0.2277,0.2482,0.2277,0.2482,1
1.0367,0,0,0.5183,0,0.5183,0.5183,1.0367,1.0367,0,0,0.5183,0.5183,0,1.555,2.5916,0.5183,0.5183,0,0,0.0001,0,0,0.0001,0,0.0001,0.0001,0.0001,0.0001,0,0,0.0001,0.0001,0,0.0002,0.0003,0.0001,0.0001,0,0,0.2606,0.2211,0.2606,0.2211,1
0,0.6504,0,0,1.9511,1.3007,0,0.6504,0,0,0.6504,0.6504,0.6504,0,0.6504,0.6504,2.6015,1.3007,0.6504,0.6504,0,0,0,0,0.0001,0.0001,0,0,0,0,0,0,0,0,0,0,0.0002,0.0001,0,0,0.1746,0.1751,0.1746,0.1751,1
0.5776,3.4656,0.5776,1.1552,0.5776,1.1552,0,1.1552,1.1552,1.1552,0,1.1552,1.1552,0,0,1.1552,0.5776,1.1552,0.5776,0.5776,0,0.0001,0,0,0,0,0,0,0,0,0,0,0,0,0,0,0,0,0,0,0.2138,0.2086,0.2138,0.2086,1
0.679,0,0.679,0,0.679,4.074,0,0,0.679,2.716,0.679,0.679,0,0,0,0.679,1.358,0.679,0,0,0.0001,0,0.0001,0,0.0001,0.0003,0,0,0.0001,0.0002,0.0001,0.0001,0,0,0,0.0001,0.0001,0.0001,0,0,0.1695,0.1515,0.1695,0.1515,1
0.8966,0,0.4483,4.0348,0,0,0,0.8966,3.5865,1.7933,0,0.8966,0,0.8966,0,0,0,0,0,0,0.0001,0,0,0.0004,0,0,0,0.0001,0.0004,0.0002,0,0.0001,0,0.0001,0,0,0,0,0,0,0.2498,0.3019,0.2498,0.3019,1
0,0,0,1.1607,0,0.5804,0.5804,0,1.7411,0.5804,0,0,1.7411,0.5804,1.7411,1.1607,0.5804,0,0.5804,1.7411,0,0,0,0.0001,0,0.0001,0.0001,0,0.0002,0.0001,0,0,0.0002,0.0001,0.0002,0.0001,0.0001,0,0.0001,0.0002,0.199,0.2207,0.199,0.2207,1
1.1047,1.6571,0.5524,0.5524,0,2.2094,0,1.1047,0,1.6571,0,0.5524,0,0,4.4188,0,0.5524,0.5524,0,0.5524,0.0001,0.0001,0,0,0,0.0001,0,0.0001,0,0.0001,0,0,0,0,0.0002,0,0,0,0,0,0.2318,0.2158,0.2318,0.2158,1
3.2082,0,0,0,0,0,0,0.4583,5.0415,0,0,0,0,0,0.4583,0,0,0,0.4583,0,0.0004,0,0,0,0,0,0,0.0001,0.0006,0,0,0,0,0,0.0001,0,0,0,0.0001,0,0.2234,0.3183,0.2234,0.3183,1
0,0,0,0,0,2.5456,0,0,0,1.2728,0,0,1.2728,0,1.9092,1.9092,0,0.6364,1.9092,0,0,0,0,0,0,0.0003,0,0,0,0.0001,0,0,0.0001,0,0.0002,0.0002,0,0.0001,0.0002,0,0.1806,0.183,0.1806,0.183,1
2.2012,0.5503,1.6509,0,0,0.5503,0,0.5503,1.1006,0.5503,0,0.5503,0.5503,0,0,1.1006,2.7515,0.5503,0.5503,1.1006,0.0001,0,0.0001,0,0,0,0,0,0.0001,0,0,0,0,0,0,0.0001,0.0002,0,0,0.0001,0.2393,0.2104,0.2393,0.2104,1
0.6898,0,0.6898,0.6898,0.6898,1.3795,0,0.6898,0,2.0693,0,0.6898,0,0.6898,0,0,0,0,0,0,0.0001,0,0.0001,0.0001,0.0001,0.0001,0,0.0001,0,0.0002,0,0.0001,0,0.0001,0,0,0,0,0,0,0.1495,0.1607,0.1495,0.1607,1
0,0.5387,0.5387,0.5387,0.5387,0.5387,1.0774,0,0.5387,1.6161,2.1548,1.0774,1.0774,0.5387,1.0774,1.0774,0.5387,1.6161,0,0,0,0,0,0,0,0,0.0001,0,0,0.0001,0.0001,0.0001,0.0001,0,0.0001,0.0001,0,0.0001,0,0,0.24,0.2213,0.24,0.2213,1
0.6589,0,0,0,3.2943,0.6589,0.6589,0,0.6589,0,1.3177,0,0.6589,0.6589,4.612,0,0,1.3177,0,0.6589,0.0001,0,0,0,0.0005,0.0001,0.0001,0,0.0001,0,0.0002,0,0.0001,0.0001,0.0006,0,0,0.0002,0,0.0001,0.1419,0.1993,0.1419,0.1993,1
1.0553,0,0.5277,0.5277,1.583,0,1.583,0,0.5277,0,0.5277,0.5277,1.0553,0,1.0553,0,1.0553,0,1.583,0.5277,0.0001,0,0,0,0.0001,0,0.0001,0,0,0,0,0,0.0001,0,0.0001,0,0.0001,0,0.0001,0,0.2163,0.2561,0.2163,0.2561,1
0,0.5372,1.6116,0.5372,0.5372,0,0,0.5372,0.5372,1.0744,0,0,0,0,0.5372,1.0744,0,1.0744,1.6116,0,0,0,0.0001,0,0,0,0,0,0,0.0001,0,0,0,0,0,0.0001,0,0.0001,0.0001,0,0.2333,0.2295,0.2333,0.2295,1
0.5028,0,1.5083,0,0.5028,2.5139,0,0,0,1.5083,0.5028,0,0.5028,0.5028,1.5083,0.5028,0.5028,0.5028,1.0055,0.5028,0,0,0.0001,0,0,0.0002,0,0,0,0.0001,0,0,0,0,0.0001,0,0,0,0.0001,0,0.2522,0.245,0.2522,0.245,1
2.3339,0,0.5835,0,0,1.7504,0,0,1.167,1.167,0.5835,0,0,0,1.167,1.167,0,0,0,0,0.0002,0,0.0001,0,0,0.0002,0,0,0.0001,0.0001,0.0001,0,0,0,0.0001,0.0001,0,0,0,0,0.2281,0.1884,0.2281,0.1884,1
0.4724,0.4724,0.4724,0.4724,0.4724,0.9448,0.9448,0.4724,1.8896,0,0.9448,0.4724,1.4172,0.4724,0,0.9448,0.9448,0.4724,0,0.9448,0,0,0,0,0,0.0001,0.0001,0,0.0001,0,0.0001,0,0.0001,0,0,0.0001,0.0001,0,0,0.0001,0.2324,0.2952,0.2324,0.2952,1
1.3974,0.6987,0,0,0.6987,0,0,0,0,0.6987,1.3974,0.6987,2.0962,0.6987,1.3974,1.3974,0.6987,0.6987,0,1.3974,0.0001,0.0001,0,0,0.0001,0,0,0,0,0.0001,0.0001,0.0001,0.0002,0.0001,0.0001,0.0001,0.0001,0.0001,0,0.0001,0.192,0.1093,0.192,0.1093,1
1.4542,0,0,0,0.7271,2.1812,0,0,0.7271,0,1.4542,0,0.7271,0,0,1.4542,2.1812,1.4542,0,0.7271,0.0001,0,0,0,0.0001,0.0002,0,0,0.0001,0,0.0001,0,0.0001,0,0,0.0001,0.0002,0.0001,0,0.0001,0.1227,0.1502,0.1227,0.1502,1
0,0,1.3966,0,2.0949,0,2.0949,0,1.3966,0,0.6983,0,0.6983,0,0.6983,0,0.6983,0,0,0.6983,0,0,0.0002,0,0.0003,0,0.0003,0,0.0002,0,0.0001,0,0.0001,0,0.0001,0,0.0001,0,0,0.0001,0.1304,0.1713,0.1304,0.1713,1
2.5676,0,0,0,0,0.8559,0,0,3.4235,0.8559,0,0,0,0,0,0,0,3.4235,0,0,0.0007,0,0,0,0,0.0002,0,0,0.0009,0.0002,0,0,0,0,0,0,0,0.0009,0,0,0.0498,0.0943,0.0498,0.0943,1
1.0043,0,0,1.0043,0,0.5022,0,0.5022,2.5108,0,1.5065,1.0043,0,0,0.5022,0.5022,0.5022,0.5022,0.5022,0,0.0001,0,0,0.0001,0,0.0001,0,0.0001,0.0003,0,0.0002,0.0001,0,0,0.0001,0.0001,0.0001,0.0001,0.0001,0,0.2664,0.2314,0.2664,0.2314,1
0,0.4509,0.9018,2.2544,0,0.9018,0.4509,0.9018,0.9018,1.3527,0,0.9018,0,0.4509,0.9018,0.4509,0.4509,0,0,0.4509,0,0,0.0001,0.0002,0,0.0001,0,0.0001,0.0001,0.0001,0,0.0001,0,0,0.0001,0,0,0,0,0,0.2661,0.283,0.2661,0.283,1
0.6173,0.6173,0,1.2347,3.0867,0.6173,0,1.2347,0.6173,0.6173,0.6173,0.6173,1.852,0,0,0.6173,0,0,0,0,0,0,0,0.0001,0.0002,0,0,0.0001,0,0,0,0,0.0001,0,0,0,0,0,0,0,0.1988,0.1839,0.1988,0.1839,1
0,0,0.4031,3.2244,0,0,0,1.6122,2.8214,0.4031,0,0.4031,0,0.8061,0,0.4031,0.4031,0,0.8061,0.8061,0,0,0,0.0003,0,0,0,0.0001,0.0003,0,0,0,0,0.0001,0,0,0,0,0.0001,0.0001,0.2683,0.3287,0.2683,0.3287,1
0.7123,0.7123,1.4246,0,0,0,0,0.7123,0,0,1.4246,0.7123,0,0,0.7123,0.7123,0.7123,2.1368,0,0.7123,0.0001,0.0001,0.0001,0,0,0,0,0.0001,0,0,0.0001,0.0001,0,0,0.0001,0.0001,0.0001,0.0002,0,0.0001,0.2052,0.0825,0.2052,0.0825,1
0.4828,0.4828,0,0,1.9312,0.4828,0.9656,0.9656,1.9312,0.4828,0.4828,0,0.4828,0,1.9312,0,0.9656,0.9656,0,0.9656,0,0,0,0,0.0002,0,0.0001,0.0001,0.0002,0,0,0,0,0,0.0002,0,0.0001,0.0001,0,0.0001,0.3802,0.137,0.3802,0.137,1
2.5713,0,0,0,0,0,0,0,1.7142,2.5713,0,0,1.7142,0,1.7142,0,0,0.8571,0,0,0.0007,0,0,0,0,0,0,0,0.0005,0.0007,0,0,0.0005,0,0.0005,0,0,0.0002,0,0,0.0559,0.087,0.0559,0.087,1
1.026,1.539,1.026,0.513,1.026,0.513,0,2.052,1.026,0,0,0,0.513,0,1.026,0.513,0.513,0,1.026,0,0,0.0001,0,0,0,0,0,0.0001,0,0,0,0,0,0,0,0,0,0,0,0,0.2781,0.2089,0.2781,0.2089,1
1.0566,1.0566,1.585,1.0566,0.5283,0,0,1.585,0.5283,0,1.585,1.0566,0.5283,1.0566,0,1.0566,0,0,0,0.5283,0.0001,0.0001,0.0001,0.0001,0,0,0,0.0001,0,0,0.0001,0.0001,0,0.0001,0,0.0001,0,0,0,0,0.2333,0.2384,0.2333,0.2384,1
0,0.525,0.525,0.525,0,0.525,0.525,0,0.525,0.525,0.525,1.5751,0,0,4.7254,0,0.525,2.6252,0,1.0501,0,0,0,0,0,0,0,0,0,0,0,0.0001,0,0,0.0004,0,0,0.0002,0,0.0001,0.2947,0.1802,0.2947,0.1802,1
0.7341,0,0,0.7341,1.4681,0.7341,0,0.7341,0.7341,2.9362,0,0,0.7341,0,0,0,0.7341,2.2022,0.7341,0,0.0001,0,0,0.0001,0.0002,0.0001,0,0.0001,0.0001,0.0004,0,0,0.0001,0,0,0,0.0001,0.0003,0.0001,0,0.1726,0.0933,0.1726,0.0933,1
0,0,0,0.7811,0,0,0,0,3.1245,1.5622,0,0,0,0,0,0.7811,0.7811,3.1245,0,0,0,0,0,0.0002,0,0,0,0,0.0007,0.0003,0,0,0,0,0,0.0002,0.0002,0.0007,0,0,0.09,0.1289,0.09,0.1289,1
1.6615,0,1.1077,1.1077,0,1.1077,0,0,1.1077,0,0,0,1.6615,0.5538,1.6615,0.5538,0.5538,0,0,0,0.0002,0,0.0001,0.0001,0,0.0001,0,0,0.0001,0,0,0,0.0002,0.0001,0.0002,0.0001,0.0001,0,0,0,0.2312,0.2149,0.2312,0.2149,1
1.0744,0.5372,0.5372,0.5372,0,0.5372,0.5372,1.6116,0.5372,1.0744,0.5372,1.0744,0,1.6116,1.0744,1.0744,0,1.6116,0,0,0.0001,0,0,0,0,0,0,0.0001,0,0.0001,0,0.0001,0,0.0001,0.0001,0.0001,0,0.0001,0,0,0.2489,0.2139,0.2489,0.2139,1
0,0,2.1622,0,0.5406,1.6217,0.5406,0.5406,0.5406,1.0811,0.5406,0.5406,2.1622,0,0.5406,1.0811,1.6217,1.6217,0,0.5406,0,0,0.0002,0,0,0.0001,0,0,0,0.0001,0,0,0.0002,0,0,0.0001,0.0001,0.0001,0,0,0.22,0.2395,0.22,0.2395,1
0.6726,0.6726,1.3452,0.6726,1.3452,0,0,0.6726,0.6726,0,0,1.3452,2.6903,0.6726,0,0.6726,1.3452,1.3452,0,0,0.0001,0.0001,0.0001,0.0001,0.0001,0,0,0.0001,0.0001,0,0,0.0001,0.0002,0.0001,0,0.0001,0.0001,0.0001,0,0,0.1613,0.1661,0.1613,0.1661,1
0.4452,0,0.4452,4.0071,0,0,0,0.4452,3.5618,1.3357,0,0.4452,0,0.8905,0.4452,0,0,0.4452,0.4452,0.4452,0,0,0,0.0004,0,0,0,0,0.0004,0.0001,0,0,0,0.0001,0,0,0,0,0,0,0.2822,0.2726,0.2822,0.2726,1
0,2.1192,0,0,1.0596,0.5298,0,0,0.5298,0,0,0,0,0,3.1788,0,0,0.5298,0.5298,1.0596,0,0.0001,0,0,0.0001,0,0,0,0,0,0,0,0,0,0.0002,0,0,0,0,0.0001,0.231,0.2392,0.231,0.2392,1
1.2053,0,0.6027,0,0,0,0,1.2053,2.4107,0.6027,0.6027,0,1.808,0,1.2053,0,0,0,0.6027,0,0.0001,0,0.0001,0,0,0,0,0.0001,0.0003,0.0001,0.0001,0,0.0002,0,0.0001,0,0,0,0.0001,0,0.2564,0.1409,0.2564,0.1409,1
1.4348,0.7174,0,0.7174,0.7174,0.7174,0,0.7174,0.7174,0,0,0.7174,0,0,0,0,0,0,1.4348,0,0.0001,0.0001,0,0.0001,0.0001,0.0001,0,0.0001,0.0001,0,0,0.0001,0,0,0,0,0,0,0.0001,0,0.146,0.1366,0.146,0.1366,1
0.5956,0,0,0.5956,0,0.5956,0.5956,1.1912,0,0.5956,0.5956,0,0.5956,0.5956,2.978,0,0.5956,0,0,0,0.0001,0,0,0.0001,0,0.0001,0.0001,0.0002,0,0.0001,0.0001,0,0.0001,0.0001,0.0005,0,0.0001,0,0,0,0.2148,0.1896,0.2148,0.1896,1
2.4327,0,1.6218,0,0.8109,0,0,0,0,0,0.8109,0,0,0,0,2.4327,0.8109,1.6218,0,0.8109,0.0003,0,0.0002,0,0.0001,0,0,0,0,0,0.0001,0,0,0,0,0.0003,0.0001,0.0002,0,0.0001,0.1053,0.0838,0.1053,0.0838,1
1.6596,0,0,0,0.8298,0,0,0,3.3191,1.6596,0,0,0,0,0,0,0.8298,2.4894,0,0,0.0004,0,0,0,0.0002,0,0,0,0.0007,0.0004,0,0,0,0,0,0,0.0002,0.0005,0,0,0.0715,0.0987,0.0715,0.0987,1
2.5346,0,0,0,0.6336,0.6336,0,0,1.9009,0.6336,0,0.6336,0,0,1.2673,0,0,0,0,0,0.0004,0,0,0,0.0001,0.0001,0,0,0.0003,0.0001,0,0.0001,0,0,0.0002,0,0,0,0,0,0.2183,0.1481,0.2183,0.1481,1
0.5473,0,0,1.0946,0.5473,0,0,0,1.6419,0,0,0,1.0946,0,1.0946,0,0.5473,0.5473,1.6419,1.6419,0.0001,0,0,0.0001,0.0001,0,0,0,0.0002,0,0,0,0.0001,0,0.0001,0,0.0001,0.0001,0.0002,0.0002,0.2243,0.2284,0.2243,0.2284,1
0,0,0.6304,0,1.8912,1.2608,0,1.2608,0,1.8912,0.6304,0.6304,0.6304,0,1.2608,0,0,0,0,0,0,0,0.0001,0,0.0002,0.0001,0,0.0001,0,0.0002,0.0001,0.0001,0.0001,0,0.0001,0,0,0,0,0,0.2182,0.1514,0.2182,0.1514,1
1.4021,0.7011,0.7011,0.7011,0.7011,0,0,1.4021,0,1.4021,1.4021,0,0,0,0,0.7011,0.7011,0.7011,0.7011,1.4021,0.0001,0,0,0,0,0,0,0.0001,0,0.0001,0.0001,0,0,0,0,0,0,0,0,0.0001,0.146,0.153,0.146,0.153,1
0,0.5581,0,0.5581,0,1.6744,0.5581,0,0.5581,0.5581,0,0,0.5581,0.5581,2.2325,1.1162,0.5581,0.5581,0.5581,1.1162,0,0,0,0,0,0.0001,0,0,0,0,0,0,0,0,0.0002,0.0001,0,0,0,0.0001,0.2185,0.2234,0.2185,0.2234,1
0,0,0.4095,3.2757,0,0,0,1.2284,2.8662,0.4095,0,0,0,0.8189,0,0.4095,0.8189,0,1.2284,0.4095,0,0,0,0.0003,0,0,0,0.0001,0.0003,0,0,0,0,0.0001,0,0,0.0001,0,0.0001,0,0.2657,0.3248,0.2657,0.3248,1
1.1682,0.5841,1.1682,0.5841,0.5841,1.1682,0,0.5841,0.5841,1.1682,0,0,1.7523,0.5841,1.1682,1.1682,0,0.5841,1.1682,0,0.0001,0,0.0001,0,0,0.0001,0,0,0,0.0001,0,0,0.0001,0,0.0001,0.0001,0,0,0.0001,0,0.1925,0.2234,0.1925,0.2234,1
0.5335,0.5335,1.0669,0.5335,1.0669,1.6004,0.5335,1.0669,0,1.6004,0,0.5335,0,0,0.5335,1.6004,0,0.5335,0,0,0,0,0.0001,0,0.0001,0.0001,0,0.0001,0,0.0001,0,0,0,0,0,0.0001,0,0,0,0,0.2209,0.2457,0.2209,0.2457,1
0,0,1.9081,0,0,0,0.636,0,0.636,1.2721,0.636,1.2721,0,0,0,0,0.636,0.636,0,1.2721,0,0,0.0002,0,0,0,0.0001,0,0.0001,0.0001,0.0001,0.0001,0,0,0,0,0.0001,0.0001,0,0.0001,0.1979,0.1661,0.1979,0.1661,1
0.6354,3.1768,0.6354,0.6354,0,3.1768,0,0,0.6354,0.6354,0,1.9061,1.9061,0,0.6354,0,2.5414,1.9061,0,0,0,0.0001,0,0,0,0.0001,0,0,0,0,0,0.0001,0.0001,0,0,0,0.0001,0.0001,0,0,0.1953,0.1694,0.1953,0.1694,1
0,0.537,0,0,0.537,0.537,0,0,0.537,2.1479,0,0,0.537,0,2.1479,0,1.074,1.074,0.537,0.537,0,0.0001,0,0,0.0001,0.0001,0,0,0.0001,0.0002,0,0,0.0001,0,0.0002,0,0.0001,0.0001,0.0001,0.0001,0.2327,0.2303,0.2327,0.2303,1
0.6753,0.6753,2.0258,0,0.6753,0,0,2.0258,0,1.3505,0,0.6753,0.6753,0,0,2.0258,0.6753,1.3505,0,0,0,0,0.0001,0,0,0,0,0.0001,0,0.0001,0,0,0,0,0,0.0001,0,0.0001,0,0,0.1771,0.1477,0.1771,0.1477,1
0.6096,0,0,0,0,1.8287,0.6096,0,1.8287,1.8287,0.6096,0,1.2191,0,0.6096,0.6096,0,0,0,0,0.0001,0,0,0,0,0.0002,0.0001,0,0.0002,0.0002,0.0001,0,0.0001,0,0.0001,0.0001,0,0,0,0,0.1771,0.2133,0.1771,0.2133,1
0.6175,0.6175,0.6175,0,0,1.235,0.6175,0.6175,1.8525,0.6175,1.235,0,0.6175,0,1.235,1.235,0.6175,1.8525,0,0,0,0,0,0,0,0.0001,0,0,0.0001,0,0.0001,0,0,0,0.0001,0.0001,0,0.0001,0,0,0.1646,0.2179,0.1646,0.2179,1
0,1.0873,0,1.0873,0.5437,2.7183,0.5437,0,1.0873,1.0873,0,0.5437,0,0,0,0,1.0873,2.1746,1.0873,0,0,0.0001,0,0.0001,0,0.0002,0,0,0.0001,0.0001,0,0,0,0,0,0,0.0001,0.0001,0.0001,0,0.2497,0.2067,0.2497,0.2067,1
0.6452,0,0,0.6452,1.9356,0.6452,0,1.2904,1.2904,0.6452,0,0,2.5808,0,0,0.6452,0.6452,1.9356,0,0,0.0001,0,0,0.0001,0.0002,0.0001,0,0.0001,0.0001,0.0001,0,0,0.0003,0,0,0.0001,0.0001,0.0002,0,0,0.2041,0.1507,0.2041,0.1507,1
3.6632,0.7326,0,1.4653,0,1.4653,0,0.7326,0,1.4653,0.7326,0,0,0.7326,0,0,1.4653,0.7326,0,0,0.0003,0.0001,0,0.0001,0,0.0001,0,0.0001,0,0.0001,0.0001,0,0,0.0001,0,0,0.0001,0.0001,0,0,0.1165,0.1508,0.1165,0.1508,1
1.2689,0,1.2689,0,0.6344,0.6344,0,0.6344,0.6344,1.2689,0,0,0,0,0,0,0.6344,0.6344,0.6344,0,0.0001,0,0.0001,0,0.0001,0.0001,0,0.0001,0.0001,0.0001,0,0,0,0,0,0,0.0001,0.0001,0.0001,0,0.1795,0.1861,0.1795,0.1861,1
1.0782,0,0.5391,0,0,1.0782,0,0,1.0782,2.6956,0,0,0,0,2.1565,0.5391,0,0,0,0.5391,0.0001,0,0.0001,0,0,0.0001,0,0,0.0001,0.0003,0,0,0,0,0.0002,0.0001,0,0,0,0.0001,0.2476,0.2133,0.2476,0.2133,1
0,0.8825,0.4413,0,0.8825,0.8825,0.4413,0,1.3238,2.2063,0,0.4413,0,0.4413,1.765,0,0,1.3238,0,0,0,0.0001,0,0,0.0001,0.0001,0,0,0.0001,0.0002,0,0,0,0,0.0001,0,0,0.0001,0,0,0.2514,0.3074,0.2514,0.3074,1
1.0572,0.5286,2.643,0,0.5286,0.5286,0,0.5286,0.5286,1.0572,1.0572,1.0572,2.1144,0.5286,0,1.0572,2.1144,0.5286,0,0,0.0001,0,0.0002,0,0,0,0,0,0,0.0001,0.0001,0.0001,0.0001,0,0,0.0001,0.0001,0,0,0,0.2204,0.251,0.2204,0.251,1
3.9788,0,1.3263,0,0,0,0,0,1.3263,2.6525,0,0,1.3263,0,1.3263,0,0,1.3263,0,0,0.0004,0,0.0001,0,0,0,0,0,0.0001,0.0002,0,0,0.0001,0,0.0001,0,0,0.0001,0,0,0.146,0.1909,0.146,0.1909,1
0,3.1928,0,0,0,0.5321,0,1.0643,0,0.5321,0.5321,0,0,0,3.1928,0.5321,0,0,0,0,0,0.0002,0,0,0,0,0,0.0001,0,0,0,0,0,0,0.0002,0,0,0,0,0,0.215,0.2528,0.215,0.2528,1
0,0,0,0,0,3.237,1.9422,0.6474,0,0,0,0,0,0.6474,0.6474,0.6474,0,1.2948,0,0,0,0,0,0,0,0.0005,0.0003,0.0001,0,0,0,0,0,0.0001,0.0001,0.0001,0,0.0002,0,0,0.2005,0.1521,0.2005,0.1521,1
0.8203,0,0,0,3.2811,0,0,0,3.2811,2.4608,0,0,0.8203,0.8203,0,0,0,0,0,0,0.0002,0,0,0,0.0006,0,0,0,0.0006,0.0005,0,0,0.0002,0.0002,0,0,0,0,0,0,0.0686,0.1111,0.0686,0.1111,1
1.115,0,1.115,0,0.5575,0.5575,1.6725,0.5575,1.115,0,0.5575,0.5575,0,0.5575,0,0.5575,1.115,1.115,0,0.5575,0.0001,0,0.0001,0,0.0001,0.0001,0.0002,0.0001,0.0001,0,0.0001,0.0001,0,0.0001,0,0.0001,0.0001,0.0001,0,0.0001,0.2542,0.1883,0.2542,0.1883,1
1.6543,0.5514,0,1.1029,0.5514,0,1.1029,1.1029,0.5514,1.1029,0,0,1.6543,0,1.1029,0.5514,0,0.5514,0,0.5514,0.0001,0,0,0.0001,0,0,0.0001,0.0001,0,0.0001,0,0,0.0001,0,0.0001,0,0,0,0,0,0.24,0.2086,0.24,0.2086,1
1.2553,1.2553,0,1.2553,0,2.5107,0,0,0.6277,0,0,0,0.6277,0,1.2553,1.2553,1.2553,1.883,0,1.2553,0.0001,0.0001,0,0.0001,0,0.0002,0,0,0,0,0,0,0,0,0.0001,0.0001,0.0001,0.0001,0,0.0001,0.1695,0.2028,0.1695,0.2028,1
2.1517,0,0,0,0.7172,0.7172,0,0,0.7172,0.7172,0,0,0,0,0.7172,0,0.7172,1.4345,0.7172,0,0.0003,0,0,0,0.0001,0.0001,0,0,0.0001,0.0001,0,0,0,0,0.0001,0,0.0001,0.0002,0.0001,0,0.142,0.1408,0.142,0.1408,1
2.6215,0.6554,0,0.6554,0,0,0.6554,0,0,1.3107,1.9661,1.3107,0.6554,0.6554,0,0.6554,1.9661,1.3107,0.6554,1.3107,0.0002,0,0,0,0,0,0,0,0,0.0001,0.0001,0.0001,0,0,0,0,0.0001,0.0001,0,0.0001,0.1642,0.1804,0.1642,0.1804,1
1.2178,1.8266,0.6089,0,0,1.8266,0.6089,1.2178,0,0.6089,3.6533,0.6089,1.8266,0,0.6089,0.6089,1.2178,0.6089,0.6089,0.6089,0.0001,0.0001,0,0,0,0.0001,0,0.0001,0,0,0.0002,0,0.0001,0,0,0,0.0001,0,0,0,0.2303,0.1608,0.2303,0.1608,1
2.4951,0,0.8317,0,0.8317,0,0,0,0,2.4951,0.8317,0.8317,0,0,0,1.6634,0,0.8317,0,0,0.0003,0,0.0001,0,0.0001,0,0,0,0,0.0003,0.0001,0.0001,0,0,0,0.0002,0,0.0001,0,0,0.1041,0.0642,0.1041,0.0642,1
1.2593,0.6297,0,0,0,2.5186,0.6297,0,0,0,0,0,2.5186,0,2.5186,0.6297,0.6297,0,0,0,0.0002,0.0001,0,0,0,0.0003,0.0001,0,0,0,0,0,0.0003,0,0.0003,0.0001,0.0001,0,0,0,0.1762,0.1941,0.1762,0.1941,1
0.5171,0.5171,1.5512,0,1.0341,0.5171,0.5171,0,1.0341,2.0682,0.5171,0,1.0341,0.5171,0.5171,0,0,0,0,0.5171,0,0,0.0001,0,0.0001,0,0,0,0.0001,0.0002,0,0,0.0001,0,0,0,0,0,0,0,0.2274,0.2555,0.2274,0.2555,1
2.7828,0,1.3914,0.6957,0,0,0,0,0.6957,1.3914,0,0,0,0,0.6957,3.4785,0,0,0,0.6957,0.0002,0,0.0001,0.0001,0,0,0,0,0.0001,0.0001,0,0,0,0,0.0001,0.0003,0,0,0,0.0001,0.1562,0.1481,0.1562,0.1481,1
0.5298,0.5298,1.0596,0,1.0596,2.649,1.0596,2.1192,0.5298,1.0596,0.5298,0.5298,0,0.5298,0,0.5298,1.5894,1.5894,0,0,0,0,0.0001,0,0.0001,0.0002,0.0001,0.0001,0,0.0001,0,0,0,0,0,0,0.0001,0.0001,0,0,0.2667,0.2035,0.2667,0.2035,1
0,0.6009,0.6009,0,0,1.2017,0,0,0,1.8026,0,0,1.8026,0.6009,1.8026,0,0.6009,0,0,0,0,0.0001,0.0001,0,0,0.0001,0,0,0,0.0002,0,0,0.0002,0.0001,0.0002,0,0.0001,0,0,0,0.1983,0.2008,0.1983,0.2008,1
4.0678,0.8136,0,0,0,0,0,0,1.6271,2.4407,0,0,1.6271,0,1.6271,0.8136,0,3.2542,0,0,0.0003,0.0001,0,0,0,0,0,0,0.0001,0.0002,0,0,0.0001,0,0.0001,0.0001,0,0.0002,0,0,0.0669,0.1195,0.0669,0.1195,1
0,0,0.6044,0,0,0.6044,0,0.6044,1.2088,1.2088,0.6044,0.6044,0,1.2088,0.6044,1.2088,1.8132,1.2088,0,0.6044,0,0,0.0001,0,0,0.0001,0,0.0001,0.0001,0.0001,0.0001,0.0001,0,0.0001,0.0001,0.0001,0.0002,0.0001,0,0.0001,0.1972,0.1984,0.1972,0.1984,1
2.2581,0,0.5645,0,0.5645,1.6936,0.5645,0.5645,1.1291,0.5645,0.5645,0,0.5645,0.5645,0.5645,1.1291,1.6936,0.5645,0,1.1291,0.0002,0,0,0,0,0.0001,0,0,0.0001,0,0,0,0,0,0,0.0001,0.0001,0,0,0.0001,0.2274,0.2081,0.2274,0.2081,1
0,0,0.9988,0,0.4994,0.9988,0,0.4994,1.9976,0,0.9988,0,0.4994,0,1.4982,0.4994,0.9988,0.9988,0,0,0,0,0.0001,0,0.0001,0.0001,0,0.0001,0.0002,0,0.0001,0,0.0001,0,0.0002,0.0001,0.0001,0.0001,0,0,0.2385,0.2621,0.2385,0.2621,1
1.834,0,1.834,1.2226,0.6113,0,0,0,0,2.4453,0,0,0,0,0.6113,0,0.6113,0,0,0,0.0002,0,0.0002,0.0001,0.0001,0,0,0,0,0.0002,0,0,0,0,0.0001,0,0.0001,0,0,0,0.2369,0.1518,0.2369,0.1518,1
0.895,0,1.3425,1.3425,0,0.4475,0,1.79,2.2375,1.3425,0,0.895,0,0,0,0.4475,0,1.3425,0,1.3425,0.0001,0,0.0001,0.0001,0,0,0,0.0001,0.0001,0.0001,0,0.0001,0,0,0,0,0,0.0001,0,0.0001,0.2442,0.3083,0.2442,0.3083,1
1.7593,0.5864,1.1729,0.5864,0.5864,0.5864,0,0,0.5864,2.3457,0,1.7593,0,0,0.5864,1.7593,0,0,0,0,0.0001,0,0.0001,0,0,0,0,0,0,0.0001,0,0.0001,0,0,0,0.0001,0,0,0,0,0.1579,0.2557,0.1579,0.2557,1
0.6473,1.2946,0,0,0.6473,1.2946,0.6473,0,1.2946,0.6473,2.5893,0.6473,0.6473,0,1.2946,0.6473,2.5893,1.2946,0,0,0,0.0001,0,0,0,0.0001,0,0,0.0001,0,0.0001,0,0,0,0.0001,0,0.0001,0.0001,0,0,0.1894,0.1632,0.1894,0.1632,1
1.0944,0,0,0.5472,0.5472,1.0944,1.0944,0.5472,1.6416,2.736,0,0,1.0944,0,0,0.5472,0,2.736,0,0,0.0001,0,0,0,0,0.0001,0.0001,0,0.0001,0.0002,0,0,0.0001,0,0,0,0,0.0002,0,0,0.1935,0.2593,0.1935,0.2593,1
0.7346,0,0.7346,0,0,0,0,0,0.7346,2.2038,0,1.4692,0,0,0,0.7346,0,0,0.7346,0,0.0001,0,0.0001,0,0,0,0,0,0.0001,0.0002,0,0.0002,0,0,0,0.0001,0,0,0.0001,0,0.1477,0.1177,0.1477,0.1177,1
0.8553,0,0.4277,3.4214,0,0.4277,0.4277,1.7107,2.9937,0.8553,0,0.8553,0,0.4277,0,0.4277,0,0,0,0,0.0001,0,0,0.0003,0,0,0,0.0002,0.0003,0.0001,0,0.0001,0,0,0,0,0,0,0,0,0.2633,0.3091,0.2633,0.3091,1
0,0,0,0.7075,0.7075,0,0,0,0,2.8301,0.7075,1.4151,0,0,0.7075,0.7075,0,1.4151,0.7075,0.7075,0,0,0,0.0001,0.0001,0,0,0,0,0.0003,0.0001,0.0002,0,0,0.0001,0.0001,0,0.0002,0.0001,0.0001,0.1732,0.1193,0.1732,0.1193,1
2.0391,0,0,0.6797,0,0,0.6797,0,1.3594,0,0,2.0391,0,0.6797,0.6797,0.6797,0,0.6797,0,0,0.0004,0,0,0.0001,0,0,0.0001,0,0.0002,0,0,0.0004,0,0.0001,0.0001,0.0001,0,0.0001,0,0,0.1738,0.1464,0.1738,0.1464,1
0,0,0,0.5843,0.5843,2.3372,0,0.5843,0,0.5843,0,0,0,0,2.3372,0.5843,0,0,0,0,0,0,0,0.0001,0.0001,0.0003,0,0.0001,0,0.0001,0,0,0,0,0.0003,0.0001,0,0,0,0,0.2143,0.2014,0.2143,0.2014,1
0.9138,2.7415,0,0,1.3708,1.3708,0,0,0.4569,1.8277,0.4569,0,0,0.9138,2.2846,0.4569,0.4569,0,0.4569,0,0,0.0001,0,0,0.0001,0.0001,0,0,0,0.0001,0,0,0,0,0.0001,0,0,0,0,0,0.2615,0.2816,0.2615,0.2816,1
1.2965,0.6483,0,1.2965,1.2965,3.8896,0,0.6483,0,2.5931,0.6483,0,0,0,0,0.6483,0.6483,0,0,0,0.0001,0,0,0.0001,0.0001,0.0003,0,0,0,0.0002,0,0,0,0,0,0,0,0,0,0,0.1897,0.162,0.1897,0.162,1
0.577,0,0.577,0,0.577,0.577,0,1.731,1.154,0,0,0,1.154,0,4.039,0.577,1.154,0.577,1.154,0.577,0.0001,0,0.0001,0,0.0001,0.0001,0,0.0002,0.0001,0,0,0,0.0001,0,0.0004,0.0001,0.0001,0.0001,0.0001,0.0001,0.2143,0.2087,0.2143,0.2087,1
0.6729,0.6729,1.3459,0,0.6729,0,0,1.3459,0,2.0188,0,0,0.6729,0,0.6729,0.6729,0,0,0,0.6729,0,0,0.0001,0,0,0,0,0.0001,0,0.0001,0,0,0,0,0,0,0,0,0,0,0.1328,0.1942,0.1328,0.1942,1
1.7463,0,0,0,0.5821,0.5821,1.1642,1.1642,1.1642,0.5821,1.7463,1.1642,0,0,0,1.7463,1.1642,0.5821,0.5821,0.5821,0.0001,0,0,0,0,0,0.0001,0.0001,0.0001,0,0.0001,0.0001,0,0,0,0.0001,0.0001,0,0,0,0.2395,0.1784,0.2395,0.1784,1
0,0,0,0,1.6517,0,0,4.1291,0.8258,1.6517,0.8258,0.8258,0,0,0,0,0,2.4775,0,0,0,0,0,0,0.0004,0,0,0.0009,0.0002,0.0004,0.0002,0.0002,0,0,0,0,0,0.0005,0,0,0.0962,0.0779,0.0962,0.0779,1
1.3417,0,0,1.3417,0,3.3543,0,0,0,2.0126,0.6709,1.3417,4.0251,0,0,0.6709,0,2.0126,0,0,0.0001,0,0,0.0001,0,0.0002,0,0,0,0.0001,0,0.0001,0.0003,0,0,0,0,0.0001,0,0,0.1602,0.1689,0.1602,0.1689,1
1.4166,0.7083,0,0.7083,2.1249,0,0,1.4166,0.7083,0.7083,0,0.7083,2.8332,0,0,0.7083,0.7083,1.4166,0,0,0.0001,0.0001,0,0.0001,0.0002,0,0,0.0001,0.0001,0.0001,0,0.0001,0.0002,0,0,0.0001,0.0001,0.0001,0,0,0.1648,0.1268,0.1648,0.1268,1
0.6404,0,0,1.2809,0,0,1.2809,0,0.6404,1.9213,0.6404,0.6404,0.6404,0,0,2.5617,2.5617,1.2809,0,0,0.0001,0,0,0.0001,0,0,0.0001,0,0.0001,0.0002,0.0001,0.0001,0.0001,0,0,0.0002,0.0002,0.0001,0,0,0.1847,0.1748,0.1847,0.1748,1
1.1756,3.5267,0.5878,0.5878,0,1.1756,0.5878,1.1756,0.5878,1.7634,0.5878,0.5878,1.1756,0,0,1.7634,0.5878,1.1756,0.5878,0,0,0.0001,0,0,0,0,0,0,0,0.0001,0,0,0,0,0,0.0001,0,0,0,0,0.1812,0.2311,0.1812,0.2311,1
0.6132,1.2265,0,0,0,0.6132,0,0,1.2265,1.2265,0,0,3.6794,0,1.8397,1.2265,0.6132,0.6132,0,0,0,0.0001,0,0,0,0,0,0,0.0001,0.0001,0,0,0.0003,0,0.0001,0.0001,0,0,0,0,0.2695,0.1173,0.2695,0.1173,1
0.5973,0,0,1.1946,0,0.5973,0,0,1.7918,1.1946,0,1.1946,1.1946,0.5973,0.5973,0.5973,1.1946,0,0.5973,0.5973,0.0001,0,0,0.0001,0,0.0001,0,0,0.0002,0.0001,0,0.0001,0.0001,0.0001,0.0001,0.0001,0.0001,0,0.0001,0.0001,0.2376,0.1651,0.2376,0.1651,1
0,0.5724,1.7171,0,0.5724,0,0,1.1448,0.5724,1.1448,0,0,0,0,0.5724,1.1448,0.5724,0.5724,1.7171,0,0,0,0.0001,0,0,0,0,0.0001,0,0.0001,0,0,0,0,0,0.0001,0,0,0.0001,0,0.2127,0.215,0.2127,0.215,1
1.7655,1.7655,0.5885,0,0.5885,1.177,0,0.5885,1.7655,1.177,1.177,2.354,0,0.5885,0,0,1.177,0,0,1.177,0.0001,0.0001,0,0,0,0.0001,0,0,0.0001,0.0001,0.0001,0.0001,0,0,0,0,0.0001,0,0,0.0001,0.2443,0.1672,0.2443,0.1672,1
1.2548,0,0,0,0,0,0,0,1.2548,0,0,0.6274,0,0.6274,3.7643,0,0,0,0,1.2548,0.0003,0,0,0,0,0,0,0,0.0003,0,0,0.0002,0,0.0002,0.001,0,0,0,0,0.0003,0.2458,0.1268,0.2458,0.1268,1
0,0.5753,0.5753,0.5753,0,0.5753,0,0,0.5753,1.1507,0,1.1507,0.5753,0,1.1507,0,0.5753,0,1.1507,0,0,0,0,0,0,0,0,0,0,0.0001,0,0.0001,0,0,0.0001,0,0,0,0.0001,0,0.2641,0.1606,0.2641,0.1606,1
0,0,0.7775,0,0,0,0,0,1.555,3.11,0,0.7775,0,0,0.7775,0.7775,0,0.7775,0,1.555,0,0,0.0001,0,0,0,0,0,0.0003,0.0005,0,0.0001,0,0,0.0001,0.0001,0,0.0001,0,0.0003,0.1116,0.1109,0.1116,0.1109,1
0.5394,0.5394,0,0,0.5394,0.5394,0,0,0.5394,1.0787,0,0,0.5394,0,2.1575,0,1.6181,0.5394,0.5394,0.5394,0.0001,0.0001,0,0,0.0001,0.0001,0,0,0.0001,0.0001,0,0,0.0001,0,0.0002,0,0.0002,0.0001,0.0001,0.0001,0.2368,0.2238,0.2368,0.2238,1
0,3.7621,0,0.627,0,1.8811,0.627,0.627,0.627,0,2.5081,0,0.627,1.254,0.627,0,3.1351,0.627,0,0.627,0,0.0002,0,0,0,0.0001,0,0,0,0,0.0001,0,0,0.0001,0,0,0.0001,0,0,0,0.2488,0.1242,0.2488,0.1242,1
0,0.603,1.206,0.603,0,1.206,0,0,0,1.206,0,0.603,1.206,0,0.603,0,1.206,1.8091,1.8091,0,0,0,0.0001,0,0,0.0001,0,0,0,0.0001,0,0,0.0001,0,0,0,0.0001,0.0001,0.0001,0,0.1873,0.2096,0.1873,0.2096,1
0.8506,0,0,0,0.8506,0,0,0,3.4024,0.8506,0,0,0,0,0,0.8506,0.8506,3.4024,0,0,0.0002,0,0,0,0.0002,0,0,0,0.0007,0.0002,0,0,0,0,0,0.0002,0.0002,0.0007,0,0,0.0568,0.0926,0.0568,0.0926,1
0.548,0,0.548,0,1.644,0,1.096,0,1.096,3.2879,0.548,0,3.8359,0,0.548,0.548,0.548,0.548,0,0.548,0.0001,0,0.0001,0,0.0002,0,0.0001,0,0.0001,0.0003,0.0001,0,0.0004,0,0.0001,0.0001,0.0001,0.0001,0,0.0001,0.2247,0.2273,0.2247,0.2273,1
1.3732,0,0,0,0,0.6866,0,0,2.7464,3.433,0,0,0,0,2.0598,0.6866,0,3.433,0,0,0.0002,0,0,0,0,0.0001,0,0,0.0004,0.0005,0,0,0,0,0.0003,0.0001,0,0.0005,0,0,0.1267,0.1867,0.1267,0.1867,1
2.2071,0,0,0,0,3.6785,0.7357,0,1.4714,0.7357,0.7357,0,0,0,3.6785,0,1.4714,3.6785,0,0,0.0002,0,0,0,0,0.0004,0.0001,0,0.0002,0.0001,0.0001,0,0,0,0.0004,0,0.0002,0.0004,0,0,0.1283,0.136,0.1283,0.136,1
0.5845,0,0,0,0,1.7534,0,0,0,0.5845,0,0.5845,0.5845,0.5845,3.5068,0,0,0,0,0,0.0001,0,0,0,0,0.0003,0,0,0,0.0001,0,0.0001,0.0001,0.0001,0.0005,0,0,0,0,0,0.2536,0.1619,0.2536,0.1619,1
0.499,1.497,0.998,0.998,0,0,0,0.499,1.996,0,1.497,0.499,0.998,0.499,0,0,1.996,0.499,0.998,0.499,0,0.0001,0.0001,0.0001,0,0,0,0,0.0001,0,0.0001,0,0.0001,0,0,0,0.0001,0,0.0001,0,0.2272,0.2738,0.2272,0.2738,1
1.3493,0.6746,0,2.0239,0,0,0,0,0.6746,2.0239,0,0,0.6746,0,0,0.6746,0,0,1.3493,0,0.0001,0.0001,0,0.0002,0,0,0,0,0.0001,0.0002,0,0,0.0001,0,0,0.0001,0,0,0.0001,0,0.1716,0.1537,0.1716,0.1537,1
2.4474,0,0,0,0,0,0,0,1.6316,2.4474,0,0.8158,0.8158,0,1.6316,0.8158,0,1.6316,0,0,0.0003,0,0,0,0,0,0,0,0.0002,0.0003,0,0.0001,0.0001,0,0.0002,0.0001,0,0.0002,0,0,0.0725,0.1117,0.0725,0.1117,1
0.5171,0.5171,0,0.5171,0.5171,0,0.5171,0,0,1.0343,1.0343,0.5171,0.5171,0,2.0686,0,0.5171,2.0686,0.5171,0.5171,0,0,0,0,0,0,0,0,0,0.0001,0.0001,0,0,0,0.0002,0,0,0.0002,0,0,0.2604,0.2225,0.2604,0.2225,1
0.5946,2.3783,0.5946,0,0,1.7838,0,1.7838,1.1892,1.1892,1.1892,1.1892,1.1892,0,0,2.3783,1.1892,0.5946,0,0.5946,0,0.0001,0,0,0,0.0001,0,0.0001,0.0001,0.0001,0.0001,0.0001,0.0001,0,0,0.0001,0.0001,0,0,0,0.1978,0.2076,0.1978,0.2076,1
1.2882,0,0.6441,1.9322,1.2882,0.6441,0,0,0,1.2882,0,0,1.2882,0,1.2882,0,0,0.6441,0,0,0.0001,0,0.0001,0.0002,0.0001,0.0001,0,0,0,0.0001,0,0,0.0001,0,0.0001,0,0,0.0001,0,0,0.1474,0.2085,0.1474,0.2085,1
1.349,0.6745,0.6745,0,1.349,1.349,0,2.0235,0,0.6745,0.6745,0.6745,0,0.6745,0,1.349,2.0235,1.349,0,0.6745,0.0001,0,0,0,0.0001,0.0001,0,0.0001,0,0,0,0,0,0,0,0.0001,0.0001,0.0001,0,0,0.141,0.1845,0.141,0.1845,1
1.5224,0,0,0.7612,0,0,0,0,3.0449,2.2837,0,0,0,0,0,0,0,1.5224,0,0.7612,0.0003,0,0,0.0001,0,0,0,0,0.0006,0.0004,0,0,0,0,0,0,0,0.0003,0,0.0001,0.0985,0.1403,0.0985,0.1403,1
0.8476,0,0,0,0,0.8476,0,0,0,0.8476,0,0.8476,0.8476,0.8476,5.9331,0,0,0.8476,0,0,0.0002,0,0,0,0,0.0002,0,0,0,0.0002,0,0.0002,0.0002,0.0002,0.0011,0,0,0.0002,0,0,0.073,0.0794,0.073,0.0794,1
0.6311,0,0,1.2623,1.8934,0,0,1.2623,1.2623,0.6311,0.6311,0,2.5245,0,0,1.2623,0,1.2623,0,0,0.0001,0,0,0.0001,0.0002,0,0,0.0001,0.0001,0.0001,0.0001,0,0.0002,0,0,0.0001,0,0.0001,0,0,0.2295,0.1393,0.2295,0.1393,1
1.5798,2.1064,1.0532,1.5798,0,1.0532,0,0.5266,0,1.0532,0,0.5266,0.5266,0.5266,0.5266,0,2.1064,1.5798,0,0,0.0001,0.0001,0,0.0001,0,0,0,0,0,0,0,0,0,0,0,0,0.0001,0.0001,0,0,0.2256,0.2478,0.2256,0.2478,1
0,0.5802,0,0,0,0,0,0,1.7405,2.9009,0,0,0.5802,0,2.9009,0.5802,0.5802,0.5802,0,0,0,0.0001,0,0,0,0,0,0,0.0002,0.0003,0,0,0.0001,0,0.0003,0.0001,0.0001,0.0001,0,0,0.3741,0.0457,0.3741,0.0457,1
0.5839,0,0.5839,0,1.1678,2.9196,0,1.1678,1.1678,1.1678,1.7517,0.5839,0,0.5839,0,0.5839,0.5839,0.5839,0,1.1678,0,0,0,0,0.0001,0.0002,0,0.0001,0.0001,0.0001,0.0001,0,0,0,0,0,0,0,0,0.0001,0.1941,0.222,0.1941,0.222,1
0,0.6219,0,0.6219,1.2438,1.2438,0.6219,0,1.2438,1.2438,0,0.6219,0,0,0.6219,0,0,1.2438,0,0,0,0.0001,0,0.0001,0.0001,0.0001,0.0001,0,0.0001,0.0001,0,0.0001,0,0,0.0001,0,0,0.0001,0,0,0.2133,0.1648,0.2133,0.1648,1
0.5459,0,0,0.5459,1.6376,0.5459,0.5459,2.7294,1.0918,1.0918,0.5459,0,0,1.0918,4.367,0,0,0,0,0,0.0001,0,0,0.0001,0.0002,0.0001,0.0001,0.0003,0.0001,0.0001,0.0001,0,0,0.0001,0.0005,0,0,0,0,0,0.2261,0.2281,0.2261,0.2281,1
1.3949,0,0,0.6975,0.6975,0.6975,0,0.6975,0.6975,2.7898,1.3949,0,0,0,0.6975,0,0.6975,0,0,0,0.0002,0,0,0.0001,0.0001,0.0001,0,0.0001,0.0001,0.0004,0.0002,0,0,0,0.0001,0,0.0001,0,0,0,0.1668,0.1357,0.1668,0.1357,1
0.782,0,0.782,0,0,1.564,0,0,0,3.91,0,0,0,0,0,0,0.782,0,0,0,0.0001,0,0.0001,0,0,0.0002,0,0,0,0.0004,0,0,0,0,0,0,0.0001,0,0,0,0.099,0.119,0.099,0.119,1
0,0,0.5689,0.5689,0,1.1377,0.5689,0.5689,0.5689,0.5689,0,1.7066,1.7066,0,1.1377,0,0,0.5689,0,0,0,0,0.0001,0.0001,0,0.0001,0.0001,0.0001,0.0001,0.0001,0,0.0002,0.0002,0,0.0001,0,0,0.0001,0,0,0.2147,0.2164,0.2147,0.2164,1
1.1437,0,0.5718,0,1.1437,0.5718,0,1.7155,0,0,0.5718,0.5718,1.1437,0,1.7155,1.7155,1.7155,0.5718,0.5718,0,0.0001,0,0,0,0.0001,0,0,0.0001,0,0,0,0,0.0001,0,0.0001,0.0001,0.0001,0,0,0,0.2347,0.1935,0.2347,0.1935,1
0,0,0,0,0.7195,2.8782,1.4391,0,0,0.7195,0.7195,0,0,0.7195,0,0,0.7195,1.4391,0,0,0,0,0,0,0.0001,0.0005,0.0002,0,0,0.0001,0.0001,0,0,0.0001,0,0,0.0001,0.0002,0,0,0.1523,0.1281,0.1523,0.1281,1
0.7921,0,0,0,0.7921,0.7921,0,0,0,0,0.7921,0,1.5843,0,0.7921,0.7921,1.5843,1.5843,0,0,0.0001,0,0,0,0.0001,0.0001,0,0,0,0,0.0001,0,0.0003,0,0.0001,0.0001,0.0003,0.0003,0,0,0.1121,0.0957,0.1121,0.0957,1
0.8179,0.8179,0,0,0.8179,1.6358,0,0,0,4.0896,0,0.8179,3.2717,0,0,1.6358,0.8179,0.8179,0.8179,0,0.0001,0.0001,0,0,0.0001,0.0001,0,0,0,0.0003,0,0.0001,0.0002,0,0,0.0001,0.0001,0.0001,0.0001,0,0.0822,0.0999,0.0822,0.0999,1
0,0,0.6904,0.6904,0.6904,0,0,0,0,3.4522,0,1.3809,0.6904,0.6904,0.6904,0,0.6904,0.6904,0,0.6904,0,0,0.0001,0.0001,0.0001,0,0,0,0,0.0003,0,0.0001,0.0001,0.0001,0.0001,0,0.0001,0.0001,0,0.0001,0.1475,0.162,0.1475,0.162,1
0.7254,0,0,0,0,0,0,0.7254,1.4508,0.7254,0,0,0,0.7254,1.4508,1.4508,0,0.7254,0,0,0.0002,0,0,0,0,0,0,0.0002,0.0003,0.0002,0,0,0,0.0002,0.0003,0.0003,0,0.0002,0,0,0.1866,0.0879,0.1866,0.0879,1
0.5166,2.0664,0.5166,0,2.583,0.5166,0.5166,0.5166,1.5498,0.5166,0.5166,1.0332,0,0,0,0,0.5166,0.5166,0.5166,0.5166,0,0.0001,0,0,0.0001,0,0,0,0.0001,0,0,0.0001,0,0,0,0,0,0,0,0,0.2529,0.2305,0.2529,0.2305,1
1.1199,0,0,1.1199,0,0.5599,0.5599,0,0.5599,1.6798,0.5599,0.5599,0,0,0.5599,0,0.5599,1.6798,1.6798,0,0.0001,0,0,0.0001,0,0.0001,0.0001,0,0.0001,0.0002,0.0001,0.0001,0,0,0.0001,0,0.0001,0.0002,0.0002,0,0.223,0.2171,0.223,0.2171,1
1.4498,1.4498,0,0,2.1748,1.4498,0.7249,0,0.7249,0,0,0.7249,3.6246,0,0,0,0.7249,0,0,0.7249,0.0001,0.0001,0,0,0.0001,0.0001,0,0,0,0,0,0,0.0002,0,0,0,0,0,0,0,0.1579,0.1172,0.1579,0.1172,1
0.4969,0,1.4908,2.9815,0,0,0.4969,1.4908,0.4969,0.4969,0.9938,2.4846,0,1.4908,0,0.9938,0,0.4969,0,0.4969,0,0,0.0001,0.0003,0,0,0,0.0001,0,0,0.0001,0.0002,0,0.0001,0,0.0001,0,0,0,0,0.2043,0.2988,0.2043,0.2988,1
0,3.2862,0,0,0,1.0954,0,0.5477,0,0.5477,0.5477,0,0,0,3.2862,0,0,0.5477,0,0,0,0.0002,0,0,0,0.0001,0,0,0,0,0,0,0,0,0.0002,0,0,0,0,0,0.2,0.2523,0.2,0.2523,1
0,0.4185,0.4185,2.9298,0,0,0,1.2556,3.3484,0.4185,0.4185,1.2556,0,0,0,0,0.8371,0,0.8371,0.4185,0,0,0,0.0002,0,0,0,0.0001,0.0003,0,0,0.0001,0,0,0,0,0.0001,0,0.0001,0,0.2624,0.3191,0.2624,0.3191,1
0.6811,1.3622,1.3622,0.6811,0.6811,0,0,0,0,0,0,1.3622,1.3622,0,0,1.3622,3.4054,2.0432,0,0,0,0.0001,0.0001,0,0,0,0,0,0,0,0,0.0001,0.0001,0,0,0.0001,0.0002,0.0001,0,0,0.1633,0.1556,0.1633,0.1556,1
0,0.5191,1.5572,0.5191,0.5191,0,0,0,0.5191,2.0762,0,0,0,0,0.5191,1.0381,0.5191,0.5191,1.5572,0,0,0,0.0001,0,0,0,0,0,0,0.0001,0,0,0,0,0,0.0001,0,0,0.0001,0,0.2456,0.2353,0.2456,0.2353,1
1.1106,1.666,0,0,1.666,1.1106,0.5553,1.1106,0,1.666,2.7766,0,0,0,1.666,0,0.5553,0.5553,0,0,0.0001,0.0001,0,0,0.0001,0.0001,0,0.0001,0,0.0001,0.0001,0,0,0,0.0001,0,0,0,0,0,0.2482,0.1965,0.2482,0.1965,1
0.5362,0,0,0,0.5362,1.0724,0.5362,1.6087,1.0724,2.1449,0.5362,0,0.5362,0.5362,1.0724,0,1.6087,0.5362,0.5362,0.5362,0.0001,0,0,0,0.0001,0.0001,0.0001,0.0002,0.0001,0.0002,0.0001,0,0.0001,0.0001,0.0001,0,0.0002,0.0001,0.0001,0.0001,0.252,0.2118,0.252,0.2118,1
0.5111,1.5332,0.5111,0,0,0,0,0.5111,2.0442,1.0221,1.0221,1.5332,1.5332,0.5111,0.5111,0,1.5332,2.0442,0.5111,0,0,0.0001,0,0,0,0,0,0,0.0001,0.0001,0.0001,0.0001,0.0001,0,0,0,0.0001,0.0001,0,0,0.2618,0.2271,0.2618,0.2271,1
0.5085,0.5085,1.5254,0.5085,0.5085,0,0,0,0.5085,1.5254,0,0,0,0,0.5085,1.0169,0.5085,1.0169,1.5254,0,0,0,0.0001,0,0,0,0,0,0,0.0001,0,0,0,0,0,0.0001,0,0.0001,0.0001,0,0.2502,0.2414,0.2502,0.2414,1
2.2134,0,0,0,0,0,0,0,0.7378,0,0.7378,0,0.7378,0,1.4756,0.7378,1.4756,0.7378,0,0,0.0004,0,0,0,0,0,0,0,0.0001,0,0.0001,0,0.0001,0,0.0003,0.0001,0.0003,0.0001,0,0,0.1356,0.1266,0.1356,0.1266,1
1.156,0,0,0,0,0,0,0,2.8901,1.734,0.578,0,0,0,0,0,0.578,1.734,0.578,0,0.0002,0,0,0,0,0,0,0,0.0004,0.0002,0.0001,0,0,0,0,0,0.0001,0.0002,0.0001,0,0.1805,0.2415,0.1805,0.2415,1
0,0,0,0,0.7621,0.7621,0,0.7621,0.7621,3.8103,0,0.7621,0.7621,0,0,0.7621,0,0.7621,0,0,0,0,0,0,0.0001,0.0001,0,0.0001,0.0001,0.0004,0,0.0001,0.0001,0,0,0.0001,0,0.0001,0,0,0.1061,0.1319,0.1061,0.1319,1
0.8514,0,0,0,0,0,0,0,3.4056,0.8514,0,0,0.8514,0,0,0,0.8514,3.4056,0,0.8514,0.0003,0,0,0,0,0,0,0,0.001,0.0003,0,0,0.0003,0,0,0,0.0003,0.001,0,0.0003,0.0588,0.0898,0.0588,0.0898,1
0.7699,1.5399,0,0,0,0,0.7699,0,0.7699,1.5399,0,0,2.3098,0.7699,0,0,0,0,0.7699,0,0.0001,0.0002,0,0,0,0,0.0001,0,0.0001,0.0002,0,0,0.0002,0.0001,0,0,0,0,0.0001,0,0.0979,0.1321,0.0979,0.1321,1
0.5017,1.0034,0.5017,0,1.0034,1.0034,0.5017,0.5017,2.5085,2.5085,0,0.5017,0,0,0.5017,0.5017,0.5017,0.5017,0,0.5017,0,0.0001,0,0,0.0001,0.0001,0,0,0.0002,0.0002,0,0,0,0,0,0,0,0,0,0,0.2572,0.2411,0.2572,0.2411,1
4.0976,0.5854,0.5854,0,0,0,0.5854,0.5854,0.5854,0,0,0.5854,0,0,0.5854,0.5854,1.1707,0,0.5854,0,0.0003,0,0,0,0,0,0,0,0,0,0,0,0,0,0,0,0.0001,0,0,0,0.2046,0.21,0.2046,0.21,1
0,4.5822,0,0.5728,0.5728,2.8639,0,1.7183,0.5728,0,0,1.1456,1.1456,0,1.1456,0,2.8639,0,0,0,0,0.0002,0,0,0,0.0001,0,0.0001,0,0,0,0,0,0,0,0,0.0001,0,0,0,0.1978,0.2294,0.1978,0.2294,1
1.0531,0.5266,0,0,0.5266,1.0531,0,0.5266,2.1063,0.5266,0,0.5266,1.0531,0.5266,0.5266,0.5266,0.5266,1.0531,0,0.5266,0.0001,0,0,0,0,0.0001,0,0,0.0002,0,0,0,0.0001,0,0,0,0,0.0001,0,0,0.2175,0.2559,0.2175,0.2559,1
0.6088,0.6088,0.6088,0.6088,1.2177,0,1.8265,0,0.6088,1.2177,0.6088,1.2177,0.6088,0.6088,0,0.6088,1.2177,0,0,0,0,0,0,0,0.0001,0,0.0001,0,0,0.0001,0,0.0001,0,0,0,0,0.0001,0,0,0,0.224,0.1671,0.224,0.1671,1
4.2358,0,0,0,0.5295,0,0,0,1.5884,4.2358,0.5295,0,0,0,1.0589,0.5295,1.0589,1.0589,0,0,0.0004,0,0,0,0.0001,0,0,0,0.0002,0.0004,0.0001,0,0,0,0.0001,0.0001,0.0001,0.0001,0,0,0.2193,0.2512,0.2193,0.2512,1
3.2619,0,1.6309,0,0.8155,0,0,0.8155,0,0,0,0,0,0,0,2.4464,0,1.6309,0,0.8155,0.0004,0,0.0002,0,0.0001,0,0,0.0001,0,0,0,0,0,0,0,0.0003,0,0.0002,0,0.0001,0.1042,0.0803,0.1042,0.0803,1
1.3155,3.2887,1.3155,0.6577,0,0,0,0.6577,0,0,1.3155,0,0,0.6577,0,0,1.9732,0,0,1.9732,0.0001,0.0001,0.0001,0,0,0,0,0,0,0,0.0001,0,0,0,0,0,0.0001,0,0,0.0001,0.2011,0.1412,0.2011,0.1412,1
5.1277,0,0,0,0.7325,0,0,0,2.1976,1.465,0,0,2.1976,0,1.465,0,0,1.465,0,0,0.0008,0,0,0,0.0001,0,0,0,0.0004,0.0002,0,0,0.0004,0,0.0002,0,0,0.0002,0,0,0.1203,0.1472,0.1203,0.1472,1
0,0.852,0,0,0.852,0,0,0.852,2.5559,0,0,0,0,0,0,0.852,0.852,0.852,0,0.852,0,0.0001,0,0,0.0001,0,0,0.0001,0.0003,0,0,0,0,0,0,0.0001,0.0001,0.0001,0,0.0001,0.0636,0.0844,0.0636,0.0844,1
0,0,0.6278,0,0,1.2555,0,0,0,1.2555,0.6278,1.8833,8.7886,0.6278,1.2555,1.2555,0,0.6278,0,0.6278,0,0,0.0001,0,0,0.0001,0,0,0,0.0001,0.0001,0.0002,0.0007,0.0001,0.0001,0.0001,0,0.0001,0,0.0001,0.216,0.1562,0.216,0.1562,1
2.1751,0.5438,0.5438,0,1.0876,0.5438,0,1.0876,1.0876,1.0876,0.5438,2.1751,0,0.5438,0.5438,1.6313,0.5438,1.0876,0,0.5438,0.0001,0,0,0,0.0001,0,0,0.0001,0.0001,0.0001,0,0.0001,0,0,0,0.0001,0,0.0001,0,0,0.2297,0.2265,0.2297,0.2265,1
0.9799,0.4899,1.4698,0,0.9799,0.4899,0.4899,0.4899,1.9598,0,0.4899,0.4899,0.4899,0,2.4497,0,0.9799,0.4899,0,0.9799,0.0001,0,0.0001,0,0.0001,0,0,0,0.0001,0,0,0,0,0,0.0002,0,0.0001,0,0,0.0001,0.256,0.254,0.256,0.254,1
0,0,0,0,0,0,0,2.0665,0.6888,1.3777,0,1.3777,0,0,0.6888,0,0.6888,0,0,1.3777,0,0,0,0,0,0,0,0.0003,0.0001,0.0002,0,0.0002,0,0,0.0001,0,0.0001,0,0,0.0002,0.1519,0.1593,0.1519,0.1593,1
3.7058,0,0.4632,0.4632,0,0,0,0,3.7058,0,0,0.4632,0,0,0.9265,0.4632,0,0,0.4632,0,0.0004,0,0.0001,0.0001,0,0,0,0,0.0004,0,0,0.0001,0,0,0.0001,0.0001,0,0,0.0001,0,0.2352,0.3015,0.2352,0.3015,1
2.0057,0,0.6686,0,1.3371,0.6686,0,0,0.6686,3.3428,0.6686,1.3371,1.3371,0.6686,0,1.3371,2.0057,0.6686,0,0,0.0002,0,0.0001,0,0.0001,0.0001,0,0,0.0001,0.0003,0.0001,0.0001,0.0001,0.0001,0,0.0001,0.0002,0.0001,0,0,0.1863,0.1451,0.1863,0.1451,1
0.5556,3.3336,0,0.5556,0,1.6668,0,1.1112,1.1112,1.1112,0,0.5556,1.1112,0,0.5556,2.2224,0.5556,1.1112,0.5556,0.5556,0,0.0001,0,0,0,0.0001,0,0,0,0,0,0,0,0,0,0.0001,0,0,0,0,0.2364,0.208,0.2364,0.208,1
2.1996,0,0,0,0,0.7332,1.4664,0,0.7332,0,0.7332,1.4664,1.4664,0.7332,0,0.7332,0.7332,0,0,0,0.0004,0,0,0,0,0.0001,0.0002,0,0.0001,0,0.0001,0.0002,0.0002,0.0001,0,0.0001,0.0001,0,0,0,0.1545,0.1123,0.1545,0.1123,1
2.477,0,1.4862,0,0,0.4954,0.9908,0,0.9908,0,0.9908,0.4954,0.4954,0,0.4954,0,1.9816,0.4954,0.4954,0.9908,0.0002,0,0.0001,0,0,0,0.0001,0,0.0001,0,0.0001,0,0,0,0,0,0.0002,0,0,0.0001,0.2491,0.2555,0.2491,0.2555,1
0.5893,0,0,0.5893,0,0,0,0,0.5893,4.1254,0.5893,1.1787,0,0,1.1787,0.5893,0,0,0,1.1787,0.0001,0,0,0.0001,0,0,0,0,0.0001,0.0004,0.0001,0.0001,0,0,0.0001,0.0001,0,0,0,0.0001,0.1891,0.2216,0.1891,0.2216,1
2.1607,0,0,0,0,0,0,0,2.881,1.4405,0,0,0,0,0,0,0.7202,2.1607,0,0.7202,0.0004,0,0,0,0,0,0,0,0.0005,0.0003,0,0,0,0,0,0,0.0001,0.0004,0,0.0001,0.1632,0.1166,0.1632,0.1166,1
0.5509,1.1019,0,0.5509,1.1019,3.3057,0,1.6528,0.5509,1.6528,0,0.5509,1.1019,0,0.5509,0,2.2038,0.5509,0.5509,0,0,0.0001,0,0,0.0001,0.0002,0,0.0001,0,0.0001,0,0,0.0001,0,0,0,0.0001,0,0,0,0.218,0.2311,0.218,0.2311,1
0.94,0.47,0.47,0.47,0.47,0.94,0.94,0,2.3499,0,0,0,0,0,0.94,0.47,1.8799,1.4099,0,0.94,0.0001,0,0,0,0,0.0001,0.0001,0,0.0002,0,0,0,0,0,0.0001,0,0.0001,0.0001,0,0.0001,0.2868,0.2432,0.2868,0.2432,1
1.6919,0,0,0,0,0,0,0,3.3838,1.6919,0,0,0,0,0,0,0.846,2.5379,0,0.846,0.0005,0,0,0,0,0,0,0,0.001,0.0005,0,0,0,0,0,0,0.0003,0.0008,0,0.0003,0.0572,0.0969,0.0572,0.0969,1
0,0.6191,1.2382,0,0.6191,0,0,1.8573,1.2382,1.8573,0,1.2382,1.2382,0.6191,0,3.0954,0.6191,0.6191,0,0,0,0,0.0001,0,0,0,0,0.0001,0.0001,0.0001,0,0.0001,0.0001,0,0,0.0002,0,0,0,0,0.2207,0.1602,0.2207,0.1602,1
0,0.5595,1.119,0,0.5595,0.5595,0,0.5595,1.6786,0,0.5595,0,0,0,0.5595,0.5595,1.119,1.6786,0.5595,0,0,0.0001,0.0001,0,0.0001,0.0001,0,0.0001,0.0002,0,0.0001,0,0,0,0.0001,0.0001,0.0001,0.0002,0.0001,0,0.277,0.1635,0.277,0.1635,1
0.6342,0,0,0,0,1.9027,0,1.2685,1.9027,4.4397,0,0,0.6342,0,0,0.6342,0.6342,0.6342,0,0,0.0001,0,0,0,0,0.0002,0,0.0001,0.0002,0.0004,0,0,0.0001,0,0,0.0001,0.0001,0.0001,0,0,0.162,0.2037,0.162,0.2037,1
0.5989,0,0.5989,1.7968,1.7968,0,0,0.5989,0,0.5989,0,0,1.1979,0,1.7968,0,0,0.5989,0,0,0.0001,0,0.0001,0.0002,0.0002,0,0,0.0001,0,0.0001,0,0,0.0001,0,0.0002,0,0,0.0001,0,0,0.202,0.1991,0.202,0.1991,1
0.5749,0,1.1498,0.5749,0.5749,2.2997,0,0.5749,0,1.7247,0,1.1498,0.5749,0,0.5749,0,0,0,1.7247,0,0,0,0.0001,0,0,0.0002,0,0,0,0.0001,0,0.0001,0,0,0,0,0,0,0.0001,0,0.1939,0.2312,0.1939,0.2312,1
0.48,0,0,0.9601,0.48,1.4401,0.9601,0.48,0.9601,0.48,0,1.4401,0,0.48,0.9601,0.48,0,1.9201,0,0.48,0,0,0,0.0001,0,0.0001,0.0001,0,0.0001,0,0,0.0001,0,0,0.0001,0,0,0.0002,0,0,0.2593,0.2606,0.2593,0.2606,1
0.6006,1.2011,0,0,2.4023,0.6006,0.6006,0.6006,1.2011,0,0,0,2.4023,0,0.6006,0,0.6006,1.2011,0,0,0,0.0001,0,0,0.0002,0,0,0,0.0001,0,0,0,0.0002,0,0,0,0,0.0001,0,0,0.1788,0.2206,0.1788,0.2206,1
1.8969,0,0.4742,0.4742,0,0.9485,0.9485,0.4742,1.8969,0.4742,1.4227,1.8969,0,0.9485,0,0,0.4742,0.9485,0,0.9485,0.0002,0,0,0,0,0.0001,0.0001,0,0.0002,0,0.0001,0.0002,0,0.0001,0,0,0,0.0001,0,0.0001,0.2523,0.2735,0.2523,0.2735,1
1.845,0,0.615,0.615,0.615,0,0,0.615,1.23,3.0749,0,0,0.615,0,0,0,0.615,1.23,0,0.615,0.0002,0,0.0001,0.0001,0.0001,0,0,0.0001,0.0001,0.0003,0,0,0.0001,0,0,0,0.0001,0.0001,0,0.0001,0.1584,0.2266,0.1584,0.2266,1
0.824,0,0,0,3.296,0.824,0,0,3.296,3.296,0,0,0,0,0,0,0,0,0,0,0.0002,0,0,0,0.0006,0.0002,0,0,0.0006,0.0006,0,0,0,0,0,0,0,0,0,0,0.0736,0.1024,0.0736,0.1024,1
1.799,0,0.4497,2.2487,0,0.4497,0,0.4497,0.8995,0.8995,0.4497,1.799,0.4497,0.8995,0.4497,0.4497,0.4497,0.8995,0.4497,0,0.0001,0,0,0.0002,0,0,0,0,0.0001,0.0001,0,0.0001,0,0.0001,0,0,0,0.0001,0,0,0.2617,0.2886,0.2617,0.2886,1
1.1334,2.2667,1.1334,0,0.5667,0.5667,1.1334,1.1334,1.1334,1.1334,2.8334,0,0,0,0,1.1334,1.1334,1.1334,0,0.5667,0.0001,0.0001,0.0001,0,0,0,0.0001,0.0001,0.0001,0.0001,0.0001,0,0,0,0,0.0001,0.0001,0.0001,0,0,0.2372,0.1961,0.2372,0.1961,1
0,0.7889,1.5779,0,0.7889,0,0,1.5779,0,0.7889,0.7889,0,0.7889,0,0,2.3668,0,0,0,0,0,0.0001,0.0001,0,0.0001,0,0,0.0001,0,0.0001,0.0001,0,0.0001,0,0,0.0002,0,0,0,0,0.1301,0.0809,0.1301,0.0809,1
0.5089,0,0.5089,0,1.0179,0.5089,0.5089,1.5268,1.5268,1.5268,0,0.5089,0,0,1.0179,0,1.0179,0.5089,0,0,0.0001,0,0.0001,0,0.0001,0.0001,0.0001,0.0002,0.0002,0.0002,0,0.0001,0,0,0.0001,0,0.0001,0.0001,0,0,0.2194,0.2717,0.2194,0.2717,1
0.5135,1.027,0,0,0.5135,2.5674,1.027,0.5135,0,0.5135,0,1.5404,0.5135,0.5135,1.5404,0.5135,1.027,0,1.027,0,0,0.0001,0,0,0,0.0002,0.0001,0,0,0,0,0.0001,0,0,0.0001,0,0.0001,0,0.0001,0,0.266,0.2205,0.266,0.2205,1
0.4901,0,0.9802,2.9406,0,0,0,0.4901,1.4703,0.4901,0.4901,0,0,1.9604,0.4901,0,0.9802,0.4901,0.9802,0.9802,0,0,0.0001,0.0002,0,0,0,0,0.0001,0,0,0,0,0.0002,0,0,0.0001,0,0.0001,0.0001,0.2477,0.2622,0.2477,0.2622,1
3.5755,0,0,0,0.8939,0,0,0,0,0.8939,0.8939,0.8939,0,0.8939,0,0,0.8939,3.5755,0,0,0.0006,0,0,0,0.0001,0,0,0,0,0.0001,0.0001,0.0001,0,0.0001,0,0,0.0001,0.0006,0,0,0.0589,0.0472,0.0589,0.0472,1
1.275,0.6375,0.6375,0,0,1.275,0,0,1.275,0.6375,0,0,0,0.6375,0.6375,0.6375,0,0.6375,0,1.275,0.0001,0.0001,0.0001,0,0,0.0001,0,0,0.0001,0.0001,0,0,0,0.0001,0.0001,0.0001,0,0.0001,0,0.0001,0.2153,0.1473,0.2153,0.1473,1
0.5659,1.6977,0.5659,0,0,0,1.6977,1.6977,0.5659,1.6977,2.2636,0,1.1318,0,0.5659,0.5659,0.5659,0,0,0.5659,0,0.0001,0,0,0,0,0.0001,0.0001,0,0.0001,0.0001,0,0.0001,0,0,0,0,0,0,0,0.2226,0.2115,0.2226,0.2115,1
2.6871,0,0,0.5374,0.5374,0.5374,0.5374,0,2.1497,0,2.1497,0,0,0,1.0748,0,1.6122,1.0748,0.5374,0,0.0003,0,0,0.0001,0.0001,0.0001,0.0001,0,0.0003,0,0.0003,0,0,0,0.0001,0,0.0002,0.0001,0.0001,0,0.303,0.1596,0.303,0.1596,1
1.4037,0.7019,0,0,0.7019,0.7019,0,0,1.4037,1.4037,0.7019,0,0,0,0,2.1056,1.4037,0,0,0,0.0001,0.0001,0,0,0.0001,0.0001,0,0,0.0001,0.0001,0.0001,0,0,0,0,0.0002,0.0001,0,0,0,0.1417,0.1565,0.1417,0.1565,1
0.7706,0,0,0.7706,0.7706,0,0,0,3.0825,3.0825,0,0,0,0,0,0,0.7706,0.7706,0,0,0.0002,0,0,0.0002,0.0002,0,0,0,0.0006,0.0006,0,0,0,0,0,0,0.0002,0.0002,0,0,0.0957,0.1337,0.0957,0.1337,1
0,0.5331,0.5331,0,0,0,0.5331,2.6655,0.5331,1.0662,1.5993,0.5331,1.5993,0,2.6655,0,1.0662,0.5331,0.5331,0,0,0,0,0,0,0,0,0.0002,0,0.0001,0.0001,0,0.0001,0,0.0002,0,0.0001,0,0,0,0.2529,0.214,0.2529,0.214,1
0,3.6054,0,0.6009,0.6009,3.0045,0,0,0.6009,1.2018,0,1.2018,1.8027,0,0.6009,1.2018,2.4036,0.6009,0.6009,0,0,0.0001,0,0,0,0.0001,0,0,0,0,0,0,0.0001,0,0,0,0.0001,0,0,0,0.1881,0.211,0.1881,0.211,1
0,0.6143,0.6143,0,1.2287,0.6143,0.6143,0,0,0,1.2287,0,0.6143,0,1.2287,0,2.4574,1.843,0,0,0,0.0001,0.0001,0,0.0001,0.0001,0.0001,0,0,0,0.0001,0,0.0001,0,0.0001,0,0.0002,0.0002,0,0,0.1913,0.1944,0.1913,0.1944,1
3.162,0,0,0,0,1.2648,0.6324,0,0.6324,0,0,0,0,0,1.2648,0,0,0.6324,1.2648,0.6324,0.0004,0,0,0,0,0.0002,0.0001,0,0.0001,0,0,0,0,0,0.0002,0,0,0.0001,0.0002,0.0001,0.2342,0.1333,0.2342,0.1333,1
0.6908,0.6908,0,0,1.3816,1.3816,0,0,1.3816,0.6908,0,0.6908,0.6908,0,0.6908,0.6908,0.6908,0.6908,0,0,0.0001,0.0001,0,0,0.0001,0.0001,0,0,0.0001,0.0001,0,0.0001,0.0001,0,0.0001,0.0001,0.0001,0.0001,0,0,0.1755,0.1337,0.1755,0.1337,1
0.7615,0.7615,0,0,1.5229,0,0.7615,0,0.7615,0.7615,0,0.7615,0.7615,0,0,0.7615,0,1.5229,0,0,0.0001,0.0001,0,0,0.0001,0,0.0001,0,0.0001,0.0001,0,0.0001,0.0001,0,0,0.0001,0,0.0001,0,0,0.1449,0.0936,0.1449,0.0936,1
2.3493,1.1746,0,0,1.7619,1.7619,1.1746,0,0,1.7619,0,0.5873,0,1.1746,1.1746,0.5873,0.5873,0.5873,0,0,0.0001,0.0001,0,0,0.0001,0.0001,0.0001,0,0,0.0001,0,0,0,0.0001,0.0001,0,0,0,0,0,0.1929,0.2198,0.1929,0.2198,1
1.7427,0,0.5809,0.5809,0.5809,0.5809,0,1.1618,0.5809,0.5809,1.1618,0.5809,0.5809,0.5809,1.1618,0,1.1618,0,0,0.5809,0.0002,0,0.0001,0.0001,0.0001,0.0001,0,0.0001,0.0001,0.0001,0.0001,0.0001,0.0001,0.0001,0.0001,0,0.0001,0,0,0.0001,0.222,0.1971,0.222,0.1971,1
0.6664,0,0,0,0,1.3328,0.6664,2.6656,0.6664,0.6664,3.9984,0.6664,1.9992,0,2.6656,0,1.3328,0.6664,0,0.6664,0.0001,0,0,0,0,0.0002,0.0001,0.0004,0.0001,0.0001,0.0005,0.0001,0.0003,0,0.0004,0,0.0002,0.0001,0,0.0001,0.1515,0.1821,0.1515,0.1821,1
1.0901,2.1802,0,0.5451,1.0901,1.0901,0,0.5451,0,0.5451,0.5451,1.6352,0.5451,1.0901,1.0901,0,1.0901,1.0901,1.0901,1.0901,0,0.0001,0,0,0,0,0,0,0,0,0,0.0001,0,0,0,0,0,0,0,0,0.2088,0.2461,0.2088,0.2461,1
0.5716,0.5716,0,0.5716,1.7148,2.2864,0,1.7148,0,1.7148,0,0,1.1432,0,1.1432,0,1.1432,1.1432,0,0.5716,0,0,0,0,0.0001,0.0002,0,0.0001,0,0.0001,0,0,0.0001,0,0.0001,0,0.0001,0.0001,0,0,0.1956,0.2328,0.1956,0.2328,1
1.1777,0,1.1777,0,0,1.7665,0,0,0,1.1777,0,1.1777,0.5888,0.5888,2.3553,0,0,0,0,0,0.0001,0,0.0001,0,0,0.0002,0,0,0,0.0001,0,0.0001,0.0001,0.0001,0.0002,0,0,0,0,0,0.2011,0.2101,0.2011,0.2101,1
2.7659,0,0,0,1.383,2.7659,0,2.0744,0,4.1489,0,0.6915,0,0.6915,0,0,0,0,0.6915,0,0.0002,0,0,0,0.0001,0.0002,0,0.0001,0,0.0003,0,0,0,0,0,0,0,0,0,0,0.1469,0.1616,0.1469,0.1616,1
0,0,0,0,2.4429,0,0,0,1.6286,0.8143,0,0,0,0,2.4429,0,0,0,0,0.8143,0,0,0,0,0.001,0,0,0,0.0007,0.0003,0,0,0,0,0.001,0,0,0,0,0.0003,0.076,0.1097,0.076,0.1097,1
1.1574,0,0,1.1574,0.5787,0.5787,0.5787,0.5787,0.5787,1.1574,0,0.5787,0.5787,1.1574,0,0,0,1.1574,1.7361,0,0.0001,0,0,0.0001,0,0,0,0,0,0.0001,0,0,0,0.0001,0,0,0,0.0001,0.0001,0,0.1912,0.2301,0.1912,0.2301,1
0,0,0.7718,0,0,0,0,2.3154,0.7718,3.0872,0,0,0.7718,0,0,0.7718,0,0.7718,0,0,0,0,0.0001,0,0,0,0,0.0003,0.0001,0.0004,0,0,0.0001,0,0,0.0001,0,0.0001,0,0,0.1215,0.1067,0.1215,0.1067,1
1.5613,0.5204,0.5204,1.0409,0.5204,1.0409,0,0.5204,2.6022,0,0.5204,0,0.5204,0,0,0.5204,0.5204,0.5204,0.5204,0,0.0001,0,0,0.0001,0,0.0001,0,0,0.0002,0,0,0,0,0,0,0,0,0,0,0,0.2607,0.2188,0.2607,0.2188,1
0.4587,0,0.9174,0,0.4587,0.4587,1.3762,0.9174,2.2936,0.9174,1.3762,1.8349,0.4587,0.4587,0,0,0.9174,0.4587,0,0.4587,0,0,0.0001,0,0,0,0.0001,0.0001,0.0002,0.0001,0.0001,0.0001,0,0,0,0,0.0001,0,0,0,0.2271,0.3142,0.2271,0.3142,1
1.1384,2.2767,0,0.5692,0.5692,0,0.5692,0,1.1384,0,1.1384,0,0,0,0.5692,0.5692,1.7076,2.2767,1.1384,0.5692,0.0001,0.0001,0,0,0,0,0,0,0.0001,0,0.0001,0,0,0,0,0,0.0001,0.0001,0.0001,0,0.2637,0.1671,0.2637,0.1671,1
1.3359,0.4453,0.4453,0,0,0.8906,0,0,3.5624,2.2265,0,0.8906,0,0,1.3359,0,0,0.4453,0.8906,0,0.0001,0,0,0,0,0.0001,0,0,0.0002,0.0001,0,0.0001,0,0,0.0001,0,0,0,0.0001,0,0.2595,0.2952,0.2595,0.2952,1
0.5077,1.0154,0.5077,0,1.0154,1.5232,1.0154,1.0154,1.0154,1.0154,1.0154,0,0.5077,0,0,0.5077,1.5232,2.5386,0.5077,0,0,0.0001,0,0,0.0001,0.0001,0.0001,0.0001,0.0001,0.0001,0.0001,0,0,0,0,0,0.0001,0.0001,0,0,0.2418,0.2504,0.2418,0.2504,1
2.259,0,1.506,0.753,0,0,0,0,0,1.506,0,0,0,0,0,0,1.506,2.259,0,0.753,0.0003,0,0.0002,0.0001,0,0,0,0,0,0.0002,0,0,0,0,0,0,0.0002,0.0003,0,0.0001,0.154,0.093,0.154,0.093,1
1.6832,0,0,0,0,0,0,0,3.3663,1.6832,0,0,0,0,0,0,0.8416,2.5248,0,0.8416,0.0004,0,0,0,0,0,0,0,0.0009,0.0004,0,0,0,0,0,0,0.0002,0.0007,0,0.0002,0.0587,0.0997,0.0587,0.0997,1
0,0.5777,0.5777,0.5777,0.5777,1.1554,0,0.5777,0,1.733,0.5777,1.1554,1.1554,0.5777,1.1554,1.733,0.5777,0,0,0.5777,0,0,0,0,0,0.0001,0,0,0,0.0001,0,0.0001,0.0001,0,0.0001,0.0001,0,0,0,0,0.2073,0.215,0.2073,0.215,1
1.4171,0.7086,0,0,0,0.7086,0.7086,0.7086,0.7086,0.7086,0,0,2.1257,0,0.7086,0.7086,2.1257,0.7086,0,0,0.0001,0.0001,0,0,0,0.0001,0.0001,0.0001,0.0001,0.0001,0,0,0.0002,0,0.0001,0.0001,0.0002,0.0001,0,0,0.17,0.1215,0.17,0.1215,1
3.0743,0,0,0,0.7686,0.7686,0,0,0.7686,1.5371,0,0,0,0,0,0.7686,0.7686,0,0.7686,0,0.0004,0,0,0,0.0001,0.0001,0,0,0.0001,0.0002,0,0,0,0,0,0.0001,0.0001,0,0.0001,0,0.1178,0.1136,0.1178,0.1136,1
2.1123,0,0,0,0,0,0,0.7041,0.7041,0.7041,0,0,0.7041,0,0.7041,0.7041,0.7041,0.7041,0.7041,0,0.0003,0,0,0,0,0,0,0.0001,0.0001,0.0001,0,0,0.0001,0,0.0001,0.0001,0.0001,0.0001,0.0001,0,0.1571,0.1388,0.1571,0.1388,1
0.6142,0.6142,1.8426,0.6142,1.2284,0,0,1.2284,0,1.2284,0.6142,0.6142,1.2284,0,0,1.8426,0.6142,0,0,0,0,0,0.0001,0,0.0001,0,0,0.0001,0,0.0001,0,0,0.0001,0,0,0.0001,0,0,0,0,0.2068,0.179,0.2068,0.179,1
0.5697,0,1.1393,0,0.5697,0,0.5697,0,0,1.1393,0,0,0,1.1393,1.709,1.1393,0.5697,2.2787,0,0,0.0001,0,0.0001,0,0.0001,0,0.0001,0,0,0.0001,0,0,0,0.0001,0.0002,0.0001,0.0001,0.0003,0,0,0.1907,0.2397,0.1907,0.2397,1
2.6588,0,0,0,1.3294,3.3236,0,1.3294,0,5.3177,0.6647,0.6647,0,0.6647,0,0,0,0,0.6647,0,0.0002,0,0,0,0.0001,0.0002,0,0.0001,0,0.0003,0,0,0,0,0,0,0,0,0,0,0.1639,0.1714,0.1639,0.1714,1
1.0547,0,1.0547,0.5273,0,1.582,0.5273,0,0.5273,0.5273,0.5273,0,0.5273,0.5273,1.0547,1.0547,1.582,2.1093,0.5273,0.5273,0.0001,0,0.0001,0,0,0.0001,0,0,0,0,0,0,0,0,0.0001,0.0001,0.0001,0.0002,0,0,0.2501,0.2225,0.2501,0.2225,1
2.0653,2.0653,0,0,0.6884,1.3768,0,0,0.6884,1.3768,0,0,0,0,0,0,0.6884,3.4421,1.3768,0.6884,0.0001,0.0001,0,0,0,0.0001,0,0,0,0.0001,0,0,0,0,0,0,0,0.0001,0.0001,0,0.1582,0.1534,0.1582,0.1534,1
0,0,0,0,0,1.6566,0,0,0,0.5522,0,0.5522,2.761,0.5522,3.8654,0,0,0,0,0,0,0,0,0,0,0.0002,0,0,0,0.0001,0,0.0001,0.0004,0.0001,0.0005,0,0,0,0,0,0.2254,0.2224,0.2254,0.2224,1
3.1629,0,0.7907,0.7907,0,0,0,0,0,0.7907,0,0,0,0,0,0,0.7907,3.9536,0,0.7907,0.0005,0,0.0001,0.0001,0,0,0,0,0,0.0001,0,0,0,0,0,0,0.0001,0.0006,0,0.0001,0.1392,0.07,0.1392,0.07,1
0,0.5065,0.5065,0,0,0.5065,0,0,0.5065,3.039,0,0,0.5065,0,2.026,0,0.5065,0.5065,0.5065,0.5065,0,0,0,0,0,0,0,0,0,0.0003,0,0,0,0,0.0002,0,0,0,0,0,0.2395,0.254,0.2395,0.254,1
1.6622,0,0,0,0,0,0,0,3.3244,1.6622,0,0,0,0,0,0,0.8311,2.4933,0,0.8311,0.0004,0,0,0,0,0,0,0,0.0008,0.0004,0,0,0,0,0,0,0.0002,0.0006,0,0.0002,0.0647,0.1042,0.0647,0.1042,1
1.4707,0,0,0,0,0.7353,0,0,0,1.4707,0,0,2.206,0,2.206,0.7353,0,0,0,0,0.0002,0,0,0,0,0.0001,0,0,0,0.0002,0,0,0.0003,0,0.0003,0.0001,0,0,0,0,0.2239,0.0408,0.2239,0.0408,1
1.6126,0.5375,0.5375,1.075,0,2.1501,0,0.5375,0.5375,0.5375,1.075,0,0.5375,0,1.075,0.5375,0.5375,1.075,0,2.1501,0.0001,0,0,0.0001,0,0.0002,0,0,0,0,0.0001,0,0,0,0.0001,0,0,0.0001,0,0.0002,0.2089,0.2535,0.2089,0.2535,1
0.751,0,0.751,0,0.751,1.5021,0,0,0.751,0.751,0,0.751,0.751,0,0,0,0,0.751,0,0,0.0001,0,0.0001,0,0.0001,0.0002,0,0,0.0001,0.0001,0,0.0001,0.0001,0,0,0,0,0.0001,0,0,0.1524,0.0965,0.1524,0.0965,1
1.5432,0,1.0288,0.5144,0,1.0288,0.5144,1.0288,1.0288,1.0288,0,0.5144,1.0288,0.5144,2.572,0.5144,0,0.5144,0,0,0.0001,0,0.0001,0,0,0.0001,0,0.0001,0.0001,0.0001,0,0,0.0001,0,0.0002,0,0,0,0,0,0.2914,0.1942,0.2914,0.1942,1
1.8768,0.6256,1.2512,0,1.2512,0,0.6256,0,0.6256,0,1.8768,0,0,0,0,0.6256,1.8768,1.2512,0,0.6256,0.0001,0,0.0001,0,0.0001,0,0,0,0,0,0.0001,0,0,0,0,0,0.0001,0.0001,0,0,0.2019,0.1725,0.2019,0.1725,1
0,1.0321,0.516,0,1.0321,1.0321,0.516,2.0642,1.0321,0.516,0.516,0,0.516,1.0321,1.0321,0.516,1.5481,0,0,0.516,0,0.0001,0,0,0.0001,0.0001,0,0.0001,0.0001,0,0,0,0,0.0001,0.0001,0,0.0001,0,0,0,0.2618,0.2221,0.2618,0.2221,1
0,0.6353,1.2706,0,0.6353,0.6353,0.6353,1.2706,0.6353,0,0.6353,0.6353,0.6353,0.6353,0.6353,0,0,0,0,0.6353,0,0.0001,0.0001,0,0.0001,0.0001,0.0001,0.0001,0.0001,0,0.0001,0.0001,0.0001,0.0001,0.0001,0,0,0,0,0.0001,0.2226,0.1421,0.2226,0.1421,1
1.8426,0,1.382,0.4607,0.4607,0.9213,0.9213,0,0.4607,0.9213,0.9213,1.382,0,0.4607,0.4607,0.9213,0.4607,0.9213,0.4607,0.4607,0.0001,0,0.0001,0,0,0.0001,0.0001,0,0,0.0001,0.0001,0.0001,0,0,0,0.0001,0,0.0001,0,0,0.2726,0.2668,0.2726,0.2668,1
3.4757,2.0854,0.6951,1.3903,0,1.3903,0,0,0,0.6951,2.0854,0,0,0,0,0.6951,1.3903,2.0854,0,0,0.0002,0.0001,0,0.0001,0,0.0001,0,0,0,0,0.0001,0,0,0,0,0,0.0001,0.0001,0,0,0.1565,0.1483,0.1565,0.1483,1
0.5917,0,0.5917,0,0,0.5917,0.5917,1.1834,1.1834,4.1421,0,0.5917,0,0,0.5917,0,0.5917,0,0,0,0.0001,0,0.0001,0,0,0.0001,0.0001,0.0001,0.0001,0.0004,0,0.0001,0,0,0.0001,0,0.0001,0,0,0,0.1919,0.2163,0.1919,0.2163,1
1.7325,3.465,0.5775,0.5775,0.5775,1.7325,0,1.155,1.155,0.5775,0,1.155,1.155,0,0.5775,0.5775,0.5775,1.155,0,0.5775,0.0001,0.0001,0,0,0,0.0001,0,0,0,0,0,0,0,0,0,0,0,0,0,0,0.2178,0.2047,0.2178,0.2047,1
1.3963,0,0.9309,0,1.8618,1.8618,0.4654,0.4654,0.4654,0.4654,0,0,0,0.9309,0.4654,1.3963,0,2.7927,0.4654,0,0.0001,0,0.0001,0,0.0001,0.0001,0,0,0,0,0,0,0,0.0001,0,0.0001,0,0.0002,0,0,0.2726,0.262,0.2726,0.262,1
0,0.6024,0.6024,0.6024,0.6024,1.2049,1.2049,0,0.6024,0,0.6024,0.6024,1.2049,0.6024,0.6024,0,1.8073,0,0,0,0,0.0001,0.0001,0.0001,0.0001,0.0001,0.0001,0,0.0001,0,0.0001,0.0001,0.0001,0.0001,0.0001,0,0.0002,0,0,0,0.2186,0.1789,0.2186,0.1789,1
0.6798,2.0394,0,0,2.0394,2.0394,1.3596,1.3596,0,0,0.6798,0,1.3596,0,0,1.3596,0,1.3596,0.6798,0,0,0.0001,0,0,0.0001,0.0001,0.0001,0.0001,0,0,0,0,0.0001,0,0,0.0001,0,0.0001,0,0,0.1868,0.1334,0.1868,0.1334,1
0.5462,0.5462,1.0925,0,0,1.6387,0,0.5462,1.6387,0.5462,0.5462,1.0925,0.5462,0,0,0,0,1.0925,1.0925,0,0,0,0.0001,0,0,0.0001,0,0,0.0001,0,0,0.0001,0,0,0,0,0,0.0001,0.0001,0,0.2497,0.2041,0.2497,0.2041,1
2.2275,0,0.7425,0,0.7425,1.485,0,0.7425,0,1.485,0,0,0.7425,0,0.7425,1.485,0,0,0,0,0.0002,0,0.0001,0,0.0001,0.0002,0,0.0001,0,0.0002,0,0,0.0001,0,0.0001,0.0002,0,0,0,0,0.1547,0.1028,0.1547,0.1028,1
0.5091,0,0.5091,0,1.0182,0,0.5091,0.5091,0.5091,1.5273,0,1.0182,0,0,2.5454,0,0,0.5091,0,0,0.0001,0,0.0001,0,0.0001,0,0.0001,0.0001,0.0001,0.0002,0,0.0001,0,0,0.0003,0,0,0.0001,0,0,0.2674,0.2235,0.2674,0.2235,1
1.8397,0,0.9199,0,1.8397,2.7596,0.4599,0.4599,0.9199,0.4599,0,0,0.4599,0.4599,0.4599,0.4599,0,1.3798,0.4599,0,0.0001,0,0.0001,0,0.0001,0.0002,0,0,0.0001,0,0,0,0,0,0,0,0,0.0001,0,0,0.2751,0.265,0.2751,0.265,1
0.6483,0,1.2966,1.2966,1.9449,0.6483,0.6483,0,0.6483,0.6483,0,0,0.6483,0,0.6483,0.6483,0.6483,0,0,0,0.0001,0,0.0002,0.0002,0.0002,0.0001,0.0001,0,0.0001,0.0001,0,0,0.0001,0,0.0001,0.0001,0.0001,0,0,0,0.1717,0.18,0.1717,0.18,1
0,0,0,4.0515,0,0,0.4502,0.9003,2.701,2.2508,0,0,0,0.4502,0.4502,0,0,0,0.4502,0,0,0,0,0.0004,0,0,0,0.0001,0.0003,0.0002,0,0,0,0,0,0,0,0,0,0,0.2741,0.2758,0.2741,0.2758,1
1.3833,0.6916,0.6916,0,0.6916,0,0,0.6916,0.6916,2.0749,0,2.7666,0.6916,0.6916,0,0,0.6916,1.3833,0,0.6916,0.0001,0,0,0,0,0,0,0,0,0.0001,0,0.0002,0,0,0,0,0,0.0001,0,0,0.1589,0.1494,0.1589,0.1494,1
2.5776,2.5776,1.2888,0,0.6444,1.2888,0,0,0,0,0.6444,0.6444,1.2888,0,0.6444,3.222,1.9332,2.5776,0,0,0.0001,0.0001,0.0001,0,0,0.0001,0,0,0,0,0,0,0.0001,0,0,0.0001,0.0001,0.0001,0,0,0.1613,0.1943,0.1613,0.1943,1
1.4396,0,1.4396,0,0.4799,0.4799,0.9597,0,0.9597,0,0,0.4799,0,0,0.4799,0.9597,2.3993,0.9597,0,1.9195,0.0001,0,0.0001,0,0,0,0.0001,0,0.0001,0,0,0,0,0,0,0.0001,0.0002,0.0001,0,0.0002,0.2211,0.299,0.2211,0.299,1
0.6049,1.8146,0,0.6049,0,0,1.2098,1.2098,0,0.6049,1.8146,0.6049,0.6049,0,0.6049,0.6049,2.4195,1.2098,0,1.2098,0,0.0001,0,0,0,0,0.0001,0.0001,0,0,0.0001,0,0,0,0,0,0.0001,0.0001,0,0.0001,0.2273,0.1678,0.2273,0.1678,1
1.3089,1.9633,0,0,0,1.3089,1.3089,0,0.6544,1.9633,0,0,0.6544,0,0,1.9633,1.9633,2.6178,0.6544,0,0.0001,0.0001,0,0,0,0.0001,0.0001,0,0,0.0001,0,0,0,0,0,0.0001,0.0001,0.0001,0,0,0.1504,0.1951,0.1504,0.1951,1
0.5011,1.0023,1.0023,0,0.5011,1.0023,0.5011,1.0023,1.0023,0,0,0,0.5011,0.5011,1.5034,0,1.5034,1.5034,0.5011,0,0,0.0001,0.0001,0,0,0.0001,0,0.0001,0.0001,0,0,0,0,0,0.0001,0,0.0001,0.0001,0,0,0.2351,0.2638,0.2351,0.2638,1
0,0.4248,0.8496,2.9735,0,0,0,1.6992,2.5488,0.4248,0,0.4248,0,1.2744,0,0.4248,0.4248,0,0.8496,0.4248,0,0,0.0001,0.0002,0,0,0,0.0001,0.0002,0,0,0,0,0.0001,0,0,0,0,0.0001,0,0.2693,0.306,0.2693,0.306,1
1.0714,0.5357,0,0.5357,0,1.0714,0.5357,0.5357,1.607,1.0714,0,0,2.1427,1.607,1.0714,0.5357,0.5357,0.5357,0,0,0.0001,0,0,0,0,0.0001,0,0,0.0001,0.0001,0,0,0.0002,0.0001,0.0001,0,0,0,0,0,0.2429,0.2214,0.2429,0.2214,1
1.4168,0,0,0,1.8891,0,1.4168,0.4723,0.9445,0,1.4168,0,0.4723,1.4168,1.8891,0.4723,1.4168,0,0,0,0.0002,0,0,0,0.0002,0,0.0002,0.0001,0.0001,0,0.0002,0,0.0001,0.0002,0.0002,0.0001,0.0002,0,0,0,0.2461,0.2816,0.2461,0.2816,1
1.9335,1.289,0,0.6445,0.6445,0,0,0,0.6445,1.289,0,1.289,0,0,0.6445,0.6445,2.578,1.289,0.6445,0.6445,0.0001,0.0001,0,0,0,0,0,0,0,0.0001,0,0.0001,0,0,0,0,0.0001,0.0001,0,0,0.1741,0.1814,0.1741,0.1814,1
0.7038,0,0.7038,0,2.1114,0.7038,0,1.4076,1.4076,0.7038,2.1114,0.7038,0,0,7.7417,0,0.7038,0,0,0.7038,0.0001,0,0.0001,0,0.0002,0.0001,0,0.0001,0.0001,0.0001,0.0002,0.0001,0,0,0.0008,0,0.0001,0,0,0.0001,0.1315,0.1647,0.1315,0.1647,1
1.133,3.3991,0.5665,0.5665,0.5665,1.133,0,2.266,1.133,0.5665,0.5665,0.5665,1.133,0,0.5665,1.6995,0.5665,0.5665,0,0,0,0.0001,0,0,0,0,0,0.0001,0,0,0,0,0,0,0,0.0001,0,0,0,0,0.2312,0.2022,0.2312,0.2022,1
0,5.6688,0,0.6299,1.2597,3.7792,0,0.6299,0,0.6299,0,1.2597,2.5195,0,0.6299,0.6299,0.6299,0,0.6299,0,0,0.0002,0,0,0,0.0001,0,0,0,0,0,0,0.0001,0,0,0,0,0,0,0,0.2031,0.167,0.2031,0.167,1
1.8444,0,1.2296,0,0.6148,1.2296,0.6148,0,0,0,0,0,1.2296,0.6148,1.2296,0.6148,0.6148,1.8444,0,0.6148,0.0002,0,0.0001,0,0.0001,0.0001,0.0001,0,0,0,0,0,0.0001,0.0001,0.0001,0.0001,0.0001,0.0002,0,0.0001,0.171,0.2142,0.171,0.2142,1
0.4134,0,0,4.1336,0,0,0,0.4134,2.8935,1.6534,0,0.8267,0,0.4134,0.4134,0,0,0.4134,0.4134,0.4134,0,0,0,0.0004,0,0,0,0,0.0003,0.0002,0,0.0001,0,0,0,0,0,0,0,0,0.2952,0.2914,0.2952,0.2914,1
0.4903,0,0.9807,0,0,1.471,0.9807,0,0.9807,0.4903,0.9807,0.9807,0,0,0.4903,0.4903,2.942,0.4903,0.4903,1.471,0,0,0.0001,0,0,0.0001,0.0001,0,0.0001,0,0.0001,0.0001,0,0,0,0,0.0003,0,0,0.0001,0.2823,0.2274,0.2823,0.2274,1
0.728,1.456,0.728,0,0,1.456,0,0,0.728,0.728,0,0.728,0,0,0.728,0,0,0,0,0,0.0001,0.0001,0.0001,0,0,0.0001,0,0,0.0001,0.0001,0,0.0001,0,0,0.0001,0,0,0,0,0,0.138,0.134,0.138,0.134,1
0.4048,0,0.4048,3.6431,0,0,0.4048,1.2144,2.8335,0.4048,0,0,0,0.8096,0,0.4048,0.4048,0,0.8096,0.4048,0,0,0,0.0004,0,0,0,0.0001,0.0003,0,0,0,0,0.0001,0,0,0,0,0.0001,0,0.2561,0.3391,0.2561,0.3391,1
0,1.0908,0,0,0.5454,0.5454,0,0,0.5454,2.727,0,0,0,0,2.1816,0,0.5454,1.0908,0.5454,0,0,0.0001,0,0,0,0,0,0,0,0.0002,0,0,0,0,0.0002,0,0,0.0001,0,0,0.2284,0.2262,0.2284,0.2262,1
0.406,0,0.406,2.8421,0,0,0,0.406,1.624,2.4361,0,0.406,0.406,0.812,0.406,0.406,0,1.624,0,0,0,0,0,0.0002,0,0,0,0,0.0001,0.0002,0,0,0,0.0001,0,0,0,0.0001,0,0,0.2806,0.3134,0.2806,0.3134,1
1.5472,0.5157,0,0.5157,1.5472,0,1.0315,0,2.5786,0,0.5157,0,1.0315,0,0.5157,0.5157,1.5472,1.0315,0,1.0315,0.0001,0,0,0,0.0001,0,0.0001,0,0.0002,0,0,0,0.0001,0,0,0,0.0001,0.0001,0,0.0001,0.2335,0.2508,0.2335,0.2508,1
0.9856,0.4928,0.4928,0,0.9856,1.4783,0.4928,0.4928,2.9567,0,0.4928,0.4928,1.4783,0,1.9711,0,0,0.9856,0,0,0.0001,0,0,0,0.0001,0.0001,0,0,0.0002,0,0,0,0.0001,0,0.0001,0,0,0.0001,0,0,0.2157,0.2915,0.2157,0.2915,1
0.5688,0,1.1377,0,0,0.5688,0.5688,0.5688,2.8442,0.5688,1.1377,0.5688,1.1377,0,4.5507,0,0,1.7065,0,0,0.0001,0,0.0001,0,0,0.0001,0.0001,0.0001,0.0003,0.0001,0.0001,0.0001,0.0001,0,0.0005,0,0,0.0002,0,0,0.1911,0.24,0.1911,0.24,1
1.6937,0,0,0,0,0,0,0,3.3874,0.8468,0,0,0,0,0,0.8468,0.8468,2.5405,0,0.8468,0.0004,0,0,0,0,0,0,0,0.0007,0.0002,0,0,0,0,0,0.0002,0.0002,0.0005,0,0.0002,0.0602,0.093,0.0602,0.093,1
0,0,0.915,1.83,0.915,0.4575,0.4575,1.83,1.83,0,0.4575,0,0,1.3725,0.4575,0,1.3725,0.915,0,0.915,0,0,0.0001,0.0002,0.0001,0,0,0.0002,0.0002,0,0,0,0,0.0001,0,0,0.0001,0.0001,0,0.0001,0.2557,0.2868,0.2557,0.2868,1
0,3.2107,0,0.5351,0,2.6756,0,0,0.5351,0.5351,0,1.0702,1.6054,0,1.0702,1.0702,1.6054,1.6054,0.5351,0,0,0.0001,0,0,0,0.0001,0,0,0,0,0,0,0.0001,0,0,0,0.0001,0.0001,0,0,0.2351,0.2298,0.2351,0.2298,1
1.0538,0,0,0.5269,1.0538,0.5269,1.0538,0,1.5807,0,0,0.5269,0.5269,0,1.5807,0.5269,1.0538,1.0538,0.5269,0.5269,0.0001,0,0,0.0001,0.0001,0.0001,0.0001,0,0.0002,0,0,0.0001,0.0001,0,0.0002,0.0001,0.0001,0.0001,0.0001,0.0001,0.2631,0.2099,0.2631,0.2099,1
1.2783,0,0,3.835,0,0,0,0.4261,2.9828,2.1306,0.4261,0.8522,0,0.4261,0,0.4261,0,0,0,0,0.0001,0,0,0.0004,0,0,0,0,0.0003,0.0002,0,0.0001,0,0,0,0,0,0,0,0,0.2515,0.3224,0.2515,0.3224,1
2.1739,1.6304,0,0,0.5435,0,2.1739,0,1.087,2.7174,2.1739,0.5435,0.5435,0,0,0,0.5435,1.087,0,0.5435,0.0001,0.0001,0,0,0,0,0.0001,0,0.0001,0.0002,0.0001,0,0,0,0,0,0,0.0001,0,0,0.2637,0.1928,0.2637,0.1928,1
0,0,0,0,0,1.2734,0.6367,1.91,0.6367,1.2734,0,1.2734,0,0,0,0,0,0,1.2734,0,0,0,0,0,0,0.0001,0.0001,0.0002,0.0001,0.0001,0,0.0001,0,0,0,0,0,0,0.0001,0,0.1801,0.1832,0.1801,0.1832,1
1.2946,0.6473,0,2.5892,0,2.5892,0,0.6473,0,0.6473,0,0,0,0,0,0.6473,1.2946,0.6473,0.6473,0,0.0001,0.0001,0,0.0002,0,0.0002,0,0.0001,0,0.0001,0,0,0,0,0,0.0001,0.0001,0.0001,0.0001,0,0.1654,0.1873,0.1654,0.1873,1
2.2501,0,1.125,0,1.125,1.6875,0,0,0.5625,0.5625,0,0,1.125,0,1.125,1.6875,0.5625,0,0.5625,0,0.0002,0,0.0001,0,0.0001,0.0001,0,0,0,0,0,0,0.0001,0,0.0001,0.0001,0,0,0,0,0.2357,0.2018,0.2357,0.2018,1
0,3.6786,0,0.6131,0.6131,3.0655,0,0,0,1.8393,0,1.2262,1.8393,0,0.6131,0.6131,3.0655,0.6131,0.6131,0,0,0.0001,0,0,0,0.0001,0,0,0,0.0001,0,0,0.0001,0,0,0,0.0001,0,0,0,0.202,0.1849,0.202,0.1849,1
1.6956,0.5652,0,0.5652,0,1.1304,0.5652,0.5652,1.1304,0,1.1304,0,1.1304,0,0,0.5652,1.1304,1.1304,1.1304,2.826,0.0001,0,0,0,0,0.0001,0,0,0.0001,0,0.0001,0,0.0001,0,0,0,0.0001,0.0001,0.0001,0.0002,0.204,0.2308,0.204,0.2308,1
1.5343,0,0,0,0.7672,2.3015,0,0,0,3.8358,0,0.7672,3.0687,0,0.7672,0,1.5343,0.7672,0,0,0.0002,0,0,0,0.0001,0.0003,0,0,0,0.0004,0,0.0001,0.0003,0,0.0001,0,0.0002,0.0001,0,0,0.1137,0.1191,0.1137,0.1191,1
1.3369,0.6684,0.6684,0,1.3369,0,0,0,2.0053,1.3369,0.6684,0,0.6684,0,0.6684,0,0.6684,0.6684,0,1.3369,0.0001,0.0001,0.0001,0,0.0001,0,0,0,0.0002,0.0001,0.0001,0,0.0001,0,0.0001,0,0.0001,0.0001,0,0.0001,0.1416,0.19,0.1416,0.19,1
1.3633,0,0,0,0,0.6816,0,1.3633,0.6816,1.3633,0,0,0,1.3633,0.6816,2.0449,0.6816,0,0,0,0.0002,0,0,0,0,0.0001,0,0.0002,0.0001,0.0002,0,0,0,0.0002,0.0001,0.0002,0.0001,0,0,0,0.1532,0.1651,0.1532,0.1651,1
0.6556,0,0.6556,1.3113,0.6556,0.6556,0,0.6556,1.3113,0.6556,1.3113,0,0,0,0,0,2.6225,1.3113,0,0.6556,0.0001,0,0.0001,0.0002,0.0001,0.0001,0,0.0001,0.0002,0.0001,0.0002,0,0,0,0,0,0.0003,0.0002,0,0.0001,0.1628,0.1816,0.1628,0.1816,1
1.7043,0.5681,0.5681,0,0,0,0,0,1.1362,2.2724,0.5681,0.5681,1.1362,0,1.1362,0,0.5681,1.1362,1.1362,0.5681,0.0001,0,0,0,0,0,0,0,0.0001,0.0002,0,0,0.0001,0,0.0001,0,0,0.0001,0.0001,0,0.2492,0.1827,0.2492,0.1827,1
0.5297,0,0.5297,0,0,0.5297,1.0595,0.5297,1.5892,4.238,0.5297,0.5297,0,0,0.5297,0.5297,0,0,0,0,0,0,0,0,0,0,0.0001,0,0.0001,0.0004,0,0,0,0,0,0,0,0,0,0,0.2058,0.2644,0.2058,0.2644,1
0.5929,0.5929,0,0,0,3.5576,0,1.1859,1.1859,4.1506,0,0,0,0,0.5929,0.5929,0,0.5929,0,0,0,0,0,0,0,0.0002,0,0.0001,0.0001,0.0002,0,0,0,0,0,0,0,0,0,0,0.1912,0.2158,0.1912,0.2158,1
0,0.6246,1.8739,0.6246,0.6246,0,0,1.8739,0,1.2492,0,0.6246,0.6246,0,0,1.8739,0.6246,1.2492,0,0,0,0,0.0001,0,0,0,0,0.0001,0,0.0001,0,0,0,0,0,0.0001,0,0.0001,0,0,0.1981,0.1772,0.1981,0.1772,1
0,0.4983,0,0,0,0,0.4983,0.4983,0.9967,0,0.4983,0,1.495,0,2.99,0,0.4983,0.9967,0,0.9967,0,0.0001,0,0,0,0,0.0001,0.0001,0.0001,0,0.0001,0,0.0002,0,0.0004,0,0.0001,0.0001,0,0.0001,0.2528,0.2489,0.2528,0.2489,1
1.4574,0,0,0,0.7287,0.7287,0.7287,1.4574,0,2.9148,0,0,0.7287,0,0.7287,0,0,2.9148,0,0,0.0002,0,0,0,0.0001,0.0001,0.0001,0.0002,0,0.0004,0,0,0.0001,0,0.0001,0,0,0.0004,0,0,0.1476,0.1237,0.1476,0.1237,1
1.6919,0,0,0,0,0,0,0,3.3838,0.8459,0,0,0,0,0,0,0.8459,3.3838,0,0.8459,0.0005,0,0,0,0,0,0,0,0.001,0.0003,0,0,0,0,0,0,0.0003,0.001,0,0.0003,0.0579,0.0961,0.0579,0.0961,1
1.4573,0,0,0,0.7286,0,0,0.7286,0.7286,0.7286,0,1.4573,0,0.7286,1.4573,0,0,0,0,0,0.0003,0,0,0,0.0001,0,0,0.0001,0.0001,0.0001,0,0.0003,0,0.0001,0.0003,0,0,0,0,0,0.1745,0.0969,0.1745,0.0969,1
0.5394,0,0.5394,0,1.0788,0,1.0788,0.5394,3.2365,0,0,0.5394,0.5394,0,4.3154,0.5394,0.5394,0,0,1.0788,0.0001,0,0.0001,0,0.0001,0,0.0001,0.0001,0.0004,0,0,0.0001,0.0001,0,0.0005,0.0001,0.0001,0,0,0.0001,0.2439,0.2167,0.2439,0.2167,1
0,3.588,0,0.598,0,2.99,0,0,1.196,1.196,0,0.598,1.794,0,0,0.598,2.99,1.794,0.598,0,0,0.0001,0,0,0,0.0001,0,0,0,0,0,0,0.0001,0,0,0,0.0001,0.0001,0,0,0.2085,0.1935,0.2085,0.1935,1
0.7536,0.7536,0,0,0,0.7536,0.7536,0,0,1.5073,0,0.7536,0,0,0.7536,0,0.7536,0,0.7536,0,0.0001,0.0001,0,0,0,0.0001,0.0001,0,0,0.0002,0,0.0001,0,0,0.0001,0,0.0001,0,0.0001,0,0.1381,0.1083,0.1381,0.1083,1
0.4446,0.4446,0.4446,0,0,0.8892,1.3338,0.8892,1.7784,0,0.4446,1.7784,0,0.8892,0,0.4446,1.7784,0.4446,0.8892,0.4446,0,0,0,0,0,0.0001,0.0001,0.0001,0.0001,0,0,0.0001,0,0.0001,0,0,0.0001,0,0.0001,0,0.2463,0.3091,0.2463,0.3091,1
0.8541,0,0,0,0.8541,0,0,0,3.4164,1.7082,0,0,0.8541,0,0,0,0.8541,2.5623,0,0,0.0002,0,0,0,0.0002,0,0,0,0.0009,0.0004,0,0,0.0002,0,0,0,0.0002,0.0007,0,0,0.058,0.0879,0.058,0.0879,1
1.4283,0,0,0,0,0,0,0.7141,0.7141,2.1424,0,2.1424,0,1.4283,0,1.4283,0,0,0.7141,0,0.0001,0,0,0,0,0,0,0.0001,0.0001,0.0002,0,0.0002,0,0.0001,0,0.0001,0,0,0.0001,0,0.1563,0.1296,0.1563,0.1296,1
2.0532,0,0.5133,0.5133,1.0266,1.0266,0,0.5133,1.5399,1.5399,0,0.5133,0.5133,0,0.5133,0.5133,0,0.5133,0,0,0.0002,0,0,0,0.0001,0.0001,0,0,0.0001,0.0001,0,0,0,0,0,0,0,0,0,0,0.2455,0.2412,0.2455,0.2412,1
0.6618,0,0,0,0,0.6618,0.6618,0.6618,0,0.6618,1.3235,0.6618,0,0,1.9853,0,0.6618,0,0,0,0.0001,0,0,0,0,0.0001,0.0001,0.0001,0,0.0001,0.0002,0.0001,0,0,0.0003,0,0.0001,0,0,0,0.1932,0.1451,0.1932,0.1451,1
1.7535,0,1.7535,0.4384,0.4384,0,0.4384,0.8768,0.8768,0.8768,0.8768,0,0.4384,0.8768,0.8768,0.4384,0.4384,1.3151,0,0.4384,0.0001,0,0.0001,0,0,0,0,0.0001,0.0001,0.0001,0.0001,0,0,0.0001,0.0001,0,0,0.0001,0,0,0.3219,0.2397,0.3219,0.2397,1
0.9307,0,0,0.4653,0.9307,1.396,0.9307,0,1.396,0,0,0.9307,0.9307,0,2.3267,0,0.9307,0,0.9307,0,0.0001,0,0,0,0.0001,0.0001,0.0001,0,0.0001,0,0,0.0001,0.0001,0,0.0002,0,0.0001,0,0.0001,0,0.2484,0.2863,0.2484,0.2863,1
1.3037,0.6518,1.3037,0.6518,0,0.6518,0,0.6518,0.6518,0.6518,0,0,1.3037,0,0,0,0.6518,0.6518,0,0,0.0001,0.0001,0.0001,0.0001,0,0.0001,0,0.0001,0.0001,0.0001,0,0,0.0001,0,0,0,0.0001,0.0001,0,0,0.1562,0.192,0.1562,0.192,1
1.5919,0,0,0,0.796,0.796,0,0.796,0,2.3879,0,0,0,0,0.796,0,0.796,0,0.796,0.796,0.0003,0,0,0,0.0001,0.0001,0,0.0001,0,0.0004,0,0,0,0,0.0001,0,0.0001,0,0.0001,0.0001,0.0975,0.1065,0.0975,0.1065,1
1.84,0,0,0,0,0,0,0,0,1.84,0,1.84,4.6001,0,0,0.92,0,0,0,0,0.0003,0,0,0,0,0,0,0,0,0.0003,0,0.0003,0.0007,0,0,0.0001,0,0,0,0,0.0332,0.0467,0.0332,0.0467,1
0,0.6175,1.8525,0.6175,1.235,0,0,0.6175,0,1.235,0.6175,0.6175,1.235,0,0,1.8525,0.6175,1.235,0,0,0,0,0.0001,0,0.0001,0,0,0,0,0.0001,0,0,0.0001,0,0,0.0001,0,0.0001,0,0,0.2077,0.1748,0.2077,0.1748,1
0.7355,0,0.7355,0,0.7355,0,0,0,0.7355,2.9419,0.7355,0.7355,1.4709,0.7355,0,0,0.7355,0.7355,0,0,0.0001,0,0.0001,0,0.0001,0,0,0,0.0001,0.0004,0.0001,0.0001,0.0002,0.0001,0,0,0.0001,0.0001,0,0,0.1523,0.1122,0.1523,0.1122,1
3.407,0.6814,0,0.6814,0.6814,0.6814,1.3628,0,0,0,0,2.7256,0.6814,0,0,1.3628,0,1.3628,0,0,0.0002,0,0,0,0,0,0.0001,0,0,0,0,0.0002,0,0,0,0.0001,0,0.0001,0,0,0.1358,0.1828,0.1358,0.1828,1
0.5734,1.1468,0.5734,0,0.5734,1.7202,0,0.5734,0,2.2936,1.7202,0.5734,0.5734,0.5734,1.1468,0.5734,0.5734,0,0,1.1468,0,0.0001,0,0,0,0.0001,0,0,0,0.0001,0.0001,0,0,0,0.0001,0,0,0,0,0.0001,0.2148,0.2118,0.2148,0.2118,1
0.5561,0,1.1122,0,0.5561,1.6683,0,1.1122,0.5561,0.5561,0,1.1122,2.2244,1.6683,1.6683,0,0,0.5561,0,1.1122,0,0,0.0001,0,0,0.0001,0,0.0001,0,0,0,0.0001,0.0002,0.0001,0.0001,0,0,0,0,0.0001,0.2463,0.1976,0.2463,0.1976,1
1.3156,0,0,0,0.6578,0.6578,0,0,2.6312,1.3156,0,0,0.6578,0,1.9734,0,0.6578,1.3156,0,0.6578,0.0002,0,0,0,0.0001,0.0001,0,0,0.0004,0.0002,0,0,0.0001,0,0.0003,0,0.0001,0.0002,0,0.0001,0.1682,0.174,0.1682,0.174,1
1.7594,0.5865,1.173,0.5865,1.173,1.7594,0,0,1.173,0,0,0,1.173,0,0.5865,0.5865,1.173,0.5865,0,0,0.0001,0,0.0001,0,0.0001,0.0001,0,0,0.0001,0,0,0,0.0001,0,0,0,0.0001,0,0,0,0.2093,0.2042,0.2093,0.2042,1
3.6464,0.6077,0.6077,1.2155,0.6077,0.6077,0.6077,0.6077,0,0.6077,1.2155,0.6077,0,0.6077,0,1.8232,3.0386,0.6077,0,0.6077,0.0002,0,0,0.0001,0,0,0,0,0,0,0.0001,0,0,0,0,0.0001,0.0002,0,0,0,0.2414,0.1509,0.2414,0.1509,1
1.8043,0,0,0.6014,0.6014,1.2029,1.2029,0.6014,1.2029,3.0072,0,0,1.2029,0,0,1.2029,0,1.8043,0,0,0.0001,0,0,0,0,0.0001,0.0001,0,0.0001,0.0002,0,0,0.0001,0,0,0.0001,0,0.0001,0,0,0.161,0.2376,0.161,0.2376,1
1.8587,0.6196,1.2392,0,0,0.6196,0,0,0,0.6196,0.6196,1.2392,1.2392,1.2392,1.2392,0,0,1.2392,0.6196,0,0.0001,0,0.0001,0,0,0,0,0,0,0,0,0.0001,0.0001,0.0001,0.0001,0,0,0.0001,0,0,0.2277,0.1528,0.2277,0.1528,1
0,0,0,0.6437,1.9312,0.6437,0,1.2875,0.6437,1.2875,0,0,0,0,0.6437,1.2875,0,0.6437,0,0,0,0,0,0.0001,0.0002,0.0001,0,0.0001,0.0001,0.0001,0,0,0,0,0.0001,0.0001,0,0.0001,0,0,0.165,0.1912,0.165,0.1912,1
0,0,1.4365,0,0,0,0,0.7182,0.7182,1.4365,0,1.4365,0,0,0,0,0,0.7182,0.7182,0,0,0,0.0001,0,0,0,0,0.0001,0.0001,0.0001,0,0.0001,0,0,0,0,0,0.0001,0.0001,0,0.182,0.0997,0.182,0.0997,1
0.5172,0,0,0,0.5172,0.5172,0,0.5172,2.0687,1.5515,0,0,0,0,4.1375,0,0,0,0,0,0.0001,0,0,0,0.0001,0.0001,0,0.0001,0.0003,0.0002,0,0,0,0,0.0006,0,0,0,0,0,0.2356,0.2472,0.2356,0.2472,1
0,0,0,0,0.6945,1.389,0,0.6945,1.389,0.6945,0,0.6945,0.6945,0,2.778,1.389,0,0.6945,0,0,0,0,0,0,0.0001,0.0002,0,0.0001,0.0002,0.0001,0,0.0001,0.0001,0,0.0003,0.0002,0,0.0001,0,0,0.1606,0.1449,0.1606,0.1449,1
1.1848,0,1.7773,0.5924,0,0,0,1.1848,1.7773,0.5924,0,0,0.5924,0,0.5924,0,0,1.1848,0.5924,0,0.0001,0,0.0002,0.0001,0,0,0,0.0001,0.0002,0.0001,0,0,0.0001,0,0.0001,0,0,0.0001,0.0001,0,0.1812,0.2264,0.1812,0.2264,1
0,0,0,0,2.206,0.7353,0.7353,0.7353,0,1.4706,0,0.7353,0,0,6.6179,0,0,0.7353,0,0.7353,0,0,0,0,0.0003,0.0001,0.0001,0.0001,0,0.0002,0,0.0001,0,0,0.0009,0,0,0.0001,0,0.0001,0.1145,0.1502,0.1145,0.1502,1
0.7294,0,0,0,2.1883,0,0,0.7294,0,2.9178,0.7294,0,0,0,2.1883,0,0.7294,0.7294,0.7294,0.7294,0.0002,0,0,0,0.0005,0,0,0.0002,0,0.0007,0.0002,0,0,0,0.0005,0,0.0002,0.0002,0.0002,0.0002,0.1035,0.1671,0.1035,0.1671,1
1.491,0.7455,0,0,0,0,0,1.491,0,0.7455,1.491,0,0,0.7455,1.491,0,0.7455,0,0,0,0.0002,0.0001,0,0,0,0,0,0.0002,0,0.0001,0.0002,0,0,0.0001,0.0002,0,0.0001,0,0,0,0.158,0.0964,0.158,0.0964,1
0.5683,0,0.5683,0.5683,0,0.5683,0.5683,0.5683,0,1.1366,1.7049,0,0.5683,0.5683,1.1366,0,1.1366,1.1366,0,0.5683,0.0001,0,0.0001,0.0001,0,0.0001,0.0001,0.0001,0,0.0001,0.0002,0,0.0001,0.0001,0.0001,0,0.0001,0.0001,0,0.0001,0.2271,0.2046,0.2271,0.2046,1
0,3.2453,0.6491,0,0.6491,1.2981,0,0,0,0.6491,0,0,0,0,2.5962,0.6491,0,0.6491,0,0.6491,0,0.0002,0,0,0,0.0001,0,0,0,0,0,0,0,0,0.0002,0,0,0,0,0,0.1651,0.1859,0.1651,0.1859,1
2.0633,0,0,0,0.6878,0.6878,0,0.6878,1.3756,0.6878,0,0,0.6878,0,0,0,0,0,1.3756,0,0.0003,0,0,0,0.0001,0.0001,0,0.0001,0.0002,0.0001,0,0,0.0001,0,0,0,0,0,0.0002,0,0.1547,0.1575,0.1547,0.1575,1
0.6958,0,0,0,0,0,0,0.6958,1.3916,0.6958,0,0,0,0,1.3916,0.6958,0,0.6958,0.6958,0,0.0001,0,0,0,0,0,0,0.0001,0.0003,0.0001,0,0,0,0,0.0003,0.0001,0,0.0001,0.0001,0,0.1993,0.1049,0.1993,0.1049,1
0,0,1.1063,0.5532,0.5532,0,0.5532,1.1063,1.1063,3.3189,0.5532,0,3.3189,0.5532,0,0.5532,1.1063,0.5532,0.5532,0.5532,0,0,0.0001,0.0001,0.0001,0,0.0001,0.0001,0.0001,0.0003,0.0001,0,0.0003,0.0001,0,0.0001,0.0001,0.0001,0.0001,0.0001,0.2101,0.2368,0.2101,0.2368,1
2.7094,0,0,0.5419,0,0.5419,0.5419,0.5419,1.6257,0.5419,0.5419,0,0,1.0838,1.0838,0,1.0838,0.5419,0,0,0.0003,0,0,0.0001,0,0.0001,0.0001,0.0001,0.0002,0.0001,0.0001,0,0,0.0001,0.0001,0,0.0001,0.0001,0,0,0.2112,0.2469,0.2112,0.2469,1
0.7661,0,0.7661,0,0.7661,1.5322,0,0,0,3.0644,0,0.7661,0,0,0,0,0,0,0,0,0.0001,0,0.0001,0,0.0001,0.0001,0,0,0,0.0003,0,0.0001,0,0,0,0,0,0,0,0,0.1064,0.1275,0.1064,0.1275,1
0.6298,3.1491,0,0,0.6298,2.5193,0.6298,0,0,0.6298,0,0,3.1491,0.6298,1.2597,1.2597,3.779,0,0,0,0,0.0001,0,0,0,0.0001,0,0,0,0,0,0,0.0001,0,0.0001,0.0001,0.0002,0,0,0,0.224,0.1462,0.224,0.1462,1
1.2674,0,0.4225,3.3796,0,0,0,1.2674,2.5347,0.8449,0,0.4225,0.4225,0.8449,0.8449,0,0.4225,0,0,0,0.0001,0,0,0.0004,0,0,0,0.0001,0.0003,0.0001,0,0,0,0.0001,0.0001,0,0,0,0,0,0.2845,0.293,0.2845,0.293,1
1.6809,1.1206,0.5603,0,0.5603,1.1206,0,0,0,1.6809,0.5603,0.5603,0.5603,0.5603,1.6809,1.1206,1.1206,0,0,0,0.0001,0.0001,0,0,0,0.0001,0,0,0,0.0001,0,0,0,0,0.0001,0.0001,0.0001,0,0,0,0.214,0.2257,0.214,0.2257,1
1.7972,0,0.5991,0.5991,0.5991,0,0,0,0.5991,2.3963,0.5991,0,1.7972,0,0.5991,0,0.5991,1.1981,0.5991,0,0.0002,0,0.0001,0.0001,0.0001,0,0,0,0.0001,0.0002,0.0001,0,0.0002,0,0.0001,0,0.0001,0.0001,0.0001,0,0.1804,0.2205,0.1804,0.2205,1
0,0.5996,0,0,1.1992,0.5996,1.1992,0,0.5996,2.3984,0,0.5996,0,1.7988,1.7988,0,1.1992,0,0,0,0,0.0001,0,0,0.0001,0.0001,0.0001,0,0.0001,0.0003,0,0.0001,0,0.0002,0.0002,0,0.0001,0,0,0,0.2203,0.1801,0.2203,0.1801,1
1.6467,0,0.5489,0,0,0.5489,0,0,1.0978,3.2934,0.5489,0,0.5489,0,1.0978,0,0,0.5489,0,1.0978,0.0002,0,0.0001,0,0,0.0001,0,0,0.0001,0.0003,0.0001,0,0.0001,0,0.0001,0,0,0.0001,0,0.0001,0.2155,0.2356,0.2155,0.2356,1
0.5318,0,1.5954,0.5318,0,0,0.5318,0,1.0636,0.5318,1.5954,0.5318,0.5318,0,0,1.0636,1.0636,2.659,0,1.0636,0,0,0.0001,0,0,0,0,0,0.0001,0,0.0001,0,0,0,0,0.0001,0.0001,0.0002,0,0.0001,0.2466,0.2216,0.2466,0.2216,1
0.5157,0,1.5471,1.0314,0,0,0,0,1.0314,2.0628,0,0.5157,1.0314,0,1.5471,0.5157,0.5157,0,0,0,0.0001,0,0.0002,0.0001,0,0,0,0,0.0001,0.0002,0,0.0001,0.0001,0,0.0002,0.0001,0.0001,0,0,0,0.2254,0.2589,0.2254,0.2589,1
0,0,0.6146,0,0,1.8437,1.2291,0.6146,0,1.2291,0,1.2291,1.2291,0,0,2.4582,0.6146,1.2291,0.6146,0.6146,0,0,0,0,0,0.0001,0.0001,0,0,0.0001,0,0.0001,0.0001,0,0,0.0002,0,0.0001,0,0,0.1878,0.1977,0.1878,0.1977,1
1.0607,1.0607,1.0607,0,0,0.5303,1.0607,0.5303,1.0607,0.5303,1.0607,0,0.5303,0,1.0607,0,0,0.5303,1.0607,0,0.0001,0.0001,0.0001,0,0,0,0.0001,0,0.0001,0,0.0001,0,0,0,0.0001,0,0,0,0.0001,0,0.2205,0.2492,0.2205,0.2492,1
1.1319,0,1.1319,1.1319,0,1.6978,0.5659,0,0.5659,0,0,0,2.2637,0.5659,0.5659,0.5659,0.5659,1.1319,0.5659,0.5659,0.0001,0,0.0001,0.0001,0,0.0002,0.0001,0,0.0001,0,0,0,0.0003,0.0001,0.0001,0.0001,0.0001,0.0001,0.0001,0.0001,0.2119,0.2222,0.2119,0.2222,1
0,0,1.2282,3.2753,0,0.4094,0,1.2282,2.8659,0.4094,0,0,0,0.8188,0,0.4094,0.4094,0,0.8188,0.4094,0,0,0.0001,0.0003,0,0,0,0.0001,0.0003,0,0,0,0,0.0001,0,0,0,0,0.0001,0,0.2567,0.3339,0.2567,0.3339,1
1.5082,0,0,0,0.7541,0,0,0,3.0163,0,0,0,0,0,0.7541,0,0.7541,3.7704,0,0.7541,0.0004,0,0,0,0.0002,0,0,0,0.0007,0,0,0,0,0,0.0002,0,0.0002,0.0009,0,0.0002,0.1246,0.1213,0.1246,0.1213,1
1.3845,0.6923,0,0.6923,0.6923,0.6923,0,1.3845,0.6923,0,0,0,0,0.6923,0,0,0,1.3845,1.3845,0.6923,0.0001,0.0001,0,0.0001,0.0001,0.0001,0,0.0001,0.0001,0,0,0,0,0.0001,0,0,0,0.0001,0.0001,0.0001,0.1455,0.1622,0.1455,0.1622,1
0,0,0,0,1.7667,0,0,0.8834,1.7667,1.7667,0,0,0,0,1.7667,0,0,0.8834,0,0,0,0,0,0,0.001,0,0,0.0005,0.001,0.001,0,0,0,0,0.001,0,0,0.0005,0,0,0.0402,0.0765,0.0402,0.0765,1
0.5686,0,0,0.5686,0,0.5686,0.5686,0,0,0,0,1.1371,0.5686,1.7057,5.6856,0,0,0.5686,0,0,0.0001,0,0,0.0001,0,0.0001,0.0001,0,0,0,0,0.0003,0.0001,0.0004,0.0013,0,0,0.0001,0,0,0.2476,0.1839,0.2476,0.1839,1
0.74,0,1.48,0,0,0,0,0.74,0,1.48,1.48,2.22,0,0,0,0.74,1.48,1.48,0,0,0.0001,0,0.0002,0,0,0,0,0.0001,0,0.0002,0.0002,0.0003,0,0,0,0.0001,0.0002,0.0002,0,0,0.1385,0.1215,0.1385,0.1215,1
0.4476,0,0.8951,0.8951,0.8951,1.3427,0.4476,0,1.3427,2.2378,0,0.8951,0,0,0.8951,0.8951,0.8951,0.8951,0,0.4476,0,0,0.0001,0.0001,0.0001,0.0001,0,0,0.0001,0.0002,0,0.0001,0,0,0.0001,0.0001,0.0001,0.0001,0,0,0.2703,0.2822,0.2703,0.2822,1
0.9533,0.9533,0,0,1.4299,0,0.9533,0,1.4299,0.4766,1.4299,0.9533,0.9533,0,1.4299,0,0.4766,0,0,0.4766,0.0001,0.0001,0,0,0.0001,0,0.0001,0,0.0001,0,0.0001,0.0001,0.0001,0,0.0001,0,0,0,0,0,0.3051,0.2182,0.3051,0.2182,1
1.0384,0.5192,0,0.5192,0.5192,0.5192,1.0384,1.0384,1.5576,1.0384,0.5192,1.0384,1.5576,0,1.0384,0,0.5192,1.5576,0,0.5192,0.0001,0,0,0,0,0,0.0001,0.0001,0.0001,0.0001,0,0.0001,0.0001,0,0.0001,0,0,0.0001,0,0,0.2215,0.2593,0.2215,0.2593,1
0,0.5411,1.0822,0.5411,0.5411,0,0,0,0.5411,1.0822,0,0.5411,0,0,0.5411,1.6233,0,1.0822,1.6233,0,0,0,0.0001,0,0,0,0,0,0,0.0001,0,0,0,0,0,0.0001,0,0.0001,0.0001,0,0.2074,0.2515,0.2074,0.2515,1
0,0.515,0,0,0.515,0,0.515,0.515,1.0299,2.0599,0,0,0.515,0,2.0599,0,0.515,0,1.0299,0,0,0.0001,0,0,0.0001,0,0.0001,0.0001,0.0001,0.0002,0,0,0.0001,0,0.0002,0,0.0001,0,0.0001,0,0.2167,0.2684,0.2167,0.2684,1
2.9105,0.7276,0,0.7276,0,0.7276,0,1.4553,0.7276,1.4553,0,0,0.7276,0,0,0,2.1829,0.7276,0,0,0.0003,0.0001,0,0.0001,0,0.0001,0,0.0001,0.0001,0.0001,0,0,0.0001,0,0,0,0.0002,0.0001,0,0,0.1397,0.1327,0.1397,0.1327,1
1.063,0,0,1.5945,1.063,3.1891,0.5315,0.5315,0.5315,0.5315,0.5315,0,1.063,0.5315,0.5315,0.5315,1.063,0,0,0,0.0001,0,0,0.0001,0.0001,0.0003,0,0,0,0,0,0,0.0001,0,0,0,0.0001,0,0,0,0.2619,0.2066,0.2619,0.2066,1
2.3529,1.1764,0,0,1.7646,1.7646,1.1764,0.5882,0,1.1764,0,0.5882,0,1.1764,1.1764,1.1764,0,0.5882,0,0,0.0001,0.0001,0,0,0.0001,0.0001,0.0001,0,0,0.0001,0,0,0,0.0001,0.0001,0.0001,0,0,0,0,0.1929,0.2188,0.1929,0.2188,1
0.8492,0,0,0,0.8492,0,0,0,3.3967,1.6983,0,0,0,0,0,0,0,3.3967,0,0.8492,0.0003,0,0,0,0.0003,0,0,0,0.001,0.0005,0,0,0,0,0,0,0,0.001,0,0.0003,0.0596,0.0912,0.0596,0.0912,1
0.6921,0.6921,0.6921,0,0,0,0,2.7684,0.6921,0,2.7684,0,1.3842,0,4.8448,0,0.6921,3.4606,0,0.6921,0.0001,0.0001,0.0001,0,0,0,0,0.0002,0.0001,0,0.0002,0,0.0001,0,0.0004,0,0.0001,0.0003,0,0.0001,0.1199,0.188,0.1199,0.188,1
1.1099,0,0.5549,0,1.1099,0.5549,0,1.6648,1.1099,1.1099,0,0,0.5549,0,1.1099,0.5549,0.5549,0.5549,0,1.1099,0.0001,0,0.0001,0,0.0001,0.0001,0,0.0002,0.0001,0.0001,0,0,0.0001,0,0.0001,0.0001,0.0001,0.0001,0,0.0001,0.2699,0.1751,0.2699,0.1751,1
1.1733,0,0,0,0,0,0,1.7599,4.1065,0.5866,2.3466,0,0,0,2.3466,0,0.5866,2.9332,0,0.5866,0.0002,0,0,0,0,0,0,0.0003,0.0007,0.0001,0.0004,0,0,0,0.0004,0,0.0001,0.0005,0,0.0001,0.2032,0.2102,0.2032,0.2102,1
1.8618,0.6206,0,1.2412,0.6206,1.2412,0,0,1.2412,2.4824,0,0,0,0,0,1.2412,0,0,0,0.6206,0.0002,0.0001,0,0.0001,0.0001,0.0001,0,0,0.0001,0.0003,0,0,0,0,0,0.0001,0,0,0,0.0001,0.1666,0.2129,0.1666,0.2129,1
0,0,0.9923,2.4807,0,0,0,1.9846,2.4807,0.4961,0,0,0,0,0,0,0.4961,0,0.4961,0.4961,0,0,0.0001,0.0002,0,0,0,0.0002,0.0002,0,0,0,0,0,0,0,0,0,0,0,0.2271,0.2768,0.2271,0.2768,1
0.6091,0,0,0.6091,0,0,0.6091,0,0,0.6091,1.2182,1.8273,0,0.6091,1.2182,0.6091,0.6091,0.6091,0.6091,0,0.0001,0,0,0.0001,0,0,0.0001,0,0,0.0001,0.0001,0.0002,0,0.0001,0.0001,0.0001,0.0001,0.0001,0.0001,0,0.1898,0.2011,0.1898,0.2011,1
0,0.491,1.4731,0.982,0.491,0,0,0.982,0.491,0.982,0,0,0,0,0.491,0.982,0,0.982,1.4731,0.491,0,0,0.0001,0.0001,0,0,0,0.0001,0,0.0001,0,0,0,0,0,0.0001,0,0.0001,0.0001,0,0.2338,0.2752,0.2338,0.2752,1
1.111,0.5555,0,2.222,0,1.111,0.5555,1.111,0.5555,0.5555,2.222,0,0,0,0.5555,0,0.5555,0.5555,0,0,0.0001,0,0,0.0002,0,0.0001,0,0.0001,0,0,0.0002,0,0,0,0,0,0,0,0,0,0.2088,0.2357,0.2088,0.2357,1
0.6286,0,0,1.2572,1.8858,0,0,0.6286,1.2572,0.6286,0.6286,0.6286,3.143,0,0,0.6286,0,1.8858,0,0,0.0001,0,0,0.0001,0.0002,0,0,0.0001,0.0001,0.0001,0.0001,0.0001,0.0003,0,0,0.0001,0,0.0002,0,0,0.2308,0.1406,0.2308,0.1406,1
1.1534,0,0,0.5767,0.5767,0.5767,1.1534,2.3069,0.5767,0,0,1.7302,1.1534,0,1.7302,0.5767,0,3.4603,0,0,0.0001,0,0,0,0,0,0.0001,0.0002,0,0,0,0.0001,0.0001,0,0.0001,0,0,0.0003,0,0,0.2061,0.2171,0.2061,0.2171,1
1.4719,2.2079,0,0,0,0,0,0.736,0,2.2079,0,0.736,0.736,0.736,1.4719,0.736,0.736,0.736,0,0,0.0001,0.0001,0,0,0,0,0,0,0,0.0001,0,0,0,0,0.0001,0,0,0,0,0,0.1446,0.1194,0.1446,0.1194,1
3.9124,0,0.5589,0,0.5589,1.6767,0.5589,0.5589,0.5589,1.1178,1.1178,1.1178,0.5589,0.5589,0.5589,0,0.5589,1.6767,0,0,0.0003,0,0,0,0,0.0001,0,0,0,0.0001,0.0001,0.0001,0,0,0,0,0,0.0001,0,0,0.2433,0.1978,0.2433,0.1978,1
0.5847,0,1.7542,0,0,0.5847,0,0,1.1695,0,0.5847,0.5847,1.1695,1.1695,3.5084,0,0,0,0,0,0.0001,0,0.0002,0,0,0.0001,0,0,0.0002,0,0.0001,0.0001,0.0002,0.0002,0.0005,0,0,0,0,0,0.2049,0.2104,0.2049,0.2104,1
0.5712,0.5712,2.2846,1.7135,0,0,0,0,0,1.7135,1.1423,0,0.5712,0,0.5712,0,0.5712,1.7135,0,0,0,0,0.0002,0.0001,0,0,0,0,0,0.0001,0.0001,0,0,0,0,0,0,0.0001,0,0,0.2556,0.1733,0.2556,0.1733,1
2.6042,0,0,0.5208,0,1.5625,0,0,0.5208,0.5208,0,0,1.0417,0,1.5625,0,0.5208,1.0417,1.0417,2.0834,0.0002,0,0,0,0,0.0001,0,0,0,0,0,0,0.0001,0,0.0001,0,0,0.0001,0.0001,0.0002,0.2669,0.2123,0.2669,0.2123,1
0.9102,0,0.4551,2.7307,0,0,0.9102,0.4551,3.1858,1.8205,1.3653,0.4551,0,0,0,0,0,0,0,0,0.0001,0,0,0.0003,0,0,0.0001,0,0.0003,0.0002,0.0001,0,0,0,0,0,0,0,0,0,0.2479,0.297,0.2479,0.297,1
0.9906,0,0.4953,0.9906,0.4953,0,0.4953,0,1.4859,0.4953,0.4953,0.4953,0.4953,0.4953,1.4859,0.9906,0.4953,0.4953,0.9906,0.4953,0.0001,0,0,0.0001,0,0,0,0,0.0001,0,0,0,0,0,0.0001,0.0001,0,0,0.0001,0,0.2904,0.2143,0.2904,0.2143,1
1.2974,0,0,0.4325,1.2974,0,0,0.4325,2.5948,1.7299,0,0,0,0,1.7299,0,0,1.2974,0,0,0.0002,0,0,0.0001,0.0002,0,0,0.0001,0.0003,0.0002,0,0,0,0,0.0002,0,0,0.0002,0,0,0.231,0.3365,0.231,0.3365,1
0.637,0,0,0,1.911,2.548,0,0.637,0.637,1.911,0,0.637,0.637,0,0,0.637,1.274,0,0.637,0.637,0,0,0,0,0.0001,0.0002,0,0,0,0.0001,0,0,0,0,0,0,0.0001,0,0,0,0.1779,0.1851,0.1779,0.1851,1
1.3116,0.6558,0.6558,0.6558,0.6558,0.6558,0,1.9675,0.6558,0.6558,0,0,1.3116,0.6558,0,0,0.6558,1.3116,1.3116,0,0.0001,0.0001,0.0001,0.0001,0.0001,0.0001,0,0.0002,0.0001,0.0001,0,0,0.0001,0.0001,0,0,0.0001,0.0001,0.0001,0,0.1976,0.1466,0.1976,0.1466,1
1.2209,1.2209,1.2209,0.6105,0,0,1.8314,0.6105,0,0,0,0,0,0.6105,0.6105,1.2209,0.6105,0,0,0,0.0001,0.0001,0.0001,0.0001,0,0,0.0002,0.0001,0,0,0,0,0,0.0001,0.0001,0.0001,0.0001,0,0,0,0.1744,0.2151,0.1744,0.2151,1
0,0,0.8376,2.5128,0,0,0,1.2564,2.5128,0.4188,0.4188,0.8376,0,1.2564,0,0.4188,0.4188,0,0.8376,0.8376,0,0,0.0001,0.0002,0,0,0,0.0001,0.0002,0,0,0.0001,0,0.0001,0,0,0,0,0.0001,0.0001,0.2658,0.3154,0.2658,0.3154,1
0,1.2816,0,0,1.2816,2.5631,0,0,0,0,1.2816,0.6408,3.2039,0,1.2816,1.9223,0,0.6408,0.6408,0,0,0.0001,0,0,0.0001,0.0001,0,0,0,0,0.0001,0,0.0002,0,0.0001,0.0001,0,0,0,0,0.1866,0.1727,0.1866,0.1727,1
2.0003,0,0,0,0.6668,0,0.6668,1.3335,1.3335,1.3335,0,0.6668,0.6668,0,0.6668,0,0.6668,0,0,0.6668,0.0003,0,0,0,0.0001,0,0.0001,0.0002,0.0002,0.0002,0,0.0001,0.0001,0,0.0001,0,0.0001,0,0,0.0001,0.1914,0.1419,0.1914,0.1419,1
1.2037,0,0,0.6019,0,1.2037,0,0,0,2.4075,0,0,0,0,1.8056,1.2037,0,0.6019,0,0,0.0001,0,0,0.0001,0,0.0001,0,0,0,0.0003,0,0,0,0,0.0002,0.0001,0,0.0001,0,0,0.1904,0.2077,0.1904,0.2077,1
0,1.0002,1.5004,0,1.0002,1.0002,0.5001,0.5001,1.5004,0.5001,1.0002,0.5001,1.5004,0,0,0,1.0002,1.5004,0,0,0,0.0001,0.0001,0,0.0001,0.0001,0,0,0.0001,0,0.0001,0,0.0001,0,0,0,0.0001,0.0001,0,0,0.2294,0.2705,0.2294,0.2705,1
1.536,0,0,0,0,0,0,0,3.8401,0.768,0.768,0,0,0,0.768,0,0.768,2.304,0,0.768,0.0004,0,0,0,0,0,0,0,0.0009,0.0002,0.0002,0,0,0,0.0002,0,0.0002,0.0006,0,0.0002,0.082,0.15,0.082,0.15,1
0.5346,1.0692,0.5346,0,1.6038,0.5346,0.5346,1.0692,1.0692,0.5346,1.0692,0,0.5346,0,0.5346,0.5346,0.5346,1.6038,0.5346,0.5346,0,0.0001,0,0,0.0001,0,0,0.0001,0.0001,0,0.0001,0,0,0,0,0,0,0.0001,0,0,0.2648,0.2006,0.2648,0.2006,1
1.0837,0,0,0,0,0,0.5419,0,2.1675,1.6256,1.0837,1.0837,1.0837,0,1.0837,1.6256,2.1675,1.0837,0,0,0.0001,0,0,0,0,0,0,0,0.0002,0.0001,0.0001,0.0001,0.0001,0,0.0001,0.0001,0.0002,0.0001,0,0,0.2226,0.2356,0.2226,0.2356,1
0.4711,0.9423,0.4711,1.4134,0.4711,0,0.4711,1.4134,1.8845,0.4711,0.9423,0,0,1.4134,1.8845,0,0.4711,0,0,0,0,0.0001,0,0.0001,0,0,0,0.0001,0.0001,0,0.0001,0,0,0.0001,0.0001,0,0,0,0,0,0.2811,0.2477,0.2811,0.2477,1
2.0522,0,0,0,2.0522,0.6841,0.6841,0.6841,0.6841,0,1.3681,0,0,0,0.6841,0,0,1.3681,0,0,0.0003,0,0,0,0.0003,0.0001,0.0001,0.0001,0.0001,0,0.0002,0,0,0,0.0001,0,0,0.0002,0,0,0.1591,0.1569,0.1591,0.1569,1
0.7795,0.7795,0,0,0.7795,0,0,0,0.7795,6.2361,2.3385,0,2.3385,0,0,0,0.7795,1.559,0,0,0.0001,0.0001,0,0,0.0001,0,0,0,0.0001,0.0005,0.0002,0,0.0002,0,0,0,0.0001,0.0001,0,0,0.1083,0.1122,0.1083,0.1122,1
2.5226,0,1.8919,0,0,1.2613,0,0,0,0,0,0,1.2613,0,0.6306,0,0,1.8919,0.6306,0.6306,0.0002,0,0.0002,0,0,0.0001,0,0,0,0,0,0,0.0001,0,0.0001,0,0,0.0002,0.0001,0.0001,0.2362,0.1332,0.2362,0.1332,1
1.5092,0,1.0061,1.0061,0.5031,0.5031,0,0,1.5092,0.5031,1.0061,0.5031,0,0,2.5153,0.5031,1.0061,0.5031,0,0,0.0001,0,0.0001,0.0001,0,0,0,0,0.0001,0,0.0001,0,0,0,0.0002,0,0.0001,0,0,0,0.2669,0.2301,0.2669,0.2301,1
0.9867,0.4934,0.9867,0.4934,0.9867,0,0,0.9867,0.9867,0.9867,0.4934,0,0.4934,0,1.4801,0.4934,0.9867,1.9734,0,0.4934,0.0001,0,0.0001,0,0.0001,0,0,0.0001,0.0001,0.0001,0,0,0,0,0.0001,0,0.0001,0.0001,0,0,0.2619,0.2448,0.2619,0.2448,1
0.9941,1.9881,0.497,0,0.9941,0.497,0.497,0,0.9941,0,0.9941,0.9941,0,0.497,0.9941,1.4911,0,0.497,0.497,0.9941,0,0.0001,0,0,0,0,0,0,0,0,0,0,0,0,0,0.0001,0,0,0,0,0.2384,0.2645,0.2384,0.2645,1
0,0,0.4683,0,0.4683,0.4683,0,0,1.4048,1.8731,0,0,0.4683,0,1.8731,0,0.4683,1.4048,0.4683,0.4683,0,0,0.0001,0,0.0001,0.0001,0,0,0.0002,0.0002,0,0,0.0001,0,0.0002,0,0.0001,0.0002,0.0001,0.0001,0.2443,0.2874,0.2443,0.2874,1
0,0.7056,1.4113,0,0.7056,0,0,1.4113,1.4113,0.7056,1.4113,0.7056,0,0.7056,1.4113,0,0.7056,0,0,0,0,0.0001,0.0001,0,0.0001,0,0,0.0001,0.0001,0.0001,0.0001,0.0001,0,0.0001,0.0001,0,0.0001,0,0,0,0.1729,0.1215,0.1729,0.1215,1
2.3156,0,1.5437,0,0,0,0.7719,0.7719,0,0,0,0,0,0,0,3.0875,0,1.5437,0,0.7719,0.0003,0,0.0002,0,0,0,0.0001,0.0001,0,0,0,0,0,0,0,0.0003,0,0.0002,0,0.0001,0.1253,0.1028,0.1253,0.1028,1
0,0,0.6366,1.2733,0.6366,0,0.6366,0,1.2733,0.6366,0,1.2733,0,0,0.6366,0,2.5466,0,0,0,0,0,0.0001,0.0002,0.0001,0,0.0001,0,0.0002,0.0001,0,0.0002,0,0,0.0001,0,0.0005,0,0,0,0.2051,0.1582,0.2051,0.1582,1
0,0.6141,0.6141,0,0,0.6141,0,0,2.4563,1.2281,0,0,1.8422,0,1.2281,0.6141,0,0.6141,0.6141,0,0,0.0001,0.0001,0,0,0.0001,0,0,0.0002,0.0001,0,0,0.0002,0,0.0001,0.0001,0,0.0001,0.0001,0,0.21,0.1759,0.21,0.1759,1
1.6955,0.5652,0,0,0.5652,1.1303,0,0,1.1303,1.1303,0,0,0.5652,0,1.6955,0,1.6955,0.5652,0,0,0.0002,0.0001,0,0,0.0001,0.0001,0,0,0.0001,0.0001,0,0,0.0001,0,0.0002,0,0.0002,0.0001,0,0,0.2172,0.2176,0.2172,0.2176,1
0.5733,0,1.1466,1.1466,0,1.1466,0,1.1466,1.1466,0,1.1466,1.7199,0,0,0,0.5733,0.5733,1.1466,0,0,0.0001,0,0.0001,0.0001,0,0.0001,0,0.0001,0.0001,0,0.0001,0.0002,0,0,0,0.0001,0.0001,0.0001,0,0,0.2179,0.2087,0.2179,0.2087,1
1.2652,0,0,0.6326,0,0.6326,0.6326,0.6326,0,2.5304,0.6326,0.6326,0.6326,0,0.6326,1.2652,0,0.6326,0.6326,0.6326,0.0001,0,0,0.0001,0,0.0001,0.0001,0.0001,0,0.0002,0.0001,0.0001,0.0001,0,0.0001,0.0001,0,0.0001,0.0001,0.0001,0.211,0.1564,0.211,0.1564,1
1.5256,2.0341,1.0171,0,0,0,1.0171,0.5085,1.5256,0,1.0171,0,0.5085,0.5085,0.5085,1.5256,2.5427,0,0,1.0171,0.0001,0.0001,0.0001,0,0,0,0.0001,0,0.0001,0,0.0001,0,0,0,0,0.0001,0.0001,0,0,0.0001,0.2692,0.2223,0.2692,0.2223,1
0.6042,0.6042,1.2085,0,1.2085,0.6042,0.6042,0.6042,0,2.4169,1.2085,1.2085,0,0,0.6042,0.6042,0.6042,0,0,0,0,0,0.0001,0,0.0001,0,0,0,0,0.0002,0.0001,0.0001,0,0,0,0,0,0,0,0,0.1922,0.2035,0.1922,0.2035,1
0,3.0104,0.5017,0,1.0035,0.5017,0,0,0.5017,1.5052,0.5017,0,0.5017,0,3.0104,0,0.5017,1.0035,0,0,0,0.0002,0,0,0.0001,0,0,0,0,0.0001,0,0,0,0,0.0002,0,0,0.0001,0,0,0.2886,0.2096,0.2886,0.2096,1
0,0.6469,1.9408,0.6469,0,0,0.6469,0,0.6469,0.6469,0,1.2938,0.6469,0,0,0,2.5877,1.2938,0,0,0,0.0001,0.0002,0.0001,0,0,0.0001,0,0.0001,0.0001,0,0.0001,0.0001,0,0,0,0.0003,0.0001,0,0,0.1787,0.1744,0.1787,0.1744,1
0,0,0.6888,0,0,0,0,0,0.6888,0.6888,0,1.3777,0,0,0,0,0,0.6888,3.4442,0,0,0,0.0001,0,0,0,0,0,0.0001,0.0001,0,0.0001,0,0,0,0,0,0.0001,0.0004,0,0.1491,0.1621,0.1491,0.1621,1
1.3273,0.6636,0.6636,1.3273,0,3.9819,0,0,0,3.3182,0,0,0,0,0,1.3273,0.6636,0.6636,0,0,0.0001,0,0,0.0001,0,0.0003,0,0,0,0.0002,0,0,0,0,0,0.0001,0,0,0,0,0.148,0.1884,0.148,0.1884,1
0,0,0.6901,0,0,2.7604,0,0,0.6901,3.4505,0,0,0,0,0,0,0,0,0,0,0,0,0.0001,0,0,0.0003,0,0,0.0001,0.0003,0,0,0,0,0,0,0,0,0,0,0.1512,0.1587,0.1512,0.1587,1
0.4907,0,0,0.4907,0.4907,1.472,0.4907,0.4907,0.4907,0.9813,0.4907,0,0.9813,0,1.9627,0,0.4907,0.9813,0,0,0.0001,0,0,0.0001,0.0001,0.0002,0.0001,0.0001,0.0001,0.0001,0.0001,0,0.0001,0,0.0002,0,0.0001,0.0001,0,0,0.2707,0.2387,0.2707,0.2387,1
1.1019,0,0.551,3.3058,0.551,0.551,0,0,0.551,3.3058,0,0.551,1.1019,0,0,0,0,0,0,0,0.0001,0,0,0.0003,0,0,0,0,0,0.0003,0,0,0.0001,0,0,0,0,0,0,0,0.2614,0.1877,0.2614,0.1877,1
1.096,0.548,1.644,0.548,0,2.192,0,0.548,1.096,0.548,0,0,0.548,0,0.548,0.548,0.548,2.192,0,0,0.0001,0,0.0001,0,0,0.0001,0,0,0.0001,0,0,0,0,0,0,0,0,0.0001,0,0,0.1784,0.2736,0.1784,0.2736,1
1.171,0.5855,0.5855,0,0.5855,1.7565,1.171,0,0,1.171,0,0.5855,0.5855,1.7565,0,0,0.5855,0,1.171,0,0.0001,0,0,0,0,0.0001,0.0001,0,0,0.0001,0,0,0,0.0001,0,0,0,0,0.0001,0,0.2211,0.1934,0.2211,0.1934,1
0.6187,0.6187,1.8562,0.6187,0.6187,0,0,1.2374,0,1.2374,0,0.6187,0.6187,0,0,1.8562,0.6187,1.2374,0,0,0,0,0.0001,0,0,0,0,0.0001,0,0.0001,0,0,0,0,0,0.0001,0,0.0001,0,0,0.2003,0.1809,0.2003,0.1809,1
0.7135,0,0,0.7135,0.7135,0,0,1.427,1.427,0,2.8539,0.7135,0,0.7135,0,0.7135,0,0.7135,0.7135,0,0.0001,0,0,0.0001,0.0001,0,0,0.0002,0.0002,0,0.0003,0.0001,0,0.0001,0,0.0001,0,0.0001,0.0001,0,0.1857,0.1008,0.1857,0.1008,1
0.7666,0.7666,0.7666,0,0.7666,0.7666,0,0.7666,0,1.5332,0.7666,0,0,0.7666,0,0.7666,0,1.5332,0.7666,0.7666,0.0001,0.0001,0.0001,0,0.0001,0.0001,0,0.0001,0,0.0001,0.0001,0,0,0.0001,0,0.0001,0,0.0001,0.0001,0.0001,0.1252,0.1082,0.1252,0.1082,1
0,0,1.3554,0,0.6777,1.3554,0.6777,0.6777,0,0,0,1.3554,0,0,0.6777,0,1.3554,0.6777,0.6777,0.6777,0,0,0.0001,0,0.0001,0.0001,0.0001,0.0001,0,0,0,0.0001,0,0,0.0001,0,0.0001,0.0001,0.0001,0.0001,0.1312,0.1911,0.1312,0.1911,1
0.6787,0,0.6787,1.3575,0,1.3575,0,0,0,0.6787,0,0,0.6787,0.6787,0.6787,0.6787,0,0.6787,0,0,0.0001,0,0.0001,0.0002,0,0.0002,0,0,0,0.0001,0,0,0.0001,0.0001,0.0001,0.0001,0,0.0001,0,0,0.1724,0.1489,0.1724,0.1489,1
0,0,0.595,0,0.595,1.7851,0,0,1.7851,1.7851,0,1.1901,0,0,0.595,0.595,0.595,0,0,0.595,0,0,0.0001,0,0.0001,0.0002,0,0,0.0002,0.0002,0,0.0001,0,0,0.0001,0.0001,0.0001,0,0,0.0001,0.1991,0.2059,0.1991,0.2059,1
2.6719,0,0.5344,0,2.1375,3.2063,0.5344,0.5344,0.5344,0.5344,0,0,0,0.5344,0,1.0688,0.5344,2.6719,0.5344,0,0.0002,0,0,0,0.0001,0.0002,0,0,0,0,0,0,0,0,0,0.0001,0,0.0002,0,0,0.2508,0.2148,0.2508,0.2148,1
0,3.2927,0,0,0,1.6464,0,0.5488,0,1.6464,0,0,0,0,2.7439,0,0,0,0,0,0,0.0002,0,0,0,0.0001,0,0,0,0.0001,0,0,0,0,0.0001,0,0,0,0,0,0.2044,0.2468,0.2044,0.2468,1
4.3579,0.6226,0,0.6226,0,3.1128,0.6226,1.2451,0.6226,0,1.2451,0,0,0,0,0.6226,0,3.7353,0.6226,0,0.0002,0,0,0,0,0.0002,0,0.0001,0,0,0.0001,0,0,0,0,0,0,0.0002,0,0,0.1996,0.1779,0.1996,0.1779,1
0,1.147,1.147,0.5735,0.5735,0,1.147,0,0.5735,0,0.5735,0,0.5735,0.5735,0.5735,0,2.2941,0,0,0.5735,0,0.0001,0.0001,0,0,0,0.0001,0,0,0,0,0,0,0,0,0,0.0002,0,0,0,0.2378,0.1887,0.2378,0.1887,1
0,0,0.7071,0,1.4142,4.2427,0.7071,0,0,1.4142,0.7071,0.7071,1.4142,0,0,0,0.7071,0.7071,0,0,0,0,0.0001,0,0.0001,0.0004,0.0001,0,0,0.0001,0.0001,0.0001,0.0001,0,0,0,0.0001,0.0001,0,0,0.145,0.1479,0.145,0.1479,1
0,0.538,0.538,0.538,0.538,0,0,0.538,1.0761,1.6141,0,0,0,0,1.0761,0,1.0761,0.538,1.6141,0.538,0,0,0,0,0,0,0,0,0.0001,0.0001,0,0,0,0,0.0001,0,0.0001,0,0.0001,0,0.2317,0.2302,0.2317,0.2302,1
1.2733,0.6366,0.6366,0,0,0.6366,0,0,0,1.9099,0.6366,0,5.0931,0,1.2733,0.6366,1.2733,0,0.6366,0.6366,0.0001,0,0,0,0,0,0,0,0,0.0001,0,0,0.0004,0,0.0001,0,0.0001,0,0,0,0.215,0.1484,0.215,0.1484,1
0,0.4727,0.4727,0,0,0.4727,0,0.4727,0,1.8908,0.9454,0,0.4727,0,2.8362,0,0.9454,0.4727,0.4727,0.4727,0,0,0,0,0,0,0,0,0,0.0002,0.0001,0,0,0,0.0002,0,0.0001,0,0,0,0.275,0.2523,0.275,0.2523,1
0,3.0203,1.2081,0.6041,0.6041,3.6243,0,1.2081,0.6041,0,0,0,1.8122,0,0,0.6041,3.6243,0.6041,0,0.6041,0,0.0001,0.0001,0,0,0.0002,0,0.0001,0,0,0,0,0.0001,0,0,0,0.0002,0,0,0,0.1956,0.2003,0.1956,0.2003,1
1.4486,0.7243,0,0,0.7243,0.7243,0,0.7243,0,0.7243,0,0,1.4486,0,0.7243,0.7243,0,0,0.7243,0.7243,0.0001,0.0001,0,0,0.0001,0.0001,0,0.0001,0,0.0001,0,0,0.0001,0,0.0001,0.0001,0,0,0.0001,0.0001,0.1355,0.1402,0.1355,0.1402,1
0.5078,0.5078,0.5078,0.5078,1.0156,0,0,1.5234,2.5391,0,1.5234,0.5078,0,0,0,1.0156,1.5234,1.0156,0.5078,0,0,0,0,0,0.0001,0,0,0.0001,0.0002,0,0.0001,0,0,0,0,0.0001,0.0001,0.0001,0,0,0.2079,0.2842,0.2079,0.2842,1
0.7208,0,0,0,0,0,0.7208,1.4416,0,0.7208,2.1624,0,0,0.7208,1.4416,0,0.7208,0,0,0,0.0002,0,0,0,0,0,0.0002,0.0003,0,0.0002,0.0005,0,0,0.0002,0.0003,0,0.0002,0,0,0,0.1341,0.1451,0.1341,0.1451,1
2.3078,0.7693,0,0.7693,1.5385,3.0771,0,1.5385,0,0.7693,0.7693,0,0,0,1.5385,0,1.5385,0.7693,0,0,0.0002,0.0001,0,0.0001,0.0001,0.0002,0,0.0001,0,0.0001,0.0001,0,0,0,0.0001,0,0.0001,0.0001,0,0,0.1031,0.1276,0.1031,0.1276,1
0.6563,0,1.3127,0,1.3127,0.6563,0.6563,0,1.969,0.6563,0,0,0,0,2.6254,0,0.6563,0.6563,0,0,0.0001,0,0.0002,0,0.0002,0.0001,0.0001,0,0.0003,0.0001,0,0,0,0,0.0004,0,0.0001,0.0001,0,0,0.1698,0.1739,0.1698,0.1739,1
0,0,0,0,0,0,0,0,0,0,0,0.7672,0,0,6.9047,0.7672,0,0.7672,0,0,0,0,0,0,0,0,0,0,0,0,0,0.0003,0,0,0.0024,0.0003,0,0.0003,0,0,0.0995,0.1333,0.0995,0.1333,1
0,0.5562,0.5562,0.5562,0,1.1125,0.5562,0,0.5562,1.6687,0,0,0.5562,0.5562,1.1125,0.5562,1.6687,1.1125,0,0,0,0.0001,0.0001,0.0001,0,0.0001,0.0001,0,0.0001,0.0002,0,0,0.0001,0.0001,0.0001,0.0001,0.0002,0.0001,0,0,0.2129,0.2309,0.2129,0.2309,1
1.9226,0,0.4807,0,1.9226,3.3646,0.4807,0,0.4807,1.442,0,0.4807,0,0.4807,0.4807,0.9613,0,0.9613,0.4807,0,0.0001,0,0,0,0.0001,0.0002,0,0,0,0.0001,0,0,0,0,0,0.0001,0,0.0001,0,0,0.2627,0.2566,0.2627,0.2566,1
0,0.6625,0,0,3.3124,1.9874,0,1.325,0.6625,0.6625,3.3124,0,0,0.6625,3.3124,0,0,1.9874,0,0,0,0,0,0,0.0002,0.0001,0,0.0001,0,0,0.0002,0,0,0,0.0002,0,0,0.0001,0,0,0.1504,0.1872,0.1504,0.1872,1
1.0288,0,0,0,0.5144,0,1.0288,1.0288,2.572,0,1.0288,0.5144,0.5144,0,4.1152,0.5144,0,1.0288,0,0.5144,0.0001,0,0,0,0.0001,0,0.0001,0.0001,0.0003,0,0.0001,0.0001,0.0001,0,0.0005,0.0001,0,0.0001,0,0.0001,0.2498,0.2358,0.2498,0.2358,1
0.5204,0,0,0,0,1.0408,1.0408,1.0408,2.0817,0.5204,1.5612,1.5612,0,0,0,0.5204,0,0.5204,0,0.5204,0,0,0,0,0,0.0001,0.0001,0.0001,0.0002,0,0.0001,0.0001,0,0,0,0,0,0,0,0,0.2339,0.2457,0.2339,0.2457,1
2.5304,0.6326,1.2652,0.6326,0,0.6326,0,0,0,0,0.6326,0.6326,1.2652,0,1.2652,0.6326,0,1.2652,0,0,0.0002,0.0001,0.0001,0.0001,0,0.0001,0,0,0,0,0.0001,0.0001,0.0001,0,0.0001,0.0001,0,0.0001,0,0,0.1887,0.1788,0.1887,0.1788,1
0.9825,0.4912,0.9825,1.9649,0,0,0,0,0.9825,0.9825,0,0.4912,0.4912,0.4912,2.4561,0.9825,0.9825,0.4912,0,0,0.0001,0,0.0001,0.0002,0,0,0,0,0.0001,0.0001,0,0,0,0,0.0002,0.0001,0.0001,0,0,0,0.2809,0.2278,0.2809,0.2278,1
2.0271,0.6757,0,1.3514,0,4.0541,0,0.6757,0,2.7027,0,0.6757,0,0,0,1.3514,0.6757,0.6757,0,0,0.0002,0.0001,0,0.0001,0,0.0003,0,0.0001,0,0.0002,0,0.0001,0,0,0,0.0001,0.0001,0.0001,0,0,0.1609,0.1634,0.1609,0.1634,1
2.0562,0,0,0,0.6854,0.6854,0,0,2.7416,0.6854,0,0,0.6854,0,1.3708,0.6854,2.0562,2.7416,0,0,0.0003,0,0,0,0.0001,0.0001,0,0,0.0004,0.0001,0,0,0.0001,0,0.0002,0.0001,0.0003,0.0004,0,0,0.1439,0.1707,0.1439,0.1707,1
0,3.4961,0.5827,0,1.1654,2.9134,0,0.5827,0.5827,0.5827,0,1.1654,1.1654,0,0.5827,1.1654,2.3307,0.5827,0.5827,0,0,0.0001,0,0,0,0.0001,0,0,0,0,0,0,0,0,0,0,0.0001,0,0,0,0.208,0.2093,0.208,0.2093,1
0.6316,2.5264,0,0.6316,0.6316,0,1.2632,0.6316,0,3.158,1.2632,0.6316,0.6316,0,0.6316,0.6316,1.8948,0.6316,0.6316,0,0,0.0001,0,0,0,0,0.0001,0,0,0.0002,0.0001,0,0,0,0,0,0.0001,0,0,0,0.2,0.1684,0.2,0.1684,1
0,0,0.4911,0,1.4732,1.4732,2.4553,0.9821,0.9821,1.9642,0,0.9821,0,0,0,0.9821,0,0,0,0,0,0,0,0,0.0001,0.0001,0.0002,0.0001,0.0001,0.0002,0,0.0001,0,0,0,0.0001,0,0,0,0,0.2336,0.2753,0.2336,0.2753,1
1.671,0,0,0,0.8355,0,0,0,3.342,0.8355,0,0,0,0,0,0,0.8355,2.5065,0,0.8355,0.0004,0,0,0,0.0002,0,0,0,0.0008,0.0002,0,0,0,0,0,0,0.0002,0.0006,0,0.0002,0.0659,0.0986,0.0659,0.0986,1
0.6832,0,0.6832,1.3664,0.6832,0,0,0.6832,0,2.7328,0,3.416,0.6832,0,0,1.3664,0.6832,0.6832,0,0,0.0001,0,0.0001,0.0001,0.0001,0,0,0.0001,0,0.0002,0,0.0003,0.0001,0,0,0.0001,0.0001,0.0001,0,0,0.1613,0.1555,0.1613,0.1555,1
1.1114,3.3342,0,0.5557,0,1.1114,0,1.6671,0.5557,1.6671,0,1.6671,1.1114,0,0.5557,1.1114,0.5557,0.5557,0.5557,0.5557,0,0.0001,0,0,0,0,0,0.0001,0,0.0001,0,0.0001,0,0,0,0,0,0,0,0,0.2113,0.233,0.2113,0.233,1
1.3231,0,0,0,0.6615,0,0,0.6615,2.6462,0.6615,0.6615,0,0,0,5.2923,0,0.6615,5.2923,0,0.6615,0.0003,0,0,0,0.0001,0,0,0.0001,0.0005,0.0001,0.0001,0,0,0,0.0011,0,0.0001,0.0011,0,0.0001,0.1402,0.1983,0.1402,0.1983,1
0,0,0,0,1.2873,0.6437,0.6437,1.2873,0,0.6437,0,0,0,1.2873,5.7929,0,0,1.931,0,0,0,0,0,0,0.0002,0.0001,0.0001,0.0002,0,0.0001,0,0,0,0.0002,0.0009,0,0,0.0003,0,0,0.1837,0.1726,0.1837,0.1726,1
0.8896,0,0,4.003,0,0,0,0.4448,2.2239,0.8896,0.4448,0.4448,0,1.3343,0,0.8896,0.8896,0.4448,0,0.4448,0.0001,0,0,0.0004,0,0,0,0,0.0002,0.0001,0,0,0,0.0001,0,0.0001,0.0001,0,0,0,0.258,0.2973,0.258,0.2973,1
0,0,0.7263,0,0,0,0,1.4526,0.7263,2.1789,0,0,0.7263,0.7263,0,0,1.4526,0.7263,0.7263,0.7263,0,0,0.0001,0,0,0,0,0.0002,0.0001,0.0003,0,0,0.0001,0.0001,0,0,0.0002,0.0001,0.0001,0.0001,0.146,0.1277,0.146,0.1277,1
3.9983,0,0.6664,0,0.6664,0,0.6664,1.3328,0.6664,0,0,0.6664,0.6664,0,0,2.6655,0,1.3328,0,0,0.0003,0,0.0001,0,0.0001,0,0.0001,0.0001,0.0001,0,0,0.0001,0.0001,0,0,0.0002,0,0.0001,0,0,0.1667,0.1669,0.1667,0.1669,1
0,0,0,1.0634,0,0.5317,0.5317,0.5317,2.6584,0.5317,0,0,1.0634,0.5317,0,0,0,0.5317,2.1267,0.5317,0,0,0,0.0001,0,0.0001,0.0001,0.0001,0.0003,0.0001,0,0,0.0001,0.0001,0,0,0,0.0001,0.0002,0.0001,0.2347,0.2337,0.2347,0.2337,1
1.0391,0,0.5196,2.5978,0.5196,0,0,0.5196,2.0782,1.0391,0,0.5196,0,1.0391,0.5196,0,0,0.5196,0,0,0.0001,0,0.0001,0.0003,0.0001,0,0,0.0001,0.0002,0.0001,0,0.0001,0,0.0001,0.0001,0,0,0.0001,0,0,0.2256,0.2549,0.2256,0.2549,1
0.7785,0,0,0,0.7785,0,0,0.7785,0,0.7785,0,0.7785,0,0,0.7785,0,0.7785,1.557,1.557,0.7785,0.0001,0,0,0,0.0001,0,0,0.0001,0,0.0001,0,0.0001,0,0,0.0001,0,0.0001,0.0002,0.0002,0.0001,0.1526,0.0689,0.1526,0.0689,1
0.6173,3.704,0,0,0,2.4693,0,1.2347,1.2347,1.852,0,1.852,0.6173,0,0.6173,1.852,1.852,0,0,0,0,0.0001,0,0,0,0.0001,0,0,0,0.0001,0,0.0001,0,0,0,0.0001,0.0001,0,0,0,0.1694,0.2133,0.1694,0.2133,1
0,0,0,0,3.2529,0,0,0,1.6264,3.2529,0,0,0.8132,0,0,0,0,0.8132,0,0.8132,0,0,0,0,0.0008,0,0,0,0.0004,0.0008,0,0,0.0002,0,0,0,0,0.0002,0,0.0002,0.1393,0.0475,0.1393,0.0475,1
0.5916,0,0.5916,0,0.5916,1.1832,0,0,1.1832,1.1832,0.5916,2.3665,0.5916,0,0.5916,1.1832,1.7749,0,0,0,0.0001,0,0.0001,0,0.0001,0.0001,0,0,0.0001,0.0001,0.0001,0.0002,0.0001,0,0.0001,0.0001,0.0002,0,0,0,0.2321,0.1763,0.2321,0.1763,1
2.0526,0,0.5132,0.5132,0.5132,0,0,1.0263,1.5395,0,0,0.5132,0.5132,0,0.5132,1.0263,1.5395,1.0263,0.5132,1.0263,0.0002,0,0,0,0,0,0,0.0001,0.0001,0,0,0,0,0,0,0.0001,0.0001,0.0001,0,0.0001,0.2489,0.2379,0.2489,0.2379,1
0.8471,3.3886,0,0,0,0.8471,0,0.8471,0,0,0.8471,1.6943,0.8471,0,0,0,0.8471,5.93,0.8471,0,0,0.0001,0,0,0,0,0,0,0,0,0,0.0001,0,0,0,0,0,0.0002,0,0,0.0653,0.0875,0.0653,0.0875,1
1.1503,0.5752,1.1503,0.5752,0.5752,1.1503,0,0,0.5752,0.5752,0.5752,0,0,0.5752,1.1503,0,0,1.1503,0,0,0.0001,0,0.0001,0,0,0.0001,0,0,0,0,0,0,0,0,0.0001,0,0,0.0001,0,0,0.1959,0.2289,0.1959,0.2289,1
0,3.9997,0.5714,0.5714,0.5714,3.4283,0,0.5714,0.5714,0,0,1.1428,1.1428,0,0.5714,0,2.8569,0.5714,0,0.5714,0,0.0002,0,0,0,0.0001,0,0,0,0,0,0,0,0,0,0,0.0001,0,0,0,0.2115,0.2171,0.2115,0.2171,1
1.1179,0.559,0,0,0,0.559,1.1179,0.559,1.6769,0,0,1.6769,0,0,1.1179,0.559,0.559,0,0,1.1179,0.0001,0.0001,0,0,0,0.0001,0.0001,0.0001,0.0002,0,0,0.0002,0,0,0.0001,0.0001,0.0001,0,0,0.0001,0.2072,0.2338,0.2072,0.2338,1
2.4788,0,2.4788,0,0,0.6197,0,0.6197,0,0.6197,0,0,1.2394,0,0.6197,0,0,0.6197,0.6197,0.6197,0.0002,0,0.0002,0,0,0.0001,0,0.0001,0,0.0001,0,0,0.0001,0,0.0001,0,0,0.0001,0.0001,0.0001,0.2686,0.1117,0.2686,0.1117,1
0.6947,2.7787,0.6947,0,0.6947,1.3893,0,0,0.6947,0.6947,0,0.6947,0.6947,0,0.6947,0,1.3893,0,0,0.6947,0,0.0001,0,0,0,0.0001,0,0,0,0,0,0,0,0,0,0,0.0001,0,0,0,0.1214,0.184,0.1214,0.184,1
1.0651,0,0.5326,0,1.5977,3.1954,0.5326,0.5326,0,1.0651,1.0651,0.5326,0,1.0651,0.5326,0.5326,1.0651,1.0651,0,1.0651,0.0001,0,0,0,0.0001,0.0002,0,0,0,0.0001,0.0001,0,0,0.0001,0,0,0.0001,0.0001,0,0.0001,0.2263,0.2412,0.2263,0.2412,1
0,0,0,0,1.9571,1.4678,1.9571,0.9785,0.4893,1.4678,0,0,0,0,0.9785,0.4893,0.4893,0.4893,0,0,0,0,0,0,0.0002,0.0002,0.0002,0.0001,0.0001,0.0002,0,0,0,0,0.0001,0.0001,0.0001,0.0001,0,0,0.222,0.2887,0.222,0.2887,1
2.2378,0.7459,0,0,0.7459,0.7459,0,0.7459,0.7459,1.4919,0.7459,0,0.7459,0,0,0.7459,0.7459,0.7459,0.7459,0.7459,0.0002,0.0001,0,0,0.0001,0.0001,0,0.0001,0.0001,0.0001,0.0001,0,0.0001,0,0,0.0001,0.0001,0.0001,0.0001,0.0001,0.1572,0.0969,0.1572,0.0969,1
1.9901,0,1.4926,0.4975,0,0,0.4975,0.4975,1.4926,0,0.4975,0,0,0,0.9951,1.9901,0,1.4926,0,0,0.0002,0,0.0001,0,0,0,0,0,0.0001,0,0,0,0,0,0.0001,0.0002,0,0.0001,0,0,0.2533,0.2492,0.2533,0.2492,1
0.6312,0,0.6312,0,0,0.6312,0,2.5247,0,0,0,0,0.6312,0,1.8935,0,0,0,0,0.6312,0.0001,0,0.0001,0,0,0.0001,0,0.0004,0,0,0,0,0.0001,0,0.0003,0,0,0,0,0.0001,0.196,0.1728,0.196,0.1728,1
2.0998,0.6999,2.0998,0,0,0,0,0.6999,0,0,1.3998,0,0.6999,0,1.3998,0.6999,1.3998,2.0998,0,0.6999,0.0002,0.0001,0.0002,0,0,0,0,0.0001,0,0,0.0001,0,0.0001,0,0.0001,0.0001,0.0001,0.0002,0,0.0001,0.1821,0.118,0.1821,0.118,1
0.5279,0,0,0,0,0.5279,0.5279,1.0559,0,1.0559,0,0,1.0559,0,3.1676,0.5279,0.5279,1.5838,0,0,0.0001,0,0,0,0,0.0001,0.0001,0.0001,0,0.0001,0,0,0.0001,0,0.0004,0.0001,0.0001,0.0002,0,0,0.2303,0.2417,0.2303,0.2417,1
0.4288,0.4288,0.8576,0.4288,0.4288,0.8576,1.2864,0.8576,0.4288,0.4288,1.2864,0,0.8576,0,1.7152,0.8576,0.8576,0.4288,0.4288,0,0,0,0.0001,0,0,0.0001,0.0001,0.0001,0,0,0.0001,0,0.0001,0,0.0002,0.0001,0.0001,0,0,0,0.2647,0.3065,0.2647,0.3065,1
1.4456,0.4819,0.4819,0,1.4456,2.8911,0.4819,0.9637,1.4456,0.9637,0,0,0,0.4819,0,1.4456,0.4819,0.9637,0.4819,0,0.0001,0,0,0,0.0001,0.0002,0,0.0001,0.0001,0.0001,0,0,0,0,0,0.0001,0,0.0001,0,0,0.2641,0.254,0.2641,0.254,1
0.5913,0.5913,1.1826,0.5913,0,0,0,1.7738,0,0,1.1826,1.1826,0,0,0.5913,0.5913,1.1826,1.1826,1.1826,0,0,0,0.0001,0,0,0,0,0.0001,0,0,0.0001,0.0001,0,0,0,0,0.0001,0.0001,0.0001,0,0.2453,0.1634,0.2453,0.1634,1
2.1035,0,2.8047,0.7012,0.7012,0,0,0,0,1.4023,0,0,0,0,0,0,0.7012,2.1035,0,0,0.0002,0,0.0003,0.0001,0.0001,0,0,0,0,0.0001,0,0,0,0,0,0,0.0001,0.0002,0,0,0.1685,0.1303,0.1685,0.1303,1
0,0.4907,0.9815,0,0,0.9815,0,0.4907,0.9815,1.4722,0.4907,0.4907,0,0,1.963,0,0,0.9815,0,1.4722,0,0,0.0001,0,0,0.0001,0,0,0.0001,0.0001,0,0,0,0,0.0002,0,0,0.0001,0,0.0001,0.2959,0.2134,0.2959,0.2134,1
0.8517,0,0,0,3.4069,0,0,0,3.4069,2.5552,0,0,0.8517,0,0,0,0,0,0,0,0.0002,0,0,0,0.0008,0,0,0,0.0008,0.0006,0,0,0.0002,0,0,0,0,0,0,0,0.0521,0.0962,0.0521,0.0962,1
1.3139,0,0,0,0.8759,0.8759,0.438,0,2.1898,2.6277,0.8759,0,0.438,0,1.7518,0,0.438,0,0,0,0.0001,0,0,0,0.0001,0.0001,0,0,0.0002,0.0003,0.0001,0,0,0,0.0002,0,0,0,0,0,0.2386,0.3235,0.2386,0.3235,1
0.5302,0,0,0.5302,0.5302,0,0.5302,0.5302,1.5905,0,1.0603,1.0603,0,0,1.0603,1.0603,2.1206,1.0603,0,0,0.0001,0,0,0.0001,0.0001,0,0.0001,0.0001,0.0002,0,0.0001,0.0001,0,0,0.0001,0.0001,0.0003,0.0001,0,0,0.2514,0.2184,0.2514,0.2184,1
0.5471,0,0,0.5471,0.5471,0.5471,1.0942,1.0942,0.5471,1.6414,0,0,0,1.0942,6.0183,0,0,0.5471,0,0,0.0001,0,0,0.0001,0.0001,0.0001,0.0002,0.0002,0.0001,0.0002,0,0,0,0.0002,0.0009,0,0,0.0001,0,0,0.2442,0.2086,0.2442,0.2086,1
0.8469,0,0,0,1.6938,0,0,0,3.3877,1.6938,0,0,0,0,0,0,0,2.5407,0,0.8469,0.0002,0,0,0,0.0005,0,0,0,0.001,0.0005,0,0,0,0,0,0,0,0.0007,0,0.0002,0.0594,0.0937,0.0594,0.0937,1
0,0,1.1969,1.1969,0,0.5985,0.5985,1.1969,0,0.5985,0.5985,0,0,1.1969,1.1969,1.1969,0.5985,1.1969,0,1.7954,0,0,0.0001,0.0001,0,0.0001,0.0001,0.0001,0,0.0001,0.0001,0,0,0.0001,0.0001,0.0001,0.0001,0.0001,0,0.0002,0.1876,0.2139,0.1876,0.2139,1
1.0862,1.6293,0,0,0.5431,1.6293,0,0,0.5431,0,0.5431,0.5431,0,0,2.7155,0,1.6293,1.0862,1.0862,0.5431,0.0001,0.0001,0,0,0,0.0001,0,0,0,0,0,0,0,0,0.0002,0,0.0001,0.0001,0.0001,0,0.2635,0.1934,0.2635,0.1934,1
0.7774,0,0.7774,0,0.7774,0.7774,0,0,0,2.3321,0,0.7774,0.7774,0.7774,0,0.7774,0.7774,1.5547,0,0.7774,0.0001,0,0.0001,0,0.0001,0.0001,0,0,0,0.0002,0,0.0001,0.0001,0.0001,0,0.0001,0.0001,0.0002,0,0.0001,0.0982,0.1244,0.0982,0.1244,1
1.2552,0.6276,1.2552,0,0,0,0,0,1.2552,0,0,0.6276,3.7655,0,1.8827,0,0,0,0,0.6276,0.0001,0.0001,0.0001,0,0,0,0,0,0.0001,0,0,0.0001,0.0004,0,0.0002,0,0,0,0,0.0001,0.1367,0.2357,0.1367,0.2357,1
1.1729,1.1729,0.5865,0,0.5865,0.5865,0.5865,0,0.5865,2.3458,0,0.5865,1.1729,0.5865,1.1729,0.5865,1.1729,0.5865,0,0,0.0001,0.0001,0,0,0,0,0,0,0,0.0002,0,0,0.0001,0,0.0001,0,0.0001,0,0,0,0.2327,0.1808,0.2327,0.1808,1
0.5745,0,0.5745,0,0,0,0.5745,1.7234,0.5745,1.1489,0,0.5745,0,0,2.2978,0,0,0.5745,0,0,0.0001,0,0.0001,0,0,0,0.0001,0.0002,0.0001,0.0001,0,0.0001,0,0,0.0003,0,0,0.0001,0,0,0.2102,0.2153,0.2102,0.2153,1
1.9257,0.4814,0.9628,0,0,1.9257,0,0.9628,0.9628,0,0,0.9628,0.4814,0.4814,0.4814,1.4443,0.9628,0.9628,0.9628,0.4814,0.0001,0,0.0001,0,0,0.0001,0,0.0001,0.0001,0,0,0.0001,0,0,0,0.0001,0.0001,0.0001,0.0001,0,0.2816,0.237,0.2816,0.237,1
0.5574,1.1148,1.1148,0.5574,0.5574,2.2296,0.5574,0,0,0.5574,0,0,0,0,1.1148,0.5574,1.1148,0.5574,0,0,0,0.0001,0.0001,0,0,0.0002,0,0,0,0,0,0,0,0,0.0001,0,0.0001,0,0,0,0.2138,0.2288,0.2138,0.2288,1
0.4664,0,1.8658,0.9329,0.4664,0,0.4664,0.4664,0,2.7987,0.4664,0.4664,0.4664,1.3993,0.4664,2.3322,0.9329,0,0,0,0,0,0.0001,0.0001,0,0,0,0,0,0.0002,0,0,0,0.0001,0,0.0002,0.0001,0,0,0,0.2496,0.2839,0.2496,0.2839,1
1.6853,0,0,0,1.6853,0,0,0,3.3706,0.8426,0,0,0,0,0,0,0.8426,1.6853,0,0.8426,0.0005,0,0,0,0.0005,0,0,0,0.001,0.0002,0,0,0,0,0,0,0.0002,0.0005,0,0.0002,0.0551,0.1023,0.0551,0.1023,1
0.5064,0,0,1.0127,1.0127,0.5064,0.5064,1.0127,1.5191,2.0254,0,0,0,0.5064,4.5572,0,0.5064,0,0,0,0.0001,0,0,0.0001,0.0001,0.0001,0.0001,0.0001,0.0002,0.0002,0,0,0,0.0001,0.0005,0,0.0001,0,0,0,0.2233,0.2703,0.2233,0.2703,1
2.0356,0,0,0.6785,0,0,0.6785,0.6785,0,0,0,0,0,0.6785,1.3571,1.3571,0,0,0,1.3571,0.0003,0,0,0.0001,0,0,0.0001,0.0001,0,0,0,0,0,0.0001,0.0002,0.0002,0,0,0,0.0002,0.1888,0.1326,0.1888,0.1326,1
0.6415,1.283,0,0,1.283,1.283,0,1.283,0.6415,0,0,0.6415,1.283,0,3.2075,0,2.566,1.283,0,0.6415,0,0.0001,0,0,0.0001,0.0001,0,0.0001,0,0,0,0,0.0001,0,0.0002,0,0.0002,0.0001,0,0,0.2136,0.1449,0.2136,0.1449,1
1.4308,0,1.4308,0,0,0.7154,0,0,0.7154,0,0,0.7154,0,0,0,0,0.7154,1.4308,0.7154,0,0.0002,0,0.0002,0,0,0.0001,0,0,0.0001,0,0,0.0001,0,0,0,0,0.0001,0.0002,0.0001,0,0.1818,0.1028,0.1818,0.1028,1
2.4951,0,0,0,0.8317,0,0,0,3.3268,0.8317,0,0,0,0,0,0,0.8317,2.4951,0,0.8317,0.0006,0,0,0,0.0002,0,0,0,0.0008,0.0002,0,0,0,0,0,0,0.0002,0.0006,0,0.0002,0.0575,0.1108,0.0575,0.1108,1
2.2322,0,0,0,0,0.8929,0,0.4464,4.018,1.7858,0.4464,0.4464,0,0,0.8929,0.4464,0,0,0.8929,0,0.0002,0,0,0,0,0.0001,0,0,0.0003,0.0001,0,0,0,0,0.0001,0,0,0,0.0001,0,0.2565,0.2971,0.2565,0.2971,1
0.6466,0,0,0,0,0.6466,0,0.6466,0,0,0,0.6466,0,0,3.2329,0,0.6466,1.2932,0,0,0.0001,0,0,0,0,0.0001,0,0.0001,0,0,0,0.0001,0,0,0.0006,0,0.0001,0.0002,0,0,0.2199,0.1335,0.2199,0.1335,1
0,0,0,0,1.8414,0,0.6138,0,1.8414,0,0,0,0,0.6138,2.4552,0,0.6138,0.6138,0,0,0,0,0,0,0.0005,0,0.0002,0,0.0005,0,0,0,0,0.0002,0.0007,0,0.0002,0.0002,0,0,0.2506,0.1356,0.2506,0.1356,1
0.6519,0,0,0,0,0,0,1.9556,1.9556,0,0.6519,0,0,0,0.6519,1.3037,1.3037,0.6519,0.6519,0,0.0001,0,0,0,0,0,0,0.0002,0.0002,0,0.0001,0,0,0,0.0001,0.0002,0.0002,0.0001,0.0001,0,0.1734,0.1748,0.1734,0.1748,1
2.7791,0,0,0.6948,0.6948,0,0.6948,0,0.6948,0.6948,1.3896,2.0844,0.6948,0.6948,0,0.6948,1.3896,0.6948,0,0,0.0003,0,0,0.0001,0.0001,0,0.0001,0,0.0001,0.0001,0.0001,0.0002,0.0001,0.0001,0,0.0001,0.0001,0.0001,0,0,0.1467,0.1585,0.1467,0.1585,1
0.6592,0,0,0,0.6592,0.6592,0.6592,1.3183,1.3183,0.6592,0.6592,0,0,0.6592,0.6592,0,0.6592,0.6592,0,0.6592,0.0001,0,0,0,0.0001,0.0001,0.0001,0.0002,0.0002,0.0001,0.0001,0,0,0.0001,0.0001,0,0.0001,0.0001,0,0.0001,0.1655,0.1754,0.1655,0.1754,1
1.1425,0,0.5712,0,0.5712,1.1425,0,0.5712,0,0.5712,0,1.1425,0.5712,1.1425,1.1425,1.7137,1.1425,0.5712,0,0.5712,0.0001,0,0,0,0,0.0001,0,0,0,0,0,0.0001,0,0.0001,0.0001,0.0001,0.0001,0,0,0,0.2146,0.2142,0.2146,0.2142,1
2.84,0.71,0,0.71,0.71,0,0,0.71,0,0.71,0.71,1.42,0,0,0.71,0,1.42,2.13,0,0,0.0002,0.0001,0,0.0001,0.0001,0,0,0.0001,0,0.0001,0.0001,0.0001,0,0,0.0001,0,0.0001,0.0002,0,0,0.1716,0.1184,0.1716,0.1184,1
2.0025,0,0,0.5006,0,0,1.0012,0.5006,2.5031,0,0,0.5006,0,0,2.0025,0,1.0012,0,0.5006,0.5006,0.0003,0,0,0.0001,0,0,0.0001,0.0001,0.0004,0,0,0.0001,0,0,0.0003,0,0.0001,0,0.0001,0.0001,0.2545,0.2448,0.2545,0.2448,1
0,0.5092,2.5461,0.5092,0.5092,0,0,1.0184,1.0184,1.5276,0,0,0,0,0,0,0,0,1.5276,0,0,0,0.0001,0,0,0,0,0.0001,0.0001,0.0001,0,0,0,0,0,0,0,0,0.0001,0,0.2241,0.2667,0.2241,0.2667,1
0.5519,0,1.1039,1.1039,1.6558,0,0,0,0.5519,0.5519,1.1039,1.1039,0.5519,0,1.6558,0.5519,0.5519,0,0,1.1039,0,0,0.0001,0.0001,0.0001,0,0,0,0,0,0.0001,0.0001,0,0,0.0001,0,0,0,0,0.0001,0.1844,0.2636,0.1844,0.2636,1
1.9162,0.6387,0,2.555,0,0.6387,0,0.6387,0.6387,1.2775,0,0,0.6387,0,0,0,1.9162,0,0,0,0.0002,0.0001,0,0.0003,0,0.0001,0,0.0001,0.0001,0.0001,0,0,0.0001,0,0,0,0.0002,0,0,0,0.1934,0.1679,0.1934,0.1679,1
1.1855,0,0,0.5928,0,1.1855,1.1855,1.1855,1.1855,2.371,0,0,1.1855,0,0,1.1855,0,3.5565,0,0,0.0001,0,0,0,0,0.0001,0.0001,0.0001,0.0001,0.0002,0,0,0.0001,0,0,0.0001,0,0.0003,0,0,0.1686,0.2386,0.1686,0.2386,1
0.5073,0,0.5073,3.0437,0,0,0,1.0146,2.0291,1.0146,0,0,0,0,0,0,0.5073,0,1.0146,0.5073,0,0,0,0.0003,0,0,0,0.0001,0.0002,0.0001,0,0,0,0,0,0,0,0,0.0001,0,0.2226,0.2701,0.2226,0.2701,1
0,1.4644,0,0.7322,0,0,0,0.7322,0.7322,2.1965,0.7322,0,0,0,2.1965,0,0.7322,1.4644,0,0,0,0.0001,0,0.0001,0,0,0,0.0001,0.0001,0.0002,0.0001,0,0,0,0.0002,0,0.0001,0.0001,0,0,0.1137,0.1541,0.1137,0.1541,1
3.7175,0.6196,0.6196,1.2392,0.6196,1.2392,0,0.6196,0,1.8587,0,0,1.8587,0,0,0.6196,1.2392,0,0,1.2392,0.0003,0,0,0.0001,0,0.0001,0,0,0,0.0001,0,0,0.0001,0,0,0,0.0001,0,0,0.0001,0.1921,0.1883,0.1921,0.1883,1
0.5015,0,0,1.003,0,0.5015,0.5015,1.003,1.003,2.0061,0,0,0,1.003,1.5045,0,0.5015,0.5015,0,0,0.0001,0,0,0.0001,0,0.0001,0.0001,0.0001,0.0001,0.0002,0,0,0,0.0001,0.0002,0,0.0001,0.0001,0,0,0.2328,0.2657,0.2328,0.2657,1
0,0,1.5084,1.0056,0.5028,0.5028,0,2.0112,1.5084,0.5028,0,0.5028,0,0,0.5028,0.5028,0,0,1.0056,0.5028,0,0,0.0001,0.0001,0,0,0,0.0001,0.0001,0,0,0,0,0,0,0,0,0,0.0001,0,0.2495,0.2477,0.2495,0.2477,1
1.0613,0,0,0,1.0613,0.5307,1.0613,1.592,2.1227,0.5307,1.0613,0,0,0.5307,1.0613,0,1.592,1.592,0,1.0613,0.0001,0,0,0,0.0001,0.0001,0.0001,0.0002,0.0002,0.0001,0.0001,0,0,0.0001,0.0001,0,0.0002,0.0002,0,0.0001,0.2274,0.242,0.2274,0.242,1
0,0,1.2459,0,1.8689,2.4919,0,0,0,0.623,0.623,1.2459,2.4919,0,0,0,1.2459,0.623,1.2459,0,0,0,0.0001,0,0.0001,0.0002,0,0,0,0,0,0.0001,0.0002,0,0,0,0.0001,0,0.0001,0,0.1749,0.2021,0.1749,0.2021,1
1.5913,0,0,0,0,1.5913,0,0,2.3869,0.7956,0.7956,0,0.7956,0,0,0,0,2.3869,0,0,0.0003,0,0,0,0,0.0003,0,0,0.0005,0.0002,0.0002,0,0.0002,0,0,0,0,0.0005,0,0,0.0886,0.1157,0.0886,0.1157,1
1.4124,0.7062,1.4124,0.7062,0,0,0,0.7062,0.7062,0.7062,0.7062,0,0,0,0,0,0,0,0,0,0.0001,0.0001,0.0001,0.0001,0,0,0,0.0001,0.0001,0.0001,0.0001,0,0,0,0,0,0,0,0,0,0.1381,0.1557,0.1381,0.1557,1
1.0899,0.545,0.545,1.0899,0,2.7248,0,0.545,1.0899,2.1798,0.545,0,0.545,0,0.545,1.0899,0.545,0.545,0,1.0899,0.0001,0,0,0.0001,0,0.0002,0,0,0.0001,0.0002,0,0,0,0,0,0.0001,0,0,0,0.0001,0.2459,0.2092,0.2459,0.2092,1
0.5294,0.5294,1.5882,1.5882,0,0.5294,0,1.5882,0.5294,0.5294,0,0.5294,1.0588,0.5294,0,1.0588,1.5882,0.5294,0,0,0,0,0.0001,0.0001,0,0,0,0.0001,0,0,0,0,0.0001,0,0,0.0001,0.0001,0,0,0,0.2306,0.24,0.2306,0.24,1
0.5043,0,1.0086,0.5043,0.5043,1.0086,1.0086,1.5129,0.5043,0.5043,1.0086,0,2.0172,0,0.5043,0,0.5043,1.5129,0,0,0,0,0.0001,0,0,0.0001,0.0001,0.0001,0,0,0.0001,0,0.0002,0,0,0,0,0.0001,0,0,0.26,0.2357,0.26,0.2357,1
0,3.7965,0,0.6328,0,3.1638,0,0.6328,0,0.6328,0,1.2655,1.8983,0,0.6328,1.2655,2.531,1.2655,0.6328,0,0,0.0001,0,0,0,0.0001,0,0,0,0,0,0,0.0001,0,0,0,0.0001,0,0,0,0.1892,0.1781,0.1892,0.1781,1
1.6147,0,0,0,0,1.6147,0,0,0.8074,1.6147,0,0,0.8074,0,0,0.8074,0,1.6147,1.6147,0,0.0002,0,0,0,0,0.0002,0,0,0.0001,0.0002,0,0,0.0001,0,0,0.0001,0,0.0002,0.0002,0,0.0918,0.1009,0.0918,0.1009,1
0,0,0.6492,0.6492,0.6492,0,0.6492,0,0.6492,0.6492,0.6492,1.9475,0,0,1.2983,0,1.9475,0.6492,0,0,0,0,0.0001,0.0001,0.0001,0,0.0001,0,0.0001,0.0001,0.0001,0.0004,0,0,0.0002,0,0.0004,0.0001,0,0,0.2148,0.1361,0.2148,0.1361,1
4.1169,0,0,0,0,0,0,0,1.6467,2.4701,0,0,0.8234,0,1.6467,0,0.8234,1.6467,0,0,0.0007,0,0,0,0,0,0,0,0.0003,0.0004,0,0,0.0001,0,0.0003,0,0.0001,0.0003,0,0,0.0666,0.1101,0.0666,0.1101,1
2.8453,0,0,0,0,0,0.7113,0.7113,0,0,0,1.4227,1.4227,0,2.134,0.7113,0.7113,1.4227,0,0,0.0004,0,0,0,0,0,0.0001,0.0001,0,0,0,0.0002,0.0002,0,0.0003,0.0001,0.0001,0.0002,0,0,0.1573,0.1314,0.1573,0.1314,1
0,0.7173,2.1519,0,0,0,0.7173,0,0,0.7173,0,0,0.7173,0.7173,0.7173,0,1.4346,0,0,0,0,0.0001,0.0004,0,0,0,0.0001,0,0,0.0001,0,0,0.0001,0.0001,0.0001,0,0.0002,0,0,0,0.1483,0.1344,0.1483,0.1344,1
0.5819,0,0,0,0,0,0.5819,1.7456,0.5819,1.1637,0.5819,0.5819,1.1637,0,2.3274,0,0.5819,0,0.5819,0.5819,0.0001,0,0,0,0,0,0.0001,0.0002,0.0001,0.0001,0.0001,0.0001,0.0001,0,0.0003,0,0.0001,0,0.0001,0.0001,0.2235,0.1947,0.2235,0.1947,1
2.0176,1.345,0,0,0,1.345,0,2.0176,0.6725,0,0.6725,1.345,0.6725,0.6725,0.6725,1.345,0,0,0,0.6725,0.0001,0.0001,0,0,0,0.0001,0,0.0001,0,0,0,0.0001,0,0,0,0.0001,0,0,0,0,0.1391,0.1884,0.1391,0.1884,1
1.379,0.9193,0.9193,0.4597,1.379,0.4597,0.9193,0.4597,1.379,0.4597,1.8387,0.9193,0,0.4597,0,0.4597,0.9193,0,0.4597,0,0.0001,0.0001,0.0001,0,0.0001,0,0.0001,0,0.0001,0,0.0001,0.0001,0,0,0,0,0.0001,0,0,0,0.3152,0.2251,0.3152,0.2251,1
2.4685,0,0,0,1.6456,0,0,0,3.2913,0,0,0,0,0,0,0,0.8228,2.4685,0,0.8228,0.0006,0,0,0,0.0004,0,0,0,0.0007,0,0,0,0,0,0,0,0.0002,0.0006,0,0.0002,0.0695,0.1077,0.0695,0.1077,1
0.6899,0,1.3798,0,0,0,0,0.6899,0.6899,1.3798,0,1.3798,0,0,0,0.6899,0,0,0.6899,0,0.0001,0,0.0001,0,0,0,0,0.0001,0.0001,0.0001,0,0.0001,0,0,0,0.0001,0,0,0.0001,0,0.2005,0.1096,0.2005,0.1096,1
1.096,0,1.096,0.548,0.548,0.548,0.548,1.096,1.096,0,0,0.548,1.6439,1.6439,1.096,0,0.548,1.6439,0,0.548,0.0001,0,0.0001,0.0001,0.0001,0.0001,0.0001,0.0001,0.0001,0,0,0.0001,0.0002,0.0002,0.0001,0,0.0001,0.0002,0,0.0001,0.2522,0.1998,0.2522,0.1998,1
1.1543,3.4628,0,0.5771,0,1.7314,0,1.7314,1.1543,0.5771,0,1.1543,1.1543,0,0.5771,1.7314,0,1.1543,0.5771,0.5771,0,0.0001,0,0,0,0.0001,0,0.0001,0,0,0,0,0,0,0,0.0001,0,0,0,0,0.2354,0.1874,0.2354,0.1874,1
0,0,0.4139,0,0.8279,0.4139,0,0.8279,2.8975,0.4139,0,0,0,0.8279,3.7253,0,0,1.6557,0,0,0,0,0,0,0.0001,0,0,0.0001,0.0003,0,0,0,0,0.0001,0.0004,0,0,0.0002,0,0,0.2816,0.3045,0.2816,0.3045,1
1.2592,0,0.6296,0.6296,1.2592,0.6296,0.6296,0,0,1.8888,0,0.6296,0,0,0.6296,1.2592,0,0,0,0.6296,0.0001,0,0.0001,0.0001,0.0001,0.0001,0.0001,0,0,0.0002,0,0.0001,0,0,0.0001,0.0001,0,0,0,0.0001,0.168,0.2024,0.168,0.2024,1
0.9127,0,0.4564,0.9127,0.4564,0.4564,0.4564,1.3691,1.3691,0.9127,0,0.4564,0,0,1.3691,0.9127,0,1.3691,0,0,0.0001,0,0,0.0001,0,0,0,0.0001,0.0001,0.0001,0,0,0,0,0.0001,0.0001,0,0.0001,0,0,0.2435,0.3001,0.2435,0.3001,1
0.6138,0,0,0,1.2277,0.6138,0,0,0.6138,1.8415,0,0,0,0,1.8415,0,0,1.2277,0,0.6138,0.0001,0,0,0,0.0002,0.0001,0,0,0.0001,0.0003,0,0,0,0,0.0003,0,0,0.0002,0,0.0001,0.1889,0.1972,0.1889,0.1972,1
0.4425,0.8851,0.4425,2.6552,0,0,0,1.3276,2.6552,0.4425,0,0.8851,0,0.8851,0,0,0.8851,0,0.8851,0.4425,0,0.0001,0,0.0002,0,0,0,0.0001,0.0002,0,0,0.0001,0,0.0001,0,0,0.0001,0,0.0001,0,0.2373,0.3201,0.2373,0.3201,1
0.5569,0.5569,0,0,0,1.1137,0,0,1.1137,0.5569,1.6706,1.6706,0,0.5569,4.4549,0,1.6706,0.5569,0.5569,0.5569,0,0,0,0,0,0.0001,0,0,0.0001,0,0.0001,0.0001,0,0,0.0003,0,0.0001,0,0,0,0.197,0.2461,0.197,0.2461,1
0.5759,0,1.1519,0.5759,0,1.1519,1.1519,1.1519,0,0,0,0,1.7278,0,2.3038,0.5759,1.1519,0,0.5759,0,0.0001,0,0.0002,0.0001,0,0.0002,0.0002,0.0002,0,0,0,0,0.0002,0,0.0003,0.0001,0.0002,0,0.0001,0,0.2191,0.2049,0.2191,0.2049,1
0.9392,1.8783,0.4696,0,1.4088,1.4088,1.4088,0.4696,0.9392,0.9392,0.9392,0.4696,0,0,0.4696,0.4696,0.9392,0.4696,0.4696,0,0,0.0001,0,0,0.0001,0.0001,0.0001,0,0,0,0,0,0,0,0,0,0,0,0,0,0.247,0.2834,0.247,0.2834,1
0.5208,0,0,3.1249,0,0.5208,0,0,3.1249,2.0832,0,1.0416,0,0.5208,0,0,0,0,0,0,0.0001,0,0,0.0004,0,0.0001,0,0,0.0004,0.0002,0,0.0001,0,0.0001,0,0,0,0,0,0,0.2147,0.2645,0.2147,0.2645,1
0,0.5554,1.6663,0,0,0,0,0,0,3.3325,0,2.2217,0.5554,0.5554,1.1108,0.5554,0,0.5554,0,0,0,0,0.0001,0,0,0,0,0,0,0.0002,0,0.0001,0,0,0.0001,0,0,0,0,0,0.228,0.2165,0.228,0.2165,1
2.1517,0,0,0,0.7172,0.7172,0,0.7172,0.7172,1.4345,0,0,0,0,0.7172,0,0.7172,0,0.7172,0,0.0003,0,0,0,0.0001,0.0001,0,0.0001,0.0001,0.0002,0,0,0,0,0.0001,0,0.0001,0,0.0001,0,0.1407,0.1421,0.1407,0.1421,1
1.3783,0,0,0,0.6891,0,0,0.6891,1.3783,0.6891,0,0,0,0,0.6891,0.6891,0.6891,2.7565,0,1.3783,0.0002,0,0,0,0.0001,0,0,0.0001,0.0002,0.0001,0,0,0,0,0.0001,0.0001,0.0001,0.0004,0,0.0002,0.2117,0.0992,0.2117,0.0992,1
0,1.1199,1.1199,0,0.5599,0,1.6798,1.1199,1.6798,0,1.1199,0,0.5599,0,2.2398,0,2.2398,2.2398,0,0,0,0.0001,0.0001,0,0,0,0.0001,0.0001,0.0001,0,0.0001,0,0,0,0.0002,0,0.0002,0.0002,0,0,0.2192,0.2208,0.2192,0.2208,1
0,0.7706,0,0,1.5413,0.7706,0,2.3119,0.7706,0.7706,0.7706,0,0,0,0,0,2.3119,0.7706,0,0.7706,0,0.0001,0,0,0.0002,0.0001,0,0.0002,0.0001,0.0001,0.0001,0,0,0,0,0,0.0002,0.0001,0,0.0001,0.1079,0.1214,0.1079,0.1214,1
0.7225,0.7225,0.7225,0,0,1.4449,0,0,0.7225,0,0,0,2.1674,0,2.1674,1.4449,0,1.4449,0,0,0.0001,0.0001,0.0001,0,0,0.0001,0,0,0.0001,0,0,0,0.0002,0,0.0002,0.0001,0,0.0001,0,0,0.1465,0.131,0.1465,0.131,1
0.7046,0,0.7046,0,0.7046,1.4093,0,0,0,2.8185,0,1.4093,0,0,0.7046,0,0,0.7046,0,0,0.0001,0,0.0001,0,0.0001,0.0001,0,0,0,0.0003,0,0.0001,0,0,0.0001,0,0,0.0001,0,0,0.1203,0.175,0.1203,0.175,1
2.1465,0.5366,1.6098,0.5366,0,0,1.0732,1.0732,0,0.5366,0,0.5366,1.0732,0.5366,0,0,2.1465,0.5366,0,1.0732,0.0002,0,0.0001,0,0,0,0.0001,0.0001,0,0,0,0,0.0001,0,0,0,0.0002,0,0,0.0001,0.2468,0.2166,0.2468,0.2166,1
3.4798,0,1.3919,0.696,0,0,0,0,0,1.3919,0,0,0,0.696,0,0.696,1.3919,2.0879,0,0.696,0.0004,0,0.0001,0.0001,0,0,0,0,0,0.0001,0,0,0,0.0001,0,0.0001,0.0001,0.0002,0,0.0001,0.184,0.12,0.184,0.12,1
1.2485,0,0.6242,0.6242,0.6242,2.4969,0,1.2485,0.6242,0.6242,0.6242,2.4969,0,0,0,0,1.8727,1.8727,0,0.6242,0.0001,0,0,0,0,0.0002,0,0.0001,0,0,0,0.0002,0,0,0,0,0.0001,0.0001,0,0,0.1741,0.2017,0.1741,0.2017,1
0,0,0,0,1.161,0,0.5805,1.161,0,3.4831,0,0,1.161,1.161,5.8052,0,0,0,0,0,0,0,0,0,0.0002,0,0.0001,0.0002,0,0.0005,0,0,0.0002,0.0002,0.0008,0,0,0,0,0,0.208,0.2115,0.208,0.2115,1
0.6166,0,0,0,0,3.0828,0,0.6166,1.2331,4.9325,0,0.6166,0.6166,0,0,0,0,0.6166,0,0,0,0,0,0,0,0.0002,0,0,0.0001,0.0004,0,0,0,0,0,0,0,0,0,0,0.1674,0.216,0.1674,0.216,1
1.4401,0,0,0,0.72,0,0,0.72,0.72,0,1.4401,0,0,0,1.4401,0,0.72,2.1601,0,1.4401,0.0003,0,0,0,0.0002,0,0,0.0002,0.0002,0,0.0003,0,0,0,0.0003,0,0.0002,0.0005,0,0.0003,0.1516,0.1283,0.1516,0.1283,1
1.4185,0,0,0.7093,0,1.4185,0.7093,1.4185,0.7093,0.7093,0.7093,0,0.7093,0,0,0.7093,0,0.7093,0.7093,0,0.0001,0,0,0.0001,0,0.0001,0.0001,0.0001,0.0001,0.0001,0.0001,0,0.0001,0,0,0.0001,0,0.0001,0.0001,0,0.1255,0.1653,0.1255,0.1653,1
0,0,0,0,0,0.7258,0,0.7258,0,0.7258,0,0,2.1773,0,1.4515,0,0,0,3.6288,0,0,0,0,0,0,0.0001,0,0.0001,0,0.0001,0,0,0.0002,0,0.0001,0,0,0,0.0004,0,0.1679,0.1063,0.1679,0.1063,1
0,0,0.6474,0,0.6474,0.6474,0.6474,1.2948,0.6474,0.6474,0,0,0,0.6474,0,0.6474,0,0.6474,1.2948,0,0,0,0.0001,0,0.0001,0.0001,0.0001,0.0001,0.0001,0.0001,0,0,0,0.0001,0,0.0001,0,0.0001,0.0001,0,0.1749,0.1776,0.1749,0.1776,1
1.0451,0,1.0451,0.5226,0.5226,2.6129,0.5226,0,0.5226,1.5677,0,0,0,0,0.5226,0,0.5226,0.5226,0.5226,0,0.0001,0,0.0001,0,0,0.0002,0,0,0,0.0001,0,0,0,0,0,0,0,0,0,0,0.2112,0.2663,0.2112,0.2663,1
0,1.3384,1.3384,0,0.6692,0.6692,0,0.6692,0,2.0076,0,0,0.6692,0.6692,1.3384,2.0076,0,0,0,0,0,0.0001,0.0001,0,0,0,0,0,0,0.0001,0,0,0,0,0.0001,0.0001,0,0,0,0,0.1624,0.1685,0.1624,0.1685,1
0,2.3267,0,0,0.5817,2.3267,0,0,0,1.1634,0,0,0,0,2.3267,0,0,0.5817,0.5817,0.5817,0,0.0001,0,0,0,0.0001,0,0,0,0.0001,0,0,0,0,0.0001,0,0,0,0,0,0.2199,0.1984,0.2199,0.1984,1
0,0,0,0.597,0,0,0,0,0.597,1.194,0,1.791,0.597,0,2.388,0.597,0,0,0,0,0,0,0,0.0001,0,0,0,0,0.0001,0.0002,0,0.0003,0.0001,0,0.0004,0.0001,0,0,0,0,0.1738,0.2292,0.1738,0.2292,1
2.1277,0,0,0,0,0,0.7092,1.4185,0,0.7092,0.7092,0,0,0.7092,1.4185,0,0.7092,0,0,0,0.0004,0,0,0,0,0,0.0001,0.0003,0,0.0001,0.0001,0,0,0.0001,0.0003,0,0.0001,0,0,0,0.1401,0.1507,0.1401,0.1507,1
0,0.4146,1.2439,2.0731,0,0.4146,0,1.6585,2.4877,0.4146,0,0.8292,0,0,0,0.4146,0.8292,0.4146,0.8292,0.4146,0,0,0.0001,0.0001,0,0,0,0.0001,0.0002,0,0,0.0001,0,0,0,0,0.0001,0,0.0001,0,0.2928,0.2926,0.2928,0.2926,1
1.033,0.5165,0,1.5495,0,0.5165,0,1.033,0.5165,1.033,0,1.033,0.5165,0,2.066,0,1.5495,0.5165,1.033,0,0.0001,0,0,0.0001,0,0,0,0.0001,0,0.0001,0,0.0001,0,0,0.0002,0,0.0001,0,0.0001,0,0.2419,0.2416,0.2419,0.2416,1
0,0,0,0,1.3636,0,0,2.0453,2.0453,0.6818,1.3636,0.6818,0,0.6818,0,0,0.6818,1.3636,2.0453,0.6818,0,0,0,0,0.0002,0,0,0.0003,0.0003,0.0001,0.0002,0.0001,0,0.0001,0,0,0.0001,0.0002,0.0003,0.0001,0.191,0.1272,0.191,0.1272,1
0.5462,1.0924,1.6386,0.5462,0.5462,0.5462,0,0,0,1.0924,0,0,0,0,2.731,0.5462,0.5462,0.5462,1.0924,0.5462,0,0.0001,0.0001,0,0,0,0,0,0,0.0001,0,0,0,0,0.0002,0,0,0,0.0001,0,0.2294,0.2244,0.2294,0.2244,1
0.8253,0.4127,0,0,0.4127,0.4127,1.238,0.4127,2.0633,0,0.8253,0.4127,0,0,2.0633,0,1.238,0.8253,0.4127,0,0.0001,0,0,0,0,0,0.0001,0,0.0002,0,0.0001,0,0,0,0.0002,0,0.0001,0.0001,0,0,0.2505,0.3368,0.2505,0.3368,1
1.6712,0,0,0,0,0,0,0,3.3425,2.5068,0,0,0,0,0,0,0.8356,1.6712,0,0.8356,0.0004,0,0,0,0,0,0,0,0.0008,0.0006,0,0,0,0,0,0,0.0002,0.0004,0,0.0002,0.0613,0.1031,0.0613,0.1031,1
1.1406,0,1.1406,0,1.711,1.1406,0,0,1.1406,2.2813,0,0,1.711,0,0.5703,1.1406,0.5703,0,0,0,0.0001,0,0.0001,0,0.0001,0.0001,0,0,0.0001,0.0002,0,0,0.0001,0,0,0.0001,0,0,0,0,0.1875,0.2422,0.1875,0.2422,1
0,0,0,0,0,0,0.8502,1.7004,1.7004,0,0.8502,0,0,0,0,0.8502,1.7004,0.8502,0,0,0,0,0,0,0,0,0.0002,0.0004,0.0004,0,0.0002,0,0,0,0,0.0002,0.0004,0.0002,0,0,0.0957,0.0541,0.0957,0.0541,1
2.2759,0.7586,0,0,3.0345,0.7586,0,0,0,2.2759,1.5173,0.7586,0,0,0,0.7586,0,0,0,1.5173,0.0001,0,0,0,0.0002,0,0,0,0,0.0001,0.0001,0,0,0,0,0,0,0,0,0.0001,0.1097,0.1317,0.1097,0.1317,1
1.6784,0,0,0,1.6784,0,0,0,3.3568,0,0,0,0,0,0,0,0,3.3568,0,0.8392,0.0004,0,0,0,0.0004,0,0,0,0.0009,0,0,0,0,0,0,0,0,0.0009,0,0.0002,0.0586,0.1022,0.0586,0.1022,1
1.279,0,0.6395,0.6395,0.6395,1.279,0,0.6395,0,0.6395,1.279,0.6395,1.279,0.6395,0,0.6395,0.6395,0.6395,1.279,0,0.0001,0,0,0,0,0.0001,0,0,0,0,0.0001,0,0.0001,0,0,0,0,0,0.0001,0,0.1771,0.1834,0.1771,0.1834,1
0,0.5553,1.1105,0.5553,1.1105,1.1105,0,0,0,0.5553,0,1.6658,0,0,1.6658,0,0,1.6658,0,0.5553,0,0,0.0001,0,0.0001,0.0001,0,0,0,0,0,0.0001,0,0,0.0001,0,0,0.0001,0,0,0.2652,0.1796,0.2652,0.1796,1
1.4375,0,0,0,0,3.5937,0,0,1.4375,0,0,0.7187,2.1562,0,0,0,0,1.4375,0.7187,0,0.0002,0,0,0,0,0.0004,0,0,0.0002,0,0,0.0001,0.0002,0,0,0,0,0.0002,0.0001,0,0.1845,0.0968,0.1845,0.0968,1
0,0,0,0,1.7068,0,0,0,3.4135,1.7068,0,0,0.8534,0,0,0,0,2.5601,0,0.8534,0,0,0,0,0.0005,0,0,0,0.0009,0.0005,0,0,0.0002,0,0,0,0,0.0007,0,0.0002,0.0591,0.0875,0.0591,0.0875,1
1.3833,0.6916,0,1.3833,0,4.1498,0,0,0,3.4582,0,0,0,0,0,0.6916,1.3833,0.6916,0,0,0.0001,0.0001,0,0.0001,0,0.0003,0,0,0,0.0003,0,0,0,0,0,0.0001,0.0001,0.0001,0,0,0.1491,0.1592,0.1491,0.1592,1
0.6965,0,0,0,1.393,2.7859,0,0,2.0894,4.8753,0,0.6965,0,0.6965,0.6965,0,0,0.6965,0,0,0.0001,0,0,0,0.0001,0.0002,0,0,0.0002,0.0004,0,0.0001,0,0.0001,0.0001,0,0,0.0001,0,0,0.1426,0.1609,0.1426,0.1609,1
2.218,3.6966,0,0.7393,0,2.218,0,0.7393,0,0,0.7393,1.4786,2.218,0,0,0.7393,4.4359,1.4786,0,0.7393,0.0001,0.0002,0,0,0,0.0001,0,0,0,0,0,0.0001,0.0001,0,0,0,0.0002,0.0001,0,0,0.1315,0.1292,0.1315,0.1292,1
1.0698,0,1.0698,0.5349,0.5349,0.5349,0,0,0,2.6745,1.0698,0.5349,3.7443,0,0.5349,1.0698,0.5349,0.5349,1.6047,0,0.0001,0,0.0001,0,0,0,0,0,0,0.0002,0.0001,0,0.0002,0,0,0.0001,0,0,0.0001,0,0.2393,0.2258,0.2393,0.2258,1
0.597,0,1.1939,0,1.7909,0,0,0.597,0,0,0.597,0,0.597,0.597,1.1939,0.597,0,0.597,0.597,1.1939,0.0001,0,0.0001,0,0.0002,0,0,0.0001,0,0,0.0001,0,0.0001,0.0001,0.0001,0.0001,0,0.0001,0.0001,0.0001,0.2562,0.1469,0.2562,0.1469,1
0,1.1835,0,0.5918,0.5918,2.367,0,2.367,1.1835,0,0.5918,0.5918,0.5918,0,1.1835,0,1.7753,0.5918,0,0,0,0.0001,0,0,0,0.0001,0,0.0001,0.0001,0,0,0,0,0,0.0001,0,0.0001,0,0,0,0.2309,0.1773,0.2309,0.1773,1
0,0,0.6435,0.6435,0.6435,0,0.6435,1.2869,0,2.5738,0,1.9304,2.5738,0.6435,0.6435,0.6435,1.9304,0.6435,0,0.6435,0,0,0.0001,0.0001,0.0001,0,0.0001,0.0001,0,0.0002,0,0.0002,0.0002,0.0001,0.0001,0.0001,0.0002,0.0001,0,0.0001,0.2029,0.1537,0.2029,0.1537,1
1.3935,0.6967,0,0.6967,0.6967,0.6967,0,0.6967,0.6967,0,0,0,0,0.6967,0,0,0.6967,0,1.3935,0,0.0001,0.0001,0,0.0001,0.0001,0.0001,0,0.0001,0.0001,0,0,0,0,0.0001,0,0,0.0001,0,0.0001,0,0.1538,0.1495,0.1538,0.1495,1
0,0,0.5357,0,0.5357,2.1427,0,1.607,1.607,1.0713,0,0.5357,1.0713,0,1.607,0,0,1.607,0,0,0,0,0,0,0,0.0002,0,0.0001,0.0001,0.0001,0,0,0.0001,0,0.0001,0,0,0.0001,0,0,0.1919,0.2725,0.1919,0.2725,1
0.7419,0,0.7419,0,0,1.4838,0,0,0,4.4514,0,1.4838,0,0,0,0.7419,0,0.7419,0,0,0.0001,0,0.0001,0,0,0.0001,0,0,0,0.0003,0,0.0001,0,0,0,0.0001,0,0.0001,0,0,0.1107,0.1473,0.1107,0.1473,1
0.5684,0,2.2737,0.5684,0.5684,0,0,0,1.1369,1.1369,1.1369,0.5684,0.5684,0.5684,0.5684,0.5684,0,1.1369,0,0,0.0001,0,0.0002,0.0001,0.0001,0,0,0,0.0001,0.0001,0.0001,0.0001,0.0001,0.0001,0.0001,0.0001,0,0.0001,0,0,0.2106,0.221,0.2106,0.221,1
1.9836,1.3224,0,0.6612,0,0,0,0,1.3224,0.6612,0.6612,0,0,0,0.6612,0,1.9836,0.6612,0,0,0.0002,0.0001,0,0.0001,0,0,0,0,0.0001,0.0001,0.0001,0,0,0,0.0001,0,0.0002,0.0001,0,0,0.1747,0.1641,0.1747,0.1641,1
0,0,1.176,0.588,0,0.588,0.588,1.176,0.588,1.176,0,0.588,0,0,1.176,0.588,0,0.588,0,0,0,0,0.0001,0.0001,0,0.0001,0.0001,0.0001,0.0001,0.0001,0,0.0001,0,0,0.0001,0.0001,0,0.0001,0,0,0.2231,0.1889,0.2231,0.1889,1
0,0,1.453,0,0.7265,0.7265,0.7265,0.7265,0.7265,0.7265,0,0,0.7265,0,0,0.7265,0,0,0,0,0,0,0.0002,0,0.0001,0.0001,0.0001,0.0001,0.0001,0.0001,0,0,0.0001,0,0,0.0001,0,0,0,0,0.1544,0.1191,0.1544,0.1191,1
0,0,0,0,0.5321,1.5963,0,0,0.5321,0.5321,0,0,1.0642,0.5321,2.1284,1.5963,0,0,1.0642,0,0,0,0,0,0,0.0001,0,0,0,0,0,0,0.0001,0,0.0002,0.0001,0,0,0.0001,0,0.2502,0.2177,0.2502,0.2177,1
2.3503,0.5876,0.5876,1.1751,0.5876,0,0.5876,0.5876,0.5876,0.5876,0,0,0,0.5876,0.5876,0,1.1751,0,0,0.5876,0.0002,0.0001,0.0001,0.0001,0.0001,0,0.0001,0.0001,0.0001,0.0001,0,0,0,0.0001,0.0001,0,0.0001,0,0,0.0001,0.1921,0.2204,0.1921,0.2204,1
1.6935,0,1.129,1.129,0,1.6935,0,1.129,0,1.129,0,0.5645,1.6935,0,1.129,1.6935,0.5645,1.129,0,0,0.0001,0,0.0001,0.0001,0,0.0001,0,0.0001,0,0.0001,0,0,0.0001,0,0.0001,0.0001,0,0.0001,0,0,0.2265,0.209,0.2265,0.209,1
0.4892,0,0.4892,0.9784,0,0,0.9784,0,0.4892,0.4892,0.4892,0.4892,0.4892,0,2.9352,0.4892,0.9784,0.4892,0.4892,0.4892,0.0001,0,0.0001,0.0001,0,0,0.0001,0,0.0001,0.0001,0.0001,0.0001,0.0001,0,0.0004,0.0001,0.0001,0.0001,0.0001,0.0001,0.2553,0.2555,0.2553,0.2555,1
1.5121,1.0081,1.0081,0.504,0.504,1.0081,0,0.504,1.5121,1.0081,0.504,0.504,0.504,0.504,1.0081,1.5121,0.504,1.5121,0,0,0.0001,0.0001,0.0001,0,0,0.0001,0,0,0.0001,0.0001,0,0,0,0,0.0001,0.0001,0,0.0001,0,0,0.287,0.209,0.287,0.209,1
2.3863,0.5966,0,0,0.5966,1.7898,0.5966,1.1932,0.5966,1.1932,1.1932,0,0.5966,0.5966,1.1932,1.1932,0.5966,2.3863,0,0,0.0001,0,0,0,0,0.0001,0,0.0001,0,0.0001,0.0001,0,0,0,0.0001,0.0001,0,0.0001,0,0,0.1815,0.2219,0.1815,0.2219,1
1.4418,2.8835,0.7209,0,2.1626,2.8835,0,0,0,2.1626,0,0.7209,0,0,0,0.7209,0,0.7209,0.7209,0,0.0001,0.0001,0,0,0.0001,0.0001,0,0,0,0.0001,0,0,0,0,0,0,0,0,0,0,0.1573,0.1218,0.1573,0.1218,1
0.6855,0.6855,0.6855,0,1.3709,1.3709,0.6855,0,0.6855,0,0.6855,1.3709,2.0564,0,0,1.3709,0,2.0564,0,0,0,0,0,0,0.0001,0.0001,0,0,0,0,0,0.0001,0.0001,0,0,0.0001,0,0.0001,0,0,0.1715,0.143,0.1715,0.143,1
0.8444,0,0,0,0.8444,0,0,0,3.3775,0.8444,0,0,0,0,0,0,0.8444,3.3775,0,0.8444,0.0003,0,0,0,0.0003,0,0,0,0.001,0.0003,0,0,0,0,0,0,0.0003,0.001,0,0.0003,0.0578,0.0978,0.0578,0.0978,1
0.6361,0,0.6361,0,1.2722,0.6361,0.6361,1.2722,0,1.2722,0,0.6361,0,0.6361,5.0889,0,0,0.6361,0,0,0.0001,0,0.0001,0,0.0001,0.0001,0.0001,0.0001,0,0.0001,0,0.0001,0,0.0001,0.0005,0,0,0.0001,0,0,0.2022,0.1617,0.2022,0.1617,1
4.0446,0.5778,0.5778,0.5778,0.5778,0,0.5778,0,0,0.5778,0.5778,0,0,0,1.7334,0,0.5778,0,0,0,0.0004,0.0001,0.0001,0.0001,0.0001,0,0.0001,0,0,0.0001,0.0001,0,0,0,0.0002,0,0.0001,0,0,0,0.1937,0.2285,0.1937,0.2285,1
0,0,0,0.9586,1.4379,0.4793,0.4793,1.4379,2.3965,0.9586,0,0,0,0.4793,4.3137,0,0,0,0,0,0,0,0,0.0001,0.0002,0.0001,0.0001,0.0002,0.0003,0.0001,0,0,0,0.0001,0.0006,0,0,0,0,0,0.2461,0.2746,0.2461,0.2746,1
0,0,0.4072,3.2579,0,0,0,1.2217,2.8507,0.4072,0.4072,0,0,1.2217,0,0.4072,0.8145,0,0.8145,0.4072,0,0,0,0.0003,0,0,0,0.0001,0.0003,0,0,0,0,0.0001,0,0,0.0001,0,0.0001,0,0.2692,0.3235,0.2692,0.3235,1
1.5863,0,0,0,0,0,0,0,3.9658,0.7932,0,0,0,0,0,0,0.7932,3.1726,0,0.7932,0.0004,0,0,0,0,0,0,0,0.001,0.0002,0,0,0,0,0,0,0.0002,0.0008,0,0.0002,0.0852,0.1217,0.0852,0.1217,1
0.5798,0.5798,1.1596,0,0.5798,0.5798,0.5798,0,0.5798,0,0.5798,0.5798,0.5798,1.1596,0.5798,0.5798,0,0.5798,0,0.5798,0,0,0.0001,0,0,0,0,0,0,0,0,0,0,0.0001,0,0,0,0,0,0,0.2265,0.1937,0.2265,0.1937,1
0.6488,0,1.9465,1.2977,0.6488,0,0.6488,0,0,0.6488,0,0.6488,0,0,1.9465,0,1.2977,0,0,0,0.0001,0,0.0003,0.0002,0.0001,0,0.0001,0,0,0.0001,0,0.0001,0,0,0.0003,0,0.0002,0,0,0,0.2219,0.1293,0.2219,0.1293,1
0.627,0,0.627,0.627,0.627,0.627,0,0,0.627,1.254,0,0,0,0,0,0.627,0,0,1.881,0,0.0001,0,0.0001,0.0001,0.0001,0.0001,0,0,0.0001,0.0001,0,0,0,0,0,0.0001,0,0,0.0002,0,0.1441,0.2289,0.1441,0.2289,1
2.0667,0,0.6889,0,0,2.0667,0,0,0.6889,1.3778,0.6889,0,0,0,0.6889,0,0,0,0,0,0.0003,0,0.0001,0,0,0.0003,0,0,0.0001,0.0002,0.0001,0,0,0,0.0001,0,0,0,0,0,0.1775,0.1336,0.1775,0.1336,1
0,0.5433,0,0,1.6299,1.6299,0.5433,0,1.6299,1.0866,0.5433,1.0866,0.5433,0,0,1.0866,0.5433,1.0866,0,0.5433,0,0,0,0,0.0001,0.0001,0,0,0.0001,0.0001,0,0.0001,0,0,0,0.0001,0,0.0001,0,0,0.208,0.2487,0.208,0.2487,1
1.7747,0,0,0,1.7747,0.8874,0,0.8874,0,4.4368,0,0,0,0,0,0,0,0.8874,2.6621,0,0.0003,0,0,0,0.0003,0.0002,0,0.0002,0,0.0008,0,0,0,0,0,0,0,0.0002,0.0005,0,0.0712,0.0415,0.0712,0.0415,1
1.6272,0,0.5424,0.5424,0,0,0,1.6272,2.712,0.5424,1.0848,0,0,0,3.2544,0.5424,0.5424,1.6272,0,0.5424,0.0002,0,0.0001,0.0001,0,0,0,0.0002,0.0003,0.0001,0.0001,0,0,0,0.0003,0.0001,0.0001,0.0002,0,0.0001,0.2252,0.2324,0.2252,0.2324,1
1.1645,0,0.5823,0,0,1.7468,0.5823,0,0.5823,1.1645,0.5823,0,0,0,1.1645,0.5823,0,0.5823,0,0,0.0001,0,0.0001,0,0,0.0002,0.0001,0,0.0001,0.0001,0.0001,0,0,0,0.0001,0.0001,0,0.0001,0,0,0.2126,0.2052,0.2126,0.2052,1
0.6912,0,1.3823,0,0.6912,0,0,0.6912,0.6912,0.6912,1.3823,0.6912,0,0.6912,0.6912,0,0.6912,0.6912,0,0.6912,0.0001,0,0.0002,0,0.0001,0,0,0.0001,0.0001,0.0001,0.0002,0.0001,0,0.0001,0.0001,0,0.0001,0.0001,0,0.0001,0.2042,0.1046,0.2042,0.1046,1
0.8366,0,0,0,1.6732,0,0,0,3.3464,1.6732,0,0,0.8366,0,0,0,0,1.6732,0,0.8366,0.0002,0,0,0,0.0004,0,0,0,0.0007,0.0004,0,0,0.0002,0,0,0,0,0.0004,0,0.0002,0.0611,0.1023,0.0611,0.1023,1
0,0.6012,0.6012,0,0,0.6012,0.6012,0.6012,0.6012,0,0,1.2024,3.0059,0.6012,2.4047,0,0.6012,0.6012,0,0,0,0.0001,0.0001,0,0,0.0001,0.0001,0.0001,0.0001,0,0,0.0001,0.0003,0.0001,0.0002,0,0.0001,0.0001,0,0,0.1879,0.2109,0.1879,0.2109,1
0,1.3913,0.6956,0,0,0.6956,0,1.3913,0.6956,0.6956,0,0.6956,1.3913,0,0,0.6956,2.0869,2.0869,1.3913,0,0,0.0001,0,0,0,0,0,0.0001,0,0,0,0,0.0001,0,0,0,0.0001,0.0001,0.0001,0,0.184,0.1204,0.184,0.1204,1
3.2323,0,0.8081,0,0.8081,0,0,0,0,0,1.6161,0,0,0,0,1.6161,1.6161,0.8081,0,0.8081,0.0004,0,0.0001,0,0.0001,0,0,0,0,0,0.0002,0,0,0,0,0.0002,0.0002,0.0001,0,0.0001,0.1417,0.0502,0.1417,0.0502,1
1.037,3.1109,0,0,1.037,1.037,0,0.5185,1.037,2.0739,0.5185,0,0.5185,1.037,1.5554,0,1.5554,0,0.5185,0,0,0.0001,0,0,0,0,0,0,0,0.0001,0,0,0,0,0.0001,0,0.0001,0,0,0,0.228,0.2535,0.228,0.2535,1
0,0.4899,0.4899,0.9797,0.4899,0,0,0.4899,0.9797,0,1.4696,1.4696,0.4899,0,1.4696,1.9594,0.9797,0.9797,0,0.4899,0,0,0,0.0001,0,0,0,0,0.0001,0,0.0001,0.0001,0,0,0.0001,0.0001,0.0001,0.0001,0,0,0.2311,0.2791,0.2311,0.2791,1
2.5989,0,0.6497,0,0,0,0,0,1.2995,1.2995,0.6497,1.2995,0.6497,0,1.2995,0.6497,1.2995,1.9492,0,0,0.0002,0,0.0001,0,0,0,0,0,0.0001,0.0001,0.0001,0.0001,0.0001,0,0.0001,0.0001,0.0001,0.0002,0,0,0.1533,0.197,0.1533,0.197,1
0.7488,0,0,0.7488,1.4977,0,0,0.7488,0.7488,3.7442,0.7488,0,0.7488,0,0,0.7488,0,0.7488,0.7488,0.7488,0.0001,0,0,0.0001,0.0002,0,0,0.0001,0.0001,0.0005,0.0001,0,0.0001,0,0,0.0001,0,0.0001,0.0001,0.0001,0.1764,0.0747,0.1764,0.0747,1
1.9208,0.6403,0,2.5611,0,0,0,0.6403,0.6403,1.2806,0,0,0.6403,0,0,0,1.9208,0.6403,0,0,0.0002,0.0001,0,0.0003,0,0,0,0.0001,0.0001,0.0001,0,0,0.0001,0,0,0,0.0002,0.0001,0,0,0.1903,0.1694,0.1903,0.1694,1
1.5732,0,0,0,0.7866,0,0,0,3.933,0,0,0,0,0,0,0,0.7866,3.1464,0,0.7866,0.0004,0,0,0,0.0002,0,0,0,0.001,0,0,0,0,0,0,0,0.0002,0.0008,0,0.0002,0.0884,0.125,0.0884,0.125,1
0,0.6329,0.6329,0,0,1.2658,0,0.6329,0,0.6329,0.6329,1.2658,0.6329,0.6329,0,2.5316,1.2658,0.6329,2.5316,0.6329,0,0,0,0,0,0.0001,0,0,0,0,0,0.0001,0,0,0,0.0001,0.0001,0,0.0001,0,0.1873,0.1798,0.1873,0.1798,1
0,0.5884,1.1769,0.5884,0,0.5884,0.5884,1.7653,0,0,0.5884,0.5884,0.5884,0,1.1769,0.5884,2.3538,0.5884,0,0.5884,0,0,0.0001,0,0,0,0,0.0001,0,0,0,0,0,0,0.0001,0,0.0002,0,0,0,0.2182,0.1934,0.2182,0.1934,1
1.1876,2.3752,0,0,1.1876,1.7814,0,0,1.1876,1.1876,1.1876,0,1.1876,0,0.5938,0,1.1876,1.1876,0.5938,0,0.0001,0.0001,0,0,0.0001,0.0001,0,0,0.0001,0.0001,0.0001,0,0.0001,0,0,0,0.0001,0.0001,0,0,0.2305,0.1757,0.2305,0.1757,1
0,0,0.5215,0,0.5215,1.5644,1.0429,0.5215,1.0429,0,2.0859,1.0429,0,0.5215,3.6503,0,0.5215,1.0429,0.5215,0,0,0,0.0001,0,0.0001,0.0002,0.0001,0.0001,0.0001,0,0.0002,0.0001,0,0.0001,0.0004,0,0.0001,0.0001,0.0001,0,0.2416,0.237,0.2416,0.237,1
0.677,0.677,0.677,0.677,0,0,1.3539,0.677,0,1.3539,0.677,0.677,0.677,0,0,0.677,0.677,0,0,0.677,0.0001,0.0001,0.0001,0.0001,0,0,0.0001,0.0001,0,0.0001,0.0001,0.0001,0.0001,0,0,0.0001,0.0001,0,0,0.0001,0.1537,0.1693,0.1537,0.1693,1
0,0,0,0,0,0,0,1.4179,0.709,1.4179,0.709,0.709,0,0.709,0.709,0,0,0.709,0,1.4179,0,0,0,0,0,0,0,0.0003,0.0001,0.0003,0.0001,0.0001,0,0.0001,0.0001,0,0,0.0001,0,0.0003,0.1461,0.145,0.1461,0.145,1
0,1.2812,0,0,0.4271,0.4271,0,0.8542,1.7083,1.2812,1.2812,0,0,0,2.5625,0,0,0.8542,0.4271,0.8542,0,0.0001,0,0,0,0,0,0.0001,0.0001,0.0001,0.0001,0,0,0,0.0002,0,0,0.0001,0,0.0001,0.2701,0.3028,0.2701,0.3028,1
1.1731,0,0,0.5865,0.5865,1.1731,1.1731,0.5865,1.1731,2.3461,0,0,1.1731,0,0,1.1731,0,3.5192,0,0,0.0001,0,0,0,0,0.0001,0.0001,0,0.0001,0.0002,0,0,0.0001,0,0,0.0001,0,0.0003,0,0,0.1722,0.2413,0.1722,0.2413,1
3.2405,0,1.9443,0,0,1.2962,0,0.6481,0,0,0,0,1.2962,0,0.6481,0,0,0.6481,0.6481,0,0.0003,0,0.0002,0,0,0.0001,0,0.0001,0,0,0,0,0.0001,0,0.0001,0,0,0.0001,0.0001,0,0.2387,0.1132,0.2387,0.1132,1
1.3876,0,0.4625,0.4625,0,0.9251,0,1.3876,0.9251,0.4625,1.3876,0,0,0,1.8502,0.4625,0.4625,1.3876,0.4625,0,0.0001,0,0,0,0,0.0001,0,0.0001,0.0001,0,0.0001,0,0,0,0.0002,0,0,0.0001,0,0,0.2718,0.2657,0.2718,0.2657,1
0,0,0.4181,3.3444,0,0,0,1.2542,2.5083,0.4181,0.4181,0.4181,0,0.4181,0,0.8361,1.2542,0,0.8361,0.4181,0,0,0,0.0003,0,0,0,0.0001,0.0002,0,0,0,0,0,0,0.0001,0.0001,0,0.0001,0,0.2561,0.3259,0.2561,0.3259,1
1.2267,0,0.6134,0.6134,0,0.6134,0,0,1.2267,0.6134,0,0.6134,1.2267,0,1.2267,0.6134,0.6134,0,0.6134,0,0.0001,0,0.0001,0.0001,0,0.0001,0,0,0.0001,0.0001,0,0.0001,0.0001,0,0.0001,0.0001,0.0001,0,0.0001,0,0.2007,0.1859,0.2007,0.1859,1
0.5907,0,1.7721,0,0.5907,0.5907,0,0.5907,0,1.7721,0,0,0,0,0.5907,0,0,0,1.1814,0,0,0,0.0001,0,0,0,0,0,0,0.0001,0,0,0,0,0,0,0,0,0.0001,0,0.1844,0.2249,0.1844,0.2249,1
0.5417,0,0.5417,1.0835,1.0835,2.7086,0,0,1.6252,0,0,1.0835,1.0835,0.5417,0,0.5417,0.5417,1.6252,0,0.5417,0.0001,0,0.0001,0.0001,0.0001,0.0003,0,0,0.0002,0,0,0.0001,0.0001,0.0001,0,0.0001,0.0001,0.0002,0,0.0001,0.2248,0.2335,0.2248,0.2335,1
0.4287,0,0.4287,3.0006,0,0,0,1.286,2.5719,0.4287,0.4287,0.4287,0,0.4287,0,0,0.8573,0.4287,0.8573,0.4287,0,0,0,0.0003,0,0,0,0.0001,0.0002,0,0,0,0,0,0,0,0.0001,0,0.0001,0,0.2547,0.3166,0.2547,0.3166,1
1.3159,1.3159,0.658,0,1.3159,1.9739,0,0,0,0.658,0.658,1.3159,0.658,0,0,0,0,1.9739,1.3159,0.658,0.0001,0.0001,0,0,0.0001,0.0001,0,0,0,0,0,0.0001,0,0,0,0,0,0.0001,0.0001,0,0.1671,0.1749,0.1671,0.1749,1
1.499,0.7495,0.7495,0,0,2.2485,0.7495,0,0.7495,0,0,0,1.499,0,0,0.7495,2.2485,0,0,0,0.0002,0.0001,0.0001,0,0,0.0002,0.0001,0,0.0001,0,0,0,0.0002,0,0,0.0001,0.0002,0,0,0,0.1245,0.126,0.1245,0.126,1
1.603,0,0,0,0.8015,0.8015,0,0.8015,0.8015,2.4045,0.8015,0,0,0,0,0.8015,0,1.603,0.8015,0.8015,0.0003,0,0,0,0.0001,0.0001,0,0.0001,0.0001,0.0004,0.0001,0,0,0,0,0.0001,0,0.0003,0.0001,0.0001,0.1013,0.0972,0.1013,0.0972,1
0.5465,0,0,0.5465,0.5465,0.5465,0.5465,2.1862,0.5465,1.0931,0,0,0,1.0931,5.4654,0.5465,0,0.5465,0,0,0.0001,0,0,0.0001,0.0001,0.0001,0.0001,0.0002,0.0001,0.0001,0,0,0,0.0001,0.0006,0.0001,0,0.0001,0,0,0.1963,0.2572,0.1963,0.2572,1
0,0.5158,1.0316,0.5158,0,0.5158,0.5158,0,1.0316,0.5158,1.0316,1.0316,1.5475,0.5158,0.5158,1.5475,1.0316,2.0633,0,0.5158,0,0,0.0001,0,0,0,0,0,0.0001,0,0.0001,0.0001,0.0001,0,0,0.0001,0.0001,0.0001,0,0,0.2287,0.2555,0.2287,0.2555,1
1.2976,0,0.6488,0,0.6488,0.6488,0,0.6488,1.2976,0.6488,1.2976,0,0.6488,0,1.2976,0.6488,0,1.2976,0,0.6488,0.0001,0,0.0001,0,0.0001,0.0001,0,0.0001,0.0001,0.0001,0.0001,0,0.0001,0,0.0001,0.0001,0,0.0001,0,0.0001,0.1644,0.1868,0.1644,0.1868,1
2.442,0,0,0,0,0,0,0,3.256,0.814,0,0.814,0,0,0,0,0.814,2.442,0,0.814,0.0004,0,0,0,0,0,0,0,0.0005,0.0001,0,0.0001,0,0,0,0,0.0001,0.0004,0,0.0001,0.0792,0.1068,0.0792,0.1068,1
0.5722,0,0,0.5722,1.1445,0.5722,0.5722,1.7167,0,2.8611,0,0,0,1.1445,5.7223,0,0,0,0,0,0.0001,0,0,0.0001,0.0001,0.0001,0.0001,0.0002,0,0.0003,0,0,0,0.0001,0.0007,0,0,0,0,0,0.2136,0.2142,0.2136,0.2142,1
0.414,0.828,0.828,0,0.414,1.656,0,0.828,2.0701,1.656,0,0.414,0,0,0.828,0,0.414,1.242,0.414,0,0,0,0,0,0,0.0001,0,0,0.0001,0.0001,0,0,0,0,0,0,0,0.0001,0,0,0.2817,0.3043,0.2817,0.3043,1
0,0,0,0,2.5964,0,0,0,1.7309,0,0.8655,0,0,0,1.7309,0,0,0.8655,0,0.8655,0,0,0,0,0.0015,0,0,0,0.001,0,0.0005,0,0,0,0.001,0,0,0.0005,0,0.0005,0.0468,0.0877,0.0468,0.0877,1
2.6286,0,1.0514,1.0514,0,0,0.5257,1.5771,2.1029,0.5257,0.5257,0.5257,0,0,0,1.0514,1.0514,2.1029,0,0,0.0002,0,0.0001,0.0001,0,0,0,0.0001,0.0002,0,0,0,0,0,0,0.0001,0.0001,0.0002,0,0,0.2977,0.1766,0.2977,0.1766,1
0,0,0,1.0001,1.5002,0,0.5001,2.0003,0,1.5002,0,0.5001,0,2.0003,2.0003,0.5001,0,1.0001,0,0,0,0,0,0.0001,0.0002,0,0.0001,0.0002,0,0.0002,0,0.0001,0,0.0002,0.0002,0.0001,0,0.0001,0,0,0.2431,0.2568,0.2431,0.2568,1
1.6674,0,0,2.2231,0.5558,2.7789,0,0,0,1.1116,0,0,0.5558,0,0.5558,1.1116,0.5558,1.1116,0,0.5558,0.0001,0,0,0.0002,0,0.0002,0,0,0,0.0001,0,0,0,0,0,0.0001,0,0.0001,0,0,0.2047,0.2395,0.2047,0.2395,1
1.2192,0.6096,2.4384,0.6096,0,0,0,0,0,1.8288,0,0,0,0.6096,0.6096,0,0.6096,0.6096,0,0.6096,0.0001,0,0.0002,0,0,0,0,0,0,0.0001,0,0,0,0,0,0,0,0,0,0,0.2233,0.1671,0.2233,0.1671,1
2.2946,0.7649,0.7649,0,0,0,0,0.7649,0,0.7649,1.5298,0,0,1.5298,0,1.5298,0.7649,3.8244,0,0.7649,0.0001,0,0,0,0,0,0,0,0,0,0.0001,0,0,0.0001,0,0.0001,0,0.0002,0,0,0.1064,0.1287,0.1064,0.1287,1
0.5226,1.0453,1.0453,0,1.0453,0.5226,0,1.5679,0,0.5226,0,0.5226,0,0,1.5679,1.0453,1.0453,1.0453,1.0453,0.5226,0,0.0001,0.0001,0,0.0001,0,0,0.0001,0,0,0,0,0,0,0.0001,0.0001,0.0001,0.0001,0.0001,0,0.2329,0.2445,0.2329,0.2445,1
3.0197,0,0,0.7549,0,0,0,0,3.0197,0.7549,0,0,0,0,0,0,0.7549,3.0197,0,0.7549,0.0006,0,0,0.0001,0,0,0,0,0.0006,0.0001,0,0,0,0,0,0,0.0001,0.0006,0,0.0001,0.1032,0.1419,0.1032,0.1419,1
0.6759,0,0,0,0,0.6759,0,2.0278,0,0.6759,0.6759,0,0,0.6759,1.3518,0.6759,0,0,0,0.6759,0.0001,0,0,0,0,0.0001,0,0.0003,0,0.0001,0.0001,0,0,0.0001,0.0002,0.0001,0,0,0,0.0001,0.1629,0.1612,0.1629,0.1612,1
0.5784,0,0.5784,0,0,1.7353,0,0,0,0.5784,0,1.7353,0.5784,0.5784,2.3138,0,0.5784,1.1569,0,0,0.0001,0,0.0001,0,0,0.0002,0,0,0,0.0001,0,0.0002,0.0001,0.0001,0.0002,0,0.0001,0.0001,0,0,0.2173,0.2043,0.2173,0.2043,1
0.5635,1.1269,1.1269,0,1.1269,0,0,0,1.6904,0,0.5635,0.5635,1.6904,0,0.5635,1.6904,1.6904,1.6904,0,0,0,0.0001,0.0001,0,0.0001,0,0,0,0.0001,0,0,0,0.0001,0,0,0.0001,0.0001,0.0001,0,0,0.2037,0.2328,0.2037,0.2328,1
0.8275,0,0,0,0,0.8275,0,0,3.31,2.4825,0,0,0.8275,0,0,0,0,2.4825,0,0,0.0001,0,0,0,0,0.0001,0,0,0.0006,0.0004,0,0,0.0001,0,0,0,0,0.0004,0,0,0.0618,0.1107,0.0618,0.1107,1
0,0,0.8613,2.5839,0,0,0,1.2919,1.2919,0.4306,0.4306,0.8613,0,1.7226,0.4306,0.4306,0.4306,0.4306,0.8613,0.8613,0,0,0.0001,0.0002,0,0,0,0.0001,0.0001,0,0,0.0001,0,0.0001,0,0,0,0,0.0001,0.0001,0.2726,0.2967,0.2726,0.2967,1
3.2023,1.6011,0,0,2.4017,3.2023,0,0,0,1.6011,0,0,0,0,0,0.8006,0,0.8006,0,0.8006,0.0002,0.0001,0,0,0.0001,0.0002,0,0,0,0.0001,0,0,0,0,0,0,0,0,0,0,0.0801,0.1194,0.0801,0.1194,1
0.5699,0,0.5699,0,0.5699,1.1399,0.5699,0.5699,0.5699,0.5699,1.7098,1.7098,0,0,0.5699,0.5699,0,1.7098,0.5699,0,0,0,0,0,0,0.0001,0,0,0,0,0.0001,0.0001,0,0,0,0,0,0.0001,0,0,0.2273,0.2028,0.2273,0.2028,1
0,0.61,1.2201,0.61,0.61,1.2201,0,0.61,0,0.61,0,1.2201,0,0.61,0,1.2201,1.8301,0,1.2201,0,0,0,0.0001,0,0,0.0001,0,0,0,0,0,0.0001,0,0,0,0.0001,0.0001,0,0.0001,0,0.1781,0.2119,0.1781,0.2119,1
0,0,0.4036,3.2291,0,0,0.4036,1.2109,2.8255,0.4036,0,0,0,0.8073,0,0.4036,0.4036,0,1.2109,0.4036,0,0,0,0.0003,0,0,0,0.0001,0.0003,0,0,0,0,0.0001,0,0,0,0,0.0001,0,0.2751,0.3212,0.2751,0.3212,1
1.8114,0.6038,0,2.4151,0,1.8114,0,0.6038,0.6038,1.8114,0,0,0.6038,0,0,0.6038,1.2076,0.6038,0,0,0.0001,0,0,0.0002,0,0.0001,0,0,0,0.0001,0,0,0,0,0,0,0.0001,0,0,0,0.2028,0.1934,0.2028,0.1934,1
0,0.5891,1.7673,0,0.5891,1.1782,0.5891,0.5891,0,1.7673,0.5891,1.1782,1.1782,0,0,0,0.5891,0,0.5891,0.5891,0,0,0.0001,0,0,0.0001,0,0,0,0.0001,0,0.0001,0.0001,0,0,0,0,0,0,0,0.2385,0.1724,0.2385,0.1724,1
1.0594,0,0.5297,1.0594,1.0594,0.5297,1.0594,0.5297,0.5297,0.5297,0.5297,1.0594,0.5297,0,1.0594,0,0.5297,0,0,0.5297,0.0001,0,0.0001,0.0001,0.0001,0.0001,0.0001,0.0001,0.0001,0.0001,0.0001,0.0001,0.0001,0,0.0001,0,0.0001,0,0,0.0001,0.2279,0.2424,0.2279,0.2424,1
2.1959,0,1.4639,0.732,0,0,0,0,0.732,1.4639,0,0,0,0,0,0,0.732,2.1959,0,0.732,0.0003,0,0.0002,0.0001,0,0,0,0,0.0001,0.0002,0,0,0,0,0,0,0.0001,0.0003,0,0.0001,0.1555,0.1125,0.1555,0.1125,1
0,1.1818,0,0,0.5909,1.1818,0,0.5909,1.1818,1.1818,0,2.3637,1.1818,0,0,0.5909,1.7728,0,0.5909,2.3637,0,0.0001,0,0,0,0.0001,0,0,0.0001,0.0001,0,0.0001,0.0001,0,0,0,0.0001,0,0,0.0001,0.2385,0.1705,0.2385,0.1705,1
0,0.5376,1.6128,1.0752,0.5376,0,0,0,0.5376,1.6128,0,0,0,0,0.5376,1.0752,0,0.5376,1.6128,0,0,0,0.0001,0.0001,0,0,0,0,0,0.0001,0,0,0,0,0,0.0001,0,0,0.0001,0,0.2726,0.1898,0.2726,0.1898,1
0,0,0.7032,0,0.7032,0.7032,1.4063,0,0,4.9221,0,0,0,0,0,1.4063,0.7032,0.7032,0.7032,0,0,0,0.0001,0,0.0001,0.0001,0.0001,0,0,0.0005,0,0,0,0,0,0.0001,0.0001,0.0001,0.0001,0,0.1534,0.1435,0.1534,0.1435,1
0.4819,0,1.4456,0.9638,1.4456,0.4819,0.4819,0,0.4819,0,0.4819,1.4456,0,0,0.9638,0.4819,1.9275,0,0.9638,0,0,0,0.0001,0.0001,0.0001,0,0,0,0,0,0,0.0001,0,0,0.0001,0,0.0001,0,0.0001,0,0.2365,0.2816,0.2365,0.2816,1
2.2301,0,0.7434,0,0.7434,0,0,0,0.7434,1.4867,0,0.7434,0,0,0,0,0,0,0.7434,0,0.0002,0,0.0001,0,0.0001,0,0,0,0.0001,0.0002,0,0.0001,0,0,0,0,0,0,0.0001,0,0.1098,0.1469,0.1098,0.1469,1
0.9599,0.9599,0,0,0.9599,0.4799,0,0,0.9599,1.9198,0,0,0.4799,0.4799,2.8797,0,0.9599,0,0.9599,0,0.0001,0.0001,0,0,0.0001,0,0,0,0.0001,0.0001,0,0,0,0,0.0002,0,0.0001,0,0.0001,0,0.2728,0.2473,0.2728,0.2473,1
0,0.4873,0,0.4873,0.4873,0.4873,0.4873,0.4873,0,0.9745,0,0,0,0,2.4363,0.4873,0.4873,0.4873,1.9491,0,0,0,0,0,0,0,0,0,0,0.0001,0,0,0,0,0.0002,0,0,0,0.0002,0,0.2722,0.2405,0.2722,0.2405,1
2.7152,0,0,0,1.3576,2.7152,0,1.3576,0,4.7515,0.6788,0.6788,0,0.6788,0,0,0.6788,0.6788,0.6788,0,0.0002,0,0,0,0.0001,0.0002,0,0.0001,0,0.0003,0,0,0,0,0,0,0,0,0,0,0.1534,0.1678,0.1534,0.1678,1
0.5021,0,2.0084,0.5021,0.5021,0,0,0.5021,1.0042,1.0042,0,1.0042,0,0,1.0042,0.5021,1.0042,0.5021,0,0,0,0,0.0002,0,0,0,0,0,0.0001,0.0001,0,0.0001,0,0,0.0001,0,0.0001,0,0,0,0.2489,0.249,0.2489,0.249,1
1.47,0.735,0,0,0.735,0,0,0.735,0.735,0.735,0.735,0,0,0,0.735,0.735,0,0,0.735,0.735,0.0002,0.0001,0,0,0.0001,0,0,0.0001,0.0001,0.0001,0.0001,0,0,0,0.0001,0.0001,0,0,0.0001,0.0001,0.1907,0.0743,0.1907,0.0743,1
0.5658,0.5658,0,0.5658,2.2631,0,0.5658,0.5658,1.6973,0,0.5658,0.5658,2.2631,0,0.5658,0.5658,0.5658,1.1315,0.5658,1.1315,0,0,0,0,0.0002,0,0,0,0.0001,0,0,0,0.0002,0,0,0,0,0.0001,0,0.0001,0.2355,0.1987,0.2355,0.1987,1
1.1994,0,0.5997,0,0,0,0.5997,1.1994,1.7992,0,0.5997,0,1.7992,0.5997,0,0.5997,1.7992,0.5997,0,0.5997,0.0001,0,0.0001,0,0,0,0.0001,0.0001,0.0002,0,0.0001,0,0.0002,0.0001,0,0.0001,0.0002,0.0001,0,0.0001,0.1782,0.2221,0.1782,0.2221,1
1.8156,0,0.6052,0,0.6052,1.2104,0.6052,0,2.4208,0.6052,0.6052,0,0,0,0.6052,0,0.6052,1.8156,0,0.6052,0.0002,0,0.0001,0,0.0001,0.0002,0.0001,0,0.0003,0.0001,0.0001,0,0,0,0.0001,0,0.0001,0.0002,0,0.0001,0.2093,0.1855,0.2093,0.1855,1
0,0.5331,0,0,1.0662,0.5331,0,0,0.5331,2.1324,0,0,0,0,2.1324,0,1.0662,0.5331,0.5331,0.5331,0,0.0001,0,0,0.0001,0.0001,0,0,0.0001,0.0002,0,0,0,0,0.0002,0,0.0001,0.0001,0.0001,0.0001,0.2298,0.2371,0.2298,0.2371,1
0,0.6212,0.6212,0.6212,0.6212,0,0.6212,0,0,1.2424,0,0.6212,3.1061,1.2424,0.6212,0,0.6212,0.6212,1.2424,0,0,0,0,0,0,0,0,0,0,0.0001,0,0,0.0002,0.0001,0,0,0,0,0.0001,0,0.2174,0.1614,0.2174,0.1614,1
1.384,0,1.384,1.384,0.9226,0.4613,0,1.8453,0.9226,2.3066,0,0.9226,0,0.9226,0.4613,0.4613,0.4613,0,0,0,0.0001,0,0.0001,0.0001,0.0001,0,0,0.0001,0.0001,0.0001,0,0.0001,0,0.0001,0,0,0,0,0,0,0.3064,0.2323,0.3064,0.2323,1
0.4472,0,2.2362,0.8945,0.8945,0,1.3417,0.4472,2.2362,0.8945,1.3417,0,0.4472,0,0.4472,0,0.8945,0.4472,0,0.4472,0,0,0.0002,0.0001,0.0001,0,0.0001,0,0.0002,0.0001,0.0001,0,0,0,0,0,0.0001,0,0,0,0.297,0.2557,0.297,0.2557,1
0.4537,0,1.361,0.9073,0.9073,0.9073,0.4537,0.9073,0,0.4537,1.361,0,0.9073,0,1.361,0,1.361,0.9073,0,1.361,0,0,0.0001,0.0001,0.0001,0.0001,0,0.0001,0,0,0.0001,0,0.0001,0,0.0001,0,0.0001,0.0001,0,0.0001,0.2883,0.258,0.2883,0.258,1
1.1539,0,0,0.5769,0.5769,0.5769,0,1.1539,2.8846,0,1.1539,0.5769,0,0,1.1539,0.5769,0,1.1539,0,0,0.0001,0,0,0.0001,0.0001,0.0001,0,0.0001,0.0003,0,0.0001,0.0001,0,0,0.0001,0.0001,0,0.0001,0,0,0.2036,0.2195,0.2036,0.2195,1
0,0.5175,0,0,0.5175,0,1.5524,1.035,0.5175,1.035,0.5175,0.5175,0.5175,0.5175,4.1398,0.5175,1.035,1.035,0,0,0,0,0,0,0,0,0.0001,0.0001,0,0.0001,0,0,0,0,0.0004,0,0.0001,0.0001,0,0,0.2452,0.2373,0.2452,0.2373,1
0.6251,0.6251,1.8752,0.6251,0.6251,0,0,1.8752,0,1.2501,0.6251,0.6251,0,0,0,1.8752,0.6251,0.6251,0,0,0,0,0.0001,0,0,0,0,0.0001,0,0.0001,0,0,0,0,0,0.0001,0,0,0,0,0.2016,0.1734,0.2016,0.1734,1
0.7343,0.7343,0.7343,0,0.7343,0.7343,0,0,0,1.4686,0,3.6715,0.7343,1.4686,0,1.4686,2.2029,0,0,0,0.0001,0.0001,0.0001,0,0.0001,0.0001,0,0,0,0.0001,0,0.0003,0.0001,0.0001,0,0.0001,0.0002,0,0,0,0.1297,0.1361,0.1297,0.1361,1
1.4162,0,0.7081,0,0,2.8324,0,0,1.4162,0,0.7081,0,0.7081,0,1.4162,0,0.7081,0.7081,0,0,0.0002,0,0.0001,0,0,0.0004,0,0,0.0002,0,0.0001,0,0.0001,0,0.0002,0,0.0001,0.0001,0,0,0.1809,0.111,0.1809,0.111,1
0.7486,0,0,0.7486,1.4973,0,0,1.4973,0.7486,3.7432,0,0,0.7486,0,0,0.7486,0,0.7486,0.7486,0.7486,0.0001,0,0,0.0001,0.0002,0,0,0.0002,0.0001,0.0005,0,0,0.0001,0,0,0.0001,0,0.0001,0.0001,0.0001,0.1772,0.0742,0.1772,0.0742,1
0.4748,1.4245,0.4748,0,0.4748,0,1.4245,0.4748,1.4245,2.8491,0.9497,0,1.8994,0,0.9497,0,0.9497,0.4748,0,0,0,0.0001,0,0,0,0,0.0001,0,0.0001,0.0002,0.0001,0,0.0001,0,0.0001,0,0.0001,0,0,0,0.2255,0.2997,0.2255,0.2997,1
0.5133,0.5133,0.5133,0.5133,0,0,0,0.5133,1.0267,0,0.5133,1.0267,2.0533,0,1.54,1.0267,1.54,1.0267,0,1.54,0,0,0,0,0,0,0,0,0.0001,0,0,0.0001,0.0001,0,0.0001,0.0001,0.0001,0.0001,0,0.0001,0.2437,0.2429,0.2437,0.2429,1
0.4829,0,0,3.8633,0,0,0,0.9658,2.8975,1.4488,0,0.9658,0,0.4829,0.4829,0,0,0,0,0,0.0001,0,0,0.0005,0,0,0,0.0001,0.0004,0.0002,0,0.0001,0,0.0001,0.0001,0,0,0,0,0,0.2245,0.2926,0.2245,0.2926,1
0,0.472,0.472,0,0.472,0.472,0,0,0.472,2.3602,0.472,0,0.472,0,2.3602,0,0.9441,0.472,0.472,0.472,0,0,0,0,0,0,0,0,0,0.0002,0,0,0,0,0.0002,0,0.0001,0,0,0,0.2767,0.2513,0.2767,0.2513,1
0.5593,0,0.5593,0,1.678,0.5593,0,0,1.1187,0,1.1187,0.5593,0,1.678,0.5593,0,2.2374,0,0,1.1187,0.0001,0,0.0001,0,0.0002,0.0001,0,0,0.0001,0,0.0001,0.0001,0,0.0002,0.0001,0,0.0002,0,0,0.0001,0.2126,0.2281,0.2126,0.2281,1
0,0.5167,1.5501,0.5167,0.5167,0,0,1.0334,0.5167,1.0334,0,0.5167,0,0,0.5167,1.0334,0.5167,0,1.5501,0,0,0,0.0001,0,0,0,0,0.0001,0,0.0001,0,0,0,0,0,0.0001,0,0,0.0001,0,0.245,0.2383,0.245,0.2383,1
0,0,0,0,0.977,0.977,0,0.4885,2.4424,1.4654,0,0,0,0,1.4654,0.4885,0,0.4885,0,0,0,0,0,0,0.0001,0.0001,0,0.0001,0.0003,0.0002,0,0,0,0,0.0002,0.0001,0,0.0001,0,0,0.229,0.2825,0.229,0.2825,1
2.8123,0.7031,1.4061,0,0.7031,0,0,0.7031,0,0.7031,1.4061,0.7031,0.7031,0,0.7031,1.4061,0,0,0,0,0.0002,0,0.0001,0,0,0,0,0,0,0,0.0001,0,0,0,0,0.0001,0,0,0,0,0.1688,0.1281,0.1688,0.1281,1
1.2592,0,0.6296,0,0,1.8888,0.6296,0,0.6296,1.2592,0.6296,0,0,0,0.6296,1.2592,0.6296,0,0,0,0.0001,0,0.0001,0,0,0.0002,0.0001,0,0.0001,0.0001,0.0001,0,0,0,0.0001,0.0001,0.0001,0,0,0,0.203,0.1674,0.203,0.1674,1
0.4736,0.4736,0.4736,1.4208,0,0.9472,0,0.4736,2.8416,0,0.4736,0,0.4736,0,0.4736,0.4736,0.4736,0.4736,0.4736,0.4736,0,0,0,0.0001,0,0.0001,0,0,0.0002,0,0,0,0,0,0,0,0,0,0,0,0.2788,0.2476,0.2788,0.2476,1
1.2518,0.6259,1.2518,0,0.6259,0,0,1.2518,1.2518,0,0,1.2518,0,0.6259,0,0,0,0.6259,0.6259,0,0.0001,0,0.0001,0,0,0,0,0.0001,0.0001,0,0,0.0001,0,0,0,0,0,0,0,0,0.219,0.1551,0.219,0.1551,1
1.1548,0,0,1.1548,1.1548,1.1548,0,0,0.5774,0.5774,0.5774,0,0,0,1.1548,0.5774,0,0.5774,0,0,0.0001,0,0,0.0001,0.0001,0.0001,0,0,0.0001,0.0001,0.0001,0,0,0,0.0001,0.0001,0,0.0001,0,0,0.1752,0.2474,0.1752,0.2474,1
1.2751,0.6376,1.2751,0.6376,0,2.5503,0,0,0,2.5503,0,0.6376,0,0,0.6376,0,1.2751,1.2751,0,0,0.0001,0,0.0001,0,0,0.0002,0,0,0,0.0002,0,0,0,0,0,0,0.0001,0.0001,0,0,0.1787,0.1837,0.1787,0.1837,1
1.3628,0.6814,0,0,0.6814,1.3628,0,0.6814,0,0.6814,0,0,1.3628,0,1.3628,0.6814,0,1.3628,0.6814,0.6814,0.0001,0.0001,0,0,0.0001,0.0001,0,0.0001,0,0.0001,0,0,0.0001,0,0.0001,0.0001,0,0.0001,0.0001,0.0001,0.1372,0.1814,0.1372,0.1814,1
0.8878,0,0.8878,3.9951,0.4439,0,0,0,3.1073,2.2195,0,0.4439,0,0.8878,0.4439,0,0,0,0,0,0.0001,0,0.0001,0.0004,0,0,0,0,0.0003,0.0002,0,0,0,0.0001,0,0,0,0,0,0,0.2747,0.2814,0.2747,0.2814,1
1.265,3.7951,0.6325,0,0.6325,1.265,0.6325,1.265,0,1.265,0.6325,1.265,0.6325,0,1.265,0.6325,1.265,1.8975,0.6325,0,0,0.0001,0,0,0,0,0,0,0,0,0,0,0,0,0,0,0,0.0001,0,0,0.1572,0.2103,0.1572,0.2103,1
4.7802,0,0,0,0,0,0.5311,0,2.1245,3.1868,1.0623,0.5311,0,0,0,0,0.5311,1.5934,0.5311,0,0.0005,0,0,0,0,0,0.0001,0,0.0002,0.0003,0.0001,0.0001,0,0,0,0,0.0001,0.0002,0.0001,0,0.1991,0.2698,0.1991,0.2698,1
1.6553,0,0,0,0.8276,0,0,0,3.3106,0.8276,0,0,0,0,0,0,0.8276,2.4829,0,0.8276,0.0004,0,0,0,0.0002,0,0,0,0.0008,0.0002,0,0,0,0,0,0,0.0002,0.0006,0,0.0002,0.0683,0.1041,0.0683,0.1041,1
0.5612,0,1.6836,0.5612,0.5612,1.1224,0.5612,1.1224,1.1224,0.5612,0,0,0,0,0.5612,0,0.5612,1.1224,0,0,0.0001,0,0.0002,0.0001,0.0001,0.0001,0.0001,0.0001,0.0001,0.0001,0,0,0,0,0.0001,0,0.0001,0.0001,0,0,0.2212,0.2176,0.2212,0.2176,1
3.0716,0.7679,0,0,0,0.7679,0.7679,0,0.7679,0.7679,0,0,3.0716,0,0,0,0.7679,0.7679,0,0,0.0003,0.0001,0,0,0,0.0001,0.0001,0,0.0001,0.0001,0,0,0.0003,0,0,0,0.0001,0.0001,0,0,0.129,0.1031,0.129,0.1031,1
2.2155,0,0,0.7385,0,0,0,0,3.6926,0.7385,0,0,0,0,0.7385,0,0.7385,1.477,0,0.7385,0.0004,0,0,0.0001,0,0,0,0,0.0007,0.0001,0,0,0,0,0.0001,0,0.0001,0.0003,0,0.0001,0.1571,0.1043,0.1571,0.1043,1
0,0,0,1.0877,1.0877,0.5438,1.0877,2.1753,0,1.0877,0,0,0,1.0877,6.5259,0,0,0,0,0,0,0,0,0.0002,0.0002,0.0001,0.0002,0.0003,0,0.0002,0,0,0,0.0002,0.001,0,0,0,0,0,0.2146,0.2416,0.2146,0.2416,1
0,3.08,1.232,0,0,0.616,0,0,1.232,0,0.616,1.232,0.616,0,1.232,0,0.616,0.616,0,0,0,0.0002,0.0001,0,0,0,0,0,0.0001,0,0,0.0001,0,0,0.0001,0,0,0,0,0,0.1545,0.2295,0.1545,0.2295,1
0.5716,0.5716,1.1431,0,0.5716,0,0.5716,0.5716,0.5716,0.5716,0,0,0,0,1.7147,0.5716,0,0.5716,0,0.5716,0,0,0.0001,0,0,0,0,0,0,0,0,0,0,0,0.0001,0,0,0,0,0,0.2048,0.2237,0.2048,0.2237,1
2.8769,0,0.5754,0.5754,0.5754,0,0,0,0,1.1508,0,0.5754,0,0,1.1508,0.5754,1.7261,0,0,0.5754,0.0003,0,0.0001,0.0001,0.0001,0,0,0,0,0.0001,0,0.0001,0,0,0.0001,0.0001,0.0002,0,0,0.0001,0.207,0.2176,0.207,0.2176,1
0.6377,1.2753,0,0.6377,0.6377,2.5506,0.6377,1.2753,0,1.2753,0.6377,0,0.6377,0,0.6377,1.2753,1.913,1.913,0.6377,0,0,0.0001,0,0,0,0.0001,0,0.0001,0,0.0001,0,0,0,0,0,0.0001,0.0001,0.0001,0,0,0.1595,0.2029,0.1595,0.2029,1
1.2215,0,0,0.6108,1.2215,0,0,0,0,1.8323,0.6108,0,1.2215,0.6108,1.8323,0.6108,0.6108,0,0,0,0.0001,0,0,0.0001,0.0001,0,0,0,0,0.0002,0.0001,0,0.0001,0.0001,0.0002,0.0001,0.0001,0,0,0,0.2142,0.1751,0.2142,0.1751,1
0.7569,0,0,0,0,0,0,1.5138,0.7569,2.2707,0,1.5138,0,0,0,0.7569,0,0,0.7569,0,0.0001,0,0,0,0,0,0,0.0002,0.0001,0.0002,0,0.0002,0,0,0,0.0001,0,0,0.0001,0,0.1254,0.1177,0.1254,0.1177,1
1.9048,0,0.4762,0,0.4762,0.4762,0,0.4762,2.381,0.9524,0,0,0,0,1.4286,0.4762,1.4286,0.4762,0,0.4762,0.0002,0,0,0,0,0,0,0,0.0002,0.0001,0,0,0,0,0.0001,0,0.0001,0,0,0,0.2492,0.2746,0.2492,0.2746,1
0,0,0,0,1.7648,0.5883,0,0.5883,0.5883,1.7648,0,0,0,0,1.7648,0,0,0.5883,0,0,0,0,0,0,0.0003,0.0001,0,0.0001,0.0001,0.0003,0,0,0,0,0.0003,0,0,0.0001,0,0,0.1721,0.2396,0.1721,0.2396,1
1.0193,0.5097,1.0193,1.0193,1.0193,0,0,0.5097,1.0193,1.0193,1.0193,1.529,0,2.5483,0.5097,1.0193,1.0193,0,0,0.5097,0.0001,0,0.0001,0.0001,0.0001,0,0,0,0.0001,0.0001,0.0001,0.0001,0,0.0002,0,0.0001,0.0001,0,0,0,0.2577,0.2326,0.2577,0.2326,1
0,2.3463,0,0,0,1.1732,0,0.5866,0,0.5866,0,0,1.1732,0,2.3463,2.9329,0.5866,0,0,0,0,0.0001,0,0,0,0.0001,0,0,0,0,0,0,0.0001,0,0.0001,0.0002,0,0,0,0,0.1861,0.2273,0.1861,0.2273,1
1.44,0.72,0,0,0,0,0,0.72,0.72,1.44,1.44,0.72,0,0,1.44,0,0,0.72,0,0,0.0001,0.0001,0,0,0,0,0,0.0001,0.0001,0.0001,0.0001,0.0001,0,0,0.0001,0,0,0.0001,0,0,0.12,0.16,0.12,0.16,1
0,3.9847,0.5692,0.5692,0.5692,2.8462,0,0,0,0.5692,0,1.1385,1.7077,0,1.1385,0,2.277,1.1385,0.5692,0,0,0.0001,0,0,0,0.0001,0,0,0,0,0,0,0.0001,0,0,0,0.0001,0,0,0,0.211,0.2198,0.211,0.2198,1
1.7014,0,0,0,1.7014,0,0,0,3.4027,0.8507,0,0,0,0,0,0,0.8507,2.552,0,0,0.0005,0,0,0,0.0005,0,0,0,0.001,0.0002,0,0,0,0,0,0,0.0002,0.0007,0,0,0.0546,0.0947,0.0546,0.0947,1
0,0.707,0.707,0,0.707,0.707,0.707,2.121,0,0,1.414,0.707,1.414,0.707,0,1.414,1.414,1.414,0,0.707,0,0,0,0,0,0,0,0.0001,0,0,0.0001,0,0.0001,0,0,0.0001,0.0001,0.0001,0,0,0.1489,0.1441,0.1489,0.1441,1
0.4832,0.4832,0.9665,0,0,1.4497,0,0.4832,0,0,0.4832,0,0.4832,0,2.4161,0,1.4497,0.4832,1.4497,0,0,0,0.0001,0,0,0.0001,0,0,0,0,0,0,0,0,0.0002,0,0.0001,0,0.0001,0,0.2076,0.3092,0.2076,0.3092,1
0,0,0.5362,0,1.0723,1.0723,0.5362,1.6085,1.6085,1.0723,1.0723,1.0723,0.5362,0.5362,0,0.5362,0,1.6085,0,0.5362,0,0,0,0,0.0001,0.0001,0,0.0001,0.0001,0.0001,0.0001,0.0001,0,0,0,0,0,0.0001,0,0,0.2037,0.2602,0.2037,0.2602,1
0.8996,0.4498,1.3494,0.4498,0.4498,1.3494,0.4498,0,0.8996,0,0,0.8996,0.4498,0,1.7993,0,0.4498,0.8996,0.4498,0.8996,0.0001,0,0.0001,0,0,0.0001,0,0,0.0001,0,0,0.0001,0,0,0.0001,0,0,0.0001,0,0.0001,0.2777,0.2725,0.2777,0.2725,1
1.0907,0,2.1813,0,1.636,0.5453,0.5453,0.5453,0,0.5453,0,0.5453,0,0,1.0907,0.5453,2.1813,0.5453,0,0.5453,0.0001,0,0.0002,0,0.0001,0,0,0,0,0,0,0,0,0,0.0001,0,0.0002,0,0,0,0.2307,0.224,0.2307,0.224,1
0.5643,3.3857,0,0.5643,0.5643,1.6929,0,1.1286,1.1286,0.5643,0,1.1286,1.1286,0,0.5643,1.6929,0.5643,1.6929,0,0.5643,0,0.0001,0,0,0,0.0001,0,0,0,0,0,0,0,0,0,0.0001,0,0.0001,0,0,0.2238,0.2119,0.2238,0.2119,1
1.3864,0,0,1.8486,0.4621,0,1.8486,0.9243,1.8486,1.3864,0,0.4621,0,0.4621,0,0.9243,0.4621,1.8486,0,0,0.0001,0,0,0.0002,0,0,0.0002,0.0001,0.0002,0.0001,0,0,0,0,0,0.0001,0,0.0002,0,0,0.2457,0.2921,0.2457,0.2921,1
0.5019,0,1.5057,1.5057,0,0,0,1.0038,1.0038,1.5057,0.5019,1.5057,0,1.5057,0,0.5019,0,1.0038,0,0.5019,0,0,0.0001,0.0001,0,0,0,0.0001,0.0001,0.0001,0,0.0001,0,0.0001,0,0,0,0.0001,0,0,0.2412,0.2569,0.2412,0.2569,1
1.0633,2.1266,0.5317,1.595,1.0633,1.0633,0,0.5317,1.595,0.5317,0.5317,1.0633,1.0633,0.5317,0,0,1.0633,1.595,0,0,0,0.0001,0,0.0001,0,0,0,0,0.0001,0,0,0,0,0,0,0,0,0.0001,0,0,0.2853,0.1831,0.2853,0.1831,1
1.1326,0.5663,0,0,0.5663,0.5663,0,0,1.6989,1.1326,0,0,0,0.5663,1.6989,0.5663,0,0,1.1326,0.5663,0.0001,0.0001,0,0,0.0001,0.0001,0,0,0.0002,0.0001,0,0,0,0.0001,0.0002,0.0001,0,0,0.0001,0.0001,0.2494,0.1843,0.2494,0.1843,1
2.8812,0,0,0,0,0,0,0,0.9604,0,0,0,0,0,5.7623,0.4802,0,0,0,0,0.0004,0,0,0,0,0,0,0,0.0001,0,0,0,0,0,0.0008,0.0001,0,0,0,0,0.2342,0.2856,0.2342,0.2856,1
0,0.722,1.4439,0.722,0.722,0,0,1.4439,0,0,0.722,0,0.722,0,0,2.1659,0,0.722,0,0.722,0,0.0001,0.0001,0.0001,0.0001,0,0,0.0001,0,0,0.0001,0,0.0001,0,0,0.0002,0,0.0001,0,0.0001,0.1514,0.1266,0.1514,0.1266,1
1.0501,0.525,0.525,0,0.525,1.5751,0.525,0.525,1.0501,0.525,1.0501,0,1.0501,0.525,0.525,1.5751,1.5751,0.525,0,1.0501,0.0001,0,0,0,0,0.0001,0,0,0.0001,0,0.0001,0,0.0001,0,0,0.0001,0.0001,0,0,0.0001,0.2441,0.2309,0.2441,0.2309,1
2.0038,0,0,0,0,0.6679,0,0,3.3397,0.6679,0,0,0.6679,0,2.0038,0.6679,0.6679,2.6717,0,0.6679,0.0003,0,0,0,0,0.0001,0,0,0.0005,0.0001,0,0,0.0001,0,0.0003,0.0001,0.0001,0.0004,0,0.0001,0.1349,0.1972,0.1349,0.1972,1
0,0.6897,0.6897,0,0.6897,0,0,0.6897,0,1.3795,1.3795,1.3795,2.759,0,0.6897,0,0.6897,0,2.759,0,0,0,0,0,0,0,0,0,0,0.0001,0.0001,0.0001,0.0002,0,0,0,0,0,0.0002,0,0.1377,0.1726,0.1377,0.1726,1
3.547,0,0,0,0,1.5201,0.5067,0,2.0269,3.0403,1.0134,0,0,1.0134,0,0,1.5201,0,0.5067,0,0.0003,0,0,0,0,0.0001,0,0,0.0002,0.0003,0.0001,0,0,0.0001,0,0,0.0001,0,0,0,0.2162,0.2771,0.2162,0.2771,1
0.9026,0,0.4513,0,0.4513,0,0.4513,0.4513,1.8052,0.9026,1.3539,0.4513,0.4513,0,1.3539,0,0.9026,0.9026,0,0.9026,0.0001,0,0.0001,0,0.0001,0,0.0001,0.0001,0.0002,0.0001,0.0002,0.0001,0.0001,0,0.0002,0,0.0001,0.0001,0,0.0001,0.2575,0.2912,0.2575,0.2912,1
0.4584,0,0.4584,3.2087,0.4584,0,0.4584,1.3752,1.3752,0.9168,0,0,0,0,0,0.4584,0,0,1.3752,0,0,0,0,0.0002,0,0,0,0.0001,0.0001,0.0001,0,0,0,0,0,0,0,0,0.0001,0,0.2462,0.2954,0.2462,0.2954,1
1.4921,0,0.4974,0,1.4921,0,0.4974,0,2.9842,0,0,0,0.9947,0,1.4921,0.4974,0.9947,0.4974,0.4974,0.4974,0.0002,0,0.0001,0,0.0002,0,0.0001,0,0.0003,0,0,0,0.0001,0,0.0002,0.0001,0.0001,0.0001,0.0001,0.0001,0.2634,0.2393,0.2634,0.2393,1
0.5873,0,0,0,1.1746,2.3493,1.762,0.5873,0.5873,2.9366,0,1.1746,0,0,0,1.1746,0.5873,0.5873,0,0,0,0,0,0,0.0001,0.0002,0.0001,0,0,0.0002,0,0.0001,0,0,0,0.0001,0,0,0,0,0.1833,0.2294,0.1833,0.2294,1
0.9889,0,1.4834,0,0.4945,1.9779,0,1.4834,0.4945,2.4724,0.4945,2.4724,0,0,0,1.4834,0,0,0.4945,0.4945,0,0,0.0001,0,0,0.0001,0,0.0001,0,0.0001,0,0.0001,0,0,0,0.0001,0,0,0,0,0.2679,0.2376,0.2679,0.2376,1
0.6315,1.8946,1.2631,0,0,1.2631,0,0.6315,0,1.2631,1.2631,1.2631,1.2631,0.6315,0.6315,0,0.6315,1.2631,0,0,0,0.0001,0.0001,0,0,0.0001,0,0,0,0.0001,0.0001,0.0001,0.0001,0,0,0,0,0.0001,0,0,0.2094,0.159,0.2094,0.159,1
1.21,0,0,0,0,1.21,0,0,0,0.605,0.605,1.21,0,1.21,2.4199,0.605,0,1.21,0,0.605,0.0001,0,0,0,0,0.0001,0,0,0,0.0001,0.0001,0.0001,0,0.0001,0.0003,0.0001,0,0.0001,0,0.0001,0.2017,0.1934,0.2017,0.1934,1
0.6299,0,0,0,0.6299,0.6299,0,1.2597,0.6299,1.8896,0.6299,0,0,0,1.2597,0,0.6299,0,0,0,0.0001,0,0,0,0.0001,0.0001,0,0.0002,0.0001,0.0003,0.0001,0,0,0,0.0002,0,0.0001,0,0,0,0.2055,0.1646,0.2055,0.1646,1
0,0.625,1.8749,0.625,0.625,0,0,2.4999,0,1.25,0,0.625,0.625,0,0,1.8749,0.625,0.625,0,0,0,0,0.0001,0,0,0,0,0.0002,0,0.0001,0,0,0,0,0,0.0001,0,0,0,0,0.1997,0.1753,0.1997,0.1753,1
2.1794,0,0,0.7265,0,0,0,0,2.9058,0.7265,0,0,0,0,0.7265,0,0.7265,2.1794,0,0.7265,0.0004,0,0,0.0001,0,0,0,0,0.0005,0.0001,0,0,0,0,0.0001,0,0.0001,0.0004,0,0.0001,0.1602,0.1134,0.1602,0.1134,1
0.5429,2.1718,0,0.5429,0.5429,1.0859,0,0,1.0859,1.0859,1.6288,1.0859,0,0.5429,1.0859,0.5429,2.1718,1.6288,0.5429,0,0,0.0001,0,0,0,0.0001,0,0,0.0001,0.0001,0.0001,0.0001,0,0,0.0001,0,0.0001,0.0001,0,0,0.2846,0.1725,0.2846,0.1725,1
2.755,0,0.551,1.102,0.551,0,0.551,0,0,1.102,0.551,0,0,0,1.653,0,1.102,0,0,0,0.0004,0,0.0001,0.0001,0.0001,0,0.0001,0,0,0.0001,0.0001,0,0,0,0.0002,0,0.0001,0,0,0,0.1962,0.2528,0.1962,0.2528,1
1.254,0,0,0.627,0.627,1.254,0,1.254,1.254,1.254,0.627,1.254,0.627,0,0.627,0,1.254,1.254,0,0,0.0001,0,0,0.0001,0.0001,0.0001,0,0.0001,0.0001,0.0001,0.0001,0.0001,0.0001,0,0.0001,0,0.0001,0.0001,0,0,0.2201,0.1529,0.2201,0.1529,1
1.0596,0.5298,0,0,1.5893,0,0.5298,1.5893,1.0596,1.5893,0,0,2.1191,0,1.5893,0.5298,0,2.1191,0,0.5298,0.0001,0,0,0,0.0001,0,0,0.0001,0.0001,0.0001,0,0,0.0002,0,0.0001,0,0,0.0002,0,0,0.2288,0.2414,0.2288,0.2414,1
0.5594,0,1.1187,0.5594,0,0.5594,0,0,0,0,1.1187,0.5594,5.0343,0,0.5594,0.5594,1.6781,2.7968,0.5594,1.1187,0,0,0.0001,0,0,0,0,0,0,0,0.0001,0,0.0004,0,0,0,0.0001,0.0002,0,0.0001,0.2256,0.2151,0.2256,0.2151,1
3.4178,0,0.6836,0,0.6836,0.6836,0,0,0.6836,0,0.6836,2.0507,0.6836,0.6836,0,2.0507,0,1.3671,0,0,0.0003,0,0.0001,0,0.0001,0.0001,0,0,0.0001,0,0.0001,0.0002,0.0001,0.0001,0,0.0002,0,0.0001,0,0,0.1524,0.1641,0.1524,0.1641,1
0.7336,0,0,0,2.2007,0.7336,0,1.4671,0.7336,0,1.4671,0.7336,0.7336,0.7336,0,0,0.7336,0,0,0,0.0001,0,0,0,0.0002,0.0001,0,0.0002,0.0001,0,0.0002,0.0001,0.0001,0.0001,0,0,0.0001,0,0,0,0.1254,0.1411,0.1254,0.1411,1
1.0724,0,0.5362,0,0.5362,0.5362,0,0,1.0724,0.5362,1.0724,2.1447,0,0,2.1447,0,1.6085,0.5362,0,0.5362,0.0001,0,0.0001,0,0.0001,0.0001,0,0,0.0001,0.0001,0.0001,0.0002,0,0,0.0002,0,0.0002,0.0001,0,0.0001,0.2077,0.2561,0.2077,0.2561,1
0,0,0,0.6518,0,1.3035,0.6518,1.9553,1.3035,1.9553,0,1.3035,0,0,0,1.9553,0.6518,1.3035,0,0,0,0,0,0.0001,0,0.0001,0.0001,0.0002,0.0001,0.0002,0,0.0001,0,0,0,0.0002,0.0001,0.0001,0,0,0.1682,0.1801,0.1682,0.1801,1
1.4329,0.4776,0.9553,0.9553,0,1.9106,0,0,0.4776,0.9553,0.4776,0,0.9553,0.4776,1.9106,0.4776,0.4776,0,0,0,0.0001,0,0.0001,0.0001,0,0.0002,0,0,0,0.0001,0,0,0.0001,0,0.0002,0,0,0,0,0,0.2685,0.2538,0.2685,0.2538,1
1.6669,0,0,0,0.8334,0,0,0,3.3337,2.5003,0,0,0,0,0,0,0.8334,0.8334,0,0.8334,0.0004,0,0,0,0.0002,0,0,0,0.0008,0.0006,0,0,0,0,0,0,0.0002,0.0002,0,0.0002,0.0611,0.1055,0.0611,0.1055,1
0.4074,0,0.4074,0.4074,0.8148,0.8148,0,0,3.259,1.2221,0.4074,0.8148,0.4074,0,0.8148,0,0.8148,0.4074,0.8148,0.4074,0,0,0,0,0.0001,0.0001,0,0,0.0003,0.0001,0,0.0001,0,0,0.0001,0,0.0001,0,0.0001,0,0.2813,0.3113,0.2813,0.3113,1
2.0292,0.5073,1.0146,0,0.5073,0.5073,0,0.5073,0.5073,1.0146,1.0146,0.5073,0,0,2.0292,0.5073,1.0146,2.0292,0,0,0.0002,0,0.0001,0,0,0,0,0,0,0.0001,0.0001,0,0,0,0.0002,0,0.0001,0.0002,0,0,0.209,0.2837,0.209,0.2837,1
0.9049,0.4524,2.7146,0.9049,0.9049,1.8098,0.4524,0.4524,0.4524,0,0.4524,1.3573,0,0.4524,0.9049,0,0,1.3573,0,0,0.0001,0,0.0002,0.0001,0.0001,0.0001,0,0,0,0,0,0.0001,0,0,0.0001,0,0,0.0001,0,0,0.2896,0.258,0.2896,0.258,1
1.2539,0.6269,0,0,0.6269,0.6269,0,0.6269,2.5077,0,0,0,1.8808,0.6269,0,0,1.2539,1.2539,0,0,0.0001,0.0001,0,0,0.0001,0.0001,0,0.0001,0.0002,0,0,0,0.0002,0.0001,0,0,0.0001,0.0001,0,0,0.1914,0.1817,0.1914,0.1817,1
1.6686,0,0,0,0.8343,0.8343,0,0.8343,0,0.8343,0,0.8343,0,0,0.8343,0,1.6686,3.3371,0,0,0.0003,0,0,0,0.0002,0.0002,0,0.0002,0,0.0002,0,0.0002,0,0,0.0002,0,0.0003,0.0006,0,0,0.0822,0.0835,0.0822,0.0835,1
0,0,0,0,0,0,0,0,0.6556,1.9667,0,0,2.6223,0,1.3111,0,0,0,2.6223,0,0,0,0,0,0,0,0,0,0.0001,0.0002,0,0,0.0003,0,0.0002,0,0,0,0.0003,0,0.1839,0.1606,0.1839,0.1606,1
1.4563,0.7282,1.4563,0.7282,0.7282,0,0,0,0,2.9127,0,1.4563,0,0,0,0.7282,0,0.7282,0,0,0.0001,0.0001,0.0001,0.0001,0.0001,0,0,0,0,0.0002,0,0.0001,0,0,0,0.0001,0,0.0001,0,0,0.1264,0.1454,0.1264,0.1454,1
1.6223,0.8112,0.8112,0,0,0,0,0,0,1.6223,0,0.8112,0,0,0,0.8112,2.4335,1.6223,0,0.8112,0.0001,0.0001,0.0001,0,0,0,0,0,0,0.0001,0,0.0001,0,0,0,0.0001,0.0002,0.0001,0,0.0001,0.1097,0.0791,0.1097,0.0791,1
2.0514,0.5128,2.0514,0.5128,0,0.5128,0,0.5128,0,0,0.5128,0.5128,0.5128,0,0.5128,0.5128,2.0514,0.5128,0.5128,1.0257,0.0002,0,0.0002,0,0,0,0,0,0,0,0,0,0,0,0,0,0.0002,0,0,0.0001,0.2506,0.2365,0.2506,0.2365,1
0,0,0,1.0736,1.0736,0,1.6103,0.5368,0.5368,0.5368,0.5368,0.5368,1.0736,0.5368,2.1471,0.5368,0,2.1471,0,1.0736,0,0,0,0.0001,0.0001,0,0.0002,0.0001,0.0001,0.0001,0.0001,0.0001,0.0001,0.0001,0.0002,0.0001,0,0.0002,0,0.0001,0.2702,0.193,0.2702,0.193,1
2.1968,0,1.0984,1.0984,0,0,0,0,2.1968,1.0984,0,1.0984,0,0,0,1.0984,0,1.0984,0,0,0.0002,0,0.0001,0.0001,0,0,0,0,0.0002,0.0001,0,0.0001,0,0,0,0.0001,0,0.0001,0,0,0.2266,0.2242,0.2266,0.2242,1
1.0986,0,0,0.5493,0.5493,0,0,0.5493,2.7466,1.0986,1.0986,0,0,0,5.4932,0,0.5493,0.5493,0,1.0986,0.0002,0,0,0.0001,0.0001,0,0,0.0001,0.0005,0.0002,0.0002,0,0,0,0.0009,0,0.0001,0.0001,0,0.0002,0.2624,0.1882,0.2624,0.1882,1
0.6144,0,0,0,0.6144,1.2289,1.2289,0,0,1.8433,0.6144,0,1.8433,0,1.8433,0,0.6144,0,0,1.8433,0.0001,0,0,0,0.0001,0.0002,0.0002,0,0,0.0003,0.0001,0,0.0003,0,0.0003,0,0.0001,0,0,0.0003,0.1803,0.2053,0.1803,0.2053,1
0.6588,0,0,0,0,0,0.6588,0,0.6588,0,1.9763,0,0,1.3175,0.6588,1.3175,0.6588,1.9763,0,1.9763,0.0001,0,0,0,0,0,0.0001,0,0.0001,0,0.0002,0,0,0.0002,0.0001,0.0002,0.0001,0.0002,0,0.0002,0.1419,0.1993,0.1419,0.1993,1
0,2.853,0,0.4755,0.4755,0.951,0,1.4265,0.4755,0.4755,0.4755,0,0,0,2.3775,0.951,0,0.4755,0,0.4755,0,0.0001,0,0,0,0,0,0.0001,0,0,0,0,0,0,0.0001,0,0,0,0,0,0.28,0.2445,0.28,0.2445,1
2.5378,1.2689,0,1.2689,0,2.5378,0,0.6345,0,2.5378,0,0.6345,0.6345,0,0.6345,0.6345,0,2.5378,0,0,0.0001,0.0001,0,0.0001,0,0.0001,0,0,0,0.0001,0,0,0,0,0,0,0,0.0001,0,0,0.1905,0.1751,0.1905,0.1751,1
0,0,0,0,0,0,0,0,0.6839,0,0,0,3.4197,0,0.6839,0,0,0,4.1036,0.6839,0,0,0,0,0,0,0,0,0.0001,0,0,0,0.0003,0,0.0001,0,0,0,0.0004,0.0001,0.1959,0.1202,0.1959,0.1202,1
0,0,2.0149,0,0,1.0075,0.5037,0.5037,1.0075,0.5037,0,1.0075,5.5411,0,0.5037,0.5037,0.5037,0.5037,0,0.5037,0,0,0.0002,0,0,0.0001,0,0,0.0001,0,0,0.0001,0.0005,0,0,0,0,0,0,0,0.275,0.2212,0.275,0.2212,1
0.756,0,0,0,0,0,0,1.5119,3.0238,0.756,0,0.756,0,0,3.7798,0,0,0.756,0,0,0.0002,0,0,0,0,0,0,0.0004,0.0008,0.0002,0,0.0002,0,0,0.001,0,0,0.0002,0,0,0.1078,0.1362,0.1078,0.1362,1
0.5331,0.5331,0,0,0.5331,0.5331,0,0.5331,0.5331,1.0661,0,0,0.5331,0,2.1322,0,1.0661,0.5331,0.5331,0.5331,0.0001,0.0001,0,0,0.0001,0.0001,0,0.0001,0.0001,0.0001,0,0,0.0001,0,0.0002,0,0.0001,0.0001,0.0001,0.0001,0.2402,0.2267,0.2402,0.2267,1
0,0.4876,0.9752,0,0.4876,1.4628,0.4876,0.4876,1.4628,0,1.4628,0,0.4876,0,0.4876,0.4876,0.9752,0.4876,0.4876,0.9752,0,0,0.0001,0,0,0.0001,0,0,0.0001,0,0.0001,0,0,0,0,0,0.0001,0,0,0.0001,0.2532,0.2592,0.2532,0.2592,1
0.59,0.59,1.7699,0.59,0.59,0,0.59,1.7699,0,1.1799,0.59,0.59,0.59,0,0,1.7699,0.59,0.59,0,0,0,0,0.0001,0,0,0,0,0.0001,0,0.0001,0,0,0,0,0,0.0001,0,0,0,0,0.2257,0.1843,0.2257,0.1843,1
0,0,0.9675,0,0.4838,0.4838,0.4838,0.9675,0.4838,0.9675,0.9675,1.4513,1.4513,0,1.935,0.9675,0.4838,0,0,0.9675,0,0,0.0001,0,0,0,0,0.0001,0,0.0001,0.0001,0.0001,0.0001,0,0.0002,0.0001,0,0,0,0.0001,0.2766,0.2396,0.2766,0.2396,1
3.1302,0.5217,0,0.5217,0,1.5651,1.0434,0.5217,1.5651,0.5217,0.5217,1.0434,0.5217,0,0.5217,0.5217,0,1.0434,0,0,0.0002,0,0,0,0,0.0001,0.0001,0,0.0001,0,0,0.0001,0,0,0,0,0,0.0001,0,0,0.2295,0.2488,0.2295,0.2488,1
0,0.7434,0,0,0.7434,0,0.7434,0,0.7434,0,0.7434,1.4868,0.7434,0,0,0.7434,2.2301,1.4868,0,0.7434,0,0.0001,0,0,0.0001,0,0.0001,0,0.0001,0,0.0001,0.0001,0.0001,0,0,0.0001,0.0002,0.0001,0,0.0001,0.1549,0.1018,0.1549,0.1018,1
3.0331,0.5055,0,0,0,2.5275,0,0.5055,2.022,2.5275,0.5055,0.5055,0,0.5055,0.5055,0,0.5055,0,0,0.5055,0.0002,0,0,0,0,0.0002,0,0,0.0001,0.0002,0,0,0,0,0,0,0,0,0,0,0.2369,0.2575,0.2369,0.2575,1
0,0,1.3182,0,1.3182,3.2956,0,0,0,1.3182,1.3182,0,0.6591,0,0.6591,0,1.3182,0.6591,0,0,0,0,0.0001,0,0.0001,0.0003,0,0,0,0.0001,0.0001,0,0.0001,0,0.0001,0,0.0001,0.0001,0,0,0.1637,0.1771,0.1637,0.1771,1
0.5274,0.5274,1.0549,0.5274,0,2.1098,0.5274,1.5823,1.0549,0,0.5274,0,1.0549,0.5274,0.5274,1.0549,1.0549,1.0549,0,0.5274,0,0,0.0001,0,0,0.0002,0,0.0001,0.0001,0,0,0,0.0001,0,0,0.0001,0.0001,0.0001,0,0,0.2533,0.2192,0.2533,0.2192,1
0,0.5943,0,0.5943,1.1886,0.5943,0.5943,0.5943,1.1886,0,0,1.783,1.783,0,0,1.783,1.1886,0.5943,0,0,0,0,0,0,0.0001,0,0,0,0.0001,0,0,0.0001,0.0001,0,0,0.0001,0.0001,0,0,0,0.225,0.1807,0.225,0.1807,1
0.6504,0,1.3007,0,0.6504,0.6504,0,0,0.6504,1.9511,0,0.6504,6.5036,0,0,2.6014,0,0,0.6504,0,0.0001,0,0.0001,0,0.0001,0.0001,0,0,0.0001,0.0002,0,0.0001,0.0005,0,0,0.0002,0,0,0.0001,0,0.1721,0.1775,0.1721,0.1775,1
0.9892,0,0,0,0,1.9783,0.4946,1.9783,2.4729,0.4946,0,1.4837,0.4946,0,0.4946,0.4946,0.4946,0.4946,0,0.4946,0.0001,0,0,0,0,0.0002,0,0.0002,0.0002,0,0,0.0001,0,0,0,0,0,0,0,0,0.2473,0.2582,0.2473,0.2582,1
1.6123,0.5374,0,0,0,1.0749,1.0749,0,1.0749,0,0,0,2.1498,0,1.0749,0.5374,0.5374,0.5374,0,2.1498,0.0002,0.0001,0,0,0,0.0001,0.0001,0,0.0001,0,0,0,0.0002,0,0.0001,0.0001,0.0001,0.0001,0,0.0002,0.2561,0.2064,0.2561,0.2064,1
0,0.4777,1.433,0.4777,0.4777,1.433,0.4777,0.9553,0.4777,0,0.9553,0.4777,0.4777,0.4777,1.433,0.4777,0.9553,0.9553,0.4777,0.4777,0,0,0.0001,0,0,0.0001,0,0.0001,0,0,0.0001,0,0,0,0.0001,0,0.0001,0.0001,0,0,0.2359,0.2864,0.2359,0.2864,1
2.2324,0,1.1162,0.5581,0,1.1162,0,0.5581,0,0.5581,0,0.5581,0,0,2.2324,0.5581,1.6743,2.2324,0,0.5581,0.0002,0,0.0001,0.0001,0,0.0001,0,0.0001,0,0.0001,0,0.0001,0,0,0.0002,0.0001,0.0002,0.0002,0,0.0001,0.2295,0.2124,0.2295,0.2124,1
0.7972,0,0,0,0.7972,0,0,0.7972,0.7972,2.3916,0,0.7972,0,0,0,0,0,1.5944,0.7972,0.7972,0.0001,0,0,0,0.0001,0,0,0.0001,0.0001,0.0004,0,0.0001,0,0,0,0,0,0.0003,0.0001,0.0001,0.1259,0.0769,0.1259,0.0769,1
0.6471,0,0,0,0,1.9413,0,1.2942,0.6471,0,0,1.9413,0,0.6471,2.5884,0,0,1.2942,0,0,0.0001,0,0,0,0,0.0002,0,0.0001,0.0001,0,0,0.0002,0,0.0001,0.0003,0,0,0.0001,0,0,0.1684,0.1845,0.1684,0.1845,1
1.2339,1.8508,0.6169,0,0.6169,0,0.6169,0,0.6169,1.2339,2.4678,1.2339,1.2339,0,0.6169,0.6169,0,0,0,1.2339,0.0001,0.0001,0,0,0,0,0,0,0,0.0001,0.0002,0.0001,0.0001,0,0,0,0,0,0,0.0001,0.1972,0.1858,0.1972,0.1858,1
0,2.7777,0,0,0.6944,2.7777,0,1.3888,0,1.3888,1.3888,0,0,0.6944,0.6944,1.3888,2.0832,1.3888,0,0.6944,0,0.0002,0,0,0,0.0002,0,0.0001,0,0.0001,0.0001,0,0,0,0,0.0001,0.0001,0.0001,0,0,0.1522,0.1534,0.1522,0.1534,1
0.9058,0.4529,1.8117,0.4529,0,0.4529,0.4529,0.4529,1.8117,0.9058,0,0.9058,0.4529,0.4529,0.9058,0.4529,1.8117,0.4529,0,0,0.0001,0,0.0001,0,0,0,0,0,0.0001,0.0001,0,0.0001,0,0,0.0001,0,0.0001,0,0,0,0.2468,0.3003,0.2468,0.3003,1
0.578,1.1561,0.578,0.578,0,0.578,0,0,0,0,0,1.1561,2.8902,0,1.7341,1.1561,1.7341,1.7341,0,1.1561,0,0.0001,0,0,0,0,0,0,0,0,0,0.0001,0.0002,0,0.0001,0.0001,0.0001,0.0001,0,0.0001,0.2516,0.1704,0.2516,0.1704,1
2.2166,0,0.4433,0,0,2.2166,0,0,2.2166,3.1033,0,0.4433,0,0,0.4433,0,0,0.8866,0.4433,0,0.0002,0,0,0,0,0.0002,0,0,0.0002,0.0002,0,0,0,0,0,0,0,0.0001,0,0,0.2406,0.3161,0.2406,0.3161,1
0.5606,0,1.1212,1.1212,0,0.5606,0,1.1212,0.5606,2.8029,0,0,0.5606,0.5606,0,0.5606,0.5606,1.1212,0,0,0,0,0.0001,0.0001,0,0,0,0.0001,0,0.0002,0,0,0,0,0,0,0,0.0001,0,0,0.1928,0.2467,0.1928,0.2467,1
1.9317,1.2878,1.2878,0,0,1.2878,0,0,1.2878,0.6439,0,0,0,0,0,0.6439,0.6439,0,0.6439,0,0.0001,0.0001,0.0001,0,0,0.0001,0,0,0.0001,0,0,0,0,0,0,0,0,0,0,0,0.2305,0.1256,0.2305,0.1256,1
0,0.5876,1.1753,0.5876,0.5876,0.5876,0.5876,0,1.7629,0,0.5876,0,0.5876,0,0.5876,0,0,1.7629,0,1.1753,0,0.0001,0.0001,0.0001,0.0001,0.0001,0.0001,0,0.0002,0,0.0001,0,0.0001,0,0.0001,0,0,0.0002,0,0.0001,0.177,0.2353,0.177,0.2353,1
4.7867,0,0,0,0.7978,0.7978,0,0.7978,0,2.3934,0.7978,2.3934,1.5956,0,0,0,0,1.5956,0,0,0.0003,0,0,0,0.0001,0.0001,0,0.0001,0,0.0002,0.0001,0.0002,0.0001,0,0,0,0,0.0001,0,0,0.0984,0.1038,0.0984,0.1038,1
0.5981,0,0.5981,0.5981,1.1961,1.7942,0,0,1.7942,0,0.5981,0,0,0.5981,2.3922,1.1961,1.1961,1.1961,0,0,0.0001,0,0.0001,0.0001,0.0001,0.0002,0,0,0.0002,0,0.0001,0,0,0.0001,0.0003,0.0001,0.0001,0.0001,0,0,0.2434,0.1586,0.2434,0.1586,1
0.4765,0,1.9061,0.9531,0,0.4765,1.4296,1.4296,1.9061,0.4765,1.4296,0,0,0.9531,0,0.4765,0,1.4296,0,0,0,0,0.0002,0.0001,0,0,0.0001,0.0001,0.0002,0,0.0001,0,0,0.0001,0,0,0,0.0001,0,0,0.2795,0.2439,0.2795,0.2439,1
0,0,0.4531,3.6247,0,0,0,1.3593,2.7186,0.4531,0,0,0,0,0,0.4531,0.4531,0,0.9062,0.4531,0,0,0,0.0003,0,0,0,0.0001,0.0003,0,0,0,0,0,0,0,0,0,0.0001,0,0.243,0.3039,0.243,0.3039,1
0,0,1.1396,0.5698,1.7094,0,0.5698,0,1.7094,0,0,2.2792,2.2792,0,0.5698,0.5698,0,0,0,0,0,0,0.0001,0.0001,0.0002,0,0.0001,0,0.0002,0,0,0.0002,0.0002,0,0.0001,0.0001,0,0,0,0,0.2588,0.1713,0.2588,0.1713,1
1.4746,0,2.4577,0.4915,0,0,0,0.4915,0.4915,0.4915,0,0,0.4915,0,0.9831,0.9831,0.4915,1.9662,0,0,0.0001,0,0.0002,0,0,0,0,0,0,0,0,0,0,0,0.0001,0.0001,0,0.0002,0,0,0.2348,0.2736,0.2348,0.2736,1
0,3.7478,0,0.6246,0,3.1232,0,0.6246,0,0.6246,0,0.6246,1.8739,0,1.2493,0.6246,3.7478,1.2493,0.6246,0,0,0.0001,0,0,0,0.0001,0,0,0,0,0,0,0.0001,0,0,0,0.0001,0,0,0,0.1855,0.1899,0.1855,0.1899,1
0.5249,0.5249,2.0996,0,0.5249,1.0498,0.5249,1.0498,0,0,2.0996,0.5249,0.5249,0,2.6245,0.5249,0,0,0,0.5249,0,0,0.0001,0,0,0.0001,0,0.0001,0,0,0.0001,0,0,0,0.0002,0,0,0,0,0,0.2529,0.2222,0.2529,0.2222,1
0.6023,0.6023,0.6023,0,0,1.2046,0,0.6023,2.4093,1.2046,0.6023,0,0.6023,0,1.2046,0.6023,0,0,0,0,0.0001,0.0001,0.0001,0,0,0.0001,0,0.0001,0.0002,0.0001,0.0001,0,0.0001,0,0.0001,0.0001,0,0,0,0,0.2032,0.1944,0.2032,0.1944,1
1.2558,0,0,0,0.6279,1.2558,0,0,0,1.2558,0.6279,0.6279,0,0.6279,1.8836,0.6279,0,0.6279,0,0,0.0002,0,0,0,0.0001,0.0002,0,0,0,0.0002,0.0001,0.0001,0,0.0001,0.0002,0.0001,0,0.0001,0,0,0.16,0.2121,0.16,0.2121,1
0.5514,1.1028,0.5514,0,1.1028,0.5514,1.1028,0,0.5514,0,1.1028,0,0,0,0.5514,0,1.1028,1.6542,0.5514,0.5514,0,0.0001,0,0,0.0001,0,0.0001,0,0,0,0.0001,0,0,0,0,0,0.0001,0.0001,0,0,0.2281,0.2206,0.2281,0.2206,1
0,3.724,1.2413,0,0,3.1034,0,0,0,0.6207,0,0.6207,1.862,0.6207,0.6207,1.2413,2.4827,1.862,0.6207,0,0,0.0001,0,0,0,0.0001,0,0,0,0,0,0,0.0001,0,0,0,0.0001,0.0001,0,0,0.1674,0.212,0.1674,0.212,1
1.0034,0,1.0034,1.0034,0,0.5017,0,1.5052,1.0034,2.0069,0.5017,1.5052,0,2.0069,0.5017,0,0.5017,0.5017,0,0,0.0001,0,0.0001,0.0001,0,0,0,0.0001,0.0001,0.0002,0,0.0001,0,0.0002,0,0,0,0,0,0,0.2772,0.2211,0.2772,0.2211,1
0,0.6058,0,0.6058,1.2115,0,0,0.6058,0.6058,0.6058,0,1.8173,0,0,1.8173,0.6058,0,0.6058,0,0,0,0.0001,0,0.0001,0.0001,0,0,0.0001,0.0001,0.0001,0,0.0002,0,0,0.0002,0.0001,0,0.0001,0,0,0.2486,0.1456,0.2486,0.1456,1
0,0,0.6096,1.2191,0,1.2191,0.6096,0.6096,0,1.2191,0,0.6096,1.8287,0,1.8287,1.2191,1.2191,0.6096,0,0,0,0,0.0001,0.0002,0,0.0002,0.0001,0.0001,0,0.0002,0,0.0001,0.0002,0,0.0002,0.0002,0.0002,0.0001,0,0,0.1817,0.2088,0.1817,0.2088,1
0,0,0,0,0,0,0,0,2.3981,0,0,0,0,0.7994,4.7963,0,0.7994,0,0,0,0,0,0,0,0,0,0,0,0.0028,0,0,0,0,0.0009,0.0056,0,0.0009,0,0,0,0.1003,0.1003,0.1003,0.1003,1
2.2044,0,0,0,0.5511,0,0.5511,1.1022,1.1022,0,0,0,1.6533,0,2.2044,0.5511,0,1.6533,0,0.5511,0.0003,0,0,0,0.0001,0,0.0001,0.0002,0.0002,0,0,0,0.0002,0,0.0003,0.0001,0,0.0002,0,0.0001,0.287,0.1619,0.287,0.1619,1
0.6934,0,0,0,0.6934,0.6934,0,1.3867,0.6934,0,0.6934,0,0,0.6934,0.6934,1.3867,1.3867,0,0,1.3867,0.0001,0,0,0,0.0001,0.0001,0,0.0002,0.0001,0,0.0001,0,0,0.0001,0.0001,0.0002,0.0002,0,0,0.0002,0.1724,0.1342,0.1724,0.1342,1
0.5802,0,0,0.5802,1.1605,0.5802,0,2.3209,0,2.3209,0,0.5802,0,1.1605,6.3826,0,0,0,0,0,0.0001,0,0,0.0001,0.0001,0.0001,0,0.0002,0,0.0002,0,0.0001,0,0.0001,0.0007,0,0,0,0,0,0.2024,0.2174,0.2024,0.2174,1
0,3.5852,0.5975,0.5975,0.5975,2.9877,0,0,0,0.5975,0,1.1951,2.3902,0,0.5975,0,2.9877,1.1951,0.5975,0,0,0.0001,0,0,0,0.0001,0,0,0,0,0,0,0.0001,0,0,0,0.0001,0,0,0,0.2196,0.1829,0.2196,0.1829,1
0.6285,0,0,1.257,1.8854,0,0,1.257,1.257,0.6285,0.6285,0.6285,1.8854,0,0,0.6285,0.6285,1.257,0,0,0.0001,0,0,0.0001,0.0002,0,0,0.0001,0.0001,0.0001,0.0001,0.0001,0.0002,0,0,0.0001,0.0001,0.0001,0,0,0.228,0.1435,0.228,0.1435,1
0.647,1.294,1.294,0,0,2.5879,0,0,0,1.294,1.294,0,1.294,0,0,0.647,1.294,0,1.294,0,0,0.0001,0.0001,0,0,0.0001,0,0,0,0.0001,0.0001,0,0.0001,0,0,0,0.0001,0,0.0001,0,0.1631,0.1899,0.1631,0.1899,1
1.0658,1.0658,1.0658,1.0658,0.5329,0.5329,0.5329,0.5329,1.5988,0.5329,0,0.5329,0,0,0,0.5329,1.0658,1.0658,0,0,0.0001,0.0001,0.0001,0.0001,0,0,0,0,0.0001,0,0,0,0,0,0,0,0.0001,0.0001,0,0,0.2215,0.2456,0.2215,0.2456,1
1.9798,0,1.3199,0.6599,0.6599,0.6599,0,0,1.3199,0.6599,0,1.3199,0,0.6599,0,0,0.6599,0,0,0,0.0002,0,0.0002,0.0001,0.0001,0.0001,0,0,0.0002,0.0001,0,0.0002,0,0.0001,0,0,0.0001,0,0,0,0.1634,0.1767,0.1634,0.1767,1
1.6759,0,0.5586,0.5586,1.1172,2.2345,0,0.5586,0.5586,0.5586,0.5586,1.1172,0,0,1.1172,0,0,1.1172,0,0,0.0001,0,0,0,0.0001,0.0002,0,0,0,0,0,0.0001,0,0,0.0001,0,0,0.0001,0,0,0.205,0.2364,0.205,0.2364,1
3.3949,0.679,0.679,0,0.679,2.0369,1.358,0.679,0,0.679,0,0.679,1.358,0.679,0.679,0.679,0,2.0369,0.679,0,0.0002,0,0,0,0,0.0001,0.0001,0,0,0,0,0,0.0001,0,0,0,0,0.0001,0,0,0.1523,0.1687,0.1523,0.1687,1
1.171,0.5855,0.5855,0,0.5855,1.171,0.5855,0.5855,1.171,0.5855,0,2.9276,0.5855,0,0.5855,1.171,0,0,0,0,0.0001,0,0,0,0,0.0001,0,0,0.0001,0,0,0.0002,0,0,0,0.0001,0,0,0,0,0.19,0.2244,0.19,0.2244,1
1.1718,0,0,0.5859,0,0.5859,1.1718,0.5859,1.1718,4.6873,0,0.5859,1.1718,0,0,1.1718,0,1.7577,0,0,0.0001,0,0,0,0,0,0.0001,0,0.0001,0.0003,0,0,0.0001,0,0,0.0001,0,0.0001,0,0,0.1687,0.2453,0.1687,0.2453,1
0,0,0.4906,0.4906,0,0.9811,0.9811,0.4906,0,3.434,0.4906,0,2.9434,0,1.9623,0.9811,0.9811,0.4906,0,0,0,0,0.0001,0.0001,0,0.0001,0.0001,0.0001,0,0.0004,0.0001,0,0.0004,0,0.0003,0.0001,0.0001,0.0001,0,0,0.2774,0.232,0.2774,0.232,1
0,0,0,0,0,0,0,1.3622,0,0.6811,2.0432,0,0,0.6811,2.0432,0.6811,0.6811,0,0,0,0,0,0,0,0,0,0,0.0003,0,0.0001,0.0004,0,0,0.0001,0.0004,0.0001,0.0001,0,0,0,0.1952,0.1237,0.1952,0.1237,1
1.6188,4.3169,0,0.5396,0,1.0792,0,0.5396,1.0792,0,2.1584,0.5396,1.0792,0,1.0792,0.5396,1.0792,0.5396,0,0,0.0001,0.0002,0,0,0,0,0,0,0,0,0.0001,0,0,0,0,0,0,0,0,0,0.2161,0.2443,0.2161,0.2443,1
0.44,0,0.44,3.9602,0.44,0,0,0.44,3.5202,1.7601,0,0,0,1.3201,0,0,0,0.44,0.44,0,0,0,0,0.0004,0,0,0,0,0.0004,0.0002,0,0,0,0.0001,0,0,0,0,0,0,0.263,0.297,0.263,0.297,1
1.7224,3.4447,0,0,1.7224,1.7224,0,0,0,2.2965,0.5741,0.5741,0,0.5741,1.1482,0.5741,1.1482,0.5741,0.5741,0.5741,0.0001,0.0001,0,0,0.0001,0.0001,0,0,0,0.0001,0,0,0,0,0,0,0,0,0,0,0.2198,0.2061,0.2198,0.2061,1
0,0,0.7558,0,0.7558,0,0,0,0.7558,2.2674,0.7558,0.7558,0.7558,0,0,0,0.7558,2.2674,0,0,0,0,0.0001,0,0.0001,0,0,0,0.0001,0.0004,0.0001,0.0001,0.0001,0,0,0,0.0001,0.0004,0,0,0.1358,0.1084,0.1358,0.1084,1
0.8874,0.8874,0,0,0,0,1.331,0.4437,2.2184,1.331,1.7747,0,0.4437,0,1.331,0,1.331,0.4437,0,0,0.0001,0.0001,0,0,0,0,0.0001,0,0.0002,0.0001,0.0001,0,0,0,0.0001,0,0.0001,0,0,0,0.2462,0.3102,0.2462,0.3102,1
0,0,0,0,0,0,0,1.3683,0.6841,2.0524,0.6841,0.6841,0,1.3683,0.6841,0,0,0.6841,0,2.0524,0,0,0,0,0,0,0,0.0002,0.0001,0.0003,0.0001,0.0001,0,0.0002,0.0001,0,0,0.0001,0,0.0003,0.1534,0.1624,0.1534,0.1624,1
1.423,0.7115,0.7115,0,0.7115,0,0,0.7115,0.7115,2.1345,0.7115,1.423,1.423,0.7115,0,0.7115,0.7115,1.423,0,0,0.0001,0.0001,0.0001,0,0.0001,0,0,0.0001,0.0001,0.0002,0.0001,0.0001,0.0001,0.0001,0,0.0001,0.0001,0.0001,0,0,0.1578,0.1307,0.1578,0.1307,1
0.445,1.335,0,0,0.445,0,0.445,0,1.78,0.445,0.445,0,0.445,0,4.005,0,0.445,0.445,0.445,0.89,0,0.0001,0,0,0,0,0,0,0.0001,0,0,0,0,0,0.0003,0,0,0,0,0.0001,0.2565,0.2985,0.2565,0.2985,1
0,0.5292,0.5292,0,0,3.1754,0.5292,0.5292,1.0585,1.0585,0.5292,0.5292,0,0,0.5292,0.5292,0.5292,0.5292,0.5292,0,0,0,0,0,0,0.0002,0,0,0.0001,0.0001,0,0,0,0,0,0,0,0,0,0,0.2228,0.2479,0.2228,0.2479,1
0.6979,0.6979,0.6979,0,2.0937,0,0.6979,0,0,1.3958,0.6979,2.0937,0,0,0,0,0.6979,0.6979,0,0,0,0,0,0,0.0001,0,0,0,0,0.0001,0,0.0001,0,0,0,0,0,0,0,0,0.1544,0.1477,0.1544,0.1477,1
1.4571,0,0,0,0.7286,0,0,0.7286,0.7286,1.4571,0,0,0,0,0.7286,0,1.4571,0.7286,0,0.7286,0.0003,0,0,0,0.0001,0,0,0.0001,0.0001,0.0003,0,0,0,0,0.0001,0,0.0003,0.0001,0,0.0001,0.1453,0.1261,0.1453,0.1261,1
1.1119,0,0,1.6678,0,1.1119,0,0.5559,1.6678,0.5559,1.1119,0,0.5559,0,1.6678,0,0.5559,1.6678,0,1.1119,0.0001,0,0,0.0002,0,0.0001,0,0.0001,0.0002,0.0001,0.0001,0,0.0001,0,0.0002,0,0.0001,0.0002,0,0.0001,0.2017,0.2424,0.2017,0.2424,1
0,0,0.6533,1.3065,1.3065,0,0,0,0.6533,3.2663,0,0,0,0,2.6131,0,0,0.6533,0,0,0,0,0.0001,0.0002,0.0002,0,0,0,0.0001,0.0005,0,0,0,0,0.0004,0,0,0.0001,0,0,0.1989,0.1478,0.1989,0.1478,1
1.3463,1.3463,0.6731,1.3463,0.6731,0,0.6731,0.6731,0.6731,2.0194,0,0.6731,0.6731,0,0,0.6731,0.6731,0.6731,0,0,0.0001,0.0001,0,0.0001,0,0,0,0,0,0.0001,0,0,0,0,0,0,0,0,0,0,0.1605,0.1663,0.1605,0.1663,1
0,0,0,0,0.7089,3.5445,0,0,0.7089,0.7089,0,0,0.7089,0.7089,0,0.7089,0,0.7089,1.4178,0,0,0,0,0,0.0001,0.0003,0,0,0.0001,0.0001,0,0,0.0001,0.0001,0,0.0001,0,0.0001,0.0001,0,0.1401,0.151,0.1401,0.151,1
1.1266,0,0,0,1.1266,0,0,0.5633,2.8165,0.5633,0,0,0,0.5633,3.3798,0,0,1.6899,0,0,0.0002,0,0,0,0.0002,0,0,0.0001,0.0004,0.0001,0,0,0,0.0001,0.0005,0,0,0.0003,0,0,0.3783,0.0584,0.3783,0.0584,1
2.4038,0.6009,0,1.8028,0,0.6009,0,0.6009,1.2019,0.6009,0,0,0.6009,0,6.0095,0,1.8028,0,0.6009,0,0.0002,0,0,0.0001,0,0,0,0,0.0001,0,0,0,0,0,0.0005,0,0.0001,0,0,0,0.2219,0.1771,0.2219,0.1771,1
1.4334,0,0,0,1.9113,0,0.4778,1.4334,3.3447,0.4778,0,0,0,0,0,0,0.9556,0.9556,0,0,0.0002,0,0,0,0.0002,0,0.0001,0.0002,0.0004,0.0001,0,0,0,0,0,0,0.0001,0.0001,0,0,0.2246,0.2975,0.2246,0.2975,1
2.0722,2.0722,0,0.6907,0.6907,0.6907,0,0,1.3815,0,0.6907,0,0.6907,0.6907,0.6907,0,0.6907,1.3815,0,0,0.0001,0.0001,0,0,0,0,0,0,0.0001,0,0,0,0,0,0,0,0,0.0001,0,0,0.1693,0.14,0.1693,0.14,1
1.2086,0,0,0,0,2.4171,0,0,0,0.6043,0,0.6043,3.0214,0,1.8129,0,0,1.2086,0.6043,0.6043,0.0001,0,0,0,0,0.0002,0,0,0,0.0001,0,0.0001,0.0003,0,0.0002,0,0,0.0001,0.0001,0.0001,0.1922,0.2035,0.1922,0.2035,1
0.6798,0.6798,0.6798,0.6798,2.7192,0.6798,0,0.6798,0.6798,1.3596,0.6798,0.6798,2.0394,0,0,0.6798,0.6798,0,0,0,0,0,0,0,0.0002,0,0,0,0,0.0001,0,0,0.0001,0,0,0,0,0,0,0,0.1479,0.1723,0.1479,0.1723,1
0.7344,0.7344,0.7344,0,0.7344,0.7344,0,1.4688,0.7344,2.9375,0,0,1.4688,0.7344,0,0.7344,2.2032,0.7344,0,0,0.0001,0.0001,0.0001,0,0.0001,0.0001,0,0.0001,0.0001,0.0002,0,0,0.0001,0.0001,0,0.0001,0.0002,0.0001,0,0,0.1114,0.1542,0.1114,0.1542,1
1.3641,2.7282,0.6821,0,1.3641,0,0.6821,0.6821,0,0.6821,0.6821,0.6821,1.3641,0.6821,0,0,2.7282,2.0462,0,0.6821,0.0001,0.0001,0,0,0.0001,0,0,0,0,0,0,0,0.0001,0,0,0,0.0001,0.0001,0,0,0.1766,0.1414,0.1766,0.1414,1
0,0,0,0,0,2.6822,2.0117,0,2.6822,0,0,0.6706,0,0,0,0,0,0.6706,0,0,0,0,0,0,0,0.0005,0.0004,0,0.0005,0,0,0.0001,0,0,0,0,0,0.0001,0,0,0.1782,0.1512,0.1782,0.1512,1
3.4161,0,0,0.6832,0,0,0,0.6832,2.7329,2.0496,0,0,0.6832,0,0.6832,0.6832,0,2.0496,0,0,0.0004,0,0,0.0001,0,0,0,0.0001,0.0003,0.0002,0,0,0.0001,0,0.0001,0.0001,0,0.0002,0,0,0.1593,0.1575,0.1593,0.1575,1
1.073,0,0,0,0.5365,0.5365,0,0,1.6094,0,0,1.6094,3.2189,1.073,0.5365,2.1459,1.073,1.073,0.5365,0.5365,0.0001,0,0,0,0,0,0,0,0.0001,0,0,0.0001,0.0003,0.0001,0,0.0002,0.0001,0.0001,0,0,0.2291,0.2345,0.2291,0.2345,1
0,2.9363,0,0,0,2.349,0,0,0,1.1745,0,0,0,0,2.349,0,0,0.5873,0.5873,0.5873,0,0.0002,0,0,0,0.0001,0,0,0,0.0001,0,0,0,0,0.0001,0,0,0,0,0,0.2116,0.2012,0.2116,0.2012,1
2.2062,0.5515,1.1031,0.5515,0.5515,0,0.5515,0,0.5515,0.5515,0.5515,0,0,0,1.1031,0,1.1031,0.5515,0,0,0.0002,0.0001,0.0001,0.0001,0.0001,0,0.0001,0,0.0001,0.0001,0.0001,0,0,0,0.0001,0,0.0001,0.0001,0,0,0.1948,0.2537,0.1948,0.2537,1
0.47,0,0,1.8801,0.47,0,0.47,1.4101,2.8202,0.9401,0.47,0,0,0.47,1.4101,0,0.47,0.47,0,0,0.0001,0,0,0.0002,0.0001,0,0.0001,0.0002,0.0003,0.0001,0.0001,0,0,0.0001,0.0002,0,0.0001,0.0001,0,0,0.2713,0.2586,0.2713,0.2586,1
1.1984,1.1984,0.5992,0.5992,0.5992,0,0.5992,0.5992,0.5992,1.1984,0,0,1.1984,0,1.1984,0,1.1984,1.7976,0,0.5992,0.0001,0.0001,0,0,0,0,0,0,0,0.0001,0,0,0.0001,0,0.0001,0,0.0001,0.0001,0,0,0.2249,0.1759,0.2249,0.1759,1
0,0.6853,0,0,0.6853,2.056,0,0,0,2.056,0.6853,0,0.6853,0,1.3707,0.6853,0,1.3707,0.6853,0,0,0.0001,0,0,0.0001,0.0002,0,0,0,0.0002,0.0001,0,0.0001,0,0.0001,0.0001,0,0.0001,0.0001,0,0.1808,0.1338,0.1808,0.1338,1
0.7185,0,0,0,0,0,0,0.7185,1.437,0.7185,0,0,0,0.7185,1.437,0.7185,0,0,0.7185,0,0.0002,0,0,0,0,0,0,0.0002,0.0003,0.0002,0,0,0,0.0002,0.0003,0.0002,0,0,0.0002,0,0.1882,0.0933,0.1882,0.0933,1
0.8911,0,1.7822,2.6733,0.8911,0,0,1.3367,0.8911,1.3367,0,0,0,0.8911,0,0.4456,0.8911,0.8911,0,0.4456,0.0001,0,0.0001,0.0002,0.0001,0,0,0.0001,0.0001,0.0001,0,0,0,0.0001,0,0,0.0001,0.0001,0,0,0.2779,0.2765,0.2779,0.2765,1
2.0977,0,0,0.5244,1.5732,1.5732,0.5244,0.5244,0.5244,0.5244,0.5244,0,0,0,1.0488,0.5244,1.0488,0.5244,0.5244,0.5244,0.0002,0,0,0,0.0001,0.0001,0,0,0,0,0,0,0,0,0.0001,0,0.0001,0,0,0,0.2245,0.2511,0.2245,0.2511,1
1.6359,0.5453,1.0906,0.5453,0,0.5453,0,1.0906,1.0906,1.0906,0,1.0906,0.5453,0.5453,0,1.6359,2.7264,1.6359,0,0.5453,0.0001,0,0.0001,0,0,0,0,0.0001,0.0001,0.0001,0,0.0001,0,0,0,0.0001,0.0002,0.0001,0,0,0.2518,0.2029,0.2518,0.2029,1
1.4718,0,0,0,0,1.4718,0,0.7359,0,0.7359,0,1.4718,1.4718,0.7359,2.2077,1.4718,0.7359,0,0,0,0.0002,0,0,0,0,0.0002,0,0.0001,0,0.0001,0,0.0002,0.0002,0.0001,0.0002,0.0002,0.0001,0,0,0,0.1179,0.1461,0.1179,0.1461,1
0.6763,0,0,0,0.6763,0.6763,0.6763,0.6763,1.3525,1.3525,1.3525,0,0,0,0.6763,0,0,0,0.6763,1.3525,0.0001,0,0,0,0.0001,0.0001,0.0001,0.0001,0.0002,0.0002,0.0002,0,0,0,0.0001,0,0,0,0.0001,0.0002,0.2049,0.1188,0.2049,0.1188,1
0.6637,0,0.6637,0.6637,0,3.9821,0,0.6637,0,3.3184,0.6637,0,0,0,0,0,0,1.3274,0,0,0.0001,0,0.0001,0.0001,0,0.0003,0,0.0001,0,0.0003,0.0001,0,0,0,0,0,0,0.0001,0,0,0.1473,0.189,0.1473,0.189,1
1.3092,0,0.4364,0,0,2.6184,0.4364,0,1.3092,3.0548,0,0,0,0.4364,0.8728,0,0.4364,0.4364,0.4364,0.4364,0.0001,0,0,0,0,0.0002,0,0,0.0001,0.0002,0,0,0,0,0.0001,0,0,0,0,0,0.2459,0.3177,0.2459,0.3177,1
0.6907,0.6907,0,0.6907,2.7626,0.6907,0,1.3813,0.6907,1.3813,0,0,2.7626,0,0,0.6907,0.6907,0.6907,0,0,0,0,0,0,0.0002,0,0,0.0001,0,0.0001,0,0,0.0002,0,0,0,0,0,0,0,0.1601,0.1492,0.1601,0.1492,1
1.9401,0.6467,0,0,1.2934,0,0.6467,0,1.2934,0,0.6467,0.6467,0,0,0.6467,0.6467,1.2934,0,0,0,0.0002,0.0001,0,0,0.0001,0,0.0001,0,0.0001,0,0.0001,0.0001,0,0,0.0001,0.0001,0.0001,0,0,0,0.171,0.1823,0.171,0.1823,1
0.4931,0,1.4794,0,1.4794,0.9863,0.9863,0,0.4931,0.4931,0,0,0.9863,0.9863,2.9589,0.4931,0.4931,0.4931,0.9863,0,0,0,0.0001,0,0.0001,0.0001,0.0001,0,0,0,0,0,0.0001,0.0001,0.0002,0,0,0,0.0001,0,0.2552,0.2517,0.2552,0.2517,1
0.9543,0.9543,0,0,0.9543,0.4771,0,0.9543,1.4314,0.9543,0,0,0.4771,0.4771,2.3856,0.9543,0.4771,0,0.9543,0,0.0001,0.0001,0,0,0.0001,0,0,0.0001,0.0001,0.0001,0,0,0,0,0.0002,0.0001,0,0,0.0001,0,0.2751,0.2478,0.2751,0.2478,1
0,0,0,0,2.744,2.058,0,0,0.686,2.058,0,0,0,0,0.686,0.686,0,0,0,0,0,0,0,0,0.0003,0.0002,0,0,0.0001,0.0002,0,0,0,0,0.0001,0.0001,0,0,0,0,0.1131,0.2009,0.1131,0.2009,1
0.477,0,0.954,0.477,0.477,1.908,0.954,0,0,0.477,1.431,0.477,0.477,0,1.431,0,0.477,0.954,0.954,0,0,0,0.0001,0,0,0.0001,0.0001,0,0,0,0.0001,0,0,0,0.0001,0,0,0.0001,0.0001,0,0.2853,0.2377,0.2853,0.2377,1
2.1155,0,2.1155,0.7052,0,0.7052,0,0,0,1.4103,0,0,0,0,0,0,0.7052,2.1155,0,0.7052,0.0002,0,0.0002,0.0001,0,0.0001,0,0,0,0.0002,0,0,0,0,0,0,0.0001,0.0002,0,0.0001,0.1683,0.1265,0.1683,0.1265,1
0.4795,0,0.4795,0.4795,0.4795,2.3974,0,1.4385,1.9179,0.4795,0.4795,1.4385,0.4795,0,0.4795,0.4795,1.4385,0.4795,0.4795,0,0,0,0,0,0,0.0002,0,0.0001,0.0001,0,0,0.0001,0,0,0,0,0.0001,0,0,0,0.2432,0.2773,0.2432,0.2773,1
1.8208,0.4552,0.9104,0.9104,0.4552,0,0.9104,0.9104,2.276,0.9104,0.4552,0,0.9104,0,0,1.3656,0,0.4552,0,0,0.0001,0,0.0001,0.0001,0,0,0.0001,0.0001,0.0002,0.0001,0,0,0.0001,0,0,0.0001,0,0,0,0,0.2541,0.2907,0.2541,0.2907,1
0.4899,0,0,0.9799,0.4899,1.9597,0,0,0.4899,1.9597,0,0,0.4899,0,1.4698,0,0,0,1.4698,0,0,0,0,0.0001,0,0.0002,0,0,0,0.0002,0,0,0,0,0.0001,0,0,0,0.0001,0,0.2457,0.2643,0.2457,0.2643,1
0.6114,3.6685,0.6114,0.6114,0,3.057,0,0.6114,0,1.2228,0,0.6114,1.8342,0,0.6114,1.2228,2.4456,0.6114,0.6114,0,0,0.0001,0,0,0,0.0001,0,0,0,0,0,0,0.0001,0,0,0,0.0001,0,0,0,0.1759,0.2127,0.1759,0.2127,1
0,0,1.2017,1.2017,0,0.6008,0.6008,0,0,2.4033,0,1.2017,0,0,0.6008,0,0,1.2017,0,0,0,0,0.0001,0.0001,0,0.0001,0.0001,0,0,0.0002,0,0.0001,0,0,0.0001,0,0,0.0001,0,0,0.1993,0.1999,0.1993,0.1999,1
1.3919,1.3919,0,0,2.7838,1.3919,0,0,0,0.696,1.3919,0.696,4.1757,0.696,2.0879,0,2.0879,0.696,0,0,0.0001,0.0001,0,0,0.0002,0.0001,0,0,0,0,0.0001,0,0.0002,0,0.0001,0,0.0001,0,0,0,0.1607,0.1433,0.1607,0.1433,1
1.1863,0,0,0,0,1.1863,0.5932,0,0.5932,0,1.1863,0.5932,3.559,0,1.7795,0,1.1863,0.5932,0,1.1863,0.0002,0,0,0,0,0.0002,0.0001,0,0.0001,0,0.0002,0.0001,0.0005,0,0.0002,0,0.0002,0.0001,0,0.0002,0.194,0.2128,0.194,0.2128,1
1.866,0,0.622,0,0.622,0.622,0.622,0,0.622,1.244,1.244,0,0.622,0.622,0.622,0.622,0.622,0.622,0.622,0.622,0.0002,0,0.0001,0,0.0001,0.0001,0.0001,0,0.0001,0.0001,0.0001,0,0.0001,0.0001,0.0001,0.0001,0.0001,0.0001,0.0001,0.0001,0.1916,0.1864,0.1916,0.1864,1
2.984,0,0.5968,0.5968,1.1936,0.5968,0.5968,0,1.1936,0.5968,0.5968,0.5968,1.1936,0,0,0,1.1936,0.5968,0,0,0.0003,0,0.0001,0.0001,0.0001,0.0001,0.0001,0,0.0001,0.0001,0.0001,0.0001,0.0001,0,0,0,0.0001,0.0001,0,0,0.2056,0.1976,0.2056,0.1976,1
2.6681,0.667,1.334,1.334,0,1.334,0,0.667,0,2.6681,0,0.667,0.667,0,0.667,0,1.334,0.667,0,0,0.0002,0.0001,0.0001,0.0001,0,0.0001,0,0.0001,0,0.0002,0,0.0001,0.0001,0,0.0001,0,0.0001,0.0001,0,0,0.1538,0.1792,0.1538,0.1792,1
2.823,0,1.4115,0.7058,1.4115,0,0,0.7058,0,0,0.7058,0,0,0,0,0.7058,0.7058,2.823,0,0,0.0003,0,0.0001,0.0001,0.0001,0,0,0.0001,0,0,0.0001,0,0,0,0,0.0001,0.0001,0.0003,0,0,0.1775,0.1168,0.1775,0.1168,1
1.1234,0,0,0,0.5617,0,0,0.5617,1.685,2.8084,0,0,0,0,3.3701,0,0,0,0,0,0.0002,0,0,0,0.0001,0,0,0.0001,0.0003,0.0005,0,0,0,0,0.0006,0,0,0,0,0,0.4209,0.0174,0.4209,0.0174,1
0.589,0,0.589,0.589,0,3.5342,0,0,0.589,0,0.589,0.589,1.7671,0.589,1.1781,0,0,0.589,0.589,0,0.0001,0,0.0001,0.0001,0,0.0004,0,0,0.0001,0,0.0001,0.0001,0.0002,0.0001,0.0001,0,0,0.0001,0.0001,0,0.2017,0.2093,0.2017,0.2093,1
0.6608,0,0.6608,0,0,1.3216,0.6608,0.6608,0,0.6608,1.3216,0.6608,0.6608,0,1.3216,0,0,0.6608,0,0,0.0001,0,0.0001,0,0,0.0002,0.0001,0.0001,0,0.0001,0.0002,0.0001,0.0001,0,0.0002,0,0,0.0001,0,0,0.1848,0.1544,0.1848,0.1544,1
0,0,0,0,2.2937,0.7646,0,0.7646,0.7646,1.5291,0,0,0.7646,0,0,0,1.5291,0,0.7646,0,0,0,0,0,0.0003,0.0001,0,0.0001,0.0001,0.0002,0,0,0.0001,0,0,0,0.0002,0,0.0001,0,0.1249,0.1105,0.1249,0.1105,1
0,1.4604,0.9736,0,0.4868,0.4868,0.4868,0,1.9472,0,2.9208,0,0,0,0.9736,0.4868,0.9736,0.9736,0,1.4604,0,0.0001,0.0001,0,0,0,0,0,0.0001,0,0.0002,0,0,0,0.0001,0,0.0001,0.0001,0,0.0001,0.2939,0.2193,0.2939,0.2193,1
1.6221,0,0,1.6221,0,0.5407,1.0814,1.0814,0,4.8663,0,0.5407,2.7035,0,1.0814,0,0,0,0,0,0.0002,0,0,0.0002,0,0.0001,0.0001,0.0001,0,0.0005,0,0.0001,0.0003,0,0.0001,0,0,0,0,0,0.2751,0.1842,0.2751,0.1842,1
0.6007,0,0,0,0,0.6007,0,0,3.0035,0.6007,0.6007,0.6007,0,0,1.2014,0,0,3.6042,0,0.6007,0.0001,0,0,0,0,0.0001,0,0,0.0004,0.0001,0.0001,0.0001,0,0,0.0002,0,0,0.0005,0,0.0001,0.2947,0.1046,0.2947,0.1046,1
1.2683,0.6342,0,0,0.6342,0,1.2683,1.2683,1.2683,0,2.5367,0,0,0,0,0.6342,0.6342,1.9025,0,1.2683,0.0001,0.0001,0,0,0.0001,0,0.0001,0.0001,0.0001,0,0.0002,0,0,0,0,0.0001,0.0001,0.0002,0,0.0001,0.1795,0.1863,0.1795,0.1863,1
1.1368,1.7052,0.5684,0.5684,0,0,1.1368,0.5684,0,0,0.5684,0.5684,0,1.1368,1.1368,1.7052,0,0,0,0,0.0001,0.0001,0,0,0,0,0.0001,0,0,0,0,0,0,0.0001,0.0001,0.0001,0,0,0,0,0.2057,0.2259,0.2057,0.2259,1
1.0082,0.5041,0.5041,0.5041,1.0082,0.5041,0.5041,0.5041,0.5041,0,0,0,0,1.0082,2.0163,0.5041,1.0082,3.5285,0,0,0.0001,0,0,0,0.0001,0,0,0,0,0,0,0,0,0.0001,0.0002,0,0.0001,0.0003,0,0,0.2369,0.259,0.2369,0.259,1
1.4988,0.7494,0,0.7494,1.4988,0.7494,0,0.7494,0.7494,0,0,0,0,0.7494,0.7494,0,0.7494,0,0,0,0.0002,0.0001,0,0.0001,0.0002,0.0001,0,0.0001,0.0001,0,0,0,0,0.0001,0.0001,0,0.0001,0,0,0,0.1761,0.0745,0.1761,0.0745,1
2.9259,0.7315,0,1.4629,0,1.4629,0,0,0,1.4629,1.4629,0,0.7315,0.7315,0,0,1.4629,0.7315,0,0,0.0002,0.0001,0,0.0001,0,0.0001,0,0,0,0.0001,0.0001,0,0.0001,0.0001,0,0,0.0001,0.0001,0,0,0.1204,0.1482,0.1204,0.1482,1
1.641,0,0,0,1.641,1.641,0,0,0,4.9231,0.8205,0,0,0.8205,0,0.8205,0.8205,0,0,0,0.0002,0,0,0,0.0002,0.0002,0,0,0,0.0005,0.0001,0,0,0.0001,0,0.0001,0.0001,0,0,0,0.0942,0.0853,0.0942,0.0853,1
1.3379,0.6689,0,2.0068,0,0.6689,0,0.6689,0.6689,0.6689,0,0,0.6689,0,0,0,2.6757,1.3379,0,0,0.0002,0.0001,0,0.0002,0,0.0001,0,0.0001,0.0001,0.0001,0,0,0.0001,0,0,0,0.0003,0.0002,0,0,0.1941,0.1369,0.1941,0.1369,1
0.5992,0,0,0.5992,0,0,0,0.5992,1.1984,1.1984,0.5992,1.1984,0,0,1.1984,1.1984,0,0,0,0.5992,0.0001,0,0,0.0001,0,0,0,0.0001,0.0001,0.0001,0.0001,0.0001,0,0,0.0001,0.0001,0,0,0,0.0001,0.2303,0.1705,0.2303,0.1705,1
0.474,0,0,0,0.474,0.474,1.4219,0.9479,1.4219,0.474,0,0.474,0,0.474,1.4219,0,1.4219,1.8959,0.9479,0.9479,0.0001,0,0,0,0.0001,0.0001,0.0002,0.0001,0.0002,0.0001,0,0.0001,0,0.0001,0.0002,0,0.0002,0.0002,0.0001,0.0001,0.2991,0.2269,0.2991,0.2269,1
0,2.3158,0,0,0.5789,1.7368,0,0.5789,0,0.5789,0,0,0.5789,0,2.8947,0,0,0.5789,0,0.5789,0,0.0001,0,0,0,0.0001,0,0,0,0,0,0,0,0,0.0002,0,0,0,0,0,0.243,0.1781,0.243,0.1781,1
0.8326,0,0,0,0,0.8326,0,0,3.3306,0,0,0,0,0,0,0,0.8326,4.1632,0,0.8326,0.0002,0,0,0,0,0.0002,0,0,0.0008,0,0,0,0,0,0,0,0.0002,0.001,0,0.0002,0.0632,0.1041,0.0632,0.1041,1
1.4193,0,0,0,2.129,0.7097,0,1.4193,0.7097,0.7097,0,0.7097,0,0,0,0.7097,0,0,0.7097,0,0.0001,0,0,0,0.0002,0.0001,0,0.0001,0.0001,0.0001,0,0.0001,0,0,0,0.0001,0,0,0.0001,0,0.1213,0.169,0.1213,0.169,1
0.9944,0,0.9944,0.9944,0,0,0,0,1.9887,0.9944,0,0.9944,0,0,0.4972,0.9944,0.4972,1.4915,0.4972,0,0.0001,0,0.0001,0.0001,0,0,0,0,0.0002,0.0001,0,0.0001,0,0,0,0.0001,0,0.0001,0,0,0.2591,0.2437,0.2591,0.2437,1
1.8334,0,0.6111,0,0.6111,0.6111,1.2223,0.6111,0,1.8334,0.6111,0,0.6111,0,0.6111,0.6111,0.6111,1.2223,0,0.6111,0.0002,0,0.0001,0,0.0001,0.0001,0.0001,0.0001,0,0.0002,0.0001,0,0.0001,0,0.0001,0.0001,0.0001,0.0001,0,0.0001,0.204,0.1848,0.204,0.1848,1
1.5551,0.7775,0,0.7775,0.7775,0,0,0.7775,0,0,0,0,0,0,0,0,1.5551,0,2.3326,0,0.0001,0.0001,0,0.0001,0.0001,0,0,0.0001,0,0,0,0,0,0,0,0,0.0001,0,0.0002,0,0.1241,0.0983,0.1241,0.0983,1
1.1083,0,0,0.5541,0,1.1083,1.6624,0.5541,1.1083,2.7706,0,0,1.1083,0,0,0.5541,0,3.3248,0,0,0.0001,0,0,0.0001,0,0.0001,0.0002,0.0001,0.0001,0.0003,0,0,0.0001,0,0,0.0001,0,0.0003,0,0,0.1899,0.2559,0.1899,0.2559,1
0,0,0,0.7061,0,0.7061,0.7061,0,1.4123,0,0,0,1.4123,0,0.7061,1.4123,2.1184,1.4123,0,0,0,0,0,0.0001,0,0.0001,0.0001,0,0.0003,0,0,0,0.0003,0,0.0001,0.0003,0.0004,0.0003,0,0,0.1407,0.1532,0.1407,0.1532,1
0,0,0.6009,0,0.6009,3.0046,0,0,0.6009,2.4037,0.6009,0.6009,1.2019,0.6009,1.2019,0,0,1.2019,0,0,0,0,0.0001,0,0.0001,0.0003,0,0,0.0001,0.0002,0.0001,0.0001,0.0001,0.0001,0.0001,0,0,0.0001,0,0,0.1842,0.2148,0.1842,0.2148,1
0.4999,0.4999,0.4999,0,0.4999,0,0,0.4999,0.4999,1.4998,0,0,0,0,2.4997,0.4999,0,0,1.4998,0,0,0,0,0,0,0,0,0,0,0.0001,0,0,0,0,0.0002,0,0,0,0.0001,0,0.2373,0.2627,0.2373,0.2627,1
1.3448,0,0.6724,0,0,1.3448,0,0,0.6724,1.3448,0.6724,0,0,0,1.3448,0.6724,0,0,0,0,0.0002,0,0.0001,0,0,0.0002,0,0,0.0001,0.0002,0.0001,0,0,0,0.0002,0.0001,0,0,0,0,0.1798,0.1478,0.1798,0.1478,1
0,0.6782,2.0346,0.6782,0.6782,0,0.6782,0.6782,0,0,0,1.3564,0.6782,0,0.6782,1.3564,0.6782,0,0,0,0,0.0001,0.0002,0.0001,0.0001,0,0.0001,0.0001,0,0,0,0.0002,0.0001,0,0.0001,0.0002,0.0001,0,0,0,0.1793,0.1425,0.1793,0.1425,1
1.9458,0,0.6486,0,0,2.5945,0,0,0.6486,2.5945,0.6486,0.6486,0,0,0.6486,0.6486,0.6486,0,0,0,0.0002,0,0.0001,0,0,0.0002,0,0,0.0001,0.0002,0.0001,0.0001,0,0,0.0001,0.0001,0.0001,0,0,0,0.2056,0.1457,0.2056,0.1457,1
0,0.6939,0,0,0.6939,0.6939,0,0,0,1.3877,0,0.6939,1.3877,0,2.7755,1.3877,0.6939,0,0,0.6939,0,0.0001,0,0,0.0001,0.0001,0,0,0,0.0001,0,0.0001,0.0001,0,0.0002,0.0001,0.0001,0,0,0.0001,0.1774,0.1287,0.1774,0.1287,1
0.7112,0.7112,0.7112,0.7112,0,0,0,0,0.7112,0.7112,0,0.7112,0,0,0,0,1.4224,0,0,0.7112,0.0001,0.0001,0.0001,0.0001,0,0,0,0,0.0001,0.0001,0,0.0001,0,0,0,0,0.0001,0,0,0.0001,0.143,0.1458,0.143,0.1458,1
0,0,0,0,0.5282,1.0565,0.5282,0,3.6976,1.5847,0.5282,0,0.5282,0,0.5282,0,1.0565,0.5282,0,0,0,0,0,0,0.0001,0.0001,0.0001,0,0.0005,0.0002,0.0001,0,0.0001,0,0.0001,0,0.0001,0.0001,0,0,0.2384,0.2334,0.2384,0.2334,1
1.3542,0.6771,0,1.3542,1.3542,0,0,0.6771,0,1.3542,1.3542,1.3542,1.3542,2.0313,0,0.6771,0.6771,0,0.6771,1.3542,0.0001,0,0,0.0001,0.0001,0,0,0,0,0.0001,0.0001,0.0001,0.0001,0.0001,0,0,0,0,0,0.0001,0.157,0.1659,0.157,0.1659,1
0,3.3115,0,0.6623,0.6623,1.3246,0,0.6623,1.3246,1.3246,0,0,0,0,0,1.9869,1.3246,1.9869,2.6492,0,0,0.0001,0,0,0,0.0001,0,0,0.0001,0.0001,0,0,0,0,0,0.0001,0.0001,0.0001,0.0001,0,0.2259,0.1118,0.2259,0.1118,1
0,0.5181,1.5543,0.5181,0.5181,0,0,0,0.5181,1.5543,0,0.5181,0,0,0.5181,1.0362,0,1.0362,1.5543,0,0,0,0.0001,0,0,0,0,0,0,0.0001,0,0,0,0,0,0.0001,0,0.0001,0.0001,0,0.2456,0.2363,0.2456,0.2363,1
0,0,1.2895,0,1.2895,0.6448,0,0.6448,0.6448,0.6448,0.6448,1.2895,0.6448,0.6448,1.9343,0.6448,0,0,0,0,0,0,0.0001,0,0.0001,0.0001,0,0.0001,0.0001,0.0001,0.0001,0.0001,0.0001,0.0001,0.0002,0.0001,0,0,0,0,0.1739,0.1813,0.1739,0.1813,1
0.5745,2.2979,1.1489,0,0,2.8723,0,0.5745,1.1489,0.5745,0,0.5745,0,0,0,0,4.0212,2.8723,0,0,0,0.0001,0.0001,0,0,0.0001,0,0,0.0001,0,0,0,0,0,0,0,0.0002,0.0001,0,0,0.193,0.2325,0.193,0.2325,1
0,0,0,0,1.8445,0.6148,0.6148,1.8445,0.6148,0,0.6148,0.6148,1.8445,0.6148,0.6148,0.6148,1.2297,0.6148,0.6148,0,0,0,0,0,0.0002,0.0001,0.0001,0.0002,0.0001,0,0.0001,0.0001,0.0002,0.0001,0.0001,0.0001,0.0001,0.0001,0.0001,0,0.2116,0.1736,0.2116,0.1736,1
0.5693,0.5693,1.1386,0.5693,0.5693,0.5693,0.5693,0,1.1386,0,1.1386,0.5693,0.5693,0.5693,0.5693,1.1386,1.1386,0.5693,0,0,0,0,0.0001,0,0,0,0,0,0.0001,0,0.0001,0,0,0,0,0.0001,0.0001,0,0,0,0.2387,0.192,0.2387,0.192,1
0.6185,0,0,1.237,0,0.6185,0,0.6185,0.6185,4.3297,0,1.237,0,0,0,0.6185,1.237,1.8556,0,0,0,0,0,0.0001,0,0,0,0,0,0.0003,0,0.0001,0,0,0,0,0.0001,0.0001,0,0,0.1882,0.1932,0.1882,0.1932,1
2.3451,0,0,0.5863,0,1.7589,0.5863,0,0.5863,0.5863,0,0,1.7589,0,2.3451,1.1726,2.3451,0,0,1.1726,0.0003,0,0,0.0001,0,0.0002,0.0001,0,0.0001,0.0001,0,0,0.0002,0,0.0003,0.0001,0.0003,0,0,0.0001,0.2051,0.2086,0.2051,0.2086,1
1.1538,0.5769,0,0,0.5769,0,1.1538,0.5769,1.7307,0,0.5769,0.5769,1.1538,0.5769,2.8845,0,0.5769,2.8845,0,1.1538,0.0001,0,0,0,0,0,0.0001,0,0.0001,0,0,0,0.0001,0,0.0002,0,0,0.0002,0,0.0001,0.1957,0.2274,0.1957,0.2274,1
1.1229,2.2459,0,1.1229,0.5615,1.1229,0,1.1229,0.5615,0.5615,1.1229,2.2459,1.6844,0,0.5615,0.5615,1.1229,1.1229,0,0,0,0.0001,0,0,0,0,0,0,0,0,0,0.0001,0.0001,0,0,0,0,0,0,0,0.1887,0.2499,0.1887,0.2499,1
0,0.6206,0,0,0.6206,0,1.2411,0.6206,1.8617,0.6206,5.5851,0,1.2411,0,3.7234,0,0.6206,0.6206,0,0,0,0.0001,0,0,0.0001,0,0.0001,0.0001,0.0002,0.0001,0.0005,0,0.0001,0,0.0004,0,0.0001,0.0001,0,0,0.1684,0.211,0.1684,0.211,1
1.335,0,1.335,0,0.6675,2.6699,0,0.6675,0,1.335,1.335,0,0.6675,0,1.335,0,0,0,0,0,0.0001,0,0.0001,0,0.0001,0.0002,0,0.0001,0,0.0001,0.0001,0,0.0001,0,0.0001,0,0,0,0,0,0.1844,0.1481,0.1844,0.1481,1
2.0186,0,0,0,0.6729,0.6729,0,0.6729,1.3457,1.3457,0.6729,0,0,0,1.3457,0,0,0,0,0,0.0003,0,0,0,0.0001,0.0001,0,0.0001,0.0002,0.0002,0.0001,0,0,0,0.0002,0,0,0,0,0,0.2003,0.1268,0.2003,0.1268,1
1.8444,0,1.8444,0,0,2.4592,0,0.6148,0.6148,1.2296,0,0,0,0,0,0.6148,0.6148,1.8444,0.6148,0,0.0001,0,0.0001,0,0,0.0002,0,0,0,0.0001,0,0,0,0,0,0,0,0.0001,0,0,0.2291,0.1561,0.2291,0.1561,1
0,0,1.2718,2.5435,0,0,0,1.2718,2.5435,1.2718,0,1.2718,0,0.4239,0,0.4239,0.4239,0,0.8478,0.4239,0,0,0.0001,0.0002,0,0,0,0.0001,0.0002,0.0001,0,0.0001,0,0,0,0,0,0,0.0001,0,0.2715,0.3046,0.2715,0.3046,1
1.6583,0,0,0,0,0,0,0,1.1056,0,1.1056,0.5528,0.5528,0,2.2111,1.6583,0,1.1056,0,0.5528,0.0002,0,0,0,0,0,0,0,0.0001,0,0.0001,0.0001,0.0001,0,0.0002,0.0002,0,0.0001,0,0.0001,0.2393,0.2079,0.2393,0.2079,1
0,3.6559,0.6093,0.6093,0,3.0466,0,0,0,0,0,1.2186,1.2186,0,1.2186,0,3.0466,2.4373,0.6093,0,0,0.0001,0,0,0,0.0001,0,0,0,0,0,0,0,0,0,0,0.0001,0.0001,0,0,0.1736,0.2171,0.1736,0.2171,1
2.3712,0.5928,0.5928,0.5928,1.7784,2.3712,0,0,1.7784,1.7784,0,0.5928,0,0,2.3712,1.7784,0,0,0,0,0.0001,0,0,0,0.0001,0.0001,0,0,0.0001,0.0001,0,0,0,0,0.0001,0.0001,0,0,0,0,0.1792,0.228,0.1792,0.228,1
1.0953,0.5476,0,0,0.5476,1.0953,1.0953,0.5476,0.5476,2.1905,0.5476,0.5476,1.0953,0,1.0953,0.5476,1.6429,0.5476,0.5476,0,0.0001,0,0,0,0,0.0001,0.0001,0,0,0.0002,0,0,0.0001,0,0.0001,0,0.0001,0,0,0,0.1996,0.2528,0.1996,0.2528,1
0,3.5754,0,0.5959,0,2.9795,0.5959,0,0,1.1918,0,0.5959,1.7877,0,0.5959,0.5959,2.9795,1.7877,0.5959,0,0,0.0001,0,0,0,0.0001,0,0,0,0,0,0,0.0001,0,0,0,0.0001,0.0001,0,0,0.2083,0.1958,0.2083,0.1958,1
1.0961,0,1.6442,1.0961,0,0,0.5481,0.5481,2.1923,0.5481,0,0,0,0.5481,0,1.6442,0,1.0961,0,0,0.0001,0,0.0002,0.0001,0,0,0.0001,0.0001,0.0002,0.0001,0,0,0,0.0001,0,0.0002,0,0.0001,0,0,0.2722,0.1798,0.2722,0.1798,1
1.6622,0,0,0,0.8311,0,0,0,2.4933,4.9866,0,0,0,0,0.8311,0,0.8311,0.8311,0,0,0.0003,0,0,0,0.0002,0,0,0,0.0005,0.001,0,0,0,0,0.0002,0,0.0002,0.0002,0,0,0.0608,0.1081,0.0608,0.1081,1
0,0,0,0,0.7485,0,0,0,0,4.4909,0.7485,0,0,0,2.2454,0,0,2.2454,1.497,0.7485,0,0,0,0,0.0002,0,0,0,0,0.0014,0.0002,0,0,0,0.0007,0,0,0.0007,0.0005,0.0002,0.0957,0.1558,0.0957,0.1558,1
1.5255,1.5255,0.7627,0,1.5255,0,0,1.5255,0,0.7627,0.7627,0,0,0,0,0,2.2882,3.8137,0.7627,0,0.0001,0.0001,0,0,0.0001,0,0,0.0001,0,0,0,0,0,0,0,0,0.0001,0.0002,0,0,0.1274,0.1099,0.1274,0.1099,1
1.5548,0,2.0731,1.0366,0.5183,0,0.5183,1.5548,0,0,1.5548,2.0731,0,1.0366,0,1.0366,1.0366,0.5183,0,0.5183,0.0001,0,0.0001,0.0001,0,0,0,0.0001,0,0,0.0001,0.0001,0,0.0001,0,0.0001,0.0001,0,0,0,0.227,0.2547,0.227,0.2547,1
2.0186,0,0.6729,0,0,1.3457,0,0,0.6729,1.3457,0.6729,0,0,0,1.3457,0,0,0,0,0,0.0003,0,0.0001,0,0,0.0002,0,0,0.0001,0.0002,0.0001,0,0,0,0.0002,0,0,0,0,0,0.1793,0.1478,0.1793,0.1478,1
0,0.603,1.206,0,1.206,1.206,0,1.206,0,0,0.603,0,1.206,0.603,1.8091,1.206,1.206,0.603,0,0.603,0,0,0.0001,0,0.0001,0.0001,0,0.0001,0,0,0,0,0.0001,0,0.0001,0.0001,0.0001,0,0,0,0.1796,0.2173,0.1796,0.2173,1
1.0596,0,0.5298,0,0.5298,1.0596,0,0.5298,1.5894,2.1192,0,0,0,0,1.5894,0,0.5298,0,0,0,0.0001,0,0.0001,0,0.0001,0.0001,0,0.0001,0.0002,0.0002,0,0,0,0,0.0002,0,0.0001,0,0,0,0.2133,0.2569,0.2133,0.2569,1
0,0,0,0.5145,0.5145,0.5145,0.5145,1.5436,1.5436,2.5726,0.5145,1.0291,0,1.5436,2.5726,0,0,0.5145,0,0,0,0,0,0,0,0,0,0.0001,0.0001,0.0002,0,0.0001,0,0.0001,0.0002,0,0,0,0,0,0.2272,0.2583,0.2272,0.2583,1
0,0,0.5223,0,0.5223,0.5223,0,1.5668,1.5668,1.0445,1.0445,0.5223,0.5223,0,0.5223,1.0445,1.0445,1.5668,0,0,0,0,0,0,0,0,0,0.0001,0.0001,0.0001,0.0001,0,0,0,0,0.0001,0.0001,0.0001,0,0,0.2352,0.2425,0.2352,0.2425,1
0.4634,0.4634,0.9269,0.4634,0.4634,0,0.9269,0.4634,0,4.1709,0.4634,0,1.3903,0.4634,1.8538,0.4634,0,0.4634,0,0,0,0,0.0001,0,0,0,0.0001,0,0,0.0004,0,0,0.0001,0,0.0002,0,0,0,0,0,0.2839,0.2526,0.2839,0.2526,1
0.4399,1.3197,0.4399,0,0.4399,0,0.8798,1.3197,1.3197,1.7596,0.4399,0,1.3197,0,1.3197,0.4399,0.8798,0.8798,0,0,0,0.0001,0,0,0,0,0.0001,0.0001,0.0001,0.0001,0,0,0.0001,0,0.0001,0,0.0001,0.0001,0,0,0.2454,0.3147,0.2454,0.3147,1
1.0253,0,0.5126,1.5379,0.5126,0,0.5126,0,0,0.5126,0,1.5379,2.0506,0,1.5379,1.0253,0,0.5126,0.5126,1.0253,0.0001,0,0,0.0001,0,0,0,0,0,0,0,0.0001,0.0001,0,0.0001,0.0001,0,0,0,0.0001,0.2605,0.2268,0.2605,0.2268,1
2.1221,0,0.5305,0,2.1221,2.6526,0.5305,0,0.5305,1.061,0,0.5305,0,1.061,0,2.1221,0,2.1221,0.5305,0,0.0001,0,0,0,0.0001,0.0001,0,0,0,0.0001,0,0,0,0.0001,0,0.0001,0,0.0001,0,0,0.2388,0.2307,0.2388,0.2307,1
0.8558,0,0,0,3.4231,0,0,0,3.4231,0.8558,0,0,0,0,0,0,0,1.7116,0,0.8558,0.0003,0,0,0,0.0011,0,0,0,0.0011,0.0003,0,0,0,0,0,0,0,0.0006,0,0.0003,0.0558,0.0884,0.0558,0.0884,1
0.4783,2.3917,0.4783,0,0,0.9567,0,0.4783,2.3917,0.4783,1.9134,0.4783,0.9567,0,0.9567,0.4783,0.9567,0.4783,0,0.4783,0,0.0001,0,0,0,0,0,0,0.0001,0,0.0001,0,0,0,0,0,0,0,0,0,0.2087,0.313,0.2087,0.313,1
0,0,0,0,1.3623,0.6812,0.6812,1.3623,0,2.0435,0,0,0,0.6812,6.1305,0.6812,0,0,0,0,0,0,0,0,0.0002,0.0001,0.0001,0.0002,0,0.0003,0,0,0,0.0001,0.0008,0.0001,0,0,0,0,0.1687,0.1502,0.1687,0.1502,1
0.5692,0,0.5692,0.5692,0.5692,0,0,2.2769,0.5692,1.7077,0.5692,0.5692,0.5692,0.5692,1.1385,1.7077,0.5692,0.5692,0,0.5692,0,0,0,0,0,0,0,0.0002,0,0.0001,0,0,0,0,0.0001,0.0001,0,0,0,0,0.2389,0.1919,0.2389,0.1919,1
0,0,0.5738,0.5738,0.5738,3.4428,0,0,0,0.5738,0,0.5738,1.1476,0,1.1476,0.5738,0,0,0.5738,0.5738,0,0,0,0,0,0.0003,0,0,0,0,0,0,0.0001,0,0.0001,0,0,0,0,0,0.2082,0.218,0.2082,0.218,1
0.4996,1.4988,1.4988,0.4996,0,0.4996,1.4988,0,0,0.9992,0.4996,1.4988,0.4996,0,0.4996,0.9992,1.9984,1.4988,0.4996,0,0,0.0001,0.0001,0,0,0,0.0001,0,0,0.0001,0,0.0001,0,0,0,0.0001,0.0001,0.0001,0,0,0.2982,0.2022,0.2982,0.2022,1
1.7936,1.1957,0.5979,0.5979,0.5979,1.1957,0.5979,0.5979,0,1.1957,0.5979,1.1957,1.1957,0,0.5979,0,2.3915,2.3915,0.5979,0.5979,0.0001,0.0001,0,0,0,0.0001,0,0,0,0.0001,0,0.0001,0.0001,0,0,0,0.0001,0.0001,0,0,0.1758,0.2264,0.1758,0.2264,1
1.1035,0,1.1035,0.5517,0,1.6552,0,0.5517,1.6552,0.5517,0.5517,1.6552,0,1.1035,1.6552,1.1035,0,0,0,0,0.0001,0,0.0001,0.0001,0,0.0002,0,0.0001,0.0002,0.0001,0.0001,0.0002,0,0.0001,0.0002,0.0001,0,0,0,0,0.2644,0.1839,0.2644,0.1839,1
0,0,0,0.7133,0,0.7133,0,1.4265,0.7133,0,0,0.7133,0.7133,0,0.7133,0.7133,0,2.1398,0,0,0,0,0,0.0001,0,0.0001,0,0.0002,0.0001,0,0,0.0001,0.0001,0,0.0001,0.0001,0,0.0003,0,0,0.1921,0.0947,0.1921,0.0947,1
1.0055,1.0055,0.5027,1.0055,1.0055,0.5027,1.5082,0,0.5027,0.5027,0.5027,1.5082,1.0055,1.0055,0.5027,0.5027,0,2.5136,0,0,0.0001,0.0001,0,0.0001,0.0001,0,0.0001,0,0,0,0,0.0001,0.0001,0.0001,0,0,0,0.0002,0,0,0.2362,0.2611,0.2362,0.2611,1
0.6823,0.6823,0.6823,0,0,1.3645,0,1.3645,1.3645,0.6823,0.6823,0.6823,0.6823,0,0,1.3645,0.6823,2.0468,0.6823,0,0,0,0,0,0,0.0001,0,0.0001,0.0001,0,0,0,0,0,0,0.0001,0,0.0001,0,0,0.1693,0.1484,0.1693,0.1484,1
0,0,1.1955,2.391,0,0,0,1.594,2.7895,0.3985,0.3985,0.3985,0,0.797,0,0.3985,0.3985,0,0.797,0.3985,0,0,0.0001,0.0002,0,0,0,0.0001,0.0002,0,0,0,0,0.0001,0,0,0,0,0.0001,0,0.2554,0.3461,0.2554,0.3461,1
0.5941,0.5941,0.5941,0,0.5941,1.7822,0,0.5941,0.5941,0,1.1882,0,1.1882,0,5.3467,0,0.5941,1.1882,0,0.5941,0,0,0,0,0,0.0001,0,0,0,0,0.0001,0,0.0001,0,0.0004,0,0,0.0001,0,0,0.2049,0.2011,0.2049,0.2011,1
0,2.422,0,0,0,1.211,0.6055,0.6055,0,1.211,0.6055,0,0,0,1.8165,0,0.6055,0.6055,0,0,0,0.0002,0,0,0,0.0001,0,0,0,0.0001,0,0,0,0,0.0001,0,0,0,0,0,0.1766,0.2179,0.1766,0.2179,1
2.3234,0.7745,0,0.7745,0,0.7745,0,0,1.5489,1.5489,0,0,0.7745,0,1.5489,0,0,3.0979,0,0,0.0003,0.0001,0,0.0001,0,0.0001,0,0,0.0002,0.0002,0,0,0.0001,0,0.0002,0,0,0.0004,0,0,0.1092,0.1163,0.1092,0.1163,1
0.475,0.475,0.9499,0.9499,0.475,0.9499,0.475,1.8998,1.4249,1.4249,0,0.9499,0,0.475,0,1.4249,0.9499,0.475,0,0.475,0,0,0.0001,0.0001,0,0.0001,0,0.0001,0.0001,0.0001,0,0.0001,0,0,0,0.0001,0.0001,0,0,0,0.2735,0.2516,0.2735,0.2516,1
0.6045,0,2.418,0,0.6045,0,0.6045,0,0.6045,0.6045,0.6045,1.209,1.209,0,0.6045,0,0,0.6045,0,0.6045,0.0001,0,0.0002,0,0.0001,0,0.0001,0,0.0001,0.0001,0.0001,0.0001,0.0001,0,0.0001,0,0,0.0001,0,0.0001,0.1731,0.2224,0.1731,0.2224,1
0,0,0.7224,0,0,2.8894,1.4447,0,0,0,0,0,0,0.7224,0,0.7224,0,0.7224,0,0,0,0,0.0001,0,0,0.0006,0.0003,0,0,0,0,0,0,0.0001,0,0.0001,0,0.0001,0,0,0.1474,0.1302,0.1474,0.1302,1
1.1336,3.4009,0,0.5668,0.5668,0.5668,0,0.5668,1.7004,2.834,0,1.1336,1.1336,0,0.5668,1.1336,0.5668,0.5668,0.5668,0,0,0.0001,0,0,0,0,0,0,0.0001,0.0001,0,0,0,0,0,0,0,0,0,0,0.2096,0.2236,0.2096,0.2236,1
1.3882,0,0.6941,0,0,0,0,0.6941,1.3882,1.3882,0,0,0,0,1.3882,0,0,0,0,0,0.0003,0,0.0002,0,0,0,0,0.0002,0.0003,0.0003,0,0,0,0,0.0003,0,0,0,0,0,0.2128,0.0931,0.2128,0.0931,1
2.6245,0,1.5747,0.5249,0.5249,0,0,0,0,1.0498,0,0.5249,1.0498,0,1.5747,0.5249,0,0,0.5249,0,0.0002,0,0.0001,0,0,0,0,0,0,0.0001,0,0,0.0001,0,0.0001,0,0,0,0,0,0.2424,0.2327,0.2424,0.2327,1
1.5089,0.7544,0,0.7544,0.7544,0.7544,0,0.7544,0.7544,0,0,0,0,0.7544,0,0,0,0.7544,0.7544,0,0.0001,0.0001,0,0.0001,0.0001,0.0001,0,0.0001,0.0001,0,0,0,0,0.0001,0,0,0,0.0001,0.0001,0,0.1434,0.1022,0.1434,0.1022,1
0.5857,0,0.5857,0.5857,0,0,0,0.5857,1.1714,0,0,0,0,0,2.3428,0,0,0,2.3428,1.1714,0.0001,0,0.0001,0.0001,0,0,0,0.0001,0.0002,0,0,0,0,0,0.0003,0,0,0,0.0003,0.0002,0.2396,0.1747,0.2396,0.1747,1
0.6857,0.6857,0.6857,0,0,4.1139,0,0.6857,0,2.7426,0,0,0,0,0.6857,1.3713,0,0.6857,0,0,0,0,0,0,0,0.0003,0,0,0,0.0002,0,0,0,0,0,0.0001,0,0,0,0,0.1125,0.2019,0.1125,0.2019,1
0,3.7511,0,0.6252,0,3.1259,0,0,0,1.2504,0,1.8756,1.8756,0,0.6252,0.6252,2.5008,1.8756,0.6252,0,0,0.0001,0,0,0,0.0001,0,0,0,0,0,0.0001,0.0001,0,0,0,0.0001,0.0001,0,0,0.1935,0.1813,0.1935,0.1813,1
0.5242,1.0485,0.5242,1.0485,0.5242,0.5242,0,0,1.5727,1.0485,1.0485,0,0,0.5242,0.5242,1.5727,1.0485,0,0,0,0,0.0001,0,0.0001,0,0,0,0,0.0001,0.0001,0.0001,0,0,0,0,0.0001,0.0001,0,0,0,0.2688,0.2069,0.2688,0.2069,1
0.6895,0,0,0,1.3789,0.6895,0.6895,0.6895,0,1.3789,0,0,0,1.3789,6.2051,0,0,0.6895,0,0,0.0001,0,0,0,0.0002,0.0001,0.0001,0.0001,0,0.0002,0,0,0,0.0002,0.001,0,0,0.0001,0,0,0.152,0.1586,0.152,0.1586,1
1.1057,1.1057,0,0,0.5529,2.7643,0.5529,1.1057,1.6586,1.1057,0.5529,0,0.5529,0,0,2.2114,1.1057,0,0,0,0.0001,0.0001,0,0,0,0.0002,0,0.0001,0.0001,0.0001,0,0,0,0,0,0.0001,0.0001,0,0,0,0.2234,0.2238,0.2234,0.2238,1
1.1914,0,0,1.1914,0,0.5957,0,0,0.5957,1.7871,1.1914,0.5957,1.1914,0.5957,0.5957,0,0,0,0.5957,0.5957,0.0001,0,0,0.0001,0,0.0001,0,0,0.0001,0.0002,0.0001,0.0001,0.0001,0.0001,0.0001,0,0,0,0.0001,0.0001,0.1999,0.2044,0.1999,0.2044,1
0.7819,0,0.7819,0,0.7819,0,0.7819,0,0,0,0.7819,0,1.5638,0,0,0.7819,1.5638,2.3457,0,0.7819,0.0001,0,0.0001,0,0.0001,0,0.0001,0,0,0,0.0001,0,0.0003,0,0,0.0001,0.0003,0.0004,0,0.0001,0.1103,0.1078,0.1103,0.1078,1
4.319,0.7198,0,0,0.7198,2.1595,0,0.7198,0,3.5992,0,0,0.7198,0.7198,0,0.7198,1.4397,1.4397,0.7198,0,0.0002,0,0,0,0,0.0001,0,0,0,0.0002,0,0,0,0,0,0,0.0001,0.0001,0,0,0.1643,0.1159,0.1643,0.1159,1
2.3904,0,0,0,0.7968,0,0,0,3.1872,0,0,0.7968,0,0,0,0,0.7968,1.5936,0,1.5936,0.0004,0,0,0,0.0001,0,0,0,0.0005,0,0,0.0001,0,0,0,0,0.0001,0.0003,0,0.0003,0.0726,0.1306,0.0726,0.1306,1
0.6997,0,0,0,0.6997,0,0,0,1.3995,2.7989,0,0.6997,0,0,0,0.6997,0,1.3995,0,0.6997,0.0001,0,0,0,0.0001,0,0,0,0.0002,0.0003,0,0.0001,0,0,0,0.0001,0,0.0002,0,0.0001,0.1415,0.1587,0.1415,0.1587,1
0.5814,0,0.5814,0,1.1629,0.5814,0,1.7443,0,0,1.1629,0,1.1629,0,2.3258,0.5814,1.7443,0.5814,0,1.1629,0.0001,0,0.0001,0,0.0001,0.0001,0,0.0002,0,0,0.0001,0,0.0001,0,0.0002,0.0001,0.0002,0.0001,0,0.0001,0.2466,0.172,0.2466,0.172,1
1.3977,0.6988,0,0.6988,1.3977,2.7954,0,2.0965,0.6988,1.3977,0,0,0,0,0,1.3977,1.3977,0.6988,0,0,0.0001,0.0001,0,0.0001,0.0001,0.0002,0,0.0002,0.0001,0.0001,0,0,0,0,0,0.0001,0.0001,0.0001,0,0,0.1442,0.157,0.1442,0.157,1
1.4049,0,0.7025,0.7025,0,0.7025,0,0,0,2.1074,0,0,0,0,0.7025,0,0,0.7025,0,0,0.0002,0,0.0001,0.0001,0,0.0001,0,0,0,0.0003,0,0,0,0,0.0001,0,0,0.0001,0,0,0.1197,0.1778,0.1197,0.1778,1
1.6804,0,0,0,0,0.8402,0,0,3.3608,0.8402,0,0,0,0,0,0,0.8402,2.5206,0,0.8402,0.0004,0,0,0,0,0.0002,0,0,0.0008,0.0002,0,0,0,0,0,0,0.0002,0.0006,0,0.0002,0.0653,0.0945,0.0653,0.0945,1
0.6109,0,0.6109,0.6109,1.2217,0,0.6109,1.8326,1.2217,0.6109,0,0.6109,0.6109,0.6109,1.2217,0.6109,0,1.2217,0,0,0.0001,0,0.0001,0.0001,0.0001,0,0.0001,0.0002,0.0001,0.0001,0,0.0001,0.0001,0.0001,0.0001,0.0001,0,0.0001,0,0,0.2042,0.1849,0.2042,0.1849,1
0.6487,0.6487,0.6487,0,0.6487,1.2974,0,0.6487,0.6487,1.2974,0.6487,1.2974,1.2974,0,0,0.6487,1.2974,0,0.6487,1.2974,0,0,0,0,0,0.0001,0,0,0,0.0001,0,0.0001,0.0001,0,0,0,0.0001,0,0,0.0001,0.175,0.1763,0.175,0.1763,1
0.7555,0,0.7555,0,0.7555,0,0,0,3.0221,1.511,0,0,0,0,0,0,0.7555,1.511,0,0.7555,0.0001,0,0.0001,0,0.0001,0,0,0,0.0005,0.0003,0,0,0,0,0,0,0.0001,0.0003,0,0.0001,0.1006,0.1439,0.1006,0.1439,1
0.6394,0,0,0,1.9183,0,0.6394,0,0.6394,0,0,0.6394,0,0,4.4761,0.6394,1.9183,1.9183,0,0.6394,0.0001,0,0,0,0.0003,0,0.0001,0,0.0001,0,0,0.0001,0,0,0.0007,0.0001,0.0003,0.0003,0,0.0001,0.1741,0.1864,0.1741,0.1864,1
0.642,0,0.642,0,0,0,0,0.642,1.284,2.568,0,0.642,0,0,1.284,0,0.642,0,0,0,0.0001,0,0.0001,0,0,0,0,0.0001,0.0002,0.0004,0,0.0001,0,0,0.0002,0,0.0001,0,0,0,0.2347,0.1233,0.2347,0.1233,1
0,0,1.1925,0,0,1.7888,0,0,0,0.5963,0,1.1925,0.5963,0,2.385,0,0,0.5963,0,0,0,0,0.0001,0,0,0.0002,0,0,0,0.0001,0,0.0001,0.0001,0,0.0003,0,0,0.0001,0,0,0.2118,0.1919,0.2118,0.1919,1
1.5076,0.7538,0,0,0,1.5076,0.7538,0,0,1.5076,0,0,0,0.7538,1.5076,0,0,0,0,0,0.0002,0.0001,0,0,0,0.0002,0.0001,0,0,0.0002,0,0,0,0.0001,0.0002,0,0,0,0,0,0.1073,0.1389,0.1073,0.1389,1
2.089,2.089,0,0.6963,0.6963,1.3927,0,0.6963,0.6963,1.3927,0,0,0,0,0.6963,0.6963,0.6963,0.6963,0,0,0.0001,0.0001,0,0,0,0.0001,0,0,0,0.0001,0,0,0,0,0,0,0,0,0,0,0.1327,0.1709,0.1327,0.1709,1
0,0,0.4047,3.2379,0,0,0.4047,1.2142,2.4284,0.4047,0,0,0,1.2142,0,0.4047,0.4047,0,1.2142,0.4047,0,0,0,0.0003,0,0,0,0.0001,0.0002,0,0,0,0,0.0001,0,0,0,0,0.0001,0,0.2657,0.3296,0.2657,0.3296,1
1.032,0,0.516,0,2.0641,3.6121,0.516,0.516,0.516,0.516,0,0,0,0.516,0,1.032,0.516,2.5801,1.5481,0,0.0001,0,0,0,0.0001,0.0002,0,0,0,0,0,0,0,0,0,0.0001,0,0.0001,0.0001,0,0.2607,0.2233,0.2607,0.2233,1
2.1576,0,0,0,0,0,0,0,2.8768,1.4384,0,0,0,0,0.7192,0,0.7192,2.1576,0,0.7192,0.0004,0,0,0,0,0,0,0,0.0005,0.0003,0,0,0,0,0.0001,0,0.0001,0.0004,0,0.0001,0.1637,0.1171,0.1637,0.1171,1
2.1111,0,1.4074,0.7037,0,0,0.7037,0.7037,0,0,0,0,0,0,0,2.1111,0.7037,1.4074,0,0.7037,0.0002,0,0.0001,0.0001,0,0,0.0001,0.0001,0,0,0,0,0,0,0,0.0002,0.0001,0.0001,0,0.0001,0.1805,0.1158,0.1805,0.1158,1
0,0,0,0.6235,0,1.8706,0.6235,3.1176,1.247,2.4941,0,1.8706,0,0,0.6235,0,0.6235,0.6235,0,0,0,0,0,0,0,0.0001,0,0.0002,0.0001,0.0002,0,0.0001,0,0,0,0,0,0,0,0,0.152,0.2245,0.152,0.2245,1
0.5253,0,0,0.5253,0,0.5253,0,0.5253,1.5759,0.5253,1.0506,0,0,0,2.1013,0.5253,1.0506,1.0506,0,1.0506,0.0001,0,0,0.0001,0,0.0001,0,0.0001,0.0002,0.0001,0.0001,0,0,0,0.0003,0.0001,0.0001,0.0001,0,0.0001,0.336,0.1386,0.336,0.1386,1
0,1.2708,0,1.2708,0.6354,0.6354,0,1.9062,1.9062,0,0,0,0.6354,0,1.2708,0.6354,1.9062,0.6354,0.6354,0.6354,0,0.0001,0,0.0001,0,0,0,0.0001,0.0001,0,0,0,0,0,0.0001,0,0.0001,0,0,0,0.2057,0.1589,0.2057,0.1589,1
0.5731,0.5731,0,1.1463,0,0.5731,1.1463,0,2.8656,0,0,0.5731,1.1463,0.5731,0.5731,0.5731,0.5731,0,0,0,0.0001,0.0001,0,0.0001,0,0.0001,0.0001,0,0.0003,0,0,0.0001,0.0001,0.0001,0.0001,0.0001,0.0001,0,0,0,0.2051,0.2218,0.2051,0.2218,1
1.0017,2.0034,0.5009,0.5009,0,0.5009,1.0017,0.5009,0.5009,0.5009,2.5043,0.5009,0,0,1.0017,0.5009,1.5026,0.5009,0.5009,0.5009,0.0001,0.0001,0,0,0,0,0.0001,0,0,0,0.0001,0,0,0,0.0001,0,0.0001,0,0,0,0.2333,0.2658,0.2333,0.2658,1
0.5616,0,0.5616,0,0,0,0,0.5616,0,1.1232,1.1232,0,0,0.5616,2.2463,0.5616,0.5616,1.6848,1.1232,0.5616,0.0001,0,0.0001,0,0,0,0,0.0001,0,0.0001,0.0001,0,0,0.0001,0.0003,0.0001,0.0001,0.0002,0.0001,0.0001,0.2502,0.1882,0.2502,0.1882,1
1.0926,0.5463,0,0.5463,1.0926,1.0926,0.5463,1.0926,1.0926,1.0926,1.0926,0,0.5463,0.5463,0.5463,1.639,2.1853,1.0926,0.5463,0,0.0001,0,0,0,0.0001,0.0001,0,0.0001,0.0001,0.0001,0.0001,0,0,0,0,0.0001,0.0002,0.0001,0,0,0.262,0.1916,0.262,0.1916,1
0.5257,0,0.5257,0.5257,0,1.5772,0,0.5257,2.1029,2.6286,0,0.5257,0,0,0,0,0.5257,1.0514,0,0,0,0,0,0,0,0.0001,0,0,0.0002,0.0002,0,0,0,0,0,0,0,0.0001,0,0,0.2043,0.27,0.2043,0.27,1
2.3441,1.172,0.586,0.586,0,0,0.586,0.586,0.586,0,0.586,0.586,0,0,1.172,0,1.172,0.586,0,0,0.0002,0.0001,0,0,0,0,0,0,0,0,0,0,0,0,0.0001,0,0.0001,0,0,0,0.1924,0.2216,0.1924,0.2216,1
0.4768,0,0,0.4768,0,0.9537,0.4768,0.4768,3.8147,1.4305,0,0.4768,0,0,0.4768,0.9537,0.4768,0.4768,0.9537,0,0,0,0,0,0,0.0001,0,0,0.0003,0.0001,0,0,0,0,0,0.0001,0,0,0.0001,0,0.2587,0.2645,0.2587,0.2645,1
2.9628,0,0,0,0,0,0.7407,0,0.7407,0.7407,0.7407,0,1.4814,0.7407,0,0.7407,0.7407,2.2221,0,0.7407,0.0005,0,0,0,0,0,0.0001,0,0.0001,0.0001,0.0001,0,0.0002,0.0001,0,0.0001,0.0001,0.0004,0,0.0001,0.1426,0.1167,0.1426,0.1167,1
1.7303,0,0,2.8839,0,0,0,0,0,4.0374,0.5768,0.5768,0.5768,0,0.5768,0,0.5768,0,0,0,0.0002,0,0,0.0003,0,0,0,0,0,0.0004,0.0001,0.0001,0.0001,0,0.0001,0,0.0001,0,0,0,0.2618,0.1614,0.2618,0.1614,1
0.6095,2.438,0,0,0.6095,0.6095,0,0.6095,1.219,0,0,0,0,0.6095,1.8285,1.219,1.219,0,0,0,0,0.0001,0,0,0,0,0,0,0.0001,0,0,0,0,0,0.0001,0.0001,0.0001,0,0,0,0.1657,0.2248,0.1657,0.2248,1
3.1332,0,0,0,0,0,0,0,0.5222,0,0,0,0,0,7.3108,0,0,0,0,0,0.0005,0,0,0,0,0,0,0,0.0001,0,0,0,0,0,0.0011,0,0,0,0,0,0.2138,0.264,0.2138,0.264,1
1.7161,0.572,0.572,0,0,1.7161,0,0,0.572,0,0.572,0,1.1441,0,3.4323,0.572,1.1441,1.1441,0,0,0.0001,0,0,0,0,0.0001,0,0,0,0,0,0,0.0001,0,0.0003,0,0.0001,0.0001,0,0,0.215,0.213,0.215,0.213,1
1.6148,0.5383,1.0765,0,0.5383,0,0.5383,0,0.5383,0.5383,1.0765,0,0.5383,0,2.6913,0,2.1531,0.5383,0,1.0765,0.0001,0,0.0001,0,0,0,0,0,0,0,0.0001,0,0,0,0.0002,0,0.0002,0,0,0.0001,0.2451,0.2166,0.2451,0.2166,1
0,0.5435,0,0,0,2.1741,0,0,0,0.5435,0,0,0,0.5435,3.8046,1.087,0,0.5435,0,0,0,0.0001,0,0,0,0.0002,0,0,0,0.0001,0,0,0,0.0001,0.0004,0.0001,0,0.0001,0,0,0.229,0.2275,0.229,0.2275,1
0,0,0,1.0904,1.0904,0.5452,0.5452,0,2.1807,4.3614,0,0,0.5452,1.0904,2.7259,0,0.5452,0,0,0,0,0,0,0.0001,0.0001,0.0001,0.0001,0,0.0003,0.0006,0,0,0.0001,0.0001,0.0004,0,0.0001,0,0,0,0.217,0.2379,0.217,0.2379,1
0.4647,0,0,0.9295,0.4647,0,0.9295,0.9295,2.7885,0,0,0.4647,0,1.3942,2.3237,0.4647,0,0.9295,0.4647,0.4647,0.0001,0,0,0.0001,0.0001,0,0.0001,0.0001,0.0004,0,0,0.0001,0,0.0002,0.0003,0.0001,0,0.0001,0.0001,0.0001,0.2798,0.2555,0.2798,0.2555,1
0,1.2957,0,0,1.2957,0,1.9435,0.6478,1.2957,0,0.6478,0,1.2957,0,0,0,1.2957,1.2957,0,0.6478,0,0.0001,0,0,0.0001,0,0.0001,0,0.0001,0,0,0,0.0001,0,0,0,0.0001,0.0001,0,0,0.1883,0.1639,0.1883,0.1639,1
0,0,0.785,0,0,1.57,0,0,0,3.9251,0,0,0,0,0,0,0.785,0.785,0,0,0,0,0.0001,0,0,0.0002,0,0,0,0.0004,0,0,0,0,0,0,0.0001,0.0001,0,0,0.0991,0.1159,0.0991,0.1159,1
1.1422,0.5711,1.1422,0,0.5711,0.5711,1.7133,1.1422,0,1.1422,0.5711,0,0,0.5711,1.1422,1.7133,1.1422,1.7133,0,0,0.0001,0,0.0001,0,0,0,0.0001,0.0001,0,0.0001,0,0,0,0,0.0001,0.0001,0.0001,0.0001,0,0,0.2128,0.2161,0.2128,0.2161,1
1.4431,0,1.4431,0,1.4431,0.7215,0,0,0,2.8861,0,0,0.7215,0.7215,0,0.7215,0,0.7215,0,0,0.0001,0,0.0001,0,0.0001,0.0001,0,0,0,0.0002,0,0,0.0001,0.0001,0,0.0001,0,0.0001,0,0,0.1418,0.1367,0.1418,0.1367,1
1.3362,1.3362,1.3362,0,0,0,1.3362,0,0.6681,0,0,0,1.3362,0,0.6681,0.6681,1.3362,1.3362,0,0,0.0001,0.0001,0.0001,0,0,0,0.0001,0,0.0001,0,0,0,0.0001,0,0.0001,0.0001,0.0001,0.0001,0,0,0.1565,0.1753,0.1565,0.1753,1
0,0,0.4586,3.21,0,0,0,1.3757,2.7514,0.4586,0,0,0,0,0,0.4586,0.4586,0,0.9171,0.4586,0,0,0,0.0003,0,0,0,0.0001,0.0003,0,0,0,0,0,0,0,0,0,0.0001,0,0.2459,0.2955,0.2459,0.2955,1
0.9748,0,0.4874,1.4622,0.4874,0.4874,0.4874,0.4874,0.4874,0.4874,0.9748,0.4874,0.4874,0.4874,0.4874,0,1.4622,0,0.9748,0.4874,0.0001,0,0,0.0001,0,0,0,0,0,0,0.0001,0,0,0,0,0,0.0001,0,0.0001,0,0.259,0.2536,0.259,0.2536,1
0.5189,0.5189,0.5189,0,0.5189,1.5566,0,0,1.5566,0,0.5189,0,0,0,2.5944,0.5189,1.0377,1.0377,0,0,0,0,0,0,0,0.0001,0,0,0.0001,0,0,0,0,0,0.0002,0,0.0001,0.0001,0,0,0.2903,0.1908,0.2903,0.1908,1
1.0062,0.5031,0,0,1.0062,0.5031,0.5031,0,2.0123,1.5092,1.5092,0,1.0062,0,1.0062,0,0,0.5031,0,0.5031,0.0001,0,0,0,0.0001,0,0,0,0.0002,0.0001,0.0001,0,0.0001,0,0.0001,0,0,0,0,0,0.2477,0.2492,0.2477,0.2492,1
0.527,0.527,0.527,0,1.054,1.054,0.527,0,0.527,1.054,0,0.527,0,0,1.054,0.527,0,0.527,0.527,0.527,0,0,0,0,0.0001,0.0001,0,0,0,0.0001,0,0,0,0,0.0001,0,0,0,0,0,0.2023,0.2707,0.2023,0.2707,1
1.9551,0,0.6517,0,0.6517,1.9551,0.6517,1.3034,0,1.3034,0,0.6517,0.6517,0,0,0,0,3.2586,0.6517,0,0.0001,0,0,0,0,0.0001,0,0.0001,0,0.0001,0,0,0,0,0,0,0,0.0002,0,0,0.1775,0.1708,0.1775,0.1708,1
1.3606,0.4535,1.3606,0.4535,0.4535,0.9071,0,1.8141,0.4535,1.8141,0,0.9071,0.4535,0.4535,0.9071,0.4535,0.4535,0.4535,0.4535,0,0.0001,0,0.0001,0,0,0.0001,0,0.0001,0,0.0001,0,0.0001,0,0,0.0001,0,0,0,0,0,0.2983,0.2482,0.2983,0.2482,1
0.7265,0.7265,0.7265,0,0.7265,0.7265,0,0,0,1.4531,0,0,0,0,0.7265,0,1.4531,0.7265,0,0.7265,0.0001,0.0001,0.0001,0,0.0001,0.0001,0,0,0,0.0001,0,0,0,0,0.0001,0,0.0001,0.0001,0,0.0001,0.138,0.1354,0.138,0.1354,1
0.599,0,1.1981,0.599,1.1981,1.7971,0,0.599,0,0.599,0,1.7971,0,0,1.1981,0,1.7971,0.599,0.599,0,0.0001,0,0.0001,0.0001,0.0001,0.0002,0,0.0001,0,0.0001,0,0.0002,0,0,0.0001,0,0.0002,0.0001,0.0001,0,0.2258,0.1751,0.2258,0.1751,1
1.4266,0,0,0.7133,1.4266,0,0.7133,0,1.4266,0.7133,0.7133,0,0,0,0.7133,0,0,0.7133,0,0.7133,0.0003,0,0,0.0002,0.0003,0,0.0002,0,0.0003,0.0002,0.0002,0,0,0,0.0002,0,0,0.0002,0,0.0002,0.1251,0.1616,0.1251,0.1616,1
0,0,0.6528,1.3057,0,1.3057,0,0.6528,0.6528,0.6528,0,0.6528,0,1.3057,0.6528,1.3057,0,0,0,0.6528,0,0,0.0001,0.0002,0,0.0002,0,0.0001,0.0001,0.0001,0,0.0001,0,0.0002,0.0001,0.0002,0,0,0,0.0001,0.1839,0.1633,0.1839,0.1633,1
0.7365,0,0.7365,0,0.7365,0,0,0,0.7365,2.2096,0.7365,1.473,1.473,0.7365,0,0,0.7365,1.473,0,0,0.0001,0,0.0001,0,0.0001,0,0,0,0.0001,0.0003,0.0001,0.0002,0.0002,0.0001,0,0,0.0001,0.0002,0,0,0.1466,0.1169,0.1466,0.1169,1
0,0,0,0,3.4649,0,0,0,3.4649,0.8662,0,0,0.8662,0,0,0,0,1.7324,0,0.8662,0,0,0,0,0.0011,0,0,0,0.0011,0.0003,0,0,0.0003,0,0,0,0,0.0006,0,0.0003,0.0513,0.0825,0.0513,0.0825,1
0.766,0,0,0,0.766,0,0.766,0,0,0.766,0.766,0,3.0639,0,0.766,0,0.766,0,1.532,0,0.0001,0,0,0,0.0001,0,0.0001,0,0,0.0001,0.0001,0,0.0005,0,0.0001,0,0.0001,0,0.0002,0,0.1176,0.1164,0.1176,0.1164,1
1.7518,0,1.1678,2.3357,0,1.1678,0,0.5839,0,0,0,1.1678,1.7518,0.5839,0,0.5839,0.5839,0,0,2.9196,0.0002,0,0.0001,0.0002,0,0.0001,0,0.0001,0,0,0,0.0001,0.0002,0.0001,0,0.0001,0.0001,0,0,0.0003,0.2184,0.1977,0.2184,0.1977,1
1.8988,0,0.6329,0.6329,1.2659,0,0,0,0.6329,1.8988,1.2659,1.8988,1.2659,0.6329,0,0,1.2659,2.5317,0,0,0.0002,0,0.0001,0.0001,0.0001,0,0,0,0.0001,0.0002,0.0001,0.0002,0.0001,0.0001,0,0,0.0001,0.0002,0,0,0.1935,0.1736,0.1935,0.1736,1
2.3519,0,0.784,0,0,0,0,0,3.1359,0.784,0,0,0,0,0,0,0.784,2.3519,0,0,0.0004,0,0.0001,0,0,0,0,0,0.0006,0.0001,0,0,0,0,0,0,0.0001,0.0004,0,0,0.0891,0.1269,0.0891,0.1269,1
0.4571,0.4571,0,2.2857,0,0,0.4571,0,1.8286,2.2857,0,0.4571,0,0.4571,0.4571,0.9143,0.4571,0.4571,0,0.9143,0,0,0,0.0002,0,0,0,0,0.0002,0.0002,0,0,0,0,0,0.0001,0,0,0,0.0001,0.2656,0.2773,0.2656,0.2773,1
1.7293,3.4585,0,0.5764,0,1.7293,0,1.7293,1.1528,0,0,0.5764,1.1528,0,0.5764,1.7293,0.5764,1.1528,0,1.1528,0.0001,0.0001,0,0,0,0.0001,0,0.0001,0,0,0,0,0,0,0,0.0001,0,0,0,0,0.2281,0.1955,0.2281,0.1955,1
0,0,3.2496,0,0.5416,0.5416,0.5416,0,1.6248,2.708,0,0,0,0,0.5416,0,0,1.0832,0,0,0,0,0.0002,0,0,0,0,0,0.0001,0.0002,0,0,0,0,0,0,0,0.0001,0,0,0.2428,0.2156,0.2428,0.2156,1
1.3408,2.6815,1.3408,0,1.3408,2.6815,0,0,0,2.0112,0,0.6704,0,0,0,0.6704,0,0.6704,0.6704,0.6704,0.0001,0.0001,0.0001,0,0.0001,0.0001,0,0,0,0.0001,0,0,0,0,0,0,0,0,0,0,0.1848,0.1448,0.1848,0.1448,1
0,0,0,0,0,1.6826,0,0,0.8413,2.5239,1.6826,0,0.8413,0,0,0.8413,0,1.6826,0.8413,0,0,0,0,0,0,0.0003,0,0,0.0001,0.0004,0.0003,0,0.0001,0,0,0.0001,0,0.0003,0.0001,0,0.0791,0.0796,0.0791,0.0796,1
0.6338,0,1.2677,0,0,1.2677,0,0.6338,0.6338,0,1.2677,1.9015,0,0,1.9015,1.2677,1.9015,0.6338,0,0.6338,0.0001,0,0.0001,0,0,0.0001,0,0.0001,0.0001,0,0.0001,0.0002,0,0,0.0002,0.0001,0.0002,0.0001,0,0.0001,0.1857,0.1805,0.1857,0.1805,1
3.2805,0,0,0.5468,0.5468,0,0.5468,0,2.187,0,0,0.5468,0.5468,0,3.2805,0.5468,0.5468,0,0.5468,0,0.0004,0,0,0.0001,0.0001,0,0.0001,0,0.0003,0,0,0.0001,0.0001,0,0.0004,0.0001,0.0001,0,0.0001,0,0.2173,0.236,0.2173,0.236,1
1.9983,0.4996,0.4996,0.4996,0.4996,0.4996,0,0.4996,0.9992,2.4979,0.4996,0,1.9983,0.4996,0.9992,0.4996,0.4996,0.4996,0.4996,0,0.0001,0,0,0,0,0,0,0,0.0001,0.0002,0,0,0.0001,0,0.0001,0,0,0,0,0,0.2186,0.2818,0.2186,0.2818,1
1.8717,0,0,0,0.6239,0.6239,0,0.6239,1.2478,2.4956,0,0.6239,1.2478,0,1.2478,0,0,1.8717,0,0,0.0002,0,0,0,0.0001,0.0001,0,0.0001,0.0001,0.0002,0,0.0001,0.0001,0,0.0001,0,0,0.0002,0,0,0.1845,0.1916,0.1845,0.1916,1
1.5396,1.0264,0,0.5132,0,0,1.0264,0,1.5396,0,1.0264,0.5132,0.5132,0,0.5132,0.5132,0.5132,0,1.0264,1.0264,0.0001,0.0001,0,0,0,0,0.0001,0,0.0001,0,0.0001,0,0,0,0,0,0,0,0.0001,0.0001,0.2362,0.2506,0.2362,0.2506,1
1.9143,0.6381,0,0.6381,1.2762,1.2762,0,0.6381,0,1.2762,0,3.1904,0,0,0.6381,1.2762,0,0,0,0,0.0001,0,0,0,0.0001,0.0001,0,0,0,0.0001,0,0.0002,0,0,0,0.0001,0,0,0,0,0.1856,0.1763,0.1856,0.1763,1
2.3709,0,0,0.5927,0.5927,1.7782,0.5927,0.5927,1.1855,4.1491,0,0,1.1855,0,0,0.5927,0,1.1855,0,0,0.0002,0,0,0,0,0.0001,0,0,0.0001,0.0003,0,0,0.0001,0,0,0,0,0.0001,0,0,0.1682,0.2391,0.1682,0.2391,1
0,0,0,1.0913,1.0913,0.5457,0.5457,0.5457,2.1827,2.7283,0,0,0,0.5457,2.1827,0,0,0.5457,0,0.5457,0,0,0,0.0002,0.0002,0.0001,0.0001,0.0001,0.0003,0.0004,0,0,0,0.0001,0.0003,0,0,0.0001,0,0.0001,0.2509,0.2034,0.2509,0.2034,1
1.1574,0,0,0.5787,0.5787,1.7361,1.7361,0.5787,0.5787,2.3148,0,0,1.1574,0,0,0.5787,0,3.4721,0,0,0.0001,0,0,0,0,0.0001,0.0001,0,0,0.0002,0,0,0.0001,0,0,0,0,0.0003,0,0,0.1747,0.2467,0.1747,0.2467,1
1.4435,0,0,0.7218,0,0.7218,0,0,3.6088,0.7218,0,0,1.4435,0,0,0,0,3.6088,0,0.7218,0.0003,0,0,0.0001,0,0.0001,0,0,0.0007,0.0001,0,0,0.0003,0,0,0,0,0.0007,0,0.0001,0.1553,0.123,0.1553,0.123,1
1.3868,0.6934,0.6934,1.3868,0,0,0,0,0,2.0802,2.0802,0,0,0,0.6934,0.6934,0.6934,0.6934,0,0,0.0001,0.0001,0.0001,0.0001,0,0,0,0,0,0.0002,0.0002,0,0,0,0.0001,0.0001,0.0001,0.0001,0,0,0.1734,0.1332,0.1734,0.1332,1
0,0.6031,0.6031,0.6031,1.8093,0.6031,1.8093,0,0,0,1.8093,0,1.2062,0,0.6031,0.6031,0.6031,1.2062,0,0.6031,0,0,0,0,0.0001,0,0.0001,0,0,0,0.0001,0,0.0001,0,0,0,0,0.0001,0,0,0.1918,0.2051,0.1918,0.2051,1
0.4963,0.4963,0.9926,0.9926,0,0.9926,0.4963,0,0.9926,1.489,0.4963,0.9926,0,0.4963,0.9926,0,0.4963,2.4816,0,0,0,0,0.0001,0.0001,0,0.0001,0,0,0.0001,0.0001,0,0.0001,0,0,0.0001,0,0,0.0002,0,0,0.2572,0.2464,0.2572,0.2464,1
0.9826,0.4913,1.4738,0,0.9826,0.4913,0.4913,0.4913,1.4738,0,1.4738,0.9826,0.9826,0,0.4913,0,0.9826,0,0.4913,0,0.0001,0,0.0001,0,0.0001,0,0,0,0.0001,0,0.0001,0.0001,0.0001,0,0,0,0.0001,0,0,0,0.2654,0.2433,0.2654,0.2433,1
1.1048,0,1.6572,0,0,0,0.5524,0.5524,0,0.5524,0.5524,1.6572,1.6572,0.5524,0.5524,1.1048,2.2096,0.5524,0,1.1048,0.0001,0,0.0001,0,0,0,0,0,0,0,0,0.0001,0.0001,0,0,0.0001,0.0002,0,0,0.0001,0.2346,0.213,0.2346,0.213,1
2.472,0,0,0,2.472,0,0,0,3.296,0,0,0,0,0,0,0,0.824,1.648,0,0.824,0.0006,0,0,0,0.0006,0,0,0,0.0008,0,0,0,0,0,0,0,0.0002,0.0004,0,0.0002,0.0643,0.1116,0.0643,0.1116,1
0,0.5513,0,0,0.5513,0,0,0,0.5513,1.6538,0,0,0.5513,0,2.2051,0,1.1025,1.6538,0.5513,0.5513,0,0.0001,0,0,0.0001,0,0,0,0.0001,0.0002,0,0,0.0001,0,0.0003,0,0.0001,0.0002,0.0001,0.0001,0.2285,0.2203,0.2285,0.2203,1
0.5983,0.5983,0,0.5983,0,0.5983,0,0.5983,1.1967,1.795,0.5983,0,0,0,0.5983,0.5983,1.795,0,0.5983,0.5983,0,0,0,0,0,0,0,0,0.0001,0.0001,0,0,0,0,0,0,0.0001,0,0,0,0.1767,0.225,0.1767,0.225,1
0,0.5228,1.0457,1.5685,1.0457,1.0457,0,0,0,1.5685,0,0.5228,0,0,1.0457,1.0457,0,0.5228,0.5228,0,0,0,0.0001,0.0001,0.0001,0.0001,0,0,0,0.0001,0,0,0,0,0.0001,0.0001,0,0,0,0,0.2476,0.2296,0.2476,0.2296,1
0,0,0.671,0,0.671,0.671,0.671,0.671,2.013,0,0.671,0,0,0,0,1.342,2.013,0.671,0,0,0,0,0.0001,0,0.0001,0.0001,0.0001,0.0001,0.0003,0,0.0001,0,0,0,0,0.0002,0.0003,0.0001,0,0,0.1438,0.1852,0.1438,0.1852,1
2.2925,0,1.5283,0,0,0,0.7642,0,0,0.7642,0.7642,0,0,0,0,3.0567,0,0.7642,0,0.7642,0.0002,0,0.0002,0,0,0,0.0001,0,0,0.0001,0.0001,0,0,0,0,0.0003,0,0.0001,0,0.0001,0.1269,0.1089,0.1269,0.1089,1
0,0.4143,1.6573,0.4143,0.4143,0.8287,0,0.8287,1.243,1.6573,0,0.4143,0.8287,0.8287,0.8287,0,0.4143,1.243,0.4143,0,0,0,0.0001,0,0,0.0001,0,0.0001,0.0001,0.0001,0,0,0.0001,0.0001,0.0001,0,0,0.0001,0,0,0.2892,0.2964,0.2892,0.2964,1
0,0,0.5763,0,0,0,2.3053,0.5763,1.729,0,1.729,0.5763,1.729,0,2.8817,0.5763,2.3053,0.5763,0,0.5763,0,0,0.0001,0,0,0,0.0003,0.0001,0.0002,0,0.0002,0.0001,0.0002,0,0.0003,0.0001,0.0003,0.0001,0,0.0001,0.2035,0.2201,0.2035,0.2201,1
0,1.1743,0,0,0.5872,2.9359,0,0.5872,0.5872,0.5872,0.5872,0.5872,0,0,1.1743,1.7615,1.1743,1.1743,1.1743,0,0,0.0001,0,0,0,0.0002,0,0,0,0,0,0,0,0,0.0001,0.0001,0.0001,0.0001,0.0001,0,0.1969,0.2159,0.1969,0.2159,1
0,0.5138,0.5138,0,0.5138,0.5138,0,0.5138,0.5138,2.0551,0,0,0,0,2.0551,0,0,0.5138,0.5138,1.0275,0,0,0,0,0,0,0,0,0,0.0002,0,0,0,0,0.0002,0,0,0,0,0.0001,0.248,0.2382,0.248,0.2382,1
1.2205,1.2205,0,0,0,1.8307,1.2205,0.6102,1.8307,0.6102,0.6102,0,0,1.2205,0.6102,1.2205,3.6615,0.6102,0,0.6102,0.0001,0.0001,0,0,0,0.0001,0.0001,0,0.0001,0,0,0,0,0.0001,0,0.0001,0.0003,0,0,0,0.2252,0.1646,0.2252,0.1646,1
0.7752,0,2.3255,0,0,0,0,0,0,0,0.7752,0.7752,0,0,0,1.5503,2.3255,2.3255,0,0.7752,0.0001,0,0.0003,0,0,0,0,0,0,0,0.0001,0.0001,0,0,0,0.0002,0.0003,0.0003,0,0.0001,0.1123,0.1125,0.1123,0.1125,1
0.7059,0,0,0,0,2.1177,0,0.7059,0.7059,0.7059,0,0,2.1177,0.7059,1.4118,2.1177,0,0.7059,0,0,0.0001,0,0,0,0,0.0003,0,0.0001,0.0001,0.0001,0,0,0.0003,0.0001,0.0002,0.0003,0,0.0001,0,0,0.1977,0.0964,0.1977,0.0964,1
1.3003,0,1.3003,0.6502,0,0,0,1.3003,0.6502,0,0.6502,0,1.3003,0,0.6502,0,0.6502,1.3003,0,0,0.0002,0,0.0002,0.0001,0,0,0,0.0002,0.0001,0,0.0001,0,0.0002,0,0.0001,0,0.0001,0.0002,0,0,0.1954,0.1545,0.1954,0.1545,1
1.1357,0.5678,0.5678,0,1.1357,2.2713,0.5678,0,0.5678,0.5678,0,0.5678,0.5678,0.5678,0,0.5678,0.5678,0,1.1357,0,0.0001,0,0,0,0.0001,0.0002,0,0,0,0,0,0,0,0,0,0,0,0,0.0001,0,0.2383,0.1938,0.2383,0.1938,1
1.5527,0,0.5176,1.5527,0.5176,0.5176,1.5527,0.5176,0.5176,0,0.5176,0.5176,0,0.5176,1.0351,0.5176,0,1.5527,0.5176,0,0.0002,0,0.0001,0.0002,0.0001,0.0001,0.0002,0.0001,0.0001,0,0.0001,0.0001,0,0.0001,0.0001,0.0001,0,0.0002,0.0001,0,0.239,0.2434,0.239,0.2434,1
1.3281,0.6641,0,1.3281,0.6641,3.9843,0,0,0,2.6562,0.6641,0,0,0,0,0.6641,1.3281,0.6641,0,0,0.0001,0,0,0.0001,0,0.0003,0,0,0,0.0002,0,0,0,0,0,0,0.0001,0,0,0,0.1632,0.1727,0.1632,0.1727,1
1.0883,0,0,0.5442,0.5442,1.0883,1.0883,0.5442,1.6325,2.1767,0,0,1.0883,0,0,0,0.5442,2.7209,0,0.5442,0.0001,0,0,0.0001,0.0001,0.0001,0.0001,0.0001,0.0002,0.0002,0,0,0.0001,0,0,0,0.0001,0.0003,0,0.0001,0.1887,0.2671,0.1887,0.2671,1
0,1.3905,0,0,0.6953,0,0,0,0.6953,0.6953,2.0858,1.3905,0,0,1.3905,1.3905,2.7811,2.0858,0,0,0,0.0001,0,0,0,0,0,0,0,0,0.0001,0.0001,0,0,0.0001,0.0001,0.0002,0.0001,0,0,0.1513,0.1535,0.1513,0.1535,1
0.5562,0,1.1124,0,0.5562,1.1124,0,0.5562,1.1124,1.6686,0.5562,0,0,0.5562,1.1124,0,0,0,0,1.1124,0.0001,0,0.0001,0,0.0001,0.0001,0,0.0001,0.0001,0.0002,0.0001,0,0,0.0001,0.0001,0,0,0,0,0.0001,0.1929,0.2509,0.1929,0.2509,1
1.8534,0.6178,0.6178,1.8534,0,2.4712,0,0,0,3.0889,0,0.6178,0,0,0,0.6178,1.2356,0.6178,0,0,0.0001,0,0,0.0001,0,0.0002,0,0,0,0.0002,0,0,0,0,0,0,0.0001,0,0,0,0.1983,0.1839,0.1983,0.1839,1
1.1345,2.8361,0.5672,0.5672,0.5672,2.2689,0,0,1.1345,0.5672,0.5672,1.1345,1.7017,0,1.1345,0.5672,1.1345,1.1345,0,0,0,0.0001,0,0,0,0.0001,0,0,0,0,0,0,0.0001,0,0,0,0,0,0,0,0.1882,0.2446,0.1882,0.2446,1
0,0,1.4742,0,1.4742,0,0,0,0,1.4742,0.7371,0.7371,2.2112,0.7371,0,0,0,2.2112,0,0,0,0,0.0001,0,0.0001,0,0,0,0,0.0001,0.0001,0.0001,0.0002,0.0001,0,0,0,0.0002,0,0,0.1547,0.1082,0.1547,0.1082,1
1.5132,0,0,0.7566,0,0,0,0,1.5132,3.7829,0,0,1.5132,0.7566,1.5132,0,0,2.2698,0,0,0.0002,0,0,0.0001,0,0,0,0,0.0002,0.0005,0,0,0.0002,0.0001,0.0002,0,0,0.0003,0,0,0.1152,0.1282,0.1152,0.1282,1
0.6005,0,0,1.201,0,0,0.6005,1.201,0,3.0025,0,0.6005,1.201,0.6005,0.6005,0.6005,0.6005,0,1.201,0,0.0001,0,0,0.0001,0,0,0.0001,0.0001,0,0.0003,0,0.0001,0.0001,0.0001,0.0001,0.0001,0.0001,0,0.0001,0,0.1807,0.2188,0.1807,0.2188,1
0,1.3172,0.6586,0,1.3172,0.6586,0.6586,0,0.6586,0,0.6586,0.6586,1.9757,0,0,0,1.3172,0,0,0,0,0.0001,0,0,0.0001,0,0,0,0,0,0,0,0.0001,0,0,0,0.0001,0,0,0,0.1779,0.1635,0.1779,0.1635,1
2.6401,0,0.66,0,0.66,1.9801,0,0.66,0.66,0.66,0.66,1.9801,0,0,1.3201,0,0.66,0.66,0,0.66,0.0002,0,0.0001,0,0.0001,0.0002,0,0.0001,0.0001,0.0001,0.0001,0.0002,0,0,0.0001,0,0.0001,0.0001,0,0.0001,0.1703,0.1697,0.1703,0.1697,1
0.5991,0.5991,0,0,0,0.5991,0,0.5991,1.1981,0.5991,1.1981,1.1981,1.1981,0.5991,1.1981,0.5991,0,0,1.1981,0.5991,0,0,0,0,0,0,0,0,0.0001,0,0.0001,0.0001,0.0001,0,0.0001,0,0,0,0.0001,0,0.2148,0.1861,0.2148,0.1861,1
0.6286,1.2572,1.2572,0.6286,0,0.6286,0,0,1.8858,1.2572,0,0,0,0.6286,0.6286,0,1.2572,0,0,1.2572,0.0001,0.0001,0.0001,0.0001,0,0.0001,0,0,0.0002,0.0001,0,0,0,0.0001,0.0001,0,0.0001,0,0,0.0001,0.1914,0.18,0.1914,0.18,1
0.6858,0,1.3715,0.6858,0,0,0,0,0,3.4289,0,0,0,0.6858,0,0.6858,0.6858,0.6858,0.6858,1.3715,0.0001,0,0.0001,0.0001,0,0,0,0,0,0.0004,0,0,0,0.0001,0,0.0001,0.0001,0.0001,0.0001,0.0001,0.1906,0.1236,0.1906,0.1236,1
0,0,0,0,1.3225,0.6612,0.6612,1.3225,0,3.3061,0,0.6612,0.6612,0.6612,1.3225,0,0,0,0,0,0,0,0,0,0.0002,0.0001,0.0001,0.0002,0,0.0004,0,0.0001,0.0001,0.0001,0.0002,0,0,0,0,0,0.1985,0.1403,0.1985,0.1403,1
1.7339,0.578,0,0.578,0,0.578,0.578,0.578,0.578,1.1559,0.578,1.7339,1.1559,0,0.578,0.578,1.7339,1.1559,0.578,1.1559,0.0001,0,0,0,0,0,0,0,0,0.0001,0,0.0001,0.0001,0,0,0,0.0001,0.0001,0,0.0001,0.2497,0.1724,0.2497,0.1724,1
0,3.3815,0,0.5636,0,2.8179,0,0,1.1272,1.1272,0,1.1272,1.6908,0,0.5636,0,2.2543,1.6908,0.5636,0,0,0.0001,0,0,0,0.0001,0,0,0,0,0,0,0.0001,0,0,0,0.0001,0.0001,0,0,0.2394,0.197,0.2394,0.197,1
0.5127,0.5127,0,0,1.538,2.0506,1.538,1.0253,1.0253,2.5633,0,0.5127,0,0,2.0506,0,0,0,0,0,0,0,0,0,0.0001,0.0002,0.0001,0.0001,0.0001,0.0002,0,0,0,0,0.0002,0,0,0,0,0,0.1939,0.2935,0.1939,0.2935,1
1.0968,0,0,0,1.6452,1.0968,1.0968,1.0968,1.0968,1.6452,0,1.0968,0,0,0.5484,0,2.1936,0.5484,0,0.5484,0.0001,0,0,0,0.0001,0.0001,0.0001,0.0001,0.0001,0.0001,0,0.0001,0,0,0,0,0.0002,0,0,0,0.2176,0.234,0.2176,0.234,1
0.9116,0.9116,0,0,1.8232,0,0,0,0,2.7348,3.6463,0.9116,0,0,0,0.9116,0,0,0,0.9116,0.0001,0.0001,0,0,0.0002,0,0,0,0,0.0003,0.0003,0.0001,0,0,0,0.0001,0,0,0,0.0001,0.0613,0.0271,0.0613,0.0271,1
1.4553,0,0,0,0,0,0,0,3.6383,0.7277,0,0,0,0,0.7277,0,0.7277,2.9107,0,0,0.0004,0,0,0,0,0,0,0,0.0009,0.0002,0,0,0,0,0.0002,0,0.0002,0.0007,0,0,0.1152,0.1572,0.1152,0.1572,1
0.6768,0,0.6768,0,0,2.7074,0,0,0,3.3842,0,0,0,0,0.6768,0,0,0,0,0,0.0001,0,0.0001,0,0,0.0003,0,0,0,0.0003,0,0,0,0,0.0001,0,0,0,0,0,0.1521,0.1711,0.1521,0.1711,1
0.9706,0.4853,0.9706,1.4559,0,0.4853,0,0.4853,0.4853,1.4559,0.4853,1.4559,0,0.9706,0.4853,0.9706,0.9706,1.4559,0,0.9706,0.0001,0,0.0001,0.0001,0,0,0,0,0,0.0001,0,0.0001,0,0.0001,0,0.0001,0.0001,0.0001,0,0.0001,0.2838,0.2309,0.2838,0.2309,1
2.5845,0,0,0.6461,0,0.6461,0.6461,0.6461,0,3.2306,0,0.6461,0,0,0.6461,0,0,0.6461,0.6461,0.6461,0.0003,0,0,0.0001,0,0.0001,0.0001,0.0001,0,0.0003,0,0.0001,0,0,0.0001,0,0,0.0001,0.0001,0.0001,0.1983,0.1556,0.1983,0.1556,1
1.9664,0,0.9832,0,0,1.4748,0,0.4916,2.458,2.9495,0.4916,0.4916,0,0,0,0,0.9832,1.4748,0,0,0.0001,0,0.0001,0,0,0.0001,0,0,0.0002,0.0002,0,0,0,0,0,0,0.0001,0.0001,0,0,0.2601,0.2483,0.2601,0.2483,1
5.3172,0.7596,0,1.5192,0,0.7596,0,0.7596,0,1.5192,0.7596,0,0.7596,0,0,0,1.5192,0,0,0,0.0004,0.0001,0,0.0001,0,0.0001,0,0.0001,0,0.0001,0.0001,0,0.0001,0,0,0,0.0001,0,0,0,0.1016,0.1388,0.1016,0.1388,1
1.1112,0,0.5556,0,0.5556,0.5556,0.5556,0.5556,2.2225,0.5556,0,0,0,1.1112,0.5556,0.5556,0,1.6669,1.1112,0,0.0001,0,0.0001,0,0.0001,0.0001,0.0001,0.0001,0.0002,0.0001,0,0,0,0.0001,0.0001,0.0001,0,0.0002,0.0001,0,0.1831,0.2613,0.1831,0.2613,1
1.1795,0,0,0,0.5898,0.5898,0,0,1.7693,0.5898,0,0,0.5898,0,0.5898,0.5898,0,1.7693,1.7693,0,0.0001,0,0,0,0.0001,0.0001,0,0,0.0002,0.0001,0,0,0.0001,0,0.0001,0.0001,0,0.0002,0.0002,0,0.2149,0.1953,0.2149,0.1953,1
0,0,0.4641,2.7846,0,0,0,1.3923,2.7846,0.4641,0,0.4641,0,0,0,0,0.4641,0,0.9282,0.4641,0,0,0,0.0003,0,0,0,0.0001,0.0003,0,0,0,0,0,0,0,0,0,0.0001,0,0.237,0.2989,0.237,0.2989,1
1.6682,0,0,0,0.8341,0.8341,0,0,3.3365,1.6682,0,0,0,0,0,0,0.8341,1.6682,0,0,0.0003,0,0,0,0.0002,0.0002,0,0,0.0006,0.0003,0,0,0,0,0,0,0.0002,0.0003,0,0,0.0725,0.0933,0.0725,0.0933,1
0,0,0.9211,0.4606,0,0.4606,0.4606,0.4606,1.8422,0.4606,0,0.4606,1.8422,0,1.8422,0.4606,0,0.9211,0,0.9211,0,0,0.0001,0,0,0,0,0,0.0002,0,0,0,0.0002,0,0.0002,0,0,0.0001,0,0.0001,0.3028,0.2366,0.3028,0.2366,1
1.0016,0,1.0016,0.5008,0.5008,0,0,0.5008,2.0032,1.5024,0,0.5008,1.0016,1.0016,1.0016,0,0,0.5008,0,0,0.0001,0,0.0001,0,0,0,0,0,0.0002,0.0001,0,0,0.0001,0.0001,0.0001,0,0,0,0,0,0.2307,0.2685,0.2307,0.2685,1
0.625,0,0.625,0,0.625,0.625,0.625,0,0,3.1249,0,0,1.875,0.625,0.625,0,0.625,0.625,1.875,0,0.0001,0,0.0001,0,0.0001,0.0001,0.0001,0,0,0.0003,0,0,0.0002,0.0001,0.0001,0,0.0001,0.0001,0.0002,0,0.1737,0.2013,0.1737,0.2013,1
0,0.5421,0,0,0.5421,1.0843,0,0.5421,1.0843,1.0843,0,0,0.5421,0,7.0478,0.5421,0.5421,0.5421,0,1.0843,0,0.0001,0,0,0.0001,0.0001,0,0.0001,0.0001,0.0001,0,0,0.0001,0,0.0007,0.0001,0.0001,0.0001,0,0.0001,0.2153,0.2426,0.2153,0.2426,1
1.5943,0,0,0,0.7972,0.7972,0,0,0,2.3915,0,0,0,0,0.7972,0,0.7972,0.7972,0.7972,0.7972,0.0003,0,0,0,0.0001,0.0001,0,0,0,0.0004,0,0,0,0,0.0001,0,0.0001,0.0001,0.0001,0.0001,0.0991,0.1038,0.0991,0.1038,1
0.4672,0,0.9343,1.8686,0,0.4672,0,0.9343,2.3358,0.9343,0,0.4672,0.9343,0.9343,0.4672,0.4672,0.9343,0,0,0.9343,0,0,0.0001,0.0002,0,0,0,0.0001,0.0002,0.0001,0,0,0.0001,0.0001,0,0,0.0001,0,0,0.0001,0.235,0.2979,0.235,0.2979,1
1.0793,0,0.5396,0,0,1.0793,0.5396,0,2.1586,0.5396,0,1.6189,0.5396,0,2.1586,0,0,0,0,0,0.0001,0,0.0001,0,0,0.0001,0.0001,0,0.0003,0.0001,0,0.0002,0.0001,0,0.0003,0,0,0,0,0,0.2404,0.22,0.2404,0.22,1
1.5817,1.0545,1.0545,0.5272,0.5272,2.109,0,1.5817,1.0545,0,0.5272,1.5817,0.5272,0,0,0,1.0545,2.109,0,0.5272,0.0001,0.0001,0.0001,0,0,0.0001,0,0.0001,0.0001,0,0,0.0001,0,0,0,0,0.0001,0.0001,0,0,0.24,0.2327,0.24,0.2327,1
1.7881,0.8941,0.447,0,0.8941,0.447,0.447,0.447,1.3411,0.8941,0.447,0,0.447,0,2.2352,0,0.447,0,0,0,0.0001,0.0001,0,0,0.0001,0,0,0,0.0001,0.0001,0,0,0,0,0.0002,0,0,0,0,0,0.2969,0.256,0.2969,0.256,1
1.2307,0,0,0.6153,0,1.2307,0,0,0.6153,1.846,0,0,0.6153,0.6153,1.2307,0.6153,0.6153,0,0,0,0.0002,0,0,0.0001,0,0.0002,0,0,0.0001,0.0003,0,0,0.0001,0.0001,0.0002,0.0001,0.0001,0,0,0,0.1968,0.1879,0.1968,0.1879,1
1.9585,0,0.6528,0,0,1.9585,0,0,0.6528,1.3057,0.6528,0,0.6528,0,1.3057,0.6528,0,0,0,0,0.0002,0,0.0001,0,0,0.0002,0,0,0.0001,0.0002,0.0001,0,0.0001,0,0.0002,0.0001,0,0,0,0,0.1969,0.1502,0.1969,0.1502,1
0,2.9075,0.5815,0.5815,0.5815,2.9075,0,0,0,1.163,0.5815,1.163,2.326,0,0.5815,0,2.326,1.163,0.5815,0,0,0.0001,0,0,0,0.0001,0,0,0,0,0,0,0.0001,0,0,0,0.0001,0,0,0,0.2211,0.1974,0.2211,0.1974,1
3.311,0,0,0,1.6555,0,0,0,3.311,3.311,0,0,0,0,0,0,0,0.8278,0,0,0.0006,0,0,0,0.0003,0,0,0,0.0006,0.0006,0,0,0,0,0,0,0,0.0002,0,0,0.0625,0.1097,0.0625,0.1097,1
0,1.7919,0,0.5973,1.1946,1.7919,0,0,1.1946,0.5973,0.5973,0.5973,2.3892,0,1.7919,0,2.3892,0.5973,0,0,0,0.0001,0,0,0.0001,0.0001,0,0,0.0001,0,0,0,0.0001,0,0.0001,0,0.0001,0,0,0,0.1865,0.2162,0.1865,0.2162,1
1.7011,1.1341,1.1341,1.1341,1.1341,0,0,0,0,2.2681,0,1.7011,1.1341,0,0.567,0,0.567,1.1341,0,0,0.0001,0.0001,0.0001,0.0001,0.0001,0,0,0,0,0.0001,0,0.0001,0.0001,0,0,0,0,0.0001,0,0,0.2107,0.2223,0.2107,0.2223,1
2.0941,0,0.698,0,2.0941,0.698,0,0,0,2.0941,0,0.698,1.3961,0,0.698,0,0,0,0,0,0.0002,0,0.0001,0,0.0002,0.0001,0,0,0,0.0002,0,0.0001,0.0001,0,0.0001,0,0,0,0,0,0.1676,0.1344,0.1676,0.1344,1
0.6271,0.6271,2.5082,0,0.6271,0.6271,0.6271,1.2541,0,0,0,0.6271,0.6271,0,0.6271,0,0.6271,0,0,0,0.0001,0.0001,0.0002,0,0.0001,0.0001,0.0001,0.0001,0,0,0,0.0001,0.0001,0,0.0001,0,0.0001,0,0,0,0.2278,0.1452,0.2278,0.1452,1
0,0,0,0.5511,1.1022,0.5511,1.1022,2.2043,0.5511,1.6532,0,0,0,1.6532,6.0619,0,0,0,0,0,0,0,0,0.0001,0.0001,0.0001,0.0001,0.0003,0.0001,0.0002,0,0,0,0.0002,0.0008,0,0,0,0,0,0.2132,0.2357,0.2132,0.2357,1
0.4386,0,0.4386,3.5086,0,0,0,1.3157,3.07,0.4386,0,0.8771,0,1.3157,0.4386,0,0.4386,0.4386,0.4386,0,0,0,0,0.0004,0,0,0,0.0001,0.0003,0,0,0.0001,0,0.0001,0,0,0,0,0,0,0.2987,0.2627,0.2987,0.2627,1
0,1.9478,0,0,0,0.6493,1.2986,0.6493,0.6493,0.6493,0.6493,1.2986,1.2986,0.6493,0,1.2986,3.2464,1.9478,0.6493,0,0,0.0001,0,0,0,0,0.0001,0,0,0,0,0.0001,0.0001,0,0,0.0001,0.0002,0.0001,0,0,0.1893,0.1614,0.1893,0.1614,1
2.6762,3.2114,0.5352,0,1.0705,1.0705,0,0.5352,0.5352,1.6057,0.5352,0,0.5352,0,2.1409,1.0705,0,0,0.5352,0,0.0001,0.0001,0,0,0,0,0,0,0,0.0001,0,0,0,0,0.0001,0,0,0,0,0,0.2072,0.2575,0.2072,0.2575,1
2.0844,0,1.0422,1.0422,0,3.6477,0,0,0,5.7321,0.5211,0.5211,0,0,0,1.0422,0,0,0,0,0.0001,0,0.0001,0.0001,0,0.0002,0,0,0,0.0003,0,0,0,0,0,0.0001,0,0,0,0,0.2243,0.2546,0.2243,0.2546,1
2.3953,1.1977,0.5988,0,0.5988,0,1.1977,0,0.5988,0.5988,0.5988,0,0,1.1977,0.5988,0.5988,1.1977,0.5988,0,0.5988,0.0002,0.0001,0.0001,0,0.0001,0,0.0001,0,0.0001,0.0001,0.0001,0,0,0.0001,0.0001,0.0001,0.0001,0.0001,0,0.0001,0.1868,0.2143,0.1868,0.2143,1
2.9926,0.7482,0,0.7482,0.7482,2.2445,0,0,0,0.7482,1.4963,0,1.4963,0,0,0,0,1.4963,0,0.7482,0.0002,0.0001,0,0.0001,0.0001,0.0002,0,0,0,0.0001,0.0001,0,0.0001,0,0,0,0,0.0001,0,0.0001,0.1295,0.1224,0.1295,0.1224,1
1.3713,0,0,0,1.3713,0.4571,0,0,3.1997,2.2855,0,0,0.4571,0,0.9142,0,0,0.4571,0,0,0.0001,0,0,0,0.0001,0,0,0,0.0003,0.0002,0,0,0,0,0.0001,0,0,0,0,0,0.2316,0.3113,0.2316,0.3113,1
0,2.2142,0,0,2.2142,1.4761,0,0,0,0,1.4761,1.4761,0.7381,0,0,2.2142,0.7381,0.7381,1.4761,0.7381,0,0.0001,0,0,0.0001,0.0001,0,0,0,0,0.0001,0.0001,0,0,0,0.0001,0,0,0.0001,0,0.1538,0.1082,0.1538,0.1082,1
0.5872,0,0.5872,0.5872,0.5872,1.1745,0,1.1745,0.5872,0.5872,0.5872,0.5872,0.5872,0,0.5872,0.5872,1.1745,0.5872,0,1.1745,0.0001,0,0.0001,0.0001,0.0001,0.0001,0,0.0001,0.0001,0.0001,0.0001,0.0001,0.0001,0,0.0001,0.0001,0.0001,0.0001,0,0.0001,0.1971,0.2157,0.1971,0.2157,1
1.0987,0,0,0.5494,0.5494,1.0987,1.6481,0.5494,1.0987,2.1975,0,0,1.0987,0,0,0.5494,0,3.2962,0,0,0.0001,0,0,0.0001,0.0001,0.0001,0.0002,0.0001,0.0001,0.0002,0,0,0.0001,0,0,0.0001,0,0.0003,0,0,0.1921,0.2586,0.1921,0.2586,1
0.5498,0.5498,1.0997,0,0.5498,0.5498,0.5498,1.0997,1.0997,0.5498,1.0997,0.5498,0.5498,0,1.0997,1.6495,1.0997,0,0,1.0997,0,0,0.0001,0,0,0,0,0.0001,0.0001,0,0.0001,0,0,0,0.0001,0.0001,0.0001,0,0,0.0001,0.2461,0.2041,0.2461,0.2041,1
0.5317,0.5317,0.5317,0,0.5317,0,0.5317,0.5317,0.5317,3.1901,0,0.5317,5.3169,0,1.5951,1.0634,0,0,0,0.5317,0,0,0,0,0,0,0,0,0,0.0003,0,0,0.0004,0,0.0001,0.0001,0,0,0,0,0.2651,0.2032,0.2651,0.2032,1
1.7704,0,0.5901,0,0.5901,1.1803,0.5901,0,1.1803,0.5901,2.3605,0.5901,0,1.1803,0,0.5901,0.5901,0.5901,0,0,0.0002,0,0.0001,0,0.0001,0.0001,0.0001,0,0.0001,0.0001,0.0002,0.0001,0,0.0001,0,0.0001,0.0001,0.0001,0,0,0.2357,0.1742,0.2357,0.1742,1
2.0842,0,0.6947,0,0,1.3895,0,0,0.6947,1.3895,0.6947,0,0.6947,0,0.6947,0,0,0,0,0,0.0003,0,0.0001,0,0,0.0002,0,0,0.0001,0.0002,0.0001,0,0.0001,0,0.0001,0,0,0,0,0,0.1776,0.1277,0.1776,0.1277,1
0,0.6687,0.6687,0,0,0.6687,0,0,1.3375,0.6687,0,0,2.0062,0,1.3375,0,0,0,0,0.6687,0,0.0001,0.0001,0,0,0.0001,0,0,0.0001,0.0001,0,0,0.0002,0,0.0001,0,0,0,0,0.0001,0.1777,0.1535,0.1777,0.1535,1
1.0417,0.5209,0.5209,0.5209,1.5626,0,0.5209,0,1.5626,0,0,0.5209,0.5209,1.0417,0.5209,1.5626,0.5209,1.5626,1.0417,0,0.0001,0,0,0,0.0001,0,0,0,0.0001,0,0,0,0,0.0001,0,0.0001,0,0.0001,0.0001,0,0.2125,0.2667,0.2125,0.2667,1
1.17,0.585,0.585,0,0,0,0,1.17,2.3401,0,0.585,1.17,0.585,0,1.17,0,0,0,0.585,0.585,0.0001,0,0,0,0,0,0,0.0001,0.0002,0,0,0.0001,0,0,0.0001,0,0,0,0,0,0.2681,0.1469,0.2681,0.1469,1
0,0,0,0,1.4923,0.9949,0.4974,0.4974,3.482,1.4923,0,0,0,0,0.4974,0,0.4974,0.4974,0,0,0,0,0,0,0.0002,0.0001,0.0001,0.0001,0.0005,0.0002,0,0,0,0,0.0001,0,0.0001,0.0001,0,0,0.2068,0.2958,0.2068,0.2958,1
1.0204,2.5511,0,0.5102,1.5306,1.5306,0,0,1.5306,1.5306,0,0.5102,0.5102,0.5102,1.0204,0.5102,0.5102,1.0204,0.5102,0,0,0.0001,0,0,0.0001,0.0001,0,0,0.0001,0.0001,0,0,0,0,0,0,0,0,0,0,0.2297,0.2601,0.2297,0.2601,1
0,1.3016,0,0.6508,0.6508,0.6508,0,0,0.6508,0.6508,0,0.6508,0,0.6508,1.3016,0.6508,0.6508,1.3016,0.6508,0,0,0.0001,0,0.0001,0.0001,0.0001,0,0,0.0001,0.0001,0,0.0001,0,0.0001,0.0001,0.0001,0.0001,0.0001,0.0001,0,0.2407,0.1085,0.2407,0.1085,1
0,0.5039,0.5039,0,0.5039,2.0156,0,1.5117,1.5117,2.0156,0,2.0156,0,0.5039,0,1.0078,0.5039,2.0156,0.5039,0,0,0,0,0,0,0.0001,0,0.0001,0.0001,0.0001,0,0.0001,0,0,0,0,0,0.0001,0,0,0.237,0.2591,0.237,0.2591,1
0,0,0,0,0.5433,0.5433,0,1.0865,2.1731,1.0865,0,0,0,0.5433,3.2596,0,0,0.5433,0.5433,0,0,0,0,0,0.0001,0.0001,0,0.0001,0.0003,0.0001,0,0,0,0.0001,0.0004,0,0,0.0001,0.0001,0,0.1966,0.2601,0.1966,0.2601,1
1.4997,2.4995,0.4999,0.4999,0.4999,0.4999,0,0,2.4995,0,0.9998,0.4999,0.4999,0,0,0.4999,1.9996,0.9998,0.4999,0.4999,0.0001,0.0001,0,0,0,0,0,0,0.0001,0,0,0,0,0,0,0,0.0001,0,0,0,0.2633,0.2368,0.2633,0.2368,1
0,0,0,0,0,0,0,0,4.9394,0,0,0,0,0,4.9394,0,0,0,0,0,0,0,0,0,0,0,0,0,0.0134,0,0,0,0,0,0.0134,0,0,0,0,0,0.0055,0.0066,0.0055,0.0066,1
1.6783,0,0,0,1.6783,0,0,0,3.3567,0,0,0,0,0,0,0,0.8392,2.5175,0,0.8392,0.0005,0,0,0,0.0005,0,0,0,0.0009,0,0,0,0,0,0,0,0.0002,0.0007,0,0.0002,0.0563,0.1045,0.0563,0.1045,1
0,3.5753,0.5959,0.5959,0.5959,2.9794,0,0,0,1.1918,0,1.1918,2.3835,0,0.5959,0,2.9794,0.5959,0.5959,0,0,0.0001,0,0,0,0.0001,0,0,0,0,0,0,0.0001,0,0,0,0.0001,0,0,0,0.2223,0.1818,0.2223,0.1818,1
1.4423,0.7212,0,0,0.7212,0.7212,0,0,0.7212,2.1635,0,0,0,0,0.7212,0,0.7212,0,0.7212,0,0.0001,0.0001,0,0,0.0001,0.0001,0,0,0.0001,0.0002,0,0,0,0,0.0001,0,0.0001,0,0.0001,0,0.1386,0.1403,0.1386,0.1403,1
1.658,0,0,0,0,0,0,0,3.316,0.829,0,0,0,0.829,0,0,0.829,3.316,0,0.829,0.0004,0,0,0,0,0,0,0,0.0008,0.0002,0,0,0,0.0002,0,0,0.0002,0.0008,0,0.0002,0.0657,0.1053,0.0657,0.1053,1
0.6212,0,0,1.2423,1.8635,0,0,1.2423,0.6212,1.2423,0,0.6212,2.4846,0,0.6212,0.6212,0,1.2423,0,0,0.0001,0,0,0.0001,0.0002,0,0,0.0001,0.0001,0.0001,0,0.0001,0.0002,0,0.0001,0.0001,0,0.0001,0,0,0.2337,0.1451,0.2337,0.1451,1
1.3278,0,0.6639,0.6639,0.6639,0,0,1.3278,1.3278,0,0,1.3278,0,0,0,0,3.3194,0.6639,0,0.6639,0.0001,0,0.0001,0.0001,0.0001,0,0,0.0001,0.0001,0,0,0.0001,0,0,0,0,0.0003,0.0001,0,0.0001,0.1471,0.1891,0.1471,0.1891,1
1.3739,4.8085,0,0.6869,1.3739,0.6869,0.6869,0,0,0.6869,0.6869,2.0608,2.7477,0,0,2.0608,2.0608,0.6869,0,0,0.0001,0.0002,0,0,0.0001,0,0,0,0,0,0,0.0001,0.0001,0,0,0.0001,0.0001,0,0,0,0.1461,0.1669,0.1461,0.1669,1
0,0,0.5411,0.5411,0,1.6233,0.5411,0,0.5411,0,0.5411,1.0822,1.6233,0,1.6233,0,0.5411,0.5411,0,0,0,0,0.0001,0.0001,0,0.0002,0.0001,0,0.0001,0,0.0001,0.0001,0.0002,0,0.0002,0,0.0001,0.0001,0,0,0.1934,0.2655,0.1934,0.2655,1
0,0,0,0,2.5376,0,0,0,3.3835,0.8459,0,0,0.8459,0,0,0,0.8459,1.6917,0,0.8459,0,0,0,0,0.0007,0,0,0,0.0009,0.0002,0,0,0.0002,0,0,0,0.0002,0.0005,0,0.0002,0.0551,0.099,0.0551,0.099,1
2.9889,0,1.4945,0,0,2.4908,0.4982,0,0.9963,3.9852,0,0.4982,0,0,0,0.4982,0.4982,0.4982,0,0,0.0002,0,0.0001,0,0,0.0002,0,0,0.0001,0.0002,0,0,0,0,0,0,0,0,0,0,0.2411,0.2608,0.2411,0.2608,1
0.5541,0.5541,1.1081,0,0.5541,1.1081,0,0.5541,0,0.5541,1.1081,1.1081,0,0.5541,1.6622,0.5541,0.5541,0,0,0.5541,0,0,0.0001,0,0,0.0001,0,0,0,0,0.0001,0.0001,0,0,0.0001,0,0,0,0,0,0.2316,0.2144,0.2316,0.2144,1
0.8786,0.4393,0.4393,0,0.8786,0.4393,0,0.4393,0.4393,2.1964,0,0.4393,0.4393,0,2.1964,0,1.3178,0.4393,0.4393,0.8786,0.0001,0,0,0,0.0001,0,0,0,0,0.0002,0,0,0,0,0.0002,0,0.0001,0,0,0.0001,0.2793,0.2814,0.2793,0.2814,1
1.253,0.6265,0,0,1.253,0.6265,0.6265,0,2.5059,1.253,2.5059,0,0,0,0.6265,1.253,0,1.8794,1.8794,0.6265,0.0001,0.0001,0,0,0.0001,0.0001,0.0001,0,0.0002,0.0001,0.0002,0,0,0,0.0001,0.0001,0,0.0002,0.0002,0.0001,0.1687,0.2048,0.1687,0.2048,1
2.1797,0,0.7266,0,0,0,0,0,2.9062,0.7266,0,0,0,0,0,0,0.7266,2.1797,0,0.7266,0.0004,0,0.0001,0,0,0,0,0,0.0005,0.0001,0,0,0,0,0,0,0.0001,0.0004,0,0.0001,0.1573,0.1161,0.1573,0.1161,1
0.6828,0,0.6828,0.6828,0,0,0.6828,0,2.7311,0.6828,0,0.6828,0,0,3.4139,0.6828,0,1.3655,0.6828,0,0.0001,0,0.0001,0.0001,0,0,0.0001,0,0.0003,0.0001,0,0.0001,0,0,0.0004,0.0001,0,0.0002,0.0001,0,0.1418,0.1754,0.1418,0.1754,1
1.4657,0.9772,0,0.4886,0.4886,0.9772,0.9772,0,0.9772,0,0,0,0.9772,0,2.4429,0.4886,0,0.4886,0.4886,0.9772,0.0001,0.0001,0,0,0,0.0001,0.0001,0,0.0001,0,0,0,0.0001,0,0.0002,0,0,0,0,0.0001,0.2531,0.2583,0.2531,0.2583,1
0.5599,1.6797,0.5599,0,0,1.1198,0.5599,0.5599,1.1198,0.5599,0,0.5599,0,0,0,1.1198,2.7994,1.6797,0.5599,0.5599,0,0.0001,0,0,0,0.0001,0,0,0.0001,0,0,0,0,0,0,0.0001,0.0002,0.0001,0,0,0.2123,0.2278,0.2123,0.2278,1
0.6184,0.6184,0,0,0,1.8552,0,0,0,1.2368,0,0.6184,0,0,2.4736,0.6184,0,0,0,0,0.0001,0.0001,0,0,0,0.0002,0,0,0,0.0001,0,0.0001,0,0,0.0003,0.0001,0,0,0,0,0.1703,0.2113,0.1703,0.2113,1
3.9071,0,0,0.7814,0,0,0,0,0.7814,0.7814,0,0.7814,0,0,0,0,0.7814,1.5628,0,0.7814,0.0008,0,0,0.0002,0,0,0,0,0.0002,0.0002,0,0.0002,0,0,0,0,0.0002,0.0003,0,0.0002,0.1128,0.1058,0.1128,0.1058,1
1.6813,0,0,0,2.522,0.8407,0,0,0.8407,0.8407,0,0,0.8407,0,0,0.8407,0,1.6813,0.8407,0,0.0002,0,0,0,0.0004,0.0001,0,0,0.0001,0.0001,0,0,0.0001,0,0,0.0001,0,0.0002,0.0001,0,0.0837,0.0757,0.0837,0.0757,1
0.523,0,0.523,0.523,0.523,0.523,1.5689,0.523,1.0459,0,0,0.523,0,0,0.523,0,0.523,1.5689,0,1.0459,0.0001,0,0.0001,0.0001,0.0001,0.0001,0.0002,0.0001,0.0001,0,0,0.0001,0,0,0.0001,0,0.0001,0.0002,0,0.0001,0.2066,0.2704,0.2066,0.2704,1
0,0,0,0,0,0,0,2.1134,0.7045,1.4089,0.7045,0.7045,0,0,0.7045,0.7045,0,0,0,1.4089,0,0,0,0,0,0,0,0.0003,0.0001,0.0002,0.0001,0.0001,0,0,0.0001,0.0001,0,0,0,0.0002,0.1485,0.147,0.1485,0.147,1
0,0.6955,1.3911,0.6955,0.6955,0,0,1.3911,0,1.3911,0.6955,0.6955,0.6955,0,0,2.0866,0,0,0,0,0,0.0001,0.0001,0.0001,0.0001,0,0,0.0001,0,0.0001,0.0001,0.0001,0.0001,0,0,0.0002,0,0,0,0,0.1711,0.1333,0.1711,0.1333,1
0,0,0,0,0.6414,0.6414,0,1.2828,0.6414,0.6414,0,0.6414,0,0,1.9242,0.6414,0,0.6414,0,0,0,0,0,0,0.0001,0.0001,0,0.0002,0.0001,0.0001,0,0.0001,0,0,0.0003,0.0001,0,0.0001,0,0,0.1927,0.1659,0.1927,0.1659,1
0.9987,0,0,0,0.4994,1.4981,0.4994,0.4994,0.4994,2.9962,0,0,0.4994,0,1.4981,0,0,0,0.4994,0,0.0001,0,0,0,0,0.0001,0,0,0,0.0003,0,0,0,0,0.0001,0,0,0,0,0,0.2487,0.252,0.2487,0.252,1
0.9644,0,0.4822,0,0.4822,0.4822,2.8932,0.4822,0.9644,0,0.4822,0.4822,0.9644,0,0.4822,0,1.4466,0.4822,0.4822,0.4822,0.0001,0,0.0001,0,0.0001,0.0001,0.0003,0.0001,0.0001,0,0.0001,0.0001,0.0001,0,0.0001,0,0.0002,0.0001,0.0001,0.0001,0.2501,0.2677,0.2501,0.2677,1
2.2404,0.5601,0.5601,1.1202,0.5601,0,1.1202,0,0.5601,1.6803,0,0.5601,0,0,0,0,0.5601,1.1202,0,0.5601,0.0002,0,0,0.0001,0,0,0.0001,0,0,0.0001,0,0,0,0,0,0,0,0.0001,0,0,0.2187,0.2212,0.2187,0.2212,1
0.7287,0,0.7287,0,0.7287,0.7287,0.7287,0,0,1.4574,1.4574,1.4574,1.4574,0,0,1.4574,2.1861,1.4574,0,0.7287,0.0001,0,0.0001,0,0.0001,0.0001,0.0001,0,0,0.0001,0.0001,0.0001,0.0001,0,0,0.0001,0.0002,0.0001,0,0.0001,0.1385,0.1328,0.1385,0.1328,1
0,0.5425,1.0851,0,0,0,0.5425,0.5425,1.6276,0,1.0851,0,1.0851,0.5425,0.5425,0,1.0851,1.0851,0,2.1701,0,0.0001,0.0001,0,0,0,0.0001,0.0001,0.0002,0,0.0001,0,0.0001,0.0001,0.0001,0,0.0001,0.0001,0,0.0002,0.2361,0.2214,0.2361,0.2214,1
0.5142,2.0567,0,0,1.5425,1.5425,0,0.5142,1.0284,1.5425,0,0,0,0,1.5425,1.0284,1.5425,0,0,1.0284,0,0.0001,0,0,0.0001,0.0001,0,0,0,0.0001,0,0,0,0,0.0001,0,0.0001,0,0,0,0.2344,0.2515,0.2344,0.2515,1
1.254,1.254,0,1.254,0,1.254,0,0,0.627,4.389,0.627,1.881,0.627,0,0,1.254,0,0.627,0,0,0.0001,0.0001,0,0.0001,0,0.0001,0,0,0,0.0002,0,0.0001,0,0,0,0.0001,0,0,0,0,0.1698,0.2031,0.1698,0.2031,1
1.2549,0,1.2549,0,0.6274,0.6274,0.6274,0,0.6274,0,0,0,1.2549,0,6.2744,0.6274,0.6274,0.6274,0.6274,0,0.0002,0,0.0002,0,0.0001,0.0001,0.0001,0,0.0001,0,0,0,0.0002,0,0.0008,0.0001,0.0001,0.0001,0.0001,0,0.1804,0.1921,0.1804,0.1921,1
0.681,1.3621,0,0,0.681,2.0431,0,0,0.681,0.681,0,0.681,1.3621,0,0,0,0.681,0,1.3621,0,0,0.0001,0,0,0,0.0001,0,0,0,0,0,0,0.0001,0,0,0,0,0,0.0001,0,0.157,0.1619,0.157,0.1619,1
2.4792,0,0.6198,0,0,0.6198,0,1.2396,0.6198,0.6198,0,0.6198,0,0,1.2396,0.6198,0,0,0,0,0.0003,0,0.0001,0,0,0.0001,0,0.0001,0.0001,0.0001,0,0.0001,0,0,0.0001,0.0001,0,0,0,0,0.21,0.1702,0.21,0.1702,1
0,0,0.4095,3.2758,0,0,0,1.2284,2.8664,0.4095,0.4095,0,0,0.819,0.4095,0.4095,0.819,0,0.819,0.4095,0,0,0,0.0003,0,0,0,0.0001,0.0003,0,0,0,0,0.0001,0,0,0.0001,0,0.0001,0,0.2561,0.3345,0.2561,0.3345,1
0,0.7116,0,0.7116,0,0,0.7116,0.7116,1.4233,0.7116,0,2.8466,0.7116,0,0,0,0,3.5582,0,0,0,0.0001,0,0.0001,0,0,0.0001,0.0001,0.0001,0.0001,0,0.0002,0.0001,0,0,0,0,0.0003,0,0,0.1484,0.14,0.1484,0.14,1
2.2343,0,2.2343,0.7448,0,0,0,0,0,0.7448,0,0,0,0.7448,0,0,0.7448,2.2343,0,0.7448,0.0003,0,0.0003,0.0001,0,0,0,0,0,0.0001,0,0,0,0.0001,0,0,0.0001,0.0003,0,0.0001,0.1491,0.1061,0.1491,0.1061,1
0.6763,0.6763,2.029,0,1.3527,0,0,1.3527,0,0,0,0,0,0,0.6763,0,2.029,0.6763,0,0.6763,0,0,0.0001,0,0.0001,0,0,0.0001,0,0,0,0,0,0,0,0,0.0001,0,0,0,0.2183,0.1054,0.2183,0.1054,1
0,0.4779,0.4779,0.4779,0.4779,0.4779,0,0,0.9557,2.3893,0,0,0.4779,0,1.9114,0.4779,0.4779,0,0.4779,0.9557,0,0,0,0,0,0,0,0,0.0001,0.0002,0,0,0,0,0.0002,0,0,0,0,0.0001,0.2579,0.2642,0.2579,0.2642,1
1.2588,0,0,1.2588,1.8883,0,0,1.2588,1.2588,0.6294,0,0.6294,2.5177,0,0,0.6294,0,1.2588,0,0,0.0001,0,0,0.0001,0.0002,0,0,0.0001,0.0001,0.0001,0,0.0001,0.0002,0,0,0.0001,0,0.0001,0,0,0.2206,0.15,0.2206,0.15,1
1.0916,1.0916,0.5458,0,0.5458,0.5458,0,0,1.0916,0.5458,1.0916,0,0.5458,0,2.1833,0,2.1833,0,0,0.5458,0.0001,0.0001,0,0,0,0,0,0,0.0001,0,0.0001,0,0,0,0.0002,0,0.0002,0,0,0,0.2582,0.196,0.2582,0.196,1
1.3321,0.666,0,0,0,1.9981,0,0.666,0,1.9981,0.666,0.666,0,0,0.666,1.3321,1.3321,0,0.666,1.9981,0.0001,0,0,0,0,0.0001,0,0,0,0.0001,0,0,0,0,0,0.0001,0.0001,0,0,0.0001,0.1788,0.1551,0.1788,0.1551,1
0.5264,0,0.5264,0,1.5793,0.5264,0.5264,1.0529,0.5264,0.5264,1.5793,0,0.5264,0.5264,4.738,0,0,0,0,0,0.0001,0,0.0001,0,0.0002,0.0001,0.0001,0.0001,0.0001,0.0001,0.0002,0,0.0001,0.0001,0.0006,0,0,0,0,0,0.2358,0.2378,0.2358,0.2378,1
0.5722,0,0,0.5722,1.1445,0.5722,0.5722,1.7167,0,2.8611,0,0,0,1.1445,6.2945,0,0,0,0,0,0.0001,0,0,0.0001,0.0001,0.0001,0.0001,0.0002,0,0.0003,0,0,0,0.0001,0.0008,0,0,0,0,0,0.2136,0.2142,0.2136,0.2142,1
4.337,0,0,0.7228,0,0,0,0,1.4457,3.6141,0,0,1.4457,0,1.4457,0,0,1.4457,0,0,0.0005,0,0,0.0001,0,0,0,0,0.0002,0.0004,0,0,0.0002,0,0.0002,0,0,0.0002,0,0,0.1149,0.1623,0.1149,0.1623,1
3.5856,0,0.7171,0,0.7171,0,0.7171,0,0,0.7171,0,1.4343,0,1.4343,0,0,3.5856,1.4343,0,0,0.0004,0,0.0001,0,0.0001,0,0.0001,0,0,0.0001,0,0.0002,0,0.0002,0,0,0.0004,0.0002,0,0,0.1456,0.1373,0.1456,0.1373,1
0.8734,0,0,0,0.8734,0,0,0.8734,1.7468,2.6202,0,0,0,0,1.7468,0,0,0.8734,0,0,0.0004,0,0,0,0.0004,0,0,0.0004,0.0007,0.0011,0,0,0,0,0.0007,0,0,0.0004,0,0,0.0467,0.0799,0.0467,0.0799,1
1.5973,0,1.5973,0.7987,0,0,0,0,0,0.7987,0,0.7987,0,0,0,0.7987,0.7987,3.1947,0,0.7987,0.0003,0,0.0003,0.0001,0,0,0,0,0,0.0001,0,0.0001,0,0,0,0.0001,0.0001,0.0006,0,0.0001,0.1002,0.1011,0.1002,0.1011,1
2.1272,0,0,0,1.4181,2.8362,0,0.7091,0,4.9634,0,0.7091,0,0.7091,0,0,0,0,0.7091,0,0.0001,0,0,0,0.0001,0.0002,0,0,0,0.0003,0,0,0,0,0,0,0,0,0,0,0.1433,0.1476,0.1433,0.1476,1
0.9542,0,0.9542,2.8627,0,0.4771,0,0.9542,0.4771,3.3398,0,0.9542,0.4771,0.9542,0,0.4771,0,0.9542,0,0,0.0001,0,0.0001,0.0002,0,0,0,0.0001,0,0.0002,0,0.0001,0,0.0001,0,0,0,0.0001,0,0,0.2796,0.2433,0.2796,0.2433,1
0,0,0,0,0.6726,0.6726,0,0,0.6726,1.3452,0,1.3452,1.3452,0,0.6726,1.3452,0,0,0.6726,0,0,0,0,0,0.0001,0.0001,0,0,0.0001,0.0001,0,0.0001,0.0001,0,0.0001,0.0001,0,0,0.0001,0,0.1925,0.1349,0.1925,0.1349,1
1.3096,0,0,0,0,0.6548,0,1.3096,1.3096,0,0,0,0,0,1.9644,0,0,0.6548,0,0,0.0003,0,0,0,0,0.0001,0,0.0003,0.0003,0,0,0,0,0,0.0004,0,0,0.0001,0,0,0.2054,0.1398,0.2054,0.1398,1
1.2268,0,1.2268,0.6134,0.6134,0,0,0,0.6134,1.8402,0,0,0,0,1.8402,0.6134,0.6134,0.6134,0,0,0.0001,0,0.0001,0.0001,0.0001,0,0,0,0.0001,0.0002,0,0,0,0,0.0002,0.0001,0.0001,0.0001,0,0,0.1492,0.2374,0.1492,0.2374,1
1.1982,0,0,0.5991,0.5991,1.7973,1.1982,0.5991,1.1982,2.3964,0,0,1.1982,0,0,0.5991,0,2.9955,0,0,0.0001,0,0,0,0,0.0001,0.0001,0,0.0001,0.0002,0,0,0.0001,0,0,0,0,0.0002,0,0,0.1652,0.2357,0.1652,0.2357,1
4.9292,0,0,0,0,1.0954,0,0,2.1908,4.3815,0,1.0954,0,0,0,0,0.5477,0.5477,0.5477,0,0.0004,0,0,0,0,0.0001,0,0,0.0002,0.0004,0,0.0001,0,0,0,0,0,0,0,0,0.1911,0.2612,0.1911,0.2612,1
0,0,0,0,0.6682,0,0,0,0,0.6682,0.6682,0,0.6682,0,5.3458,0.6682,0,0,0,0,0,0,0,0,0.0001,0,0,0,0,0.0001,0.0001,0,0.0001,0,0.0011,0.0001,0,0,0,0,0.1779,0.1539,0.1779,0.1539,1
0,3.4213,1.1404,0,1.1404,2.2809,0,0.5702,1.1404,0.5702,0,0.5702,1.7106,0,0.5702,1.7106,1.1404,0.5702,0.5702,0,0,0.0001,0,0,0,0.0001,0,0,0,0,0,0,0.0001,0,0,0.0001,0,0,0,0,0.1736,0.2562,0.1736,0.2562,1
0.7465,2.2396,0.7465,0,0.7465,0,0.7465,0,0,0.7465,0.7465,0.7465,0.7465,0.7465,0,0.7465,0.7465,1.4931,0,0,0,0.0001,0,0,0,0,0,0,0,0,0,0,0,0,0,0,0,0.0001,0,0,0.1433,0.1101,0.1433,0.1101,1
0.7087,0,0,0,0.7087,0,0.7087,0,0.7087,2.1261,0.7087,1.4174,1.4174,0.7087,0.7087,0,0,1.4174,0,0,0.0001,0,0,0,0.0001,0,0.0001,0,0.0001,0.0003,0.0001,0.0002,0.0002,0.0001,0.0001,0,0,0.0002,0,0,0.1491,0.1422,0.1491,0.1422,1
0.6061,0.6061,0,0,0.6061,1.2122,0.6061,1.2122,0.6061,0.6061,0,0,0,0.6061,1.2122,0,0.6061,0,0.6061,0,0.0001,0.0001,0,0,0.0001,0.0001,0.0001,0.0001,0.0001,0.0001,0,0,0,0.0001,0.0001,0,0.0001,0,0.0001,0,0.222,0.1719,0.222,0.1719,1
0.656,0,0,0,0,0,0,1.968,0,0,0.656,0,0,0.656,1.968,0.656,0.656,0,0.656,0,0.0001,0,0,0,0,0,0,0.0003,0,0,0.0001,0,0,0.0001,0.0003,0.0001,0.0001,0,0.0001,0,0.2111,0.133,0.2111,0.133,1
0,0,0.4113,2.8794,0.4113,0,0,1.234,2.8794,0.4113,0.4113,0,0,0.8227,0,0.4113,1.234,0,0.8227,0.4113,0,0,0,0.0003,0,0,0,0.0001,0.0003,0,0,0,0,0.0001,0,0,0.0001,0,0.0001,0,0.2737,0.315,0.2737,0.315,1
2.6735,0,0,0,0,0,1.0694,0,1.0694,0,0,0,0,0,6.4163,0,0,0,0,0,0.0005,0,0,0,0,0,0.0002,0,0.0002,0,0,0,0,0,0.0011,0,0,0,0,0,0.2039,0.2614,0.2039,0.2614,1
0.544,0,0,0.544,0.544,1.0881,1.6321,1.0881,0.544,1.0881,1.0881,1.0881,1.0881,0,0,0,0.544,1.0881,0,1.6321,0,0,0,0,0,0.0001,0.0001,0.0001,0,0.0001,0.0001,0.0001,0.0001,0,0,0,0,0.0001,0,0.0001,0.2157,0.2403,0.2157,0.2403,1
1.4342,0.7171,0,0.7171,0.7171,0.7171,0,0.7171,0.7171,0,0,0,0,0,0,0.7171,0,0,1.4342,0,0.0001,0.0001,0,0.0001,0.0001,0.0001,0,0.0001,0.0001,0,0,0,0,0,0,0.0001,0,0,0.0001,0,0.1514,0.1315,0.1514,0.1315,1
0.5035,0,0,3.5244,0,0,0,0,3.0209,2.5174,0,1.007,0,0.5035,0,0,0,0,0,0,0.0001,0,0,0.0004,0,0,0,0,0.0004,0.0003,0,0.0001,0,0.0001,0,0,0,0,0,0,0.2139,0.2826,0.2139,0.2826,1
0,0,0,0,0,1.3894,0,0.6947,0.6947,1.3894,0.6947,1.3894,2.0842,0,1.3894,0,2.0842,0.6947,0,0.6947,0,0,0,0,0,0.0002,0,0.0001,0.0001,0.0002,0.0001,0.0002,0.0002,0,0.0002,0,0.0002,0.0001,0,0.0001,0.1371,0.1682,0.1371,0.1682,1
1.9426,0.6475,0.6475,1.2951,0,1.9426,0,0,0,3.2377,0,0.6475,0.6475,0,0,1.2951,0,0.6475,0,0,0.0001,0,0,0.0001,0,0.0001,0,0,0,0.0002,0,0,0,0,0,0.0001,0,0,0,0,0.1657,0.1867,0.1657,0.1867,1
0,0,0,1.1249,0,1.1249,0.5625,1.6874,0.5625,1.6874,1.1249,0,0,0,0.5625,0,1.1249,1.6874,0,0.5625,0,0,0,0.0001,0,0.0001,0.0001,0.0002,0.0001,0.0002,0.0001,0,0,0,0.0001,0,0.0001,0.0002,0,0.0001,0.2027,0.2348,0.2027,0.2348,1
1.4486,2.1729,0.7243,0,0,0,0.7243,0,0,2.8972,0,0.7243,0.7243,0,0,0,0,0,0.7243,0,0.0001,0.0001,0,0,0,0,0,0,0,0.0002,0,0,0,0,0,0,0,0,0,0,0.1376,0.1381,0.1376,0.1381,1
0,0,0,0,3.2754,0,0,0,1.6377,0.8188,0,0,0,0,2.4565,0,0,0,0,0,0,0,0,0,0.0015,0,0,0,0.0007,0.0004,0,0,0,0,0.0011,0,0,0,0,0,0.0734,0.1078,0.0734,0.1078,1
2.2524,0,1.1262,0,0.5631,1.1262,0,1.6893,1.1262,0.5631,0,0.5631,0.5631,0,0,0.5631,0.5631,1.1262,0.5631,1.6893,0.0002,0,0.0001,0,0,0.0001,0,0.0001,0.0001,0,0,0,0,0,0,0,0,0.0001,0,0.0001,0.2262,0.2107,0.2262,0.2107,1
0,1.5108,0.5036,0,0.5036,0.5036,0,1.0072,1.5108,0,0.5036,0,1.5108,0.5036,1.5108,1.0072,1.5108,0.5036,1.0072,0.5036,0,0.0001,0,0,0,0,0,0.0001,0.0001,0,0,0,0.0001,0,0.0001,0.0001,0.0001,0,0.0001,0,0.2477,0.2487,0.2477,0.2487,1
0.6474,0,0.6474,0,0,3.237,0,0.6474,0.6474,5.8265,0,0,0.6474,0,0,0,0,0,0,0.6474,0,0,0,0,0,0.0002,0,0,0,0.0004,0,0,0,0,0,0,0,0,0,0,0.1389,0.2137,0.1389,0.2137,1
1.725,0,0,0,0,0,0,0,3.4499,1.725,0,0,0,0,0,0,0.8625,3.4499,0,0,0.0005,0,0,0,0,0,0,0,0.0011,0.0005,0,0,0,0,0,0,0.0003,0.0011,0,0,0.0491,0.0884,0.0491,0.0884,1
0.6457,0,0,0.6457,0,1.9372,0,0.6457,1.9372,1.2915,0,0,1.2915,0,0.6457,1.2915,0,2.5829,0,0.6457,0.0001,0,0,0.0001,0,0.0002,0,0.0001,0.0002,0.0001,0,0,0.0001,0,0.0001,0.0001,0,0.0003,0,0.0001,0.1848,0.1695,0.1848,0.1695,1
1.3128,0,0,1.3128,1.9692,0,0,1.3128,0.6564,0.6564,0.6564,0.6564,2.6256,0,0,0.6564,0,1.3128,0,0,0.0001,0,0,0.0001,0.0002,0,0,0.0001,0.0001,0.0001,0.0001,0.0001,0.0002,0,0,0.0001,0,0.0001,0,0,0.1962,0.1474,0.1962,0.1474,1
0,0,1.7477,0,0,1.7477,0,0,0,1.1652,0,0.5826,0.5826,0,2.3303,0,0,0,0,0,0,0,0.0002,0,0,0.0002,0,0,0,0.0001,0,0.0001,0.0001,0,0.0003,0,0,0,0,0,0.2038,0.2137,0.2038,0.2137,1
1.917,0,0,0,1.917,1.278,1.917,0.639,0,2.556,0,1.278,1.278,0,0,0.639,0,0,0.639,0,0.0002,0,0,0,0.0002,0.0001,0.0002,0.0001,0,0.0002,0,0.0001,0.0001,0,0,0.0001,0,0,0.0001,0,0.1793,0.1817,0.1793,0.1817,1
0.4373,0,0.4373,0,0.8746,0.8746,1.7492,1.3119,1.7492,1.3119,0.8746,0.4373,0,0.4373,0.8746,0.4373,0,0.4373,0.4373,0,0,0,0,0,0.0001,0.0001,0.0001,0.0001,0.0001,0.0001,0.0001,0,0,0,0.0001,0,0,0,0,0,0.2688,0.2939,0.2688,0.2939,1
0.4316,0,0,3.884,0,0,0.4316,0.8631,3.4524,1.7262,0,0.4316,0,0.8631,0,0,0.4316,0.4316,0,0,0,0,0,0.0004,0,0,0,0.0001,0.0004,0.0002,0,0,0,0.0001,0,0,0,0,0,0,0.2832,0.2852,0.2832,0.2852,1
0.5308,0.5308,0.5308,1.0617,0,0.5308,0,1.5925,0.5308,0.5308,1.0617,0.5308,0,0,1.0617,1.0617,0,1.5925,1.5925,0,0,0,0,0.0001,0,0,0,0.0001,0,0,0.0001,0,0,0,0.0001,0.0001,0,0.0001,0.0001,0,0.2407,0.2285,0.2407,0.2285,1
0,0,0.4951,0.9902,1.4854,0,0,0.4951,1.9805,2.4756,0,0.4951,0,0,1.4854,0,0,0,0,0,0,0,0,0.0001,0.0001,0,0,0,0.0002,0.0002,0,0,0,0,0.0001,0,0,0,0,0,0.2305,0.2744,0.2305,0.2744,1
1.1191,3.3573,0,0.5595,0,1.6786,0,1.6786,1.1191,0.5595,0,0,1.1191,0,0.5595,2.2382,0.5595,1.1191,0.5595,0.5595,0,0.0001,0,0,0,0.0001,0,0.0001,0,0,0,0,0,0,0,0.0001,0,0,0,0,0.2352,0.2052,0.2352,0.2052,1
2.5014,0.6254,0,1.2507,1.2507,0,0,0.6254,0.6254,0.6254,0,1.2507,1.8761,0,0.6254,0.6254,0,0.6254,0,0,0.0002,0,0,0.0001,0.0001,0,0,0,0,0,0,0.0001,0.0001,0,0,0,0,0,0,0,0.2109,0.1637,0.2109,0.1637,1
0.7225,0,0,0,0,0.7225,0,0,0.7225,2.1676,0,0,0.7225,0,0.7225,0,0.7225,1.445,0.7225,0,0.0001,0,0,0,0,0.0001,0,0,0.0001,0.0004,0,0,0.0001,0,0.0001,0,0.0001,0.0003,0.0001,0,0.1415,0.136,0.1415,0.136,1
0.6878,0.6878,0,0,0.6878,1.3756,0,3.4391,0,2.7513,0,0,0.6878,0,2.0635,0.6878,0,1.3756,0,0,0,0,0,0,0,0.0001,0,0.0002,0,0.0002,0,0,0,0,0.0001,0,0,0.0001,0,0,0.16,0.1521,0.16,0.1521,1
2.1898,0.5475,1.0949,0,0,0.5475,0.5475,0.5475,0.5475,0.5475,0.5475,1.6424,0.5475,0.5475,0.5475,0.5475,1.0949,1.0949,0.5475,0.5475,0.0001,0,0.0001,0,0,0,0,0,0,0,0,0.0001,0,0,0,0,0.0001,0.0001,0,0,0.2571,0.1954,0.2571,0.1954,1
0,0,1.274,1.274,0,0,0,1.274,0,3.1851,0,1.911,0,0,0.637,0,0,0,0,0,0,0,0.0001,0.0001,0,0,0,0.0001,0,0.0002,0,0.0001,0,0,0,0,0,0,0,0,0.1891,0.1739,0.1891,0.1739,1
1.2396,0,0.6198,0.6198,1.2396,0.6198,0,0.6198,1.2396,1.2396,0.6198,0,0,0,0,0,0,0,0,0,0.0001,0,0.0001,0.0001,0.0001,0.0001,0,0.0001,0.0001,0.0001,0.0001,0,0,0,0,0,0,0,0,0,0.1684,0.2118,0.1684,0.2118,1
0,0.5942,1.1883,0.5942,0,0,0,0.5942,0,2.3766,0,0,0,0,0.5942,0.5942,0,0,1.7825,0,0,0,0.0001,0,0,0,0,0,0,0.0002,0,0,0,0,0,0,0,0,0.0001,0,0.1822,0.2237,0.1822,0.2237,1
2.5402,0,0,0.6351,0,0,0.6351,0,0,0,0.6351,0.6351,1.2701,1.2701,1.2701,0.6351,0,0,0.6351,0,0.0003,0,0,0.0001,0,0,0.0001,0,0,0,0.0001,0.0001,0.0002,0.0002,0.0002,0.0001,0,0,0.0001,0,0.1849,0.18,0.1849,0.18,1
4.9554,0.7079,0,0,0.7079,0,0,0,1.4158,4.2475,0,0.7079,1.4158,0,0,0,0,0,0.7079,0,0.0003,0,0,0,0,0,0,0,0.0001,0.0003,0,0,0.0001,0,0,0,0,0,0,0,0.1012,0.1909,0.1012,0.1909,1
2.2927,0,0.4585,0,0.4585,1.8341,0.4585,0.4585,2.2927,0.9171,0.4585,0,0,0,0.9171,0.4585,0.4585,1.3756,0,0,0.0002,0,0,0,0,0.0002,0,0,0.0002,0.0001,0,0,0,0,0.0001,0,0,0.0001,0,0,0.2804,0.2611,0.2804,0.2611,1
0.8471,0,0,0,0,0,0,0.8471,3.3883,0.8471,0,0,0.8471,0,0,0,0.8471,2.5412,0,0.8471,0.0002,0,0,0,0,0,0,0.0002,0.0009,0.0002,0,0,0.0002,0,0,0,0.0002,0.0007,0,0.0002,0.0595,0.0934,0.0595,0.0934,1
0.804,0,0,0,0,1.608,0,0,0.804,0.804,0,0,0.804,0,0,1.608,0,1.608,2.412,0,0.0001,0,0,0,0,0.0002,0,0,0.0001,0.0001,0,0,0.0001,0,0,0.0002,0,0.0002,0.0003,0,0.0902,0.1058,0.0902,0.1058,1
1.1156,0,0,0.5578,0.5578,1.6734,1.1156,1.1156,1.1156,2.2312,0,0,1.1156,0,0.5578,0.5578,0,2.789,0,0,0.0001,0,0,0,0,0.0001,0.0001,0.0001,0.0001,0.0002,0,0,0.0001,0,0,0,0,0.0002,0,0,0.2001,0.2421,0.2001,0.2421,1
4.5668,0,0.7611,0,0.7611,2.2834,0,0.7611,0,2.2834,0,0,0,0,0,0,0,3.8057,0.7611,0,0.0005,0,0.0001,0,0.0001,0.0002,0,0.0001,0,0.0002,0,0,0,0,0,0,0,0.0004,0.0001,0,0.1337,0.1052,0.1337,0.1052,1
0,1.5778,0.5259,0,2.1038,1.0519,0,0.5259,1.0519,0.5259,1.5778,0,0.5259,0,0.5259,0.5259,2.6297,2.1038,0.5259,0,0,0.0001,0,0,0.0001,0.0001,0,0,0.0001,0,0.0001,0,0,0,0,0,0.0001,0.0001,0,0,0.2271,0.2469,0.2271,0.2469,1
2.292,0,0.764,0.764,0,0,0,0,0.764,0,1.528,0,0,0,0,2.292,0,1.528,0,0.764,0.0003,0,0.0001,0.0001,0,0,0,0,0.0001,0,0.0002,0,0,0,0,0.0003,0,0.0002,0,0.0001,0.1303,0.1057,0.1303,0.1057,1
0.4981,0,0.9962,0.9962,0.4981,0.4981,0.4981,1.4943,0.9962,0.4981,0.4981,0,0,0,0,0.9962,0.4981,0.4981,0.9962,0,0,0,0.0001,0.0001,0,0,0,0.0001,0.0001,0,0,0,0,0,0,0.0001,0,0,0.0001,0,0.2854,0.2165,0.2854,0.2165,1
0.5288,0,0,0.5288,0.5288,2.6441,0,0,0,0.5288,0.5288,0.5288,1.5865,0,2.6441,0.5288,0,0.5288,0.5288,0,0,0,0,0,0,0.0002,0,0,0,0,0,0,0.0001,0,0.0002,0,0,0,0,0,0.3231,0.1481,0.3231,0.1481,1
0,0.6752,0,0,0.6752,2.7006,0,0,1.3503,1.3503,0,0,0.6752,0,0.6752,0.6752,0,0,0,2.0255,0,0.0001,0,0,0.0001,0.0002,0,0,0.0001,0.0001,0,0,0.0001,0,0.0001,0.0001,0,0,0,0.0002,0.2,0.1248,0.2,0.1248,1
0.5437,0,0.5437,0.5437,1.0874,1.6311,1.0874,0.5437,0,1.6311,0,0.5437,0.5437,0.5437,0,0.5437,1.6311,1.6311,0.5437,0,0,0,0,0,0.0001,0.0001,0.0001,0,0,0.0001,0,0,0,0,0,0,0.0001,0.0001,0,0,0.2135,0.2428,0.2135,0.2428,1
1.6543,0,0,0,0,0.5514,0,0,0.5514,0,0.5514,0.5514,0.5514,0,4.963,0,0,0,0,0.5514,0.0003,0,0,0,0,0.0001,0,0,0.0001,0,0.0001,0.0001,0.0001,0,0.0009,0,0,0,0,0.0001,0.1968,0.2517,0.1968,0.2517,1
3.1715,0.5286,1.5857,0.5286,0.5286,1.0572,0,0.5286,0,0,0,0,1.5857,0,1.0572,0,1.0572,0,0.5286,1.0572,0.0002,0,0.0001,0,0,0.0001,0,0,0,0,0,0,0.0001,0,0.0001,0,0.0001,0,0,0.0001,0.2226,0.2488,0.2226,0.2488,1
0.4883,0,0.9765,0.4883,0.4883,1.9531,0,0.4883,0.9765,0.4883,0,0.4883,0.4883,0,1.9531,0.4883,0,0.9765,0.4883,0,0,0,0.0001,0,0,0.0002,0,0,0.0001,0,0,0,0,0,0.0002,0,0,0.0001,0,0,0.2555,0.2563,0.2555,0.2563,1
0,0,0.4991,0,0,0.4991,0.9983,1.9965,1.9965,0.9983,0,0,0.9983,0,1.4974,0,0,0.4991,0.4991,0,0,0,0.0001,0,0,0.0001,0.0001,0.0002,0.0002,0.0001,0,0,0.0001,0,0.0002,0,0,0.0001,0.0001,0,0.211,0.2899,0.211,0.2899,1
1.1546,3.4639,0.5773,0.5773,0,1.7319,0,1.7319,1.1546,1.1546,0,0.5773,1.1546,0,0.5773,1.7319,0,0.5773,0.5773,0.5773,0,0.0001,0,0,0,0.0001,0,0.0001,0,0,0,0,0,0,0,0.0001,0,0,0,0,0.2031,0.2196,0.2031,0.2196,1
0.7115,0.7115,0.7115,0.7115,0,0,0,0,0.7115,0.7115,0,1.423,0,0,0,0,0.7115,0,0,0.7115,0.0001,0.0001,0.0001,0.0001,0,0,0,0,0.0001,0.0001,0,0.0001,0,0,0,0,0.0001,0,0,0.0001,0.1465,0.1421,0.1465,0.1421,1
0,0.7222,1.4444,0.7222,0.7222,0,0,1.4444,0,1.4444,0.7222,0,0.7222,0,0,2.1665,0,0,0,0,0,0.0001,0.0001,0.0001,0.0001,0,0,0.0001,0,0.0001,0.0001,0,0.0001,0,0,0.0002,0,0,0,0,0.1525,0.1253,0.1525,0.1253,1
0,0.8213,0,0,0,1.6427,0,0,0.8213,1.6427,0,0,1.6427,0,0,1.6427,0,0.8213,1.6427,0,0,0.0001,0,0,0,0.0001,0,0,0.0001,0.0001,0,0,0.0001,0,0,0.0001,0,0.0001,0.0001,0,0.0856,0.0931,0.0856,0.0931,1
0.5246,2.6231,1.0492,0.5246,0,2.0985,0,0,1.0492,0.5246,0,0.5246,0,0.5246,0,0,3.1477,1.5739,0.5246,0.5246,0,0.0001,0,0,0,0.0001,0,0,0,0,0,0,0,0,0,0,0.0001,0.0001,0,0,0.2112,0.2642,0.2112,0.2642,1
1.746,0,0.582,0,0,1.746,0.582,0.582,1.746,0.582,0.582,0,0.582,0,1.164,0.582,0.582,0,0,0.582,0.0002,0,0.0001,0,0,0.0002,0.0001,0.0001,0.0002,0.0001,0.0001,0,0.0001,0,0.0001,0.0001,0.0001,0,0,0.0001,0.2192,0.1988,0.2192,0.1988,1
1.5036,0.5012,0.5012,1.0024,0,0.5012,0,1.0024,0.5012,0,0,0.5012,0.5012,0,3.5084,0.5012,1.5036,0.5012,0,1.5036,0.0001,0,0,0.0001,0,0,0,0.0001,0,0,0,0,0,0,0.0003,0,0.0001,0,0,0.0001,0.3194,0.1794,0.3194,0.1794,1
0.6416,0,1.2832,0.6416,0,0.6416,0,0,1.2832,1.9248,0,0,1.2832,0,0,0,0,0,0.6416,0,0.0001,0,0.0001,0.0001,0,0.0001,0,0,0.0001,0.0002,0,0,0.0001,0,0,0,0,0,0.0001,0,0.2002,0.1583,0.2002,0.1583,1
2.0827,0,0.5207,0,2.0827,3.124,0.5207,1.0413,0.5207,0,0,1.0413,0,0.5207,0,1.0413,0,2.0827,0.5207,0,0.0001,0,0,0,0.0001,0.0002,0,0.0001,0,0,0,0.0001,0,0,0,0.0001,0,0.0001,0,0,0.2494,0.2299,0.2494,0.2299,1
0.9423,0,0,0.4712,0.4712,0.9423,0.9423,0.4712,0.9423,0.4712,0.4712,0,0.9423,0,1.4135,0,0,0.4712,0.4712,0,0.0001,0,0,0.0001,0.0001,0.0001,0.0001,0.0001,0.0001,0.0001,0.0001,0,0.0001,0,0.0002,0,0,0.0001,0.0001,0,0.2599,0.2689,0.2599,0.2689,1
0.5248,0,0.5248,2.0994,0,0,0,0.5248,0.5248,2.6242,0,2.0994,0,0,0.5248,0.5248,0,0.5248,0,0.5248,0,0,0,0.0002,0,0,0,0,0,0.0002,0,0.0002,0,0,0,0,0,0,0,0,0.2175,0.2576,0.2175,0.2576,1
1.7251,1.7251,1.7251,0.575,0.575,1.1501,0,0,0,1.1501,0.575,0,3.4502,0,0.575,1.1501,1.1501,0,0.575,1.1501,0.0001,0.0001,0.0001,0,0,0.0001,0,0,0,0.0001,0,0,0.0002,0,0,0.0001,0.0001,0,0,0.0001,0.2104,0.2146,0.2104,0.2146,1
2.9125,1.4563,0,0,0.7281,0.7281,0.7281,0,0,2.1844,0,0.7281,2.1844,0,0,0.7281,0,0.7281,1.4563,0,0.0002,0.0001,0,0,0,0,0,0,0,0.0001,0,0,0.0001,0,0,0,0,0,0.0001,0,0.1243,0.1476,0.1243,0.1476,1
0,1.5175,0.5058,0.5058,0,1.0117,0.5058,0,1.5175,0,1.0117,0.5058,2.0234,0,1.5175,0,1.0117,0,0.5058,1.0117,0,0.0001,0,0,0,0.0001,0,0,0.0001,0,0.0001,0,0.0001,0,0.0001,0,0.0001,0,0,0.0001,0.2622,0.232,0.2622,0.232,1
0,0,0,0,1.6979,0,0,0,3.3957,3.3957,0,0,0.8489,0,0,0,0.8489,0.8489,0,0,0,0,0,0,0.0004,0,0,0,0.0008,0.0008,0,0,0.0002,0,0,0,0.0002,0.0002,0,0,0.0508,0.1002,0.0508,0.1002,1
0.7196,0,0.7196,0,0.7196,0,0,0.7196,0,1.4392,0.7196,0,0.7196,0.7196,0.7196,0,1.4392,3.5979,0,0.7196,0.0001,0,0.0001,0,0.0001,0,0,0.0001,0,0.0002,0.0001,0,0.0001,0.0001,0.0001,0,0.0002,0.0005,0,0.0001,0.1307,0.1497,0.1307,0.1497,1
1.4755,0,0,0,0,0,0,0,1.4755,1.4755,1.4755,0.7377,1.4755,0,0,0.7377,0,0,0,0,0.0002,0,0,0,0,0,0,0,0.0002,0.0002,0.0002,0.0001,0.0002,0,0,0.0001,0,0,0,0,0.1379,0.1243,0.1379,0.1243,1
0.6151,0.6151,1.2302,1.2302,0,1.8453,0,0,0.6151,1.2302,0.6151,1.8453,0.6151,0.6151,0,0,0.6151,0.6151,0,0,0,0,0.0001,0.0001,0,0.0001,0,0,0,0.0001,0,0.0001,0,0,0,0,0,0,0,0,0.2507,0.1342,0.2507,0.1342,1
0.6896,0,2.0688,0,0,0,0,0.6896,0.6896,0.6896,0,0.6896,0,0,0,0.6896,0,0.6896,0.6896,0,0.0001,0,0.0002,0,0,0,0,0.0001,0.0001,0.0001,0,0.0001,0,0,0,0.0001,0,0.0001,0.0001,0,0.1945,0.1159,0.1945,0.1159,1
1.1095,2.7737,0,1.1095,0,2.219,0.5547,0,0.5547,1.6642,0,0.5547,1.1095,0,0.5547,1.1095,1.1095,1.6642,0,0,0,0.0001,0,0,0,0.0001,0,0,0,0.0001,0,0,0,0,0,0,0,0.0001,0,0,0.1815,0.2638,0.1815,0.2638,1
2.8292,0,0.4715,0.4715,0,0.4715,0.9431,0.4715,1.4146,1.8861,0,0,0.4715,0,0.4715,0.4715,0,1.4146,0.9431,0.4715,0.0002,0,0,0,0,0,0.0001,0,0.0001,0.0001,0,0,0,0,0,0,0,0.0001,0.0001,0,0.25,0.2785,0.25,0.2785,1
0,0,0,0,1.0676,2.1352,2.1352,0.5338,1.0676,3.2028,0,0,0,0,0,1.0676,1.0676,0.5338,0,0,0,0,0,0,0.0001,0.0002,0.0002,0,0.0001,0.0003,0,0,0,0,0,0.0001,0.0001,0,0,0,0.1928,0.2734,0.1928,0.2734,1
1.4897,0.4966,0.9931,1.9862,0.4966,0.4966,0,1.9862,1.4897,0.4966,1.4897,0.9931,0,0.4966,0,0.4966,1.4897,0,0,0,0.0001,0,0.0001,0.0001,0,0,0,0.0001,0.0001,0,0.0001,0.0001,0,0,0,0,0.0001,0,0,0,0.2569,0.2466,0.2569,0.2466,1
1.2848,0.6424,0,1.2848,2.5696,0.6424,0,1.2848,0.6424,0.6424,0,0,2.5696,0,0,0.6424,0,0.6424,0,0,0.0001,0,0,0.0001,0.0002,0,0,0.0001,0,0,0,0,0.0002,0,0,0,0,0,0,0,0.2112,0.1464,0.2112,0.1464,1
1.6924,0,0,0,0.8462,0,0,0,3.3847,3.3847,0,0,0,0,0,0,0.8462,1.6924,0,0,0.0004,0,0,0,0.0002,0,0,0,0.0008,0.0008,0,0,0,0,0,0,0.0002,0.0004,0,0,0.0573,0.0965,0.0573,0.0965,1
0,0.5147,1.0293,0.5147,0.5147,1.0293,0,1.0293,0,2.0586,0,1.544,2.0586,1.0293,1.0293,1.544,0.5147,0.5147,0.5147,0,0,0,0.0001,0,0,0.0001,0,0.0001,0,0.0001,0,0.0001,0.0001,0.0001,0.0001,0.0001,0,0,0,0,0.2777,0.2076,0.2777,0.2076,1
0.4738,0,0.4738,0.4738,1.4215,0.4738,0.4738,0,2.3691,0.4738,0,0,0.4738,0,1.8953,0,0.4738,0.9476,0,0,0.0001,0,0.0001,0.0001,0.0002,0.0001,0.0001,0,0.0003,0.0001,0,0,0.0001,0,0.0002,0,0.0001,0.0001,0,0,0.2611,0.2651,0.2611,0.2651,1
0,0,0.4838,0.4838,1.4513,0.9675,0.4838,0,0.9675,0.4838,0.4838,0,0.4838,0.4838,0.9675,0,0.4838,0.4838,1.4513,0.4838,0,0,0,0,0.0001,0.0001,0,0,0.0001,0,0,0,0,0,0.0001,0,0,0,0.0001,0,0.2579,0.2584,0.2579,0.2584,1
4.8792,0,0,0,0.8132,0,0,0,1.6264,1.6264,0,0,1.6264,0,1.6264,0,0,0.8132,0,0,0.0008,0,0,0,0.0001,0,0,0,0.0003,0.0003,0,0,0.0003,0,0.0003,0,0,0.0001,0,0,0.0675,0.1193,0.0675,0.1193,1
0,0.5029,1.0057,1.0057,0.5029,1.5086,0.5029,0,0.5029,0.5029,1.0057,1.0057,0.5029,0,2.5143,0.5029,0,0.5029,0,0.5029,0,0,0.0001,0.0001,0,0.0001,0,0,0,0,0.0001,0.0001,0,0,0.0002,0,0,0,0,0,0.2825,0.2146,0.2825,0.2146,1
0.4802,0,1.4406,0,0,0.4802,0.9604,0.9604,0.9604,0.9604,0,0,0.4802,0,0.9604,0.9604,0,2.4011,0.4802,0.4802,0,0,0.0001,0,0,0,0.0001,0.0001,0.0001,0.0001,0,0,0,0,0.0001,0.0001,0,0.0002,0,0,0.2525,0.2673,0.2525,0.2673,1
0.7314,0,0,0,0.7314,0,0.7314,0.7314,0,0,2.1943,0,0,0,1.4628,0,0.7314,0.7314,0,0.7314,0.0002,0,0,0,0.0002,0,0.0002,0.0002,0,0,0.0006,0,0,0,0.0004,0,0.0002,0.0002,0,0.0002,0.1337,0.1349,0.1337,0.1349,1
2.1002,0.7001,0,2.8003,0,0.7001,0,0.7001,0,1.4001,0,0,0.7001,0,0,0,2.1002,0.7001,0,0,0.0002,0.0001,0,0.0003,0,0.0001,0,0.0001,0,0.0001,0,0,0.0001,0,0,0,0.0002,0.0001,0,0,0.163,0.1369,0.163,0.1369,1
1.0096,1.5143,0,0.5048,0.5048,1.5143,1.5143,0,0.5048,0.5048,0.5048,0,0.5048,0,2.0191,0,0.5048,1.5143,0,0.5048,0.0001,0.0001,0,0,0,0.0001,0.0001,0,0,0,0,0,0,0,0.0001,0,0,0.0001,0,0,0.2543,0.2409,0.2543,0.2409,1
0,0,0.4468,3.1273,0,0,0,1.3403,2.6806,0.4468,0.4468,0,0,0,0,0.4468,0.8935,0,0.8935,0.4468,0,0,0,0.0003,0,0,0,0.0001,0.0002,0,0,0,0,0,0,0,0.0001,0,0.0001,0,0.2523,0.3009,0.2523,0.3009,1
1.9537,0,0,1.3025,0,2.6049,0,0,0,3.9074,0,1.3025,1.3025,0,0,0.6512,0.6512,0,0,0.6512,0.0001,0,0,0.0001,0,0.0002,0,0,0,0.0003,0,0.0001,0.0001,0,0,0,0,0,0,0,0.1698,0.179,0.1698,0.179,1
1.679,1.1193,0,0,0.5597,0.5597,0.5597,0,1.679,0,0,0,0.5597,0.5597,1.1193,0,1.679,1.1193,0,0,0.0001,0.0001,0,0,0,0,0,0,0.0001,0,0,0,0,0,0.0001,0,0.0001,0.0001,0,0,0.2392,0.2012,0.2392,0.2012,1
2.1142,0.5286,0.5286,0,1.0571,3.1713,0.5286,0.5286,0.5286,2.1142,0,0.5286,0,0.5286,0,1.0571,0,1.5857,0.5286,0.5286,0.0001,0,0,0,0.0001,0.0002,0,0,0,0.0001,0,0,0,0,0,0.0001,0,0.0001,0,0,0.2453,0.2262,0.2453,0.2262,1
1.4296,0.7148,1.4296,0,0,0.7148,0,1.4296,0,0,0,0,0,0.7148,0.7148,2.1443,1.4296,0,0,0,0.0001,0.0001,0.0001,0,0,0.0001,0,0.0001,0,0,0,0,0,0.0001,0.0001,0.0002,0.0001,0,0,0,0.1235,0.1617,0.1235,0.1617,1
0,2.471,0,0,0.6178,1.2355,0,0,0,0.6178,0,0,0,0,3.0888,0,0,1.2355,0,0.6178,0,0.0002,0,0,0,0.0001,0,0,0,0,0,0,0,0,0.0002,0,0,0.0001,0,0,0.1693,0.2129,0.1693,0.2129,1
0.3994,0,0.3994,3.1954,0,0,0,1.1983,3.1954,0.3994,0,0.3994,0,0.7988,0,0.3994,0.3994,0,0.7988,0.3994,0,0,0,0.0003,0,0,0,0.0001,0.0003,0,0,0,0,0.0001,0,0,0,0,0.0001,0,0.255,0.3455,0.255,0.3455,1
2.0512,0.6837,0.6837,0,1.3675,0,0,1.3675,0.6837,2.0512,0.6837,1.3675,2.0512,0.6837,0,0.6837,1.3675,1.3675,0,0,0.0001,0,0,0,0.0001,0,0,0.0001,0,0.0001,0,0.0001,0.0001,0,0,0,0.0001,0.0001,0,0,0.1829,0.1334,0.1829,0.1334,1
0,0.6202,0,1.8607,0,2.4809,1.2404,1.2404,0,0.6202,0,1.8607,0.6202,0,0,0.6202,1.2404,0.6202,0,0,0,0.0001,0,0.0002,0,0.0003,0.0001,0.0001,0,0.0001,0,0.0002,0.0001,0,0,0.0001,0.0001,0.0001,0,0,0.1957,0.1841,0.1957,0.1841,1
0.8448,0,1.2672,0.8448,0,0.4224,0.4224,1.6895,2.1119,0.8448,0.8448,0,0,0.8448,0.8448,0.8448,0,0.4224,0,0,0.0001,0,0.0001,0.0001,0,0,0,0.0001,0.0002,0.0001,0.0001,0,0,0.0001,0.0001,0.0001,0,0,0,0,0.2912,0.2864,0.2912,0.2864,1
1.7729,0.591,1.7729,1.1819,0,0,0,0,0,1.1819,0,0,0.591,0,0.591,1.7729,0.591,2.3639,0,0,0.0001,0,0.0001,0.0001,0,0,0,0,0,0.0001,0,0,0,0,0,0.0001,0,0.0002,0,0,0.2615,0.1476,0.2615,0.1476,1
0,0.485,0,0,0,0.485,0.9699,0.9699,0.9699,2.4248,0,0.485,1.4549,0.485,1.9398,0.9699,0.485,1.4549,0,0,0,0,0,0,0,0,0.0001,0.0001,0.0001,0.0002,0,0,0.0001,0,0.0002,0.0001,0,0.0001,0,0,0.2551,0.2599,0.2551,0.2599,1
1.0271,0,0,0,1.0271,0.5136,0,0.5136,2.5678,0.5136,1.0271,0,0.5136,0,2.0542,0,1.0271,0.5136,1.5407,1.0271,0.0001,0,0,0,0.0001,0.0001,0,0.0001,0.0003,0.0001,0.0001,0,0.0001,0,0.0002,0,0.0001,0.0001,0.0002,0.0001,0.2685,0.2179,0.2685,0.2179,1
0.7872,0,0,0,0,0,0,0,1.5743,1.5743,0,0,0,0,3.1487,0,0,0.7872,0,0,0.0002,0,0,0,0,0,0,0,0.0004,0.0004,0,0,0,0,0.0009,0,0,0.0002,0,0,0.079,0.1338,0.079,0.1338,1
0,2.7442,0.5488,0.5488,1.0977,1.6465,0,0.5488,0.5488,0.5488,0.5488,0.5488,3.2931,0,1.0977,0,1.6465,1.0977,0,0,0,0.0001,0,0,0,0.0001,0,0,0,0,0,0,0.0001,0,0,0,0.0001,0,0,0,0.2144,0.2367,0.2144,0.2367,1
1.1081,1.1081,0,0,0.5541,1.1081,1.1081,0,1.6622,0,1.1081,1.1081,1.1081,0,0.5541,0,1.6622,0,0,0,0.0001,0.0001,0,0,0,0.0001,0.0001,0,0.0001,0,0.0001,0.0001,0.0001,0,0,0,0.0001,0,0,0,0.2109,0.2351,0.2109,0.2351,1
1.2626,3.1566,0,0,1.2626,1.894,0,0,1.2626,1.2626,0.6313,1.2626,3.7879,0,0,2.5253,0,0.6313,0,0,0,0.0001,0,0,0,0.0001,0,0,0,0,0,0,0.0001,0,0,0.0001,0,0,0,0,0.1784,0.1903,0.1784,0.1903,1
0,0,1.1534,1.1534,0,0.5767,0.5767,0,0,0,0,1.1534,2.3068,0,1.7301,0,0,1.1534,0,0.5767,0,0,0.0001,0.0001,0,0.0001,0.0001,0,0,0,0,0.0001,0.0003,0,0.0002,0,0,0.0001,0,0.0001,0.1872,0.2361,0.1872,0.2361,1
0,0,1.0963,0.5482,0,2.1927,0,0,0,1.6445,0.5482,0,1.0963,0,1.6445,0,0,1.0963,0,1.0963,0,0,0.0001,0.0001,0,0.0002,0,0,0,0.0002,0.0001,0,0.0001,0,0.0002,0,0,0.0001,0,0.0001,0.2253,0.2265,0.2253,0.2265,1
1.3054,0.6527,1.3054,1.3054,0.6527,0,0,0,0,0.6527,0,0.6527,0,0,0,0.6527,0.6527,2.6108,0,0.6527,0.0001,0.0001,0.0001,0.0001,0.0001,0,0,0,0,0.0001,0,0.0001,0,0,0,0.0001,0.0001,0.0003,0,0.0001,0.1944,0.1529,0.1944,0.1529,1
2.498,0,0,0,0,0,0,0,3.3306,0,0,0,0,0,0,0,0.8327,3.3306,0,0.8327,0.0006,0,0,0,0,0,0,0,0.0008,0,0,0,0,0,0,0,0.0002,0.0008,0,0.0002,0.0618,0.1055,0.0618,0.1055,1
0.6039,0,0.6039,0,1.2078,1.2078,0,0,1.8116,0,0.6039,0,0,0,1.2078,0,0,0.6039,0,0.6039,0.0001,0,0.0001,0,0.0002,0.0002,0,0,0.0002,0,0.0001,0,0,0,0.0002,0,0,0.0001,0,0.0001,0.1906,0.2055,0.1906,0.2055,1
2.2057,0.7352,1.4705,0,0,0,0,0,0,2.2057,0,0,0,0,0.7352,0,0,0.7352,0.7352,0,0.0002,0.0001,0.0001,0,0,0,0,0,0,0.0002,0,0,0,0,0.0001,0,0,0.0001,0.0001,0,0.1591,0.1056,0.1591,0.1056,1
1.3353,0.6676,0.6676,0.6676,0,0.6676,0,0,0.6676,2.0029,0,1.3353,0.6676,0,0,0,2.0029,0.6676,0,0,0.0001,0.0001,0.0001,0.0001,0,0.0001,0,0,0.0001,0.0002,0,0.0001,0.0001,0,0,0,0.0002,0.0001,0,0,0.1672,0.1652,0.1672,0.1652,1
2.5783,0,1.9337,0.6446,0.6446,0,0,0,0,2.5783,0,1.9337,1.2892,0,0,0.6446,0,1.2892,0,0,0.0002,0,0.0001,0,0,0,0,0,0,0.0002,0,0.0001,0.0001,0,0,0,0,0.0001,0,0,0.2197,0.1357,0.2197,0.1357,1
2.5378,0,0,0.6345,0.6345,0,0.6345,0,0.6345,0.6345,0,0,0.6345,0,0,0.6345,2.5378,0.6345,0.6345,0.6345,0.0003,0,0,0.0001,0.0001,0,0.0001,0,0.0001,0.0001,0,0,0.0001,0,0,0.0001,0.0003,0.0001,0.0001,0.0001,0.1673,0.1982,0.1673,0.1982,1
1.4812,0.4937,0.4937,1.4812,1.4812,0.4937,0.4937,0.4937,1.4812,0.9875,0.9875,0.9875,0,0.9875,0,0,1.9749,0,0,0,0.0001,0,0,0.0001,0.0001,0,0,0,0.0001,0.0001,0.0001,0.0001,0,0.0001,0,0,0.0001,0,0,0,0.2641,0.2422,0.2641,0.2422,1
0.4966,0,0,0,0.9931,0,0,0.9931,1.4897,0.9931,0,0.4966,0,0,1.9862,0,0.4966,0.4966,0.4966,0,0.0001,0,0,0,0.0001,0,0,0.0001,0.0002,0.0001,0,0.0001,0,0,0.0003,0,0.0001,0.0001,0.0001,0,0.2004,0.3031,0.2004,0.3031,1
0,0.5389,1.6166,0.5389,0.5389,0.5389,0,0.5389,0.5389,1.6166,0.5389,0,0,0,0.5389,1.0778,0,0,1.0778,0,0,0,0.0001,0,0,0,0,0,0,0.0001,0,0,0,0,0,0.0001,0,0,0.0001,0,0.2228,0.2383,0.2228,0.2383,1
0.6647,1.3293,0,0.6647,2.6586,0,0,1.3293,0.6647,1.3293,0,0.6647,2.6586,0,0.6647,0.6647,0,0.6647,0,0,0,0.0001,0,0,0.0001,0,0,0.0001,0,0.0001,0,0,0.0001,0,0,0,0,0,0,0,0.1789,0.1564,0.1789,0.1564,1
0,0,1.0492,0,2.0984,1.0492,0,1.0492,1.5738,1.0492,0,0.5246,0,0,0,0.5246,1.0492,0,0,1.0492,0,0,0.0001,0,0.0002,0.0001,0,0.0001,0.0001,0.0001,0,0,0,0,0,0,0.0001,0,0,0.0001,0.2532,0.2222,0.2532,0.2222,1
2.0809,0.6936,0,1.3873,0.6936,0,0,2.0809,0.6936,0,0.6936,0,1.3873,0,0,1.3873,1.3873,1.3873,0,0,0.0002,0.0001,0,0.0001,0.0001,0,0,0.0002,0.0001,0,0.0001,0,0.0001,0,0,0.0001,0.0001,0.0001,0,0,0.1772,0.1291,0.1772,0.1291,1
1.8903,0.6301,0,1.2602,0.6301,1.2602,0.6301,0,0,0.6301,1.8903,1.8903,0.6301,0,0,1.2602,2.5204,0.6301,0,0,0.0001,0,0,0.0001,0,0.0001,0,0,0,0,0.0001,0.0001,0,0,0,0.0001,0.0002,0,0,0,0.1752,0.1947,0.1752,0.1947,1
1.9949,0,0.665,0.665,0.665,1.9949,0,0.665,0.665,0.665,0,0.665,0.665,0,0,0.665,0,1.33,0.665,0.665,0.0002,0,0.0001,0.0001,0.0001,0.0002,0,0.0001,0.0001,0.0001,0,0.0001,0.0001,0,0,0.0001,0,0.0001,0.0001,0.0001,0.1555,0.1795,0.1555,0.1795,1
0,0.4888,0.4888,0,0,0.4888,0,0,2.4439,0,1.9551,0,0.9776,0,1.4664,0.4888,1.9551,1.4664,0.4888,0.9776,0,0,0,0,0,0,0,0,0.0002,0,0.0001,0,0.0001,0,0.0001,0,0.0001,0.0001,0,0.0001,0.2158,0.2955,0.2158,0.2955,1
2.7139,0,0.5428,0.5428,0.5428,1.6284,0,1.0856,0.5428,0.5428,1.0856,0,0,0,1.0856,1.0856,0,1.0856,0,0,0.0002,0,0,0,0,0.0001,0,0.0001,0,0,0.0001,0,0,0,0.0001,0.0001,0,0.0001,0,0,0.229,0.2282,0.229,0.2282,1
0,2.059,0,0,0.5147,0.5147,0,0,1.0295,0.5147,0,0,0,0,3.0884,0,0,0,0.5147,1.0295,0,0.0001,0,0,0,0,0,0,0.0001,0,0,0,0,0,0.0002,0,0,0,0,0.0001,0.2141,0.2712,0.2141,0.2712,1
4.1159,0,1.6464,0,0.8232,0,0,0,0,0.8232,0,0,0,0,0,0.8232,0,1.6464,0,0.8232,0.0006,0,0.0003,0,0.0001,0,0,0,0,0.0001,0,0,0,0,0,0.0001,0,0.0003,0,0.0001,0.0966,0.0802,0.0966,0.0802,1
1.0051,0,1.0051,0,1.0051,0.5026,0,0,1.0051,2.5128,1.0051,1.5077,0.5026,0.5026,1.0051,0,1.5077,1.0051,0,0,0.0001,0,0.0001,0,0.0001,0,0,0,0.0001,0.0002,0.0001,0.0001,0,0,0.0001,0,0.0001,0.0001,0,0,0.2857,0.2118,0.2857,0.2118,1
0.6992,0,1.3983,0,0,0.6992,0.6992,0.6992,0.6992,0,0,0,1.3983,0,0,0,0.6992,0,0.6992,0,0.0001,0,0.0002,0,0,0.0001,0.0001,0.0001,0.0001,0,0,0,0.0002,0,0,0,0.0001,0,0.0001,0,0.1817,0.1191,0.1817,0.1191,1
0.9863,0,0.4931,0,0.4931,0,1.4794,0,0.9863,1.9725,0.4931,0.4931,3.4519,0.4931,0.9863,0.9863,0,0.9863,0,0.4931,0.0001,0,0.0001,0,0.0001,0,0.0002,0,0.0001,0.0002,0.0001,0.0001,0.0004,0.0001,0.0001,0.0001,0,0.0001,0,0.0001,0.2161,0.2908,0.2161,0.2908,1
0.9767,0.9767,0.4883,0,0,0.9767,0.9767,0,1.465,0.4883,0,1.465,0.4883,0.4883,0.4883,0.9767,0.9767,0.9767,0,1.465,0.0001,0.0001,0,0,0,0.0001,0.0001,0,0.0001,0,0,0.0001,0,0,0,0.0001,0.0001,0.0001,0,0.0001,0.2476,0.2641,0.2476,0.2641,1
0.7617,0,0,0,0,1.5234,0,0,0.7617,2.2852,0,0,0.7617,0,0.7617,0,0.7617,0.7617,0.7617,0.7617,0.0002,0,0,0,0,0.0003,0,0,0.0002,0.0005,0,0,0.0002,0,0.0002,0,0.0002,0.0002,0.0002,0.0002,0.1145,0.1238,0.1145,0.1238,1
1.8319,0,1.3739,0.9159,0,0.458,0,0.458,1.3739,2.7478,0,0.458,0.458,0,0.458,0.458,0.9159,0,0.9159,0.458,0.0001,0,0.0001,0.0001,0,0,0,0,0.0001,0.0002,0,0,0,0,0,0,0.0001,0,0.0001,0,0.267,0.275,0.267,0.275,1
2.6536,0.6634,0,1.3268,0,0.6634,0,0.6634,0.6634,0.6634,0,0.6634,0,0,0,0.6634,1.3268,0.6634,0,0.6634,0.0002,0.0001,0,0.0001,0,0.0001,0,0.0001,0.0001,0.0001,0,0.0001,0,0,0,0.0001,0.0001,0.0001,0,0.0001,0.183,0.1536,0.183,0.1536,1
1.2754,0,0,0.6377,0.6377,1.2754,0.6377,0.6377,0.6377,0,0,0,0.6377,0,0.6377,2.5507,1.913,1.2754,0,0.6377,0.0001,0,0,0.0001,0.0001,0.0001,0.0001,0.0001,0.0001,0,0,0,0.0001,0,0.0001,0.0002,0.0002,0.0001,0,0.0001,0.1833,0.179,0.1833,0.179,1
1.2092,0,0.6046,0,1.2092,1.2092,0,0,0,0.6046,0,0.6046,1.2092,0,0.6046,1.2092,0,0,2.4184,0.6046,0.0001,0,0,0,0.0001,0.0001,0,0,0,0,0,0,0.0001,0,0,0.0001,0,0,0.0002,0,0.1933,0.2021,0.1933,0.2021,1
0.944,0,0.472,0.944,0,0,1.416,1.416,0.472,0.944,0.472,0.472,0,0,1.888,0.472,0.472,0,0.944,0.472,0.0001,0,0,0.0001,0,0,0.0001,0.0001,0,0.0001,0,0,0,0,0.0002,0,0,0,0.0001,0,0.2619,0.2661,0.2619,0.2661,1
0,0.5853,1.7558,1.1705,0.5853,1.1705,0,0.5853,0,0.5853,1.1705,0,1.7558,0.5853,0.5853,0.5853,1.1705,0,0.5853,2.341,0,0,0.0001,0.0001,0,0.0001,0,0,0,0,0.0001,0,0.0001,0,0,0,0.0001,0,0,0.0002,0.214,0.2007,0.214,0.2007,1
0.5698,1.1395,0,0,0,1.7093,0,0,0.5698,1.1395,1.1395,0.5698,1.7093,0,0.5698,0.5698,1.7093,1.1395,1.1395,1.1395,0,0.0001,0,0,0,0.0001,0,0,0,0.0001,0.0001,0,0.0001,0,0,0,0.0001,0.0001,0.0001,0.0001,0.2041,0.2261,0.2041,0.2261,1
2.3488,0,1.1744,0,1.1744,0,0,0,0,1.7616,0,1.7616,0.5872,0,1.1744,0.5872,0.5872,0.5872,0,0,0.0002,0,0.0001,0,0.0001,0,0,0,0,0.0002,0,0.0002,0.0001,0,0.0001,0.0001,0.0001,0.0001,0,0,0.2175,0.1953,0.2175,0.1953,1
2.9579,0,0,0.5916,0,0,0,0.5916,2.3663,1.1832,0.5916,0.5916,0.5916,0,0,0.5916,0.5916,0.5916,0.5916,0.5916,0.0003,0,0,0.0001,0,0,0,0.0001,0.0003,0.0001,0.0001,0.0001,0.0001,0,0,0.0001,0.0001,0.0001,0.0001,0.0001,0.2474,0.161,0.2474,0.161,1
1.444,0.4813,0,0.4813,0.9626,0,0.9626,0.4813,1.444,0.9626,0,0.4813,0,0.4813,0.9626,0.4813,0.4813,0.4813,0,0.4813,0.0001,0,0,0,0.0001,0,0.0001,0,0.0001,0.0001,0,0,0,0,0.0001,0,0,0,0,0,0.2702,0.2485,0.2702,0.2485,1
2.856,0.476,0.476,0,0,1.904,0,0,1.904,2.38,0,0,0,0,0.476,1.904,0,0.952,0.476,0,0.0002,0,0,0,0,0.0001,0,0,0.0001,0.0001,0,0,0,0,0,0.0001,0,0.0001,0,0,0.2724,0.2515,0.2724,0.2515,1
0,0.7765,0,0,0.7765,1.553,0,0,0.7765,0.7765,0,0,0.7765,0,0,1.553,0,0.7765,2.3294,0,0,0.0001,0,0,0.0001,0.0001,0,0,0.0001,0.0001,0,0,0.0001,0,0,0.0001,0,0.0001,0.0002,0,0.1027,0.1209,0.1027,0.1209,1
0.7575,0.7575,0,0,0,0,1.5149,0.7575,0.7575,2.2724,1.5149,0,0.7575,0,0,0,0.7575,1.5149,0,0,0.0001,0.0001,0,0,0,0,0.0002,0.0001,0.0001,0.0002,0.0002,0,0.0001,0,0,0,0.0001,0.0002,0,0,0.1378,0.1047,0.1378,0.1047,1
1.2556,0,1.2556,0,0.6278,1.2556,0,0,0,0,0.6278,0,1.2556,0,1.2556,1.2556,0.6278,0.6278,0.6278,0,0.0001,0,0.0001,0,0.0001,0.0001,0,0,0,0,0.0001,0,0.0001,0,0.0001,0.0001,0.0001,0.0001,0.0001,0,0.2119,0.1603,0.2119,0.1603,1
0,0.7346,0,0,0.7346,0.7346,0.7346,1.4691,0.7346,1.4691,0.7346,0,0,0,0,0,0,0.7346,2.2037,0.7346,0,0.0001,0,0,0.0001,0.0001,0.0001,0.0001,0.0001,0.0001,0.0001,0,0,0,0,0,0,0.0001,0.0002,0.0001,0.1478,0.1176,0.1478,0.1176,1
2.4365,0.6091,0,1.8274,0,0.6091,0,0,0.6091,0.6091,0,0,0.6091,0,0,0.6091,1.2182,0,1.2182,0,0.0002,0.0001,0,0.0002,0,0.0001,0,0,0.0001,0.0001,0,0,0.0001,0,0,0.0001,0.0001,0,0.0001,0,0.2139,0.177,0.2139,0.177,1
0,0.5247,2.0987,1.0493,0.5247,0,0,0.5247,0,1.0493,0,0,0,0,0,0.5247,0.5247,1.574,1.574,0.5247,0,0,0.0001,0.0001,0,0,0,0,0,0.0001,0,0,0,0,0,0,0,0.0001,0.0001,0,0.2425,0.2329,0.2425,0.2329,1
1.239,0,0,0,0,1.239,1.8585,1.239,0.6195,3.0976,0,0,1.239,0.6195,0,1.239,0,2.478,0,0,0.0001,0,0,0,0,0.0001,0.0001,0.0001,0,0.0002,0,0,0.0001,0,0,0.0001,0,0.0002,0,0,0.1639,0.2166,0.1639,0.2166,1
2.0676,1.3784,0,0,0,3.446,0.6892,1.3784,0.6892,0.6892,1.3784,0,0,0,2.7568,0,0.6892,1.3784,0,0,0.0001,0.0001,0,0,0,0.0002,0,0.0001,0,0,0.0001,0,0,0,0.0002,0,0,0.0001,0,0,0.1591,0.1517,0.1591,0.1517,1
0.9116,0,0.4558,0,0,0.4558,0,0.9116,4.1024,1.3675,0.9116,0,0,0.4558,1.3675,0.4558,0,0.9116,0.4558,0,0.0001,0,0,0,0,0,0,0.0001,0.0004,0.0001,0.0001,0,0,0,0.0001,0,0,0.0001,0,0,0.2613,0.2829,0.2613,0.2829,1
0,0,0,0,0,0,1.9847,1.3231,0,1.3231,0,1.9847,0,0,0,0,0.6616,0.6616,1.3231,0,0,0,0,0,0,0,0.0002,0.0001,0,0.0001,0,0.0002,0,0,0,0,0.0001,0.0001,0.0001,0,0.1502,0.1883,0.1502,0.1883,1
0.6893,0,0,0,1.3785,0,0.6893,0.6893,0,0.6893,1.3785,0,2.0678,0,2.0678,0,2.0678,0,0,0,0.0001,0,0,0,0.0002,0,0.0001,0.0001,0,0.0001,0.0002,0,0.0003,0,0.0003,0,0.0003,0,0,0,0.1589,0.1519,0.1589,0.1519,1
1.3765,0,0.6882,0,0.6882,2.0647,0,0,0.6882,2.0647,0,0,0,0,0,0.6882,0,0,0,0,0.0001,0,0.0001,0,0.0001,0.0002,0,0,0.0001,0.0002,0,0,0,0,0,0.0001,0,0,0,0,0.1592,0.1526,0.1592,0.1526,1
1.7816,0.5939,0.5939,0,0,0,1.1878,0,1.7816,0,1.7816,0.5939,0.5939,0,1.7816,0.5939,0,1.1878,0,0,0.0002,0.0001,0.0001,0,0,0,0.0001,0,0.0002,0,0.0002,0.0001,0.0001,0,0.0002,0.0001,0,0.0001,0,0,0.187,0.2191,0.187,0.2191,1
0,0.6968,1.3935,0.6968,0.6968,0,0,0.6968,0,2.0903,0.6968,0,0.6968,0.6968,0,2.0903,0,0,0,0,0,0.0001,0.0001,0.0001,0.0001,0,0,0.0001,0,0.0002,0.0001,0,0.0001,0.0001,0,0.0002,0,0,0,0,0.173,0.1302,0.173,0.1302,1
1.3284,0.6642,0,0,0,1.9926,0,0,1.3284,0.6642,0,0.6642,0.6642,0,0.6642,0,0,0,1.3284,0.6642,0.0001,0.0001,0,0,0,0.0002,0,0,0.0001,0.0001,0,0.0001,0.0001,0,0.0001,0,0,0,0.0001,0.0001,0.2112,0.1246,0.2112,0.1246,1
0.7323,0,0,0,0,0.7323,0.7323,0,0,0.7323,0,1.4647,0,0,0.7323,1.4647,0.7323,0,0.7323,0,0.0001,0,0,0,0,0.0001,0.0001,0,0,0.0001,0,0.0002,0,0,0.0001,0.0002,0.0001,0,0.0001,0,0.125,0.1426,0.125,0.1426,1
3.2932,0,1.6466,0,0,0,0,0,0,0,0.8233,0,0,0,0,2.4699,0.8233,1.6466,0,0.8233,0.0004,0,0.0002,0,0,0,0,0,0,0,0.0001,0,0,0,0,0.0003,0.0001,0.0002,0,0.0001,0.0821,0.0946,0.0821,0.0946,1
0.7437,0.7437,1.4873,0,0,0,0,0,0,2.9746,0,0,0.7437,0,0.7437,0,0.7437,0,0,0,0.0001,0.0001,0.0001,0,0,0,0,0,0,0.0003,0,0,0.0001,0,0.0001,0,0.0001,0,0,0,0.1495,0.1069,0.1495,0.1069,1
1.4952,0,0,0,1.4952,2.9904,0.4984,2.492,0.4984,0.9968,0.4984,0.9968,0,0.4984,0.4984,0.9968,0,0,0.4984,0.4984,0.0001,0,0,0,0.0001,0.0002,0,0.0001,0,0.0001,0,0.0001,0,0,0,0.0001,0,0,0,0,0.2574,0.2442,0.2574,0.2442,1
0.5372,0.5372,1.6116,0.5372,0,0,0,0,1.6116,0.5372,0,0,0,0,0.5372,0.5372,2.1488,2.1488,0,0,0.0001,0.0001,0.0002,0.0001,0,0,0,0,0.0002,0.0001,0,0,0,0,0.0001,0.0001,0.0002,0.0002,0,0,0.199,0.2638,0.199,0.2638,1
0,0,0.6487,0,0,1.2975,0,1.9462,0.6487,1.2975,1.2975,0.6487,1.2975,0,0.6487,0,0.6487,0.6487,0,0,0,0,0.0001,0,0,0.0001,0,0.0002,0.0001,0.0001,0.0001,0.0001,0.0001,0,0.0001,0,0.0001,0.0001,0,0,0.2026,0.1486,0.2026,0.1486,1
0.6971,0.6971,1.3941,1.3941,2.0912,0,0,0.6971,0,0.6971,0.6971,0.6971,0.6971,0,0,0.6971,0,0.6971,0,0.6971,0.0001,0.0001,0.0001,0.0001,0.0002,0,0,0.0001,0,0.0001,0.0001,0.0001,0.0001,0,0,0.0001,0,0.0001,0,0.0001,0.1438,0.1591,0.1438,0.1591,1
2.4709,0,0,0,0,0.8236,0,0,3.2945,0.8236,0,0,0,0,0,0,0,2.4709,0,0.8236,0.0005,0,0,0,0,0.0002,0,0,0.0007,0.0002,0,0,0,0,0,0,0,0.0005,0,0.0002,0.0826,0.0938,0.0826,0.0938,1
0.5762,0,0,0.5762,2.3048,1.7286,0,0.5762,0.5762,0.5762,0,1.1524,0.5762,0.5762,0.5762,0,0.5762,0.5762,0.5762,0,0,0,0,0,0.0002,0.0001,0,0,0,0,0,0.0001,0,0,0,0,0,0,0,0,0.2179,0.2059,0.2179,0.2059,1
0,0,1.0218,0.5109,0,0,0,1.0218,0.5109,0,1.5326,0,0.5109,0,2.5544,0,0,1.0218,1.0218,0.5109,0,0,0.0001,0.0001,0,0,0,0.0001,0.0001,0,0.0002,0,0.0001,0,0.0003,0,0,0.0001,0.0001,0.0001,0.2839,0.2052,0.2839,0.2052,1
0,0,1.0294,0,0.5147,2.0588,0,1.5441,0.5147,0.5147,0.5147,0.5147,0,1.5441,1.5441,0.5147,2.0588,0.5147,0,1.0294,0,0,0.0001,0,0,0.0002,0,0.0001,0,0,0,0,0,0.0001,0.0001,0,0.0002,0,0,0.0001,0.2141,0.2712,0.2141,0.2712,1
0.5226,0.5226,0.5226,2.6131,0.5226,0,0.5226,2.0905,0,1.0452,0.5226,0,0.5226,1.0452,0.5226,1.5679,1.0452,0,0.5226,0.5226,0,0,0,0.0002,0,0,0,0.0001,0,0.0001,0,0,0,0.0001,0,0.0001,0.0001,0,0,0,0.2232,0.2542,0.2232,0.2542,1
3.1083,0,0.5181,0.5181,0,0,0,1.0361,1.5542,1.0361,0,0,0.5181,0,0.5181,1.0361,0,1.0361,1.0361,0.5181,0.0002,0,0,0,0,0,0,0.0001,0.0001,0.0001,0,0,0,0,0,0.0001,0,0.0001,0.0001,0,0.2134,0.2686,0.2134,0.2686,1
0,0.503,1.5091,0.503,1.0061,0,0,0,0.503,1.5091,0.503,0,0,0,0.503,1.0061,0.503,0.503,1.5091,0,0,0,0.0001,0,0.0001,0,0,0,0,0.0001,0,0,0,0,0,0.0001,0,0,0.0001,0,0.2438,0.2532,0.2438,0.2532,1
0,1.1486,0.5743,0,0,0.5743,0.5743,0.5743,1.1486,0,0.5743,0.5743,1.1486,0.5743,1.7229,0,1.1486,1.1486,0.5743,0,0,0.0001,0,0,0,0,0,0,0.0001,0,0,0,0.0001,0,0.0001,0,0.0001,0.0001,0,0,0.2104,0.2153,0.2104,0.2153,1
3.9099,0.4887,0.4887,0,0,1.4662,0.9775,1.4662,1.4662,0.9775,0,0.9775,0,0,0,0,0,1.4662,0.4887,0.4887,0.0003,0,0,0,0,0.0001,0.0001,0.0001,0.0001,0.0001,0,0.0001,0,0,0,0,0,0.0001,0,0,0.2492,0.2621,0.2492,0.2621,1
3.1092,0,1.5546,0,0,0,0,0,0,0,0,0,0,0,0,0,0.7773,3.1092,0,1.5546,0.0004,0,0.0002,0,0,0,0,0,0,0,0,0,0,0,0,0,0.0001,0.0004,0,0.0002,0.1422,0.0805,0.1422,0.0805,1
3.8526,0,0,0.6421,0,0.6421,0,0,1.2842,1.9263,0,0,1.2842,0.6421,1.9263,0,0,0.6421,0,0,0.0005,0,0,0.0001,0,0.0001,0,0,0.0002,0.0002,0,0,0.0002,0.0001,0.0002,0,0,0.0001,0,0,0.1642,0.1937,0.1642,0.1937,1
0.5004,0,1.0008,0.5004,0.5004,1.0008,1.0008,0.5004,0.5004,1.0008,1.5013,0,0,0.5004,0,0,0.5004,0,1.5013,0.5004,0,0,0.0001,0,0,0.0001,0.0001,0,0,0.0001,0.0001,0,0,0,0,0,0,0,0.0001,0,0.2393,0.2602,0.2393,0.2602,1
0,0.642,1.2839,0,0.642,0,0.642,0.642,0,1.9259,0,0.642,0,0,1.2839,0,1.2839,0,0,0.642,0,0.0001,0.0001,0,0.0001,0,0.0001,0.0001,0,0.0002,0,0.0001,0,0,0.0001,0,0.0001,0,0,0.0001,0.1991,0.1589,0.1991,0.1589,1
0.6027,2.4109,0.6027,0,1.2055,0.6027,0,0.6027,0.6027,0.6027,0.6027,0.6027,0,0,1.2055,0.6027,0,1.8082,0.6027,0,0,0.0001,0,0,0,0,0,0,0,0,0,0,0,0,0,0,0,0.0001,0,0,0.2063,0.191,0.2063,0.191,1
0.4366,0.4366,0.4366,0.4366,0,0.4366,0.8733,0.8733,0,3.0564,0,0.4366,1.3099,0,2.1831,0.4366,0,0.8733,0,0,0,0,0,0,0,0,0.0001,0.0001,0,0.0003,0,0,0.0001,0,0.0002,0,0,0.0001,0,0,0.2595,0.3039,0.2595,0.3039,1
0,0,0,0,0,1.9358,1.9358,0,0.6453,0,0,0,0.6453,0.6453,0,0,0.6453,1.2905,0.6453,0,0,0,0,0,0,0.0003,0.0003,0,0.0001,0,0,0,0.0001,0.0001,0,0,0.0001,0.0002,0.0001,0,0.1831,0.1716,0.1831,0.1716,1
0,0,1.672,0.5573,1.1147,0,0.5573,0.5573,1.1147,0.5573,0,0,0,0,0.5573,1.1147,1.1147,1.1147,0,0,0,0,0.0002,0.0001,0.0001,0,0.0001,0.0001,0.0001,0.0001,0,0,0,0,0.0001,0.0001,0.0001,0.0001,0,0,0.2063,0.2363,0.2063,0.2363,1
1.3551,0,0,0.6776,0,0,0,1.3551,0,0,0.6776,2.0327,0,0.6776,2.0327,0,1.3551,0,0,0,0.0002,0,0,0.0001,0,0,0,0.0002,0,0,0.0001,0.0003,0,0.0001,0.0003,0,0.0002,0,0,0,0.1419,0.1805,0.1419,0.1805,1
0,0,1.2055,1.2055,1.2055,1.2055,0,0.6027,0,1.8082,0.6027,1.8082,1.2055,0,0,0,0.6027,0,0.6027,0,0,0,0.0001,0.0001,0.0001,0.0001,0,0,0,0.0001,0,0.0001,0.0001,0,0,0,0,0,0,0,0.1946,0.2027,0.1946,0.2027,1
1.3494,0,0,0,0.6747,0,0,0,1.3494,1.3494,0,0,0,0,2.0242,0,0.6747,0,0,0,0.0003,0,0,0,0.0002,0,0,0,0.0003,0.0003,0,0,0,0,0.0005,0,0.0002,0,0,0,0.2092,0.1161,0.2092,0.1161,1
1.2492,0.6246,0,0.6246,0.6246,1.2492,0,1.8737,0.6246,0.6246,0.6246,1.2492,0.6246,0,0.6246,1.2492,1.2492,0,0,0,0.0001,0,0,0,0,0.0001,0,0.0001,0,0,0,0.0001,0,0,0,0.0001,0.0001,0,0,0,0.1816,0.1938,0.1816,0.1938,1
0.5217,3.6516,0,0.5217,0,2.6083,0,0,0.5217,1.0433,1.565,0.5217,1.0433,0,1.0433,0,1.0433,0.5217,1.0433,0,0,0.0001,0,0,0,0.0001,0,0,0,0,0.0001,0,0,0,0,0,0,0,0,0,0.2158,0.2626,0.2158,0.2626,1
0,0,1.2376,0,0,1.2376,0.6188,1.2376,1.2376,0,0,0,2.4752,0,0,1.2376,1.2376,1.2376,0,0.6188,0,0,0.0001,0,0,0.0001,0.0001,0.0001,0.0001,0,0,0,0.0003,0,0,0.0001,0.0001,0.0001,0,0.0001,0.2216,0.1596,0.2216,0.1596,1
0.5064,1.5191,0.5064,0.5064,0,1.0127,0,1.0127,0,1.0127,2.0255,0.5064,0,0,2.5318,0.5064,1.5191,1.0127,0,0,0,0.0001,0,0,0,0.0001,0,0.0001,0,0.0001,0.0001,0,0,0,0.0002,0,0.0001,0.0001,0,0,0.2887,0.2049,0.2887,0.2049,1
2.4709,0.8236,0,0,0.8236,1.6472,0,0.8236,0,1.6472,0.8236,1.6472,0.8236,0,0,1.6472,0,1.6472,0,0,0.0002,0.0001,0,0,0.0001,0.0001,0,0.0001,0,0.0001,0.0001,0.0001,0.0001,0,0,0.0001,0,0.0001,0,0,0.084,0.0924,0.084,0.0924,1
0,1.5712,0,0,0.5237,0.5237,0.5237,0,0.5237,0.5237,0.5237,0,0,0,3.1424,0,0,0,0.5237,1.0475,0,0.0001,0,0,0,0,0,0,0,0,0,0,0,0,0.0002,0,0,0,0,0.0001,0.2119,0.2644,0.2119,0.2644,1
0.5052,0,0,0.5052,0,0.5052,0,0,1.0104,1.5156,0.5052,0.5052,2.526,0.5052,3.5364,0,0.5052,1.0104,0,0,0.0001,0,0,0.0001,0,0.0001,0,0,0.0001,0.0002,0.0001,0.0001,0.0003,0.0001,0.0004,0,0.0001,0.0001,0,0,0.2819,0.2129,0.2819,0.2129,1
0,0,0,0,1.2783,0.6392,1.2783,0.6392,0.6392,2.5567,0,0,0,1.9175,1.2783,0,0,0,0,0,0,0,0,0,0.0002,0.0001,0.0002,0.0001,0.0001,0.0004,0,0,0,0.0003,0.0002,0,0,0,0,0,0.1821,0.1787,0.1821,0.1787,1
0.6326,0,0.6326,0,0.6326,0.6326,0.6326,1.2653,0.6326,1.2653,0,0,0,0,0.6326,1.2653,0,0,0.6326,0,0.0001,0,0.0001,0,0.0001,0.0001,0.0001,0.0001,0.0001,0.0001,0,0,0,0,0.0001,0.0001,0,0,0.0001,0,0.1665,0.2009,0.1665,0.2009,1
2.4598,0,0,0,0,0,0,0,2.9518,0,0,0,0,0,3.9358,0.9839,0,0,0,0,0.0003,0,0,0,0,0,0,0,0.0004,0,0,0,0,0,0.0005,0.0001,0,0,0,0,0.2322,0.2759,0.2322,0.2759,1
0,0,0.5663,0,0,0.5663,0,0,1.699,0,0,1.699,1.1327,0,2.2653,0,3.398,0,0,0,0,0,0.0001,0,0,0.0001,0,0,0.0003,0,0,0.0003,0.0002,0,0.0004,0,0.0006,0,0,0,0.1771,0.2565,0.1771,0.2565,1
0.6037,0,1.8112,0,0,0,0.6037,0,0,2.415,0,0,0,0,0.6037,0,0.6037,1.8112,0.6037,0,0.0001,0,0.0002,0,0,0,0.0001,0,0,0.0002,0,0,0,0,0.0001,0,0.0001,0.0002,0.0001,0,0.1776,0.2187,0.1776,0.2187,1
0,1.045,0,0.5225,2.0901,1.5675,0.5225,0,0.5225,1.5675,0.5225,0.5225,0.5225,0.5225,1.045,0.5225,3.6576,0.5225,0,0,0,0.0001,0,0,0.0001,0.0001,0,0,0,0.0001,0,0,0,0,0.0001,0,0.0002,0,0,0,0.2508,0.2267,0.2508,0.2267,1
0,0,0,1.7466,0,1.1644,0.5822,1.1644,0.5822,0.5822,0.5822,0,0,0.5822,0.5822,1.7466,1.1644,0.5822,0,0.5822,0,0,0,0.0002,0,0.0001,0.0001,0.0001,0.0001,0.0001,0.0001,0,0,0.0001,0.0001,0.0002,0.0001,0.0001,0,0.0001,0.1918,0.226,0.1918,0.226,1
0.6219,1.8656,0,0.6219,0,0.6219,1.2437,0.6219,0.6219,0,0,0.6219,0,1.2437,0.6219,0.6219,1.2437,0,0,0,0.0001,0.0002,0,0.0001,0,0.0001,0.0001,0.0001,0.0001,0,0,0.0001,0,0.0001,0.0001,0.0001,0.0001,0,0,0,0.1696,0.2086,0.1696,0.2086,1
2.4094,0.6023,1.2047,0,0,1.2047,0,0.6023,0,0.6023,1.2047,0,0.6023,0,0.6023,1.2047,0.6023,1.807,1.807,0.6023,0.0001,0,0.0001,0,0,0.0001,0,0,0,0,0.0001,0,0,0,0,0.0001,0,0.0001,0.0001,0,0.21,0.1876,0.21,0.1876,1
0.6845,0.6845,0,0,1.369,0,0.6845,0,0.6845,1.369,0,0,0,2.7379,0.6845,0,0,1.369,0,0,0.0001,0.0001,0,0,0.0002,0,0.0001,0,0.0001,0.0002,0,0,0,0.0003,0.0001,0,0,0.0002,0,0,0.1677,0.1478,0.1677,0.1478,1
1.3487,0.6743,0.6743,0,0.6743,0.6743,0,0.6743,0.6743,0,0.6743,0,0,0,0.6743,0,0,0,0.6743,0.6743,0.0001,0.0001,0.0001,0,0.0001,0.0001,0,0.0001,0.0001,0,0.0001,0,0,0,0.0001,0,0,0,0.0001,0.0001,0.135,0.1907,0.135,0.1907,1
1.4341,0,1.4341,1.4341,0.478,0.478,0.478,0,0.478,0.9561,0.478,0.478,0.478,0.9561,0.478,1.4341,1.4341,0.478,0,0.9561,0.0001,0,0.0001,0.0001,0,0,0,0,0,0.0001,0,0,0,0.0001,0,0.0001,0.0001,0,0,0.0001,0.2735,0.2484,0.2735,0.2484,1
2.8871,0,0.7218,0,0.7218,2.1654,0,0,0,0,0.7218,0.7218,2.1654,0,0.7218,0.7218,0,0,0,0.7218,0.0003,0,0.0001,0,0.0001,0.0002,0,0,0,0,0.0001,0.0001,0.0002,0,0.0001,0.0001,0,0,0,0.0001,0.1567,0.1215,0.1567,0.1215,1
0,0.6832,0.6832,0,0,2.0497,0,0,0,1.3665,0,0.6832,1.3665,0.6832,1.3665,2.0497,0.6832,0,0,0,0,0.0001,0.0001,0,0,0.0002,0,0,0,0.0001,0,0.0001,0.0001,0.0001,0.0001,0.0002,0.0001,0,0,0,0.1843,0.1325,0.1843,0.1325,1
0.6962,0,0.6962,0,0,0.6962,0,0,2.7849,0.6962,0,0,2.7849,0,2.0886,0,0.6962,2.7849,0,0.6962,0.0001,0,0.0001,0,0,0.0001,0,0,0.0004,0.0001,0,0,0.0004,0,0.0003,0,0.0001,0.0004,0,0.0001,0.1278,0.176,0.1278,0.176,1
0.4723,0,0,0,2.8339,0.9446,1.417,0.9446,0.9446,0,0,0.4723,0,0,0.9446,0.4723,0.4723,0,0,0.4723,0.0001,0,0,0,0.0003,0.0001,0.0002,0.0001,0.0001,0,0,0.0001,0,0,0.0001,0.0001,0.0001,0,0,0.0001,0.2339,0.2938,0.2339,0.2938,1
3.2639,0,0,0,0,2.4479,0,0,0.816,0.816,0.816,0,1.6319,0.816,0,0.816,0,0.816,0,0,0.0005,0,0,0,0,0.0004,0,0,0.0001,0.0001,0.0001,0,0.0003,0.0001,0,0.0001,0,0.0001,0,0,0.1058,0.0783,0.1058,0.0783,1
4.0399,0,0.505,0,0,0.505,0,0.505,1.515,3.5349,0,0.505,0,0.505,0.505,0,0.505,2.02,0.505,0,0.0003,0,0,0,0,0,0,0,0.0001,0.0003,0,0,0,0,0,0,0,0.0002,0,0,0.2178,0.2772,0.2178,0.2772,1
2.149,0,1.0745,1.6118,0,1.0745,0.5373,1.0745,0.5373,0,1.6118,0.5373,1.0745,0,0.5373,0,0,0.5373,0,0.5373,0.0002,0,0.0001,0.0002,0,0.0001,0.0001,0.0001,0.0001,0,0.0002,0.0001,0.0001,0,0.0001,0,0,0.0001,0,0.0001,0.2131,0.2496,0.2131,0.2496,1
2.9513,0.7378,0,1.4757,0,1.4757,0.7378,0,0,0.7378,0.7378,0,1.4757,0.7378,0,0,1.4757,1.4757,0,0,0.0003,0.0001,0,0.0001,0,0.0001,0.0001,0,0,0.0001,0.0001,0,0.0001,0.0001,0,0,0.0001,0.0001,0,0,0.1134,0.1487,0.1134,0.1487,1
0.7097,0,0.7097,0,0,0.7097,0,1.4194,0,4.2583,0,0,0.7097,0,0.7097,1.4194,0,0.7097,1.4194,0.7097,0.0001,0,0.0001,0,0,0.0001,0,0.0001,0,0.0003,0,0,0.0001,0,0.0001,0.0001,0,0.0001,0.0001,0.0001,0.161,0.1293,0.161,0.1293,1
0,1.1617,1.7426,0,0.5809,1.1617,0.5809,1.1617,0,0.5809,1.1617,0,1.1617,0,0,0,0.5809,0,1.1617,0.5809,0,0.0001,0.0001,0,0,0.0001,0,0.0001,0,0,0.0001,0,0.0001,0,0,0,0,0,0.0001,0,0.2087,0.2104,0.2087,0.2104,1
0,0,0.5088,0,1.0177,0.5088,0,1.5265,1.5265,0,0.5088,0.5088,1.0177,0,2.0353,0,0,0,0,0,0,0,0.0001,0,0.0001,0.0001,0,0.0002,0.0002,0,0.0001,0.0001,0.0001,0,0.0002,0,0,0,0,0,0.2439,0.2473,0.2439,0.2473,1
2.5047,1.2524,0.6262,0,2.5047,0.6262,0.6262,0.6262,0.6262,0,1.2524,0,0.6262,0,0,0.6262,2.5047,1.8786,0,0,0.0001,0.0001,0,0,0.0001,0,0,0,0,0,0.0001,0,0,0,0,0,0.0001,0.0001,0,0,0.2155,0.1583,0.2155,0.1583,1
0.4964,0.4964,0.4964,0,0.9927,0.9927,0.9927,0.4964,0,0,0.4964,0.9927,0.4964,0.9927,1.9855,0,1.9855,0.4964,0,0.9927,0,0,0,0,0.0001,0.0001,0.0001,0,0,0,0,0.0001,0,0.0001,0.0002,0,0.0002,0,0,0.0001,0.2331,0.2705,0.2331,0.2705,1
0.8936,0.4468,0,0,1.3404,0,0.4468,0.8936,1.7872,0.8936,0,0.4468,0.4468,0,1.7872,0.8936,0.4468,0.4468,0,0,0.0001,0,0,0,0.0001,0,0,0.0001,0.0001,0.0001,0,0,0,0,0.0001,0.0001,0,0,0,0,0.3002,0.253,0.3002,0.253,1
0.5853,0.5853,0.5853,0.5853,1.7558,0.5853,0,0,1.7558,0.5853,0,0.5853,1.7558,0,0,1.1705,0,0,0,0,0,0,0,0,0.0001,0,0,0,0.0001,0,0,0,0.0001,0,0,0.0001,0,0,0,0,0.2481,0.1667,0.2481,0.1667,1
0,0.6063,1.2125,0,1.2125,1.8188,0,0,1.2125,0.6063,0.6063,0.6063,0,1.2125,0.6063,0.6063,0,0,0,0,0,0,0.0001,0,0.0001,0.0001,0,0,0.0001,0,0,0,0,0.0001,0,0,0,0,0,0,0.1616,0.2321,0.1616,0.2321,1
0.7062,0,0.7062,0,1.4125,0.7062,0.7062,0,0.7062,2.825,1.4125,1.4125,0.7062,0,0,0.7062,1.4125,0.7062,0,0,0.0001,0,0.0001,0,0.0001,0.0001,0.0001,0,0.0001,0.0002,0.0001,0.0001,0.0001,0,0,0.0001,0.0001,0.0001,0,0,0.1333,0.1605,0.1333,0.1605,1
0.4879,1.9517,1.4638,0.9758,0,0.4879,0.4879,1.9517,0.4879,0.4879,0.4879,0,0,0.4879,0.4879,0,1.9517,0.9758,0,1.4638,0,0.0001,0.0001,0,0,0,0,0.0001,0,0,0,0,0,0,0,0,0.0001,0,0,0.0001,0.2535,0.2586,0.2535,0.2586,1
1.1964,0,0.5982,0,0,1.7946,0.5982,0,0.5982,1.1964,0.5982,0,0.5982,0,1.1964,1.1964,0,0,0,0,0.0001,0,0.0001,0,0,0.0002,0.0001,0,0.0001,0.0001,0.0001,0,0.0001,0,0.0001,0.0001,0,0,0,0,0.2225,0.1793,0.2225,0.1793,1
0.5289,0,0.5289,0,0,0.5289,0.5289,0.5289,1.5868,3.7024,0.5289,0.5289,0,0.5289,0.5289,0,0,0.5289,0,0.5289,0.0001,0,0.0001,0,0,0.0001,0.0001,0.0001,0.0002,0.0004,0.0001,0.0001,0,0.0001,0.0001,0,0,0.0001,0,0.0001,0.2048,0.2663,0.2048,0.2663,1
0,0,0.4052,3.2414,0.4052,0,0,1.2155,2.8363,0.4052,0.4052,0,0,0.8104,0,0.4052,0.8104,0,0.8104,0.4052,0,0,0,0.0003,0,0,0,0.0001,0.0003,0,0,0,0,0.0001,0,0,0.0001,0,0.0001,0,0.2686,0.3262,0.2686,0.3262,1
1.5102,0,1.0068,0.5034,0.5034,2.517,1.0068,0.5034,0,1.0068,0,1.0068,0,0,0.5034,0.5034,0.5034,0.5034,0.5034,0.5034,0.0001,0,0.0001,0,0,0.0002,0.0001,0,0,0.0001,0,0.0001,0,0,0,0,0,0,0,0,0.2357,0.2609,0.2357,0.2609,1
0.5611,0,0,0.5611,0,1.1221,0,0.5611,0.5611,1.1221,0,0.5611,0.5611,0,1.6832,2.2442,0.5611,0.5611,0.5611,0,0.0001,0,0,0.0001,0,0.0001,0,0.0001,0.0001,0.0001,0,0.0001,0.0001,0,0.0002,0.0002,0.0001,0.0001,0.0001,0,0.1914,0.2475,0.1914,0.2475,1
0.5157,0,1.5471,1.0314,0,0.5157,0.5157,2.0628,0.5157,0,0,1.5471,0.5157,0.5157,0,0.5157,2.0628,1.0314,1.5471,0,0,0,0.0001,0.0001,0,0,0,0.0001,0,0,0,0.0001,0,0,0,0,0.0001,0.0001,0.0001,0,0.2612,0.2231,0.2612,0.2231,1
0.6087,0.6087,0.6087,0,0.6087,0,0,0.6087,0,0,0.6087,0.6087,3.0437,0,1.2175,0.6087,2.435,1.2175,1.2175,0.6087,0,0,0,0,0,0,0,0,0,0,0,0,0.0002,0,0.0001,0,0.0002,0.0001,0.0001,0,0.2001,0.1912,0.2001,0.1912,1
0.8851,0.4426,0,0,1.3277,1.3277,0,0,0.8851,1.7703,0.8851,0.8851,0,0.4426,1.7703,0,0.8851,1.3277,0,0,0.0001,0,0,0,0.0001,0.0001,0,0,0.0001,0.0001,0.0001,0.0001,0,0,0.0001,0,0.0001,0.0001,0,0,0.2996,0.2578,0.2996,0.2578,1
0.5856,0,1.1712,0,0.5856,0.5856,0.5856,1.1712,1.1712,0.5856,0,1.1712,0,0,1.1712,0,0,0,0,0,0.0001,0,0.0001,0,0.0001,0.0001,0.0001,0.0001,0.0001,0.0001,0,0.0001,0,0,0.0001,0,0,0,0,0,0.1844,0.23,0.1844,0.23,1
0.6467,0,0.6467,0,0.6467,0.6467,0,0,0.6467,1.2935,0,0.6467,0.6467,0,0.6467,0.6467,0,0,1.2935,0,0.0001,0,0.0001,0,0.0001,0.0001,0,0,0.0001,0.0001,0,0.0001,0.0001,0,0.0001,0.0001,0,0,0.0001,0,0.1989,0.1544,0.1989,0.1544,1
0.4735,0.4735,0,1.4205,0,0.4735,0,0,0.947,1.4205,0,0.947,0.947,0.4735,2.3675,0.4735,1.4205,0.4735,0.4735,0,0,0,0,0.0001,0,0,0,0,0.0001,0.0001,0,0.0001,0.0001,0,0.0002,0,0.0001,0,0,0,0.268,0.2584,0.268,0.2584,1
0.6402,0,0,1.2805,1.9207,0,0.6402,1.2805,0.6402,0.6402,0.6402,0,2.5609,0,0,1.2805,0,1.2805,0,0,0.0001,0,0,0.0001,0.0002,0,0.0001,0.0001,0.0001,0.0001,0.0001,0,0.0003,0,0,0.0001,0,0.0001,0,0,0.218,0.1417,0.218,0.1417,1
0,0,0,0,0.7866,2.3598,0,0,3.1464,0.7866,0,0.7866,0,0,0,0.7866,0,1.5732,0,0,0,0,0,0,0.0001,0.0003,0,0,0.0004,0.0001,0,0.0001,0,0,0,0.0001,0,0.0002,0,0,0.0895,0.1239,0.0895,0.1239,1
0.5003,0,0.5003,0.5003,0,0.5003,0,0.5003,1.0006,1.0006,1.5009,0.5003,0.5003,0,2.5016,0.5003,0.5003,0,0,0,0.0001,0,0.0001,0.0001,0,0.0001,0,0.0001,0.0001,0.0001,0.0002,0.0001,0.0001,0,0.0003,0.0001,0.0001,0,0,0,0.2235,0.2761,0.2235,0.2761,1
0,0,0,0,0,0.7396,0,0.7396,0,1.4791,0,0,2.2187,0,1.4791,0,0,0,2.9582,0,0,0,0,0,0,0.0001,0,0.0001,0,0.0002,0,0,0.0002,0,0.0002,0,0,0,0.0003,0,0.1444,0.1161,0.1444,0.1161,1
2.2901,0.916,0,0.458,0.458,0.458,0.458,0,0.458,0,1.3741,0.916,0.916,0,1.8321,0.458,0,0.458,0.458,1.8321,0.0001,0.0001,0,0,0,0,0,0,0,0,0.0001,0.0001,0.0001,0,0.0001,0,0,0,0,0.0001,0.296,0.2459,0.296,0.2459,1
0.5993,0,0,0,0.5993,0,0,0,1.1986,4.7945,0.5993,0.5993,0.5993,1.1986,4.1952,0.5993,0,0,0,0,0.0001,0,0,0,0.0001,0,0,0,0.0001,0.0005,0.0001,0.0001,0.0001,0.0001,0.0004,0.0001,0,0,0,0,0.1966,0.2041,0.1966,0.2041,1
0,0,0.8423,2.5268,0.4211,0,0,2.1056,2.5268,0.4211,0,0.4211,0,1.2634,0,0.4211,0.4211,0,0.8423,0.4211,0,0,0.0001,0.0002,0,0,0,0.0002,0.0002,0,0,0,0,0.0001,0,0,0,0,0.0001,0,0.2578,0.3211,0.2578,0.3211,1
2.1941,0.5485,1.0971,1.0971,0,0.5485,0,0,0,1.0971,0.5485,0.5485,1.0971,0,2.1941,1.6456,0.5485,0,0,0.5485,0.0001,0,0.0001,0.0001,0,0,0,0,0,0.0001,0,0,0.0001,0,0.0001,0.0001,0,0,0,0,0.3036,0.1478,0.3036,0.1478,1
0,0.5283,0,0,0.5283,0.5283,0,0.5283,1.5849,1.0566,0.5283,0,0.5283,0,1.5849,0,0,1.0566,0.5283,1.0566,0,0.0001,0,0,0.0001,0.0001,0,0.0001,0.0002,0.0001,0.0001,0,0.0001,0,0.0002,0,0,0.0001,0.0001,0.0001,0.2207,0.2509,0.2207,0.2509,1
0.4895,0.4895,0.4895,2.4473,0,1.4684,0,0,1.4684,1.4684,0,0.9789,0,0.4895,0.4895,0.4895,0,0.9789,0,0,0,0,0,0.0002,0,0.0001,0,0,0.0001,0.0001,0,0.0001,0,0,0,0,0,0.0001,0,0,0.2481,0.2624,0.2481,0.2624,1
1.4149,0,0.9433,0,1.8866,0.9433,0,0.4716,0.9433,0.9433,0,0.9433,0,0,0.4716,1.4149,1.8866,1.4149,0,0.4716,0.0001,0,0.0001,0,0.0001,0.0001,0,0,0.0001,0.0001,0,0.0001,0,0,0,0.0001,0.0001,0.0001,0,0,0.2665,0.2618,0.2665,0.2618,1
0.5908,1.1817,1.1817,0,1.1817,0.5908,0,0,1.1817,0,1.7725,0.5908,0,0,0,0.5908,0.5908,1.1817,0,1.1817,0,0.0001,0.0001,0,0.0001,0,0,0,0.0001,0,0.0001,0,0,0,0,0,0,0.0001,0,0.0001,0.1892,0.2199,0.1892,0.2199,1
0,0,0,0,0,0,0,0.8651,0,0.8651,0,0.8651,3.4604,0,0,0.8651,1.7302,0,0.8651,0.8651,0,0,0,0,0,0,0,0.0001,0,0.0001,0,0.0001,0.0004,0,0,0.0001,0.0002,0,0.0001,0.0001,0.0994,0.0355,0.0994,0.0355,1
1.3913,0,0,1.3913,0.6956,3.4782,0,0.6956,0,0.6956,0.6956,0,0,1.3913,0,0,1.3913,0,0,0.6956,0.0001,0,0,0.0001,0.0001,0.0003,0,0.0001,0,0.0001,0.0001,0,0,0.0001,0,0,0.0001,0,0,0.0001,0.1357,0.1687,0.1357,0.1687,1
2.3559,0,0,0,0,0,0,0,2.3559,3.9266,0,0,0.7853,0,1.5706,0,0,0.7853,0,0,0.0004,0,0,0,0,0,0,0,0.0004,0.0007,0,0,0.0001,0,0.0003,0,0,0.0001,0,0,0.0865,0.1282,0.0865,0.1282,1
0.6973,0.6973,0.6973,0,0,1.3946,0,1.3946,0.6973,0,1.3946,0.6973,1.3946,0,0,0,2.7892,1.3946,0.6973,0,0,0,0,0,0,0.0001,0,0.0001,0,0,0.0001,0,0.0001,0,0,0,0.0002,0.0001,0,0,0.1396,0.1631,0.1396,0.1631,1
1.1401,1.1401,0.57,0.57,0,0,1.1401,0.57,0,0.57,0,0,0.57,1.7101,1.1401,1.1401,0.57,0.57,0,0,0.0001,0.0001,0.0001,0.0001,0,0,0.0001,0.0001,0,0.0001,0,0,0.0001,0.0002,0.0001,0.0001,0.0001,0.0001,0,0,0.2069,0.223,0.2069,0.223,1
0,0,0,0.5697,1.1395,0.5697,0.5697,1.1395,1.1395,2.2789,0,0,0,1.1395,4.5578,0.5697,0,1.1395,0,0,0,0,0,0.0001,0.0001,0.0001,0.0001,0.0001,0.0001,0.0003,0,0,0,0.0001,0.0005,0.0001,0,0.0001,0,0,0.215,0.2153,0.215,0.2153,1
1.9988,0.9994,1.4991,0.4997,0.4997,0,0.9994,0.4997,0,0,0.4997,0,0,0.9994,0.9994,0.9994,0.4997,0.4997,0,1.4991,0.0002,0.0001,0.0001,0,0,0,0.0001,0,0,0,0,0,0,0.0001,0.0001,0.0001,0,0,0,0.0001,0.2716,0.2287,0.2716,0.2287,1
0,0,1.0915,1.0915,1.0915,0,0.5458,1.0915,1.6373,0,0,0.5458,0.5458,0,0.5458,0,1.0915,1.0915,0,0.5458,0,0,0.0001,0.0001,0.0001,0,0.0001,0.0001,0.0002,0,0,0.0001,0.0001,0,0.0001,0,0.0001,0.0001,0,0.0001,0.2471,0.2071,0.2471,0.2071,1
1.1767,0.5883,0.5883,0.5883,0.5883,0.5883,0,1.1767,1.1767,0,0,0.5883,0.5883,0,0,1.1767,2.9417,1.765,0.5883,0.5883,0.0001,0,0,0,0,0,0,0.0001,0.0001,0,0,0,0,0,0,0.0001,0.0002,0.0001,0,0,0.2262,0.1854,0.2262,0.1854,1
0.9656,0.9656,0.4828,0.4828,0,0.9656,0,0.9656,2.4141,0.4828,0,0,0,0.4828,1.4484,0,0,1.4484,0,0.4828,0.0001,0.0001,0,0,0,0.0001,0,0.0001,0.0002,0,0,0,0,0,0.0001,0,0,0.0001,0,0,0.241,0.2762,0.241,0.2762,1
1.1567,0.5783,1.735,1.735,0,0.5783,0,0,1.1567,1.1567,0.5783,1.735,0,0,0.5783,1.1567,1.1567,1.1567,0,0,0.0001,0,0.0001,0.0001,0,0,0,0,0.0001,0.0001,0,0.0001,0,0,0,0.0001,0.0001,0.0001,0,0,0.1913,0.2304,0.1913,0.2304,1
0,0.6185,0,0,1.2371,1.2371,0,0,1.2371,0.6185,0.6185,1.2371,0,0.6185,0.6185,0.6185,1.2371,1.8556,0,1.2371,0,0,0,0,0.0001,0.0001,0,0,0.0001,0,0,0.0001,0,0,0,0,0.0001,0.0001,0,0.0001,0.1893,0.1922,0.1893,0.1922,1
1.4693,0.7346,1.4693,0,0.7346,2.2039,0,0,0,0.7346,1.4693,0,3.6732,0,0,0,0,2.2039,0,0,0.0001,0,0.0001,0,0,0.0001,0,0,0,0,0.0001,0,0.0002,0,0,0,0,0.0001,0,0,0.1415,0.1239,0.1415,0.1239,1
0,0,0.5001,0.5001,1.0001,0,1.5002,0,2.0002,1.0001,1.5002,0,0,0.5001,1.0001,0,0.5001,0.5001,0,0,0,0,0.0001,0.0001,0.0001,0,0.0002,0,0.0002,0.0001,0.0002,0,0,0.0001,0.0001,0,0.0001,0.0001,0,0,0.2573,0.2426,0.2573,0.2426,1
0.9694,0,0.4847,0.4847,0.9694,1.4541,0.4847,0.4847,2.4234,0.4847,0.4847,0,0.9694,0,1.4541,0,0,2.4234,0,0,0.0001,0,0.0001,0.0001,0.0001,0.0002,0.0001,0.0001,0.0003,0.0001,0.0001,0,0.0001,0,0.0002,0,0,0.0003,0,0,0.2441,0.2712,0.2441,0.2712,1
0,0,1.372,0,0,0,0,1.372,0.686,0.686,0,1.372,0,0,0,0.686,0,0.686,0.686,0,0,0,0.0001,0,0,0,0,0.0001,0.0001,0.0001,0,0.0001,0,0,0,0.0001,0,0.0001,0.0001,0,0.203,0.111,0.203,0.111,1
2.5432,0,0.5086,0,0,1.5259,0.5086,0,0,0.5086,0,0.5086,0.5086,0.5086,4.0691,0.5086,1.0173,0,0,1.5259,0.0003,0,0.0001,0,0,0.0002,0.0001,0,0,0.0001,0,0.0001,0.0001,0.0001,0.0004,0.0001,0.0001,0,0,0.0002,0.2167,0.2747,0.2167,0.2747,1
2.5655,0,0,0,0.8552,0,0,0,1.7104,2.5655,0,0,0,0,1.7104,0,0,1.7104,0,0,0.0007,0,0,0,0.0002,0,0,0,0.0005,0.0007,0,0,0,0,0.0005,0,0,0.0005,0,0,0.053,0.0918,0.053,0.0918,1
1.3723,0,0.4574,1.8297,0.4574,0,0.9149,1.3723,0.4574,0.4574,0,0,0,1.3723,0.4574,0.4574,1.3723,1.8297,0,0.4574,0.0001,0,0,0.0002,0,0,0.0001,0.0001,0,0,0,0,0,0.0001,0,0,0.0001,0.0002,0,0,0.2479,0.2946,0.2479,0.2946,1
0,1.3001,0,0,1.9501,1.3001,0.65,0.65,0.65,0,0,1.3001,0.65,0.65,0,1.3001,1.3001,0,0,1.3001,0,0.0001,0,0,0.0001,0.0001,0,0,0,0,0,0.0001,0,0,0,0.0001,0.0001,0,0,0.0001,0.1636,0.1864,0.1636,0.1864,1
0.9624,0,1.4436,0.9624,0.9624,0.9624,0,0.9624,0.9624,0.4812,0.4812,0,0,0.9624,0.4812,1.9248,0.9624,0.9624,0,0.4812,0.0001,0,0.0001,0.0001,0.0001,0.0001,0,0.0001,0.0001,0,0,0,0,0.0001,0,0.0001,0.0001,0.0001,0,0,0.3,0.2188,0.3,0.2188,1
1.5826,0.5275,0,1.0551,0.5275,0,1.0551,0.5275,1.0551,1.5826,0,0.5275,1.5826,0,1.0551,0.5275,0,0.5275,0,0.5275,0.0001,0,0,0.0001,0,0,0.0001,0,0.0001,0.0001,0,0,0.0001,0,0.0001,0,0,0,0,0,0.2471,0.2254,0.2471,0.2254,1
3.1614,0,0.7903,0.7903,0.7903,0,0,0,0,2.371,0,0,0,0,0,0,0.7903,2.371,0,0,0.0004,0,0.0001,0.0001,0.0001,0,0,0,0,0.0003,0,0,0,0,0,0,0.0001,0.0003,0,0,0.1397,0.07,0.1397,0.07,1
1.4008,1.4008,0,0.7004,2.8016,0,0,1.4008,0.7004,0.7004,0,0.7004,2.8016,0,0,0.7004,0,0.7004,0,0,0.0001,0.0001,0,0,0.0002,0,0,0.0001,0,0,0,0,0.0002,0,0,0,0,0,0,0,0.1731,0.1265,0.1731,0.1265,1
2.4172,0,0,0,1.6115,1.6115,0,0,0,4.8344,0.8057,0.8057,0,0.8057,0,0,0,0,0,0,0.0002,0,0,0,0.0002,0.0002,0,0,0,0.0005,0.0001,0.0001,0,0.0001,0,0,0,0,0,0,0.1015,0.0928,0.1015,0.0928,1
4.322,1.2349,0,0,0,1.2349,0.6174,0,0.6174,0,1.2349,0.6174,0.6174,0.6174,1.2349,1.2349,2.4697,1.2349,0,0,0.0003,0.0001,0,0,0,0.0001,0,0,0,0,0.0001,0,0,0,0.0001,0.0001,0.0002,0.0001,0,0,0.2115,0.171,0.2115,0.171,1
0,0,1.1735,0,0.5868,0,0,0,1.1735,0.5868,1.7603,0,0,1.1735,0.5868,0.5868,1.1735,2.3471,0,0,0,0,0.0002,0,0.0001,0,0,0,0.0002,0.0001,0.0002,0,0,0.0002,0.0001,0.0001,0.0002,0.0003,0,0,0.1992,0.214,0.1992,0.214,1
0,1.2155,1.2155,0,0,0.6077,0.6077,1.8232,0,1.2155,0,0,0.6077,0,0.6077,1.2155,1.2155,2.4309,0,0,0,0.0001,0.0001,0,0,0,0,0.0001,0,0.0001,0,0,0,0,0,0.0001,0.0001,0.0002,0,0,0.1917,0.2006,0.1917,0.2006,1
0,0,0.6908,0,0,1.3816,0,0,0.6908,1.3816,0,0,0.6908,0,1.3816,1.3816,0,0.6908,0,0,0,0,0.0001,0,0,0.0002,0,0,0.0001,0.0002,0,0,0.0001,0,0.0002,0.0002,0,0.0001,0,0,0.215,0.0942,0.215,0.0942,1
3.1493,0,0,0,0,1.5746,0,1.5746,0.7873,2.3619,0,0,0,0,0,0.7873,0,3.1493,0,0,0.0004,0,0,0,0,0.0002,0,0.0002,0.0001,0.0003,0,0,0,0,0,0.0001,0,0.0004,0,0,0.1045,0.1082,0.1045,0.1082,1
0.9037,0.4519,1.8075,0,0.4519,0.4519,0,1.8075,0.4519,1.3556,0.4519,0,0.4519,1.3556,0.9037,1.3556,0,0.4519,0.4519,0.4519,0.0001,0,0.0001,0,0,0,0,0.0001,0,0.0001,0,0,0,0.0001,0.0001,0.0001,0,0,0,0,0.264,0.2841,0.264,0.2841,1
2.8998,0,0,0,0.58,2.3198,0,0,1.1599,1.1599,1.7399,0,0,0.58,0.58,2.3198,0,1.1599,0,0,0.0002,0,0,0,0,0.0002,0,0,0.0001,0.0001,0.0001,0,0,0,0,0.0002,0,0.0001,0,0,0.1997,0.2203,0.1997,0.2203,1
1.1466,0,1.1466,0.5733,0,0.5733,0,0.5733,1.7198,0.5733,1.1466,0.5733,0,0,0,0.5733,1.1466,1.1466,0,0.5733,0.0001,0,0.0001,0.0001,0,0.0001,0,0.0001,0.0002,0.0001,0.0001,0.0001,0,0,0,0.0001,0.0001,0.0001,0,0.0001,0.2062,0.2205,0.2062,0.2205,1
2.1564,0,0.5391,1.6173,0,0.5391,0.5391,0.5391,2.6955,0,0,0,0,0,0.5391,0.5391,1.6173,1.6173,0,0.5391,0.0002,0,0.0001,0.0002,0,0.0001,0.0001,0.0001,0.0003,0,0,0,0,0,0.0001,0.0001,0.0002,0.0002,0,0.0001,0.2293,0.2317,0.2293,0.2317,1
0.6039,0.6039,0,0,1.2077,1.2077,1.8116,1.2077,0.6039,0,1.2077,0,0,0,1.8116,0,1.8116,0,0,0.6039,0.0001,0.0001,0,0,0.0001,0.0001,0.0002,0.0001,0.0001,0,0.0001,0,0,0,0.0002,0,0.0002,0,0,0.0001,0.2156,0.1805,0.2156,0.1805,1
1.4871,0.4957,0,0.4957,0.9914,1.9828,0.4957,0.4957,1.4871,1.4871,0.4957,0.4957,0,0,0,1.4871,0.9914,0.4957,0,0.9914,0.0001,0,0,0,0.0001,0.0001,0,0,0.0001,0.0001,0,0,0,0,0,0.0001,0.0001,0,0,0.0001,0.2749,0.2294,0.2749,0.2294,1
0.6461,0.6461,0.6461,1.2922,0,1.9383,0,0,0,1.9383,0.6461,0.6461,0.6461,0,0,1.2922,0,2.5844,0,0,0,0,0,0.0001,0,0.0001,0,0,0,0.0001,0,0,0,0,0,0.0001,0,0.0002,0,0,0.173,0.1809,0.173,0.1809,1
1.6874,0,0,0,2.5311,0,0,0,3.3748,0,0,0,0,0,0,0,0,2.5311,0,0.8437,0.0005,0,0,0,0.0007,0,0,0,0.0009,0,0,0,0,0,0,0,0,0.0007,0,0.0002,0.0535,0.1028,0.0535,0.1028,1
2.121,0,0,0.707,0,0.707,0.707,1.414,0,0.707,0.707,1.414,0.707,0.707,0,0.707,0.707,2.828,0,0,0.0002,0,0,0.0001,0,0.0001,0.0001,0.0001,0,0.0001,0.0001,0.0001,0.0001,0.0001,0,0.0001,0.0001,0.0002,0,0,0.1732,0.1198,0.1732,0.1198,1
0.5668,0.5668,1.1336,1.1336,0.5668,3.4008,0.5668,1.1336,0,0.5668,0,0,0.5668,0,1.1336,0.5668,0,1.1336,0,0,0,0,0.0001,0.0001,0,0.0002,0,0.0001,0,0,0,0,0,0,0.0001,0,0,0.0001,0,0,0.203,0.2302,0.203,0.2302,1
1.3905,0,0.4635,0.4635,0,0.927,0,0.4635,0.927,2.7811,0,0.4635,0.4635,0,0.927,2.3176,0,0.927,0.927,0.4635,0.0001,0,0,0,0,0.0001,0,0,0.0001,0.0002,0,0,0,0,0.0001,0.0001,0,0.0001,0.0001,0,0.2451,0.2914,0.2451,0.2914,1
1.7804,0,0,0,2.3739,0.5935,0,0.5935,1.187,2.3739,0,0.5935,0.5935,0,0.5935,0,1.187,0,0,0,0.0002,0,0,0,0.0002,0.0001,0,0.0001,0.0001,0.0002,0,0.0001,0.0001,0,0.0001,0,0.0001,0,0,0,0.2389,0.1676,0.2389,0.1676,1
0.8422,0,0,0,0,0,0,0,3.369,2.5267,0,0.8422,0,0,0,0,0.8422,2.5267,0,0,0.0002,0,0,0,0,0,0,0,0.0006,0.0005,0,0.0002,0,0,0,0,0.0002,0.0005,0,0,0.0581,0.0996,0.0581,0.0996,1
0.5174,1.0347,0,0.5174,2.5869,0,1.0347,0.5174,1.0347,1.5521,1.0347,1.0347,0,0,0.5174,0.5174,2.0695,1.0347,0,0.5174,0,0.0001,0,0,0.0002,0,0.0001,0,0.0001,0.0001,0.0001,0.0001,0,0,0,0,0.0001,0.0001,0,0,0.2131,0.2695,0.2131,0.2695,1
0.5987,1.1974,0,0,1.7961,1.7961,0.5987,1.1974,1.1974,0,0,1.1974,0.5987,0,0,1.1974,1.7961,1.1974,0,0.5987,0,0.0001,0,0,0.0001,0.0001,0,0.0001,0.0001,0,0,0.0001,0,0,0,0.0001,0.0001,0.0001,0,0,0.1975,0.2038,0.1975,0.2038,1
0.5895,0,0,0.5895,0.5895,2.3581,1.1791,0.5895,0.5895,3.5372,0,0,0.5895,0,0,1.1791,0.5895,1.1791,0,0,0,0,0,0,0,0.0002,0.0001,0,0,0.0003,0,0,0,0,0,0.0001,0,0.0001,0,0,0.1769,0.2336,0.1769,0.2336,1
0,0,0,0,0,0,0.4976,0.9953,1.4929,0.4976,1.4929,0,0,0,2.4881,0,0,0,1.4929,0,0,0,0,0,0,0,0.0001,0.0002,0.0003,0.0001,0.0003,0,0,0,0.0004,0,0,0,0.0003,0,0.1916,0.3108,0.1916,0.3108,1
1.6758,0,0,0,1.6758,0,0,0.8379,3.3517,0,0,0,0,0,0,0,0.8379,2.5137,0,0.8379,0.0005,0,0,0,0.0005,0,0,0.0002,0.0009,0,0,0,0,0,0,0,0.0002,0.0007,0,0.0002,0.057,0.1051,0.057,0.1051,1
0,1.3033,0.6517,0,1.955,0,0.6517,0.6517,0.6517,0,1.3033,1.3033,1.3033,0,0,0.6517,1.955,0.6517,0,0,0,0.0001,0,0,0.0001,0,0,0,0,0,0.0001,0.0001,0.0001,0,0,0,0.0001,0,0,0,0.2174,0.131,0.2174,0.131,1
0.5391,1.6174,0,0.5391,0,1.6174,0,0.5391,0.5391,0.5391,1.0783,0,0.5391,0,2.1566,0,0.5391,1.6174,0,0,0,0.0001,0,0,0,0.0001,0,0,0,0,0.0001,0,0,0,0.0001,0,0,0.0001,0,0,0.2461,0.2148,0.2461,0.2148,1
0.5374,3.2246,1.0749,0,0.5374,2.1497,0.5374,0,0.5374,0,0.5374,0.5374,1.6123,0,0.5374,0.5374,1.6123,1.6123,0.5374,0,0,0.0001,0,0,0,0.0001,0,0,0,0,0,0,0.0001,0,0,0,0.0001,0.0001,0,0,0.2287,0.2338,0.2287,0.2338,1
1.996,0,0,1.3307,0,0.6653,0,0.6653,0,0.6653,0,0.6653,0.6653,0.6653,0.6653,0.6653,0.6653,2.6614,0,0,0.0002,0,0,0.0001,0,0.0001,0,0.0001,0,0.0001,0,0.0001,0.0001,0.0001,0.0001,0.0001,0.0001,0.0003,0,0,0.1396,0.1951,0.1396,0.1951,1
0.8335,0.8335,0.8335,0,1.6671,0,0,0,0,4.1677,0,0.8335,0,0,0,0.8335,0,0.8335,0,0,0.0001,0.0001,0.0001,0,0.0001,0,0,0,0,0.0003,0,0.0001,0,0,0,0.0001,0,0.0001,0,0,0.0979,0.0686,0.0979,0.0686,1
1.4769,0,0.7385,0,0,0,0,1.4769,0.7385,0,0,1.4769,0,0,0,0.7385,0,0,0.7385,0,0.0002,0,0.0001,0,0,0,0,0.0002,0.0001,0,0,0.0002,0,0,0,0.0001,0,0,0.0001,0,0.1587,0.1029,0.1587,0.1029,1
0,0.5446,1.6337,0.5446,0.5446,0,0,0.5446,1.0891,1.6337,0,0,0,0,0,1.0891,0,0.5446,1.6337,0,0,0,0.0001,0,0,0,0,0,0.0001,0.0001,0,0,0,0,0,0.0001,0,0,0.0001,0,0.275,0.1804,0.275,0.1804,1
2.8471,0,1.4235,0.7118,0,0,0,0,0,0.7118,0.7118,0,0,0,0,0,0.7118,2.8471,0,0.7118,0.0003,0,0.0002,0.0001,0,0,0,0,0,0.0001,0.0001,0,0,0,0,0,0.0001,0.0003,0,0.0001,0.182,0.1062,0.182,0.1062,1
0.5924,1.7772,1.1848,0,1.1848,1.1848,0,0,1.1848,0.5924,1.1848,0.5924,0,0,0,0.5924,0,0,0,0.5924,0,0.0001,0.0001,0,0.0001,0.0001,0,0,0.0001,0,0.0001,0,0,0,0,0,0,0,0,0,0.228,0.1796,0.228,0.1796,1
0.5729,0.5729,1.1459,0.5729,0.5729,0,1.1459,1.1459,1.1459,0,1.1459,0.5729,1.7188,0.5729,0,0.5729,0.5729,0.5729,0,0,0.0001,0.0001,0.0001,0.0001,0.0001,0,0.0001,0.0001,0.0001,0,0.0001,0.0001,0.0002,0.0001,0,0.0001,0.0001,0.0001,0,0,0.2478,0.1793,0.2478,0.1793,1
1.161,0,0,0,0.5805,1.161,0.5805,0.5805,0,2.322,0.5805,0.5805,3.483,0,2.322,0.5805,0.5805,2.322,0,0.5805,0.0001,0,0,0,0.0001,0.0001,0.0001,0.0001,0,0.0002,0.0001,0.0001,0.0003,0,0.0002,0.0001,0.0001,0.0002,0,0.0001,0.1893,0.2302,0.1893,0.2302,1
1.226,0,1.839,0,0,0.613,0.613,1.226,0,0.613,1.839,0.613,1.226,0,0,0,0.613,1.226,0.613,0.613,0.0001,0,0.0002,0,0,0.0001,0.0001,0.0001,0,0.0001,0.0002,0.0001,0.0001,0,0,0,0.0001,0.0001,0.0001,0.0001,0.1912,0.1958,0.1912,0.1958,1
2.14,0,0.7133,0.7133,0,0,0,0,1.4267,0.7133,0,0.7133,0,0,0,0,0.7133,2.14,0,0.7133,0.0003,0,0.0001,0.0001,0,0,0,0,0.0002,0.0001,0,0.0001,0,0,0,0,0.0001,0.0003,0,0.0001,0.1949,0.0918,0.1949,0.0918,1
0.6244,0.6244,1.8733,0,1.8733,0,0,0,0,0.6244,0,1.2489,0.6244,0,0.6244,0,1.2489,0,0,0,0,0,0.0001,0,0.0001,0,0,0,0,0,0,0.0001,0,0,0,0,0.0001,0,0,0,0.1696,0.2059,0.1696,0.2059,1
1.5412,0,1.0274,1.0274,0,0,0.5137,0,1.0274,1.5412,0.5137,0.5137,1.0274,0.5137,1.0274,1.0274,0.5137,0.5137,0,0.5137,0.0001,0,0.0001,0.0001,0,0,0,0,0.0001,0.0001,0,0,0.0001,0,0.0001,0.0001,0,0,0,0,0.2251,0.2612,0.2251,0.2612,1
3.3116,0.6623,0.6623,0,0,1.3246,0,1.3246,1.3246,0,0,0,1.3246,0,0.6623,0,1.3246,1.3246,0.6623,0,0.0002,0,0,0,0,0.0001,0,0.0001,0.0001,0,0,0,0.0001,0,0,0,0.0001,0.0001,0,0,0.1713,0.1664,0.1713,0.1664,1
1.4213,0,0,0,0.7106,0.7106,0,0.7106,0.7106,1.4213,0,0,0,0,0.7106,0,0.7106,0,0.7106,0.7106,0.0002,0,0,0,0.0001,0.0001,0,0.0001,0.0001,0.0002,0,0,0,0,0.0001,0,0.0001,0,0.0001,0.0001,0.1436,0.1457,0.1436,0.1457,1
1.1177,0.5589,0.5589,0.5589,0,0.5589,0,0,1.1177,0,0.5589,0.5589,0.5589,0.5589,0.5589,1.1177,1.1177,0.5589,1.1177,0.5589,0.0001,0,0,0,0,0,0,0,0.0001,0,0,0,0,0,0,0.0001,0.0001,0,0.0001,0,0.1967,0.2445,0.1967,0.2445,1
4.294,0,0,0,0,0,0,0,2.147,3.5783,0,0,1.4313,0,1.4313,0,0,1.4313,0,0,0.0006,0,0,0,0,0,0,0,0.0003,0.0005,0,0,0.0002,0,0.0002,0,0,0.0002,0,0,0.1201,0.1643,0.1201,0.1643,1
0.5729,0.5729,0.5729,0,0,0.5729,1.1458,0,0,0.5729,1.7187,0.5729,1.1458,0,2.8646,1.7187,0.5729,1.7187,0,1.1458,0,0,0,0,0,0,0.0001,0,0,0,0.0001,0,0.0001,0,0.0002,0.0001,0,0.0001,0,0.0001,0.2072,0.2199,0.2072,0.2199,1
2.4768,0,0,0,1.6512,0,0,0,3.3024,0.8256,0,0,0,0,0,0,0.8256,1.6512,0,0.8256,0.0006,0,0,0,0.0004,0,0,0,0.0008,0.0002,0,0,0,0,0,0,0.0002,0.0004,0,0.0002,0.0656,0.1088,0.0656,0.1088,1
0,0,0,0,0,0,0.6868,1.3736,0,0,2.0604,0,0,0.6868,2.0604,0,0.6868,0.6868,0,0,0,0,0,0,0,0,0.0002,0.0003,0,0,0.0005,0,0,0.0002,0.0005,0,0.0002,0.0002,0,0,0.1809,0.1322,0.1809,0.1322,1
0.7266,0,0,0,0,0,0,0.7266,0.7266,0.7266,0,1.4532,0,0,0,0.7266,0,0.7266,2.1798,0,0.0001,0,0,0,0,0,0,0.0001,0.0001,0.0001,0,0.0001,0,0,0,0.0001,0,0.0001,0.0002,0,0.1355,0.1379,0.1355,0.1379,1
0.8226,0,0,0,0.8226,0,0,0,3.2904,2.4678,0,0.8226,0,0,0,0.8226,0,0.8226,0,0.8226,0.0001,0,0,0,0.0001,0,0,0,0.0005,0.0004,0,0.0001,0,0,0,0.0001,0,0.0001,0,0.0001,0.066,0.1114,0.066,0.1114,1
2.5047,0,0,0.6262,0,0.6262,0,0.6262,1.2523,1.2523,0.6262,1.2523,0.6262,0.6262,0.6262,0.6262,0.6262,0.6262,0,0,0.0002,0,0,0.0001,0,0.0001,0,0.0001,0.0001,0.0001,0.0001,0.0001,0.0001,0.0001,0.0001,0.0001,0.0001,0.0001,0,0,0.1735,0.2004,0.1735,0.2004,1
0.9966,0,0.9966,1.4948,0.4983,0,0,0.9966,0.9966,1.4948,0,0.4983,0.4983,0,0.9966,0,0.4983,0,0,0,0.0001,0,0.0001,0.0001,0,0,0,0.0001,0.0001,0.0001,0,0,0,0,0.0001,0,0,0,0,0,0.2324,0.2693,0.2324,0.2693,1
0.7134,0,0.7134,0,0.7134,0.7134,0,0.7134,0.7134,2.1402,2.1402,0.7134,0,0,0,0,1.4268,2.1402,1.4268,0,0.0001,0,0.0001,0,0.0001,0.0001,0,0.0001,0.0001,0.0003,0.0003,0.0001,0,0,0,0,0.0002,0.0003,0.0002,0,0.1334,0.1532,0.1334,0.1532,1
2.4391,0,0,0,1.6261,0,0,0,3.2522,1.6261,0,0,0,0,0,0,0.813,0.813,0,0.813,0.0005,0,0,0,0.0003,0,0,0,0.0006,0.0003,0,0,0,0,0,0,0.0002,0.0002,0,0.0002,0.0726,0.1143,0.0726,0.1143,1
3.9755,0.7951,0.7951,0,1.5902,0,0,0,0,1.5902,0,0.7951,0,0,0,0.7951,0,1.5902,0,0,0.0003,0.0001,0.0001,0,0.0001,0,0,0,0,0.0001,0,0.0001,0,0,0,0.0001,0,0.0001,0,0,0.1211,0.0838,0.1211,0.0838,1
1.9284,0,0,1.2856,1.9284,0,0,0.6428,1.2856,0,0,0.6428,2.5712,0,0,0.6428,0,1.9284,0,0,0.0002,0,0,0.0001,0.0002,0,0,0.0001,0.0001,0,0,0.0001,0.0003,0,0,0.0001,0,0.0002,0,0,0.2158,0.1414,0.2158,0.1414,1
2.041,0.6803,1.3607,1.3607,0.6803,0.6803,0,0,0,2.041,0,0,0.6803,0,0.6803,0,0,0,0,0,0.0002,0.0001,0.0001,0.0001,0.0001,0.0001,0,0,0,0.0002,0,0,0.0001,0,0.0001,0,0,0,0,0,0.2265,0.0932,0.2265,0.0932,1
1.6848,0,0,0,0.8424,0,0,0,3.3695,0.8424,0,0,0,0,0,0,0,3.3695,0,0.8424,0.0005,0,0,0,0.0002,0,0,0,0.0009,0.0002,0,0,0,0,0,0,0,0.0009,0,0.0002,0.0546,0.1031,0.0546,0.1031,1
0,0,0,0.5309,1.0617,0,0.5309,0,1.5926,0,1.0617,2.1234,1.0617,0,1.5926,0.5309,2.1234,0.5309,0.5309,1.5926,0,0,0,0,0.0001,0,0,0,0.0001,0,0.0001,0.0002,0.0001,0,0.0001,0,0.0002,0,0,0.0001,0.2371,0.232,0.2371,0.232,1
0.9077,0.4538,1.3615,0.4538,0.4538,1.8154,0,0.9077,2.2692,0.4538,0.4538,0.4538,0,0,0.4538,0.4538,0,1.8154,0.4538,0,0.0001,0,0.0001,0,0,0.0001,0,0.0001,0.0001,0,0,0,0,0,0,0,0,0.0001,0,0,0.2637,0.2824,0.2637,0.2824,1
1.5647,3.1294,0,0.5216,1.0431,1.5647,0,1.0431,0,2.0863,0,0,0.5216,0.5216,2.0863,0,1.0431,0,0.5216,0,0.0001,0.0001,0,0,0,0.0001,0,0,0,0.0001,0,0,0,0,0.0001,0,0,0,0,0,0.2193,0.2591,0.2193,0.2591,1
1.4434,0,0,0,0,0,0.7217,1.4434,0,0.7217,1.4434,0,0,0.7217,1.4434,0,0.7217,0,0,0,0.0003,0,0,0,0,0,0.0001,0.0003,0,0.0001,0.0003,0,0,0.0001,0.0003,0,0.0001,0,0,0,0.1727,0.1056,0.1727,0.1056,1
0.4813,0,0,0,1.444,0.4813,0.4813,1.9253,0.9627,0.9627,0.4813,0.4813,0,0,4.3319,0,1.9253,0,0,0,0.0001,0,0,0,0.0002,0.0001,0.0001,0.0002,0.0001,0.0001,0.0001,0.0001,0,0,0.0005,0,0.0002,0,0,0,0.2591,0.2595,0.2591,0.2595,1
1.2238,0,0,0.6119,0.6119,1.2238,0.6119,0.6119,1.2238,0,0,1.8357,3.6713,0,0.6119,0,0,0,0,0.6119,0.0001,0,0,0.0001,0.0001,0.0001,0.0001,0.0001,0.0001,0,0,0.0002,0.0004,0,0.0001,0,0,0,0,0.0001,0.2125,0.1756,0.2125,0.1756,1
0,0,0,0.5041,0,0.5041,0,0,1.5123,0.5041,0,1.0082,1.0082,0.5041,2.0164,0.5041,1.5123,1.0082,0,1.5123,0,0,0,0.0001,0,0.0001,0,0,0.0002,0.0001,0,0.0001,0.0001,0.0001,0.0002,0.0001,0.0002,0.0001,0,0.0002,0.2213,0.2746,0.2213,0.2746,1
0.4779,1.4338,0.9559,1.9117,0,0.9559,0.4779,0.9559,1.4338,0,0,0,1.4338,0.9559,0.4779,0.4779,0.9559,0,0,0.4779,0,0.0001,0.0001,0.0001,0,0.0001,0,0.0001,0.0001,0,0,0,0.0001,0.0001,0,0,0.0001,0,0,0,0.2296,0.2925,0.2296,0.2925,1
0,0,0.5994,0.5994,1.1987,0.5994,0,1.7981,1.1987,0.5994,0,0,0,0,0.5994,0,0,0,0.5994,0,0,0,0.0001,0.0001,0.0001,0.0001,0,0.0002,0.0001,0.0001,0,0,0,0,0.0001,0,0,0,0.0001,0,0.1656,0.2351,0.1656,0.2351,1
0.9852,0,0,0,0.9852,1.4779,1.9705,1.4779,0.9852,0.9852,0.4926,0,0.4926,0.4926,0,0.9852,1.9705,0.9852,0,0,0.0001,0,0,0,0.0001,0.0001,0.0002,0.0001,0.0001,0.0001,0,0,0,0,0,0.0001,0.0002,0.0001,0,0,0.2716,0.2358,0.2716,0.2358,1
0.6837,0,0,0,1.3673,1.3673,1.3673,0,1.3673,0.6837,0,0.6837,0.6837,0,0,0.6837,0.6837,0,0,0.6837,0.0001,0,0,0,0.0002,0.0002,0.0002,0,0.0002,0.0001,0,0.0001,0.0001,0,0,0.0001,0.0001,0,0,0.0001,0.1772,0.1392,0.1772,0.1392,1
1.5973,0,0,0,1.5973,0.7987,0,0,0,2.396,0,0.7987,0.7987,0,0.7987,0,0.7987,3.1947,0,0,0.0002,0,0,0,0.0002,0.0001,0,0,0,0.0003,0,0.0001,0.0001,0,0.0001,0,0.0001,0.0003,0,0,0.092,0.1094,0.092,0.1094,1
0.4969,0.4969,0.4969,0,0,0.9938,0.9938,0.9938,1.4907,0.4969,0.9938,0,0.4969,0,0.9938,0.4969,1.9877,0.4969,0,0.4969,0,0,0,0,0,0.0001,0.0001,0.0001,0.0001,0,0.0001,0,0,0,0.0001,0,0.0002,0,0,0,0.2658,0.2373,0.2658,0.2373,1
1.6758,0,0,0,0.8379,0,0,0,1.6758,3.3516,0,0,0.8379,0,1.6758,0,0,0,0,0,0.0003,0,0,0,0.0002,0,0,0,0.0003,0.0007,0,0,0.0002,0,0.0003,0,0,0,0,0,0.0667,0.0954,0.0667,0.0954,1
1.9569,0,0,0,1.3046,2.6092,0,1.3046,0,3.9139,0,0.6523,0.6523,0.6523,0.6523,0,0,1.3046,0.6523,0.6523,0.0001,0,0,0,0.0001,0.0002,0,0.0001,0,0.0002,0,0,0,0,0,0,0,0.0001,0,0,0.1674,0.1803,0.1674,0.1803,1
0.6864,0.6864,1.3728,0.6864,0,0,0,0,0.6864,0.6864,0,1.3728,0,0,0,0,0,0,0,0.6864,0.0001,0.0001,0.0001,0.0001,0,0,0,0,0.0001,0.0001,0,0.0001,0,0,0,0,0,0,0,0.0001,0.1403,0.1733,0.1403,0.1733,1
1.767,0,0,0.4418,2.6506,0.4418,0,0,1.767,0.8835,0.4418,0.4418,0,0,1.3253,0,0,0,0.4418,0.4418,0.0002,0,0,0,0.0003,0,0,0,0.0002,0.0001,0,0,0,0,0.0001,0,0,0,0,0,0.2543,0.3039,0.2543,0.3039,1
2.0638,0,0.6879,0,0,1.3758,0,0,0.6879,1.3758,0.6879,0,0,0,0.6879,0,0,0,0,0.6879,0.0003,0,0.0001,0,0,0.0002,0,0,0.0001,0.0002,0.0001,0,0,0,0.0001,0,0,0,0,0.0001,0.1868,0.1252,0.1868,0.1252,1
1.556,0.5187,0,0.5187,0.5187,0,1.556,0.5187,0.5187,1.556,0.5187,0,1.556,0,1.556,0,2.0747,1.556,0,0,0.0001,0,0,0,0,0,0.0001,0,0,0.0001,0,0,0.0001,0,0.0001,0,0.0002,0.0001,0,0,0.2214,0.26,0.2214,0.26,1
0.6892,0,0.6892,0,0.6892,2.0676,0,0.6892,0.6892,2.0676,0,0,0,0,0,0,0,0,0,0,0.0001,0,0.0001,0,0.0001,0.0002,0,0.0001,0.0001,0.0002,0,0,0,0,0,0,0,0,0,0,0.1528,0.158,0.1528,0.158,1
3.2518,0,0.9291,0,0.4645,1.3936,0,0,1.8582,3.2518,0,1.3936,0,0,0,0,0.4645,0,0.4645,0,0.0002,0,0.0001,0,0,0.0001,0,0,0.0001,0.0002,0,0.0001,0,0,0,0,0,0,0,0,0.2442,0.2913,0.2442,0.2913,1
0,0,0.5188,0,1.5564,1.0376,0,1.0376,0.5188,0,2.0752,0.5188,0.5188,0,5.1881,0,0,0,0.5188,1.0376,0,0,0,0,0.0001,0.0001,0,0.0001,0,0,0.0002,0,0,0,0.0005,0,0,0,0,0.0001,0.1964,0.2848,0.1964,0.2848,1
1.8379,0,0,0.6126,0,3.0632,1.2253,0.6126,0,5.5138,0,0,0.6126,0,0,1.2253,0,0.6126,0,0,0.0001,0,0,0,0,0.0002,0.0001,0,0,0.0003,0,0,0,0,0,0.0001,0,0,0,0,0.1647,0.2226,0.1647,0.2226,1
0.596,0,0,0.596,0,2.384,0,0,1.192,0.596,0,0.596,2.98,0,2.384,0.596,0.596,0,0,1.192,0.0001,0,0,0.0001,0,0.0003,0,0,0.0001,0.0001,0,0.0001,0.0003,0,0.0003,0.0001,0.0001,0,0,0.0001,0.2247,0.1793,0.2247,0.1793,1
0.5814,0.5814,0,1.7442,0.5814,0,0.5814,0.5814,0,2.3256,0,1.1628,1.1628,0.5814,0.5814,1.1628,0.5814,1.1628,0,0,0,0,0,0.0001,0,0,0,0,0,0.0002,0,0.0001,0.0001,0,0,0.0001,0,0.0001,0,0,0.2317,0.1869,0.2317,0.1869,1
1.2919,0,0.646,0,0,1.2919,0,0,0.646,1.2919,0.646,0,0,0,1.2919,0.646,0,0,0,0,0.0002,0,0.0001,0,0,0.0002,0,0,0.0001,0.0002,0.0001,0,0,0,0.0002,0.0001,0,0,0,0,0.1819,0.1721,0.1819,0.1721,1
1.4652,0,0.7326,0,0.7326,0.7326,0,0,0,2.9305,0,0,0.7326,0,1.4652,0.7326,0.7326,0,0,0,0.0002,0,0.0001,0,0.0001,0.0001,0,0,0,0.0003,0,0,0.0001,0,0.0002,0.0001,0.0001,0,0,0,0.1388,0.1285,0.1388,0.1285,1
0,0,0.8671,0,0.8671,0,0,0.8671,0,5.2024,0.8671,0,0,0.8671,0,0,0,0,0,0,0,0,0.0002,0,0.0002,0,0,0.0002,0,0.0011,0.0002,0,0,0.0002,0,0,0,0,0,0,0.0809,0.052,0.0809,0.052,1
0.7176,0,0,0.7176,0,1.4352,0,0,1.4352,1.4352,0,0,0.7176,0,0,0.7176,0,0.7176,1.4352,0,0.0001,0,0,0.0001,0,0.0002,0,0,0.0002,0.0002,0,0,0.0001,0,0,0.0001,0,0.0001,0.0002,0,0.1587,0.1237,0.1587,0.1237,1
2.3751,0,0,1.4251,0.95,1.4251,0.475,0.95,2.8501,0.475,0,0.475,0,0,0,0.95,0.475,0.475,0.475,0,0.0002,0,0,0.0001,0.0001,0.0001,0,0.0001,0.0002,0,0,0,0,0,0,0.0001,0,0,0,0,0.1995,0.3255,0.1995,0.3255,1
1.3324,0.6662,0.6662,0,1.3324,0,0,0.6662,0.6662,1.9986,0.6662,1.9986,1.9986,0.6662,0,0.6662,1.3324,1.3324,0,0.6662,0.0001,0,0,0,0.0001,0,0,0,0,0.0001,0,0.0001,0.0001,0,0,0,0.0001,0.0001,0,0,0.1956,0.1382,0.1956,0.1382,1
3.2594,0,1.9557,0,0,0.6519,0,0,0,0.6519,0,0,0.6519,0,0.6519,0.6519,0.6519,0.6519,0.6519,0,0.0003,0,0.0002,0,0,0.0001,0,0,0,0.0001,0,0,0.0001,0,0.0001,0.0001,0.0001,0.0001,0.0001,0,0.2261,0.122,0.2261,0.122,1
0,0.7357,1.4713,0,0.7357,0,0,1.4713,0,1.4713,0.7357,0,0.7357,1.4713,0,2.207,0,0,0,0,0,0.0001,0.0001,0,0.0001,0,0,0.0001,0,0.0001,0.0001,0,0.0001,0.0001,0,0.0002,0,0,0,0,0.1384,0.1259,0.1384,0.1259,1
0,0.603,0,0,0.603,0.603,0.603,1.2059,1.8089,0.603,3.0148,1.2059,0.603,0,0,0.603,1.8089,0.603,1.2059,1.8089,0,0,0,0,0,0,0,0.0001,0.0001,0,0.0002,0.0001,0,0,0,0,0.0001,0,0.0001,0.0001,0.1915,0.2056,0.1915,0.2056,1
0,1.1751,0.5876,0,0.5876,0.5876,0.5876,0.5876,0.5876,0,0.5876,0.5876,1.7627,0,1.7627,1.1751,0.5876,0.5876,0,0,0,0.0001,0,0,0,0,0,0,0,0,0,0,0.0001,0,0.0001,0.0001,0,0,0,0,0.2323,0.1802,0.2323,0.1802,1
0.9759,0,0.488,0.9759,0,0.488,0.488,1.4639,0.488,2.9278,0.488,1.4639,0,1.9518,0.9759,0.488,0,0,0,0,0.0001,0,0,0.0001,0,0,0,0.0001,0,0.0002,0,0.0001,0,0.0001,0.0001,0,0,0,0,0,0.2721,0.2399,0.2721,0.2399,1
1.2959,0.6479,0.6479,0,0,0,1.2959,1.2959,0.6479,0,0.6479,0.6479,1.2959,0.6479,0.6479,0.6479,1.9438,0.6479,0,0,0.0001,0.0001,0.0001,0,0,0,0.0001,0.0001,0.0001,0,0.0001,0.0001,0.0001,0.0001,0.0001,0.0001,0.0002,0.0001,0,0,0.1945,0.1575,0.1945,0.1575,1
0,0,0.4103,3.2825,0,0,0,1.2309,3.2825,0.4103,0.4103,0,0,0.8206,0,0.4103,0.8206,0,0.8206,0.4103,0,0,0,0.0003,0,0,0,0.0001,0.0003,0,0,0,0,0.0001,0,0,0.0001,0,0.0001,0,0.2553,0.3344,0.2553,0.3344,1
1.1543,3.463,0,0.5772,0,1.7315,0,1.1543,1.1543,1.1543,0,1.1543,1.1543,0,0.5772,1.7315,0,1.1543,0.5772,0.5772,0,0.0001,0,0,0,0.0001,0,0,0,0,0,0,0,0,0,0.0001,0,0,0,0,0.2354,0.1874,0.2354,0.1874,1
1.2784,0.6392,0,2.5567,0,0.6392,0,0.6392,0.6392,1.2784,0,0,0.6392,0,0,0,1.9175,0.6392,0,0,0.0001,0.0001,0,0.0003,0,0.0001,0,0.0001,0.0001,0.0001,0,0,0.0001,0,0,0,0.0002,0.0001,0,0,0.1911,0.1697,0.1911,0.1697,1
0,0,1.3581,0.679,0,0,0,3.3952,0,0.679,0,0.679,0.679,0,0,2.7162,0.679,2.0371,0,0,0,0,0.0001,0.0001,0,0,0,0.0003,0,0.0001,0,0.0001,0.0001,0,0,0.0002,0.0001,0.0002,0,0,0.1656,0.1553,0.1656,0.1553,1
0,0,0,0,0,2.9246,2.1934,0,0,0,0,0,0,0.7311,0,0,0.7311,0.7311,0,0,0,0,0,0,0,0.0007,0.0006,0,0,0,0,0,0,0.0002,0,0,0.0002,0.0002,0,0,0.1507,0.1182,0.1507,0.1182,1
0.5821,0.5821,0.5821,0.5821,0.5821,0.5821,0,0.5821,1.1643,0.5821,1.1643,0.5821,0.5821,0,0.5821,0,0,2.3285,0.5821,0.5821,0,0,0,0,0,0,0,0,0.0001,0,0.0001,0,0,0,0,0,0,0.0001,0,0,0.1967,0.2212,0.1967,0.2212,1
3.1397,0,0,0,0,0,0.3925,0,3.1397,0,0,0.7849,0,0,2.7472,0,0.3925,0,0.3925,0,0.0004,0,0,0,0,0,0,0,0.0004,0,0,0.0001,0,0,0.0003,0,0,0,0,0,0.2479,0.3596,0.2479,0.3596,1
0,0,0.8383,2.9341,0.4192,0,0,1.2575,2.5149,0.4192,0.4192,0,0.4192,0.8383,0,0.8383,0.4192,0,0.8383,0.4192,0,0,0.0001,0.0002,0,0,0,0.0001,0.0002,0,0,0,0,0.0001,0,0.0001,0,0,0.0001,0,0.2547,0.3262,0.2547,0.3262,1
0.6513,0.6513,0.6513,0.6513,2.6053,0,0,0.6513,0.6513,1.954,0,0.6513,2.6053,0,0,0.6513,0,0.6513,0,0,0,0,0,0,0.0002,0,0,0,0,0.0001,0,0,0.0002,0,0,0,0,0,0,0,0.1831,0.1655,0.1831,0.1655,1
0.5158,2.5788,1.5473,0,1.5473,0.5158,0.5158,0,0.5158,0,1.5473,1.0315,1.0315,0,1.0315,0,1.0315,0,0,0,0,0.0001,0.0001,0,0.0001,0,0,0,0,0,0.0001,0,0,0,0,0,0,0,0,0,0.2664,0.2178,0.2664,0.2178,1
0,1.4556,0,0.7278,0,0,0.7278,0,0,2.9111,0,1.4556,0.7278,0,0,1.4556,1.4556,0,0.7278,0,0,0.0001,0,0,0,0,0,0,0,0.0002,0,0.0001,0,0,0,0.0001,0.0001,0,0,0,0.1594,0.1129,0.1594,0.1129,1
1.4921,1.4921,0.746,0,0,0.746,0.746,0,0,2.9841,0,0.746,0,0,0,0,0.746,0.746,0,0,0.0001,0.0001,0.0001,0,0,0.0001,0.0001,0,0,0.0002,0,0.0001,0,0,0,0,0.0001,0.0001,0,0,0.1323,0.1217,0.1323,0.1217,1
1.2935,0,0,0,1.2935,0.6467,0,1.2935,1.2935,1.2935,0,0.6467,0,0,0,0,0,0,0.6467,0,0.0001,0,0,0,0.0001,0.0001,0,0.0001,0.0001,0.0001,0,0.0001,0,0,0,0,0,0,0.0001,0,0.1666,0.1866,0.1666,0.1866,1
0,0,0,0.5371,0.5371,0,1.6114,0,1.0743,0.5371,1.6114,0.5371,0.5371,0.5371,1.0743,0.5371,0.5371,1.6114,0,1.0743,0,0,0,0.0001,0.0001,0,0.0002,0,0.0001,0.0001,0.0002,0.0001,0.0001,0.0001,0.0001,0.0001,0.0001,0.0002,0,0.0001,0.2313,0.2316,0.2313,0.2316,1
1.2134,0,0.6067,0,0,1.2134,0,0.6067,1.2134,1.2134,0,0,0.6067,0,1.2134,1.2134,0,0,0,0,0.0001,0,0.0001,0,0,0.0001,0,0.0001,0.0001,0.0001,0,0,0.0001,0,0.0001,0.0001,0,0,0,0,0.1917,0.2016,0.1917,0.2016,1
1.2978,0.6489,0,0,0,1.2978,0,0,0.6489,1.2978,0,0.6489,0,0,1.2978,0,0,0,0,0.6489,0.0002,0.0001,0,0,0,0.0002,0,0,0.0001,0.0002,0,0.0001,0,0,0.0002,0,0,0,0,0.0001,0.1811,0.17,0.1811,0.17,1
3.2393,0,0,0,0,0,0,0,1.6196,3.2393,0,0.8098,0.8098,0,1.6196,0,0,3.2393,0,0,0.0004,0,0,0,0,0,0,0,0.0002,0.0004,0,0.0001,0.0001,0,0.0002,0,0,0.0004,0,0,0.0791,0.111,0.0791,0.111,1
0,0,0.8437,2.5312,0,0,0,2.5312,2.5312,0.4219,0,0.4219,0,1.2656,0,0.4219,0.4219,0,0.8437,0.4219,0,0,0.0001,0.0002,0,0,0,0.0002,0.0002,0,0,0,0,0.0001,0,0,0,0,0.0001,0,0.2579,0.3202,0.2579,0.3202,1
0,0,0,0,0,0,0,0,0.6982,0.6982,0,0,0,0,2.7929,0,0,0,2.7929,0,0,0,0,0,0,0,0,0,0.0002,0.0002,0,0,0,0,0.0008,0,0,0,0.0008,0,0.293,0.0088,0.293,0.0088,1
1.0788,0.5394,0,0.5394,1.6181,2.1575,0.5394,1.0788,0.5394,1.6181,0,1.0788,1.0788,0,0,2.1575,0,1.0788,0,1.0788,0.0001,0,0,0,0.0001,0.0001,0,0.0001,0,0.0001,0,0.0001,0.0001,0,0,0.0001,0,0.0001,0,0.0001,0.2321,0.2285,0.2321,0.2285,1
3.5603,0,0.5934,0,1.1868,0,0,1.7802,1.1868,0.5934,0,0.5934,0,0,0.5934,1.1868,0.5934,1.7802,0,0,0.0003,0,0.0001,0,0.0001,0,0,0.0002,0.0001,0.0001,0,0.0001,0,0,0.0001,0.0001,0.0001,0.0002,0,0,0.1791,0.2275,0.1791,0.2275,1
0.5086,0,0.5086,0.5086,0.5086,0,0,0.5086,2.0344,2.0344,0,0.5086,0,0.5086,1.5258,0.5086,0,0.5086,0,0,0.0001,0,0.0001,0.0001,0.0001,0,0,0.0001,0.0002,0.0002,0,0.0001,0,0.0001,0.0002,0.0001,0,0.0001,0,0,0.2307,0.2607,0.2307,0.2607,1
0,1.905,0.635,0.635,0,1.905,1.27,0,0,0,0,0,1.27,0,0,0.635,1.27,1.27,1.27,0.635,0,0.0001,0,0,0,0.0001,0.0001,0,0,0,0,0,0.0001,0,0,0,0.0001,0.0001,0.0001,0,0.1772,0.1878,0.1772,0.1878,1
0,0,0,0,0.8921,0,0,1.7842,0,2.6763,0,0.8921,0,0,0,0.8921,0,0.8921,0.8921,0,0,0,0,0,0.0001,0,0,0.0003,0,0.0004,0,0.0001,0,0,0,0.0001,0,0.0001,0.0001,0,0.0571,0.0508,0.0571,0.0508,1
2.243,0.5607,1.6822,0,0,0,0.5607,0.5607,1.1215,0.5607,0,0.5607,0,0,0,0,0.5607,1.1215,1.1215,0.5607,0.0001,0,0.0001,0,0,0,0,0,0.0001,0,0,0,0,0,0,0,0,0.0001,0.0001,0,0.21,0.2293,0.21,0.2293,1
1.1543,3.4628,0,0.5771,0,1.7314,0,1.1543,1.1543,1.1543,0,1.1543,1.1543,0,0.5771,1.7314,0,1.1543,0.5771,0.5771,0,0.0001,0,0,0,0.0001,0,0,0,0,0,0,0,0,0,0.0001,0,0,0,0,0.2354,0.1874,0.2354,0.1874,1
0.4973,3.4812,0,0.4973,0,0.9946,0,0.4973,0,0.4973,1.4919,0.9946,0.4973,0,1.9893,0.9946,0.4973,0.9946,0.9946,0,0,0.0001,0,0,0,0,0,0,0,0,0.0001,0,0,0,0.0001,0,0,0,0,0,0.2885,0.2142,0.2885,0.2142,1
0.5454,0,0,0,2.1815,0.5454,0,0,3.2723,0.5454,0,0,0,0,1.6361,0,0,0,0,0,0.0001,0,0,0,0.0003,0.0001,0,0,0.0005,0.0001,0,0,0,0,0.0003,0,0,0,0,0,0.2463,0.2084,0.2463,0.2084,1
0,0,0,0,0,0.6954,0,1.3908,0.6954,0.6954,0,0.6954,0,0,2.0863,0.6954,0,0,0,0,0,0,0,0,0,0.0002,0,0.0003,0.0002,0.0002,0,0.0002,0,0,0.0005,0.0002,0,0,0,0,0.1974,0.1072,0.1974,0.1072,1
0.8849,0,0,0,0,0.8849,0,0.8849,0,6.1942,0,0,0,0,0,0.8849,0,0.8849,2.6546,0,0.0001,0,0,0,0,0.0001,0,0.0001,0,0.0009,0,0,0,0,0,0.0001,0,0.0001,0.0004,0,0.0669,0.0482,0.0669,0.0482,1
0.5762,0,0.5762,0,1.1523,0,0.5762,1.1523,0.5762,0,1.1523,1.7285,1.7285,0,1.1523,0,0.5762,1.7285,0,0,0.0001,0,0.0001,0,0.0001,0,0.0001,0.0001,0.0001,0,0.0001,0.0002,0.0002,0,0.0001,0,0.0001,0.0002,0,0,0.2515,0.1723,0.2515,0.1723,1
0,0,0.4424,2.6544,0,0,0,1.3272,2.6544,0.4424,0.4424,0,0,0.4424,0,0.4424,0.8848,0,0.8848,0.4424,0,0,0,0.0002,0,0,0,0.0001,0.0002,0,0,0,0,0,0,0,0.0001,0,0.0001,0,0.2429,0.3147,0.2429,0.3147,1
0,1.1002,1.1002,0.5501,1.1002,1.6503,0.5501,0.5501,0,0,1.6503,0,0,1.1002,2.2004,0.5501,0.5501,1.1002,0,0,0,0.0001,0.0001,0,0.0001,0.0001,0,0,0,0,0.0001,0,0,0.0001,0.0001,0,0,0.0001,0,0,0.2211,0.2288,0.2211,0.2288,1
0.55,0.55,0.55,0.55,0,1.1,0.55,0.55,1.1,0.55,0,0.55,0.55,0.55,0.55,0,0,1.65,1.1,0,0,0,0,0,0,0.0001,0,0,0.0001,0,0,0,0,0,0,0,0,0.0001,0.0001,0,0.2275,0.2225,0.2275,0.2225,1
1.854,0,0.4635,0,1.3905,2.3176,0.927,0.4635,0.4635,2.3176,0,0.4635,0,0,0.4635,0.927,0.4635,0.4635,0.4635,0,0.0001,0,0,0,0.0001,0.0001,0.0001,0,0,0.0001,0,0,0,0,0,0.0001,0,0,0,0,0.2717,0.2648,0.2717,0.2648,1
1.2731,0.6366,0.6366,0.6366,0,2.5463,0.6366,0,0,1.9097,0.6366,0.6366,0.6366,1.2731,0,1.2731,0.6366,0.6366,0,1.9097,0.0001,0,0,0,0,0.0002,0,0,0,0.0001,0,0,0,0.0001,0,0.0001,0,0,0,0.0001,0.1927,0.1708,0.1927,0.1708,1
2.1019,0,0,0,0,1.4013,1.4013,0.7006,0.7006,0.7006,0,0.7006,0,0,0,3.5032,0,0,0,0,0.0003,0,0,0,0,0.0002,0.0002,0.0001,0.0001,0.0001,0,0.0001,0,0,0,0.0004,0,0,0,0,0.1412,0.1581,0.1412,0.1581,1
0,1.7732,1.1821,0,0,1.1821,0,1.1821,0.5911,0.5911,0,0.5911,1.1821,0,0.5911,0,0.5911,0.5911,1.7732,0,0,0.0001,0.0001,0,0,0.0001,0,0.0001,0,0,0,0,0.0001,0,0,0,0,0,0.0001,0,0.2276,0.1814,0.2276,0.1814,1
0,0.6322,0.6322,0.6322,0.6322,1.8965,0,0.6322,0,2.5287,1.8965,0,0,0,1.8965,0.6322,0.6322,1.2644,0,0,0,0,0,0,0,0.0001,0,0,0,0.0002,0.0001,0,0,0,0.0001,0,0,0.0001,0,0,0.1591,0.2087,0.1591,0.2087,1
0.5686,0,1.7057,0,0,2.2743,1.1371,0.5686,0,0,0.5686,0,0.5686,0.5686,1.1371,0.5686,0,1.7057,0,0.5686,0.0001,0,0.0002,0,0,0.0002,0.0001,0.0001,0,0,0.0001,0,0.0001,0.0001,0.0001,0.0001,0,0.0002,0,0.0001,0.2257,0.2058,0.2257,0.2058,1
0.5629,2.8144,1.1258,0.5629,1.1258,0.5629,0.5629,0,0.5629,0.5629,1.6886,0,0.5629,0,0.5629,0,1.6886,1.1258,0.5629,0,0,0.0001,0.0001,0,0.0001,0,0,0,0,0,0.0001,0,0,0,0,0,0.0001,0.0001,0,0,0.2494,0.1877,0.2494,0.1877,1
1.0896,0.5448,0,0,0.5448,0.5448,0,0,1.6344,0,0.5448,1.0896,2.1791,0.5448,2.1791,0,0.5448,0,0,0.5448,0.0001,0.0001,0,0,0.0001,0.0001,0,0,0.0002,0,0.0001,0.0001,0.0002,0.0001,0.0002,0,0.0001,0,0,0.0001,0.1994,0.2558,0.1994,0.2558,1
1.072,0.536,0.536,0,0.536,1.6081,0.536,0.536,0.536,0,2.6801,0,0,0.536,1.6081,1.6081,1.6081,0.536,0,0,0.0001,0,0,0,0,0.0001,0,0,0,0,0.0002,0,0,0,0.0001,0.0001,0.0001,0,0,0,0.213,0.251,0.213,0.251,1
0,0.4935,0.4935,0.4935,0.9871,0.4935,0,0.4935,1.4806,1.4806,0,0,0,0,1.4806,0,0.4935,0.9871,0.4935,0,0,0,0,0,0.0001,0,0,0,0.0001,0.0001,0,0,0,0,0.0001,0,0,0.0001,0,0,0.2465,0.26,0.2465,0.26,1
1.391,0.6955,0.6955,0,0.6955,1.391,0,0.6955,0,1.391,0,0.6955,2.0865,0.6955,0,0,1.391,0.6955,1.391,0.6955,0.0001,0,0,0,0,0.0001,0,0,0,0.0001,0,0,0.0001,0,0,0,0.0001,0,0.0001,0,0.1596,0.1449,0.1596,0.1449,1
1.2738,0,0,0,0.6369,0.6369,0,0,0.6369,0,1.9107,0,0.6369,0,1.2738,0,0.6369,1.2738,1.2738,0.6369,0.0002,0,0,0,0.0001,0.0001,0,0,0.0001,0,0.0003,0,0.0001,0,0.0002,0,0.0001,0.0002,0.0002,0.0001,0.1759,0.1873,0.1759,0.1873,1
0.4278,0,0.8557,2.567,0,0,0.4278,1.2835,3.4227,0.8557,0.4278,0.4278,0,0,0,0,0.8557,0.4278,0,0,0,0,0.0001,0.0002,0,0,0,0.0001,0.0003,0.0001,0,0,0,0,0,0,0.0001,0,0,0,0.2461,0.3261,0.2461,0.3261,1
2.9473,0,0,0,0.7368,5.8947,0,0,0,4.421,0,0,0,0,0,0.7368,0,0.7368,0,0,0.0002,0,0,0,0,0.0004,0,0,0,0.0003,0,0,0,0,0,0,0,0,0,0,0.1081,0.1551,0.1081,0.1551,1
0,0.5377,0,1.0753,0,0,0.5377,0.5377,1.0753,0,1.0753,1.0753,0.5377,0.5377,0,0,2.6883,1.613,0.5377,1.613,0,0,0,0.0001,0,0,0,0,0.0001,0,0.0001,0.0001,0,0,0,0,0.0002,0.0001,0,0.0001,0.2214,0.2409,0.2214,0.2409,1
0.6501,0,0,1.3001,2.6003,0,0,1.3001,0.6501,0.6501,0.6501,0.6501,2.6003,0,0,0.6501,0,1.3001,0,0,0.0001,0,0,0.0001,0.0002,0,0,0.0001,0.0001,0.0001,0.0001,0.0001,0.0002,0,0,0.0001,0,0.0001,0,0,0.1855,0.1644,0.1855,0.1644,1
0,0.5201,0,0.5201,0.5201,1.0403,0,1.0403,1.5604,1.0403,0.5201,0,0.5201,0,4.6812,1.0403,0.5201,0.5201,0,0.5201,0,0,0,0,0,0.0001,0,0.0001,0.0001,0.0001,0,0,0,0,0.0003,0.0001,0,0,0,0,0.2025,0.2774,0.2025,0.2774,1
1.1258,1.1258,0.5629,1.6886,0,0,0.5629,0.5629,0,2.8144,0.5629,0,0,0.5629,3.3773,0.5629,0,0,0,0.5629,0.0001,0.0001,0,0.0001,0,0,0,0,0,0.0002,0,0,0,0,0.0003,0,0,0,0,0,0.2409,0.1962,0.2409,0.1962,1
2.269,0,0.5672,0.5672,0.5672,0.5672,0,1.1345,0,0,1.1345,0.5672,1.1345,1.1345,1.1345,0,0,1.7017,0.5672,1.1345,0.0002,0,0,0,0,0,0,0.0001,0,0,0.0001,0,0.0001,0.0001,0.0001,0,0,0.0001,0,0.0001,0.1808,0.252,0.1808,0.252,1
1.0943,0,0.5471,0,0,1.6414,0.5471,0,0.5471,1.0943,0.5471,0.5471,0.5471,0,1.6414,0.5471,0,0,0,0,0.0001,0,0.0001,0,0,0.0002,0.0001,0,0.0001,0.0001,0.0001,0.0001,0.0001,0,0.0002,0.0001,0,0,0,0,0.248,0.2049,0.248,0.2049,1
1.5141,0.757,0.757,0,0,3.7851,0,2.2711,0,1.5141,0.757,0.757,0,0,0,1.5141,1.5141,1.5141,0,0,0.0001,0.0001,0.0001,0,0,0.0003,0,0.0002,0,0.0001,0.0001,0.0001,0,0,0,0.0001,0.0001,0.0001,0,0,0.1132,0.1297,0.1132,0.1297,1
1.2844,1.9266,1.2844,0,1.2844,0.6422,0,1.2844,0.6422,0,0,0,1.2844,0.6422,0,0.6422,2.5688,1.9266,0,0.6422,0.0001,0.0001,0.0001,0,0.0001,0,0,0.0001,0,0,0,0,0.0001,0,0,0,0.0001,0.0001,0,0,0.2244,0.1334,0.2244,0.1334,1
2.1135,0,2.8179,0.7045,0,0,0,0.7045,0,1.409,0,0,0,0,0,0,0.7045,2.1135,0,0,0.0002,0,0.0003,0.0001,0,0,0,0.0001,0,0.0001,0,0,0,0,0,0,0.0001,0.0002,0,0,0.1669,0.1286,0.1669,0.1286,1
0,0,1.0655,2.6638,0.5328,0,0.5328,0.5328,2.131,0,0,0.5328,0,0,0.5328,0,0,0,1.5983,0.5328,0,0,0.0001,0.0002,0,0,0,0,0.0002,0,0,0,0,0,0,0,0,0,0.0001,0,0.2378,0.2294,0.2378,0.2294,1
3.9581,0,0,0,0.7916,0.7916,0,0,1.5833,1.5833,0,0,2.3749,0,1.5833,0,0,3.1665,0,0,0.0005,0,0,0,0.0001,0.0001,0,0,0.0002,0.0002,0,0,0.0003,0,0.0002,0,0,0.0004,0,0,0.0865,0.1219,0.0865,0.1219,1
1.8881,0.6294,1.8881,0.6294,0.6294,0,0,1.2587,0,1.2587,0,0.6294,0.6294,0,0,2.5174,0,0,0,0,0.0001,0,0.0001,0,0,0,0,0.0001,0,0.0001,0,0,0,0,0,0.0002,0,0,0,0,0.1948,0.1759,0.1948,0.1759,1
1.9949,1.33,0.665,0,0,1.9949,0.665,0,0,1.9949,0.665,0,0,0,2.6599,0.665,1.9949,2.6599,0,0.665,0.0001,0.0001,0,0,0,0.0001,0,0,0,0.0001,0,0,0,0,0.0001,0,0.0001,0.0001,0,0,0.1624,0.1726,0.1624,0.1726,1
0,0,1.4968,0.4989,0.4989,0.4989,0.4989,0.9979,0,0.4989,0.4989,0.4989,0.4989,1.9958,0.9979,0.4989,0.4989,2.4947,0.4989,0,0,0,0.0001,0,0,0,0,0.0001,0,0,0,0,0,0.0002,0.0001,0,0,0.0002,0,0,0.2297,0.2714,0.2297,0.2714,1
1.7256,1.1504,0,0.5752,1.1504,0.5752,0,0,0,0.5752,1.1504,1.1504,0.5752,1.1504,1.7256,0.5752,1.7256,0.5752,0,2.3008,0.0001,0.0001,0,0,0.0001,0,0,0,0,0,0.0001,0.0001,0,0.0001,0.0001,0,0.0001,0,0,0.0001,0.2047,0.2201,0.2047,0.2201,1
3.2173,0.8043,0,0,0,0,0,0,0.8043,3.2173,1.6087,0.8043,1.6087,0,0.8043,0,0.8043,2.413,0,0,0.0003,0.0001,0,0,0,0,0,0,0.0001,0.0003,0.0001,0.0001,0.0001,0,0.0001,0,0.0001,0.0002,0,0,0.0761,0.1196,0.0761,0.1196,1
3.8218,1.2739,0.637,0.637,0.637,0,1.2739,0,0,0.637,0.637,0,0,0,0.637,0,1.2739,0,0,0,0.0003,0.0001,0,0,0,0,0.0001,0,0,0,0,0,0,0,0,0,0.0001,0,0,0,0.1693,0.1937,0.1693,0.1937,1
1.3919,0.6959,0,1.3919,0,2.7838,0,0.6959,0,3.4797,0,0.6959,0,0,0,1.3919,0,0,0,0,0.0001,0,0,0.0001,0,0.0002,0,0,0,0.0002,0,0,0,0,0,0.0001,0,0,0,0,0.1489,0.1552,0.1489,0.1552,1
0.5615,3.3689,0,0.5615,0,1.6845,0,1.123,1.123,0.5615,0,0.5615,1.123,0,0.5615,2.246,0.5615,1.6845,0.5615,0.5615,0,0.0001,0,0,0,0.0001,0,0,0,0,0,0,0,0,0,0.0001,0,0.0001,0,0,0.2327,0.2058,0.2327,0.2058,1
1.1916,0,0,0,0,0.5958,0,1.1916,0.5958,0.5958,1.1916,0.5958,1.1916,0.5958,1.7874,0,0.5958,1.1916,0,0.5958,0.0002,0,0,0,0,0.0001,0,0.0002,0.0001,0.0001,0.0002,0.0001,0.0002,0.0001,0.0002,0,0.0001,0.0002,0,0.0001,0.2288,0.1754,0.2288,0.1754,1
0.5932,3.5591,0.5932,0.5932,0,2.9659,0,0,0.5932,0.5932,0.5932,1.1864,1.7795,0,0.5932,0,2.3727,0.5932,0.5932,0,0,0.0001,0,0,0,0.0001,0,0,0,0,0,0,0.0001,0,0,0,0.0001,0,0,0,0.1877,0.2191,0.1877,0.2191,1
2.3337,0,0,0,0.7779,1.5558,0.7779,0,0,1.5558,0.7779,0,2.3337,0,0,0,1.5558,3.8896,0,0,0.0003,0,0,0,0.0001,0.0002,0.0001,0,0,0.0002,0.0001,0,0.0003,0,0,0,0.0002,0.0005,0,0,0.1193,0.1028,0.1193,0.1028,1
0.8509,0,0,0,0.8509,0,0,0,3.4038,2.5528,0,0,0.8509,0,0,0,0.8509,1.7019,0,0,0.0002,0,0,0,0.0002,0,0,0,0.0008,0.0006,0,0,0.0002,0,0,0,0.0002,0.0004,0,0,0.0573,0.0917,0.0573,0.0917,1
1.0772,0,0.5386,0,0,0.5386,0.5386,1.0772,0.5386,1.0772,1.0772,2.1544,1.0772,0,1.0772,0.5386,2.1544,0,0,1.6158,0.0001,0,0,0,0,0,0,0.0001,0,0.0001,0.0001,0.0002,0.0001,0,0.0001,0,0.0002,0,0,0.0001,0.2339,0.2275,0.2339,0.2275,1
1.2383,0,0.6191,0,1.8574,1.2383,0,1.2383,0.6191,0,0.6191,1.2383,0.6191,0,1.8574,0,0,0,0,0,0.0002,0,0.0001,0,0.0002,0.0002,0,0.0002,0.0001,0,0.0001,0.0002,0.0001,0,0.0002,0,0,0,0,0,0.2021,0.1788,0.2021,0.1788,1
1.5789,0,0,0,0,0,0.7895,0,3.1578,0.7895,0,0,0,0,0,0,0.7895,3.1578,0,0,0.0005,0,0,0,0,0,0.0002,0,0.001,0.0002,0,0,0,0,0,0,0.0002,0.001,0,0,0.0864,0.1242,0.0864,0.1242,1
0.565,0,1.6951,0,0,1.1301,0,1.1301,1.1301,1.6951,0,0,0,0,1.1301,1.6951,0,1.1301,0,0,0,0,0.0001,0,0,0.0001,0,0.0001,0.0001,0.0001,0,0,0,0,0.0001,0.0001,0,0.0001,0,0,0.2054,0.2296,0.2054,0.2296,1
0.6796,0.6796,0,1.3592,1.3592,0,0,1.3592,0,1.3592,1.3592,1.3592,1.3592,0.6796,0,2.0389,1.3592,0,0.6796,0,0,0,0,0.0001,0.0001,0,0,0.0001,0,0.0001,0.0001,0.0001,0.0001,0,0,0.0001,0.0001,0,0,0,0.1564,0.164,0.1564,0.164,1
1.8381,0,1.2254,0,0,1.2254,0,0.6127,0.6127,4.2888,0,0,0.6127,0.6127,0,0.6127,0,0.6127,0,0,0.0001,0,0.0001,0,0,0.0001,0,0,0,0.0003,0,0,0,0,0,0,0,0,0,0,0.1732,0.2141,0.1732,0.2141,1
2.3518,1.7639,0,0,0.588,1.7639,0.588,0.588,0.588,1.7639,2.3518,1.1759,0.588,0,0.588,0.588,1.7639,0,0,0.588,0.0001,0.0001,0,0,0,0.0001,0,0,0,0.0001,0.0001,0.0001,0,0,0,0,0.0001,0,0,0,0.1616,0.2504,0.1616,0.2504,1
0.9965,0.4983,0.4983,0.9965,0.4983,0,0,0,0.4983,0.9965,0,0.4983,0,0.9965,1.4948,0.9965,0.4983,0,0,0.4983,0.0001,0,0,0.0001,0,0,0,0,0,0.0001,0,0,0,0.0001,0.0001,0.0001,0,0,0,0,0.2487,0.2531,0.2487,0.2531,1
0.4981,0.9963,0,0,0.4981,0.4981,0.4981,0,3.487,0.4981,0.4981,0,0,0,0.9963,0.4981,0.4981,0.4981,0.4981,0,0,0.0001,0,0,0,0,0,0,0.0003,0,0,0,0,0,0.0001,0,0,0,0,0,0.2349,0.2669,0.2349,0.2669,1
0.8661,0,0,0,0,0,0,0,3.4642,2.5982,2.5982,0,0.8661,0,0,0,0,0.8661,0,0,0.0002,0,0,0,0,0,0,0,0.001,0.0007,0.0007,0,0.0002,0,0,0,0,0.0002,0,0,0.0514,0.0826,0.0514,0.0826,1
0.869,0,0.4345,3.9105,0,0,0,0.869,2.607,1.3035,0,1.3035,0,1.3035,0,0,0,0,0,0.4345,0.0001,0,0,0.0004,0,0,0,0.0001,0.0003,0.0001,0,0.0001,0,0.0001,0,0,0,0,0,0,0.2795,0.286,0.2795,0.286,1
1.5106,0,0,0,1.5106,1.0071,0.5035,0,2.0141,1.5106,1.0071,0.5035,0,0,2.0141,0.5035,0,1.0071,0,0.5035,0.0002,0,0,0,0.0002,0.0001,0.0001,0,0.0002,0.0002,0.0001,0.0001,0,0,0.0002,0.0001,0,0.0001,0,0.0001,0.2189,0.2776,0.2189,0.2776,1
0.6831,0,0.6831,0,0.6831,0,0,0.6831,1.3662,1.3662,0.6831,0.6831,1.3662,0.6831,0,0.6831,2.0493,2.0493,0,0,0.0001,0,0.0001,0,0.0001,0,0,0.0001,0.0001,0.0001,0.0001,0.0001,0.0001,0.0001,0,0.0001,0.0002,0.0002,0,0,0.1868,0.1301,0.1868,0.1301,1
0.8587,0,0,0,3.4348,0,0,0,3.4348,0,0,0,0,0,0,0,0,2.5761,0,0.8587,0.0003,0,0,0,0.0012,0,0,0,0.0012,0,0,0,0,0,0,0,0,0.0009,0,0.0003,0.0513,0.09,0.0513,0.09,1
1.0263,0,0,0,1.0263,0,1.5395,1.0263,1.0263,0,1.5395,0.5132,1.5395,0,4.6184,0,0.5132,0,0,0,0.0001,0,0,0,0.0001,0,0.0002,0.0001,0.0001,0,0.0002,0.0001,0.0002,0,0.0006,0,0.0001,0,0,0,0.2243,0.2626,0.2243,0.2626,1
0,0,0,1.4642,1.4642,0.4881,0,0,1.4642,1.9523,0,0.4881,0,0.4881,1.4642,0.4881,0.4881,0.4881,0,0,0,0,0,0.0001,0.0001,0,0,0,0.0001,0.0002,0,0,0,0,0.0001,0,0,0,0,0,0.2352,0.2767,0.2352,0.2767,1
0.5095,0.5095,0.5095,0,1.0189,1.0189,0,0.5095,1.0189,1.5284,0,0.5095,0.5095,0,2.0379,0,0.5095,0.5095,0,0,0,0,0,0,0.0001,0.0001,0,0,0.0001,0.0001,0,0,0,0,0.0002,0,0,0,0,0,0.2404,0.2502,0.2404,0.2502,1
0.5322,0.5322,1.5967,0,0.5322,1.0644,0.5322,2.1289,0,0,1.0644,0.5322,1.0644,0,0.5322,0.5322,0,1.5967,0,2.1289,0,0,0.0001,0,0,0.0001,0,0.0001,0,0,0.0001,0,0.0001,0,0,0,0,0.0001,0,0.0001,0.2671,0.2007,0.2671,0.2007,1
1.0699,0.5349,0,1.0699,0,3.7445,0,0.5349,0,2.6747,0.5349,1.0699,0,0,1.0699,0,2.1397,1.6048,0,0,0.0001,0,0,0.0001,0,0.0002,0,0,0,0.0002,0,0.0001,0,0,0.0001,0,0.0001,0.0001,0,0,0.2162,0.2488,0.2162,0.2488,1
0,0,0.5259,2.6296,0,0,0,1.5777,2.1037,0.5259,0,0,0,0.5259,0,0,0.5259,0.5259,0.5259,1.0518,0,0,0.0001,0.0003,0,0,0,0.0002,0.0002,0.0001,0,0,0,0.0001,0,0,0.0001,0.0001,0.0001,0.0001,0.2203,0.2538,0.2203,0.2538,1
0,2.736,0,0,0,1.0944,0,0.5472,0,0.5472,0,0,0,0,3.2832,0,0.5472,0.5472,0,0.5472,0,0.0002,0,0,0,0.0001,0,0,0,0,0,0,0,0,0.0002,0,0,0,0,0,0.2061,0.2467,0.2061,0.2467,1
0.5009,0.5009,1.0018,0.5009,0.5009,2.0037,0,2.0037,1.0018,1.5027,0,1.0018,0.5009,0,0.5009,0.5009,0.5009,1.5027,0.5009,0.5009,0,0,0.0001,0,0,0.0001,0,0.0001,0.0001,0.0001,0,0.0001,0,0,0,0,0,0.0001,0,0,0.2528,0.2463,0.2528,0.2463,1
3.1751,0,0,0,0.7938,0.7938,0,0,0,2.3813,0,0,0,0,0.7938,0,0.7938,0,0.7938,0,0.0005,0,0,0,0.0001,0.0001,0,0,0,0.0003,0,0,0,0,0.0001,0,0.0001,0,0.0001,0,0.1056,0.1006,0.1056,0.1006,1
0,0.5403,0,0,1.0806,0,0,0,1.6209,1.6209,0.5403,1.6209,0.5403,0,1.0806,1.0806,0.5403,0.5403,1.0806,0.5403,0,0,0,0,0.0001,0,0,0,0.0001,0.0001,0,0.0001,0,0,0.0001,0.0001,0,0,0.0001,0,0.2435,0.2162,0.2435,0.2162,1
0,0,0,3.7021,0,0,0,0,0,3.0851,0,0.617,0,0.617,0.617,0,0,0.617,0,0,0,0,0,0.0004,0,0,0,0,0,0.0004,0,0.0001,0,0.0001,0.0001,0,0,0.0001,0,0,0.1676,0.2154,0.1676,0.2154,1
0,4.9166,1.4047,0,0.7024,1.4047,0,0.7024,0,0.7024,0.7024,0,0.7024,0,0.7024,0.7024,3.5119,2.1071,0,0,0,0.0002,0.0001,0,0,0.0001,0,0,0,0,0,0,0,0,0,0,0.0001,0.0001,0,0,0.2009,0.0968,0.2009,0.0968,1
0,0.5361,1.6082,0.5361,0,0.5361,0,0,0.5361,1.0721,0.5361,0,0.5361,0.5361,1.6082,0,0.5361,0.5361,0,0.5361,0,0,0.0001,0,0,0,0,0,0,0.0001,0,0,0,0,0.0001,0,0,0,0,0,0.2714,0.1925,0.2714,0.1925,1
1.1547,1.1547,0.5773,0.5773,0.5773,0,1.1547,0,1.1547,2.3094,0,1.1547,1.732,0,1.1547,0,0.5773,0.5773,0,0,0.0001,0.0001,0,0,0,0,0.0001,0,0.0001,0.0002,0,0.0001,0.0001,0,0.0001,0,0,0,0,0,0.207,0.2157,0.207,0.2157,1
0,0,0,0.4893,0.9786,0.9786,1.468,0.4893,1.468,1.468,0.4893,0.4893,0,0,1.9573,0.4893,0.9786,1.468,0.4893,0,0,0,0,0,0.0001,0.0001,0.0001,0,0.0001,0.0001,0,0,0,0,0.0002,0,0.0001,0.0001,0,0,0.2422,0.2685,0.2422,0.2685,1
0,0,1.1956,0,0.5978,1.1956,0,0.5978,0.5978,1.7935,0,0,0,0,0,0.5978,0,0,1.1956,0,0,0,0.0001,0,0,0.0001,0,0,0,0.0001,0,0,0,0,0,0,0,0,0.0001,0,0.1844,0.2178,0.1844,0.2178,1
2.4974,0,0,0,0,0,0,0,1.665,4.1624,0,0,0.8325,0,1.665,0.8325,0,0.8325,0,0,0.0004,0,0,0,0,0,0,0,0.0002,0.0006,0,0,0.0001,0,0.0002,0.0001,0,0.0001,0,0,0.0619,0.1056,0.0619,0.1056,1
0.6058,0.6058,3.0288,0,0.6058,0.6058,0,0,0,1.2115,0,0,0.6058,0.6058,0,1.8173,0.6058,1.2115,0,0,0,0,0.0002,0,0,0,0,0,0,0.0001,0,0,0,0,0,0.0001,0,0.0001,0,0,0.2043,0.19,0.2043,0.19,1
3.3175,0,0.5529,0,0,0.5529,0.5529,0,1.6587,0,1.1058,0.5529,0.5529,0,3.8704,0,0.5529,0.5529,0,0,0.0004,0,0.0001,0,0,0.0001,0.0001,0,0.0002,0,0.0001,0.0001,0.0001,0,0.0005,0,0.0001,0.0001,0,0,0.2945,0.1526,0.2945,0.1526,1
0,4.3618,0,0.6231,0,3.1156,0,0,0.6231,0.6231,0,1.2462,2.4925,0,0.6231,0.6231,2.4925,1.2462,0.6231,0,0,0.0002,0,0,0,0.0001,0,0,0,0,0,0,0.0001,0,0,0,0.0001,0,0,0,0.1773,0.1996,0.1773,0.1996,1
0.5424,1.0848,1.6273,1.0848,0.5424,0.5424,0,0.5424,0,2.1697,2.1697,0.5424,0,0,1.6273,0.5424,0,0,0,0,0,0.0001,0.0001,0.0001,0,0,0,0,0,0.0001,0.0001,0,0,0,0.0001,0,0,0,0,0,0.2203,0.2373,0.2203,0.2373,1
1.2861,0,0.6431,0,0,1.9292,0,0.6431,0.6431,0.6431,0,0.6431,0,0,0.6431,0.6431,0.6431,0.6431,0,0.6431,0.0002,0,0.0001,0,0,0.0002,0,0.0001,0.0001,0.0001,0,0.0001,0,0,0.0001,0.0001,0.0001,0.0001,0,0.0001,0.1824,0.1745,0.1824,0.1745,1
0.7188,0,0,0.7188,0,1.4376,0,0,0.7188,0,0,0,0.7188,0,0.7188,0.7188,0,2.1564,0.7188,0.7188,0.0001,0,0,0.0001,0,0.0002,0,0,0.0001,0,0,0,0.0001,0,0.0001,0.0001,0,0.0004,0.0001,0.0001,0.1584,0.1228,0.1584,0.1228,1
1.3046,0.6523,0,0.6523,0.6523,2.6092,0,0.6523,0.6523,1.3046,0.6523,0,0.6523,0,0.6523,0.6523,1.3046,1.9569,0,0,0.0001,0,0,0,0,0.0002,0,0,0,0.0001,0,0,0,0,0,0,0.0001,0.0001,0,0,0.1654,0.1823,0.1654,0.1823,1
0.7671,0,0,0,0,0.7671,0.7671,2.3014,0,1.5343,1.5343,0.7671,0.7671,0,0,0.7671,1.5343,3.8357,0,0,0.0001,0,0,0,0,0.0001,0.0001,0.0002,0,0.0001,0.0001,0.0001,0.0001,0,0,0.0001,0.0001,0.0004,0,0,0.1108,0.1221,0.1108,0.1221,1
2.2713,0,0,0,1.5142,0,0,1.5142,1.5142,1.5142,0.7571,0.7571,1.5142,0,0,1.5142,0.7571,1.5142,0,0,0.0002,0,0,0,0.0002,0,0,0.0002,0.0002,0.0002,0.0001,0.0001,0.0002,0,0,0.0002,0.0001,0.0002,0,0,0.1035,0.1394,0.1035,0.1394,1
1.0969,0,0,0.5484,0.5484,1.0969,1.6453,0.5484,1.0969,2.7421,0,0,1.0969,0,0,0.5484,0,2.7421,0,0,0.0001,0,0,0,0,0.0001,0.0001,0,0.0001,0.0002,0,0,0.0001,0,0,0,0,0.0002,0,0,0.1914,0.2602,0.1914,0.2602,1
0.895,0,0.895,0.895,0,0.895,0.4475,0.895,2.685,2.2375,0,0.895,0,0,0.4475,0.4475,0.895,0.895,0,0,0.0001,0,0.0001,0.0001,0,0.0001,0,0.0001,0.0002,0.0002,0,0.0001,0,0,0,0,0.0001,0.0001,0,0,0.2429,0.3096,0.2429,0.3096,1
1.9955,1.3303,0.6652,0,1.3303,0,0.6652,0,0,0,0.6652,0,1.3303,0,1.3303,0.6652,0,0,0.6652,0.6652,0.0001,0.0001,0,0,0.0001,0,0,0,0,0,0,0,0.0001,0,0.0001,0,0,0,0,0,0.1385,0.1964,0.1385,0.1964,1
1.6923,0,0,0,1.6923,0,0,0,3.3845,3.3845,0,0,0,0,0,0,0.8461,0,0,0,0.0004,0,0,0,0.0004,0,0,0,0.0008,0.0008,0,0,0,0,0,0,0.0002,0,0,0,0.0523,0.1016,0.0523,0.1016,1
0.5118,0.5118,1.0237,0.5118,0,1.0237,0,0.5118,1.5355,0,1.5355,0,0.5118,0,2.0474,0.5118,1.5355,1.0237,0,1.0237,0,0,0.0001,0,0,0.0001,0,0,0.0001,0,0.0001,0,0,0,0.0002,0,0.0001,0.0001,0,0.0001,0.2313,0.2568,0.2313,0.2568,1
0,0,0,0.697,0.697,0.697,0,0,0,2.091,0,0.697,2.788,0,0.697,0,0,0,0.697,0,0,0,0,0.0001,0.0001,0.0001,0,0,0,0.0002,0,0.0001,0.0003,0,0.0001,0,0,0,0.0001,0,0.1632,0.1398,0.1632,0.1398,1
0.5193,0.5193,0,0,0,1.0386,1.0386,0,0.5193,0,0,0,1.5578,0.5193,1.5578,1.0386,0.5193,0.5193,0,1.5578,0,0,0,0,0,0.0001,0.0001,0,0,0,0,0,0.0001,0,0.0001,0.0001,0,0,0,0.0001,0.2317,0.249,0.2317,0.249,1
1.6943,0,0,0,0.8471,0,0,0,3.3886,4.2357,0,0,0,0,0,0,0.8471,0.8471,0,0,0.0004,0,0,0,0.0002,0,0,0,0.0008,0.001,0,0,0,0,0,0,0.0002,0.0002,0,0,0.0536,0.0993,0.0536,0.0993,1
0.9731,0.4866,0,0,0.4866,0.9731,0.4866,0.4866,0.9731,0.4866,0,0.4866,0,0,4.8657,1.9463,0.9731,0,0,0,0.0001,0,0,0,0,0.0001,0,0,0.0001,0,0,0,0,0,0.0004,0.0002,0.0001,0,0,0,0.3064,0.2071,0.3064,0.2071,1
0.9525,0.4762,0.9525,0,0,0.9525,1.4287,0.4762,1.905,0,1.4287,0.4762,0,0.4762,0.9525,0.9525,0.4762,1.4287,0,0,0.0001,0,0.0001,0,0,0.0001,0.0001,0,0.0002,0,0.0001,0,0,0,0.0001,0.0001,0,0.0001,0,0,0.239,0.2847,0.239,0.2847,1
1.2069,0,0.6034,0.6034,1.2069,1.2069,1.2069,0.6034,0,0.6034,0,0.6034,0,0,0,1.2069,2.4138,1.2069,0,0,0.0001,0,0.0001,0.0001,0.0001,0.0001,0.0001,0.0001,0,0.0001,0,0.0001,0,0,0,0.0001,0.0002,0.0001,0,0,0.1994,0.1972,0.1994,0.1972,1
0.4552,0.4552,0.9105,0.4552,0,0.4552,0.4552,1.3657,1.3657,0.9105,0,0,0.9105,0.4552,0.9105,0.4552,1.8209,1.3657,0.9105,0,0,0,0.0001,0,0,0,0,0.0001,0.0001,0.0001,0,0,0.0001,0,0.0001,0,0.0001,0.0001,0.0001,0,0.2564,0.2883,0.2564,0.2883,1
2.1805,0,1.4537,0.7268,0,0,0,0,0,1.4537,0,0.7268,0,0,0,0,0.7268,2.1805,0,0.7268,0.0003,0,0.0002,0.0001,0,0,0,0,0,0.0002,0,0.0001,0,0,0,0,0.0001,0.0003,0,0.0001,0.1772,0.096,0.1772,0.096,1
2.0874,0,0,0,0.5218,0,0,2.6092,3.131,1.0437,1.0437,0.5218,0,0.5218,0,0,0,0.5218,0,0,0.0002,0,0,0,0.0001,0,0,0.0003,0.0003,0.0001,0.0001,0.0001,0,0.0001,0,0,0,0.0001,0,0,0.2004,0.2777,0.2004,0.2777,1
2.8562,0.714,0,0,1.4281,1.4281,0,0.714,0,1.4281,0,1.4281,0.714,0,0.714,0.714,1.4281,0.714,0,0,0.0002,0.0001,0,0,0.0001,0.0001,0,0.0001,0,0.0001,0,0.0001,0.0001,0,0.0001,0.0001,0.0001,0.0001,0,0,0.1356,0.1504,0.1356,0.1504,1
1.277,1.277,0.6385,0.6385,1.9155,2.5541,0,0.6385,0,1.277,0.6385,0,0.6385,0,0,0,0.6385,0,0.6385,1.277,0.0001,0.0001,0,0,0.0001,0.0001,0,0,0,0.0001,0,0,0,0,0,0,0,0,0,0.0001,0.1741,0.1874,0.1741,0.1874,1
0.6267,0.6267,1.88,0.6267,0.6267,0,0,1.2533,0,1.2533,0,0.6267,0.6267,0,0,1.88,0.6267,0.6267,0,0.6267,0,0,0.0001,0,0,0,0,0.0001,0,0.0001,0,0,0,0,0,0.0001,0,0,0,0,0.1937,0.1796,0.1937,0.1796,1
0.6058,0.6058,0.6058,0,0.6058,0.6058,1.8174,0,0,1.8174,0.6058,0.6058,0,0,0.6058,1.2116,1.8174,0,0,0,0.0001,0.0001,0.0001,0,0.0001,0.0001,0.0002,0,0,0.0002,0.0001,0.0001,0,0,0.0001,0.0001,0.0002,0,0,0,0.1819,0.2123,0.1819,0.2123,1
0.4901,0.4901,0,0,1.4703,0,0,0,1.9604,0,0.9802,0,0.4901,0.9802,2.9406,0,1.4703,0.4901,0.4901,0.9802,0.0001,0.0001,0,0,0.0002,0,0,0,0.0002,0,0.0001,0,0.0001,0.0001,0.0003,0,0.0002,0.0001,0.0001,0.0001,0.1882,0.3217,0.1882,0.3217,1
0.5408,0,0,0,0.5408,1.0816,0,0,1.6225,0,0.5408,0,1.6225,0.5408,2.1633,0.5408,0,0,0,0,0.0001,0,0,0,0.0001,0.0002,0,0,0.0002,0,0.0001,0,0.0002,0.0001,0.0003,0.0001,0,0,0,0,0.275,0.1841,0.275,0.1841,1
0,0,0,0,0,3.2865,2.6292,0,0,0,0,0,0,0.6573,0,0.6573,0,1.3146,0,0,0,0,0,0,0,0.0006,0.0004,0,0,0,0,0,0,0.0001,0,0.0001,0,0.0002,0,0,0.1832,0.1595,0.1832,0.1595,1
0,0,0.676,0,1.352,2.028,0.676,0,0,0.676,0,1.352,1.352,0,1.352,0,0.676,0.676,0,0,0,0,0.0001,0,0.0002,0.0003,0.0001,0,0,0.0001,0,0.0002,0.0002,0,0.0002,0,0.0001,0.0001,0,0,0.186,0.138,0.186,0.138,1
2.9953,0,0,0.7488,0,0,0,0,2.9953,0.7488,0.7488,0,0.7488,0,0,0.7488,0.7488,2.2465,0,0.7488,0.0005,0,0,0.0001,0,0,0,0,0.0005,0.0001,0.0001,0,0.0001,0,0,0.0001,0.0001,0.0004,0,0.0001,0.1051,0.1461,0.1051,0.1461,1
0,0,0,0.5481,0,0,0.5481,0,1.0963,1.6444,0.5481,0.5481,0.5481,0,2.7407,0.5481,0,1.0963,0,0.5481,0,0,0,0.0001,0,0,0.0001,0,0.0001,0.0002,0.0001,0.0001,0.0001,0,0.0004,0.0001,0,0.0001,0,0.0001,0.2792,0.1727,0.2792,0.1727,1
0,0.5265,0,0.5265,0.5265,1.0531,0.5265,1.0531,2.1061,1.0531,0.5265,0.5265,0,0,0.5265,1.0531,1.0531,2.1061,0,1.0531,0,0,0,0,0,0.0001,0,0.0001,0.0002,0.0001,0,0,0,0,0,0.0001,0.0001,0.0002,0,0.0001,0.2076,0.2659,0.2076,0.2659,1
0,0.4819,1.4456,2.8911,0,0,0.4819,1.4456,0.4819,1.4456,0,0.9637,0,0.9637,0.4819,0.9637,0.9637,0,0.9637,0.4819,0,0,0.0001,0.0002,0,0,0,0.0001,0,0.0001,0,0.0001,0,0.0001,0,0.0001,0.0001,0,0.0001,0,0.2292,0.289,0.2292,0.289,1
0,1.1815,0.5908,1.1815,0,0,0,0,0.5908,0.5908,0,1.1815,0,0,5.3169,0,0.5908,0,0.5908,0.5908,0,0.0001,0,0.0001,0,0,0,0,0,0,0,0.0001,0,0,0.0004,0,0,0,0,0,0.201,0.2082,0.201,0.2082,1
1.3693,0,0,0.6847,2.7387,0,0,2.7387,0.6847,0.6847,0.6847,1.3693,0.6847,0,0,0,0.6847,0.6847,0,0.6847,0.0002,0,0,0.0001,0.0003,0,0,0.0003,0.0001,0.0001,0.0001,0.0002,0.0001,0,0,0,0.0001,0.0001,0,0.0001,0.1641,0.1512,0.1641,0.1512,1
1.1797,1.1797,0,0.5898,0.5898,1.1797,0,0.5898,1.1797,0,0.5898,1.1797,0.5898,0,0,1.1797,2.3593,1.7695,0,1.7695,0.0001,0.0001,0,0,0,0.0001,0,0,0.0001,0,0,0.0001,0,0,0,0.0001,0.0002,0.0001,0,0.0001,0.2001,0.2101,0.2001,0.2101,1
0,0.6521,0,0,0,0.6521,0.6521,0.6521,0,1.3043,0,0.6521,1.9564,0,1.3043,0.6521,0.6521,0.6521,0.6521,1.3043,0,0.0001,0,0,0,0.0001,0.0001,0.0001,0,0.0001,0,0.0001,0.0002,0,0.0001,0.0001,0.0001,0.0001,0.0001,0.0001,0.1613,0.1866,0.1613,0.1866,1
1.3358,0,0.6679,0.6679,0.6679,0.6679,0,0.6679,0,2.0037,0,0.6679,0.6679,0.6679,0,0,0,0,0.6679,0,0.0001,0,0.0001,0.0001,0.0001,0.0001,0,0.0001,0,0.0002,0,0.0001,0.0001,0.0001,0,0,0,0,0.0001,0,0.1662,0.1659,0.1662,0.1659,1
0,0,0.7791,0,0.7791,0,0,0,0.7791,2.3372,0.7791,0.7791,0.7791,0,0,0,0.7791,1.5581,0,0,0,0,0.0001,0,0.0001,0,0,0,0.0001,0.0004,0.0001,0.0001,0.0001,0,0,0,0.0001,0.0003,0,0,0.1399,0.081,0.1399,0.081,1
1.0289,0,0.5144,1.0289,0,0.5144,0.5144,0,1.0289,1.5433,0,0,1.0289,0,1.0289,1.5433,1.5433,0.5144,0,1.0289,0.0001,0,0.0001,0.0001,0,0.0001,0.0001,0,0.0001,0.0002,0,0,0.0001,0,0.0001,0.0002,0.0002,0.0001,0,0.0001,0.1964,0.2891,0.1964,0.2891,1
0,0.6152,0,0,0.6152,0.6152,0,1.2304,0.6152,2.4607,0,0,0.6152,0,1.8455,0,0.6152,0.6152,0,0,0,0.0001,0,0,0.0001,0.0001,0,0.0001,0.0001,0.0003,0,0,0.0001,0,0.0002,0,0.0001,0.0001,0,0,0.1824,0.2024,0.1824,0.2024,1
2.6211,1.0484,0.5242,1.0484,0,1.0484,0,1.0484,1.5726,1.5726,0,0.5242,0.5242,0.5242,0,1.5726,0,1.0484,0,1.0484,0.0001,0.0001,0,0.0001,0,0.0001,0,0.0001,0.0001,0.0001,0,0,0,0,0,0.0001,0,0.0001,0,0.0001,0.2063,0.2695,0.2063,0.2695,1
0.5065,0,0,1.5196,0,0.5065,0,1.0131,2.5326,0,1.0131,0.5065,0,1.0131,1.0131,0,1.0131,1.0131,0,1.5196,0.0001,0,0,0.0002,0,0.0001,0,0.0001,0.0003,0,0.0001,0.0001,0,0.0001,0.0001,0,0.0001,0.0001,0,0.0002,0.2548,0.2386,0.2548,0.2386,1
1.3299,0,0,0.6649,0,0.6649,0.6649,0.6649,0,1.9948,0,0.6649,1.9948,0,0.6649,1.3299,1.3299,1.9948,0,0,0.0001,0,0,0.0001,0,0.0001,0.0001,0.0001,0,0.0002,0,0.0001,0.0002,0,0.0001,0.0001,0.0001,0.0002,0,0,0.1761,0.159,0.1761,0.159,1
0.5511,0,0.5511,0,0,0.5511,0.5511,0.5511,1.6533,0.5511,0.5511,0.5511,0.5511,0,1.6533,0.5511,1.6533,0.5511,0,0.5511,0.0001,0,0.0001,0,0,0.0001,0.0001,0.0001,0.0002,0.0001,0.0001,0.0001,0.0001,0,0.0002,0.0001,0.0002,0.0001,0,0.0001,0.212,0.2369,0.212,0.2369,1
1.4891,0,0,0,0,0,0,0,2.2337,1.4891,0,0,0,0,1.4891,0.7446,0,0,0,0,0.0003,0,0,0,0,0,0,0,0.0005,0.0003,0,0,0,0,0.0003,0.0002,0,0,0,0,0.1757,0.0798,0.1757,0.0798,1
3.5745,0,0,0.7149,0,0,0,0,1.4298,4.2894,0.7149,0,2.1447,0,1.4298,0.7149,0,0,0,0,0.0004,0,0,0.0001,0,0,0,0,0.0001,0.0004,0.0001,0,0.0002,0,0.0001,0.0001,0,0,0,0,0.1235,0.1616,0.1235,0.1616,1
0,0.5279,0,0.5279,2.1117,0,0.5279,0,0.5279,0,1.0558,0,0,0,2.1117,1.0558,0,1.0558,0,0,0,0.0001,0,0.0001,0.0002,0,0.0001,0,0.0001,0,0.0001,0,0,0,0.0002,0.0001,0,0.0001,0,0,0.2024,0.2697,0.2024,0.2697,1
1.5162,0.5054,0,0.5054,1.0108,0,0,0,1.0108,4.0433,0,0,0.5054,0.5054,1.0108,0,1.0108,2.0216,0,0.5054,0.0001,0,0,0,0.0001,0,0,0,0.0001,0.0003,0,0,0,0,0.0001,0,0.0001,0.0002,0,0,0.2489,0.2457,0.2489,0.2457,1
1.5029,0,0.7515,0,1.5029,1.5029,0,1.5029,0,3.0059,0.7515,0,0,0,0,0.7515,0.7515,1.5029,0,0,0.0001,0,0.0001,0,0.0001,0.0001,0,0.0001,0,0.0003,0.0001,0,0,0,0,0.0001,0.0001,0.0001,0,0,0.1167,0.1318,0.1167,0.1318,1
1.2432,0,1.2432,0,0,1.8648,0,0,1.2432,1.2432,0,0,0.6216,0.6216,0.6216,0.6216,0,1.2432,0,0,0.0001,0,0.0001,0,0,0.0002,0,0,0.0001,0.0001,0,0,0.0001,0.0001,0.0001,0.0001,0,0.0001,0,0,0.2089,0.1695,0.2089,0.1695,1
1.1119,0.5559,0,0,0,0.5559,0,0,1.1119,0.5559,0,1.1119,0,1.6678,2.2237,1.1119,0.5559,1.6678,0,0,0.0001,0.0001,0,0,0,0.0001,0,0,0.0001,0.0001,0,0.0001,0,0.0002,0.0002,0.0001,0.0001,0.0002,0,0,0.2602,0.1838,0.2602,0.1838,1
0,0,0,0,1.9509,0.4877,0,0.4877,3.4141,0.4877,0,0,0,0,1.9509,0.4877,0,0,0,0.4877,0,0,0,0,0.0003,0.0001,0,0.0001,0.0004,0.0001,0,0,0,0,0.0003,0.0001,0,0,0,0.0001,0.253,0.2593,0.253,0.2593,1
1.8306,0,0.6102,0,0,1.8306,0,0,0.6102,1.2204,0.6102,0,1.2204,0,1.2204,0.6102,0,0.6102,0,0,0.0002,0,0.0001,0,0,0.0002,0,0,0.0001,0.0001,0.0001,0,0.0001,0,0.0001,0.0001,0,0.0001,0,0,0.2109,0.1789,0.2109,0.1789,1
1.1239,0.5619,0.5619,0,1.1239,0,1.6858,0,0.5619,1.6858,1.1239,0,1.1239,0,1.1239,0,1.6858,0.5619,0,1.1239,0.0001,0.0001,0.0001,0,0.0001,0,0.0002,0,0.0001,0.0002,0.0001,0,0.0001,0,0.0001,0,0.0002,0.0001,0,0.0001,0.1872,0.2509,0.1872,0.2509,1
2.2022,0,0,0,1.4682,0.7341,0,0,0.7341,0,0,0.7341,0,0,0,0.7341,2.2022,0,0.7341,0,0.0003,0,0,0,0.0002,0.0001,0,0,0.0001,0,0,0.0001,0,0,0,0.0001,0.0003,0,0.0001,0,0.1318,0.1341,0.1318,0.1341,1
2.168,0,0,0,0,1.4453,0,0.7227,1.4453,0,1.4453,0,1.4453,0,0,0.7227,2.8906,0.7227,0,0.7227,0.0003,0,0,0,0,0.0002,0,0.0001,0.0002,0,0.0002,0,0.0002,0,0,0.0001,0.0004,0.0001,0,0.0001,0.1405,0.1369,0.1405,0.1369,1
0,0.4219,0,0,0.8437,0,0,0.8437,2.953,1.6875,0.8437,0,0,0,2.1093,0.8437,0,0,0.4219,0,0,0,0,0,0.0001,0,0,0.0001,0.0002,0.0001,0.0001,0,0,0,0.0002,0.0001,0,0,0,0,0.3045,0.2737,0.3045,0.2737,1
0.7412,1.4825,0,0,0.7412,0,0.7412,2.2237,0.7412,0,0.7412,0.7412,0.7412,0,0,0.7412,2.2237,1.4825,0,0,0,0.0001,0,0,0,0,0,0.0001,0,0,0,0,0,0,0,0,0.0001,0.0001,0,0,0.124,0.1347,0.124,0.1347,1
1.766,0,0.5887,0.5887,0,0.5887,0,1.1773,0.5887,0,0.5887,1.1773,0.5887,0,2.9434,1.1773,1.1773,1.1773,0,1.766,0.0002,0,0.0001,0.0001,0,0.0001,0,0.0001,0.0001,0,0.0001,0.0001,0.0001,0,0.0003,0.0001,0.0001,0.0001,0,0.0002,0.2093,0.202,0.2093,0.202,1
0,1.0929,1.0929,0,0.5465,0.5465,0,1.0929,1.0929,1.0929,1.0929,0,0.5465,0,1.0929,1.0929,1.0929,1.0929,1.0929,0,0,0.0001,0.0001,0,0,0,0,0.0001,0.0001,0.0001,0.0001,0,0,0,0.0001,0.0001,0.0001,0.0001,0.0001,0,0.2448,0.2087,0.2448,0.2087,1
1.4917,0,0,0,0,0.7458,0,0,0.7458,1.4917,0,0,2.2375,0,0.7458,1.4917,0,0,0,0,0.0002,0,0,0,0,0.0001,0,0,0.0001,0.0002,0,0,0.0003,0,0.0001,0.0002,0,0,0,0,0.1581,0.0961,0.1581,0.0961,1
0.9976,0,0,0,1.4965,0.4988,1.4965,0.4988,0.9976,0.4988,0.9976,0.9976,0,0,0.4988,0.4988,0,0.4988,0.4988,1.9953,0.0001,0,0,0,0.0001,0,0.0001,0,0.0001,0,0.0001,0.0001,0,0,0,0,0,0,0,0.0002,0.2195,0.2817,0.2195,0.2817,1
0.7113,0,0.7113,0,0.7113,0,0,0,0.7113,2.1339,0.7113,1.4226,1.4226,1.4226,0,0.7113,1.4226,2.1339,0,0,0.0001,0,0.0001,0,0.0001,0,0,0,0.0001,0.0002,0.0001,0.0002,0.0002,0.0002,0,0.0001,0.0002,0.0002,0,0,0.1649,0.1238,0.1649,0.1238,1
0,0,2.2031,0.8812,0.8812,0,0.4406,0,0.8812,0.4406,1.3219,0.8812,0.4406,0.4406,0.8812,0,0.8812,0.4406,0,0.4406,0,0,0.0002,0.0001,0.0001,0,0,0,0.0001,0,0.0001,0.0001,0,0,0.0001,0,0.0001,0,0,0,0.2477,0.3117,0.2477,0.3117,1
1.2271,1.2271,1.2271,0,0,0,1.2271,0,0.6135,0,0,0.6135,0.6135,0,0.6135,1.8406,1.2271,1.8406,0,0.6135,0.0001,0.0001,0.0001,0,0,0,0.0001,0,0.0001,0,0,0.0001,0.0001,0,0.0001,0.0002,0.0001,0.0002,0,0.0001,0.197,0.1895,0.197,0.1895,1
0.6267,0.6267,0.6267,0,0.6267,0,0.6267,0.6267,0.6267,1.2535,0,0,0.6267,1.2535,0,0,1.2535,1.2535,1.2535,1.2535,0,0,0,0,0,0,0,0,0,0.0001,0,0,0,0.0001,0,0,0.0001,0.0001,0.0001,0.0001,0.161,0.2122,0.161,0.2122,1
0.4315,0,0.4315,2.5891,0,0.4315,0,1.2945,2.5891,0.4315,0,0.863,0,0.4315,0,0.863,0.4315,0,1.2945,0.4315,0,0,0,0.0002,0,0,0,0.0001,0.0002,0,0,0.0001,0,0,0,0.0001,0,0,0.0001,0,0.2554,0.3131,0.2554,0.3131,1
2.1644,0,0.7215,0,0,0,0,0,2.1644,1.443,0,0,0,0,0.7215,0,0.7215,2.1644,0,0.7215,0.0003,0,0.0001,0,0,0,0,0,0.0003,0.0002,0,0,0,0,0.0001,0,0.0001,0.0003,0,0.0001,0.1582,0.1203,0.1582,0.1203,1
0.5681,1.1362,0.5681,0,0,0.5681,0,0.5681,1.7043,1.1362,0,0.5681,0,0.5681,1.1362,0,0,0.5681,0,0,0.0001,0.0001,0.0001,0,0,0.0001,0,0.0001,0.0002,0.0001,0,0.0001,0,0.0001,0.0001,0,0,0.0001,0,0,0.1797,0.2522,0.1797,0.2522,1
1.413,0.7065,0.7065,0,0,0.7065,0,0.7065,0.7065,1.413,0.7065,0.7065,0.7065,0,0,0.7065,0.7065,2.1195,0,0,0.0001,0.0001,0.0001,0,0,0.0001,0,0.0001,0.0001,0.0001,0.0001,0.0001,0.0001,0,0,0.0001,0.0001,0.0002,0,0,0.1535,0.14,0.1535,0.14,1
1.3661,1.3661,0.6831,0,0.6831,0,0,0.6831,0.6831,0.6831,0,1.3661,0.6831,0.6831,0,1.3661,0.6831,1.3661,0,0.6831,0.0001,0.0001,0,0,0,0,0,0,0,0,0,0.0001,0,0,0,0.0001,0,0.0001,0,0,0.1508,0.1662,0.1508,0.1662,1
0,3.1098,0.622,0,0.622,1.2439,0,0,2.4879,0.622,0,1.2439,0.622,0,2.4879,0.622,1.2439,1.8659,0,0,0,0.0001,0,0,0,0.0001,0,0,0.0001,0,0,0.0001,0,0,0.0001,0,0.0001,0.0001,0,0,0.1982,0.1798,0.1982,0.1798,1
4.0529,0,0,0,0,0,0,0,1.6212,3.2423,0,0.8106,0.8106,0,1.6212,0,0,1.6212,0,0,0.0006,0,0,0,0,0,0,0,0.0002,0.0005,0,0.0001,0.0001,0,0.0002,0,0,0.0002,0,0,0.0703,0.1192,0.0703,0.1192,1
0.6232,0.6232,0,0,0,0.6232,0,1.8696,1.2464,1.2464,0,0,0,0,1.2464,0,0,0,1.2464,0.6232,0.0001,0.0001,0,0,0,0.0001,0,0.0002,0.0001,0.0001,0,0,0,0,0.0001,0,0,0,0.0001,0.0001,0.1969,0.1799,0.1969,0.1799,1
0.5289,1.0578,0.5289,0,0,1.5866,0.5289,0,2.1155,1.0578,1.0578,0.5289,0.5289,0,0.5289,1.0578,0.5289,0.5289,0,0,0,0.0001,0,0,0,0.0001,0,0,0.0001,0.0001,0.0001,0,0,0,0,0.0001,0,0,0,0,0.2629,0.2082,0.2629,0.2082,1
1.6276,0.5425,0,0.5425,1.0851,0.5425,1.0851,0,0.5425,1.0851,0.5425,0.5425,1.0851,0,1.0851,0.5425,1.0851,1.0851,0,1.0851,0.0001,0,0,0,0.0001,0,0.0001,0,0,0.0001,0,0,0.0001,0,0.0001,0,0.0001,0.0001,0,0.0001,0.2565,0.201,0.2565,0.201,1
0.7174,0,0,0,0,0.7174,0.7174,1.4348,0,0.7174,0,0,0.7174,0,0.7174,0.7174,0.7174,0,2.1522,0.7174,0.0001,0,0,0,0,0.0001,0.0001,0.0002,0,0.0001,0,0,0.0001,0,0.0001,0.0001,0.0001,0,0.0003,0.0001,0.1746,0.108,0.1746,0.108,1
0,0,0.7789,2.7261,0,0,0,1.1683,2.7261,0,0.7789,0.3894,0,0.3894,0,0.3894,0.3894,0.3894,0.7789,0.7789,0,0,0.0001,0.0002,0,0,0,0.0001,0.0002,0,0.0001,0,0,0,0,0,0,0,0.0001,0.0001,0.2738,0.3367,0.2738,0.3367,1
1.6792,0,0,0,0,0,0,0,3.3585,0.8396,0,0.8396,0,0,0,0,0.8396,2.5189,0,0.8396,0.0004,0,0,0,0,0,0,0,0.0008,0.0002,0,0.0002,0,0,0,0,0.0002,0.0006,0,0.0002,0.0637,0.0967,0.0637,0.0967,1
1.7266,0,1.7266,0,0,1.1511,0,0.5755,2.8777,0,0.5755,1.1511,0,0,0.5755,0,0.5755,0.5755,0,0.5755,0.0002,0,0.0002,0,0,0.0001,0,0.0001,0.0003,0,0.0001,0.0001,0,0,0.0001,0,0.0001,0.0001,0,0.0001,0.2561,0.1683,0.2561,0.1683,1
0.6078,0.6078,0.6078,0,0,0,0.6078,0,0,2.431,0,0,1.2155,0,1.8233,1.8233,0.6078,0,0.6078,0,0,0,0,0,0,0,0,0,0,0.0002,0,0,0.0001,0,0.0001,0.0001,0,0,0,0,0.2289,0.1633,0.2289,0.1633,1
2.5347,0,0,0.6337,0,1.2673,0.6337,1.2673,0.6337,1.2673,0,0.6337,1.2673,0,0,0,0.6337,0.6337,0.6337,0.6337,0.0002,0,0,0.0001,0,0.0001,0.0001,0.0001,0.0001,0.0001,0,0.0001,0.0001,0,0,0,0.0001,0.0001,0.0001,0.0001,0.2174,0.1489,0.2174,0.1489,1
2.3232,0.5808,0,0.5808,0,0.5808,0,0.5808,1.1616,1.7424,0.5808,0.5808,0.5808,0.5808,0.5808,0.5808,0,0.5808,0,0,0.0002,0,0,0,0,0,0,0,0.0001,0.0001,0,0,0,0,0,0,0,0,0,0,0.207,0.2121,0.207,0.2121,1
2.0784,1.5588,0.5196,1.0392,0,1.5588,1.0392,0,0.5196,0.5196,0,0.5196,0,0.5196,0.5196,0,1.0392,1.5588,0,0.5196,0.0001,0.0001,0,0.0001,0,0.0001,0.0001,0,0,0,0,0,0,0,0,0,0.0001,0.0001,0,0,0.2395,0.2409,0.2395,0.2409,1
1.6751,0,0,0,0,0,0,0,3.3502,0.8376,0,0.8376,0,0,0,0,0,3.3502,0,0.8376,0.0003,0,0,0,0,0,0,0,0.0007,0.0002,0,0.0002,0,0,0,0,0,0.0007,0,0.0002,0.0602,0.1022,0.0602,0.1022,1
0,0,0.6637,0,0.6637,0,0,0,1.9912,2.6549,0.6637,0.6637,0.6637,0,0.6637,0,0,1.3275,0,0,0,0,0.0001,0,0.0001,0,0,0,0.0002,0.0003,0.0001,0.0001,0.0001,0,0.0001,0,0,0.0002,0,0,0.1617,0.1745,0.1617,0.1745,1
0.4477,0,0,0,2.6863,0,0,0.4477,2.6863,0.4477,0.8954,0.4477,0,0.4477,1.3431,0.4477,0.4477,0.4477,0,1.3431,0,0,0,0,0.0003,0,0,0,0.0003,0,0.0001,0,0,0,0.0001,0,0,0,0,0.0001,0.2661,0.2862,0.2661,0.2862,1
2.4346,0.8115,0.8115,0,0.8115,0,0,0,0,3.2461,0,0,0,0,0,1.6231,0,0.8115,0.8115,0,0.0002,0.0001,0.0001,0,0.0001,0,0,0,0,0.0003,0,0,0,0,0,0.0002,0,0.0001,0.0001,0,0.0923,0.0962,0.0923,0.0962,1
0.6168,0.6168,0,1.2336,0.6168,1.2336,0,0.6168,1.8504,1.8504,0,0,0.6168,0.6168,0,0.6168,0,1.2336,0,0.6168,0.0001,0.0001,0,0.0001,0.0001,0.0001,0,0.0001,0.0002,0.0002,0,0,0.0001,0.0001,0,0.0001,0,0.0001,0,0.0001,0.257,0.1262,0.257,0.1262,1
0,0.5599,1.6797,0,0.5599,0,0,0,0.5599,1.1198,0,0,0,0,0.5599,1.1198,0.5599,2.2396,1.6797,0,0,0,0.0001,0,0,0,0,0,0,0.0001,0,0,0,0,0,0.0001,0,0.0001,0.0001,0,0.2496,0.1905,0.2496,0.1905,1
1.4674,0.7337,0,0.7337,0.7337,1.4674,0,0.7337,0.7337,0,0,0,0,0.7337,0,0,0,0,0.7337,0,0.0001,0.0001,0,0.0001,0.0001,0.0001,0,0.0001,0.0001,0,0,0,0,0.0001,0,0,0,0,0.0001,0,0.1659,0.1004,0.1659,0.1004,1
0.4973,0,1.492,0.4973,0,0.4973,0.4973,0.4973,0.4973,0.4973,0.9947,1.492,0.4973,0,0.4973,0.4973,0,0,0.9947,0.9947,0,0,0.0001,0,0,0,0,0,0,0,0.0001,0.0001,0,0,0,0,0,0,0.0001,0.0001,0.2327,0.27,0.2327,0.27,1
0.9741,0.4871,0.4871,0,0,1.4612,0.9741,0.4871,0.4871,0,0.9741,0,1.4612,0,1.9483,0.4871,0.4871,0.4871,0,1.9483,0.0001,0,0,0,0,0.0001,0.0001,0,0,0,0.0001,0,0.0001,0,0.0002,0,0,0,0,0.0002,0.2596,0.2533,0.2596,0.2533,1
3.3419,0,0,0,0.4774,1.9096,0,0,2.8645,1.9096,0,0.9548,0,0,0,0.4774,0,0.9548,0.4774,0,0.0003,0,0,0,0,0.0001,0,0,0.0002,0.0001,0,0.0001,0,0,0,0,0,0.0001,0,0,0.2423,0.2803,0.2423,0.2803,1
0,0.6875,0,0,0.6875,2.0625,0,0,0,1.375,0,0,0.6875,0,1.375,0.6875,0,0.6875,1.375,0,0,0.0001,0,0,0.0001,0.0002,0,0,0,0.0001,0,0,0.0001,0,0.0001,0.0001,0,0.0001,0.0001,0,0.1492,0.1633,0.1492,0.1633,1
3.9571,0,0,0.6595,0,0,0,0,1.9786,3.2976,0,0.6595,0.6595,0,1.319,0,0,1.319,0,0,0.0005,0,0,0.0001,0,0,0,0,0.0002,0.0004,0,0.0001,0.0001,0,0.0002,0,0,0.0002,0,0,0.1542,0.1863,0.1542,0.1863,1
0,0.5331,1.0662,0.5331,0,0,0.5331,0.5331,1.5993,1.0662,2.1324,1.0662,1.0662,0,0,0.5331,1.0662,0.5331,0.5331,0,0,0,0.0001,0,0,0,0,0,0.0001,0.0001,0.0001,0.0001,0.0001,0,0,0,0.0001,0,0,0,0.2624,0.2045,0.2624,0.2045,1
1.0175,2.0351,1.0175,0.5088,0,1.5263,1.0175,0,0.5088,0.5088,0,0,1.5263,0,1.0175,0.5088,1.0175,0,1.5263,0,0,0.0001,0,0,0,0.0001,0,0,0,0,0,0,0.0001,0,0,0,0,0,0.0001,0,0.2121,0.2791,0.2121,0.2791,1
1.8475,0,0,0,0.9238,0,0.9238,0.4619,1.3857,2.3094,0,0.4619,0,0,1.8475,0.4619,0,0,0,0,0.0002,0,0,0,0.0001,0,0.0001,0,0.0001,0.0002,0,0,0,0,0.0002,0,0,0,0,0,0.2198,0.3183,0.2198,0.3183,1
0,0,0.4821,2.8927,0,0,0,1.4464,2.4106,0.4821,0.4821,0,0,0,0,0,0.4821,0,0.9642,0.4821,0,0,0,0.0003,0,0,0,0.0001,0.0002,0,0,0,0,0,0,0,0,0,0.0001,0,0.2459,0.272,0.2459,0.272,1
0.6181,0,0,0.6181,1.2361,1.8542,0,0,0,0,1.2361,1.2361,1.8542,0,3.0903,1.2361,1.2361,0,0,1.2361,0.0001,0,0,0.0001,0.0001,0.0002,0,0,0,0,0.0001,0.0001,0.0002,0,0.0003,0.0001,0.0001,0,0,0.0001,0.1736,0.2083,0.1736,0.2083,1
0.7383,0,0.7383,0,0,0,0.7383,0,2.215,0.7383,0,0.7383,0,0,0,0,0.7383,2.215,0,0.7383,0.0001,0,0.0001,0,0,0,0.0001,0,0.0003,0.0001,0,0.0001,0,0,0,0,0.0001,0.0003,0,0.0001,0.1219,0.1398,0.1219,0.1398,1
1.1328,0,0,0,0.5664,0.5664,0,0,0.5664,1.1328,1.1328,0.5664,0.5664,0,2.2655,1.1328,0.5664,0,0.5664,0.5664,0.0001,0,0,0,0.0001,0.0001,0,0,0.0001,0.0001,0.0001,0.0001,0.0001,0,0.0002,0.0001,0.0001,0,0.0001,0.0001,0.2116,0.2221,0.2116,0.2221,1
1.2602,0,0,0,0.6301,1.2602,0,0.6301,1.2602,0.6301,1.2602,0.6301,0,0,1.8904,0,1.8904,2.5205,0,0,0.0002,0,0,0,0.0001,0.0002,0,0.0001,0.0002,0.0001,0.0002,0.0001,0,0,0.0002,0,0.0002,0.0003,0,0,0.1817,0.1881,0.1817,0.1881,1
0,0,0.5631,0,0.5631,0.5631,0.5631,5.0679,2.2524,0.5631,0.5631,0,0,0,1.1262,1.1262,0,0.5631,0,0.5631,0,0,0.0001,0,0.0001,0.0001,0.0001,0.0005,0.0002,0.0001,0.0001,0,0,0,0.0001,0.0001,0,0.0001,0,0.0001,0.189,0.2479,0.189,0.2479,1
1.555,0,0.7775,0,0,0.7775,0,0,0.7775,0.7775,0.7775,0,0.7775,0,0,1.555,0.7775,0.7775,0,0,0.0002,0,0.0001,0,0,0.0001,0,0,0.0001,0.0001,0.0001,0,0.0001,0,0,0.0002,0.0001,0.0001,0,0,0.1192,0.1033,0.1192,0.1033,1
0,2.1703,0,0,0.5426,1.6277,0,0.5426,0,0.5426,0,0,0.5426,0,2.7129,1.0852,0,1.0852,0,0.5426,0,0.0001,0,0,0,0.0001,0,0,0,0,0,0,0,0,0.0002,0.0001,0,0.0001,0,0,0.2609,0.1965,0.2609,0.1965,1
0,0,0,0,0.6001,0.6001,2.4004,1.2002,0.6001,0,0.6001,0,0,0,0.6001,0,0.6001,0.6001,1.2002,0,0,0,0,0,0.0001,0.0001,0.0004,0.0002,0.0001,0,0.0001,0,0,0,0.0001,0,0.0001,0.0001,0.0002,0,0.1972,0.2027,0.1972,0.2027,1
0.5197,4.1579,0,0.5197,0,2.079,0.5197,0.5197,0,1.0395,0,0.5197,1.5592,0,1.5592,0.5197,1.0395,0.5197,0.5197,0,0,0.0002,0,0,0,0.0001,0,0,0,0,0,0,0.0001,0,0.0001,0,0,0,0,0,0.2291,0.2512,0.2291,0.2512,1
1.1415,0.5708,0,0,0,2.2831,0,0,0.5708,1.1415,0,0.5708,0.5708,0,2.8538,0,0,0,0,0,0.0001,0.0001,0,0,0,0.0002,0,0,0.0001,0.0001,0,0.0001,0.0001,0,0.0003,0,0,0,0,0,0.2385,0.1907,0.2385,0.1907,1
0.5243,1.0487,0,0,1.0487,0.5243,0,0,1.573,0,0.5243,1.0487,0,0,2.0973,0.5243,0,1.573,0.5243,1.0487,0,0.0001,0,0,0.0001,0,0,0,0.0001,0,0,0.0001,0,0,0.0001,0,0,0.0001,0,0.0001,0.239,0.2367,0.239,0.2367,1
0,0,0.6873,0,0,1.3745,0,0.6873,0,0,0,1.3745,0.6873,0,1.3745,0,1.3745,0.6873,0,0,0,0,0.0001,0,0,0.0002,0,0.0001,0,0,0,0.0002,0.0001,0,0.0002,0,0.0002,0.0001,0,0,0.1645,0.1482,0.1645,0.1482,1
0,1.0162,1.5243,0,0.5081,0,0,0.5081,1.0162,2.0323,0,0,0,0,0.5081,1.0162,0,0.5081,2.0323,0,0,0,0.0001,0,0,0,0,0,0,0.0001,0,0,0,0,0,0,0,0,0.0001,0,0.2718,0.2201,0.2718,0.2201,1
0,0.4764,0.4764,0,0,0.4764,0.4764,1.4293,1.4293,0.4764,0.9529,0,0,0,2.3821,0,0.9529,0,0,0.4764,0,0,0,0,0,0,0,0.0001,0.0001,0,0.0001,0,0,0,0.0002,0,0.0001,0,0,0,0.2636,0.26,0.2636,0.26,1
0,0,0,0,0,1.4351,0,0,0.4784,4.3054,0,0,0,0,2.8703,0,0,0,0,0,0,0,0,0,0,0.0002,0,0,0.0001,0.0005,0,0,0,0,0.0003,0,0,0,0,0,0.2167,0.3049,0.2167,0.3049,1
1.8257,0,0,0.9128,0.4564,0,0.4564,0,1.8257,1.8257,0,0.9128,0,0.9128,0.4564,0.4564,0.9128,0.4564,0,0.4564,0.0002,0,0,0.0001,0,0,0,0,0.0002,0.0002,0,0.0001,0,0.0001,0,0,0.0001,0,0,0,0.244,0.2996,0.244,0.2996,1
2.3441,0,1.4065,0,1.4065,1.8753,0.9376,0.4688,0.4688,0.9376,0.4688,0,0,0.4688,0,0.9376,0.9376,0.9376,0,0.4688,0.0001,0,0.0001,0,0.0001,0.0001,0.0001,0,0,0.0001,0,0,0,0,0,0.0001,0.0001,0.0001,0,0,0.262,0.2691,0.262,0.2691,1
0,0,0,0,0,3.1861,1.9116,0,0.6372,0.6372,0,0,0,0.6372,0,0.6372,0,0.6372,0,0,0,0,0,0,0,0.0005,0.0003,0,0.0001,0.0001,0,0,0,0.0001,0,0.0001,0,0.0001,0,0,0.1919,0.1709,0.1919,0.1709,1
0.7979,0,0.399,2.3938,0,0,0,1.1969,2.7928,0.7979,0.7979,0.399,0,0.399,0,0.399,0,0,0.7979,0.7979,0.0001,0,0,0.0002,0,0,0,0.0001,0.0002,0.0001,0.0001,0,0,0,0,0,0,0,0.0001,0.0001,0.267,0.334,0.267,0.334,1
0,0.7727,1.5454,0,0.7727,0,0,1.5454,0,1.5454,0,0,0.7727,0,0,1.5454,0,0,0,0.7727,0,0.0001,0.0001,0,0.0001,0,0,0.0001,0,0.0001,0,0,0.0001,0,0,0.0001,0,0,0,0.0001,0.1437,0.0836,0.1437,0.0836,1
3.3333,0,1.6666,0,0.8333,0,0,0,0,0.8333,0.8333,0,0,0,0,1.6666,0,1.6666,0,0,0.0004,0,0.0002,0,0.0001,0,0,0,0,0.0001,0.0001,0,0,0,0,0.0002,0,0.0002,0,0,0.0867,0.08,0.0867,0.08,1
0,0,0,0,0,1.3793,0,1.3793,0.6896,0.6896,0,0,0,0,1.3793,0.6896,0,0.6896,0,0,0,0,0,0,0,0.0002,0,0.0002,0.0001,0.0001,0,0,0,0,0.0002,0.0001,0,0.0001,0,0,0.184,0.1264,0.184,0.1264,1
0,0,0.6748,0,0.6748,0.6748,0,0,0,6.0734,0,0.6748,0,0.6748,0.6748,0.6748,0,0,0,0,0,0,0.0001,0,0.0001,0.0001,0,0,0,0.0005,0,0.0001,0,0.0001,0.0001,0.0001,0,0,0,0,0.1708,0.1544,0.1708,0.1544,1
0,0.4927,1.4781,0.9854,0.4927,0,0,0.9854,0.4927,1.9708,0,0,0,0,0.4927,0.9854,0,0.4927,1.4781,0,0,0,0.0001,0.0001,0,0,0,0.0001,0,0.0001,0,0,0,0,0,0.0001,0,0,0.0001,0,0.2331,0.2742,0.2331,0.2742,1
0,0,1.3876,0,0.6938,0.6938,0,0,0.6938,1.3876,0,0,1.3876,0,0.6938,0,0,0.6938,0,0,0,0,0.0002,0,0.0001,0.0001,0,0,0.0001,0.0002,0,0,0.0002,0,0.0001,0,0,0.0001,0,0,0.1786,0.1276,0.1786,0.1276,1
0.5154,0.5154,1.5461,1.5461,0,1.0308,1.0308,0,0,2.0615,0,0.5154,3.0923,0.5154,0.5154,1.0308,0.5154,1.0308,0,0,0,0,0.0001,0.0001,0,0.0001,0.0001,0,0,0.0001,0,0,0.0002,0,0,0.0001,0,0.0001,0,0,0.2285,0.2562,0.2285,0.2562,1
0,0,0,0,0,1.3777,0,0,0.6889,1.3777,0,0,0.6889,0,0.6889,1.3777,0,0.6889,2.0666,0,0,0,0,0,0,0.0001,0,0,0.0001,0.0001,0,0,0.0001,0,0.0001,0.0001,0,0.0001,0.0002,0,0.1498,0.1614,0.1498,0.1614,1
1.0625,1.5938,1.0625,0.5313,0,0.5313,0,0,0.5313,1.5938,1.0625,0,1.0625,0.5313,1.5938,0,1.0625,0,0,0.5313,0.0001,0.0001,0.0001,0,0,0,0,0,0,0.0001,0.0001,0,0.0001,0,0.0001,0,0.0001,0,0,0,0.281,0.1877,0.281,0.1877,1
0.5375,0,0,0.5375,0,0.5375,0,0,0,0,0,0.5375,0,1.0749,5.3745,0,0,0,0.5375,0.5375,0.0001,0,0,0.0001,0,0.0001,0,0,0,0,0,0.0001,0,0.0002,0.001,0,0,0,0.0001,0.0001,0.23,0.2325,0.23,0.2325,1
0.6921,0.6921,0,0,0,0,0,0.6921,0,0.6921,0.6921,0,1.3841,0,2.7683,0.6921,0.6921,0,0,0.6921,0.0001,0.0001,0,0,0,0,0,0.0001,0,0.0001,0.0001,0,0.0001,0,0.0003,0.0001,0.0001,0,0,0.0001,0.1626,0.1454,0.1626,0.1454,1
0.5846,0,0.5846,1.1691,0,0.5846,0,0,1.1691,1.7537,0.5846,0,0.5846,0.5846,1.7537,0,0,0,0,0,0.0001,0,0.0001,0.0001,0,0.0001,0,0,0.0001,0.0002,0.0001,0,0.0001,0.0001,0.0002,0,0,0,0,0,0.2522,0.1632,0.2522,0.1632,1
2.7598,1.3799,0,1.3799,0,4.1397,0,0,0,3.4497,0,0,0,0,0,0.6899,0,0.6899,0,0,0.0002,0.0001,0,0.0001,0,0.0002,0,0,0,0.0002,0,0,0,0,0,0,0,0,0,0,0.1507,0.1593,0.1507,0.1593,1
0.5064,0,0,1.0129,1.0129,0.5064,0.5064,2.0258,1.5193,2.0258,0,1.0129,2.5322,0.5064,0,0.5064,0,1.0129,0,0,0,0,0,0.0001,0.0001,0,0,0.0002,0.0001,0.0002,0,0.0001,0.0002,0,0,0,0,0.0001,0,0,0.2753,0.2183,0.2753,0.2183,1
0,0,0,0.5407,0,0.5407,0,1.6222,1.6222,0,1.0815,1.0815,0,0.5407,1.0815,1.0815,0.5407,0.5407,0.5407,0,0,0,0,0.0001,0,0.0001,0,0.0002,0.0002,0,0.0001,0.0001,0,0.0001,0.0001,0.0001,0.0001,0.0001,0.0001,0,0.2949,0.1643,0.2949,0.1643,1
1.0214,0.5107,1.0214,0,0,1.5321,0.5107,0,0.5107,0.5107,1.0214,0.5107,0.5107,0.5107,1.0214,2.0427,0,0.5107,0,1.5321,0.0001,0,0.0001,0,0,0.0001,0,0,0,0,0.0001,0,0,0,0.0001,0.0001,0,0,0,0.0001,0.2362,0.2531,0.2362,0.2531,1
0,0,0.4068,3.2547,0,0,0,1.2205,2.8479,0.4068,0.4068,0.4068,0,0.8137,0,0.4068,0.8137,0,0.8137,0.4068,0,0,0,0.0003,0,0,0,0.0001,0.0003,0,0,0,0,0.0001,0,0,0.0001,0,0.0001,0,0.2693,0.3239,0.2693,0.3239,1
0.5428,0,0,0,1.0857,1.0857,0.5428,0.5428,0,0.5428,1.0857,0,0.5428,0,5.9712,0,0,0.5428,1.0857,0,0.0001,0,0,0,0.0001,0.0001,0.0001,0.0001,0,0.0001,0.0001,0,0.0001,0,0.0007,0,0,0.0001,0.0001,0,0.2217,0.2355,0.2217,0.2355,1
0,0.4959,0.4959,0.4959,0,0.9918,1.9836,0,0.4959,0.9918,0.9918,0.9918,0.9918,1.4877,0.4959,1.4877,0.9918,0.9918,0.4959,0,0,0,0,0,0,0.0001,0.0002,0,0,0.0001,0.0001,0.0001,0.0001,0.0001,0,0.0001,0.0001,0.0001,0,0,0.2473,0.2568,0.2473,0.2568,1
0,0.5604,1.6811,1.1208,0,0,0,1.6811,1.6811,0,0,0.5604,0,0,1.1208,0.5604,1.6811,1.1208,0,0,0,0,0.0001,0.0001,0,0,0,0.0001,0.0001,0,0,0,0,0,0.0001,0,0.0001,0.0001,0,0,0.2381,0.2016,0.2381,0.2016,1
3.5988,0,0.5141,0.5141,0,2.5706,1.0282,1.5424,0.5141,1.0282,0.5141,1.0282,0,0,0,0.5141,0.5141,1.0282,0.5141,0,0.0003,0,0,0,0,0.0002,0.0001,0.0001,0,0.0001,0,0.0001,0,0,0,0,0,0.0001,0,0,0.2341,0.2518,0.2341,0.2518,1
0,0,0.4523,2.7137,0,0,0,1.3569,2.7137,0.4523,0.4523,0,0,0,0,0.4523,0.9046,0,0.9046,0.4523,0,0,0,0.0002,0,0,0,0.0001,0.0002,0,0,0,0,0,0,0,0.0001,0,0.0001,0,0.2435,0.3042,0.2435,0.3042,1
0.5379,0,0.5379,0,0.5379,0.5379,0,0,1.0758,0.5379,0,0.5379,0,0,1.6137,0,0,0,2.6894,0,0.0001,0,0.0001,0,0.0001,0.0001,0,0,0.0001,0.0001,0,0.0001,0,0,0.0002,0,0,0,0.0003,0,0.2786,0.1835,0.2786,0.1835,1
2.0344,0,0.6781,0,0.6781,3.3907,0.6781,1.3563,0,0,0.6781,0,0.6781,0,0,0,0.6781,1.3563,0,0,0.0002,0,0.0001,0,0.0001,0.0003,0.0001,0.0001,0,0,0.0001,0,0.0001,0,0,0,0.0001,0.0001,0,0,0.1566,0.1652,0.1566,0.1652,1
2.5255,0.6314,1.2627,0.6314,0,1.2627,0,0.6314,0.6314,0.6314,1.2627,1.2627,0,0.6314,0.6314,0,0.6314,0.6314,0,0,0.0002,0.0001,0.0001,0.0001,0,0.0001,0,0.0001,0.0001,0.0001,0.0001,0.0001,0,0.0001,0.0001,0,0.0001,0.0001,0,0,0.1875,0.1812,0.1875,0.1812,1
1.8621,0,0.6207,0.6207,1.2414,1.8621,0,0,0.6207,1.8621,0,0,0,0.6207,1.2414,0,0,0.6207,0,0,0.0002,0,0.0001,0.0001,0.0001,0.0002,0,0,0.0001,0.0002,0,0,0,0.0001,0.0001,0,0,0.0001,0,0,0.2136,0.1657,0.2136,0.1657,1
0,0,0,0,0,0,0,0,2.9811,0,0,0,0,0,6.9558,0,0,0,0,0,0,0,0,0,0,0,0,0,0.0147,0,0,0,0,0,0.0343,0,0,0,0,0,0.0032,0.0032,0.0032,0.0032,1
0,0,0,0,1.8801,0.6267,0,0.6267,0.6267,1.8801,0,0,0,1.8801,3.7602,0,1.2534,0,0.6267,0,0,0,0,0,0.0003,0.0001,0,0.0001,0.0001,0.0003,0,0,0,0.0003,0.0005,0,0.0002,0,0.0001,0,0.1787,0.1945,0.1787,0.1945,1
0.5383,0.5383,0,0.5383,0.5383,1.0765,0,0.5383,1.0765,2.153,0,1.6148,5.3825,0,0.5383,1.0765,0,0,0.5383,0,0,0,0,0,0,0.0001,0,0,0.0001,0.0001,0,0.0001,0.0004,0,0,0.0001,0,0,0,0,0.2246,0.2371,0.2246,0.2371,1
0.5765,4.0352,1.1529,0,0,1.1529,0,0.5765,1.1529,0,1.1529,0.5765,1.1529,0,0.5765,1.1529,1.7294,1.1529,0,1.1529,0,0.0001,0,0,0,0,0,0,0,0,0,0,0,0,0,0,0.0001,0,0,0,0.1918,0.2317,0.1918,0.2317,1
0.4741,0.9482,0.4741,0.4741,0.9482,0,0.4741,0.4741,1.8964,0.4741,1.8964,0.9482,0.9482,0,1.4223,0.9482,0.4741,0,0,0,0,0.0001,0,0,0.0001,0,0,0,0.0001,0,0.0001,0.0001,0.0001,0,0.0001,0.0001,0,0,0,0,0.2671,0.2588,0.2671,0.2588,1
5.6633,0,0,0,0,0,0,0,1.6181,4.0452,0,0,1.6181,0,1.6181,0,0,1.6181,0,0,0.0009,0,0,0,0,0,0,0,0.0002,0.0006,0,0,0.0002,0,0.0002,0,0,0.0002,0,0,0.0816,0.1094,0.0816,0.1094,1
5.5482,0,0.9247,0,0,0,0,0.4623,2.3117,1.8494,0,0,0,0.4623,0,0,0.4623,0.9247,0.4623,0,0.0005,0,0.0001,0,0,0,0,0,0.0002,0.0002,0,0,0,0,0,0,0,0.0001,0,0,0.2442,0.2935,0.2442,0.2935,1
2.4662,0,0,0,0.8221,1.6442,0,0,0,3.2883,1.6442,0.8221,0,0.8221,0,0,0,0,0,0,0.0003,0,0,0,0.0001,0.0002,0,0,0,0.0003,0.0002,0.0001,0,0.0001,0,0,0,0,0,0,0.0929,0.0851,0.0929,0.0851,1
1.2113,0,0.6056,0,1.2113,1.2113,0.6056,0,1.2113,1.2113,0.6056,0,1.8169,0.6056,0,1.2113,0.6056,0.6056,0,0,0.0001,0,0.0001,0,0.0001,0.0001,0.0001,0,0.0001,0.0001,0.0001,0,0.0002,0.0001,0,0.0001,0.0001,0.0001,0,0,0.2009,0.1935,0.2009,0.1935,1
0.4151,0,0.4151,2.0754,0,0,0,1.2453,2.0754,1.2453,0.4151,0,0,0,1.2453,1.2453,0.4151,0.4151,0,0.4151,0,0,0,0.0002,0,0,0,0.0001,0.0002,0.0001,0,0,0,0,0.0001,0.0001,0,0,0,0,0.2535,0.3314,0.2535,0.3314,1
0,0.5501,0,0.5501,1.6504,1.1002,1.1002,0.5501,1.1002,1.1002,1.1002,0,0.5501,0,1.1002,0,0,1.1002,0,1.6504,0,0,0,0,0.0001,0.0001,0.0001,0,0.0001,0.0001,0.0001,0,0,0,0.0001,0,0,0.0001,0,0.0001,0.2141,0.2357,0.2141,0.2357,1
0.5395,1.0791,0.5395,1.0791,0.5395,1.0791,0.5395,1.6186,0.5395,1.6186,0,1.0791,1.0791,0,0.5395,1.6186,1.0791,1.0791,0,0.5395,0,0.0001,0,0.0001,0,0.0001,0,0.0001,0,0.0001,0,0.0001,0.0001,0,0,0.0001,0.0001,0.0001,0,0,0.2316,0.2288,0.2316,0.2288,1
0.6709,0,0,0,0,0.6709,1.3419,0.6709,0,0.6709,0.6709,1.3419,0.6709,0,0.6709,2.0128,0,0.6709,0,0.6709,0.0001,0,0,0,0,0.0001,0.0001,0.0001,0,0.0001,0.0001,0.0001,0.0001,0,0.0001,0.0002,0,0.0001,0,0.0001,0.1759,0.1532,0.1759,0.1532,1
1.6936,0,0,0,2.5405,0,0,0,3.3873,2.5405,0,0,0,0,0,0,0.8468,0,0,0,0.0004,0,0,0,0.0006,0,0,0,0.0008,0.0006,0,0,0,0,0,0,0.0002,0,0,0,0.0508,0.1024,0.0508,0.1024,1
0,0,0,0,0.6428,0.6428,1.9284,1.2856,0,1.2856,0,0.6428,0,0,0.6428,0,0,0.6428,1.2856,0,0,0,0,0,0.0001,0.0001,0.0002,0.0001,0,0.0001,0,0.0001,0,0,0.0001,0,0,0.0001,0.0001,0,0.1713,0.1859,0.1713,0.1859,1
1.2007,0.6004,0.6004,0,0,1.2007,0.6004,0,2.4014,1.8011,0,0.6004,0.6004,0,0.6004,0,1.2007,1.2007,0.6004,0.6004,0.0001,0,0,0,0,0.0001,0,0,0.0002,0.0001,0,0,0,0,0,0,0.0001,0.0001,0,0,0.1959,0.2037,0.1959,0.2037,1
0,0.6193,0,0,0.6193,0.6193,1.2386,0.6193,1.2386,0.6193,0.6193,0,0.6193,0,0.6193,0.6193,0.6193,0,0,0.6193,0,0.0001,0,0,0.0001,0.0001,0.0001,0.0001,0.0001,0.0001,0.0001,0,0.0001,0,0.0001,0.0001,0.0001,0,0,0.0001,0.2165,0.1643,0.2165,0.1643,1
0,0,0,0,0,2.7381,2.0536,0,0,0.6845,0,0,0,0.6845,0,0.6845,0.6845,1.3691,0,0,0,0,0,0,0,0.0004,0.0003,0,0,0.0001,0,0,0,0.0001,0,0.0001,0.0001,0.0002,0,0,0.1679,0.1476,0.1679,0.1476,1
1.9829,0,0,0,1.322,0.661,0,1.322,1.322,0.661,0,0,0,0,0,0,0,0.661,0.661,0,0.0002,0,0,0,0.0001,0.0001,0,0.0001,0.0001,0.0001,0,0,0,0,0,0,0,0.0001,0.0001,0,0.157,0.1821,0.157,0.1821,1
0.8406,0.4203,0.8406,0,0.8406,0.4203,0,0.4203,0,0.8406,0,0,0.8406,0,2.5219,0,1.2609,1.2609,0.4203,0.8406,0.0001,0,0.0001,0,0.0001,0,0,0,0,0.0001,0,0,0.0001,0,0.0002,0,0.0001,0.0001,0,0.0001,0.2883,0.2914,0.2883,0.2914,1
0.5639,0.5639,0,0,0.5639,0,0,0.5639,1.1278,2.8196,0,0,0,0.5639,1.6918,0,0.5639,0,0,1.1278,0.0001,0.0001,0,0,0.0001,0,0,0.0001,0.0001,0.0003,0,0,0,0.0001,0.0002,0,0.0001,0,0,0.0001,0.1831,0.2529,0.1831,0.2529,1
1.1129,0,0.5565,0,0,0.5565,0.5565,0.5565,0,1.1129,1.1129,0.5565,0.5565,0.5565,2.2258,0,1.6694,0.5565,0,0.5565,0.0001,0,0.0001,0,0,0.0001,0.0001,0.0001,0,0.0001,0.0001,0.0001,0.0001,0.0001,0.0002,0,0.0002,0.0001,0,0.0001,0.2377,0.2058,0.2377,0.2058,1
0.5139,0,0.5139,0.5139,1.0278,0,1.0278,0,2.5696,0,1.5418,0.5139,1.0278,0,0.5139,0,0,1.0278,0.5139,1.5418,0.0001,0,0.0001,0.0001,0.0001,0,0.0001,0,0.0003,0,0.0002,0.0001,0.0001,0,0.0001,0,0,0.0001,0.0001,0.0002,0.2534,0.2327,0.2534,0.2327,1
0.6801,0,0,0,0.6801,0.6801,0,0.6801,1.3601,2.0402,0.6801,0,0,0,0,0.6801,0.6801,0,0.6801,0,0.0001,0,0,0,0.0001,0.0001,0,0.0001,0.0002,0.0002,0.0001,0,0,0,0,0.0001,0.0001,0,0.0001,0,0.1564,0.1635,0.1564,0.1635,1
0.7412,0,0,0,0,0.7412,0,0,0,0,0.7412,0,3.7061,0,0.7412,1.4825,2.2237,0.7412,1.4825,0,0.0001,0,0,0,0,0.0001,0,0,0,0,0.0001,0,0.0004,0,0.0001,0.0002,0.0003,0.0001,0.0002,0,0.1297,0.129,0.1297,0.129,1
0.6245,1.2489,0,0,1.8734,0.6245,0.6245,0.6245,0,0,1.8734,0,0.6245,0.6245,4.9958,0,0.6245,0.6245,0.6245,0,0,0.0001,0,0,0.0001,0,0,0,0,0,0.0001,0,0,0,0.0003,0,0,0,0,0,0.1877,0.1878,0.1877,0.1878,1
1.0945,0,0,0.5473,0.5473,1.0945,1.0945,1.0945,1.6418,2.189,0,0,1.0945,0,0,0.5473,0,2.7363,0,0,0.0001,0,0,0,0,0.0001,0.0001,0.0001,0.0001,0.0002,0,0,0.0001,0,0,0,0,0.0002,0,0,0.1935,0.2592,0.1935,0.2592,1
1.4353,0,0,0,0.7176,0.7176,0,0.7176,0.7176,2.1529,0,0,0,0,0.7176,0,0.7176,0,0,0.7176,0.0002,0,0,0,0.0001,0.0001,0,0.0001,0.0001,0.0003,0,0,0,0,0.0001,0,0.0001,0,0,0.0001,0.1473,0.135,0.1473,0.135,1
0.9312,0,0,0.4656,0.4656,0.4656,0,1.3968,0.9312,0,0.4656,0,0.4656,0,2.7935,0,0.9312,0.4656,1.3968,1.3968,0.0001,0,0,0.0001,0.0001,0.0001,0,0.0002,0.0001,0,0.0001,0,0.0001,0,0.0004,0,0.0001,0.0001,0.0002,0.0002,0.2257,0.3087,0.2257,0.3087,1
2.846,0,0.5692,1.1384,0.5692,0,0.5692,0,0,1.1384,0.5692,0,0,0,1.1384,0,1.7076,0,0,0,0.0004,0,0.0001,0.0001,0.0001,0,0.0001,0,0,0.0001,0.0001,0,0,0,0.0001,0,0.0002,0,0,0,0.2071,0.2237,0.2071,0.2237,1
0.6069,0.6069,1.8206,0.6069,0.6069,0.6069,0,0.6069,0,1.2137,0,0.6069,0.6069,0.6069,0,1.2137,0,0.6069,1.2137,0,0,0,0.0001,0,0,0,0,0,0,0.0001,0,0,0,0,0,0.0001,0,0,0.0001,0,0.2322,0.161,0.2322,0.161,1
0,0.5827,0.5827,0,0.5827,0.5827,0,1.1653,0,1.748,1.1653,0.5827,0,0.5827,1.1653,0.5827,1.748,2.9133,0.5827,0,0,0,0,0,0,0,0,0.0001,0,0.0001,0.0001,0,0,0,0.0001,0,0.0001,0.0002,0,0,0.2042,0.2131,0.2042,0.2131,1
0,2.0808,0,0,0.6936,0.6936,0.6936,0.6936,0,0,1.3872,0.6936,0,0,1.3872,0.6936,1.3872,1.3872,0,0.6936,0,0.0001,0,0,0,0,0,0,0,0,0.0001,0,0,0,0.0001,0,0.0001,0.0001,0,0,0.1773,0.1291,0.1773,0.1291,1
5.1391,0,0,0,0,0,0,0,2.5695,3.0834,0,1.0278,0,0.5139,0,0,0.5139,1.5417,0.5139,0,0.0004,0,0,0,0,0,0,0,0.0002,0.0003,0,0.0001,0,0,0,0,0,0.0001,0,0,0.2132,0.2728,0.2132,0.2728,1
1.4448,0,0.7224,0,1.4448,0.7224,0,2.1673,0,1.4448,2.8897,0,0,0,7.2242,0,0.7224,1.4448,0,0,0.0002,0,0.0001,0,0.0002,0.0001,0,0.0003,0,0.0002,0.0004,0,0,0,0.0009,0,0.0001,0.0002,0,0,0.1342,0.1434,0.1342,0.1434,1
0,0.566,1.1319,0,0,0.566,0,0,1.1319,0.566,0.566,2.2638,0.566,0,0,0,2.2638,1.1319,1.1319,0,0,0,0.0001,0,0,0,0,0,0.0001,0,0,0.0002,0,0,0,0,0.0002,0.0001,0.0001,0,0.2068,0.2273,0.2068,0.2273,1
0,0,0.4135,3.3077,0,0,0,1.2404,2.4808,0.4135,0,0,0,0.8269,0.4135,0.4135,0.4135,0.4135,0.8269,0.4135,0,0,0,0.0003,0,0,0,0.0001,0.0002,0,0,0,0,0.0001,0,0,0,0,0.0001,0,0.267,0.3196,0.267,0.3196,1
0.6407,0.6407,0.6407,0.6407,0.6407,1.2814,1.2814,1.9221,0,2.5628,0.6407,0,1.2814,0,0,1.2814,0,0,0.6407,0,0,0,0,0,0,0.0001,0.0001,0.0001,0,0.0002,0,0,0.0001,0,0,0.0001,0,0,0,0,0.2088,0.1505,0.2088,0.1505,1
0.5563,1.1126,0,0.5563,1.6689,1.6689,0,0.5563,0,0.5563,0,1.6689,0.5563,0,2.2252,0,0.5563,0.5563,0,0,0,0.0001,0,0,0.0001,0.0001,0,0,0,0,0,0.0001,0,0,0.0001,0,0,0,0,0,0.2236,0.2201,0.2236,0.2201,1
0,0.5872,1.1744,0.5872,0,1.1744,0.5872,1.1744,0.5872,0.5872,0.5872,0,0,0.5872,1.1744,0,0,0,0,0.5872,0,0,0.0001,0,0,0.0001,0,0.0001,0,0,0,0,0,0,0.0001,0,0,0,0,0,0.2503,0.1625,0.2503,0.1625,1
0.6008,1.8024,1.2016,0,0,1.2016,0,0,0,2.4032,0,1.2016,1.8024,0,0.6008,0,0.6008,0,2.4032,0.6008,0,0.0001,0.0001,0,0,0.0001,0,0,0,0.0001,0,0.0001,0.0001,0,0,0,0,0,0.0001,0,0.1849,0.2143,0.1849,0.2143,1
0,0.5297,1.5892,0,0.5297,1.0595,0,0.5297,1.0595,0.5297,1.0595,0,0,0,0,0.5297,1.0595,1.0595,1.5892,0.5297,0,0,0.0001,0,0,0.0001,0,0,0.0001,0,0.0001,0,0,0,0,0,0.0001,0.0001,0.0001,0,0.2223,0.248,0.2223,0.248,1
0.5404,0,0,1.0808,1.0808,0.5404,0.5404,2.1616,0.5404,1.0808,0,0,0,1.0808,5.9444,0,0,0,0,0,0.0001,0,0,0.0001,0.0001,0.0001,0.0001,0.0003,0.0001,0.0001,0,0,0,0.0001,0.0007,0,0,0,0,0,0.2357,0.2239,0.2357,0.2239,1
0.5858,2.3431,0,0,0.5858,1.1716,0,0,0,0.5858,0,0,0,0,3.5147,0,0,1.1716,0,0.5858,0,0.0001,0,0,0,0.0001,0,0,0,0,0,0,0,0,0.0002,0,0,0.0001,0,0,0.1875,0.2267,0.1875,0.2267,1
0.5682,0.5682,0.5682,0.5682,2.2729,0.5682,0,0,0.5682,0.5682,0.5682,1.1364,0.5682,0.5682,0.5682,0.5682,0.5682,0.5682,0,0.5682,0,0,0,0,0.0002,0,0,0,0,0,0,0.0001,0,0,0,0,0,0,0,0,0.1884,0.2433,0.1884,0.2433,1
0,1.0711,0.5356,1.0711,0,0.5356,0.5356,0.5356,0.5356,2.6778,0.5356,1.6067,0,0.5356,0,1.0711,2.1422,1.6067,0,1.0711,0,0.0001,0,0.0001,0,0,0,0,0,0.0001,0,0.0001,0,0,0,0.0001,0.0001,0.0001,0,0.0001,0.2248,0.2396,0.2248,0.2396,1
0.5984,0.5984,0.5984,0,0.5984,1.7952,0.5984,0,0,0.5984,0.5984,1.7952,2.9921,0,0.5984,0,0,0,1.1968,0,0,0,0,0,0,0.0001,0,0,0,0,0,0.0001,0.0002,0,0,0,0,0,0.0001,0,0.2043,0.1973,0.2043,0.1973,1
1.443,0,0.481,0.481,0.481,0,0.962,0,2.4051,0,0,0,1.443,0,1.443,0,0.962,0.481,0,0.481,0.0002,0,0.0001,0.0001,0.0001,0,0.0001,0,0.0003,0,0,0,0.0002,0,0.0002,0,0.0001,0.0001,0,0.0001,0.2492,0.2698,0.2492,0.2698,1
0.726,1.452,0,0.726,0.726,3.6299,0,0,0,0,0.726,0,1.452,0,0,0.726,0.726,1.452,0,0.726,0,0.0001,0,0,0,0.0002,0,0,0,0,0,0,0.0001,0,0,0,0,0.0001,0,0,0.1486,0.1255,0.1486,0.1255,1
0,0,0.6766,0,1.3531,4.0593,0,0.6766,0,2.0297,0,1.3531,0,0,0.6766,0,1.3531,0,0,0,0,0,0.0001,0,0.0001,0.0003,0,0.0001,0,0.0002,0,0.0001,0,0,0.0001,0,0.0001,0,0,0,0.1536,0.1698,0.1536,0.1698,1
1.1837,0.5919,0.5919,0.5919,0,0.5919,0,0.5919,0.5919,0.5919,0.5919,0.5919,0.5919,0,1.1837,0.5919,0,0,0,0.5919,0.0001,0,0,0,0,0,0,0,0,0,0,0,0,0,0.0001,0,0,0,0,0,0.183,0.2252,0.183,0.2252,1
2.8709,0,0.957,0,0,0.4785,0,0.957,1.9139,2.3924,0,0,0.4785,0,0,0.4785,0.957,0.957,0.957,0.4785,0.0002,0,0.0001,0,0,0,0,0.0001,0.0001,0.0002,0,0,0,0,0,0,0.0001,0.0001,0.0001,0,0.2297,0.2918,0.2297,0.2918,1
0.7453,0,0,0.7453,0.7453,0,0,0.7453,0.7453,2.236,0,0,0,0,0,1.4907,0,0.7453,0.7453,0.7453,0.0001,0,0,0.0001,0.0001,0,0,0.0001,0.0001,0.0003,0,0,0,0,0,0.0002,0,0.0001,0.0001,0.0001,0.1785,0.0762,0.1785,0.0762,1
0.6567,0,0.6567,0.6567,0,0,0,0.6567,1.9702,1.3135,0,0.6567,0,1.9702,1.3135,0,0,0,0,0,0.0001,0,0.0001,0.0001,0,0,0,0.0001,0.0003,0.0002,0,0.0001,0,0.0003,0.0002,0,0,0,0,0,0.1339,0.2093,0.1339,0.2093,1
1.4064,0.7032,0.7032,0.7032,0,0,0.7032,0,0.7032,1.4064,0,0.7032,0,0,0,0,0.7032,0,0,0.7032,0.0001,0.0001,0.0001,0.0001,0,0,0.0001,0,0.0001,0.0001,0,0.0001,0,0,0,0,0.0001,0,0,0.0001,0.147,0.1498,0.147,0.1498,1
0,0.5021,0.5021,0,0.5021,2.0084,0.5021,0.5021,0.5021,0.5021,0.5021,0.5021,0.5021,0,2.5105,0,0,0.5021,0.5021,0,0,0,0,0,0,0.0001,0,0,0,0,0,0,0,0,0.0002,0,0,0,0,0,0.228,0.2699,0.228,0.2699,1
0.724,0.724,1.448,0,1.448,0,0.724,1.448,0,1.448,0,0,0.724,0,0,0.724,0,0,0,0,0.0001,0.0001,0.0001,0,0.0001,0,0.0001,0.0001,0,0.0001,0,0,0.0001,0,0,0.0001,0,0,0,0,0.1551,0.1209,0.1551,0.1209,1
2.1964,0,1.4643,0.7321,0,0,0,0,0,1.4643,0,0,0,0,0,0.7321,0.7321,2.1964,0,0.7321,0.0003,0,0.0002,0.0001,0,0,0,0,0,0.0002,0,0,0,0,0,0.0001,0.0001,0.0003,0,0.0001,0.1762,0.0916,0.1762,0.0916,1
0,0,0,0,3.4764,0,0,0,3.4764,2.6073,0.8691,0,0.8691,0,0,0,0,0,0,0,0,0,0,0,0.001,0,0,0,0.001,0.0008,0.0003,0,0.0003,0,0,0,0,0,0,0,0.0505,0.0804,0.0505,0.0804,1
0,0,1.3274,0,0,0,0,0.6637,0,1.3274,0,0,0,0,0.6637,0.6637,0,0,1.9912,0,0,0,0.0001,0,0,0,0,0.0001,0,0.0001,0,0,0,0,0.0001,0.0001,0,0,0.0002,0,0.1534,0.1829,0.1534,0.1829,1
2.2447,0.7482,0.7482,0,0.7482,2.2447,0,0.7482,0,1.4965,0.7482,0.7482,0.7482,0.7482,0,0,0,1.4965,0,0,0.0002,0.0001,0.0001,0,0.0001,0.0002,0,0.0001,0,0.0001,0.0001,0.0001,0.0001,0.0001,0,0,0,0.0001,0,0,0.116,0.1358,0.116,0.1358,1
1.7249,0,0,0,0,0,0,0,3.4498,0.8625,0,0,0,0,0,0.8625,0.8625,3.4498,0,0,0.0004,0,0,0,0,0,0,0,0.0008,0.0002,0,0,0,0,0,0.0002,0.0002,0.0008,0,0,0.0473,0.0902,0.0473,0.0902,1
0.5983,0.5983,0.5983,0.5983,0,0.5983,1.1967,0,4.1884,0,0,0.5983,0.5983,0.5983,0.5983,0,1.1967,0,0,0,0.0001,0.0001,0.0001,0.0001,0,0.0001,0.0002,0,0.0005,0,0,0.0001,0.0001,0.0001,0.0001,0,0.0002,0,0,0,0.1656,0.2361,0.1656,0.2361,1
0,1.0242,0,0.5121,0,0,1.0242,0,0.5121,0,2.0485,2.0485,0.5121,0,1.5363,1.0242,1.0242,0.5121,0,1.0242,0,0.0001,0,0,0,0,0.0001,0,0,0,0.0001,0.0001,0,0,0.0001,0.0001,0.0001,0,0,0.0001,0.242,0.2459,0.242,0.2459,1
0.7048,0.7048,1.4096,0,1.4096,0.7048,0,0,0,0.7048,0,0.7048,0,0,0,1.4096,0.7048,0,0.7048,0,0.0001,0.0001,0.0001,0,0.0001,0.0001,0,0,0,0.0001,0,0.0001,0,0,0,0.0001,0.0001,0,0.0001,0,0.1648,0.1304,0.1648,0.1304,1
0,0.7434,0,0,0,0,0.7434,0.7434,0,0,0,0.7434,1.4867,0.7434,0.7434,0.7434,0.7434,0,0,1.4867,0,0.0001,0,0,0,0,0.0001,0.0001,0,0,0,0.0001,0.0002,0.0001,0.0001,0.0001,0.0001,0,0,0.0002,0.1279,0.1288,0.1279,0.1288,1
1.2691,0.6345,0,0,0,1.2691,0.6345,0,0.6345,1.2691,0,0,0,0,1.9036,0,2.5381,0,0.6345,0,0.0001,0.0001,0,0,0,0.0001,0.0001,0,0.0001,0.0001,0,0,0,0,0.0002,0,0.0002,0,0.0001,0,0.1682,0.1973,0.1682,0.1973,1
0,0,0.5865,1.173,1.173,0,0.5865,1.173,1.173,0,0,0,0,0,1.173,0.5865,1.173,0.5865,0,0.5865,0,0,0.0001,0.0001,0.0001,0,0.0001,0.0001,0.0001,0,0,0,0,0,0.0001,0.0001,0.0001,0.0001,0,0.0001,0.1716,0.2419,0.1716,0.2419,1
0.6743,0,0.6743,0,0.6743,1.3487,0.6743,0,0.6743,1.3487,0.6743,1.3487,0.6743,0,0,0.6743,0,0,0,0.6743,0.0001,0,0.0001,0,0.0001,0.0002,0.0001,0,0.0001,0.0002,0.0001,0.0002,0.0001,0,0,0.0001,0,0,0,0.0001,0.164,0.1617,0.164,0.1617,1
0.6372,0,0,0,0.6372,1.2745,1.2745,0,0.6372,1.2745,0.6372,0,0,0,0.6372,0.6372,0.6372,0,0.6372,0,0.0001,0,0,0,0.0001,0.0001,0.0001,0,0.0001,0.0001,0.0001,0,0,0,0.0001,0.0001,0.0001,0,0.0001,0,0.1771,0.1856,0.1771,0.1856,1
0,0,0,1.2467,0,0,0,1.2467,1.2467,0,1.2467,0,1.8701,0,0.6234,0,1.8701,0.6234,0.6234,0,0,0,0,0.0002,0,0,0,0.0002,0.0002,0,0.0002,0,0.0003,0,0.0001,0,0.0003,0.0001,0.0001,0,0.167,0.2096,0.167,0.2096,1
0,0,0.721,0.721,0,0,0.721,0,0.721,2.1629,1.442,0,0,0.721,0,0,0.721,0.721,0,0,0,0,0.0001,0.0001,0,0,0.0001,0,0.0001,0.0003,0.0002,0,0,0.0001,0,0,0.0001,0.0001,0,0,0.1483,0.1307,0.1483,0.1307,1
1.9932,0,0.6644,0,1.3288,0.6644,0.6644,0,0,0.6644,0,1.3288,0,0,0.6644,0.6644,1.3288,0,0,0,0.0002,0,0.0001,0,0.0002,0.0001,0.0001,0,0,0.0001,0,0.0002,0,0,0.0001,0.0001,0.0002,0,0,0,0.1613,0.1743,0.1613,0.1743,1
0,0,0.4422,3.0952,0,0,0,1.3265,2.653,0.4422,0,0.8843,0,0,0,0.8843,0.4422,0,0.8843,0.4422,0,0,0,0.0003,0,0,0,0.0001,0.0002,0,0,0.0001,0,0,0,0.0001,0,0,0.0001,0,0.2546,0.3032,0.2546,0.3032,1
0.5532,0.5532,0.5532,1.1064,0,2.2127,0,2.2127,0.5532,0.5532,1.1064,0.5532,1.1064,0,0.5532,1.1064,1.6595,0,0,1.1064,0,0,0,0.0001,0,0.0002,0,0.0002,0,0,0.0001,0,0.0001,0,0,0.0001,0.0001,0,0,0.0001,0.2449,0.2019,0.2449,0.2019,1
3.0462,0,1.5231,0,0,0,0,0,0,0,1.5231,0.7616,0,0,0.7616,0.7616,0.7616,1.5231,0,0.7616,0.0004,0,0.0002,0,0,0,0,0,0,0,0.0002,0.0001,0,0,0.0001,0.0001,0.0001,0.0002,0,0.0001,0.0992,0.1392,0.0992,0.1392,1
0,0,0.4818,2.8911,0,0,0,1.4455,2.8911,0.4818,0,0,0,0,0,0,0.4818,0,0.9637,0.4818,0,0,0,0.0003,0,0,0,0.0001,0.0003,0,0,0,0,0,0,0,0,0,0.0001,0,0.2269,0.2912,0.2269,0.2912,1
1.233,0,1.233,0.6165,0.6165,0.6165,0.6165,0,0,1.233,1.8496,1.8496,0.6165,0.6165,0,0.6165,0,0.6165,0,0,0.0001,0,0.0001,0.0001,0.0001,0.0001,0.0001,0,0,0.0001,0.0002,0.0002,0.0001,0.0001,0,0.0001,0,0.0001,0,0,0.2226,0.1608,0.2226,0.1608,1
0,0.5615,1.123,0.5615,0,0.5615,1.123,0,1.123,0,0.5615,0.5615,1.123,0,0,1.123,0.5615,0.5615,1.6845,0,0,0,0.0001,0,0,0,0.0001,0,0.0001,0,0,0,0.0001,0,0,0.0001,0,0,0.0001,0,0.2033,0.2353,0.2033,0.2353,1
0,0,0,0,0,0,0,3.9173,0.7835,0.7835,0,0.7835,0,0,0,1.5669,0,0,0,1.5669,0,0,0,0,0,0,0,0.0004,0.0001,0.0001,0,0.0001,0,0,0,0.0002,0,0,0,0.0002,0.1114,0.1051,0.1114,0.1051,1
1.1945,0,0,0,1.7918,0,0.5973,0.5973,0.5973,0.5973,1.1945,0.5973,1.1945,0.5973,1.1945,0.5973,1.1945,1.1945,0,0.5973,0.0001,0,0,0,0.0002,0,0.0001,0.0001,0.0001,0.0001,0.0001,0.0001,0.0001,0.0001,0.0001,0.0001,0.0001,0.0001,0,0.0001,0.2007,0.2021,0.2007,0.2021,1
1.9158,0.6386,0,2.5545,0,0.6386,0,0,0.6386,1.2772,0,0,0.6386,0,0,0,1.9158,0.6386,0,0,0.0002,0.0001,0,0.0003,0,0.0001,0,0,0.0001,0.0001,0,0,0.0001,0,0,0,0.0002,0.0001,0,0,0.1901,0.1713,0.1901,0.1713,1
0.6133,3.68,1.2267,0,0,3.0667,0,0,0.6133,0,0,1.2267,1.2267,0,0.6133,0,3.0667,1.84,0.6133,0,0,0.0001,0,0,0,0.0001,0,0,0,0,0,0,0,0,0,0,0.0001,0.0001,0,0,0.1783,0.2084,0.1783,0.2084,1
0.9973,0,1.496,0,0,0,0.4987,0.4987,1.496,0,0.9973,2.992,0.4987,0.4987,0,0.4987,0.9973,1.9947,0,1.496,0.0001,0,0.0001,0,0,0,0,0,0.0001,0,0.0001,0.0002,0,0,0,0,0.0001,0.0002,0,0.0001,0.242,0.2593,0.242,0.2593,1
0.4757,0.4757,0.4757,0,0.4757,0.4757,0,0,0.4757,2.8545,0,0,0.4757,0,2.3787,0,0.4757,0.4757,0.4757,0.4757,0,0,0,0,0,0,0,0,0,0.0002,0,0,0,0,0.0002,0,0,0,0,0,0.2562,0.2681,0.2562,0.2681,1
0,0,0.6461,0.6461,0,0,0.6461,1.2923,2.5846,0,0.6461,0,1.2923,0,0,0.6461,0,1.2923,0,0,0,0,0.0001,0.0001,0,0,0.0001,0.0002,0.0003,0,0.0001,0,0.0002,0,0,0.0001,0,0.0002,0,0,0.1994,0.1545,0.1994,0.1545,1
0.5608,0,1.1215,1.6823,0,0.5608,0,0,0,0.5608,0,0,2.243,0.5608,1.6823,1.1215,0,1.6823,0,0,0.0001,0,0.0001,0.0002,0,0.0001,0,0,0,0.0001,0,0,0.0003,0.0001,0.0002,0.0001,0,0.0002,0,0,0.216,0.2232,0.216,0.2232,1
1.4334,0.4778,0,0,0.9556,0.9556,0.9556,0,2.3891,0,0,0.9556,0.4778,0.4778,1.9113,0.4778,1.4334,0,0.4778,0,0.0001,0,0,0,0.0001,0.0001,0.0001,0,0.0002,0,0,0.0001,0,0,0.0002,0,0.0001,0,0,0,0.2679,0.2543,0.2679,0.2543,1
1.6846,0.5615,0,0.5615,2.2461,1.1231,0,0,0,0,0.5615,0.5615,1.1231,1.1231,1.6846,0.5615,1.1231,0.5615,0,0.5615,0.0001,0,0,0,0.0002,0.0001,0,0,0,0,0,0,0.0001,0.0001,0.0001,0,0.0001,0,0,0,0.2236,0.2149,0.2236,0.2149,1
0.7984,0.7984,0.7984,0.7984,0,0,0,0,0.7984,1.5968,0,0,0,0,0,0.7984,1.5968,0.7984,0,0.7984,0.0001,0.0001,0.0001,0.0001,0,0,0,0,0.0001,0.0002,0,0,0,0,0,0.0001,0.0002,0.0001,0,0.0001,0.1047,0.0969,0.1047,0.0969,1
0,0.5005,0.5005,0.5005,0.5005,1.5014,0,1.0009,1.5014,0,1.0009,0.5005,0.5005,0,2.0018,1.5014,0.5005,0.5005,0,1.0009,0,0,0,0,0,0.0001,0,0.0001,0.0001,0,0.0001,0,0,0,0.0001,0.0001,0,0,0,0.0001,0.2242,0.2753,0.2242,0.2753,1
1.1109,1.6663,1.6663,0,0,0,0.5554,0.5554,1.6663,0.5554,0.5554,0,0.5554,0,0.5554,2.2218,0,0.5554,0,0.5554,0.0001,0.0001,0.0001,0,0,0,0,0,0.0001,0,0,0,0,0,0,0.0001,0,0,0,0,0.2115,0.2331,0.2115,0.2331,1
3.187,0.6374,0,2.5496,0,0,0,0.6374,0.6374,1.2748,0,0,0.6374,0,0,0,0.6374,0.6374,0,0,0.0003,0.0001,0,0.0003,0,0,0,0.0001,0.0001,0.0001,0,0,0.0001,0,0,0,0.0001,0.0001,0,0,0.1981,0.1645,0.1981,0.1645,1
0.7026,0,0,0,0,0,0,0,3.5132,0,0,0,0.7026,0,1.4053,0,0.7026,2.8105,0,0.7026,0.0001,0,0,0,0,0,0,0,0.0007,0,0,0,0.0001,0,0.0003,0,0.0001,0.0006,0,0.0001,0.1179,0.1795,0.1179,0.1795,1
1.035,0,0.5175,1.5525,0.5175,0,0,0.5175,2.07,2.5875,0,1.5525,0,0,1.035,0.5175,0,0,0,1.5525,0.0001,0,0,0.0001,0,0,0,0,0.0002,0.0002,0,0.0001,0,0,0.0001,0,0,0,0,0.0001,0.2131,0.2694,0.2131,0.2694,1
1.6346,0,1.0898,1.0898,0,1.6346,0,0,0,2.1795,0.5449,0.5449,0,0,0.5449,0,0.5449,0.5449,0.5449,0,0.0001,0,0.0001,0.0001,0,0.0001,0,0,0,0.0002,0,0,0,0,0,0,0,0,0,0,0.238,0.2171,0.238,0.2171,1
1.5217,0,0,0.5072,0,0.5072,0.5072,0,2.029,0,0.5072,0,1.0145,0,1.5217,1.0145,1.0145,1.0145,1.0145,0,0.0002,0,0,0.0001,0,0.0001,0.0001,0,0.0002,0,0.0001,0,0.0001,0,0.0002,0.0001,0.0001,0.0001,0.0001,0,0.2495,0.2433,0.2495,0.2433,1
1.0493,0,0,1.5739,1.0493,0,1.0493,1.5739,0.5246,0,0.5246,0,0,0.5246,0.5246,0.5246,0.5246,0,0,1.0493,0.0001,0,0,0.0002,0.0001,0,0.0001,0.0002,0.0001,0,0.0001,0,0,0.0001,0.0001,0.0001,0.0001,0,0,0.0001,0.2171,0.2583,0.2171,0.2583,1
4.8064,0,0,0,0,0,0,1.6021,1.6021,3.2043,0,0,1.6021,0,1.6021,0,0,1.6021,0,0,0.0007,0,0,0,0,0,0,0.0002,0.0002,0.0004,0,0,0.0002,0,0.0002,0,0,0.0002,0,0,0.0775,0.1214,0.0775,0.1214,1
0.4928,0,0.4928,0,0.4928,1.4783,0,0,0.4928,0.9855,0,1.4783,0.4928,0.4928,1.4783,0,0.9855,1.4783,0.4928,0.9855,0,0,0,0,0,0.0001,0,0,0,0.0001,0,0.0001,0,0,0.0001,0,0.0001,0.0001,0,0.0001,0.2516,0.2556,0.2516,0.2556,1
3.863,0.4829,0.4829,0,0,0.9657,0,0,2.4144,2.8972,0.4829,0.4829,0,0,0,0,0.4829,0.9657,0.4829,0,0.0003,0,0,0,0,0.0001,0,0,0.0002,0.0002,0,0,0,0,0,0,0,0.0001,0,0,0.2245,0.2926,0.2245,0.2926,1
2.2103,0,0.5526,1.1051,0.5526,0,0.5526,0,0,0.5526,0.5526,0,0,0,1.6577,0,1.6577,0.5526,0,0,0.0003,0,0.0001,0.0002,0.0001,0,0.0001,0,0,0.0001,0.0001,0,0,0,0.0002,0,0.0002,0.0001,0,0,0.1928,0.2547,0.1928,0.2547,1
0,0,0.6064,0.6064,1.8191,1.2127,0.6064,0.6064,0,0.6064,0,0.6064,0,0.6064,1.2127,1.2127,0.6064,0.6064,0,0.6064,0,0,0.0001,0.0001,0.0002,0.0001,0.0001,0.0001,0,0.0001,0,0.0001,0,0.0001,0.0001,0.0001,0.0001,0.0001,0,0.0001,0.2066,0.187,0.2066,0.187,1
2.3994,0,0,0.4799,0,0,0,0,0.4799,0,0,0.4799,0,0,5.2787,0,0.4799,0,0.4799,0,0.0003,0,0,0.0001,0,0,0,0,0.0001,0,0,0.0001,0,0,0.0007,0,0.0001,0,0.0001,0,0.2491,0.2711,0.2491,0.2711,1
1.0695,1.0695,0,0.5347,0,1.6042,1.0695,0,1.0695,1.0695,0,0,1.6042,0,0.5347,0.5347,0.5347,1.6042,0,1.6042,0.0001,0.0001,0,0,0,0.0001,0.0001,0,0.0001,0.0001,0,0,0.0001,0,0,0,0,0.0001,0,0.0001,0.2706,0.1947,0.2706,0.1947,1
0,4.4431,0,0.6347,0,3.1736,0,0,0,0.6347,0,1.2694,1.9042,0,0.6347,0.6347,3.1736,1.9042,0.6347,0,0,0.0002,0,0,0,0.0001,0,0,0,0,0,0,0.0001,0,0,0,0.0001,0.0001,0,0,0.1881,0.1771,0.1881,0.1771,1
1.5451,0,0,0,0,0,0,0,4.6353,0,0,0,0,0,0,0,0.7726,2.3177,0,1.5451,0.0004,0,0,0,0,0,0,0,0.0012,0,0,0,0,0,0,0,0.0002,0.0006,0,0.0004,0.0835,0.144,0.0835,0.144,1
1.8905,0.6302,1.8905,0.6302,0.6302,0,0,0.6302,0,1.2604,0.6302,0,0.6302,0,0,2.5207,0,0.6302,0,0,0.0001,0,0.0001,0,0,0,0,0,0,0.0001,0,0,0,0,0,0.0002,0,0,0,0,0.1981,0.1718,0.1981,0.1718,1
1.4691,0.4897,0,0,0.4897,0.4897,0,0,0.4897,0,0,0.4897,0.4897,0,4.4072,0.9794,0,0.4897,0,0.4897,0.0002,0.0001,0,0,0.0001,0.0001,0,0,0.0001,0,0,0.0001,0.0001,0,0.0005,0.0001,0,0.0001,0,0.0001,0.3028,0.2075,0.3028,0.2075,1
3.1162,0,0.7791,0,0,0.7791,0,1.5581,0,0.7791,1.5581,0,0.7791,0,0,0.7791,2.3372,0.7791,0,0.7791,0.0004,0,0.0001,0,0,0.0001,0,0.0002,0,0.0001,0.0002,0,0.0001,0,0,0.0001,0.0003,0.0001,0,0.0001,0.1106,0.1104,0.1106,0.1104,1
4.107,0,0,0,0,0,0,0,5.339,0.8214,0,0,0,0.4107,0,0,0.4107,0.8214,0,0,0.0005,0,0,0,0,0,0,0,0.0006,0.0001,0,0,0,0,0,0,0,0.0001,0,0,0.2432,0.3461,0.2432,0.3461,1
0.5282,0,1.0564,0,0.5282,1.5846,0,0.5282,1.0564,2.6409,0,1.0564,0.5282,0,0.5282,0,1.0564,1.0564,0,0,0,0,0.0001,0,0,0.0001,0,0,0.0001,0.0002,0,0.0001,0,0,0,0,0.0001,0.0001,0,0,0.2206,0.2512,0.2206,0.2512,1
2.1966,0,0,1.0983,0,0.5491,1.0983,1.0983,0.5491,3.844,0.5491,0,3.844,0,0.5491,0,0,0.5491,0,0,0.0002,0,0,0.0001,0,0.0001,0.0001,0.0001,0.0001,0.0004,0.0001,0,0.0004,0,0.0001,0,0,0.0001,0,0,0.2671,0.1838,0.2671,0.1838,1
0.6421,1.2843,0,0,1.2843,0,0,0.6421,0.6421,0,0.6421,1.2843,0,0,1.2843,0.6421,0.6421,0,0,0.6421,0.0001,0.0001,0,0,0.0001,0,0,0.0001,0.0001,0,0.0001,0.0001,0,0,0.0001,0.0001,0.0001,0,0,0.0001,0.2097,0.1482,0.2097,0.1482,1
2.1513,2.6891,1.6134,0.5378,0.5378,0.5378,0,0.5378,1.0756,2.1513,1.0756,0,0.5378,0,0.5378,0.5378,0,1.0756,0,0.5378,0.0001,0.0001,0.0001,0,0,0,0,0,0,0.0001,0,0,0,0,0,0,0,0,0,0,0.255,0.2072,0.255,0.2072,1
0,0,0,0,0.7918,0.7918,0,0,3.1671,0,0,0,0,0,3.1671,0,0,0,0,0,0,0,0,0,0.0003,0.0003,0,0,0.0011,0,0,0,0,0,0.0011,0,0,0,0,0,0.1044,0.1039,0.1044,0.1039,1
0.7037,1.4074,0,0,0,2.1111,0,2.1111,0,0.7037,0.7037,1.4074,2.8148,0.7037,0.7037,0,3.5185,0.7037,0,1.4074,0,0.0001,0,0,0,0.0001,0,0.0001,0,0,0,0.0001,0.0002,0,0,0,0.0002,0,0,0.0001,0.1456,0.1507,0.1456,0.1507,1
3.4699,0,0,0,0,0.694,0,0,1.388,4.1639,0,0,2.0819,0,2.7759,0,0,0.694,0,0,0.0004,0,0,0,0,0.0001,0,0,0.0002,0.0005,0,0,0.0003,0,0.0003,0,0,0.0001,0,0,0.1243,0.1817,0.1243,0.1817,1
1.1507,0,0.5754,0.5754,0,2.3015,0,1.1507,0.5754,0,1.1507,0.5754,1.7261,0,0.5754,1.1507,1.7261,1.1507,0,0.5754,0.0001,0,0,0,0,0.0002,0,0.0001,0,0,0.0001,0,0.0001,0,0,0.0001,0.0001,0.0001,0,0,0.1798,0.2448,0.1798,0.2448,1
0,0.9952,0.4976,0,0.4976,0.4976,0,0.4976,1.9903,0.4976,0.4976,0,0,0.4976,1.9903,0,0.4976,0,0.9952,0,0,0.0001,0,0,0,0,0,0,0.0001,0,0,0,0,0,0.0001,0,0,0,0.0001,0,0.2489,0.2535,0.2489,0.2535,1
1.6884,0,0,0,0.8442,0,0,0,3.3768,0,0,0,0.8442,0,0,0,0.8442,2.5326,0,0.8442,0.0005,0,0,0,0.0002,0,0,0,0.001,0,0,0,0.0002,0,0,0,0.0002,0.0007,0,0.0002,0.063,0.0928,0.063,0.0928,1
0.5468,2.187,0.5468,0,0,0,1.0935,1.0935,0.5468,1.6403,1.0935,0,0.5468,0.5468,1.0935,0,3.2805,1.6403,0,0.5468,0,0.0001,0,0,0,0,0.0001,0.0001,0,0.0001,0.0001,0,0,0,0.0001,0,0.0002,0.0001,0,0,0.2126,0.2407,0.2126,0.2407,1
1.9999,0,0.6666,0,0,2.6665,0,0,0.6666,1.3332,0,0.6666,0,0,0.6666,0,0,0.6666,0,0.6666,0.0002,0,0.0001,0,0,0.0003,0,0,0.0001,0.0002,0,0.0001,0,0,0.0001,0,0,0.0001,0,0.0001,0.1822,0.1512,0.1822,0.1512,1
0.6916,0,0,0,0.6916,0.6916,0.6916,1.3832,1.3832,0,0.6916,0,0,0.6916,0.6916,0,0,0.6916,0,0.6916,0.0001,0,0,0,0.0001,0.0001,0.0001,0.0002,0.0002,0,0.0001,0,0,0.0001,0.0001,0,0,0.0001,0,0.0001,0.1614,0.147,0.1614,0.147,1
4.7426,2.3713,0.5928,0,0,0.5928,0.5928,1.1857,1.7785,0.5928,0,0,0.5928,0,0,0.5928,1.7785,0,0,0,0.0002,0.0001,0,0,0,0,0,0.0001,0.0001,0,0,0,0,0,0,0,0.0001,0,0,0,0.1942,0.2129,0.1942,0.2129,1
0.6013,0,0,1.804,0.6013,0,0,0,1.2027,1.804,0,0.6013,0,0,0.6013,0.6013,0.6013,0.6013,0,0,0.0001,0,0,0.0002,0.0001,0,0,0,0.0001,0.0002,0,0.0001,0,0,0.0001,0.0001,0.0001,0.0001,0,0,0.2396,0.1591,0.2396,0.1591,1
0,0,1.1177,0,0.5588,0,0,1.1177,1.1177,0.5588,0.5588,1.1177,1.1177,0.5588,0.5588,0.5588,0.5588,0.5588,1.1177,0,0,0,0.0001,0,0,0,0,0.0001,0.0001,0,0,0.0001,0.0001,0,0,0,0,0,0.0001,0,0.2052,0.236,0.2052,0.236,1
0,0,1.1848,0,1.7772,0.5924,1.1848,1.1848,0,0,0.5924,0,1.7772,0,1.1848,1.1848,0.5924,0,0.5924,0,0,0,0.0001,0,0.0002,0.0001,0.0001,0.0001,0,0,0.0001,0,0.0002,0,0.0001,0.0001,0.0001,0,0.0001,0,0.2146,0.1931,0.2146,0.1931,1
0,0,0,0,0,1.8576,0,0.6192,1.8576,2.4768,0,0.6192,0.6192,0,0.6192,0,0.6192,0,0,0,0,0,0,0,0,0.0002,0,0.0001,0.0002,0.0003,0,0.0001,0.0001,0,0.0001,0,0.0001,0,0,0,0.1981,0.1827,0.1981,0.1827,1
1.2839,0,0.6419,0,0,1.9258,0,0.6419,0.6419,3.2097,0.6419,1.9258,0,0,0,0,0.6419,0.6419,0.6419,0,0.0001,0,0,0,0,0.0001,0,0,0,0.0002,0,0.0001,0,0,0,0,0,0,0,0,0.1957,0.1624,0.1957,0.1624,1
0.998,0.499,0.499,0.998,0.499,0.499,0.998,1.9961,0.499,1.497,0,0,3.4931,0,0.998,0,0.499,0.998,0,0,0.0001,0,0,0.0001,0,0,0.0001,0.0002,0,0.0001,0,0,0.0003,0,0.0001,0,0,0.0001,0,0,0.2868,0.2142,0.2868,0.2142,1
0.4712,0,0,0,0.9423,0.9423,0,0.4712,1.4135,1.4135,0,0,0.4712,0.4712,2.3558,0,0.9423,0.4712,0.4712,0.4712,0,0,0,0,0.0001,0.0001,0,0,0.0001,0.0001,0,0,0,0,0.0002,0,0.0001,0,0,0,0.2362,0.2927,0.2362,0.2927,1
0.6491,0.6491,0.6491,0.6491,2.5966,0,0,1.2983,0.6491,0.6491,0,0.6491,2.5966,0,0,0.6491,0,1.2983,0,0,0,0,0,0,0.0002,0,0,0.0001,0,0,0,0,0.0002,0,0,0,0,0.0001,0,0,0.1788,0.1721,0.1788,0.1721,1
0,0,0.6066,0.6066,0.6066,0,0,0.6066,1.2133,2.4266,0,0,1.2133,1.2133,0.6066,0,0,0,0,0.6066,0,0,0.0001,0.0001,0.0001,0,0,0.0001,0.0002,0.0003,0,0,0.0002,0.0002,0.0001,0,0,0,0,0.0001,0.1703,0.2231,0.1703,0.2231,1
1.5071,0.5024,0,0,1.0048,1.0048,0.5024,1.0048,1.5071,0.5024,1.5071,0.5024,1.5071,0,1.0048,1.0048,0,0,0.5024,0,0.0001,0,0,0,0.0001,0.0001,0,0.0001,0.0001,0,0.0001,0,0.0001,0,0.0001,0.0001,0,0,0,0,0.226,0.2717,0.226,0.2717,1
0.9758,0,0,0.4879,1.4637,0.9758,0.9758,0,1.4637,0,0,0,0.9758,0,3.4154,1.4637,0.4879,0,0,0.4879,0.0001,0,0,0,0.0001,0.0001,0.0001,0,0.0001,0,0,0,0.0001,0,0.0003,0.0001,0,0,0,0,0.2457,0.2664,0.2457,0.2664,1
1.8446,0,1.8446,0.4611,0,0,0.4611,0.4611,2.7668,0.9223,0.9223,0.4611,0,0,0,0.4611,1.3834,0,0,1.3834,0.0001,0,0.0001,0,0,0,0,0,0.0002,0.0001,0.0001,0,0,0,0,0,0.0001,0,0,0.0001,0.2345,0.3043,0.2345,0.3043,1
3.2648,0.653,0,0,0,2.6118,0.653,0.653,0,4.5707,0,0.653,0,0,0,0,0.653,0.653,0.653,0.653,0.0002,0,0,0,0,0.0002,0,0,0,0.0003,0,0,0,0,0,0,0,0,0,0,0.1882,0.1589,0.1882,0.1589,1
2.7466,0,1.0986,0.5493,1.0986,1.6479,0,0,1.0986,1.0986,0,1.0986,0.5493,0,1.0986,0.5493,0,0,0,0,0.0002,0,0.0001,0,0.0001,0.0001,0,0,0.0001,0.0001,0,0.0001,0,0,0.0001,0,0,0,0,0,0.2555,0.1952,0.2555,0.1952,1
0.6164,0.6164,0,0,0.6164,2.4658,1.2329,0,0,0.6164,0,0.6164,1.2329,1.2329,0,1.2329,0.6164,0,1.2329,0,0,0,0,0,0,0.0002,0.0001,0,0,0,0,0,0.0001,0.0001,0,0.0001,0,0,0.0001,0,0.2117,0.1719,0.2117,0.1719,1
0.971,0.4855,0,0,0.4855,0.4855,0.971,1.4565,1.942,1.942,0,0.4855,1.4565,0,0.4855,0,0.971,1.942,0,0,0.0001,0,0,0,0,0,0.0001,0.0001,0.0002,0.0002,0,0,0.0001,0,0,0,0.0001,0.0002,0,0,0.2521,0.2624,0.2521,0.2624,1
0.8386,0,0,0,0,0,0,0,3.3543,2.5157,0,0,0,0,0,0,0.8386,2.5157,0,0.8386,0.0002,0,0,0,0,0,0,0,0.0009,0.0007,0,0,0,0,0,0,0.0002,0.0007,0,0.0002,0.063,0.0984,0.063,0.0984,1
0,0,0,0,0.8443,0,0,0,3.3772,0.8443,0,0,0.8443,0,0,0,0.8443,3.3772,0,0.8443,0,0,0,0,0.0002,0,0,0,0.0009,0.0002,0,0,0.0002,0,0,0,0.0002,0.0009,0,0.0002,0.0634,0.0923,0.0634,0.0923,1
0,0.5576,2.2304,1.6728,0,1.1152,0,0,0,1.6728,0,1.6728,0.5576,0,0,0,0,1.6728,0,0,0,0,0.0002,0.0001,0,0.0001,0,0,0,0.0001,0,0.0001,0,0,0,0,0,0.0001,0,0,0.209,0.2334,0.209,0.2334,1
1.847,1.2313,1.2313,0.6157,0,1.2313,0.6157,0.6157,0,0.6157,0.6157,0.6157,0,0,0,0.6157,0.6157,1.2313,0,0.6157,0.0001,0.0001,0.0001,0,0,0.0001,0,0,0,0,0,0,0,0,0,0,0,0.0001,0,0,0.1981,0.1863,0.1981,0.1863,1
0.7019,0,0,0,0,0,0,0.7019,1.4037,0,0,0,0,0.7019,1.4037,0.7019,0,0.7019,0.7019,0,0.0001,0,0,0,0,0,0,0.0001,0.0003,0,0,0,0,0.0001,0.0003,0.0001,0,0.0001,0.0001,0,0.1941,0.104,0.1941,0.104,1
0,0,0,0,2.2301,0,0,0.7434,2.2301,0.7434,0.7434,0,0.7434,1.4867,2.2301,0,0,0,0,0,0,0,0,0,0.001,0,0,0.0003,0.001,0.0003,0.0003,0,0.0003,0.0006,0.001,0,0,0,0,0,0.1188,0.1378,0.1188,0.1378,1
0.5542,0,1.6625,0,0,0.5542,0,0.5542,0.5542,1.6625,0,0,0,0,1.6625,0,0.5542,1.6625,0.5542,0,0.0001,0,0.0002,0,0,0.0001,0,0.0001,0.0001,0.0002,0,0,0,0,0.0002,0,0.0001,0.0002,0.0001,0,0.2611,0.1847,0.2611,0.1847,1
1.3578,2.0367,0,0,0.6789,0.6789,0,0.6789,0.6789,0,0.6789,1.3578,0,0.6789,1.3578,2.0367,0.6789,1.3578,0.6789,0,0.0001,0.0001,0,0,0,0,0,0,0,0,0,0.0001,0,0,0.0001,0.0001,0,0.0001,0,0,0.1392,0.1819,0.1392,0.1819,1
0,0,1.4977,0.4992,0.4992,0,0,0.4992,1.4977,1.4977,0,0.4992,0,0,0.4992,0.4992,0,0,1.4977,0,0,0,0.0001,0,0,0,0,0,0.0001,0.0001,0,0,0,0,0,0,0,0,0.0001,0,0.2312,0.2696,0.2312,0.2696,1
2.8542,0,0.5708,0.5708,0.5708,0,0.5708,0,0,0,1.7125,0.5708,0.5708,0.5708,1.1417,0,1.7125,0.5708,0,1.1417,0.0003,0,0.0001,0.0001,0.0001,0,0.0001,0,0,0,0.0002,0.0001,0.0001,0.0001,0.0001,0,0.0002,0.0001,0,0.0001,0.2171,0.2121,0.2171,0.2121,1
0.5813,0,0,0,0,1.1627,0,0,1.744,1.744,0,0.5813,0.5813,0,1.1627,1.1627,0,1.1627,0.5813,0.5813,0,0,0,0,0,0.0001,0,0,0.0001,0.0001,0,0,0,0,0.0001,0.0001,0,0.0001,0,0,0.2415,0.1772,0.2415,0.1772,1
0.7568,0,0.7568,0,0.7568,0,0,0.7568,3.0272,0.7568,0,0,0,0,0,0,0,2.2704,0,0.7568,0.0001,0,0.0001,0,0.0001,0,0,0.0001,0.0005,0.0001,0,0,0,0,0,0,0,0.0003,0,0.0001,0.0994,0.1438,0.0994,0.1438,1
0.699,0,0,0,1.3979,1.3979,0,0.699,0.699,2.0969,0,0,0,0.699,0,0.699,0,0,0.699,0,0.0001,0,0,0,0.0001,0.0001,0,0.0001,0.0001,0.0002,0,0,0,0.0001,0,0.0001,0,0,0.0001,0,0.1303,0.1707,0.1303,0.1707,1
0.7014,0.7014,0.7014,0,2.1041,1.4027,0.7014,0,0,0,2.1041,1.4027,2.1041,0,0,0,0.7014,0.7014,0,0,0,0,0,0,0.0001,0.0001,0,0,0,0,0.0001,0.0001,0.0001,0,0,0,0,0,0,0,0.1603,0.1384,0.1603,0.1384,1
0,0.7903,0.7903,0,0,0,0.7903,0,0,0.7903,0,0.7903,1.5807,0,0.7903,0,0.7903,0.7903,0,0,0,0.0001,0.0001,0,0,0,0.0001,0,0,0.0001,0,0.0001,0.0002,0,0.0001,0,0.0001,0.0001,0,0,0.1056,0.1041,0.1056,0.1041,1
1.0061,0.5031,1.5092,0.5031,1.0061,0.5031,0,0,1.0061,0.5031,1.0061,0,0,0.5031,1.5092,0.5031,1.0061,1.0061,0,1.0061,0.0001,0,0.0001,0,0.0001,0,0,0,0.0001,0,0.0001,0,0,0,0.0001,0,0.0001,0.0001,0,0.0001,0.2653,0.2316,0.2653,0.2316,1
0,0.6574,0,0,0.6574,0.6574,0,0.6574,1.9721,1.9721,0,1.9721,2.6295,0,0,0,0.6574,0.6574,0,0.6574,0,0,0,0,0,0,0,0,0.0001,0.0001,0,0.0001,0.0002,0,0,0,0,0,0,0,0.2257,0.117,0.2257,0.117,1
0.572,0,0,0.572,1.144,0.572,0.572,2.288,0,2.288,0,0,0,1.144,5.7201,0,0,0,0,0,0.0001,0,0,0.0001,0.0001,0.0001,0.0001,0.0003,0,0.0003,0,0,0,0.0001,0.0007,0,0,0,0,0,0.2134,0.2146,0.2134,0.2146,1
2.8913,0.7228,0,1.4456,0,2.1685,0,0.7228,0,1.4456,1.4456,0,0,0.7228,0,0.7228,0.7228,0.7228,0,0,0.0002,0.0001,0,0.0001,0,0.0002,0,0.0001,0,0.0001,0.0001,0,0,0.0001,0,0.0001,0.0001,0.0001,0,0,0.1336,0.1436,0.1336,0.1436,1
1.2769,2.5537,0.6384,0.6384,0,1.2769,0,1.2769,0,0,1.9153,1.9153,0.6384,0,0,0.6384,3.8306,1.2769,0,1.2769,0,0.0001,0,0,0,0,0,0,0,0,0.0001,0.0001,0,0,0,0,0.0001,0,0,0,0.1978,0.1638,0.1978,0.1638,1
0,2.5626,0.5125,0.5125,1.5376,0.5125,1.0251,1.5376,1.0251,0,1.0251,0.5125,1.0251,0,0,1.0251,1.0251,0.5125,0,0,0,0.0001,0,0,0.0001,0,0,0.0001,0,0,0,0,0,0,0,0,0,0,0,0,0.2629,0.2246,0.2629,0.2246,1
2.9747,0.5949,1.7848,0.5949,0.5949,0,0,1.1899,0.5949,0,0.5949,0.5949,0,0,0,0.5949,1.1899,0.5949,0,0,0.0002,0,0.0001,0,0,0,0,0.0001,0,0,0,0,0,0,0,0,0.0001,0,0,0,0.2038,0.2013,0.2038,0.2013,1
0.6397,2.5586,0.6397,0,0.6397,3.1983,0,1.2793,0.6397,0,0.6397,1.919,2.5586,0,0,1.2793,2.5586,0.6397,0,0,0,0.0001,0,0,0,0.0001,0,0.0001,0,0,0,0.0001,0.0001,0,0,0.0001,0.0001,0,0,0,0.1781,0.1823,0.1781,0.1823,1
0.6184,0.6184,1.2369,0,0,2.4737,0,0.6184,0.6184,0,0.6184,0,1.2369,0,1.2369,0,0.6184,1.2369,0.6184,0.6184,0,0,0.0001,0,0,0.0002,0,0,0,0,0,0,0.0001,0,0.0001,0,0,0.0001,0,0,0.2054,0.1762,0.2054,0.1762,1
4.7177,0,0,0,0,0,0,0,1.5726,3.9314,0,0,1.5726,0,1.5726,0,0,1.5726,0,0.7863,0.0006,0,0,0,0,0,0,0,0.0002,0.0005,0,0,0.0002,0,0.0002,0,0,0.0002,0,0.0001,0.0819,0.1318,0.0819,0.1318,1
2.8931,0.5786,0.5786,0.5786,0.5786,1.1572,0.5786,0.5786,0.5786,0,1.1572,0.5786,0.5786,0,0,1.1572,3.4717,1.7358,0,0.5786,0.0002,0,0,0,0,0.0001,0,0,0,0,0.0001,0,0,0,0,0.0001,0.0002,0.0001,0,0,0.2193,0.2021,0.2193,0.2021,1
1.8594,0.6198,1.8594,0.6198,0.6198,0,0,1.2396,0,1.2396,0,0.6198,0.6198,0,0,1.8594,0,0.6198,0,0,0.0001,0,0.0001,0,0,0,0,0.0001,0,0.0001,0,0,0,0,0,0.0001,0,0,0,0,0.1925,0.1876,0.1925,0.1876,1
0,3.7591,0,0.6265,0,3.1326,0,0.6265,0,0,0,1.253,1.8796,0,1.253,0.6265,3.1326,1.8796,0.6265,0,0,0.0001,0,0,0,0.0001,0,0,0,0,0,0,0.0001,0,0,0,0.0001,0.0001,0,0,0.1824,0.1911,0.1824,0.1911,1
1.1822,0.5911,0,2.3644,0,3.5465,0,0.5911,0,2.9554,0,0,0.5911,0.5911,0,1.1822,0.5911,0.5911,0,0,0.0001,0,0,0.0002,0,0.0002,0,0,0,0.0002,0,0,0,0,0,0.0001,0,0,0,0,0.1841,0.2248,0.1841,0.2248,1
0,3.233,0,0.5388,0,2.6942,0,0.5388,1.0777,1.0777,0,1.0777,1.6165,0,0.5388,0.5388,2.1553,0.5388,0.5388,0,0,0.0001,0,0,0,0.0001,0,0,0,0,0,0,0.0001,0,0,0,0.0001,0,0,0,0.2377,0.2235,0.2377,0.2235,1
0,0.5627,0.5627,0.5627,1.1254,3.3762,0,0.5627,1.1254,0.5627,0.5627,0,0,0,2.2508,0.5627,0,1.1254,0.5627,0,0,0,0,0,0.0001,0.0002,0,0,0.0001,0,0,0,0,0,0.0001,0,0,0.0001,0,0,0.1982,0.2391,0.1982,0.2391,1
0,0,0,0,1.2217,0.6109,0,1.2217,1.2217,1.8326,0.6109,1.2217,0,0,4.2761,0,0,1.2217,0.6109,1.2217,0,0,0,0,0.0001,0.0001,0,0.0001,0.0001,0.0002,0.0001,0.0001,0,0,0.0004,0,0,0.0001,0.0001,0.0001,0.1871,0.2021,0.1871,0.2021,1
2.4794,0,0,0,1.6529,0,0,0,3.3059,0,0,0,0,0,0,0,0.8265,2.4794,0,0.8265,0.0006,0,0,0,0.0004,0,0,0,0.0008,0,0,0,0,0,0,0,0.0002,0.0006,0,0.0002,0.0586,0.115,0.0586,0.115,1
2.5942,0,0,0,0,0.8647,0,0,0,6.053,0.8647,0,0,0,0,0,0,0,3.4589,0,0.0004,0,0,0,0,0.0001,0,0,0,0.0009,0.0001,0,0,0,0,0,0,0,0.0005,0,0.0942,0.041,0.0942,0.041,1
0.5425,0,1.0851,0,0.5425,0,0,0.5425,1.0851,0.5425,0.5425,1.0851,0,0.5425,0.5425,1.0851,1.6276,1.6276,0.5425,0.5425,0.0001,0,0.0001,0,0.0001,0,0,0.0001,0.0001,0.0001,0.0001,0.0001,0,0.0001,0.0001,0.0001,0.0002,0.0002,0.0001,0.0001,0.2436,0.2139,0.2436,0.2139,1
0,0,0.4389,2.6335,0,0,0,1.3168,2.6335,0.4389,0.4389,0.8778,0,0.8778,0,0.8778,0.4389,0,1.3168,0.4389,0,0,0,0.0002,0,0,0,0.0001,0.0002,0,0,0.0001,0,0.0001,0,0.0001,0,0,0.0001,0,0.244,0.3171,0.244,0.3171,1
1.0568,0.5284,2.6419,0,0.5284,0,0,0,0.5284,1.0568,0,0.5284,0.5284,0,0.5284,2.1136,1.0568,0.5284,0,0.5284,0.0001,0,0.0002,0,0,0,0,0,0,0.0001,0,0,0,0,0,0.0001,0.0001,0,0,0,0.2148,0.2569,0.2148,0.2569,1
1.9792,0,0,0,0,0.4948,0.9896,0,2.474,0.4948,1.4844,0,0,0,0.4948,0,0,1.4844,0.4948,0,0.0002,0,0,0,0,0.0001,0.0001,0,0.0003,0.0001,0.0002,0,0,0,0.0001,0,0,0.0002,0.0001,0,0.2277,0.2775,0.2277,0.2775,1
3.1465,0,0,0,0,0,0,0.3933,4.3264,0.3933,0,0,0,0,1.9666,0.3933,0.3933,0.7866,0,0,0.0004,0,0,0,0,0,0,0,0.0005,0,0,0,0,0,0.0002,0,0,0.0001,0,0,0.2352,0.3715,0.2352,0.3715,1
1.7843,0.4461,1.3382,1.3382,0,1.3382,0,0,2.2304,1.7843,0.4461,0,0.4461,0,0,0.4461,0,1.3382,0.4461,0,0.0001,0,0.0001,0.0001,0,0.0001,0,0,0.0001,0.0001,0,0,0,0,0,0,0,0.0001,0,0,0.2808,0.2731,0.2808,0.2731,1
0.644,0,0.644,0,0.644,0,0,1.2879,0.644,1.2879,0.644,1.2879,1.2879,0,0.644,0.644,0.644,1.2879,0,0,0.0001,0,0.0001,0,0.0001,0,0,0.0001,0.0001,0.0001,0.0001,0.0001,0.0001,0,0.0001,0.0001,0.0001,0.0001,0,0,0.19,0.1661,0.19,0.1661,1
0.8527,0.4264,0,0,0.8527,0,0,1.2791,1.7055,0.4264,0,0,0,0,3.8373,0.4264,0,1.2791,0,0.4264,0.0001,0,0,0,0.0001,0,0,0.0001,0.0002,0,0,0,0,0,0.0004,0,0,0.0001,0,0,0.2245,0.3492,0.2245,0.3492,1
0.6907,0,0,0.6907,0,0,0,0,0.6907,0.6907,0.6907,0.6907,0,0,0,2.072,0.6907,2.7627,0.6907,0.6907,0.0001,0,0,0.0001,0,0,0,0,0.0001,0.0001,0.0001,0.0001,0,0,0,0.0002,0.0001,0.0003,0.0001,0.0001,0.1505,0.1588,0.1505,0.1588,1
0,0.5043,0,0,0,1.0087,0,0,2.0173,0.5043,0.5043,1.0087,0,1.0087,3.5303,0,0.5043,0,0,0,0,0.0001,0,0,0,0.0001,0,0,0.0002,0.0001,0.0001,0.0001,0,0.0001,0.0004,0,0.0001,0,0,0,0.2294,0.2663,0.2294,0.2663,1
1.0299,0.5149,1.0299,0.5149,0.5149,0,0,0.5149,2.0598,0,0.5149,0.5149,0.5149,0,3.0897,0,0,0.5149,0.5149,0,0.0001,0,0.0001,0,0,0,0,0,0.0002,0,0,0,0,0,0.0003,0,0,0,0,0,0.267,0.218,0.267,0.218,1
1.2564,0,0,1.2564,1.8847,0,0,1.8847,1.2564,0.6282,0.6282,0.6282,1.8847,0,0,0.6282,0,0.6282,0,0,0.0001,0,0,0.0001,0.0002,0,0,0.0002,0.0001,0.0001,0.0001,0.0001,0.0002,0,0,0.0001,0,0.0001,0,0,0.2268,0.145,0.2268,0.145,1
0.8579,0,1.2868,0.4289,0.4289,1.7158,0,0,1.2868,1.7158,0,0.8579,0.8579,0,0.8579,0,0,1.2868,0,0.4289,0.0001,0,0.0001,0,0,0.0001,0,0,0.0001,0.0001,0,0.0001,0.0001,0,0.0001,0,0,0.0001,0,0,0.2644,0.3066,0.2644,0.3066,1
1.2353,0,0,0,0.6177,2.4707,0,1.2353,1.2353,1.2353,0,0.6177,1.853,0,1.2353,0,0,1.2353,0,0,0.0001,0,0,0,0.0001,0.0002,0,0.0001,0.0001,0.0001,0,0.0001,0.0002,0,0.0001,0,0,0.0001,0,0,0.1893,0.193,0.1893,0.193,1
0.6197,0,0.6197,0.6197,1.2394,1.2394,0,0,0.6197,0.6197,0.6197,3.0985,0.6197,0,0,0.6197,0,1.2394,0,0.6197,0,0,0,0,0.0001,0.0001,0,0,0,0,0,0.0002,0,0,0,0,0,0.0001,0,0,0.1743,0.206,0.1743,0.206,1
2.1316,0,0,0,1.4211,2.8422,0,0.7105,0,4.2633,0.7105,0.7105,0,0.7105,0,0,0,0,0.7105,0,0.0001,0,0,0,0.0001,0.0002,0,0,0,0.0003,0,0,0,0,0,0,0,0,0,0,0.1428,0.1466,0.1428,0.1466,1
0.5104,1.0209,0,0.5104,1.0209,2.0417,0.5104,0,2.5521,1.0209,0.5104,0,0.5104,0,1.5313,0,0,1.0209,0,0,0,0.0001,0,0,0.0001,0.0001,0,0,0.0002,0.0001,0,0,0,0,0.0001,0,0,0.0001,0,0,0.2256,0.264,0.2256,0.264,1
1.8118,0.6039,0.6039,0,0.6039,1.2078,0.6039,0.6039,0.6039,0,0.6039,0,0,0,0.6039,0,2.4157,1.2078,1.2078,0,0.0001,0,0,0,0,0.0001,0,0,0,0,0,0,0,0,0,0,0.0002,0.0001,0.0001,0,0.2,0.1961,0.2,0.1961,1
0,0,0.5385,0.5385,0.5385,0,1.077,0.5385,0.5385,1.077,1.077,0,0.5385,1.077,2.6925,0,0,0,0.5385,0,0,0,0.0001,0.0001,0.0001,0,0.0001,0.0001,0.0001,0.0001,0.0001,0,0.0001,0.0001,0.0003,0,0,0,0.0001,0,0.1992,0.2623,0.1992,0.2623,1
0,0.5167,1.5502,0.5167,0.5167,0,0,1.0335,0.5167,1.0335,0,0.5167,0,0,0.5167,1.0335,0,0.5167,1.5502,0,0,0,0.0001,0,0,0,0,0.0001,0,0.0001,0,0,0,0,0,0.0001,0,0,0.0001,0,0.2438,0.2395,0.2438,0.2395,1
1.2819,0,0.641,0,1.2819,1.9229,0,0.641,0,0.641,0,0,0,0,0.641,0.641,1.9229,1.2819,0.641,0,0.0001,0,0.0001,0,0.0001,0.0002,0,0.0001,0,0.0001,0,0,0,0,0.0001,0.0001,0.0002,0.0001,0.0001,0,0.1893,0.1698,0.1893,0.1698,1
1.6504,0,0,0,0.8252,0,0,0,3.3008,0,0,0,0,0,0,0.8252,0.8252,3.3008,0,0.8252,0.0003,0,0,0,0.0002,0,0,0,0.0007,0,0,0,0,0,0,0.0002,0.0002,0.0007,0,0.0002,0.0655,0.1093,0.0655,0.1093,1
0.6371,0,0,0,0.6371,1.9113,0.6371,0.6371,0.6371,0,0,0.6371,1.2742,0,2.5485,0,0.6371,1.2742,0,0,0.0001,0,0,0,0.0001,0.0003,0.0001,0.0001,0.0001,0,0,0.0001,0.0002,0,0.0003,0,0.0001,0.0002,0,0,0.1648,0.1981,0.1648,0.1981,1
2.0751,0.5188,0.5188,0.5188,0.5188,3.1126,0,1.0375,1.5563,0.5188,0,0,0,0.5188,0.5188,0.5188,0,0.5188,0,0.5188,0.0001,0,0,0,0,0.0002,0,0.0001,0.0001,0,0,0,0,0,0,0,0,0,0,0,0.2446,0.2366,0.2446,0.2366,1
0.6837,0.6837,0.6837,0,2.0512,0,0,1.3675,0.6837,0.6837,1.3675,0,0.6837,0,1.3675,0.6837,1.3675,0,0,0,0,0,0,0,0.0001,0,0,0.0001,0,0,0.0001,0,0,0,0.0001,0,0.0001,0,0,0,0.2418,0.0744,0.2418,0.0744,1
1.5255,0,0,0,0,0.5085,0.5085,0.5085,2.034,0,0.5085,0,1.017,0,1.5255,0,1.017,1.5255,0.5085,0.5085,0.0002,0,0,0,0,0.0001,0.0001,0.0001,0.0003,0,0.0001,0,0.0001,0,0.0002,0,0.0001,0.0002,0.0001,0.0001,0.2843,0.2072,0.2843,0.2072,1
0.8912,0,1.3368,1.7824,0,0,0,0.8912,1.3368,2.6736,0.4456,1.7824,0,0.4456,0,0.4456,0,0.4456,0.4456,0.4456,0.0001,0,0.0001,0.0001,0,0,0,0.0001,0.0001,0.0002,0,0.0001,0,0,0,0,0,0,0,0,0.2632,0.2912,0.2632,0.2912,1
0.6562,0.6562,0.6562,0,1.3124,0,0.6562,0.6562,0.6562,0,0.6562,0,0.6562,0,0.6562,0,1.3124,0.6562,0,0.6562,0.0001,0.0001,0.0001,0,0.0001,0,0.0001,0.0001,0.0001,0,0.0001,0,0.0001,0,0.0001,0,0.0001,0.0001,0,0.0001,0.221,0.1228,0.221,0.1228,1
2.919,0,0,0,0,0,0,0,2.3352,2.3352,0,0,0,0,0.5838,0,0.5838,1.1676,0.5838,0,0.0004,0,0,0,0,0,0,0,0.0003,0.0003,0,0,0,0,0.0001,0,0.0001,0.0002,0.0001,0,0.1675,0.2487,0.1675,0.2487,1
0,0,0.532,0,0.532,0.532,0,0.532,1.5959,0.532,0.532,1.0639,0.532,0,1.0639,0,1.0639,0,0.532,0.532,0,0,0.0001,0,0.0001,0.0001,0,0.0001,0.0002,0.0001,0.0001,0.0001,0.0001,0,0.0001,0,0.0001,0,0.0001,0.0001,0.2475,0.2206,0.2475,0.2206,1
0.9365,0.4682,0,0.4682,0.9365,0.4682,0,0.4682,0.4682,0,0.4682,0.4682,1.8729,0,2.3412,0.4682,0.4682,0.4682,0,1.8729,0.0001,0,0,0,0.0001,0,0,0,0,0,0,0,0.0001,0,0.0002,0,0,0,0,0.0001,0.2735,0.2583,0.2735,0.2583,1
0.6119,1.8358,0,0,1.2239,3.6716,0,1.8358,1.8358,2.4478,0.6119,0.6119,0.6119,0,0,1.2239,0,1.2239,0,0,0,0.0001,0,0,0,0.0001,0,0.0001,0.0001,0.0001,0,0,0,0,0,0,0,0,0,0,0.1745,0.2136,0.1745,0.2136,1
1.2601,0.63,0,0,0,0,0.63,0,2.5202,0.63,1.2601,0,0.63,0.63,0,0,0,1.8901,0.63,0,0.0001,0.0001,0,0,0,0,0.0001,0,0.0002,0.0001,0.0001,0,0.0001,0.0001,0,0,0,0.0002,0.0001,0,0.1824,0.1875,0.1824,0.1875,1
1.628,0.814,0.814,0,0,0.814,0,0,0,1.628,0.814,1.628,1.628,0,0,1.628,2.442,1.628,0,0,0.0002,0.0001,0.0001,0,0,0.0001,0,0,0,0.0002,0.0001,0.0002,0.0002,0,0,0.0002,0.0002,0.0002,0,0,0.0965,0.0895,0.0965,0.0895,1
1.5738,0,0.5246,0.5246,0.5246,0,0,0,0,1.0492,0,0,0,0,1.5738,0.5246,1.5738,0.5246,1.0492,0,0.0002,0,0.0001,0.0001,0.0001,0,0,0,0,0.0001,0,0,0,0,0.0002,0.0001,0.0002,0.0001,0.0001,0,0.2144,0.261,0.2144,0.261,1
0,0,0.6093,0.6093,1.2187,0,1.2187,1.2187,0,0.6093,1.2187,0,1.828,0,1.2187,0,0,0.6093,0.6093,1.828,0,0,0.0001,0.0001,0.0001,0,0.0001,0.0001,0,0.0001,0.0001,0,0.0002,0,0.0001,0,0,0.0001,0.0001,0.0002,0.2186,0.1721,0.2186,0.1721,1
0,1.9343,1.4507,1.4507,0,0,1.4507,1.9343,1.4507,0.4836,0,0,0,0.4836,0.4836,0.9671,1.9343,0.4836,0,0,0,0.0001,0.0001,0.0001,0,0,0.0001,0.0001,0.0001,0,0,0,0,0,0,0.0001,0.0001,0,0,0,0.3483,0.1681,0.3483,0.1681,1
0.6349,0.6349,0.6349,0,1.9046,1.2697,0.6349,1.2697,0.6349,2.5395,1.2697,0,0,0,0.6349,0.6349,0,0.6349,0,0,0,0,0,0,0.0001,0.0001,0,0.0001,0,0.0002,0.0001,0,0,0,0,0,0,0,0,0,0.1605,0.2046,0.1605,0.2046,1
1.3617,0.6809,0,1.3617,0,3.4043,0,0,0,2.7235,0.6809,1.3617,0,0.6809,0,1.3617,0,0.6809,0,0,0.0001,0,0,0.0001,0,0.0002,0,0,0,0.0002,0,0.0001,0,0,0,0.0001,0,0,0,0,0.1544,0.1647,0.1544,0.1647,1
2.5562,0,0,0,0,0,0,0,1.7041,1.7041,0,0,0.8521,0,1.7041,0,0,1.7041,0,0,0.0006,0,0,0,0,0,0,0,0.0004,0.0004,0,0,0.0002,0,0.0004,0,0,0.0004,0,0,0.0582,0.0897,0.0582,0.0897,1
0.6212,1.2423,1.8635,0,0,0.6212,0,0,0.6212,0,0,0.6212,0.6212,0,0.6212,0,1.2423,0.6212,0.6212,0,0,0.0001,0.0001,0,0,0,0,0,0,0,0,0,0,0,0,0,0.0001,0,0,0,0.1978,0.181,0.1978,0.181,1
1.9297,0,0,1.2865,1.9297,0,0,0.6432,1.2865,0,0,0,2.5729,0,0,1.9297,0,1.9297,0,0,0.0002,0,0,0.0001,0.0002,0,0,0.0001,0.0001,0,0,0,0.0003,0,0,0.0002,0,0.0002,0,0,0.2172,0.1396,0.2172,0.1396,1
0.6118,0,0,0.6118,0,4.2825,0,0.6118,1.2236,4.8942,0,0,0,0,0,1.2236,0,1.2236,0,0,0,0,0,0,0,0.0003,0,0,0.0001,0.0003,0,0,0,0,0,0.0001,0,0.0001,0,0,0.1723,0.216,0.1723,0.216,1
1.1995,0.5997,0.5997,0.5997,0,0,0.5997,0,0,1.7992,0.5997,2.399,0.5997,0,0.5997,0,1.7992,0.5997,0.5997,0,0.0001,0,0,0,0,0,0,0,0,0.0001,0,0.0002,0,0,0,0,0.0001,0,0,0,0.2043,0.1959,0.2043,0.1959,1
0,0,0,0,0.8541,0,0,0,3.4165,2.5624,0,0,0.8541,0,0,0,0.8541,2.5624,0,0,0,0,0,0,0.0002,0,0,0,0.0009,0.0007,0,0,0.0002,0,0,0,0.0002,0.0007,0,0,0.0543,0.0916,0.0543,0.0916,1
1.5647,0,0,0,0,1.0432,0.5216,0,1.0432,1.5647,0.5216,0,0.5216,0,1.5647,0,0,0,1.5647,0.5216,0.0002,0,0,0,0,0.0001,0.0001,0,0.0001,0.0002,0.0001,0,0.0001,0,0.0002,0,0,0,0.0002,0.0001,0.237,0.2415,0.237,0.2415,1
2.9732,0,1.1893,0,0,0,0,0,1.7839,0,0.5946,0,0.5946,0,0,1.1893,1.1893,1.7839,0.5946,0,0.0003,0,0.0001,0,0,0,0,0,0.0002,0,0.0001,0,0.0001,0,0,0.0001,0.0001,0.0002,0.0001,0,0.2349,0.1705,0.2349,0.1705,1
0.5552,3.3315,0,0,0.5552,1.1105,0.5552,0,0,1.6657,0,0,0,0,2.221,0,0,0,0,0,0,0.0002,0,0,0,0.0001,0,0,0,0.0001,0,0,0,0,0.0001,0,0,0,0,0,0.2196,0.2251,0.2196,0.2251,1
0,0,0,0,0,0,0,0,1.987,0,0,0,0,0,7.948,0,0,0,0,0,0,0,0,0,0,0,0,0,0.0098,0,0,0,0,0,0.0393,0,0,0,0,0,0.0022,0.0043,0.0022,0.0043,1
0.7599,0,0,0,1.5198,3.0395,1.5198,0,0,0.7599,0,0,0,0,0,0.7599,0,1.5198,0,0,0.0001,0,0,0,0.0002,0.0004,0.0002,0,0,0.0001,0,0,0,0,0,0.0001,0,0.0002,0,0,0.1321,0.108,0.1321,0.108,1
1.4782,0,1.4782,0,0.7391,0,0,0,0,1.4782,0,0,0,1.4782,0,0,0.7391,0,0.7391,0,0.0002,0,0.0002,0,0.0001,0,0,0,0,0.0002,0,0,0,0.0002,0,0,0.0001,0,0.0001,0,0.1467,0.1142,0.1467,0.1142,1
0,0.8038,0,0,0,1.6076,0,0,0.8038,1.6076,0,0,1.6076,0.8038,0,0.8038,0,0.8038,1.6076,0,0,0.0001,0,0,0,0.0001,0,0,0.0001,0.0001,0,0,0.0001,0.0001,0,0.0001,0,0.0001,0.0001,0,0.0888,0.1074,0.0888,0.1074,1
0.6686,2.6743,0,0,0.6686,2.0057,0,0,1.3372,0,0.6686,0,0.6686,0,2.0057,0,0,1.3372,0,0,0,0.0001,0,0,0,0.0001,0,0,0.0001,0,0,0,0,0,0.0001,0,0,0.0001,0,0,0.1456,0.1858,0.1456,0.1858,1
1.2,0.6,0,0.6,0,1.2,0.6,0,0.6,1.8,0.6,0.6,0,1.2,0.6,1.2,1.8,0.6,0,0,0.0001,0,0,0,0,0.0001,0,0,0,0.0001,0,0,0,0.0001,0,0.0001,0.0001,0,0,0,0.2087,0.1913,0.2087,0.1913,1
0.5303,0.5303,0.5303,0.5303,2.1213,0,1.0606,0,0.5303,0.5303,0,2.1213,0.5303,0,0.5303,1.591,1.0606,2.6516,0,0,0,0,0,0,0.0001,0,0.0001,0,0,0,0,0.0001,0,0,0,0.0001,0.0001,0.0002,0,0,0.2606,0.2091,0.2606,0.2091,1
1.3285,0.6642,1.9927,0,0.6642,0,0,1.3285,0,1.3285,0.6642,0.6642,0.6642,0,0,1.9927,0.6642,0.6642,0,0.6642,0.0001,0,0.0001,0,0,0,0,0.0001,0,0.0001,0,0,0,0,0,0.0001,0,0,0,0,0.1838,0.152,0.1838,0.152,1
1.8422,4.9125,0,0.6141,0.6141,0.6141,0,1.2281,0.6141,1.8422,0.6141,0,1.2281,0,0.6141,1.8422,1.2281,0,0.6141,0,0.0001,0.0002,0,0,0,0,0,0,0,0.0001,0,0,0,0,0,0.0001,0,0,0,0,0.1792,0.2067,0.1792,0.2067,1
3.9226,0,0,0.6538,0,0,0,0,1.3075,3.2688,0,0,0.6538,0,1.9613,0,0,1.3075,0,0,0.0005,0,0,0.0001,0,0,0,0,0.0002,0.0004,0,0,0.0001,0,0.0003,0,0,0.0002,0,0,0.1589,0.1873,0.1589,0.1873,1
1.2099,0.6049,0.6049,0,0.6049,0.6049,0,0,1.2099,1.8148,0.6049,0.6049,0,0.6049,0.6049,0,0.6049,1.2099,0,0,0.0001,0.0001,0.0001,0,0.0001,0.0001,0,0,0.0001,0.0002,0.0001,0.0001,0,0.0001,0.0001,0,0.0001,0.0001,0,0,0.1898,0.2052,0.1898,0.2052,1
1.1254,0.5627,0,0,2.2508,2.2508,0.5627,1.1254,0.5627,1.1254,0,0,1.1254,0.5627,0.5627,2.2508,1.6881,0.5627,0,0,0.0001,0,0,0,0.0002,0.0002,0,0.0001,0,0.0001,0,0,0.0001,0,0,0.0002,0.0001,0,0,0,0.2308,0.2065,0.2308,0.2065,1
1.8951,0,0,1.4213,0,1.4213,0,0.9476,0.4738,3.7902,0,0.4738,0.4738,0,1.4213,0,0.4738,0,0.4738,0.4738,0.0001,0,0,0.0001,0,0.0001,0,0.0001,0,0.0003,0,0,0,0,0.0001,0,0,0,0,0,0.2408,0.2854,0.2408,0.2854,1
2.309,0,0.5773,0.5773,0,2.309,0.5773,0.5773,0.5773,2.8863,0.5773,0,1.1545,0,0,0,1.1545,0.5773,0.5773,0.5773,0.0002,0,0,0,0,0.0002,0,0,0,0.0002,0,0,0.0001,0,0,0,0.0001,0,0,0,0.2155,0.2072,0.2155,0.2072,1
0,0,0.46,3.2197,0,0,0,0.9199,2.7598,0.46,0,0,0,0,0,0.46,0.46,0.46,0.9199,0.46,0,0,0,0.0003,0,0,0,0.0001,0.0003,0,0,0,0,0,0,0,0,0,0.0001,0,0.2452,0.2949,0.2452,0.2949,1
0.5718,5.1459,0,1.1435,0,2.2871,0.5718,0,0.5718,1.1435,0,1.7153,1.7153,0,0.5718,0,0,0.5718,0,1.1435,0,0.0002,0,0,0,0.0001,0,0,0,0,0,0.0001,0.0001,0,0,0,0,0,0,0,0.2118,0.2164,0.2118,0.2164,1
3.6633,0,0.4579,0,0,1.3737,0.4579,0.4579,2.2895,2.2895,0.9158,0,0,0,0,0.4579,0.4579,0,0.4579,0,0.0003,0,0,0,0,0.0001,0,0,0.0002,0.0002,0.0001,0,0,0,0,0,0,0,0,0,0.246,0.2961,0.246,0.2961,1
0,0,0,0,0,1.3968,0,0,0.6984,2.0953,0,0,0.6984,0,1.3968,0.6984,0,0.6984,1.3968,0,0,0,0,0,0,0.0002,0,0,0.0001,0.0003,0,0,0.0001,0,0.0002,0.0001,0,0.0001,0.0002,0,0.178,0.1236,0.178,0.1236,1
4.3999,0,0.7333,0,0,0,0,0,1.4666,2.9333,0,0,1.4666,0,1.4666,0,0,2.1999,0,0,0.0005,0,0.0001,0,0,0,0,0,0.0002,0.0003,0,0,0.0002,0,0.0002,0,0,0.0002,0,0,0.1143,0.1524,0.1143,0.1524,1
0,0.6751,1.3502,0.6751,0.6751,0.6751,0,0,0.6751,0.6751,2.0253,0,0,0,3.3755,0,0,0.6751,0,0,0,0.0001,0.0001,0.0001,0.0001,0.0001,0,0,0.0001,0.0001,0.0002,0,0,0,0.0003,0,0,0.0001,0,0,0.1276,0.1973,0.1276,0.1973,1
0.6606,0,0.6606,1.3212,0.6606,0,0.6606,0.6606,0,1.3212,0,1.3212,0.6606,0,0,0.6606,0,0,0,0.6606,0.0001,0,0.0001,0.0002,0.0001,0,0.0001,0.0001,0,0.0002,0,0.0002,0.0001,0,0,0.0001,0,0,0,0.0001,0.1604,0.179,0.1604,0.179,1
1.5103,0,0,0.7551,0,2.2654,0,0.7551,0,2.2654,0,0.7551,0,0,0,1.5103,1.5103,2.2654,0,0,0.0001,0,0,0.0001,0,0.0002,0,0.0001,0,0.0002,0,0.0001,0,0,0,0.0001,0.0001,0.0002,0,0,0.1137,0.1312,0.1137,0.1312,1
0.569,0,1.7071,0.569,0,0,0.569,0.569,0,0,0,0.569,0.569,0,2.8452,0,1.1381,1.1381,0,0,0.0001,0,0.0002,0.0001,0,0,0.0001,0.0001,0,0,0,0.0001,0.0001,0,0.0004,0,0.0002,0.0002,0,0,0.2092,0.2217,0.2092,0.2217,1
0.7923,0.7923,0.7923,0,0,0,0,0,0,3.1691,0,0.7923,1.5846,1.5846,0,0,3.1691,0,0,0,0.0001,0.0001,0.0001,0,0,0,0,0,0,0.0003,0,0.0001,0.0001,0.0001,0,0,0.0003,0,0,0,0.1246,0.0832,0.1246,0.0832,1
4.3538,0.7256,0.7256,0,0.7256,2.9025,0,0,0,3.6282,0,0,2.1769,0,0,0,0.7256,0.7256,0,0.7256,0.0003,0,0,0,0,0.0002,0,0,0,0.0002,0,0,0.0001,0,0,0,0,0,0,0,0.1189,0.1554,0.1189,0.1554,1
0.9355,0,1.871,1.4033,0.9355,0,0.4678,0.9355,1.4033,1.4033,0.4678,0,0,0.9355,0.9355,0.9355,0.4678,0.9355,0,0,0.0001,0,0.0001,0.0001,0.0001,0,0,0.0001,0.0001,0.0001,0,0,0,0.0001,0.0001,0.0001,0,0.0001,0,0,0.2704,0.2619,0.2704,0.2619,1
0.8475,0,0,0,0,0,0,0.8475,3.3898,0.8475,0,0,0,0,0,0,0.8475,3.3898,0,0.8475,0.0003,0,0,0,0,0,0,0.0003,0.001,0.0003,0,0,0,0,0,0,0.0003,0.001,0,0.0003,0.071,0.0815,0.071,0.0815,1
0.6105,0.6105,0.6105,0,1.8315,0.6105,0.6105,0,0,0.6105,0.6105,1.221,1.221,0,0.6105,1.8315,1.221,0.6105,0,0.6105,0,0,0,0,0.0001,0,0,0,0,0,0,0.0001,0.0001,0,0,0.0001,0.0001,0,0,0,0.1976,0.1919,0.1976,0.1919,1
0,0.7673,0,0,0,0.7673,0,0.7673,0.7673,2.3018,0,0.7673,1.5345,0,0,0,0,0,1.5345,0,0,0.0001,0,0,0,0.0001,0,0.0001,0.0001,0.0002,0,0.0001,0.0001,0,0,0,0,0,0.0001,0,0.1087,0.1241,0.1087,0.1241,1
0.7494,0.7494,1.4988,0,0,0,0,0,0,1.4988,0,0,0.7494,0,0.7494,0,0.7494,1.4988,0,0,0.0001,0.0001,0.0001,0,0,0,0,0,0,0.0001,0,0,0.0001,0,0.0001,0,0.0001,0.0001,0,0,0.147,0.1036,0.147,0.1036,1
1.7792,0,0,0.4448,0.8896,0,0,0.4448,4.448,1.3344,0,0,0,0.4448,0,0,0,1.3344,0.4448,0,0.0002,0,0,0.0001,0.0001,0,0,0.0001,0.0005,0.0002,0,0,0,0.0001,0,0,0,0.0002,0.0001,0,0.2354,0.3198,0.2354,0.3198,1
0,1.3491,0.8994,0.4497,0,0.8994,1.3491,0.4497,0.8994,0.8994,0.4497,0.4497,0,0,0.4497,1.7988,1.7988,0.4497,0,0.8994,0,0.0001,0.0001,0,0,0.0001,0.0001,0,0.0001,0.0001,0,0,0,0,0,0.0001,0.0001,0,0,0.0001,0.2594,0.2909,0.2594,0.2909,1
0.6306,0,0.6306,0.6306,1.2612,0,0,1.2612,0.6306,0,0.6306,0.6306,2.5225,0.6306,0,0.6306,1.2612,0.6306,0.6306,0,0.0001,0,0.0001,0.0001,0.0001,0,0,0.0001,0.0001,0,0.0001,0.0001,0.0002,0.0001,0,0.0001,0.0001,0.0001,0.0001,0,0.1954,0.174,0.1954,0.174,1
0.7103,0,0,0,0.7103,2.131,0.7103,1.4207,0,4.262,0,0.7103,0,0.7103,0,0,0.7103,0.7103,0,0,0.0001,0,0,0,0.0001,0.0002,0.0001,0.0001,0,0.0004,0,0.0001,0,0.0001,0,0,0.0001,0.0001,0,0,0.1588,0.1309,0.1588,0.1309,1
1.3385,1.3385,1.3385,0.6692,0,0,0.6692,0.6692,0,0,0,0.6692,0.6692,0,0,1.3385,0.6692,0.6692,0,0,0.0001,0.0001,0.0001,0.0001,0,0,0.0001,0.0001,0,0,0,0.0001,0.0001,0,0,0.0001,0.0001,0.0001,0,0,0.1709,0.1598,0.1709,0.1598,1
1.0001,0,1.5002,1.0001,1.0001,0,0.5001,0.5001,1.5002,1.0001,1.0001,2.0002,1.0001,0.5001,0.5001,0.5001,0.5001,0,0.5001,0,0.0001,0,0.0001,0.0001,0.0001,0,0,0,0.0001,0.0001,0.0001,0.0001,0.0001,0,0,0,0,0,0,0,0.2712,0.2288,0.2712,0.2288,1
0.6424,0.6424,0,1.2848,0,0,0,0.6424,0.6424,1.2848,1.2848,0.6424,0,0,1.9273,0,1.2848,0,0,0.6424,0.0001,0.0001,0,0.0001,0,0,0,0.0001,0.0001,0.0001,0.0001,0.0001,0,0,0.0002,0,0.0001,0,0,0.0001,0.2068,0.1508,0.2068,0.1508,1
1.5032,2.0043,0.5011,0,2.0043,1.0021,0,0.5011,1.5032,2.0043,0,0,0.5011,0,1.0021,0.5011,0.5011,0.5011,0.5011,0.5011,0.0001,0.0001,0,0,0.0001,0,0,0,0.0001,0.0001,0,0,0,0,0,0,0,0,0,0,0.2683,0.2306,0.2683,0.2306,1
2.9637,0,0,0.7409,0,0,0.7409,0.7409,0,0.7409,0.7409,0.7409,0,0.7409,0,0.7409,1.4819,0.7409,0,0,0.0004,0,0,0.0001,0,0,0.0001,0.0001,0,0.0001,0.0001,0.0001,0,0.0001,0,0.0001,0.0002,0.0001,0,0,0.1359,0.1231,0.1359,0.1231,1
0.5442,0.5442,0.5442,0.5442,0.5442,0,0,0,0.5442,1.0885,0.5442,0.5442,0,0,1.0885,1.0885,1.0885,1.0885,1.0885,0.5442,0,0,0,0,0,0,0,0,0,0.0001,0,0,0,0,0.0001,0.0001,0.0001,0.0001,0.0001,0,0.2269,0.2288,0.2269,0.2288,1
1.0927,0,0,0.5464,0,1.6391,0.5464,0,1.0927,0,0,0.5464,2.7318,0,0.5464,1.6391,0.5464,1.6391,0.5464,1.0927,0.0001,0,0,0.0001,0,0.0002,0.0001,0,0.0001,0,0,0.0001,0.0003,0,0.0001,0.0002,0.0001,0.0002,0.0001,0.0001,0.246,0.2077,0.246,0.2077,1
0,0,0,1.1935,1.1935,0,0,1.1935,1.1935,2.3871,1.1935,0,0,0,6.5644,0,0,0,0,1.1935,0,0,0,0.0002,0.0002,0,0,0.0002,0.0002,0.0004,0.0002,0,0,0,0.001,0,0,0,0,0.0002,0.2263,0.177,0.2263,0.177,1
0,2.2659,0,0,0.5665,2.2659,0,1.133,0.5665,0,0,0,0,0,4.5319,0.5665,0,0,0.5665,0.5665,0,0.0001,0,0,0,0.0001,0,0.0001,0,0,0,0,0,0,0.0002,0,0,0,0,0,0.2087,0.2248,0.2087,0.2248,1
1.4911,0.7456,0,0,0,0.7456,0,0,0,2.9822,0.7456,0.7456,0,0,0.7456,0.7456,1.4911,0.7456,0,0,0.0001,0.0001,0,0,0,0.0001,0,0,0,0.0002,0.0001,0.0001,0,0,0.0001,0.0001,0.0001,0.0001,0,0,0.1187,0.1358,0.1187,0.1358,1
2.3249,1.7437,0,0,0.5812,0.5812,0,1.1625,1.1625,0.5812,1.7437,1.1625,0.5812,0,0.5812,0.5812,2.9061,1.1625,0,0,0.0001,0.0001,0,0,0,0,0,0.0001,0.0001,0,0.0001,0.0001,0,0,0,0,0.0002,0.0001,0,0,0.2268,0.192,0.2268,0.192,1
0,0.4617,0,3.2321,0.4617,0.4617,0.4617,1.3852,1.8469,0.4617,0.4617,1.3852,0,0.9234,0,0.4617,0,0,0.4617,0.9234,0,0,0,0.0003,0,0,0,0.0001,0.0001,0,0,0.0001,0,0.0001,0,0,0,0,0,0.0001,0.2603,0.278,0.2603,0.278,1
0.576,0,1.728,0.576,0.576,1.728,0,1.728,0,1.728,0,0.576,0,0,1.152,0.576,0.576,0.576,0,0,0,0,0.0001,0,0,0.0001,0,0.0001,0,0.0001,0,0,0,0,0.0001,0,0,0,0,0,0.2076,0.2164,0.2076,0.2164,1
0,0.597,0.597,1.1939,0,0,1.1939,1.1939,0,0,0.597,0.597,0.597,0.597,0.597,0,0.597,0.597,0.597,2.9849,0,0,0,0.0001,0,0,0.0001,0.0001,0,0,0,0,0,0,0,0,0,0,0,0.0002,0.2068,0.1963,0.2068,0.1963,1
0.6616,0,0.6616,0.6616,1.3232,0,0,0.6616,1.3232,0,0.6616,1.3232,1.9849,0.6616,1.3232,0.6616,0.6616,0.6616,0,0,0.0001,0,0.0001,0.0001,0.0002,0,0,0.0001,0.0002,0,0.0001,0.0002,0.0002,0.0001,0.0002,0.0001,0.0001,0.0001,0,0,0.1821,0.1563,0.1821,0.1563,1
1.0712,1.0712,0.5356,0.5356,0,1.0712,0,0.5356,3.2137,0,0.5356,1.0712,0,1.6068,0,1.0712,2.1425,1.0712,0,0.5356,0.0001,0.0001,0,0,0,0.0001,0,0,0.0002,0,0,0.0001,0,0.0001,0,0.0001,0.0001,0.0001,0,0,0.219,0.2454,0.219,0.2454,1
0.539,0.539,0.539,0.539,0,0.539,0,1.0781,1.6171,1.6171,0.539,0.539,0,0.539,1.6171,0.539,0.539,0.539,0,0,0,0,0,0,0,0,0,0.0001,0.0001,0.0001,0,0,0,0,0.0001,0,0,0,0,0,0.2817,0.1792,0.2817,0.1792,1
2.1728,0,0,0,0,0,0,0,3.6213,0.7243,0,0,0,0,0,0,0.7243,2.1728,0,0.7243,0.0004,0,0,0,0,0,0,0,0.0007,0.0001,0,0,0,0,0,0,0.0001,0.0004,0,0.0001,0.1628,0.1129,0.1628,0.1129,1
1.6057,0,0.8029,0,0,0,0,0,3.2115,0.8029,0,0,0.8029,0,0,0,0.8029,1.6057,0,0.8029,0.0003,0,0.0001,0,0,0,0,0,0.0006,0.0001,0,0,0.0001,0,0,0,0.0001,0.0003,0,0.0001,0.1088,0.0883,0.1088,0.0883,1
0,0,1.3451,0.6726,1.3451,0,0,0,0,1.3451,0,0.6726,1.3451,0,0,0.6726,0,2.6902,0,0,0,0,0.0001,0.0001,0.0001,0,0,0,0,0.0001,0,0.0001,0.0001,0,0,0.0001,0,0.0002,0,0,0.1615,0.166,0.1615,0.166,1
0.9158,0,0,0.9158,0.4579,0.4579,0,0.4579,0,1.3737,0,0.4579,0,0,2.2895,0,0,0.4579,1.3737,0,0.0001,0,0,0.0001,0,0,0,0,0,0.0001,0,0,0,0,0.0002,0,0,0,0.0001,0,0.265,0.2771,0.265,0.2771,1
1.3528,0,0,0,0.6764,0,0.6764,0.6764,2.7055,0,0,0.6764,0,0.6764,0,0,1.3528,1.3528,0,0,0.0002,0,0,0,0.0001,0,0.0001,0.0001,0.0005,0,0,0.0001,0,0.0001,0,0,0.0002,0.0002,0,0,0.1664,0.1572,0.1664,0.1572,1
1.7018,1.1345,1.1345,0,0,0,0.5673,0,0,0.5673,0,0.5673,0,0.5673,1.7018,0,0.5673,1.1345,0,0.5673,0.0002,0.0001,0.0001,0,0,0,0.0001,0,0,0.0001,0,0.0001,0,0.0001,0.0002,0,0.0001,0.0001,0,0.0001,0.2158,0.2169,0.2158,0.2169,1
0,0,0,0.5286,1.0572,0.5286,0,1.0572,1.0572,2.643,0,0,0,1.0572,3.7002,0.5286,0,1.0572,0,0,0,0,0,0.0001,0.0001,0.0001,0,0.0001,0.0001,0.0004,0,0,0,0.0001,0.0005,0.0001,0,0.0001,0,0,0.2446,0.2268,0.2446,0.2268,1
0.6178,1.2355,1.2355,1.2355,0.6178,0.6178,0,0,0.6178,1.8533,0.6178,0,0.6178,0,0,0.6178,1.8533,0.6178,0.6178,0,0,0.0001,0.0001,0.0001,0,0,0,0,0,0.0001,0,0,0,0,0,0,0.0001,0,0,0,0.1754,0.2068,0.1754,0.2068,1
0,0,0.7264,0,2.1791,1.4527,0,0,0,0,0.7264,0.7264,1.4527,0,0.7264,0,0,0,0,0.7264,0,0,0.0001,0,0.0004,0.0003,0,0,0,0,0.0001,0.0001,0.0003,0,0.0001,0,0,0,0,0.0001,0.129,0.1447,0.129,0.1447,1
1.6171,0,0,0,0,0.8085,0,0.8085,0,3.2341,0.8085,0,0,0,0.8085,0,0.8085,1.6171,2.4256,0.8085,0.0003,0,0,0,0,0.0001,0,0.0001,0,0.0006,0.0001,0,0,0,0.0001,0,0.0001,0.0003,0.0004,0.0001,0.1106,0.0809,0.1106,0.0809,1
0.4421,0,0.4421,2.6527,0.4421,0,0,1.3263,2.6527,0.8842,0,0.8842,0,0,0,0,1.7684,0,0.8842,0.4421,0,0,0,0.0002,0,0,0,0.0001,0.0002,0.0001,0,0.0001,0,0,0,0,0.0002,0,0.0001,0,0.2362,0.3217,0.2362,0.3217,1
1.0232,0,0,0,0.5116,0.5116,1.0232,1.5347,0.5116,1.0232,0.5116,1.0232,0,0.5116,2.5579,0,0,1.0232,0,1.0232,0.0001,0,0,0,0.0001,0.0001,0.0001,0.0002,0.0001,0.0001,0.0001,0.0001,0,0.0001,0.0003,0,0,0.0001,0,0.0001,0.2665,0.2219,0.2665,0.2219,1
3.4972,0,0.4996,0.9992,0.4996,0,0.4996,0,0,0.4996,0,0,0,0,1.9984,0.4996,0.9992,0.9992,0,0,0.0004,0,0.0001,0.0001,0.0001,0,0.0001,0,0,0.0001,0,0,0,0,0.0002,0.0001,0.0001,0.0001,0,0,0.2405,0.2599,0.2405,0.2599,1
1.2167,0,0.6084,0,0,0,0,0,0.6084,0,1.2167,0.6084,0.6084,0,1.2167,0.6084,0.6084,1.2167,0.6084,3.0418,0.0001,0,0.0001,0,0,0,0,0,0.0001,0,0.0001,0.0001,0.0001,0,0.0001,0.0001,0.0001,0.0001,0.0001,0.0003,0.2171,0.1746,0.2171,0.1746,1
0,0,0.504,0,0,0.504,0,0,0.504,3.5278,0,0.504,0,0,2.0159,0,0,1.0079,0.504,0.504,0,0,0.0001,0,0,0.0001,0,0,0.0001,0.0004,0,0.0001,0,0,0.0002,0,0,0.0001,0.0001,0.0001,0.2412,0.2548,0.2412,0.2548,1
0.5798,0,1.1595,0.5798,0.5798,1.1595,0,0,1.1595,2.3191,0,0.5798,0.5798,0,0.5798,0.5798,0.5798,1.1595,0,0,0.0001,0,0.0001,0.0001,0.0001,0.0001,0,0,0.0001,0.0002,0,0.0001,0.0001,0,0.0001,0.0001,0.0001,0.0001,0,0,0.2369,0.1833,0.2369,0.1833,1
3.1972,0,0,0,0,0,0,0,5.4809,0,0,0,0,0,0,0,0,0,0.9135,0,0.0004,0,0,0,0,0,0,0,0.0007,0,0,0,0,0,0,0,0,0,0.0001,0,0.2261,0.3171,0.2261,0.3171,1
0.6237,0,0.6237,0,0,3.1184,0,0.6237,1.2473,4.9894,0,0,0.6237,0,0,0,0,0.6237,0,0,0,0,0,0,0,0.0002,0,0,0.0001,0.0004,0,0,0,0,0,0,0,0,0,0,0.1629,0.2134,0.1629,0.2134,1
0,0,1.2702,2.5403,0,0,0,2.1169,2.5403,0.4234,0,0.4234,0,1.2702,0,0.4234,0.4234,0,0.8468,0.4234,0,0,0.0001,0.0002,0,0,0,0.0002,0.0002,0,0,0,0,0.0001,0,0,0,0,0.0001,0,0.274,0.3026,0.274,0.3026,1
1.1638,0,0.5819,0.5819,0,0.5819,0,0,0,1.7457,0.5819,0.5819,0,0,2.3276,0.5819,0,0.5819,0,0,0.0001,0,0.0001,0.0001,0,0.0001,0,0,0,0.0002,0.0001,0.0001,0,0,0.0003,0.0001,0,0.0001,0,0,0.178,0.2401,0.178,0.2401,1
0,0,0,0,0.5974,1.7922,0,1.1948,1.1948,0.5974,0,0.5974,0,0,0.5974,0,0.5974,0,0.5974,0,0,0,0,0,0.0001,0.0002,0,0.0001,0.0001,0.0001,0,0.0001,0,0,0.0001,0,0.0001,0,0.0001,0,0.2032,0.1994,0.2032,0.1994,1
2.0639,1.376,0,1.376,1.376,0,0,0.688,0,0.688,1.376,2.0639,0,0,0,0.688,1.376,0,0,0,0.0001,0.0001,0,0.0001,0.0001,0,0,0,0,0,0.0001,0.0001,0,0,0,0,0.0001,0,0,0,0.1578,0.1542,0.1578,0.1542,1
0.5366,0,2.1465,0,0.5366,1.0732,0,0.5366,1.0732,1.0732,1.0732,0.5366,0,0.5366,0.5366,1.0732,0,0,0,0,0,0,0.0002,0,0,0.0001,0,0,0.0001,0.0001,0.0001,0,0,0,0,0.0001,0,0,0,0,0.1972,0.2662,0.1972,0.2662,1
0.4462,0,1.3386,0.8924,0,0,0,0.8924,3.5695,0.8924,0.8924,1.3386,0,0.4462,0,0.8924,0.4462,0.4462,0,0.8924,0,0,0.0001,0.0001,0,0,0,0.0001,0.0003,0.0001,0.0001,0.0001,0,0,0,0.0001,0,0,0,0.0001,0.2885,0.2653,0.2885,0.2653,1
2.42,0.484,0,0.484,0,0.968,0.484,0,1.936,0.968,1.452,0.484,0,0,0.484,0,0.968,1.452,0,0.484,0.0002,0,0,0,0,0.0001,0,0,0.0002,0.0001,0.0001,0,0,0,0,0,0.0001,0.0001,0,0,0.2546,0.2614,0.2546,0.2614,1
1.1564,0.5782,0.5782,0,0,0,0.5782,0.5782,0.5782,1.1564,0.5782,0.5782,0.5782,0,1.7346,0.5782,1.7346,1.7346,0.5782,0.5782,0.0001,0,0,0,0,0,0,0,0,0.0001,0,0,0,0,0.0001,0,0.0001,0.0001,0,0,0.2073,0.2145,0.2073,0.2145,1
0,0.6494,0.6494,0,0,1.2988,0,0,3.2471,0,0,0,3.2471,0.6494,0.6494,0.6494,0,0,0,0,0,0.0001,0.0001,0,0,0.0001,0,0,0.0003,0,0,0,0.0003,0.0001,0.0001,0.0001,0,0,0,0,0.2113,0.1393,0.2113,0.1393,1
0,0.7431,0,0,0,0,0,1.4862,1.4862,2.9725,0,0.7431,0,0,0,0,0,0.7431,0,0,0,0.0001,0,0,0,0,0,0.0002,0.0002,0.0004,0,0.0001,0,0,0,0,0,0.0001,0,0,0.1273,0.1295,0.1273,0.1295,1
0.7526,0.7526,0.7526,0,0.7526,3.7632,0,1.5053,0,0.7526,0.7526,0,0.7526,0,0,0,0,3.0105,0,0,0.0001,0.0001,0.0001,0,0.0001,0.0003,0,0.0001,0,0.0001,0.0001,0,0.0001,0,0,0,0,0.0002,0,0,0.1127,0.1347,0.1127,0.1347,1
1.8912,0,0,0,0,1.8912,0.6304,0,0,1.8912,0.6304,1.2608,0.6304,0,1.2608,1.8912,0,0.6304,0,0,0.0002,0,0,0,0,0.0002,0.0001,0,0,0.0002,0.0001,0.0001,0.0001,0,0.0001,0.0002,0,0.0001,0,0,0.1999,0.1697,0.1999,0.1697,1
0,0,1.1523,0.5762,0,0.5762,1.1523,0.5762,0.5762,0,1.7285,0,0,0,1.1523,0,1.1523,1.7285,0.5762,1.1523,0,0,0.0001,0.0001,0,0.0001,0.0001,0.0001,0.0001,0,0.0002,0,0,0,0.0001,0,0.0001,0.0002,0.0001,0.0001,0.1706,0.2532,0.1706,0.2532,1
0,0.6172,1.8516,0.6172,0.6172,0.6172,0,0.6172,0,0.6172,0,0,0.6172,0.6172,0.6172,1.2344,0.6172,0,0,0,0,0.0001,0.0002,0.0001,0.0001,0.0001,0,0.0001,0,0.0001,0,0,0.0001,0.0001,0.0001,0.0001,0.0001,0,0,0,0.1779,0.2048,0.1779,0.2048,1
1.5451,0,1.0301,1.0301,0,1.5451,0,0.515,0,1.0301,0,0,0,0.515,2.5752,0.515,1.0301,0.515,0,0,0.0001,0,0.0001,0.0001,0,0.0001,0,0,0,0.0001,0,0,0,0,0.0002,0,0.0001,0,0,0,0.2441,0.2409,0.2441,0.2409,1
0.6492,0,0,0,0,1.2984,0,0,1.2984,0,0.6492,1.2984,0.6492,0.6492,2.5968,1.2984,0.6492,0,0,0,0.0001,0,0,0,0,0.0002,0,0,0.0002,0,0.0001,0.0002,0.0001,0.0001,0.0003,0.0002,0.0001,0,0,0,0.1816,0.1692,0.1816,0.1692,1
0,1.4865,0,0.4955,1.4865,1.4865,0,0,1.4865,0.4955,0.4955,0.4955,1.4865,0.4955,0.991,0.4955,1.4865,0,0,1.9821,0,0.0001,0,0,0.0001,0.0001,0,0,0.0001,0,0,0,0.0001,0,0.0001,0,0.0001,0,0,0.0001,0.2865,0.2179,0.2865,0.2179,1
1.2832,0.4277,0.4277,0.4277,0.4277,0,0,1.2832,1.2832,1.2832,0.8554,0.4277,0,0,2.9941,0.4277,0,0.4277,0,0,0.0001,0,0,0,0,0,0,0.0001,0.0001,0.0001,0.0001,0,0,0,0.0003,0,0,0,0,0,0.2322,0.3401,0.2322,0.3401,1
0.5377,0,0.5377,1.6131,0.5377,0.5377,0,0,0.5377,2.1507,0,1.6131,0,1.0754,1.6131,0,0,0,0,0,0,0,0,0.0001,0,0,0,0,0,0.0002,0,0.0001,0,0.0001,0.0001,0,0,0,0,0,0.2575,0.2049,0.2575,0.2049,1
0,0,0.8247,0,0.8247,1.6494,0,0.8247,0,0.8247,0,0.8247,0.8247,0,0,0.8247,2.4742,2.4742,0,0,0,0,0.0001,0,0.0001,0.0003,0,0.0001,0,0.0001,0,0.0001,0.0001,0,0,0.0001,0.0004,0.0004,0,0,0.0907,0.0846,0.0907,0.0846,1
0,0.9675,0.4837,1.4512,1.4512,0.9675,0.4837,0.9675,0.4837,1.4512,0.9675,0.9675,0,0.9675,0,0.4837,0,1.4512,0.4837,0.4837,0,0,0,0.0001,0.0001,0,0,0,0,0.0001,0,0,0,0,0,0,0,0.0001,0,0,0.2726,0.2437,0.2726,0.2437,1
2.2713,0.5678,0,1.1357,0,0,0,0,0,0,0.5678,0.5678,0.5678,0.5678,5.1105,0,0,0,0.5678,0,0.0003,0.0001,0,0.0001,0,0,0,0,0,0,0.0001,0.0001,0.0001,0.0001,0.0007,0,0,0,0.0001,0,0.2138,0.2184,0.2138,0.2184,1
0,0,0.5433,0,1.0867,0,0.5433,1.0867,0,0,0.5433,0.5433,0,0,2.7167,0.5433,0,0.5433,0,0,0,0,0.0001,0,0.0001,0,0.0001,0.0001,0,0,0.0001,0.0001,0,0,0.0003,0.0001,0,0.0001,0,0,0.2231,0.2336,0.2231,0.2336,1
2.0005,0.5001,1.5004,0.5001,0,0,0,0.5001,2.5006,1.5004,0,1.5004,1.0002,0.5001,0,1.5004,1.0002,0.5001,0,0,0.0001,0,0.0001,0,0,0,0,0,0.0002,0.0001,0,0.0001,0.0001,0,0,0.0001,0.0001,0,0,0,0.249,0.2508,0.249,0.2508,1
0.542,1.084,0,1.084,0.542,0,0.542,0,0.542,2.7099,0.542,0,3.7939,0,1.084,0,1.084,1.084,0.542,1.084,0,0.0001,0,0.0001,0,0,0,0,0,0.0002,0,0,0.0003,0,0.0001,0,0.0001,0.0001,0,0.0001,0.2182,0.2398,0.2182,0.2398,1
0.8336,0,0,0,1.6671,0,0,0,3.3343,2.5007,0,0,0,0,0,0,0.8336,0.8336,0,0.8336,0.0002,0,0,0,0.0004,0,0,0,0.0008,0.0006,0,0,0,0,0,0,0.0002,0.0002,0,0.0002,0.0623,0.1041,0.0623,0.1041,1
0.5485,0.5485,0.5485,0.5485,0,0.5485,1.097,0.5485,1.097,1.097,0,0.5485,0,0,1.097,0,0,0.5485,0,0,0,0,0,0,0,0,0.0001,0,0.0001,0.0001,0,0,0,0,0.0001,0,0,0,0,0,0.2259,0.2256,0.2259,0.2256,1
1.5838,0,0,1.5838,1.0559,2.6397,0.5279,0,0,1.0559,0,0,0,0,1.0559,0.5279,1.5838,1.0559,0,0.5279,0.0001,0,0,0.0001,0.0001,0.0002,0,0,0,0.0001,0,0,0,0,0.0001,0,0.0001,0.0001,0,0,0.2138,0.2583,0.2138,0.2583,1
0,0,1.9164,0,0.6388,0,0,0,0.6388,1.9164,1.9164,0.6388,0,0,0,0,0,0.6388,0.6388,0.6388,0,0,0.0002,0,0.0001,0,0,0,0.0001,0.0002,0.0002,0.0001,0,0,0,0,0,0.0001,0.0001,0.0001,0.2187,0.1425,0.2187,0.1425,1
0.5615,0,0.5615,0,0,0.5615,0,0,0,0.5615,0,0,1.123,0.5615,2.2459,0,0,0,2.2459,0.5615,0.0001,0,0.0001,0,0,0.0001,0,0,0,0.0001,0,0,0.0001,0.0001,0.0002,0,0,0,0.0002,0.0001,0.2608,0.1777,0.2608,0.1777,1
0.9924,0,0,4.4656,0,0,0,0.9924,3.9695,1.4885,0,0.4962,0,0.9924,0,0,0.4962,0,0,0,0.0001,0,0,0.0006,0,0,0,0.0001,0.0005,0.0002,0,0.0001,0,0.0001,0,0,0.0001,0,0,0,0.2349,0.2689,0.2349,0.2689,1
0,0.4628,1.3885,0.9257,0.4628,0,0,0.9257,0.4628,1.8514,0,0.9257,0.4628,0,0.4628,0.9257,0.9257,0,1.3885,0,0,0,0.0001,0.0001,0,0,0,0.0001,0,0.0001,0,0.0001,0,0,0,0.0001,0.0001,0,0.0001,0,0.2487,0.2885,0.2487,0.2885,1
0,0,0.5933,0.5933,0,1.1865,0,1.1865,1.1865,2.3731,0,0,0,0,0,0,0,0,0.5933,0,0,0,0.0001,0.0001,0,0.0001,0,0.0001,0.0001,0.0002,0,0,0,0,0,0,0,0,0.0001,0,0.1707,0.236,0.1707,0.236,1
1.184,0.592,0.592,0.592,1.184,1.776,0.592,0,0,0.592,0.592,1.776,0.592,0,0.592,0.592,0.592,0,0,0,0.0001,0,0,0,0.0001,0.0001,0,0,0,0,0,0.0001,0,0,0,0,0,0,0,0,0.2285,0.1795,0.2285,0.1795,1
0.6479,0.6479,0.6479,0.6479,0,0.6479,0,1.2957,0.6479,0,1.9436,0,0.6479,0,0,1.2957,1.9436,1.9436,0,0,0.0001,0.0001,0.0001,0.0001,0,0.0001,0,0.0001,0.0001,0,0.0002,0,0.0001,0,0,0.0001,0.0002,0.0002,0,0,0.1843,0.1678,0.1843,0.1678,1
0,0,1.5778,0.5259,1.0519,0,0.5259,0,1.0519,1.5778,0,1.5778,1.0519,0.5259,0,0,0,1.0519,0.5259,0,0,0,0.0001,0,0.0001,0,0,0,0.0001,0.0001,0,0.0001,0.0001,0,0,0,0,0.0001,0,0,0.2142,0.2598,0.2142,0.2598,1
0.8613,0.4307,0.4307,0,0.4307,0.4307,0,0.4307,2.584,1.7227,0.4307,0.4307,0.4307,0,0.8613,0.4307,0,0,0.8613,0,0.0001,0,0,0,0,0,0,0,0.0002,0.0001,0,0,0,0,0.0001,0,0,0,0.0001,0,0.2498,0.3195,0.2498,0.3195,1
1.2378,0,1.2378,0,0.6189,1.2378,0.6189,0.6189,1.2378,1.2378,0,0,0,0,0,0,0,0,0,0.6189,0.0001,0,0.0001,0,0.0001,0.0001,0.0001,0.0001,0.0001,0.0001,0,0,0,0,0,0,0,0,0,0.0001,0.1759,0.2052,0.1759,0.2052,1
0.5272,0,1.0543,1.0543,0,0,0,1.0543,2.1086,0.5272,0,1.5815,0,0.5272,0.5272,0.5272,1.0543,0.5272,0,0,0.0001,0,0.0001,0.0001,0,0,0,0.0001,0.0002,0.0001,0,0.0002,0,0.0001,0.0001,0.0001,0.0001,0.0001,0,0,0.1902,0.2827,0.1902,0.2827,1
1.1149,0,0.5575,0,1.1149,1.1149,0,2.2298,0.5575,1.1149,2.2298,0.5575,0,0,1.1149,0,1.6724,2.2298,0,0,0.0001,0,0,0,0.0001,0.0001,0,0.0002,0,0.0001,0.0002,0,0,0,0.0001,0,0.0001,0.0002,0,0,0.2347,0.2078,0.2347,0.2078,1
1.9071,0,0,0,1.2714,3.1785,0,0,0.6357,3.8143,1.2714,0.6357,0.6357,0.6357,0,0,0,1.2714,0.6357,0,0.0001,0,0,0,0.0001,0.0002,0,0,0,0.0002,0.0001,0,0,0,0,0,0,0.0001,0,0,0.1893,0.175,0.1893,0.175,1
0,0.7328,0,0,0.7328,2.9311,0,0,0.7328,0.7328,0,0,0.7328,0,0,0.7328,0,0.7328,1.4656,0,0,0,0,0,0,0.0002,0,0,0,0,0,0,0,0,0,0,0,0,0.0001,0,0.1376,0.1296,0.1376,0.1296,1
0.7461,0.7461,0,0,0,0,0,0,0,1.4921,0,0,1.4921,0,0.7461,0,0.7461,0,2.9842,0,0.0001,0.0001,0,0,0,0,0,0,0,0.0001,0,0,0.0001,0,0.0001,0,0.0001,0,0.0003,0,0.1147,0.1392,0.1147,0.1392,1
2.6155,0,0.6539,0,0,0,1.3077,0,0,2.6155,0.6539,1.3077,1.3077,0.6539,0,0,1.9616,0.6539,0,0.6539,0.0003,0,0.0001,0,0,0,0.0001,0,0,0.0003,0.0001,0.0001,0.0001,0.0001,0,0,0.0002,0.0001,0,0.0001,0.1837,0.1624,0.1837,0.1624,1
0.5532,0.5532,0.5532,1.1065,0.5532,1.1065,0.5532,0.5532,1.1065,1.6597,0.5532,0,0.5532,0,0,2.213,0,2.213,0,0,0,0,0,0.0001,0,0.0001,0,0,0.0001,0.0001,0,0,0,0,0,0.0001,0,0.0001,0,0,0.2035,0.2432,0.2035,0.2432,1
0.5855,0.5855,0.5855,0.5855,0,1.7564,0.5855,1.1709,0.5855,0,0.5855,0.5855,1.1709,0.5855,0.5855,0,0,0.5855,0,1.7564,0.0001,0.0001,0.0001,0.0001,0,0.0002,0.0001,0.0001,0.0001,0,0.0001,0.0001,0.0001,0.0001,0.0001,0,0,0.0001,0,0.0002,0.2479,0.1666,0.2479,0.1666,1
0.5425,2.7126,0.5425,0.5425,0,2.1701,0,0.5425,1.085,0,0.5425,1.085,1.085,0,0,0,1.6275,1.6275,0,2.1701,0,0.0001,0,0,0,0.0001,0,0,0,0,0,0,0,0,0,0,0.0001,0.0001,0,0.0001,0.2299,0.2276,0.2299,0.2276,1
0.4997,0.4997,0.9993,0,0.4997,0.9993,0.4997,0.4997,0.9993,1.499,0,0.9993,3.4977,0,0.4997,0,1.499,0,1.499,0,0,0,0.0001,0,0,0.0001,0,0,0.0001,0.0001,0,0.0001,0.0002,0,0,0,0.0001,0,0.0001,0,0.252,0.2483,0.252,0.2483,1
1.6224,0,0,0,0,0,0,0,3.2448,0.8112,0.8112,0,0.8112,0.8112,0,0,0.8112,1.6224,0,1.6224,0.0003,0,0,0,0,0,0,0,0.0006,0.0002,0.0002,0,0.0002,0.0002,0,0,0.0002,0.0003,0,0.0003,0.1004,0.0884,0.1004,0.0884,1
1.7659,0.5886,0.5886,2.3545,0.5886,0,0,0.5886,0.5886,1.1773,0,0,0.5886,0,1.1773,0,0,0,0,0,0.0002,0.0001,0.0001,0.0002,0.0001,0,0,0.0001,0.0001,0.0001,0,0,0.0001,0,0.0001,0,0,0,0,0,0.2032,0.2082,0.2032,0.2082,1
0.6474,0,0,0.6474,0,0,0,0.6474,1.2947,0,0.6474,0,1.2947,0,0,0.6474,2.5895,0,1.2947,0,0.0001,0,0,0.0001,0,0,0,0.0001,0.0002,0,0.0001,0,0.0002,0,0,0.0001,0.0003,0,0.0002,0,0.1725,0.1802,0.1725,0.1802,1
0.5058,0.5058,1.5175,0.5058,0.5058,1.5175,1.0117,0,2.0234,0,0,0.5058,0,1.0117,2.5292,0,0.5058,0,0,0.5058,0,0,0.0001,0,0,0.0001,0.0001,0,0.0002,0,0,0,0,0.0001,0.0002,0,0,0,0,0,0.2696,0.2246,0.2696,0.2246,1
0,0.5169,0.5169,0,0,0.5169,0,0,0.5169,3.1011,0,0,0,0,2.0674,0,0.5169,0.5169,0.5169,0.5169,0,0,0,0,0,0,0,0,0,0.0003,0,0,0,0,0.0002,0,0,0,0,0,0.2437,0.2394,0.2437,0.2394,1
1.0859,0.543,0.543,0,0.543,2.7149,1.0859,0,0,1.0859,0,1.0859,0.543,1.0859,0.543,0,0.543,0,1.0859,0,0.0001,0,0,0,0,0.0002,0.0001,0,0,0.0001,0,0.0001,0,0.0001,0,0,0,0,0.0001,0,0.2581,0.1989,0.2581,0.1989,1
2.1743,1.0872,0,0,0,1.0872,0,0,0.5436,0,1.0872,0.5436,2.1743,0.5436,1.6308,1.6308,0.5436,1.0872,0,0.5436,0.0001,0.0001,0,0,0,0.0001,0,0,0,0,0.0001,0,0.0001,0,0.0001,0.0001,0,0.0001,0,0,0.2297,0.2268,0.2297,0.2268,1
0,0,0.5998,0,0.5998,1.1997,1.1997,1.1997,0,1.1997,0,0,0,0,0.5998,0,0,0.5998,1.1997,0,0,0,0.0001,0,0.0001,0.0001,0.0001,0.0001,0,0.0001,0,0,0,0,0.0001,0,0,0.0001,0.0001,0,0.2096,0.1905,0.2096,0.1905,1
0.6221,0.6221,0.6221,0,0,1.2443,0,1.2443,0.6221,0,0.6221,1.8664,1.2443,0.6221,0.6221,1.2443,0.6221,0.6221,0.6221,0,0,0,0,0,0,0.0001,0,0.0001,0,0,0,0.0001,0.0001,0,0,0.0001,0,0,0,0,0.1839,0.194,0.1839,0.194,1
0,3.9181,0,0,0.653,1.306,0,0,0,0.653,0,0,0,0,3.265,0,0,1.306,0,0.653,0,0.0002,0,0,0,0.0001,0,0,0,0,0,0,0,0,0.0002,0,0,0.0001,0,0,0.1521,0.1949,0.1521,0.1949,1
1.982,0,0.4955,0.4955,1.982,2.973,0.4955,0.4955,0.4955,1.4865,0,0.991,0,0,0,1.4865,0,0.991,0.4955,0,0.0001,0,0,0,0.0001,0.0002,0,0,0,0.0001,0,0.0001,0,0,0,0.0001,0,0.0001,0,0,0.2603,0.2442,0.2603,0.2442,1
1.8748,0,1.8748,0,0,0.6249,0,0.6249,0,0.6249,0,0,1.2499,0.6249,0.6249,0.6249,0,0.6249,0.6249,0,0.0002,0,0.0002,0,0,0.0001,0,0.0001,0,0.0001,0,0,0.0001,0.0001,0.0001,0.0001,0,0.0001,0.0001,0,0.2315,0.1436,0.2315,0.1436,1
4.5675,0.5075,1.015,0,0.5075,2.03,0,0.5075,1.5225,1.015,0,0,0,0,0,0.5075,0.5075,1.5225,0.5075,0,0.0003,0,0.0001,0,0,0.0001,0,0,0.0001,0.0001,0,0,0,0,0,0,0,0.0001,0,0,0.2534,0.2391,0.2534,0.2391,1
0,0.7386,0,0.7386,0,0.7386,0,0.7386,0.7386,1.4773,0,0,1.4773,0,0,0,2.2159,1.4773,0,0,0,0.0001,0,0.0001,0,0.0001,0,0.0001,0.0001,0.0002,0,0,0.0002,0,0,0,0.0002,0.0002,0,0,0.127,0.1343,0.127,0.1343,1
1.2569,0,0.8379,0.8379,0,0.419,0.419,0.419,1.2569,1.2569,0,0.8379,0,0,1.6758,0.8379,0.419,0.8379,0,0.419,0.0001,0,0.0001,0.0001,0,0,0,0,0.0001,0.0001,0,0.0001,0,0,0.0001,0.0001,0,0.0001,0,0,0.2468,0.3342,0.2468,0.3342,1
0,0.7484,0,0,0,0,0,0,0,1.4968,0,0,2.9935,0,0.7484,0,0,0,2.9935,0,0,0.0001,0,0,0,0,0,0,0,0.0001,0,0,0.0003,0,0.0001,0,0,0,0.0003,0,0.1484,0.1033,0.1484,0.1033,1
0.6297,0.6297,0,0,1.8892,1.8892,0,0,0.6297,0.6297,0,1.2595,1.2595,0,0.6297,0,1.2595,0.6297,0.6297,1.2595,0,0,0,0,0.0001,0.0001,0,0,0,0,0,0.0001,0.0001,0,0,0,0.0001,0,0,0.0001,0.1634,0.2068,0.1634,0.2068,1
3.2458,1.2983,0,0.6492,0,1.2983,1.2983,0.6492,0,0.6492,0,0,0.6492,0,0,0.6492,1.9475,1.9475,0,0.6492,0.0002,0.0001,0,0,0,0.0001,0.0001,0,0,0,0,0,0,0,0,0,0.0001,0.0001,0,0,0.1962,0.1547,0.1962,0.1547,1
1.1378,3.4134,0.5689,0.5689,0,2.8445,0,0,0.5689,1.1378,0,0.5689,1.7067,0,0.5689,0,2.2756,1.1378,0.5689,0,0,0.0001,0,0,0,0.0001,0,0,0,0,0,0,0.0001,0,0,0,0.0001,0,0,0,0.204,0.2271,0.204,0.2271,1
0,0,0.6296,0,0,1.8889,0,0,0,0.6296,0,0.6296,0.6296,0.6296,2.5185,0.6296,0,0.6296,0,0,0,0,0.0001,0,0,0.0002,0,0,0,0.0001,0,0.0001,0.0001,0.0001,0.0003,0.0001,0,0.0001,0,0,0.1948,0.1756,0.1948,0.1756,1
0.5672,0.5672,0.5672,0.5672,0.5672,0,0.5672,0.5672,0,0.5672,1.1344,0.5672,1.7016,0.5672,1.1344,0.5672,1.1344,1.1344,0,1.7016,0,0,0,0,0,0,0,0,0,0,0.0001,0,0.0001,0,0.0001,0,0.0001,0.0001,0,0.0001,0.1946,0.2382,0.1946,0.2382,1
0,0,0.5969,0.5969,1.1937,1.7906,0.5969,0.5969,1.7906,0.5969,1.1937,0.5969,0,0,0,0,0.5969,0.5969,0.5969,0.5969,0,0,0.0001,0.0001,0.0001,0.0002,0.0001,0.0001,0.0002,0.0001,0.0001,0.0001,0,0,0,0,0.0001,0.0001,0.0001,0.0001,0.2083,0.1948,0.2083,0.1948,1
2.8228,0,0.7057,1.4114,0,0,0,0,0.7057,1.4114,0,0,0,0,0,0,1.4114,2.8228,0,0,0.0004,0,0.0001,0.0002,0,0,0,0,0.0001,0.0002,0,0,0,0,0,0,0.0002,0.0004,0,0,0.172,0.1223,0.172,0.1223,1
0,0,1.3881,0.9254,0.4627,0.4627,0.4627,0.4627,0,2.3135,0.4627,1.3881,0,0.9254,0.4627,0.4627,1.3881,0.9254,0,1.3881,0,0,0.0001,0.0001,0,0,0,0,0,0.0002,0,0.0001,0,0.0001,0,0,0.0001,0.0001,0,0.0001,0.2717,0.2656,0.2717,0.2656,1
1.6187,0,0,0,0.8094,0.8094,0,0,3.2374,0.8094,0,0,0,0,0,0,1.6187,1.6187,0,0.8094,0.0003,0,0,0,0.0002,0.0002,0,0,0.0007,0.0002,0,0,0,0,0,0,0.0003,0.0003,0,0.0002,0.0635,0.1272,0.0635,0.1272,1
2.0929,0.5232,0.5232,1.0465,0,1.5697,0,0.5232,0.5232,0.5232,0.5232,0,0,0,3.1394,0.5232,0.5232,0,0.5232,0.5232,0.0001,0,0,0.0001,0,0.0001,0,0,0,0,0,0,0,0,0.0002,0,0,0,0,0,0.2398,0.237,0.2398,0.237,1
0.5044,0,1.0088,4.035,0,0,0,1.0088,3.0263,2.0175,0,0,0,0.5044,0,0.5044,0.5044,0,0,0,0,0,0.0001,0.0004,0,0,0,0.0001,0.0003,0.0002,0,0,0,0,0,0,0,0,0,0,0.2499,0.2457,0.2499,0.2457,1
0,1.1187,1.1187,0,0.5594,0.5594,0.5594,0.5594,1.1187,0.5594,1.6781,2.2374,1.1187,0,0,0.5594,0,2.7968,0.5594,0.5594,0,0.0001,0.0001,0,0,0,0,0,0.0001,0,0.0001,0.0001,0.0001,0,0,0,0,0.0001,0,0,0.2497,0.1909,0.2497,0.1909,1
0,0,0.4838,0,0,1.4514,0,0,1.4514,0.4838,0,1.4514,2.9029,0,2.4191,0,0.9676,0,0,0,0,0,0.0001,0,0,0.0002,0,0,0.0002,0.0001,0,0.0002,0.0003,0,0.0003,0,0.0001,0,0,0,0.2541,0.2621,0.2541,0.2621,1
0,0,0,1.9773,0,0,0,0.6591,0.6591,1.3182,1.3182,1.9773,0,0,0,0,1.3182,0.6591,0,0,0,0,0,0.0002,0,0,0,0.0001,0.0001,0.0002,0.0002,0.0002,0,0,0,0,0.0002,0.0001,0,0,0.1666,0.1743,0.1666,0.1743,1
0,0.5402,0,0,0.5402,0.5402,0.5402,0,0.5402,1.6205,0,0,0.5402,0,2.1607,0,1.0803,0.5402,0.5402,0.5402,0,0.0001,0,0,0.0001,0.0001,0.0001,0,0.0001,0.0002,0,0,0.0001,0,0.0002,0,0.0001,0.0001,0.0001,0.0001,0.2601,0.1997,0.2601,0.1997,1
2.1806,0,0.5452,0,0.5452,2.1806,1.0903,0.5452,1.0903,2.7258,0,0.5452,0,0,0.5452,1.6355,0,0,0,0,0.0001,0,0,0,0,0.0001,0.0001,0,0.0001,0.0002,0,0,0,0,0,0.0001,0,0,0,0,0.216,0.2388,0.216,0.2388,1
1.9548,0.6516,0.6516,0,0,3.2579,0.6516,1.3032,0,1.9548,0.6516,0,0.6516,0,0,0.6516,1.3032,1.3032,0,0.6516,0.0001,0,0,0,0,0.0002,0,0.0001,0,0.0001,0,0,0,0,0,0,0.0001,0.0001,0,0,0.1773,0.1711,0.1773,0.1711,1
1.4295,2.8591,0.7148,0,1.4295,2.8591,0,0.7148,0,1.4295,0,0.7148,0,0,0,0.7148,0,0.7148,0.7148,0.7148,0.0001,0.0001,0,0,0.0001,0.0001,0,0,0,0.0001,0,0,0,0,0,0,0,0,0,0,0.1613,0.1239,0.1613,0.1239,1
0,0.5672,1.1344,0.5672,0.5672,0.5672,0,1.1344,0.5672,1.7016,0,2.2687,0,0.5672,1.1344,0.5672,1.1344,1.1344,0.5672,0,0,0,0.0001,0,0,0,0,0.0001,0,0.0001,0,0.0001,0,0,0.0001,0,0.0001,0.0001,0,0,0.2327,0.2001,0.2327,0.2001,1
0,0,0,0,1.4922,0,0,0,0.7461,2.9843,0,0,0,0.7461,1.4922,0,0.7461,2.2382,0,0.7461,0,0,0,0,0.0003,0,0,0,0.0001,0.0006,0,0,0,0.0001,0.0003,0,0.0001,0.0004,0,0.0001,0.123,0.1309,0.123,0.1309,1
1.1716,3.5149,0,0.5858,0.5858,1.7575,0,2.3433,1.1716,0,0,1.1716,1.1716,0,0.5858,1.1716,0.5858,1.1716,0,0.5858,0,0.0001,0,0,0,0.0001,0,0.0001,0,0,0,0,0,0,0,0,0,0,0,0,0.2335,0.1807,0.2335,0.1807,1
0.7665,0.7665,0,0.7665,0,0,0,0,3.0659,0.7665,0,0,0,0,0,0,0.7665,2.2994,0,0.7665,0.0001,0.0001,0,0.0001,0,0,0,0,0.0004,0.0001,0,0,0,0,0,0,0.0001,0.0003,0,0.0001,0.1028,0.1307,0.1028,0.1307,1
1.2261,0,1.2261,0.6131,0,1.2261,0.6131,0,0.6131,1.2261,0.6131,0,0.6131,0,1.2261,0,0,0,0,0,0.0001,0,0.0001,0.0001,0,0.0001,0.0001,0,0.0001,0.0001,0.0001,0,0.0001,0,0.0001,0,0,0,0,0,0.1906,0.1963,0.1906,0.1963,1
0.9955,0,0,0.4977,0.4977,1.4932,1.4932,0.4977,0.4977,1.4932,0,0,0.4977,0,1.4932,0,0,0.4977,0.9955,0.4977,0.0001,0,0,0,0,0.0001,0.0001,0,0,0.0001,0,0,0,0,0.0001,0,0,0,0.0001,0,0.2526,0.2497,0.2526,0.2497,1
0,3.4008,0,0,0,1.1336,0,0,0,1.1336,0,0,0,0,2.834,0,1.1336,0.5668,0,0,0,0.0002,0,0,0,0.0001,0,0,0,0.0001,0,0,0,0,0.0002,0,0.0001,0,0,0,0.1937,0.2395,0.1937,0.2395,1
2.0007,0,0.5002,0,1.0004,0,0,1.5006,3.5013,0,2.0007,1.0004,0,0.5002,0,0,0,1.0004,0,0,0.0002,0,0,0,0.0001,0,0,0.0001,0.0003,0,0.0002,0.0001,0,0,0,0,0,0.0001,0,0,0.2051,0.2947,0.2051,0.2947,1
3.795,0,0.5421,1.0843,0.5421,0.5421,0.5421,0,0,0.5421,0,0,0,0,1.6264,0,1.6264,0,0,0,0.0005,0,0.0001,0.0001,0.0001,0.0001,0.0001,0,0,0.0001,0,0,0,0,0.0002,0,0.0002,0,0,0,0.1969,0.261,0.1969,0.261,1
3.108,1.554,0,0.777,1.554,0,0.777,0,0,0,0,0.777,1.554,0,0,1.554,0.777,3.108,0,0,0.0002,0.0001,0,0.0001,0.0001,0,0.0001,0,0,0,0,0.0001,0.0001,0,0,0.0001,0.0001,0.0002,0,0,0.1345,0.0885,0.1345,0.0885,1
3.3575,0,0,0,0,0,0,0,2.0145,2.686,0,0,1.343,0.6715,0.6715,0.6715,0.6715,1.343,0,0,0.0004,0,0,0,0,0,0,0,0.0002,0.0003,0,0,0.0002,0.0001,0.0001,0.0001,0.0001,0.0002,0,0,0.1776,0.1509,0.1776,0.1509,1
0.5059,0.5059,0,0,1.5176,0.5059,0.5059,0,2.0234,0.5059,0,0,0,0.5059,1.5176,0,0,0.5059,1.0117,0.5059,0,0,0,0,0.0001,0,0,0,0.0002,0,0,0,0,0,0.0001,0,0,0,0.0001,0,0.2708,0.2234,0.2708,0.2234,1
0.5632,0,0,0.5632,0,0,0,0,0,0,0,1.1264,0,0.5632,5.6318,0.5632,0,0.5632,0.5632,0,0.0001,0,0,0.0001,0,0,0,0,0,0,0,0.0002,0,0.0001,0.0011,0.0001,0,0.0001,0.0001,0,0.2482,0.1887,0.2482,0.1887,1
0.5765,0,0,1.7296,0,0,2.8826,1.1531,1.1531,1.7296,0.5765,0.5765,0,0.5765,0,0,1.7296,1.1531,0,0.5765,0.0001,0,0,0.0002,0,0,0.0004,0.0002,0.0002,0.0002,0.0001,0.0001,0,0.0001,0,0,0.0002,0.0002,0,0.0001,0.2327,0.1908,0.2327,0.1908,1
3.6166,0,0,0,0.7233,1.4466,0.7233,0,0,2.1699,0,0,0,0,0.7233,0,0,0,0,0,0.0005,0,0,0,0.0001,0.0002,0.0001,0,0,0.0003,0,0,0,0,0.0001,0,0,0,0,0,0.1344,0.1423,0.1344,0.1423,1
0,0.4864,0,0.4864,0.4864,0,1.9455,0.9728,3.4046,0.4864,0,0.4864,0.4864,0,1.4591,0,0.9728,0.9728,0,0.4864,0,0,0,0,0,0,0.0002,0.0001,0.0003,0,0,0,0,0,0.0001,0,0.0001,0.0001,0,0,0.2541,0.2596,0.2541,0.2596,1
1.9635,1.309,1.309,0,0,0.6545,0,0,0,0,1.309,0,1.309,0.6545,0.6545,0,0.6545,3.2725,0,1.309,0.0001,0.0001,0.0001,0,0,0,0,0,0,0,0.0001,0,0.0001,0,0,0,0,0.0002,0,0.0001,0.1779,0.1676,0.1779,0.1676,1
0.7823,0,0,0,1.5646,0,1.5646,0,0,1.5646,2.3469,0.7823,0,0,0,0.7823,0.7823,1.5646,0,0,0.0001,0,0,0,0.0002,0,0.0002,0,0,0.0002,0.0003,0.0001,0,0,0,0.0001,0.0001,0.0002,0,0,0.1331,0.0846,0.1331,0.0846,1
0.5751,2.3004,0.5751,0,0,1.1502,0,0.5751,0.5751,2.8755,0.5751,0,0.5751,0.5751,1.7253,0,0.5751,1.7253,0,0,0,0.0001,0,0,0,0.0001,0,0,0,0.0002,0,0,0,0,0.0001,0,0,0.0001,0,0,0.2058,0.2191,0.2058,0.2191,1
2.2604,0,0,0.7535,0,0,0,0.7535,0,1.5069,0.7535,0.7535,0,0.7535,0.7535,0.7535,2.2604,0,0,0,0.0003,0,0,0.0001,0,0,0,0.0001,0,0.0002,0.0001,0.0001,0,0.0001,0.0001,0.0001,0.0003,0,0,0,0.1347,0.1119,0.1347,0.1119,1
0,2.305,0,0,1.1525,1.7287,0,0,0,0.5762,0,0,0.5762,0,2.8812,0,0,0.5762,0,0.5762,0,0.0001,0,0,0.0001,0.0001,0,0,0,0,0,0,0,0,0.0002,0,0,0,0,0,0.2447,0.1791,0.2447,0.1791,1
1.9191,1.2794,1.9191,0.6397,0,1.2794,0,0,0,0.6397,0,0,0,0,0,0.6397,1.2794,1.2794,0,0.6397,0.0001,0.0001,0.0001,0,0,0.0001,0,0,0,0,0,0,0,0,0,0,0.0001,0.0001,0,0,0.1802,0.1801,0.1802,0.1801,1
1.2383,0,1.2383,0,1.2383,1.2383,0.6192,0.6192,0,1.2383,0.6192,0.6192,1.2383,0,0,1.2383,0.6192,0,0.6192,0,0.0001,0,0.0001,0,0.0001,0.0001,0,0,0,0.0001,0,0,0.0001,0,0,0.0001,0,0,0,0,0.1823,0.1985,0.1823,0.1985,1
0.5693,0,0.5693,0,1.1386,2.2771,0,0,1.7078,0.5693,0,0,0.5693,0,1.1386,0,0,1.1386,0,1.1386,0.0001,0,0.0001,0,0.0001,0.0002,0,0,0.0002,0.0001,0,0,0.0001,0,0.0001,0,0,0.0001,0,0.0001,0.2204,0.2103,0.2204,0.2103,1
1.1558,0,0.5779,0,0,1.7337,0.5779,0,0.5779,1.1558,0.5779,0,0,0.5779,1.1558,0.5779,0.5779,0,0,0,0.0001,0,0.0001,0,0,0.0002,0.0001,0,0.0001,0.0001,0.0001,0,0,0.0001,0.0001,0.0001,0.0001,0,0,0,0.2151,0.207,0.2151,0.207,1
1.7058,0,0,0,0.8529,0,0,0,3.4115,0.8529,0.8529,0,0,0,0,0,0.8529,2.5586,0,0,0.0005,0,0,0,0.0002,0,0,0,0.001,0.0002,0.0002,0,0,0,0,0,0.0002,0.0007,0,0,0.0564,0.0907,0.0564,0.0907,1
0.5602,0.5602,1.1204,0.5602,0.5602,0,0,0.5602,0.5602,1.1204,1.1204,0,0,0,0.5602,1.1204,0,0,1.6807,0,0,0,0.0001,0,0,0,0,0,0,0.0001,0.0001,0,0,0,0,0.0001,0,0,0.0001,0,0.2457,0.1941,0.2457,0.1941,1
1.26,0,0,0,1.26,0.63,0,1.26,1.26,1.26,0,0,0,0,0.63,0,0,0,0.63,0,0.0002,0,0,0,0.0002,0.0001,0,0.0002,0.0002,0.0002,0,0,0,0,0.0001,0,0,0,0.0001,0,0.1502,0.2199,0.1502,0.2199,1
2.4672,0,0,0,0,0.9869,0.4934,0.9869,2.9606,1.4803,0.4934,0.4934,0.9869,0,0,0,0.4934,1.4803,0,0.4934,0.0002,0,0,0,0,0.0001,0,0.0001,0.0003,0.0001,0,0,0.0001,0,0,0,0,0.0001,0,0,0.2369,0.2697,0.2369,0.2697,1
1.7254,0.5751,0.5751,0.5751,0,0,1.1503,0.5751,0,0.5751,0,0.5751,0,1.1503,1.1503,1.1503,0.5751,0,0,0,0.0002,0.0001,0.0001,0.0001,0,0,0.0001,0.0001,0,0.0001,0,0.0001,0,0.0001,0.0001,0.0001,0.0001,0,0,0,0.204,0.2209,0.204,0.2209,1
0.8769,0,0.4384,0.8769,0.8769,0,1.3153,0,1.3153,0.8769,0,0.4384,0.8769,0,1.3153,0.8769,0,0.8769,0,0.8769,0.0001,0,0,0.0001,0.0001,0,0.0001,0,0.0001,0.0001,0,0,0.0001,0,0.0001,0.0001,0,0.0001,0,0.0001,0.3028,0.2588,0.3028,0.2588,1
0.4806,0,0.4806,2.8834,0.4806,0,0,0.4806,1.4417,1.4417,0,1.4417,0,0.9611,0.9611,0.9611,0.4806,0.4806,0.9611,0.4806,0,0,0,0.0002,0,0,0,0,0.0001,0.0001,0,0.0001,0,0.0001,0.0001,0.0001,0,0,0.0001,0,0.2325,0.2869,0.2325,0.2869,1
1.8375,0,0.6125,0,0,1.8375,0,0,0.6125,1.225,0.6125,0,0,0,1.225,1.225,0,0,0,0,0.0002,0,0.0001,0,0,0.0002,0,0,0.0001,0.0001,0.0001,0,0,0,0.0001,0.0001,0,0,0,0,0.2153,0.1722,0.2153,0.1722,1
0,0.6061,1.2123,0.6061,0.6061,0,0,1.2123,0,0.6061,0,0,0,0,0.6061,0.6061,0,0,1.8184,0,0,0,0.0001,0,0,0,0,0.0001,0,0,0,0,0,0,0,0,0,0,0.0001,0,0.1872,0.2067,0.1872,0.2067,1
1.0282,0,2.0564,0,0.5141,2.0564,0,0,0.5141,1.5423,0.5141,1.5423,1.5423,0,1.0282,0.5141,0.5141,1.5423,0,0,0.0001,0,0.0001,0,0,0.0001,0,0,0,0.0001,0,0.0001,0.0001,0,0.0001,0,0,0.0001,0,0,0.2588,0.2271,0.2588,0.2271,1
0,0,0,0,0,0,0,2.1036,0.7012,1.4024,0,0.7012,0.7012,0.7012,0.7012,0,0,0,0,1.4024,0,0,0,0,0,0,0,0.0003,0.0001,0.0002,0,0.0001,0.0001,0.0001,0.0001,0,0,0,0,0.0002,0.1454,0.1533,0.1454,0.1533,1
0.6627,3.3136,0,0,1.3254,0.6627,0,1.3254,0.6627,0.6627,1.3254,0,1.3254,1.3254,0.6627,1.3254,0.6627,0.6627,0,1.3254,0,0.0001,0,0,0.0001,0,0,0.0001,0,0,0.0001,0,0.0001,0.0001,0,0.0001,0,0,0,0.0001,0.1922,0.1451,0.1922,0.1451,1
1.0854,0,0,0,0.5427,0.5427,0.5427,0,1.0854,0,1.6282,0,0.5427,0,2.1709,0.5427,2.7136,1.0854,0,1.0854,0.0001,0,0,0,0.0001,0.0001,0.0001,0,0.0001,0,0.0002,0,0.0001,0,0.0002,0.0001,0.0003,0.0001,0,0.0001,0.2166,0.2406,0.2166,0.2406,1
1.2615,0.4205,0.4205,0,0,0,0,0.4205,1.2615,0.841,0,0.4205,0,0.841,3.364,0.4205,0.4205,2.523,0,0,0.0001,0,0,0,0,0,0,0,0.0001,0.0001,0,0,0,0.0001,0.0003,0,0,0.0003,0,0,0.2389,0.3406,0.2389,0.3406,1
0.4569,0,0,0,0.9139,0.4569,1.3708,0.4569,2.7416,0.4569,0.4569,0,0.9139,0,1.8277,0.4569,0.4569,1.3708,0,0.4569,0.0001,0,0,0,0.0001,0.0001,0.0002,0.0001,0.0003,0.0001,0.0001,0,0.0001,0,0.0002,0.0001,0.0001,0.0002,0,0.0001,0.2654,0.2777,0.2654,0.2777,1
2.0035,0,0,1.3357,0.6678,0,0.6678,1.3357,0,0,0,0.6678,0,0,0.6678,0.6678,2.0035,1.3357,0,0.6678,0.0003,0,0,0.0002,0.0001,0,0.0001,0.0002,0,0,0,0.0001,0,0,0.0001,0.0001,0.0003,0.0002,0,0.0001,0.1695,0.1627,0.1695,0.1627,1
1.3379,0.446,0,0.446,1.3379,0.8919,0,0,1.3379,1.3379,0,0.446,0,0,2.2298,0,0,0.446,0,0,0.0001,0,0,0,0.0001,0.0001,0,0,0.0001,0.0001,0,0,0,0,0.0002,0,0,0,0,0,0.2325,0.3215,0.2325,0.3215,1
2.4323,0.8108,0,0,2.4323,1.6215,0,0,0,0.8108,0,0,4.0538,0,0,0.8108,0.8108,0,0,0.8108,0.0002,0.0001,0,0,0.0002,0.0001,0,0,0,0.0001,0,0,0.0003,0,0,0.0001,0.0001,0,0,0.0001,0.0946,0.0947,0.0946,0.0947,1
0.9225,2.7675,0,0,1.3838,0.9225,0,0.4613,0.4613,1.845,0,0.4613,0.4613,0.4613,2.3063,0,0.4613,0,0.4613,0.4613,0,0.0001,0,0,0.0001,0,0,0,0,0.0001,0,0,0,0,0.0001,0,0,0,0,0,0.2646,0.2742,0.2646,0.2742,1
0,0.5016,1.5048,0.5016,0.5016,0,0,1.0032,0.5016,1.5048,0,0,0,0,3.5112,1.0032,0,0,1.5048,0.5016,0,0,0.0001,0,0,0,0,0.0001,0,0.0001,0,0,0,0,0.0002,0.0001,0,0,0.0001,0,0.2564,0.242,0.2564,0.242,1
4.2188,0,0,0,0,0,0,0,1.6875,2.5313,0,0,0.8438,0,1.6875,0,0,0.8438,0,0,0.0009,0,0,0,0,0,0,0,0.0004,0.0005,0,0,0.0002,0,0.0004,0,0,0.0002,0,0,0.0523,0.104,0.0523,0.104,1
0.6052,0.6052,1.8157,1.2105,0.6052,0.6052,0,0,0.6052,0.6052,0,0,0.6052,0,0,1.2105,0.6052,0.6052,0,0,0.0001,0.0001,0.0002,0.0001,0.0001,0.0001,0,0,0.0001,0.0001,0,0,0.0001,0,0,0.0001,0.0001,0.0001,0,0,0.227,0.1678,0.227,0.1678,1
0.4052,0.4052,0,0.4052,0.4052,0.4052,0.4052,1.2157,0.8105,1.2157,0,0.4052,0,0.4052,2.4315,0.4052,0.4052,0,0.8105,0,0,0,0,0,0,0,0,0.0001,0.0001,0.0001,0,0,0,0,0.0002,0,0,0,0.0001,0,0.3001,0.2947,0.3001,0.2947,1
1.1087,0,1.1087,0.5544,0,1.1087,0,0,2.7718,0.5544,1.1087,0,1.6631,0,1.1087,0.5544,0,0,0,0,0.0001,0,0.0001,0.0001,0,0.0001,0,0,0.0003,0.0001,0.0001,0,0.0002,0,0.0001,0.0001,0,0,0,0,0.2214,0.2242,0.2214,0.2242,1
0,2.4973,0,0.6243,2.4973,2.4973,0,0,0.6243,0,0.6243,0.6243,0.6243,0,0,0.6243,0.6243,0.6243,1.2487,0,0,0.0001,0,0,0.0001,0.0001,0,0,0,0,0,0,0,0,0,0,0,0,0.0001,0,0.2171,0.1585,0.2171,0.1585,1
0.86,0,0,0.43,2.5799,0,0,0.86,3.0099,1.29,0,0,0,0,1.29,0,0,0.43,0,0,0.0001,0,0,0.0001,0.0003,0,0,0.0001,0.0004,0.0002,0,0,0,0,0.0002,0,0,0.0001,0,0,0.2301,0.3399,0.2301,0.3399,1
3.9138,0.5591,0,0,0,0,0.5591,0,2.2365,1.6774,1.1182,0,0,0,0,0,1.1182,2.7956,0.5591,0,0.0003,0,0,0,0,0,0,0,0.0002,0.0001,0.0001,0,0,0,0,0,0.0001,0.0002,0,0,0.1921,0.2488,0.1921,0.2488,1
1.3098,0,0,0,1.3098,0.6549,0,1.9648,1.3098,0.6549,0,0,0,0,0,0.6549,0,0.6549,0.6549,0,0.0001,0,0,0,0.0001,0.0001,0,0.0002,0.0001,0.0001,0,0,0,0,0,0.0001,0,0.0001,0.0001,0,0.16,0.1851,0.16,0.1851,1
0,1.4879,0.9919,0,0.496,0.9919,0,0,2.4798,0,0.496,0,0.496,0.9919,0.496,0.496,0.9919,0.9919,0.9919,0.496,0,0.0001,0.0001,0,0,0.0001,0,0,0.0001,0,0,0,0,0.0001,0,0,0.0001,0.0001,0.0001,0,0.279,0.225,0.279,0.225,1
0.4199,0,0.4199,3.3591,0,0,0.4199,1.2597,2.5194,0.4199,0,0.8398,0,0.8398,0,0,0.4199,0,0.8398,0.4199,0,0,0,0.0003,0,0,0,0.0001,0.0002,0,0,0.0001,0,0.0001,0,0,0,0,0.0001,0,0.2586,0.3215,0.2586,0.3215,1
0.5512,0.5512,1.1024,0.5512,0.5512,0.5512,0,0.5512,0.5512,1.1024,0.5512,1.6537,0,0,3.3073,0.5512,0.5512,1.1024,0,1.6537,0,0,0.0001,0,0,0,0,0,0,0.0001,0,0.0001,0,0,0.0002,0,0,0.0001,0,0.0001,0.2084,0.2404,0.2084,0.2404,1
0.5852,0,0,0.5852,0,0,1.1704,2.3407,1.1704,1.7555,0.5852,1.1704,0,1.1704,1.1704,0.5852,2.3407,1.7555,0,0,0.0001,0,0,0.0001,0,0,0.0001,0.0002,0.0001,0.0002,0.0001,0.0001,0,0.0001,0.0001,0.0001,0.0002,0.0002,0,0,0.1849,0.2299,0.1849,0.2299,1
1.3517,0.6758,0.6758,0,0,0,0,1.3517,0,1.3517,0,0,0.6758,0,1.3517,2.0275,1.3517,0.6758,0,0.6758,0.0001,0.0001,0.0001,0,0,0,0,0.0001,0,0.0001,0,0,0.0001,0,0.0001,0.0002,0.0001,0.0001,0,0.0001,0.1671,0.1571,0.1671,0.1571,1
0,0,0.5855,0,0.5855,0.5855,0.5855,0.5855,1.171,0,0.5855,2.342,0.5855,0,3.513,0,2.9275,2.342,0,0,0,0,0.0001,0,0.0001,0.0001,0.0001,0.0001,0.0001,0,0.0001,0.0002,0.0001,0,0.0003,0,0.0003,0.0002,0,0,0.1794,0.2351,0.1794,0.2351,1
1.1411,0,0,0,2.6625,0,0,0.7607,0.3804,0.7607,0,0.7607,0,0,3.4233,0,0,0.7607,0,0,0.0001,0,0,0,0.0003,0,0,0.0001,0,0.0001,0,0.0001,0,0,0.0004,0,0,0.0001,0,0,0.2804,0.3392,0.2804,0.3392,1
0.4747,0.4747,1.424,0.4747,0.4747,0.4747,0.9494,0.9494,0.9494,0.9494,0,0.4747,0.4747,0.4747,2.3734,0.9494,0,0.4747,0,0.4747,0,0,0.0001,0,0,0,0.0001,0.0001,0.0001,0.0001,0,0,0,0,0.0002,0.0001,0,0,0,0,0.2437,0.2816,0.2437,0.2816,1
0.7181,0,0,0,1.4362,0.7181,0,0,2.8723,0.7181,0,0,0,0,0.7181,0,1.4362,3.5904,0,0,0.0001,0,0,0,0.0003,0.0001,0,0,0.0005,0.0001,0,0,0,0,0.0001,0,0.0003,0.0007,0,0,0.1434,0.1386,0.1434,0.1386,1
0.5692,0.5692,0,1.1383,0.5692,1.1383,0,0.5692,1.1383,0.5692,0.5692,1.1383,0.5692,0,1.1383,0.5692,0.5692,0.5692,0,0.5692,0,0,0,0.0001,0,0.0001,0,0,0.0001,0,0,0.0001,0,0,0.0001,0,0,0,0,0,0.2294,0.2014,0.2294,0.2014,1
0,0,0,0.6126,0.6126,1.2252,0,0.6126,1.2252,2.4505,0,0,0,0,0,0.6126,0,0,0.6126,0,0,0,0,0.0001,0.0001,0.0001,0,0.0001,0.0001,0.0002,0,0,0,0,0,0.0001,0,0,0.0001,0,0.179,0.2084,0.179,0.2084,1
0,0.5034,0,0,0,2.0138,0,0,0.5034,0,0.5034,0.5034,0.5034,1.0069,4.5309,0,0,0,0,0,0,0.0001,0,0,0,0.0003,0,0,0.0001,0,0.0001,0.0001,0.0001,0.0001,0.0006,0,0,0,0,0,0.3218,0.1748,0.3218,0.1748,1
0.5438,0,1.0877,1.6315,0.5438,2.1753,0,1.0877,0.5438,0,1.0877,0.5438,0,0.5438,0,0.5438,0.5438,0.5438,0,1.0877,0,0,0.0001,0.0001,0,0.0002,0,0.0001,0,0,0.0001,0,0,0,0,0,0,0,0,0.0001,0.21,0.2462,0.21,0.2462,1
1.016,0,0,1.016,0,0,0.508,2.032,0.508,1.524,0,1.016,0,1.524,1.524,0.508,1.016,0.508,0,0,0.0001,0,0,0.0001,0,0,0,0.0002,0,0.0001,0,0.0001,0,0.0001,0.0001,0,0.0001,0,0,0,0.2632,0.2288,0.2632,0.2288,1
1.3619,3.4048,0,0.681,0,3.4048,0,0,0,1.3619,0,0.681,2.0429,0.681,0,0.681,4.0857,0.681,0.681,0.681,0.0001,0.0001,0,0,0,0.0001,0,0,0,0.0001,0,0,0.0001,0,0,0,0.0002,0,0,0,0.1795,0.1395,0.1795,0.1395,1
0,0,0,0,0,0,0,0.8393,3.3571,1.6786,0,0,0,0,0,0.8393,0.8393,2.5178,0,0.8393,0,0,0,0,0,0,0,0.0002,0.0007,0.0003,0,0,0,0,0,0.0002,0.0002,0.0005,0,0.0002,0.0746,0.0861,0.0746,0.0861,1
1.9462,0,1.9462,0.4865,0,0.4865,0.4865,0.9731,0.9731,0.4865,0.4865,1.4596,0,0.4865,0,0.9731,0.4865,1.4596,0,1.4596,0.0001,0,0.0001,0,0,0,0,0.0001,0.0001,0,0,0.0001,0,0,0,0.0001,0,0.0001,0,0.0001,0.2328,0.2807,0.2328,0.2807,1
0.5407,0.5407,0.5407,0.5407,0.5407,0,0.5407,0.5407,2.1628,0,0.5407,0.5407,0,1.0814,1.6221,0,1.0814,0.5407,0.5407,0,0.0001,0.0001,0.0001,0.0001,0.0001,0,0.0001,0.0001,0.0002,0,0.0001,0.0001,0,0.0001,0.0002,0,0.0001,0.0001,0.0001,0,0.2444,0.2149,0.2444,0.2149,1
0,1.3632,0.6816,0,0.6816,2.0448,0.6816,0,0,0.6816,0,0,0.6816,0,0.6816,0,0,0,0.6816,0.6816,0,0.0001,0,0,0,0.0001,0,0,0,0,0,0,0,0,0,0,0,0,0,0,0.1716,0.1467,0.1716,0.1467,1
1.4379,0,0,0,0,0.719,0,0,2.8759,0.719,0,0,0,0,0.719,0.719,1.4379,2.8759,0,0.719,0.0002,0,0,0,0,0.0001,0,0,0.0005,0.0001,0,0,0,0,0.0001,0.0001,0.0002,0.0005,0,0.0001,0.1286,0.1524,0.1286,0.1524,1
1.6329,0.5443,0,2.1771,0,2.7214,0.5443,0,0.5443,2.7214,0,0,0,0,0.5443,0.5443,0.5443,1.0886,0,1.0886,0.0001,0,0,0.0002,0,0.0002,0,0,0,0.0002,0,0,0,0,0,0,0,0.0001,0,0.0001,0.221,0.2348,0.221,0.2348,1
0,0,0,0,0.7434,1.4868,1.4868,0.7434,0,0,0.7434,0.7434,0.7434,0,0,0.7434,2.2301,0.7434,0,0.7434,0,0,0,0,0.0001,0.0003,0.0003,0.0001,0,0,0.0001,0.0001,0.0001,0,0,0.0001,0.0004,0.0001,0,0.0001,0.1172,0.1394,0.1172,0.1394,1
2.1465,0.5366,0.5366,1.0733,0,1.0733,0,1.0733,0.5366,0,0.5366,0.5366,0.5366,0,1.0733,0,1.0733,0.5366,0,1.0733,0.0002,0,0,0.0001,0,0.0001,0,0.0001,0,0,0,0,0,0,0.0001,0,0.0001,0,0,0.0001,0.2471,0.2162,0.2471,0.2162,1
0,0,0,0.4532,0.9065,0.4532,0,0,0.9065,2.2662,0,0.4532,0.9065,0.4532,2.2662,0.4532,0,0.4532,0.4532,0,0,0,0,0,0.0001,0,0,0,0.0001,0.0002,0,0,0.0001,0,0.0002,0,0,0,0,0,0.2518,0.2949,0.2518,0.2949,1
1.0933,0,0,1.6399,0.5466,0.5466,0.5466,0.5466,0,0,0.5466,0.5466,0,0,1.0933,0.5466,0.5466,1.0933,0.5466,0,0.0001,0,0,0.0002,0.0001,0.0001,0.0001,0.0001,0,0,0.0001,0.0001,0,0,0.0001,0.0001,0.0001,0.0001,0.0001,0,0.2157,0.2376,0.2157,0.2376,1
1.4316,0,0,0,0,0,0,0,2.8632,2.1474,0,0,0,0,1.4316,0,0,2.1474,0,0,0.0003,0,0,0,0,0,0,0,0.0006,0.0004,0,0,0,0,0.0003,0,0,0.0004,0,0,0.0951,0.1891,0.0951,0.1891,1
0,0.5653,2.261,0.5653,0,1.1305,0,0.5653,0,0,0.5653,1.6958,0.5653,0.5653,0,0,0.5653,1.1305,0.5653,0.5653,0,0,0.0002,0,0,0.0001,0,0,0,0,0,0.0001,0,0,0,0,0,0.0001,0,0,0.2229,0.2118,0.2229,0.2118,1
0.5805,1.161,1.7415,0,0,1.7415,0,0,1.161,0.5805,0,0,1.161,0,2.322,1.161,2.9025,1.7415,0,0,0,0.0001,0.0001,0,0,0.0001,0,0,0.0001,0,0,0,0.0001,0,0.0002,0.0001,0.0002,0.0001,0,0,0.2343,0.1852,0.2343,0.1852,1
0,0,0.6816,0,1.3633,0.6816,0.6816,1.3633,0,2.0449,0,0,0,1.3633,6.1347,0,0,0,0,0,0,0,0.0001,0,0.0002,0.0001,0.0001,0.0002,0,0.0003,0,0,0,0.0002,0.0009,0,0,0,0,0,0.1655,0.1528,0.1655,0.1528,1
1.3619,0,0,0,0,0,2.0428,0.6809,2.0428,0,0,0.6809,0,0,0,0,0.6809,1.3619,0,0,0.0003,0,0,0,0,0,0.0004,0.0001,0.0004,0,0,0.0001,0,0,0,0,0.0001,0.0003,0,0,0.2052,0.1138,0.2052,0.1138,1
1.5973,0,0,0,0,0,0.7987,0,3.1947,0.7987,0,0,0,0,0,0,0.7987,3.1947,0,0.7987,0.0004,0,0,0,0,0,0.0002,0,0.0008,0.0002,0,0,0,0,0,0,0.0002,0.0008,0,0.0002,0.0823,0.1191,0.0823,0.1191,1
1.5089,0,1.5089,0,0.503,0.503,0,1.5089,0.503,1.5089,0,0,0.503,0,1.006,0.503,1.006,0,1.5089,0,0.0001,0,0.0001,0,0,0,0,0.0001,0,0.0001,0,0,0,0,0.0001,0,0.0001,0,0.0001,0,0.238,0.259,0.238,0.259,1
0.5315,0.5315,1.5946,0,0.5315,0,0,0,0.5315,1.063,0.5315,0.5315,0.5315,0,1.063,1.063,0.5315,0.5315,1.5946,0,0,0,0.0001,0,0,0,0,0,0,0.0001,0,0,0,0,0.0001,0.0001,0,0,0.0001,0,0.2433,0.2252,0.2433,0.2252,1
0.6072,0.6072,0.6072,0,0.6072,1.2144,0.6072,0,0,0.6072,1.2144,0,0,0.6072,0.6072,2.4287,1.2144,1.8216,1.2144,0.6072,0,0,0,0,0,0.0001,0,0,0,0,0.0001,0,0,0,0,0.0001,0.0001,0.0001,0.0001,0,0.1822,0.2106,0.1822,0.2106,1
0.6544,0,0,0.6544,0.6544,0.6544,0.6544,0.6544,0.6544,1.3088,1.3088,0.6544,0.6544,0,0,0,1.3088,0.6544,0,0.6544,0.0001,0,0,0.0001,0.0001,0.0001,0.0001,0.0001,0.0001,0.0001,0.0001,0.0001,0.0001,0,0,0,0.0001,0.0001,0,0.0001,0.1873,0.1583,0.1873,0.1583,1
0.5171,1.0343,1.5514,0.5171,0.5171,0.5171,0,0.5171,1.5514,1.5514,0.5171,0.5171,1.0343,0,1.0343,0.5171,0,0.5171,0,0,0,0.0001,0.0001,0,0,0,0,0,0.0001,0.0001,0,0,0.0001,0,0.0001,0,0,0,0,0,0.248,0.2349,0.248,0.2349,1
0,0,0,0,1.8789,0.9395,0.4697,0.4697,3.2881,1.8789,0,0,0.9395,0,1.4092,0.4697,0,0.9395,0,0,0,0,0,0,0.0002,0.0001,0,0,0.0003,0.0002,0,0,0.0001,0,0.0001,0,0,0.0001,0,0,0.258,0.2723,0.258,0.2723,1
1.3201,0,0,0,1.3201,1.9801,0.66,1.3201,1.3201,0.66,0,0,0.66,0,1.3201,0,1.9801,3.3002,0,0,0.0001,0,0,0,0.0001,0.0002,0.0001,0.0001,0.0001,0.0001,0,0,0.0001,0,0.0001,0,0.0002,0.0004,0,0,0.1391,0.2009,0.1391,0.2009,1
0.6851,0.6851,0,0.6851,0.6851,0.6851,0,0,0.6851,1.3702,0,0,0.6851,0,0,0,0.6851,0.6851,1.3702,0,0.0001,0.0001,0,0.0001,0.0001,0.0001,0,0,0.0001,0.0001,0,0,0.0001,0,0,0,0.0001,0.0001,0.0001,0,0.1343,0.1806,0.1343,0.1806,1
0,0,0.4119,3.2949,0,0,0,1.2356,3.2949,0.4119,0.4119,0,0,0.8237,0,0,1.2356,0,0.8237,0.4119,0,0,0,0.0003,0,0,0,0.0001,0.0003,0,0,0,0,0.0001,0,0,0.0001,0,0.0001,0,0.2544,0.3337,0.2544,0.3337,1
0,0,1.0119,0.5059,0.5059,1.5178,0,1.0119,1.0119,1.5178,2.0238,0.5059,0.5059,0,0.5059,0,0,1.0119,0.5059,0,0,0,0.0001,0,0,0.0001,0,0.0001,0.0001,0.0001,0.0001,0,0,0,0,0,0,0.0001,0,0,0.256,0.238,0.256,0.238,1
2.2766,0.4553,0,0,0,1.8213,0,0,1.8213,3.1872,0.4553,0,0,0,0.9106,0,0.9106,0.4553,0.4553,0,0.0002,0,0,0,0,0.0001,0,0,0.0001,0.0002,0,0,0,0,0.0001,0,0.0001,0,0,0,0.2417,0.303,0.2417,0.303,1
0,3.863,0,0.6438,0,3.2192,0,0.6438,0.6438,0,0,1.2877,1.9315,0,0.6438,0.6438,3.2192,1.9315,0,0.6438,0,0.0002,0,0,0,0.0001,0,0,0,0,0,0.0001,0.0001,0,0,0,0.0001,0.0001,0,0,0.1691,0.187,0.1691,0.187,1
0,0,0.6103,0,0,1.2207,0.6103,0.6103,1.831,0,0,0.6103,0.6103,0,1.2207,0.6103,0,0.6103,0,0,0,0,0.0001,0,0,0.0002,0.0001,0.0001,0.0002,0,0,0.0001,0.0001,0,0.0002,0.0001,0,0.0001,0,0,0.242,0.1476,0.242,0.1476,1
0,0.5612,0,0,0.5612,1.6835,1.6835,0.5612,0.5612,1.6835,0.5612,0,2.2447,1.6835,0.5612,0.5612,2.2447,0,0,0.5612,0,0,0,0,0,0.0001,0.0001,0,0,0.0001,0,0,0.0002,0.0001,0,0,0.0002,0,0,0,0.2049,0.2339,0.2049,0.2339,1
0,1.4528,0.4843,0.4843,0.9686,0.9686,0.4843,0.4843,0.9686,0.4843,0.4843,0.4843,0.4843,0.9686,1.9371,0.4843,0.4843,0,0.4843,0,0,0.0001,0,0,0.0001,0.0001,0,0,0.0001,0,0,0,0,0.0001,0.0001,0,0,0,0,0,0.2453,0.2704,0.2453,0.2704,1
0.5316,1.0632,0,0,0.5316,0,0.5316,0,4.2528,0,0.5316,0.5316,0,0,5.316,0,0,0,0.5316,1.0632,0,0.0001,0,0,0,0,0,0,0.0003,0,0,0,0,0,0.0004,0,0,0,0,0.0001,0.1987,0.2697,0.1987,0.2697,1
0.6157,0.6157,1.2314,0,0,0.6157,0,1.2314,1.8471,0,0.6157,0,1.8471,0.6157,0.6157,0.6157,0.6157,1.8471,1.8471,0,0,0,0.0001,0,0,0,0,0.0001,0.0001,0,0,0,0.0001,0,0,0,0,0.0001,0.0001,0,0.193,0.1913,0.193,0.1913,1
0,0,1.1714,2.3429,1.1714,0.5857,0,0.5857,0.5857,1.1714,0,0,0.5857,0,2.9286,0.5857,0,0,0,0,0,0,0.0001,0.0002,0.0001,0.0001,0,0.0001,0.0001,0.0001,0,0,0.0001,0,0.0003,0.0001,0,0,0,0,0.2489,0.1654,0.2489,0.1654,1
1.282,0,1.282,0,0,0,0.641,0,0,0.641,0,0.641,1.282,0,0.641,0,1.282,2.5639,0,0.641,0.0001,0,0.0001,0,0,0,0.0001,0,0,0.0001,0,0.0001,0.0001,0,0.0001,0,0.0001,0.0003,0,0.0001,0.2113,0.1477,0.2113,0.1477,1
1.2658,0.6329,0.6329,0,1.8986,0,1.2658,0,0.6329,0.6329,0,0.6329,0,0,0,0,0,0.6329,0.6329,0.6329,0.0001,0.0001,0.0001,0,0.0002,0,0.0001,0,0.0001,0.0001,0,0.0001,0,0,0,0,0,0.0001,0.0001,0.0001,0.2082,0.1589,0.2082,0.1589,1
1.6706,0,0,0,0.8353,0,0,0,3.3412,3.3412,0,0,0,0,0,0,0.8353,0,0,0.8353,0.0004,0,0,0,0.0002,0,0,0,0.0008,0.0008,0,0,0,0,0,0,0.0002,0,0,0.0002,0.0583,0.1065,0.0583,0.1065,1
1.8556,0,0.4639,0,0,0.9278,0,0,0.9278,1.8556,0,0,0,0,2.7835,0,0,0,0.4639,0,0.0002,0,0,0,0,0.0001,0,0,0.0001,0.0002,0,0,0,0,0.0003,0,0,0,0,0,0.2352,0.3009,0.2352,0.3009,1
0.9597,0,1.4395,0,1.4395,0,0,0.4798,1.4395,0,0.4798,0.4798,0.4798,0,0.4798,0,0.4798,1.4395,1.4395,0.4798,0.0001,0,0.0001,0,0.0001,0,0,0,0.0001,0,0,0,0,0,0,0,0,0.0001,0.0001,0,0.2409,0.2792,0.2409,0.2792,1
0.5904,0.5904,0,0,1.7711,2.3614,1.1807,0,0.5904,1.1807,1.1807,0.5904,1.7711,1.1807,1.1807,0.5904,1.1807,0.5904,0,1.1807,0,0,0,0,0.0001,0.0001,0.0001,0,0,0.0001,0.0001,0,0.0001,0.0001,0.0001,0,0.0001,0,0,0.0001,0.199,0.2106,0.199,0.2106,1
0,0,1.9919,0.664,0,0,0,0,0,1.9919,0,0,0.664,0,0,0,0.664,0,2.6559,0,0,0,0.0002,0.0001,0,0,0,0,0,0.0002,0,0,0.0001,0,0,0,0.0001,0,0.0003,0,0.148,0.188,0.148,0.188,1
3.5103,0,0,0,0.5851,3.5103,0,0,1.1701,0,0,0.5851,0,0,1.7552,0,1.1701,1.1701,0.5851,0,0.0003,0,0,0,0,0.0003,0,0,0.0001,0,0,0,0,0,0.0001,0,0.0001,0.0001,0,0,0.1999,0.215,0.1999,0.215,1
1.4429,0,0,0,0.7215,0.7215,0,0,0.7215,2.1644,0.7215,0,0,0,0.7215,0,0.7215,0,0.7215,0,0.0002,0,0,0,0.0001,0.0001,0,0,0.0001,0.0003,0.0001,0,0,0,0.0001,0,0.0001,0,0.0001,0,0.1386,0.14,0.1386,0.14,1
0.9974,0,0.9974,0.4987,0.4987,0,0.4987,0.4987,0.9974,0.9974,0,0,0.4987,0,1.9949,0,1.4962,0.9974,1.4962,0.4987,0.0001,0,0.0001,0,0,0,0,0,0.0001,0.0001,0,0,0,0,0.0002,0,0.0001,0.0001,0.0001,0,0.2277,0.2735,0.2277,0.2735,1
1.6869,0,0,0,0.8434,0,0,0,3.3738,3.3738,0,0,0,0,0,0,0,1.6869,0,0,0.0004,0,0,0,0.0002,0,0,0,0.0008,0.0008,0,0,0,0,0,0,0,0.0004,0,0,0.0545,0.102,0.0545,0.102,1
0.4777,3.8218,0,0,0.9555,1.9109,0,0,1.4332,0,0.9555,0,0,0,1.9109,0,0.4777,1.4332,0,0,0,0.0002,0,0,0,0.0001,0,0,0.0001,0,0,0,0,0,0.0001,0,0,0.0001,0,0,0.2238,0.2985,0.2238,0.2985,1
1.0327,0.5163,0.5163,0,1.549,1.0327,0,0.5163,2.0654,0.5163,0,0.5163,0,0.5163,0.5163,0.5163,1.549,1.0327,0,0,0.0001,0,0,0,0.0001,0.0001,0,0,0.0002,0,0,0,0,0,0,0,0.0001,0.0001,0,0,0.2593,0.2244,0.2593,0.2244,1
1.6946,2.2595,0,0.5649,0,1.1297,0.5649,0.5649,1.1297,1.1297,1.1297,0.5649,1.1297,0,0.5649,1.6946,0.5649,1.6946,0.5649,0,0.0001,0.0001,0,0,0,0,0,0,0,0,0,0,0,0,0,0.0001,0,0.0001,0,0,0.224,0.2111,0.224,0.2111,1
0,0,0,0.4721,0.4721,0.9443,0,0,0.9443,1.8885,0,0,0,0,2.3607,0.9443,0,0.4721,0.9443,0,0,0,0,0,0,0.0001,0,0,0.0001,0.0002,0,0,0,0,0.0002,0.0001,0,0,0.0001,0,0.2453,0.2826,0.2453,0.2826,1
0.6758,0,0,0.6758,0,0.6758,0,1.3516,1.3516,0,0,0,0,0,2.0275,0,0,0.6758,0,0,0.0001,0,0,0.0001,0,0.0001,0,0.0003,0.0003,0,0,0,0,0,0.0004,0,0,0.0001,0,0,0.2084,0.1157,0.2084,0.1157,1
0,1.7325,0,0,1.155,0.5775,0.5775,1.155,0,3.465,0,0,3.465,0.5775,2.31,1.155,0,0.5775,0,0,0,0.0001,0,0,0.0001,0,0,0.0001,0,0.0002,0,0,0.0002,0,0.0001,0.0001,0,0,0,0,0.192,0.2305,0.192,0.2305,1
0,0.5883,0,0,0.5883,0,0.5883,0,1.1767,2.3533,0,0.5883,0,0,0.5883,1.1767,0,1.1767,1.765,0,0,0,0,0,0,0,0,0,0.0001,0.0002,0,0,0,0,0,0.0001,0,0.0001,0.0001,0,0.2157,0.1959,0.2157,0.1959,1
0.647,0.647,0.647,0,0,1.2939,0,0.647,0,0,1.2939,0,2.5878,0,1.9409,0.647,1.2939,1.2939,0,0,0.0001,0.0001,0.0001,0,0,0.0001,0,0.0001,0,0,0.0001,0,0.0002,0,0.0002,0.0001,0.0001,0.0001,0,0,0.1501,0.2029,0.1501,0.2029,1
1.763,0.5877,0,0.5877,0.5877,1.763,0.5877,0.5877,0.5877,0.5877,0,0,0,1.1753,0.5877,0.5877,0,1.1753,0.5877,0,0.0001,0,0,0,0,0.0001,0,0,0,0,0,0,0,0.0001,0,0,0,0.0001,0,0,0.2009,0.2114,0.2009,0.2114,1
0,0,0.679,0.679,0,0.679,0.679,1.3581,0.679,0.679,1.3581,0.679,1.3581,0,1.3581,0,1.3581,0,0,0,0,0,0.0001,0.0001,0,0.0001,0.0001,0.0002,0.0001,0.0001,0.0002,0.0001,0.0002,0,0.0002,0,0.0002,0,0,0,0.1397,0.1812,0.1397,0.1812,1
0.4889,0.4889,1.9558,0,0.9779,0.4889,0.4889,0,0.4889,0.4889,1.4668,0,0,0,1.4668,0.4889,1.9558,0.9779,0,1.4668,0,0,0.0002,0,0.0001,0,0,0,0,0,0.0001,0,0,0,0.0001,0,0.0002,0.0001,0,0.0001,0.313,0.198,0.313,0.198,1
0.488,0,0.488,0.9759,0.488,0.488,0.488,0,1.4639,4.8796,0,0.9759,1.4639,0,0.9759,0,0,0.488,0,0,0,0,0,0.0001,0,0,0,0,0.0001,0.0005,0,0.0001,0.0001,0,0.0001,0,0,0,0,0,0.2847,0.2274,0.2847,0.2274,1
3.182,0,0,1.2728,0,2.5456,0,0,0.6364,1.2728,0.6364,0.6364,0,0,0.6364,0.6364,1.2728,0.6364,0,0,0.0003,0,0,0.0001,0,0.0002,0,0,0.0001,0.0001,0.0001,0.0001,0,0,0.0001,0.0001,0.0001,0.0001,0,0,0.2002,0.1634,0.2002,0.1634,1
1.3519,0,0,0,0.6759,1.3519,0,0.6759,0.6759,2.7038,1.3519,0,0.6759,0,0,2.0278,2.7038,1.3519,0,0.6759,0.0001,0,0,0,0,0.0001,0,0,0,0.0002,0.0001,0,0,0,0,0.0001,0.0002,0.0001,0,0,0.1404,0.1837,0.1404,0.1837,1
0.6577,1.3154,1.3154,0,0,0,1.3154,0,0.6577,0.6577,0.6577,0,0.6577,0,1.3154,0.6577,1.3154,0.6577,0,0,0.0001,0.0001,0.0001,0,0,0,0.0001,0,0.0001,0.0001,0.0001,0,0.0001,0,0.0001,0.0001,0.0001,0.0001,0,0,0.1628,0.1795,0.1628,0.1795,1
0,0,0,0,0,0,1.2185,0.6093,1.2185,0.6093,0,0,1.8278,0,3.0464,0,0.6093,0,3.0464,0,0,0,0,0,0,0,0.0001,0.0001,0.0001,0.0001,0,0,0.0002,0,0.0004,0,0.0001,0,0.0004,0,0.2171,0.1737,0.2171,0.1737,1
2.0804,0,0,0.6935,0,0.6935,0,0,2.0804,0,0,2.0804,0.6935,0,0.6935,0,0,1.387,0,0,0.0003,0,0,0.0001,0,0.0001,0,0,0.0003,0,0,0.0003,0.0001,0,0.0001,0,0,0.0002,0,0,0.1342,0.1723,0.1342,0.1723,1
0,0,1.3291,0,0,0.6645,0,0.6645,0.6645,1.3291,0,1.3291,0,0,0,0.6645,0,1.3291,0.6645,0,0,0,0.0001,0,0,0.0001,0,0.0001,0.0001,0.0001,0,0.0001,0,0,0,0.0001,0,0.0001,0.0001,0,0.2108,0.1247,0.2108,0.1247,1
1.5928,0,0,0,0,0,0,0,3.1857,0,0,0,0,0,0.7964,1.5928,0.7964,1.5928,0,1.5928,0.0003,0,0,0,0,0,0,0,0.0006,0,0,0,0,0,0.0002,0.0003,0.0002,0.0003,0,0.0003,0.0915,0.1121,0.0915,0.1121,1
0.5457,0,1.0915,0.5457,0.5457,1.0915,0,0,1.6372,0,2.1829,1.0915,1.0915,0,1.0915,0.5457,1.6372,1.6372,0,0,0,0,0.0001,0,0,0.0001,0,0,0.0001,0,0.0002,0.0001,0.0001,0,0.0001,0,0.0001,0.0001,0,0,0.2194,0.2349,0.2194,0.2349,1
0.6178,0,1.2355,3.0889,0.6178,0,0,0,0,1.8533,0,0,0,0,0,0.6178,0,1.2355,0.6178,0,0.0001,0,0.0001,0.0003,0.0001,0,0,0,0,0.0002,0,0,0,0,0,0.0001,0,0.0001,0.0001,0,0.1935,0.1887,0.1935,0.1887,1
1.5277,0.5092,0,0.5092,0,0.5092,0,0,2.5462,0,0.5092,0.5092,1.5277,0,0,0.5092,0.5092,0.5092,1.0185,1.0185,0.0001,0,0,0,0,0,0,0,0.0002,0,0,0,0.0001,0,0,0,0,0,0.0001,0.0001,0.2532,0.2376,0.2532,0.2376,1
0,0,0,1.1253,1.1253,0.5627,0,1.688,1.1253,1.688,0,1.1253,0,0.5627,5.6266,0,0,0,0,0,0,0,0,0.0001,0.0001,0.0001,0,0.0002,0.0001,0.0002,0,0.0001,0,0.0001,0.0006,0,0,0,0,0,0.1835,0.2538,0.1835,0.2538,1
0.9258,0.9258,1.8517,0.9258,0,0,0,0.9258,0.4629,1.3888,0.4629,1.3888,0,0.4629,0.9258,0,0.9258,0.9258,0,0.4629,0,0,0.0001,0,0,0,0,0,0,0.0001,0,0.0001,0,0,0,0,0,0,0,0,0.2648,0.2723,0.2648,0.2723,1
0,0,0,0,1.3553,0,0,0,0,1.3553,0.6777,0,2.7107,0,1.3553,0,0.6777,0.6777,3.3883,0,0,0,0,0,0.0002,0,0,0,0,0.0002,0.0001,0,0.0003,0,0.0002,0,0.0001,0.0001,0.0004,0,0.21,0.1123,0.21,0.1123,1
3.8599,0,0.4825,0.4825,0,0.4825,0,0.965,1.4475,1.9299,0,0,0.4825,0.4825,0.4825,0.4825,0,0.4825,0.965,0.4825,0.0003,0,0,0,0,0,0,0.0001,0.0001,0.0001,0,0,0,0,0,0,0,0,0.0001,0,0.2263,0.2912,0.2263,0.2912,1
0.9808,0,0.9808,0.4904,0,0.4904,0,0.4904,1.4711,0,0.9808,0.9808,0.9808,1.4711,1.4711,0,1.4711,0,0.9808,0.4904,0.0001,0,0.0001,0,0,0,0,0,0.0001,0,0.0001,0.0001,0.0001,0.0001,0.0001,0,0.0001,0,0.0001,0,0.2484,0.2612,0.2484,0.2612,1
1.5228,0,2.0304,0,1.0152,1.0152,0.5076,0,0,0.5076,0,1.0152,4.5683,0.5076,1.0152,1.0152,0.5076,0,0,0,0.0001,0,0.0002,0,0.0001,0.0001,0,0,0,0,0,0.0001,0.0004,0,0.0001,0.0001,0,0,0,0,0.2624,0.23,0.2624,0.23,1
0,0,0,0,3.4776,0,0,0,3.4776,2.6082,0,0,0.8694,0,0,0,0,0.8694,0,0,0,0,0,0,0.001,0,0,0,0.001,0.0008,0,0,0.0003,0,0,0,0,0.0003,0,0,0.0473,0.0833,0.0473,0.0833,1
1.0568,1.0568,0.5284,0,0.5284,0,0.5284,1.0568,1.0568,1.5852,1.5852,0,1.5852,0,1.0568,0,0.5284,1.0568,0,0,0.0001,0.0001,0,0,0,0,0,0.0001,0.0001,0.0001,0.0001,0,0.0001,0,0.0001,0,0,0.0001,0,0,0.2338,0.2378,0.2338,0.2378,1
1.691,0,0,0,1.691,0,0,0,3.382,1.691,0,0,0,0,0,0,0,2.5365,0,0,0.0004,0,0,0,0.0004,0,0,0,0.0009,0.0004,0,0,0,0,0,0,0,0.0006,0,0,0.0594,0.0952,0.0594,0.0952,1
1.2729,1.9094,1.2729,0.6365,0.6365,1.9094,0,0.6365,0.6365,1.2729,0,0,0.6365,0,0,0,1.2729,0.6365,0,0.6365,0.0001,0.0001,0.0001,0,0,0.0001,0,0,0,0.0001,0,0,0,0,0,0,0.0001,0,0,0,0.1834,0.1802,0.1834,0.1802,1
3.5772,0,0.7154,0,0,2.1463,0,0.7154,0,0.7154,0,0.7154,0,0,0.7154,0.7154,2.1463,2.8617,0,0,0.0003,0,0.0001,0,0,0.0002,0,0.0001,0,0.0001,0,0.0001,0,0,0.0001,0.0001,0.0002,0.0003,0,0,0.1406,0.144,0.1406,0.144,1
2.2548,0.5637,0.5637,0,0.5637,0.5637,0.5637,1.6911,0,0.5637,0.5637,1.1274,0.5637,0.5637,1.1274,0,0,1.6911,0.5637,0.5637,0.0001,0,0,0,0,0,0,0.0001,0,0,0,0.0001,0,0,0.0001,0,0,0.0001,0,0,0.237,0.1993,0.237,0.1993,1
0,0,1.2786,2.5571,0,0,0.4262,1.7047,0.4262,1.2786,0,0,0,1.2786,0.4262,1.2786,0,0.8524,0.8524,0.4262,0,0,0.0001,0.0002,0,0,0,0.0001,0,0.0001,0,0,0,0.0001,0,0.0001,0,0.0001,0.0001,0,0.2649,0.3089,0.2649,0.3089,1
2.9541,0.7385,0,1.477,0,1.477,0,0,0,1.477,0.7385,0,0.7385,0.7385,0,0,2.2156,0.7385,0,0,0.0003,0.0001,0,0.0001,0,0.0001,0,0,0,0.0001,0.0001,0,0.0001,0.0001,0,0,0.0002,0.0001,0,0,0.1221,0.1394,0.1221,0.1394,1
0.5788,0,0,1.7364,0,1.1576,0,0.5788,0.5788,1.1576,0,0,1.1576,0.5788,0.5788,1.1576,1.1576,1.7364,0,1.7364,0.0001,0,0,0.0002,0,0.0001,0,0.0001,0.0001,0.0001,0,0,0.0001,0.0001,0.0001,0.0001,0.0001,0.0002,0,0.0002,0.1662,0.255,0.1662,0.255,1
0.5099,0,1.0198,0,0.5099,0,0.5099,0,1.0198,0,0.5099,0.5099,0,0,5.0992,0,3.0595,1.0198,0,0.5099,0.0001,0,0.0001,0,0.0001,0,0.0001,0,0.0001,0,0.0001,0.0001,0,0,0.0006,0,0.0004,0.0001,0,0.0001,0.2477,0.2424,0.2477,0.2424,1
0.6137,0.6137,0,1.2273,1.2273,0,0,1.841,1.2273,0.6137,0,0.6137,2.4547,0,0.6137,0,0.6137,1.2273,0,0,0.0001,0.0001,0,0.0001,0.0001,0,0,0.0002,0.0001,0.0001,0,0.0001,0.0002,0,0.0001,0,0.0001,0.0001,0,0,0.2308,0.1555,0.2308,0.1555,1
1.3945,0,0.6973,0,0,1.3945,0,0,0.6973,1.3945,0.6973,0,0.6973,0,0.6973,0.6973,0,0,0,0,0.0002,0,0.0001,0,0,0.0002,0,0,0.0001,0.0002,0.0001,0,0.0001,0,0.0001,0.0001,0,0,0,0,0.1752,0.1275,0.1752,0.1275,1
0,0,0.5307,1.0614,0.5307,0.5307,0,0,0.5307,1.0614,0.5307,0.5307,0.5307,0,1.5921,0,0.5307,1.0614,0,0.5307,0,0,0.0001,0.0001,0.0001,0.0001,0,0,0.0001,0.0001,0.0001,0.0001,0.0001,0,0.0002,0,0.0001,0.0001,0,0.0001,0.2217,0.2476,0.2217,0.2476,1
0,0,0,0,0.6196,1.2392,0,1.2392,1.2392,0,0.6196,1.2392,1.8588,0,0.6196,0,0.6196,1.2392,0.6196,0.6196,0,0,0,0,0.0001,0.0001,0,0.0001,0.0001,0,0.0001,0.0001,0.0002,0,0.0001,0,0.0001,0.0001,0.0001,0.0001,0.1998,0.1806,0.1998,0.1806,1
1.471,1.471,0.7355,0,1.471,0,0.7355,0,0,2.2065,0.7355,0.7355,0.7355,0,0,0,0.7355,0.7355,0,0,0.0001,0.0001,0,0,0.0001,0,0,0,0,0.0001,0,0,0,0,0,0,0,0,0,0,0.1343,0.1302,0.1343,0.1302,1
1.8729,0,1.2486,0.6243,0,0,0,0.6243,0,0.6243,1.8729,1.8729,0.6243,0,0,0.6243,3.7459,1.2486,0.6243,0,0.0001,0,0.0001,0,0,0,0,0,0,0,0.0001,0.0001,0,0,0,0,0.0003,0.0001,0,0,0.1832,0.1925,0.1832,0.1925,1
1.0016,0,1.0016,0.5008,0.5008,0,0,1.0016,0.5008,1.5025,0,0.5008,0.5008,0,2.5041,0,0,0.5008,0,0,0.0001,0,0.0001,0,0,0,0,0.0001,0,0.0001,0,0,0,0,0.0002,0,0,0,0,0,0.2386,0.2606,0.2386,0.2606,1
1.5469,1.0312,0,0,0,1.5469,0.5156,1.5469,1.5469,1.0312,0,2.0625,0,0,0.5156,0.5156,1.0312,1.5469,0,0.5156,0.0001,0.0001,0,0,0,0.0001,0,0.0001,0.0001,0.0001,0,0.0001,0,0,0,0,0.0001,0.0001,0,0,0.2296,0.2548,0.2296,0.2548,1
0.6959,0.6959,0,0,2.0878,0.6959,0,1.3919,1.3919,1.3919,1.3919,0.6959,0,0.6959,2.0878,0,0.6959,0,0,0,0.0001,0.0001,0,0,0.0002,0.0001,0,0.0001,0.0001,0.0001,0.0001,0.0001,0,0.0001,0.0002,0,0.0001,0,0,0,0.1481,0.1559,0.1481,0.1559,1
1.1091,0,0,0,1.1091,1.6636,0,0.5545,1.1091,1.1091,0,0.5545,0.5545,0.5545,1.6636,1.1091,1.1091,0.5545,0,0,0.0001,0,0,0,0.0001,0.0001,0,0,0.0001,0.0001,0,0,0,0,0.0001,0.0001,0.0001,0,0,0,0.2173,0.2282,0.2173,0.2282,1
0,0,0,0,0,3.6548,0.731,0,0.731,0,0,1.4619,0,0,0,0.731,0,1.4619,0,0.731,0,0,0,0,0,0.0005,0.0001,0,0.0001,0,0,0.0002,0,0,0,0.0001,0,0.0002,0,0.0001,0.1509,0.1182,0.1509,0.1182,1
0.8433,0,0,0,0,0,0,0,3.3732,0.8433,0,0,0,0,0,0,1.6866,3.3732,0,0.8433,0.0002,0,0,0,0,0,0,0,0.001,0.0002,0,0,0,0,0,0,0.0005,0.001,0,0.0002,0.0617,0.095,0.0617,0.095,1
0,1.2865,0,0,1.2865,1.9297,0,1.2865,1.9297,0.6432,0,0,0.6432,0,3.8594,0,1.2865,1.2865,1.2865,0.6432,0,0.0001,0,0,0.0001,0.0001,0,0.0001,0.0001,0,0,0,0,0,0.0002,0,0.0001,0.0001,0.0001,0,0.1899,0.1669,0.1899,0.1669,1
0.5108,0.5108,0,1.5325,0.5108,1.0217,1.0217,0,1.0217,1.0217,0,1.0217,1.0217,0,0,1.0217,0.5108,0.5108,0,0.5108,0,0,0,0.0001,0,0.0001,0.0001,0,0.0001,0.0001,0,0.0001,0.0001,0,0,0.0001,0,0,0,0,0.2699,0.2193,0.2699,0.2193,1
0.7299,1.4599,0.7299,0.7299,0,0,0.7299,0.7299,0,1.4599,0.7299,0,0.7299,0,0,0.7299,0,0.7299,0,0,0.0001,0.0001,0.0001,0.0001,0,0,0.0001,0.0001,0,0.0001,0.0001,0,0.0001,0,0,0.0001,0,0.0001,0,0,0.1576,0.1125,0.1576,0.1125,1
2.5634,0,0,0,1.2817,0.6408,0.6408,0.6408,3.2042,0,0,0,0,0.6408,1.9225,0.6408,0.6408,0,0,0.6408,0.0003,0,0,0,0.0002,0.0001,0.0001,0.0001,0.0004,0,0,0,0,0.0001,0.0002,0.0001,0.0001,0,0,0.0001,0.1721,0.1871,0.1721,0.1871,1
3.1405,0,0.7851,0.7851,0,0,0,0,0,1.5703,0,0,0.7851,0,0,0,0.7851,3.1405,0,0.7851,0.0005,0,0.0001,0.0001,0,0,0,0,0,0.0002,0,0,0.0001,0,0,0,0.0001,0.0005,0,0.0001,0.1416,0.0733,0.1416,0.0733,1
0.557,0.557,0,0,0.557,1.114,0.557,1.114,1.114,0,0.557,1.114,0.557,0,2.228,0,1.671,0,0,0.557,0.0001,0.0001,0,0,0.0001,0.0001,0.0001,0.0001,0.0001,0,0.0001,0.0001,0.0001,0,0.0002,0,0.0002,0,0,0.0001,0.2137,0.2293,0.2137,0.2293,1
2.3421,0,1.4053,0,0,0.4684,0.4684,0.4684,0.4684,0.4684,0.9369,1.4053,0.4684,0,0.9369,0.4684,0.9369,0.9369,0.4684,1.4053,0.0002,0,0.0001,0,0,0,0,0,0,0,0.0001,0.0001,0,0,0.0001,0,0.0001,0.0001,0,0.0001,0.2917,0.2399,0.2917,0.2399,1
1.9072,0.6357,0,0.6357,0,0,0,0.6357,0.6357,0.6357,0.6357,1.2714,0.6357,0.6357,0.6357,0,1.9072,0.6357,0,1.2714,0.0002,0.0001,0,0.0001,0,0,0,0.0001,0.0001,0.0001,0.0001,0.0001,0.0001,0.0001,0.0001,0,0.0002,0.0001,0,0.0001,0.1756,0.1887,0.1756,0.1887,1
0.5734,0,0,0,0,0,0.5734,0.5734,1.7201,1.1467,0.5734,0,0,0,1.7201,0,0,1.1467,0.5734,0.5734,0.0001,0,0,0,0,0,0.0001,0.0001,0.0003,0.0002,0.0001,0,0,0,0.0003,0,0,0.0002,0.0001,0.0001,0.2448,0.1819,0.2448,0.1819,1
0,0.5376,0,0,0.5376,0,0,0.5376,1.0752,1.6129,0,0,0,0.5376,1.6129,1.0752,0,0.5376,1.6129,0,0,0,0,0,0,0,0,0,0.0001,0.0001,0,0,0,0,0.0001,0.0001,0,0,0.0001,0,0.2491,0.2133,0.2491,0.2133,1
1.255,0,0.6275,1.8824,0.6275,0,0,0.6275,0,0,1.255,0.6275,0.6275,0,0.6275,0.6275,0.6275,0,0,0,0.0001,0,0.0001,0.0002,0.0001,0,0,0.0001,0,0,0.0001,0.0001,0.0001,0,0.0001,0.0001,0.0001,0,0,0,0.1723,0.2002,0.1723,0.2002,1
0.7414,0.7414,0,0,0,0,0,0.7414,1.4827,2.2241,0.7414,0,0,0.7414,0,0,0.7414,0,0.7414,0.7414,0.0001,0.0001,0,0,0,0,0,0.0001,0.0002,0.0003,0.0001,0,0,0.0001,0,0,0.0001,0,0.0001,0.0001,0.1349,0.1238,0.1349,0.1238,1
0.6459,0.6459,0,1.2918,2.5835,0.6459,0,1.2918,0.6459,1.2918,0,0,2.5835,0,0,0.6459,0,0.6459,0,0,0,0,0,0.0001,0.0002,0,0,0.0001,0,0.0001,0,0,0.0002,0,0,0,0,0,0,0,0.1893,0.1648,0.1893,0.1648,1
1.2489,0,0.6245,0,1.2489,1.8734,0,0,0.6245,1.2489,0,0,0,0,0.6245,0,0,0,0,0,0.0001,0,0.0001,0,0.0001,0.0002,0,0,0.0001,0.0001,0,0,0,0,0.0001,0,0,0,0,0,0.1837,0.1919,0.1837,0.1919,1
0.5265,0,0.5265,0.5265,0,0.5265,0,1.053,1.053,2.1061,0,0,5.2652,0,1.5796,1.053,0.5265,1.053,0,0,0.0001,0,0.0001,0.0001,0,0.0001,0,0.0001,0.0001,0.0002,0,0,0.0005,0,0.0002,0.0001,0.0001,0.0001,0,0,0.2375,0.2359,0.2375,0.2359,1
0.5387,2.1548,1.0774,0.5387,0,0.5387,0,0.5387,0.5387,1.0774,0.5387,0,2.1548,0,0.5387,0.5387,2.6935,0.5387,1.0774,0.5387,0,0.0001,0.0001,0,0,0,0,0,0,0.0001,0,0,0.0001,0,0,0,0.0001,0,0.0001,0,0.2224,0.2389,0.2224,0.2389,1
0.5191,0.5191,1.0381,0,0,1.0381,0.5191,0,1.5572,0,0.5191,0,0.5191,0,1.5572,1.5572,1.5572,2.0762,0,1.0381,0,0,0.0001,0,0,0.0001,0,0,0.0001,0,0,0,0,0,0.0001,0.0001,0.0001,0.0002,0,0.0001,0.2498,0.2312,0.2498,0.2312,1
0.5299,0.5299,0,0.5299,0.5299,0,0.5299,0,0,2.6494,1.5896,0,3.7091,0,2.1195,0,1.5896,0.5299,0,0,0.0001,0.0001,0,0.0001,0.0001,0,0.0001,0,0,0.0003,0.0002,0,0.0004,0,0.0002,0,0.0002,0.0001,0,0,0.2574,0.2127,0.2574,0.2127,1
0.6969,0.6969,0,0.6969,0,0,0,0,0,1.3938,0,2.0906,7.6657,0,0,1.3938,2.0906,2.0906,2.0906,0,0,0,0,0,0,0,0,0,0,0.0001,0,0.0001,0.0004,0,0,0.0001,0.0001,0.0001,0.0001,0,0.1612,0.1419,0.1612,0.1419,1
2.5147,0,2.5147,0.8382,0,0,0,0,0,0.8382,0,0,0,0,0,0,0.8382,3.353,0,0.8382,0.0005,0,0.0005,0.0002,0,0,0,0,0,0.0002,0,0,0,0,0,0,0.0002,0.0007,0,0.0002,0.0597,0.1021,0.0597,0.1021,1
0,1.4431,0.481,0,0.481,1.9241,0.481,0,0.9621,1.4431,0.9621,0.481,0.481,0.481,1.4431,0.481,0.9621,1.4431,0.481,0,0,0.0001,0,0,0,0.0001,0,0,0.0001,0.0001,0.0001,0,0,0,0.0001,0,0.0001,0.0001,0,0,0.2873,0.2316,0.2873,0.2316,1
1.6701,0,0,0.5567,0,0.5567,1.1134,0.5567,1.1134,1.6701,0,1.1134,0,0,1.1134,0.5567,1.6701,0.5567,0,0.5567,0.0002,0,0,0.0001,0,0.0001,0.0001,0.0001,0.0001,0.0002,0,0.0001,0,0,0.0001,0.0001,0.0002,0.0001,0,0.0001,0.2182,0.2251,0.2182,0.2251,1
3.2402,0,1.2961,0.648,0.648,0,0.648,0,0,0.648,1.2961,0,0,0,0,0.648,4.5362,1.9441,0,0.648,0.0004,0,0.0001,0.0001,0.0001,0,0.0001,0,0,0.0001,0.0001,0,0,0,0,0.0001,0.0005,0.0002,0,0.0001,0.154,0.198,0.154,0.198,1
0.5386,0.5386,0,0,2.1543,0.5386,0,0.5386,1.6157,0.5386,0.5386,0,0.5386,0,4.8471,0,1.0771,0.5386,0,0.5386,0.0001,0.0001,0,0,0.0002,0.0001,0,0.0001,0.0002,0.0001,0.0001,0,0.0001,0,0.0005,0,0.0001,0.0001,0,0.0001,0.2142,0.2472,0.2142,0.2472,1
5.9763,0,1.1953,0.5976,0,0,0.5976,0.5976,1.1953,0,0,0.5976,0,0,0.5976,1.1953,0.5976,0.5976,0,0,0.0006,0,0.0001,0.0001,0,0,0.0001,0.0001,0.0001,0,0,0.0001,0,0,0.0001,0.0001,0.0001,0.0001,0,0,0.1764,0.2259,0.1764,0.2259,1
0.7849,0,0,0,1.5698,0,0,0,0,3.1397,0.7849,0.7849,0,0,0.7849,0,0,3.9246,0.7849,0,0.0002,0,0,0,0.0003,0,0,0,0,0.0006,0.0002,0.0002,0,0,0.0002,0,0,0.0008,0.0002,0,0.1268,0.0882,0.1268,0.0882,1
2.4937,0,0,0,0.8312,0,0,0,3.3249,1.6624,0,0.8312,0,0,0,0,0,1.6624,0,0,0.0004,0,0,0,0.0001,0,0,0,0.0005,0.0003,0,0.0001,0,0,0,0,0,0.0003,0,0,0.0708,0.098,0.0708,0.098,1
3.1703,0.6341,0.6341,0,0.6341,1.9022,0,0,0.6341,3.1703,0.6341,1.2681,1.2681,0.6341,0,0,1.2681,2.5363,0,0,0.0002,0,0,0,0,0.0001,0,0,0,0.0002,0,0.0001,0.0001,0,0,0,0.0001,0.0002,0,0,0.1894,0.1765,0.1894,0.1765,1
0.5689,0,2.2757,0,0,1.1379,0,0.5689,0,1.1379,0.5689,0.5689,0.5689,0.5689,0.5689,0,0.5689,1.1379,0.5689,0.5689,0,0,0.0002,0,0,0.0001,0,0,0,0.0001,0,0,0,0,0,0,0,0.0001,0,0,0.1955,0.2355,0.1955,0.2355,1
1.2624,0,0.6312,0.6312,0.6312,0,0,0,0.6312,0.6312,0,0,0.6312,0,0,0,0.6312,0,1.8936,0,0.0001,0,0.0001,0.0001,0.0001,0,0,0,0.0001,0.0001,0,0,0.0001,0,0,0,0.0001,0,0.0002,0,0.1897,0.1791,0.1897,0.1791,1
0,0,1.8977,0,0,0,0,0.6326,0.6326,1.2652,0.6326,1.2652,0,0,0,0,0.6326,0,0.6326,0,0,0,0.0002,0,0,0,0,0.0001,0.0001,0.0001,0.0001,0.0001,0,0,0,0,0.0001,0,0.0001,0,0.1643,0.2031,0.1643,0.2031,1
1.7361,0,0.5787,0.5787,0,1.7361,0.5787,0.5787,1.1574,0,0.5787,0,0.5787,0,0.5787,1.7361,2.3148,2.8936,0,0,0.0002,0,0.0001,0.0001,0,0.0002,0.0001,0.0001,0.0001,0,0.0001,0,0.0001,0,0.0001,0.0002,0.0002,0.0003,0,0,0.1983,0.223,0.1983,0.223,1
0,0,0.8115,2.8404,0,0,0.4058,1.2173,2.4346,0.4058,0,0.4058,0,1.2173,0,0.4058,0.4058,0,0.8115,0.4058,0,0,0.0001,0.0003,0,0,0,0.0001,0.0002,0,0,0,0,0.0001,0,0,0,0,0.0001,0,0.262,0.3322,0.262,0.3322,1
0,0,0.4969,0.4969,0.9938,0.4969,0,0.4969,0.9938,1.4907,0,0,0.4969,0.9938,1.4907,0,0.9938,0.9938,0,0.9938,0,0,0.0001,0.0001,0.0001,0.0001,0,0.0001,0.0001,0.0002,0,0,0.0001,0.0001,0.0002,0,0.0001,0.0001,0,0.0001,0.2469,0.2562,0.2469,0.2562,1
0.7202,0,0,0,1.4403,0.7202,0,0.7202,0,0,2.8806,1.4403,1.4403,1.4403,0,0,2.1605,0,0.7202,1.4403,0.0001,0,0,0,0.0001,0.0001,0,0.0001,0,0,0.0002,0.0001,0.0001,0.0001,0,0,0.0002,0,0.0001,0.0001,0.1413,0.1385,0.1413,0.1385,1
1.5904,0,0,0.7952,0.7952,0,0,0,3.1809,0.7952,0,0,0,0,0,0,0,3.1809,0,0.7952,0.0003,0,0,0.0002,0.0002,0,0,0,0.0007,0.0002,0,0,0,0,0,0,0,0.0007,0,0.0002,0.0785,0.1263,0.0785,0.1263,1
0.5257,0,1.577,1.0513,0,1.0513,0,0,1.0513,1.0513,1.0513,0,0,0,0,0.5257,0.5257,1.577,0,0.5257,0,0,0.0001,0.0001,0,0.0001,0,0,0.0001,0.0001,0.0001,0,0,0,0,0,0,0.0001,0,0,0.2536,0.2207,0.2536,0.2207,1
0.4372,0,1.3116,1.7487,0.4372,0.4372,0.4372,0.8744,1.3116,0.8744,1.3116,0.4372,0,1.3116,0,0,0.4372,0,0.4372,1.3116,0,0,0.0001,0.0002,0,0,0,0.0001,0.0001,0.0001,0.0001,0,0,0.0001,0,0,0,0,0,0.0001,0.2973,0.2655,0.2973,0.2655,1
1.3035,0,0,0,0,0,0,1.9553,1.3035,0,0,0.6518,0,1.3035,1.3035,0,0,0,0,0.6518,0.0002,0,0,0,0,0,0,0.0003,0.0002,0,0,0.0001,0,0.0002,0.0002,0,0,0,0,0.0001,0.2085,0.1398,0.2085,0.1398,1
0,0,1.6079,0.536,0.536,0,0,0.536,0.536,1.0719,0.536,0,0,0,0.536,1.6079,0,0.536,1.6079,0,0,0,0.0001,0,0,0,0,0,0,0.0001,0,0,0,0,0,0.0001,0,0,0.0001,0,0.2509,0.2132,0.2509,0.2132,1
1.7008,0,0,0,0,0,0,0,3.4015,0.8504,0,0,0,0.8504,0,0,0.8504,3.4015,0,0,0.0005,0,0,0,0,0,0,0,0.0009,0.0002,0,0,0,0.0002,0,0,0.0002,0.0009,0,0,0.0523,0.0973,0.0523,0.0973,1
0,0,0.5529,1.1057,1.6586,0.5529,1.1057,0.5529,0,0,1.1057,0,0.5529,0,1.1057,0,0.5529,0,0,0,0,0,0.0001,0.0001,0.0002,0.0001,0.0001,0.0001,0,0,0.0001,0,0.0001,0,0.0001,0,0.0001,0,0,0,0.2018,0.2453,0.2018,0.2453,1
0.9174,0.4587,0.9174,0,0.9174,0.4587,0,0,1.376,0.4587,0.4587,0.4587,0,0,1.376,0.4587,0.4587,0.4587,0.9174,0,0.0001,0,0.0001,0,0.0001,0,0,0,0.0001,0,0,0,0,0,0.0001,0,0,0,0.0001,0,0.2487,0.2926,0.2487,0.2926,1
0,0,1.0866,0.5433,0.5433,0,0.5433,1.0866,1.0866,0,1.63,0.5433,0.5433,0,0.5433,0,1.63,1.0866,0,0.5433,0,0,0.0001,0.0001,0.0001,0,0.0001,0.0001,0.0001,0,0.0002,0.0001,0.0001,0,0.0001,0,0.0002,0.0001,0,0.0001,0.2414,0.2153,0.2414,0.2153,1
0,0,1.3821,0,0,0,0,0,0.691,1.3821,0,1.3821,0,0,0,0.691,0,1.3821,0.691,0,0,0,0.0001,0,0,0,0,0,0.0001,0.0001,0,0.0001,0,0,0,0.0001,0,0.0001,0.0001,0,0.201,0.108,0.201,0.108,1
0.543,0.543,1.6291,0.543,0,1.6291,0,1.0861,0,0.543,0,0,1.0861,1.0861,1.0861,0.543,1.0861,0,0,0,0,0,0.0001,0,0,0.0001,0,0.0001,0,0,0,0,0.0001,0.0001,0.0001,0,0.0001,0,0,0,0.2295,0.2275,0.2295,0.2275,1
0,0,0,0,0,0,0,0,2.8749,0.7187,0.7187,0,0,0,2.8749,0.7187,0,2.8749,0,0,0,0,0,0,0,0,0,0,0.0007,0.0002,0.0002,0,0,0,0.0007,0.0002,0,0.0007,0,0,0.1516,0.1297,0.1516,0.1297,1
1.5658,0.5219,0.5219,0,1.5658,2.0877,1.0439,0,0,0.5219,0,0,0,0,1.0439,1.5658,0.5219,1.0439,0,1.0439,0.0001,0,0,0,0.0001,0.0001,0.0001,0,0,0,0,0,0,0,0.0001,0.0001,0,0.0001,0,0.0001,0.2504,0.2277,0.2504,0.2277,1
2.8746,0.5749,0,0,1.7248,1.7248,1.1499,0,0,1.7248,0,0.5749,0,1.1499,1.1499,0,1.7248,0.5749,0,0,0.0002,0,0,0,0.0001,0.0001,0.0001,0,0,0.0001,0,0,0,0.0001,0.0001,0,0.0001,0,0,0,0.1901,0.2349,0.1901,0.2349,1
0,0.6315,1.8945,0.6315,0.6315,0,0,1.8945,0,0.6315,0.6315,0.6315,0.6315,0,0,1.8945,0.6315,1.263,0,0,0,0,0.0001,0,0,0,0,0.0001,0,0,0,0,0,0,0,0.0001,0,0.0001,0,0,0.1969,0.1716,0.1969,0.1716,1
0.9192,0.4596,0,0.9192,0.9192,0,0.9192,0,0.9192,0.4596,0.4596,0.9192,0,0,1.3789,1.3789,0.9192,0.4596,0,1.3789,0.0001,0,0,0.0001,0.0001,0,0.0001,0,0.0001,0,0,0.0001,0,0,0.0001,0.0001,0.0001,0,0,0.0001,0.2966,0.2438,0.2966,0.2438,1
0.6429,1.2859,0,0,0.6429,0,0,0,1.2859,0,0,1.2859,0,0.6429,1.2859,0,0,0,0,1.2859,0.0001,0.0001,0,0,0.0001,0,0,0,0.0001,0,0,0.0001,0,0.0001,0.0001,0,0,0,0,0.0001,0.2259,0.1312,0.2259,0.1312,1
2.5736,0,0,0,0.8579,0,0,0,3.4315,0.8579,0,0,0,0,0,0,0,3.4315,0,0,0.0008,0,0,0,0.0003,0,0,0,0.0011,0.0003,0,0,0,0,0,0,0,0.0011,0,0,0.0528,0.0893,0.0528,0.0893,1
0,0.5202,0,0,0.5202,0.5202,0,1.5607,3.6416,0,1.5607,0,0,0,1.0405,0,1.0405,0.5202,0,0,0,0.0001,0,0,0.0001,0.0001,0,0.0002,0.0004,0,0.0002,0,0,0,0.0001,0,0.0001,0.0001,0,0,0.2265,0.2533,0.2265,0.2533,1
4.1162,0,0,0,0,0,0,0,1.6465,4.1162,0,0,0.8232,0,1.6465,0,0,1.6465,0,0,0.0007,0,0,0,0,0,0,0,0.0003,0.0007,0,0,0.0001,0,0.0003,0,0,0.0003,0,0,0.0707,0.106,0.0707,0.106,1
0.9895,0.9895,0,0,0.9895,0.4947,0.9895,0,1.4842,0,1.4842,0.9895,1.4842,0,0,0.4947,0.9895,0.9895,1.4842,0.4947,0.0001,0.0001,0,0,0.0001,0,0.0001,0,0.0001,0,0.0001,0.0001,0.0001,0,0,0,0.0001,0.0001,0.0001,0,0.2553,0.25,0.2553,0.25,1
0.5433,0.5433,0.5433,0,0.5433,0.5433,1.0867,0,1.0867,0,1.0867,1.0867,1.0867,0,3.8034,0.5433,1.0867,0,0,1.63,0,0,0,0,0,0,0.0001,0,0.0001,0,0.0001,0.0001,0.0001,0,0.0003,0,0.0001,0,0,0.0001,0.229,0.2276,0.229,0.2276,1
0.5653,1.1305,0,0.5653,1.1305,0.5653,1.1305,1.1305,0.5653,1.1305,0,0,2.8263,0,2.261,0.5653,0,1.6958,0,0,0,0.0001,0,0,0.0001,0,0.0001,0.0001,0,0.0001,0,0,0.0002,0,0.0001,0,0,0.0001,0,0,0.1976,0.2371,0.1976,0.2371,1
0.6492,0.6492,0,1.2985,1.9477,0.6492,0,1.2985,0.6492,1.2985,0,0,2.597,0,0,0.6492,0,1.2985,0,0,0,0,0,0.0001,0.0001,0,0,0.0001,0,0.0001,0,0,0.0002,0,0,0,0,0.0001,0,0,0.1873,0.1634,0.1873,0.1634,1
0.5045,1.009,0,0,1.5135,1.009,0.5045,0.5045,1.5135,2.018,0,0,1.5135,0,1.5135,0,0.5045,0.5045,1.009,0.5045,0,0.0001,0,0,0.0001,0.0001,0,0,0.0001,0.0001,0,0,0.0001,0,0.0001,0,0,0,0.0001,0,0.271,0.2245,0.271,0.2245,1
1.647,0.8235,0.8235,0,0,0,0,0,0.8235,0.8235,1.647,0,0.8235,0,0,0.8235,0.8235,0.8235,0,0,0.0002,0.0001,0.0001,0,0,0,0,0,0.0001,0.0001,0.0002,0,0.0001,0,0,0.0001,0.0001,0.0001,0,0,0.1196,0.0569,0.1196,0.0569,1
1.3006,1.9508,0,0,0,1.3006,0,0,1.3006,0.6503,0.6503,0,0.6503,0,1.9508,1.9508,0.6503,0.6503,0.6503,0,0.0001,0.0001,0,0,0,0.0001,0,0,0.0001,0,0,0,0,0,0.0001,0.0001,0,0,0,0,0.1708,0.1789,0.1708,0.1789,1
0.9513,0,0.4757,0.4757,0.4757,1.427,0,0,1.427,0.9513,0.4757,0.9513,0.9513,0,2.3783,0,0.4757,0.4757,0,0.4757,0.0001,0,0,0,0,0.0001,0,0,0.0001,0.0001,0,0.0001,0.0001,0,0.0002,0,0,0,0,0,0.2723,0.252,0.2723,0.252,1
1.7163,0,0,0,0.8581,0,0,0,3.4326,0.8581,0,0,0,0,0,0,0.8581,3.4326,0,0,0.0005,0,0,0,0.0003,0,0,0,0.001,0.0003,0,0,0,0,0,0,0.0003,0.001,0,0,0.0532,0.0887,0.0532,0.0887,1
1.49,0.9933,0,0,0.9933,1.49,0.4967,0.4967,1.49,0,0.4967,0,0,0,0.9933,1.49,0.9933,1.9867,0.9933,0,0.0001,0.0001,0,0,0.0001,0.0001,0,0,0.0001,0,0,0,0,0,0.0001,0.0001,0.0001,0.0001,0.0001,0,0.29,0.2133,0.29,0.2133,1
0.7399,0,0,0,2.9595,1.4797,0.7399,0,0,1.4797,0.7399,0.7399,0,0,0,0.7399,0,0,0,0,0.0001,0,0,0,0.0003,0.0001,0.0001,0,0,0.0001,0.0001,0.0001,0,0,0,0.0001,0,0,0,0,0.1116,0.1486,0.1116,0.1486,1
0,2.7417,0.6854,0,1.3708,3.4271,0,0,0,0.6854,0.6854,0.6854,0,0,0,1.3708,0.6854,1.3708,0.6854,0.6854,0,0.0001,0,0,0.0001,0.0001,0,0,0,0,0,0,0,0,0,0.0001,0,0.0001,0,0,0.1822,0.1324,0.1822,0.1324,1
0.66,0,0,1.32,1.98,0,0,1.32,0.66,0.66,1.32,0,2.64,0,0,1.32,0,1.32,0,0,0.0001,0,0,0.0001,0.0002,0,0,0.0001,0.0001,0.0001,0.0001,0,0.0002,0,0,0.0001,0,0.0001,0,0,0.1889,0.1511,0.1889,0.1511,1
0.7248,0.7248,0,0.7248,0,0.7248,0,0.7248,0,0.7248,0.7248,0,0.7248,0,0.7248,1.4497,0.7248,0.7248,0.7248,0,0.0001,0.0001,0,0.0001,0,0.0001,0,0.0001,0,0.0001,0.0001,0,0.0001,0,0.0001,0.0001,0.0001,0.0001,0.0001,0,0.1652,0.11,0.1652,0.11,1
0.5429,0,1.6288,0.5429,1.0859,0,0,0,2.7147,0.5429,1.0859,1.0859,1.6288,0,0.5429,0,1.6288,0.5429,0,0,0.0001,0,0.0002,0.0001,0.0001,0,0,0,0.0003,0.0001,0.0001,0.0001,0.0002,0,0.0001,0,0.0002,0.0001,0,0,0.2023,0.2548,0.2023,0.2548,1
0.543,0.543,1.6289,0,0,0,0.543,1.0859,0.543,1.0859,0,0,0,0,0.543,0.543,0.543,0,1.6289,0.543,0,0,0.0001,0,0,0,0,0.0001,0,0.0001,0,0,0,0,0,0,0,0,0.0001,0,0.2315,0.2256,0.2315,0.2256,1
0.645,0,0,1.29,2.58,0.645,0,1.29,0.645,1.29,0.645,0,2.58,0,0,0.645,0,0.645,0,0,0.0001,0,0,0.0001,0.0002,0.0001,0,0.0001,0.0001,0.0001,0.0001,0,0.0002,0,0,0.0001,0,0.0001,0,0,0.1961,0.159,0.1961,0.159,1
0,0.6334,0,0.6334,0,0.6334,0.6334,1.9003,0.6334,1.9003,0.6334,0,2.5338,0,2.5338,0.6334,0.6334,1.2669,1.2669,0.6334,0,0,0,0,0,0,0,0.0001,0,0.0001,0,0,0.0002,0,0.0002,0,0,0.0001,0.0001,0,0.1884,0.1781,0.1884,0.1781,1
0.5874,4.1117,1.1748,0,0,1.1748,0,2.3496,1.1748,0.5874,0.5874,1.1748,1.1748,0,0,0.5874,1.7622,0.5874,0,0.5874,0,0.0001,0,0,0,0,0,0.0001,0,0,0,0,0,0,0,0,0.0001,0,0,0,0.2037,0.2089,0.2037,0.2089,1
0,2.0984,1.0492,1.0492,0.5246,0.5246,0,0,0,1.0492,1.0492,1.0492,0.5246,0.5246,1.5738,0,2.6229,1.0492,0,0,0,0.0001,0.0001,0.0001,0,0,0,0,0,0.0001,0.0001,0.0001,0,0,0.0001,0,0.0002,0.0001,0,0,0.2622,0.2132,0.2622,0.2132,1
0.5229,0,0,0,1.0459,1.0459,1.0459,0,1.0459,0,0.5229,3.1376,0,0.5229,0.5229,2.0917,0.5229,0.5229,0.5229,1.0459,0,0,0,0,0.0001,0.0001,0.0001,0,0.0001,0,0,0.0003,0,0,0,0.0002,0,0,0,0.0001,0.2506,0.2265,0.2506,0.2265,1
0.7842,0,0,0,3.1367,0,0.7842,1.5684,0,3.1367,0.7842,0,0.7842,0,0.7842,0,0,0,0.7842,0,0.0002,0,0,0,0.0008,0,0.0002,0.0004,0,0.0008,0.0002,0,0.0002,0,0.0002,0,0,0,0.0002,0,0.0918,0.124,0.0918,0.124,1
0.4875,0.975,1.4625,0.4875,0.975,0.4875,0,0.975,1.95,0.975,1.95,1.4625,0,0.4875,0,1.4625,0.4875,0,0,0,0,0.0001,0.0001,0,0.0001,0,0,0.0001,0.0001,0.0001,0.0001,0.0001,0,0,0,0.0001,0,0,0,0,0.3025,0.21,0.3025,0.21,1
1.0701,0.5351,0.5351,0.5351,0.5351,1.0701,1.0701,0,0.5351,0.5351,0,0.5351,0.5351,0,2.1402,1.0701,0,0.5351,0.5351,0,0.0001,0,0,0,0,0.0001,0.0001,0,0,0,0,0,0,0,0.0002,0.0001,0,0,0,0,0.214,0.251,0.214,0.251,1
0.5478,0.5478,1.6433,0.5478,0,2.1911,0,1.0956,1.0956,1.6433,0,0,1.0956,0,1.0956,0,0.5478,1.0956,0,0.5478,0,0,0.0001,0,0,0.0001,0,0.0001,0.0001,0.0001,0,0,0.0001,0,0.0001,0,0,0.0001,0,0,0.2497,0.2026,0.2497,0.2026,1
1.2826,0,0.4275,2.1376,0.8551,0.8551,0,0.8551,1.2826,0.8551,0.4275,0,0,0.4275,0.8551,0,0.4275,0.8551,0.4275,0,0.0001,0,0,0.0002,0.0001,0.0001,0,0.0001,0.0001,0.0001,0,0,0,0,0.0001,0,0,0.0001,0,0,0.2936,0.2789,0.2936,0.2789,1
0.6818,0,0,0,0,0.6818,0,0.6818,0.6818,1.3637,0,0,0,0,0.6818,0,1.3637,0,1.3637,0.6818,0.0001,0,0,0,0,0.0001,0,0.0001,0.0001,0.0002,0,0,0,0,0.0001,0,0.0002,0,0.0002,0.0001,0.1716,0.1466,0.1716,0.1466,1
1.1036,3.8625,0,0,0,0.5518,0.5518,1.6554,1.6554,0.5518,0.5518,1.1036,1.1036,0,0.5518,1.6554,0.5518,0.5518,0,0.5518,0,0.0001,0,0,0,0,0,0.0001,0.0001,0,0,0,0,0,0,0.0001,0,0,0,0,0.2344,0.2138,0.2344,0.2138,1
1.9554,0,0.6518,0.6518,1.3036,0,0,0,0,1.3036,0,0.6518,0.6518,0,0,0.6518,0.6518,1.3036,0.6518,1.3036,0.0001,0,0,0,0.0001,0,0,0,0,0.0001,0,0,0,0,0,0,0,0.0001,0,0.0001,0.1715,0.1767,0.1715,0.1767,1
0,0,0,0.7627,0,0,0,0.7627,2.288,1.5253,0.7627,0,0.7627,0,2.288,1.5253,1.5253,0.7627,0,0,0,0,0,0.0001,0,0,0,0.0001,0.0003,0.0002,0.0001,0,0.0001,0,0.0003,0.0002,0.0002,0.0001,0,0,0.0966,0.1407,0.0966,0.1407,1
0,0,1.2456,0,0,0,0.6228,1.8684,0,0.6228,0,0,0,0,0.6228,1.2456,0,0,1.2456,0,0,0,0.0001,0,0,0,0.0001,0.0002,0,0.0001,0,0,0,0,0.0001,0.0001,0,0,0.0001,0,0.1626,0.2146,0.1626,0.2146,1
1.2265,0,0.6132,1.2265,0,3.0662,0,0.6132,0,2.4529,0,0,0.6132,1.8397,0,1.2265,2.4529,2.4529,0,0,0.0001,0,0,0.0001,0,0.0002,0,0,0,0.0002,0,0,0,0.0001,0,0.0001,0.0002,0.0002,0,0,0.1941,0.1926,0.1941,0.1926,1
3.4334,2.7467,1.3733,0.6867,0,1.3733,0,0,0,0,0,2.06,0,0,0.6867,0.6867,0.6867,0.6867,0,0,0.0002,0.0002,0.0001,0,0,0.0001,0,0,0,0,0,0.0001,0,0,0,0,0,0,0,0,0.1783,0.135,0.1783,0.135,1
0,0,0,0,1.5038,0.5013,2.005,1.0025,1.5038,2.5063,1.5038,0,0,0.5013,2.005,0,1.0025,0.5013,0,0,0,0,0,0,0.0002,0.0001,0.0002,0.0001,0.0002,0.0003,0.0002,0,0,0.0001,0.0002,0,0.0001,0.0001,0,0,0.2348,0.264,0.2348,0.264,1
0,0,0,0,0,0,0,0.7021,0.7021,0.7021,0.7021,0.7021,0,0.7021,0.7021,0.7021,0,1.4041,0,1.4041,0,0,0,0,0,0,0,0.0001,0.0001,0.0001,0.0001,0.0001,0,0.0001,0.0001,0.0001,0,0.0002,0,0.0002,0.1593,0.1386,0.1593,0.1386,1
1.0235,0,1.0235,0,0,1.5353,0,1.0235,1.0235,0,0,0.5118,0.5118,0,1.0235,0.5118,1.5353,2.0471,0,1.5353,0.0001,0,0.0001,0,0,0.0001,0,0.0001,0.0001,0,0,0,0,0,0.0001,0,0.0001,0.0002,0,0.0001,0.2102,0.278,0.2102,0.278,1
0.4509,0,1.8037,1.3528,0.4509,0.4509,0,0,0.9019,0.4509,0.4509,1.8037,0,0.4509,0,0.4509,1.3528,2.2547,0,0.9019,0,0,0.0001,0.0001,0,0,0,0,0.0001,0,0,0.0001,0,0,0,0,0.0001,0.0002,0,0.0001,0.2501,0.299,0.2501,0.299,1
0.5343,1.0686,0.5343,1.0686,0,0.5343,0,1.0686,1.6029,0.5343,0.5343,0.5343,0.5343,0,1.0686,0.5343,0.5343,0.5343,0,0,0,0.0001,0,0.0001,0,0,0,0.0001,0.0001,0,0,0,0,0,0.0001,0,0,0,0,0,0.261,0.2047,0.261,0.2047,1
1.1513,0,0,1.1513,0.5756,1.1513,0,0.5756,0,0,0,0.5756,0,0,1.1513,0.5756,0.5756,0,1.1513,0,0.0001,0,0,0.0001,0.0001,0.0001,0,0.0001,0,0,0,0.0001,0,0,0.0001,0.0001,0.0001,0,0.0001,0,0.2072,0.2172,0.2072,0.2172,1
0,0,0,0,2.606,0,0,0,3.4747,3.4747,0,0,0.8687,0,0,0,0,0.8687,0,0,0,0,0,0,0.0008,0,0,0,0.001,0.001,0,0,0.0003,0,0,0,0,0.0003,0,0,0.0488,0.0825,0.0488,0.0825,1
0.828,0.414,0,0.414,2.0699,0.828,1.6559,0,0.828,0,0.414,0,0,0,1.6559,0.414,0.828,0.414,0.414,0,0.0001,0,0,0,0.0002,0.0001,0.0001,0,0.0001,0,0,0,0,0,0.0001,0,0.0001,0,0,0,0.2866,0.2994,0.2866,0.2994,1
3.9096,0,0.7819,0.7819,0,0,0,0,0,0.7819,0,0,0,0,0,0,0.7819,3.1277,0,0.7819,0.0006,0,0.0001,0.0001,0,0,0,0,0,0.0001,0,0,0,0,0,0,0.0001,0.0004,0,0.0001,0.1436,0.0745,0.1436,0.0745,1
0.9737,0.4869,0.4869,0,1.4606,0,2.9211,0.4869,1.9474,1.9474,0,0,0.4869,0.4869,0,0.4869,0.4869,1.4606,0,0.4869,0.0001,0,0,0,0.0001,0,0.0002,0,0.0002,0.0002,0,0,0,0,0,0,0,0.0001,0,0,0.2651,0.248,0.2651,0.248,1
0,0.4771,0,0,0.4771,0,0,0.4771,1.4313,0.9542,0.9542,0,0.4771,0,2.3856,0.4771,0.9542,1.4313,0,0.4771,0,0.0001,0,0,0.0001,0,0,0.0001,0.0002,0.0001,0.0001,0,0.0001,0,0.0003,0.0001,0.0001,0.0002,0,0.0001,0.2473,0.2756,0.2473,0.2756,1
0,0,2.1163,0.5291,0,0,0,2.6454,0.5291,0.5291,0.5291,0.5291,0,0.5291,0.5291,0,0.5291,0,1.5872,0,0,0,0.0002,0,0,0,0,0.0002,0,0,0,0,0,0,0,0,0,0,0.0001,0,0.2133,0.2576,0.2133,0.2576,1
1.6607,0,1.1071,0,0,0.5536,0.5536,0,1.1071,4.4285,0.5536,0.5536,0,0,0.5536,0,0,0.5536,0,0,0.0002,0,0.0001,0,0,0.0001,0.0001,0,0.0001,0.0005,0.0001,0.0001,0,0,0.0001,0,0,0.0001,0,0,0.2313,0.2151,0.2313,0.2151,1
0,1.2098,0.6049,0.6049,1.2098,0,0.6049,0,0.6049,0,0.6049,0,0.6049,0.6049,1.2098,0,2.4195,2.4195,0,0.6049,0,0.0001,0,0,0.0001,0,0,0,0,0,0,0,0,0,0.0001,0,0.0002,0.0002,0,0,0.1831,0.212,0.1831,0.212,1
1.5794,0.5265,1.0529,1.0529,0,0,0.5265,0.5265,0.5265,0,1.5794,0,0,0,0.5265,0.5265,0,0.5265,0.5265,0,0.0001,0,0.0001,0.0001,0,0,0,0,0,0,0.0001,0,0,0,0,0,0,0,0,0,0.2037,0.2698,0.2037,0.2698,1
0,0,0.9947,1.9893,0,0.4973,0,0.9947,1.9893,0.9947,0.9947,0,0,0.4973,0,0,0.9947,0,0.4973,0.4973,0,0,0.0001,0.0002,0,0,0,0.0001,0.0002,0.0001,0.0001,0,0,0,0,0,0.0001,0,0,0,0.2764,0.2263,0.2764,0.2263,1
1.5461,0.5154,0.5154,0.5154,0,1.5461,1.0307,1.0307,1.0307,1.0307,0.5154,0,0,0,0.5154,0,0.5154,1.5461,0,0,0.0001,0,0,0,0,0.0001,0.0001,0.0001,0.0001,0.0001,0,0,0,0,0,0,0,0.0001,0,0,0.2663,0.2184,0.2663,0.2184,1
2.0506,0,0,1.538,0,2.0506,0,0,1.0253,0.5127,0,0.5127,1.0253,0,2.0506,1.538,0.5127,0.5127,0,1.0253,0.0002,0,0,0.0002,0,0.0002,0,0,0.0001,0.0001,0,0.0001,0.0001,0,0.0002,0.0002,0.0001,0.0001,0,0.0001,0.2533,0.2341,0.2533,0.2341,1
0,1.0856,0,1.6283,0.5428,0.5428,0.5428,0,0.5428,0.5428,1.0856,0.5428,0,0,0.5428,0,0,0,1.6283,1.0856,0,0.0001,0,0.0001,0,0,0,0,0,0,0.0001,0,0,0,0,0,0,0,0.0001,0.0001,0.24,0.2173,0.24,0.2173,1
1.7162,1.1442,1.1442,0,0,1.1442,0,1.1442,1.7162,1.1442,0,1.7162,0,0,0.5721,0,0.5721,0,0,0,0.0001,0.0001,0.0001,0,0,0.0001,0,0.0001,0.0001,0.0001,0,0.0001,0,0,0,0,0,0,0,0,0.1826,0.2453,0.1826,0.2453,1
0,0,0,0,0,1.4036,0,0.7018,1.4036,0.7018,1.4036,0.7018,0.7018,0,2.8072,2.1054,3.509,3.509,0,0,0,0,0,0,0,0.0001,0,0.0001,0.0001,0.0001,0.0001,0.0001,0.0001,0,0.0003,0.0002,0.0004,0.0004,0,0,0.1208,0.1774,0.1208,0.1774,1
0,0.5313,1.5938,0.5313,0.5313,0.5313,0,0,0.5313,1.5938,0,0,0,0,0.5313,1.0625,0,0.5313,1.5938,0,0,0,0.0001,0,0,0,0,0,0,0.0001,0,0,0,0,0,0.0001,0,0,0.0001,0,0.2495,0.2192,0.2495,0.2192,1
0.5775,0.5775,0,0.5775,0,1.155,1.7325,1.7325,0.5775,0,0,1.7325,0,0,0.5775,0,0.5775,0.5775,1.155,0.5775,0,0,0,0,0,0.0001,0.0001,0.0001,0,0,0,0.0001,0,0,0,0,0,0,0.0001,0,0.2064,0.2161,0.2064,0.2161,1
1.1201,0,1.6801,0.56,0,0,0,0.56,0.56,2.8002,0,1.6801,0,1.1201,0.56,0,0,0.56,0,0,0.0001,0,0.0001,0,0,0,0,0,0,0.0002,0,0.0001,0,0.0001,0,0,0,0,0,0,0.2342,0.2058,0.2342,0.2058,1
1.5621,0,0.781,0,0.781,0,0.781,0,0,0,0,0.781,3.1242,0,0,0.781,0,0.781,0,0,0.0002,0,0.0001,0,0.0001,0,0.0001,0,0,0,0,0.0001,0.0005,0,0,0.0001,0,0.0001,0,0,0.1198,0.0991,0.1198,0.0991,1
0,0,0,0,1.0975,0.5488,0,1.6463,2.1951,1.6463,0.5488,1.0975,0,0,1.6463,0,0.5488,1.6463,0.5488,0.5488,0,0,0,0,0.0001,0.0001,0,0.0002,0.0002,0.0002,0.0001,0.0001,0,0,0.0002,0,0.0001,0.0002,0.0001,0.0001,0.1916,0.2597,0.1916,0.2597,1
0.4213,0,0,3.7916,0,0,0,1.2639,3.3704,1.2639,0.4213,0.4213,0,1.2639,0,0,0,0,0.4213,0,0,0,0,0.0004,0,0,0,0.0001,0.0004,0.0001,0,0,0,0.0001,0,0,0,0,0,0,0.2727,0.306,0.2727,0.306,1
0,0,1.06,1.59,0,1.06,0,0,0,2.65,0,1.06,1.06,0,1.06,0.53,0.53,0,0,0,0,0,0.0001,0.0001,0,0.0001,0,0,0,0.0002,0,0.0001,0.0001,0,0.0001,0,0,0,0,0,0.2441,0.2259,0.2441,0.2259,1
0.5976,0.5976,0,0.5976,0,0,0.5976,0.5976,0.5976,0.5976,0.5976,0,1.1953,0,1.1953,1.7929,0.5976,0,0,0.5976,0.0001,0.0001,0,0.0001,0,0,0.0001,0.0001,0.0001,0.0001,0.0001,0,0.0001,0,0.0001,0.0002,0.0001,0,0,0.0001,0.2572,0.1451,0.2572,0.1451,1
0.5168,0,0,0,3.1006,0,1.5503,0.5168,1.0335,2.5839,0,0,0.5168,0,1.5503,0,1.0335,2.0671,0,0.5168,0.0001,0,0,0,0.0004,0,0.0002,0.0001,0.0001,0.0003,0,0,0.0001,0,0.0002,0,0.0001,0.0003,0,0.0001,0.2541,0.2291,0.2541,0.2291,1
0,0.5086,1.5259,0.5086,0.5086,0,0,1.0172,0.5086,1.0172,0,0,0,0,0.5086,1.0172,0.5086,1.0172,1.5259,0,0,0,0.0001,0,0,0,0,0.0001,0,0.0001,0,0,0,0,0,0.0001,0,0.0001,0.0001,0,0.2412,0.2502,0.2412,0.2502,1
0.6716,0,0.6716,0.6716,1.3432,0,0.6716,0,0,2.0149,1.3432,0.6716,1.3432,0,0,0.6716,0,0,0,0,0.0001,0,0.0001,0.0001,0.0001,0,0.0001,0,0,0.0002,0.0001,0.0001,0.0001,0,0,0.0001,0,0,0,0,0.1657,0.1627,0.1657,0.1627,1
0.5215,0.5215,0,1.5644,0,1.5644,0,0,1.5644,0.5215,0.5215,0,0.5215,0,1.043,1.043,0.5215,0.5215,0.5215,0,0,0,0,0.0001,0,0.0001,0,0,0.0001,0,0,0,0,0,0.0001,0.0001,0,0,0,0,0.2091,0.2694,0.2091,0.2694,1
0,2.2788,0,0,0.5697,1.7091,0,0,0,0.5697,0,0.5697,0.5697,0.5697,2.2788,0,0,1.1394,0,1.7091,0,0.0001,0,0,0,0.0001,0,0,0,0,0,0,0,0,0.0001,0,0,0.0001,0,0.0001,0.2371,0.1932,0.2371,0.1932,1
1.1858,0,0,0.5929,1.7787,0.5929,0,0.5929,1.1858,3.5573,0.5929,0.5929,0.5929,0,0.5929,0,0,0,0,0,0.0001,0,0,0.0001,0.0002,0.0001,0,0.0001,0.0001,0.0004,0.0001,0.0001,0.0001,0,0.0001,0,0,0,0,0,0.2475,0.1596,0.2475,0.1596,1
0.6337,0.6337,0,0,1.2674,0,0.6337,1.2674,3.8021,0,0,0,1.2674,0,5.0694,0,1.2674,1.901,0,0,0.0001,0.0001,0,0,0.0001,0,0.0001,0.0001,0.0004,0,0,0,0.0001,0,0.0005,0,0.0001,0.0002,0,0,0.2517,0.1146,0.2517,0.1146,1
1.3943,0,0.6972,0,0.6972,0,0,0,0.6972,0,0,0,2.0915,0.6972,2.7887,0.6972,0,0.6972,0,0,0.0002,0,0.0001,0,0.0001,0,0,0,0.0001,0,0,0,0.0003,0.0001,0.0004,0.0001,0,0.0001,0,0,0.193,0.1099,0.193,0.1099,1
0.6683,0,0.6683,0.6683,0,1.3366,0,0.6683,0,3.3415,2.0049,0,0,0,0,0,0.6683,1.3366,1.3366,0,0.0001,0,0.0001,0.0001,0,0.0001,0,0.0001,0,0.0003,0.0002,0,0,0,0,0,0.0001,0.0001,0.0001,0,0.141,0.1907,0.141,0.1907,1
2.8244,1.6946,0,0.5649,1.6946,1.6946,1.1298,0,0,1.1298,0,0.5649,0,0,1.1298,0.5649,0.5649,0.5649,0,0,0.0002,0.0001,0,0,0.0001,0.0001,0.0001,0,0,0.0001,0,0,0,0,0.0001,0,0,0,0,0,0.2182,0.2169,0.2182,0.2169,1
2.8956,1.4478,0.7239,0,0,0,0.7239,0,0.7239,0,0.7239,0.7239,0,0,0,2.1717,2.1717,0.7239,0,0,0.0002,0.0001,0.0001,0,0,0,0.0001,0,0.0001,0,0.0001,0.0001,0,0,0,0.0002,0.0002,0.0001,0,0,0.1542,0.1219,0.1542,0.1219,1
0,0,0.6217,1.8652,0,0,0,0,1.8652,2.4869,0,0,0,0,0.6217,0.6217,0.6217,0.6217,0,0,0,0,0.0001,0.0002,0,0,0,0,0.0002,0.0003,0,0,0,0,0.0001,0.0001,0.0001,0.0001,0,0,0.1536,0.2247,0.1536,0.2247,1
0.4955,0,0,1.4866,0.4955,0.991,0,0,0.991,0.991,0,0.4955,0,0,1.4866,0.4955,0.991,0.4955,0.4955,0,0.0001,0,0,0.0002,0.0001,0.0001,0,0,0.0001,0.0001,0,0.0001,0,0,0.0002,0.0001,0.0001,0.0001,0.0001,0,0.2462,0.2583,0.2462,0.2583,1
4.5699,0,0,0,0,0,0,0.7616,2.2849,2.2849,0,0,1.5233,0,1.5233,0,0.7616,2.2849,0,0,0.0006,0,0,0,0,0,0,0.0001,0.0003,0.0003,0,0,0.0002,0,0.0002,0,0.0001,0.0003,0,0,0.0936,0.1448,0.0936,0.1448,1
2.2145,0,0,0,0.7382,0,0.7382,0,2.9527,1.4764,0,0,0,0,0.7382,0,0.7382,2.2145,0,0.7382,0.0004,0,0,0,0.0001,0,0.0001,0,0.0005,0.0003,0,0,0,0,0.0001,0,0.0001,0.0004,0,0.0001,0.1059,0.156,0.1059,0.156,1
0.5898,1.1795,1.1795,0.5898,0,1.7693,0.5898,0.5898,0.5898,0,0,0,1.1795,0,1.7693,0,0.5898,0.5898,0,0,0.0001,0.0001,0.0001,0.0001,0,0.0002,0.0001,0.0001,0.0001,0,0,0,0.0001,0,0.0002,0,0.0001,0.0001,0,0,0.1824,0.2278,0.1824,0.2278,1
0,0.5956,1.1911,0.5956,0,0,0,1.1911,0,1.1911,0,0,0,0,0.5956,0.5956,0,0.5956,1.7867,0,0,0,0.0001,0,0,0,0,0.0001,0,0.0001,0,0,0,0,0,0,0,0,0.0001,0,0.1817,0.2227,0.1817,0.2227,1
1.9498,0.6499,0.6499,1.2999,0,0,0,0.6499,1.2999,0,1.2999,0.6499,1.2999,0,0,0,0.6499,2.5997,0,0,0.0002,0.0001,0.0001,0.0001,0,0,0,0.0001,0.0001,0,0.0001,0.0001,0.0001,0,0,0,0.0001,0.0002,0,0,0.1998,0.1502,0.1998,0.1502,1
1.0989,1.6483,1.6483,0,1.0989,0,0,0.5494,0,1.6483,0.5494,1.0989,0,1.0989,0.5494,1.6483,2.7472,0,0,1.0989,0.0001,0.0001,0.0001,0,0.0001,0,0,0,0,0.0001,0,0.0001,0,0.0001,0,0.0001,0.0001,0,0,0.0001,0.2468,0.2038,0.2468,0.2038,1
0.8451,0,1.2676,0.4225,0.4225,1.2676,0.4225,0.8451,1.6902,2.5353,0,1.2676,0,0,0,0.4225,0,0.4225,0,0,0.0001,0,0.0001,0,0,0.0001,0,0.0001,0.0001,0.0002,0,0.0001,0,0,0,0,0,0,0,0,0.2483,0.3291,0.2483,0.3291,1
0.8265,2.4795,0,0,0,0.8265,0,0.8265,0,0.8265,1.653,0.8265,0.8265,0,0,1.653,1.653,1.653,0,0.8265,0,0.0001,0,0,0,0,0,0,0,0,0.0001,0,0,0,0,0.0001,0.0001,0.0001,0,0,0.0798,0.0936,0.0798,0.0936,1
1.9677,0,0,0.6559,0.6559,0,0.6559,0,0.6559,0,0.6559,0.6559,0,2.6236,0,1.3118,1.3118,3.2795,0,0.6559,0.0002,0,0,0.0001,0.0001,0,0.0001,0,0.0001,0,0.0001,0.0001,0,0.0003,0,0.0001,0.0001,0.0004,0,0.0001,0.1862,0.1579,0.1862,0.1579,1
0.9864,0,0.4932,1.4796,0.4932,0,0.4932,0.4932,2.9593,0.9864,0,0.9864,0,1.4796,0,0.4932,0.4932,0.4932,0,0.4932,0.0001,0,0,0.0001,0,0,0,0,0.0003,0.0001,0,0.0001,0,0.0001,0,0,0,0,0,0,0.2457,0.261,0.2457,0.261,1
0.6521,0,0.6521,0,0,0.6521,1.3041,0.6521,0,0,1.3041,0.6521,0.6521,0.6521,0,0.6521,1.9562,0.6521,0.6521,0,0.0001,0,0.0001,0,0,0.0001,0.0002,0.0001,0,0,0.0002,0.0001,0.0001,0.0001,0,0.0001,0.0003,0.0001,0.0001,0,0.1814,0.1666,0.1814,0.1666,1
0.7291,0,0,0,0,0,0.7291,2.1872,0,0.7291,0.7291,0,0,0.7291,1.4581,0,0.7291,0.7291,0,0,0.0002,0,0,0,0,0,0.0002,0.0005,0,0.0002,0.0002,0,0,0.0002,0.0003,0,0.0002,0.0002,0,0,0.1332,0.1377,0.1332,0.1377,1
4.1812,0.5973,0,0,1.1946,1.1946,0,0.5973,1.1946,1.7919,1.1946,1.1946,0,0,0,0.5973,1.1946,1.1946,0.5973,0,0.0002,0,0,0,0.0001,0.0001,0,0,0.0001,0.0001,0.0001,0.0001,0,0,0,0,0.0001,0.0001,0,0,0.1752,0.2275,0.1752,0.2275,1
0.6195,4.3366,0.6195,0.6195,0,1.8585,0,1.8585,1.239,1.239,0,0.6195,1.239,0.6195,0,1.8585,0.6195,0.6195,0.6195,0,0,0.0001,0,0,0,0.0001,0,0.0001,0,0,0,0,0,0,0,0.0001,0,0,0,0,0.1557,0.2248,0.1557,0.2248,1
1.1875,0,0,0.5937,0,1.1875,1.1875,1.1875,1.1875,1.7812,0.5937,0,1.1875,0,0,1.1875,0,3.5625,0,0,0.0001,0,0,0,0,0.0001,0.0001,0.0001,0.0001,0.0001,0,0,0.0001,0,0,0.0001,0,0.0003,0,0,0.1682,0.238,0.1682,0.238,1
0.7417,0,0,0,0,0,0,2.225,2.9667,2.9667,2.225,0,0.7417,0,1.4833,0,0.7417,4.45,0,0,0.0001,0,0,0,0,0,0,0.0004,0.0006,0.0006,0.0004,0,0.0001,0,0.0003,0,0.0001,0.0009,0,0,0.1488,0.1095,0.1488,0.1095,1
1.9046,0,1.9046,1.4285,0.9523,0.4762,0,1.9046,0.4762,0,0.9523,1.4285,0,0.4762,0.4762,0,0.9523,0,0,0,0.0001,0,0.0001,0.0001,0.0001,0,0,0.0001,0,0,0.0001,0.0001,0,0,0,0,0.0001,0,0,0,0.3018,0.222,0.3018,0.222,1
1.5735,0.5245,1.049,0,0,0.5245,0.5245,0.5245,0.5245,0.5245,1.5735,1.049,0.5245,0.5245,0.5245,1.049,0,2.6225,0.5245,1.049,0.0001,0,0.0001,0,0,0,0,0,0,0,0.0001,0.0001,0,0,0,0.0001,0,0.0002,0,0.0001,0.2219,0.2536,0.2219,0.2536,1
2.4162,0,0,0,0,0,0,0,3.2217,0,0.8054,0,0,0.8054,0,0,0.8054,1.6108,0,1.6108,0.0005,0,0,0,0,0,0,0,0.0006,0,0.0002,0,0,0.0002,0,0,0.0002,0.0003,0,0.0003,0.0815,0.1131,0.0815,0.1131,1
0,0.4572,0.9143,0,0.4572,0.9143,0.9143,0.4572,0.9143,0.4572,1.8286,0,0.9143,0,0.9143,0,0.9143,2.2858,0.9143,0,0,0,0.0001,0,0,0.0001,0.0001,0,0.0001,0,0.0001,0,0.0001,0,0.0001,0,0.0001,0.0002,0.0001,0,0.2775,0.2654,0.2775,0.2654,1
1.2225,0,0,0,1.2225,2.445,0,0.6112,1.2225,3.6675,0,0.6112,0.6112,0,0,0.6112,0,0.6112,0,0,0.0001,0,0,0,0.0001,0.0002,0,0,0.0001,0.0002,0,0,0,0,0,0,0,0,0,0,0.1691,0.2197,0.1691,0.2197,1
1.1406,0,1.7109,0.5703,0,0,0,0,0.5703,3.9921,0,2.2812,0.5703,0,0.5703,1.7109,0,1.1406,0,0,0.0001,0,0.0001,0,0,0,0,0,0,0.0002,0,0.0001,0,0,0,0.0001,0,0.0001,0,0,0.1954,0.2343,0.1954,0.2343,1
0.6333,0,0,1.9,0.6333,0.6333,0,0,1.2667,0.6333,0.6333,0,0,0,0.6333,1.9,0.6333,0.6333,0,0.6333,0.0001,0,0,0.0003,0.0001,0.0001,0,0,0.0002,0.0001,0.0001,0,0,0,0.0001,0.0003,0.0001,0.0001,0,0.0001,0.2401,0.1265,0.2401,0.1265,1
2.1826,0,0,0,0.7275,0.7275,0,0.7275,1.4551,2.9102,0,0,0,0,2.1826,0.7275,0,0,0,0,0.0003,0,0,0,0.0001,0.0001,0,0.0001,0.0002,0.0003,0,0,0,0,0.0003,0.0001,0,0,0,0,0.1184,0.154,0.1184,0.154,1
0,0.6173,1.2346,0.6173,0.6173,1.8519,0,0,0.6173,1.2346,0,0.6173,0,1.2346,0,0,0,0.6173,0,0,0,0.0001,0.0001,0.0001,0.0001,0.0002,0,0,0.0001,0.0001,0,0.0001,0,0.0001,0,0,0,0.0001,0,0,0.1999,0.1828,0.1999,0.1828,1
2.0754,0.5189,0.5189,0,1.0377,1.0377,1.0377,1.0377,1.5566,0.5189,0,0,0,0.5189,0.5189,0.5189,0.5189,1.5566,0,0,0.0001,0,0,0,0.0001,0.0001,0.0001,0.0001,0.0001,0,0,0,0,0,0,0,0,0.0001,0,0,0.227,0.2542,0.227,0.2542,1
0,0,0.6228,0,0.6228,0,0,0.6228,0.6228,3.114,0,0,0,0,1.8684,0.6228,0,0.6228,1.2456,0.6228,0,0,0.0001,0,0.0001,0,0,0.0001,0.0001,0.0004,0,0,0,0,0.0002,0.0001,0,0.0001,0.0002,0.0001,0.247,0.1302,0.247,0.1302,1
1.1353,0,1.703,0,0,0.5677,1.1353,0,1.1353,0,2.8383,0.5677,0.5677,1.1353,0,1.1353,0.5677,2.2706,0,0,0.0001,0,0.0002,0,0,0.0001,0.0001,0,0.0001,0,0.0003,0.0001,0.0001,0.0001,0,0.0001,0.0001,0.0002,0,0,0.2732,0.1592,0.2732,0.1592,1
0.692,1.3841,0,0.692,3.4601,0.692,0,1.3841,0.692,0.692,0,0,2.7681,0,0,0.692,0,0.692,0,0,0,0.0001,0,0,0.0002,0,0,0.0001,0,0,0,0,0.0002,0,0,0,0,0,0,0,0.1626,0.1454,0.1626,0.1454,1
3.154,0.5257,0.5257,0.5257,0,0,0.5257,0.5257,1.577,2.1027,0.5257,0,0,0,0,0.5257,0.5257,0.5257,1.0513,0.5257,0.0002,0,0,0,0,0,0,0,0.0001,0.0002,0,0,0,0,0,0,0,0,0.0001,0,0.2179,0.2564,0.2179,0.2564,1
0.8271,0.8271,0.4136,0.4136,0.8271,0.4136,0,0.4136,0.4136,1.6542,0,0,0.4136,0,2.4813,0.4136,0.8271,0.4136,0.4136,0.4136,0.0001,0.0001,0,0,0.0001,0,0,0,0,0.0001,0,0,0,0,0.0002,0,0.0001,0,0,0,0.2852,0.3013,0.2852,0.3013,1
0,0.6426,1.2851,0,0.6426,0,0,0,0,1.9277,0,1.2851,0,0.6426,0.6426,0.6426,0,0.6426,1.2851,0.6426,0,0,0.0001,0,0,0,0,0,0,0.0001,0,0.0001,0,0,0,0,0,0,0.0001,0,0.1781,0.1794,0.1781,0.1794,1
0.6331,1.2662,1.8993,0,0,1.8993,0,0,0,0,1.8993,0,0,0.6331,0.6331,0,0.6331,1.8993,0,0,0,0.0001,0.0001,0,0,0.0001,0,0,0,0,0.0001,0,0,0,0,0,0,0.0001,0,0,0.2285,0.1384,0.2285,0.1384,1
2.2733,0,0,0,0,0,0,0,3.031,0.7578,0.7578,0,0,0,0,0.7578,0,2.2733,0,0,0.0004,0,0,0,0,0,0,0,0.0006,0.0001,0.0001,0,0,0,0,0.0001,0,0.0004,0,0,0.1038,0.1385,0.1038,0.1385,1
3.0403,0,0,0.7601,0,0,0.7601,0,2.2803,0.7601,0,0,0,0,0,0,0.7601,3.0403,0,0.7601,0.0006,0,0,0.0001,0,0,0.0001,0,0.0004,0.0001,0,0,0,0,0,0,0.0001,0.0006,0,0.0001,0.1176,0.1223,0.1176,0.1223,1
0,0,1.23,0,0,0.615,1.23,0,0.615,0.615,0,0.615,0.615,1.23,0.615,0.615,0,0.615,1.23,0.615,0,0,0.0001,0,0,0.0001,0.0001,0,0.0001,0.0001,0,0.0001,0.0001,0.0001,0.0001,0.0001,0,0.0001,0.0001,0.0001,0.209,0.176,0.209,0.176,1
0.7007,0,0,0,1.4013,0,0,0.7007,0.7007,2.8027,1.4013,0,0,0,2.102,0,0,0.7007,0.7007,0.7007,0.0001,0,0,0,0.0003,0,0,0.0001,0.0001,0.0006,0.0003,0,0,0,0.0004,0,0,0.0001,0.0001,0.0001,0.1209,0.1784,0.1209,0.1784,1
0.6189,0.6189,1.2378,0,0.6189,0.6189,1.2378,0.6189,0.6189,0.6189,0.6189,0.6189,0,0,0,0,0.6189,1.2378,0.6189,0,0,0,0.0001,0,0,0,0.0001,0,0,0,0,0,0,0,0,0,0,0.0001,0,0,0.2008,0.1803,0.2008,0.1803,1
2.8443,0,0,0,0,0,0,1.4221,0.7111,0.7111,1.4221,0.7111,0,0,0.7111,0.7111,0,0,0.7111,0,0.0003,0,0,0,0,0,0,0.0001,0.0001,0.0001,0.0001,0.0001,0,0,0.0001,0.0001,0,0,0.0001,0,0.176,0.1129,0.176,0.1129,1
1.4119,0,0,0,0,0.7059,0,0,3.5297,0.7059,0.7059,0,0,0,0.7059,0,1.4119,0.7059,0,0,0.0002,0,0,0,0,0.0001,0,0,0.0006,0.0001,0.0001,0,0,0,0.0001,0,0.0002,0.0001,0,0,0.1275,0.1665,0.1275,0.1665,1
0.5714,0,0.5714,0,1.1429,0.5714,0.5714,0,1.1429,1.7143,1.7143,0,0.5714,0,1.7143,0,0.5714,0,0,0,0.0001,0,0.0001,0,0.0001,0.0001,0.0001,0,0.0001,0.0002,0.0002,0,0.0001,0,0.0002,0,0.0001,0,0,0,0.2559,0.1727,0.2559,0.1727,1
1.2132,0.6066,0.6066,0,0,2.4264,0,0.6066,1.8198,0.6066,0,0,0.6066,0,1.2132,1.8198,0,0.6066,0,0.6066,0.0001,0.0001,0.0001,0,0,0.0002,0,0.0001,0.0002,0.0001,0,0,0.0001,0,0.0001,0.0002,0,0.0001,0,0.0001,0.2379,0.1555,0.2379,0.1555,1
0.4891,0,1.4672,0.4891,0.9781,0,0,0.9781,0.4891,0.4891,0,0.4891,0.4891,0,0.4891,0.9781,0.4891,0,1.9562,0,0,0,0.0001,0,0.0001,0,0,0.0001,0,0,0,0,0,0,0,0.0001,0,0,0.0001,0,0.2354,0.2755,0.2354,0.2755,1
0,0.5771,1.1543,0.5771,0,0,0,1.1543,0,0.5771,0,0,0,0,1.1543,0.5771,0,1.1543,1.7314,0,0,0,0.0001,0,0,0,0,0.0001,0,0,0,0,0,0,0.0001,0,0,0.0001,0.0001,0,0.2285,0.1943,0.2285,0.1943,1
0,0.4757,0.4757,0.9514,1.4271,0.4757,0,0.9514,1.4271,0.9514,0,0.4757,0,0,0.9514,0,0,0.9514,0,0,0,0,0,0.0001,0.0001,0,0,0.0001,0.0001,0.0001,0,0,0,0,0.0001,0,0,0.0001,0,0,0.2228,0.3015,0.2228,0.3015,1
4.3008,0,0,0,0,0.5376,0,0,2.1504,3.7632,0,1.0752,0,0,0,0,1.0752,2.1504,0.5376,0,0.0003,0,0,0,0,0,0,0,0.0002,0.0003,0,0.0001,0,0,0,0,0.0001,0.0002,0,0,0.1951,0.2673,0.1951,0.2673,1
0,2.1161,0,0,0.7054,2.1161,0,2.1161,1.4107,0.7054,0.7054,0,0.7054,1.4107,0,0.7054,2.1161,0.7054,0,0,0,0.0001,0,0,0,0.0001,0,0.0001,0.0001,0,0,0,0,0.0001,0,0,0.0001,0,0,0,0.1813,0.1133,0.1813,0.1133,1
4.9561,0.708,0,0,0,0,0.708,0.708,0.708,2.832,0.708,0,0.708,0,4.2481,0.708,0.708,1.416,0,0,0.0004,0.0001,0,0,0,0,0.0001,0.0001,0.0001,0.0002,0.0001,0,0.0001,0,0.0004,0.0001,0.0001,0.0001,0,0,0.154,0.138,0.154,0.138,1
1.5116,0.5039,0,0,0,0.5039,0,0.5039,2.0155,0,1.5116,2.0155,0.5039,0,0.5039,0.5039,0.5039,1.0077,1.0077,1.5116,0.0001,0,0,0,0,0,0,0,0.0001,0,0.0001,0.0001,0,0,0,0,0,0.0001,0.0001,0.0001,0.234,0.2621,0.234,0.2621,1
0.51,1.0201,0.51,0,0.51,0.51,2.0401,1.0201,1.5301,0,2.0401,0,1.0201,0,3.0602,0,0.51,0,0,0,0,0.0001,0,0,0,0,0.0002,0.0001,0.0001,0,0.0002,0,0.0001,0,0.0003,0,0,0,0,0,0.3494,0.1405,0.3494,0.1405,1
0.5272,0.5272,0,0,1.0544,0,0.5272,0.5272,2.1088,0.5272,0.5272,1.5816,0,0,0.5272,0.5272,0.5272,0,0.5272,0.5272,0,0,0,0,0.0001,0,0,0,0.0002,0,0,0.0001,0,0,0,0,0,0,0,0,0.2281,0.2447,0.2281,0.2447,1
0.6161,0.6161,0.6161,0.6161,0,1.2322,0.6161,1.2322,0,0.6161,1.2322,0.6161,0.6161,0,1.2322,0,1.8483,1.2322,0,0,0.0001,0.0001,0.0001,0.0001,0,0.0002,0.0001,0.0002,0,0.0001,0.0002,0.0001,0.0001,0,0.0002,0,0.0002,0.0002,0,0,0.2335,0.1503,0.2335,0.1503,1
0.5805,0,1.161,0,0.5805,1.161,0,0.5805,1.161,1.161,1.161,0.5805,0,0.5805,0.5805,0.5805,0.5805,0.5805,0,0.5805,0.0001,0,0.0001,0,0.0001,0.0001,0,0.0001,0.0001,0.0001,0.0001,0.0001,0,0.0001,0.0001,0.0001,0.0001,0.0001,0,0.0001,0.2542,0.1653,0.2542,0.1653,1
0.627,0,0,0,0,0.627,0.627,0.627,0.627,0.627,0.627,0,0,0.627,1.8811,0,0.627,0.627,0,0.627,0.0001,0,0,0,0,0.0001,0.0001,0.0001,0.0001,0.0001,0.0001,0,0,0.0001,0.0003,0,0.0001,0.0001,0,0.0001,0.2211,0.1519,0.2211,0.1519,1
1.0634,0,0,0,0.5317,2.6586,0,0,0.5317,0,0,0,1.5951,0,2.6586,1.0634,1.0634,0.5317,0,2.1268,0.0001,0,0,0,0,0.0002,0,0,0,0,0,0,0.0001,0,0.0002,0.0001,0.0001,0,0,0.0002,0.2057,0.2626,0.2057,0.2626,1
0.4865,0.9729,0,0,1.4594,0.4865,0,0.9729,3.4052,0.4865,0,0,0.4865,0,0.4865,0,1.4594,0.4865,0,0,0,0.0001,0,0,0.0001,0,0,0.0001,0.0003,0,0,0,0,0,0,0,0.0001,0,0,0,0.2562,0.2574,0.2562,0.2574,1
2.551,1.2755,0.6377,0,0.6377,0.6377,0,1.2755,0.6377,1.2755,1.2755,0.6377,2.551,0,0.6377,0,0.6377,0.6377,0,0.6377,0.0001,0.0001,0,0,0,0,0,0.0001,0,0.0001,0.0001,0,0.0001,0,0,0,0,0,0,0,0.1869,0.1754,0.1869,0.1754,1
0.5284,0,0.5284,0,0,0,1.0567,0.5284,1.0567,0.5284,0.5284,1.5851,1.5851,0.5284,1.5851,1.0567,0.5284,1.0567,0,0.5284,0.0001,0,0.0001,0,0,0,0.0001,0.0001,0.0001,0.0001,0.0001,0.0002,0.0002,0.0001,0.0002,0.0001,0.0001,0.0001,0,0.0001,0.2462,0.2255,0.2462,0.2255,1
0,0,1.8265,0.9132,0,0,0.4566,1.3699,0.9132,0.4566,0.4566,0,0,0.4566,1.3699,0.9132,0.4566,0.9132,0.4566,1.8265,0,0,0.0001,0.0001,0,0,0,0.0001,0.0001,0,0,0,0,0,0.0001,0.0001,0,0.0001,0,0.0001,0.2955,0.2479,0.2955,0.2479,1
0,0,0,1.0913,1.0913,0.5457,0.5457,1.637,0.5457,2.1826,0,0,0,1.0913,6.0022,0,0,0,0,0,0,0,0,0.0001,0.0001,0.0001,0.0001,0.0002,0.0001,0.0003,0,0,0,0.0001,0.0007,0,0,0,0,0,0.1973,0.2571,0.1973,0.2571,1
3.5812,0,0.5116,0,0,0.5116,0.5116,1.0232,1.0232,2.0464,0.5116,0.5116,0.5116,0.5116,0.5116,0,0.5116,1.5348,0.5116,0.5116,0.0003,0,0,0,0,0,0,0.0001,0.0001,0.0002,0,0,0,0,0,0,0,0.0001,0,0,0.2264,0.262,0.2264,0.262,1
1.6861,0,0,0,1.6861,0,0,0,3.3722,0,0,0,0,0,0,0,0.843,2.5291,0,0.843,0.0005,0,0,0,0.0005,0,0,0,0.001,0,0,0,0,0,0,0,0.0002,0.0007,0,0.0002,0.0589,0.098,0.0589,0.098,1
1.9404,0,0,0.9702,0.9702,0.4851,0,0,0.4851,0.4851,0,0.9702,0.9702,0.4851,2.4255,0.4851,0.4851,0.9702,0,0.4851,0.0002,0,0,0.0001,0.0001,0,0,0,0,0,0,0.0001,0.0001,0,0.0002,0,0,0.0001,0,0,0.2986,0.2163,0.2986,0.2163,1
1.2852,0,0.6426,0,1.9278,0.6426,0,0.6426,1.2852,0.6426,0,1.2852,0,0,0,0,0,0,0,0,0.0001,0,0.0001,0,0.0002,0.0001,0,0.0001,0.0001,0.0001,0,0.0001,0,0,0,0,0,0,0,0,0.1468,0.2106,0.1468,0.2106,1
1.4174,0,0.4725,0.9449,0,1.8898,0,0.9449,1.8898,1.4174,0.9449,0,0.9449,0,0.4725,0.4725,0.9449,0.4725,0,0.9449,0.0001,0,0,0.0001,0,0.0002,0,0.0001,0.0002,0.0001,0.0001,0,0.0001,0,0,0,0.0001,0,0,0.0001,0.2601,0.2674,0.2601,0.2674,1
2.3103,0,0.5776,1.1552,0,0,0,0.5776,0,0,0.5776,1.1552,0,0.5776,2.3103,0,1.1552,1.1552,0,0,0.0003,0,0.0001,0.0001,0,0,0,0.0001,0,0,0.0001,0.0001,0,0.0001,0.0003,0,0.0001,0.0001,0,0,0.2074,0.215,0.2074,0.215,1
0,0,1.9129,0,0,1.2753,0,0.6376,0,5.7387,0,0,0.6376,0,0,1.2753,0.6376,0.6376,0,0,0,0,0.0001,0,0,0.0001,0,0,0,0.0004,0,0,0,0,0,0.0001,0,0,0,0,0.1519,0.2105,0.1519,0.2105,1
0,0,1.1934,0.5967,0,0.5967,0,0.5967,0,1.7902,0,0,0.5967,0.5967,1.7902,1.1934,0,0,0,0,0,0,0.0001,0.0001,0,0.0001,0,0.0001,0,0.0002,0,0,0.0001,0.0001,0.0002,0.0001,0,0,0,0,0.1865,0.2168,0.1865,0.2168,1
0.6747,0,0,0,0.6747,0,0.6747,0.6747,0,0,2.0242,0,0,0.6747,2.0242,0.6747,0,0,0,0,0.0001,0,0,0,0.0001,0,0.0001,0.0001,0,0,0.0003,0,0,0.0001,0.0003,0.0001,0,0,0,0,0.1925,0.1328,0.1925,0.1328,1
0.7226,0,0.7226,0,0.7226,0,0,0,0.7226,2.8903,0.7226,1.4452,1.4452,0.7226,0,1.4452,0.7226,1.4452,0,0,0.0001,0,0.0001,0,0.0001,0,0,0,0.0001,0.0003,0.0001,0.0002,0.0002,0.0001,0,0.0002,0.0001,0.0002,0,0,0.1499,0.1275,0.1499,0.1275,1
0.9822,0.4911,1.9645,1.9645,0,0,0,0.4911,0.9822,0.9822,0.4911,0.9822,0.4911,0,0,1.9645,1.4734,0,0,1.4734,0.0001,0,0.0001,0.0001,0,0,0,0,0.0001,0.0001,0,0.0001,0,0,0,0.0001,0.0001,0,0,0.0001,0.2623,0.2466,0.2623,0.2466,1
0.5657,0,0,0,0,2.2627,0,0.5657,0,0.5657,0,0,0.5657,0.5657,3.3941,1.1314,0,0,0,0,0.0001,0,0,0,0,0.0003,0,0.0001,0,0.0001,0,0,0.0001,0.0001,0.0004,0.0001,0,0,0,0,0.244,0.1903,0.244,0.1903,1
2.2922,1.1461,0,1.1461,0,1.7191,0.573,1.1461,1.1461,0,0.573,0.573,0.573,0.573,0,0,1.1461,1.1461,0,0.573,0.0001,0.0001,0,0.0001,0,0.0001,0,0.0001,0.0001,0,0,0,0,0,0,0,0.0001,0.0001,0,0,0.1959,0.231,0.1959,0.231,1
0.776,0,0.776,0,1.5519,0,0.776,0,0,1.5519,0.776,0.776,1.5519,0.776,0,0,0,1.5519,0,0.776,0.0001,0,0.0001,0,0.0002,0,0.0001,0,0,0.0002,0.0001,0.0001,0.0002,0.0001,0,0,0,0.0002,0,0.0001,0.1315,0.0926,0.1315,0.0926,1
2.2956,1.5304,0,0,1.5304,0,0,1.5304,0.7652,0.7652,1.5304,0,1.5304,0.7652,0,0.7652,1.5304,0,0,0,0.0001,0.0001,0,0,0.0001,0,0,0.0001,0,0,0.0001,0,0.0001,0,0,0,0.0001,0,0,0,0.1311,0.1037,0.1311,0.1037,1
0.4363,0,0.8726,2.6179,0,0,0.4363,1.309,2.6179,0,0,0,0,0,0.4363,0,0.8726,0.4363,0.8726,0.4363,0,0,0.0001,0.0003,0,0,0,0.0001,0.0003,0,0,0,0,0,0,0,0.0001,0,0.0001,0,0.2837,0.2799,0.2837,0.2799,1
3.452,0,0,0,0,0,0,0,0,0,0,0,0,0,5.1781,0,0,0,0.4315,0,0.0004,0,0,0,0,0,0,0,0,0,0,0,0,0,0.0007,0,0,0,0.0001,0,0.2299,0.3386,0.2299,0.3386,1
1.5177,0,0,0,0,0,0,0,3.7943,0.7589,0,0.7589,0,0,0,0,0.7589,2.2766,0,0.7589,0.0003,0,0,0,0,0,0,0,0.0008,0.0002,0,0.0002,0,0,0,0,0.0002,0.0005,0,0.0002,0.1116,0.1295,0.1116,0.1295,1
1.5666,0,0,0,1.0444,0,0.5222,0.5222,1.0444,1.5666,0,0.5222,0.5222,0,1.5666,0,1.0444,0.5222,0,0,0.0002,0,0,0,0.0001,0,0.0001,0.0001,0.0001,0.0002,0,0.0001,0.0001,0,0.0002,0,0.0001,0.0001,0,0,0.2739,0.2039,0.2739,0.2039,1
0.5946,0,2.3785,1.1893,1.1893,0,0.5946,0,1.1893,0,0.5946,0.5946,0,0,0,0,0,0,0.5946,0,0.0001,0,0.0002,0.0001,0.0001,0,0.0001,0,0.0001,0,0.0001,0.0001,0,0,0,0,0,0,0.0001,0,0.241,0.1643,0.241,0.1643,1
0,0,0.6622,1.3244,0,0.6622,0.6622,0.6622,0,0.6622,0.6622,0,0.6622,0,0,1.3244,0.6622,1.3244,0.6622,0,0,0,0.0001,0.0001,0,0.0001,0.0001,0.0001,0,0.0001,0.0001,0,0.0001,0,0,0.0001,0.0001,0.0001,0.0001,0,0.2032,0.1346,0.2032,0.1346,1
2.2687,0,0,1.1343,0,1.1343,0,0,1.1343,1.1343,0,0,0.5672,0.5672,1.1343,0.5672,1.7015,0,0,0.5672,0.0003,0,0,0.0001,0,0.0001,0,0,0.0001,0.0001,0,0,0.0001,0.0001,0.0001,0.0001,0.0002,0,0,0.0001,0.2134,0.2194,0.2134,0.2194,1
0,1.9761,1.3174,0.6587,0,1.3174,0.6587,0.6587,0,0.6587,0,0,0,0,0,0.6587,0.6587,1.3174,0,0,0,0.0001,0.0001,0,0,0.0001,0,0,0,0,0,0,0,0,0,0,0,0.0001,0,0,0.1968,0.1445,0.1968,0.1445,1
2.8742,0,0.7185,0,0,3.5927,0,0.7185,0.7185,1.4371,0.7185,0,0.7185,0,0.7185,0.7185,0,0,0,0,0.0003,0,0.0001,0,0,0.0004,0,0.0001,0.0001,0.0001,0.0001,0,0.0001,0,0.0001,0.0001,0,0,0,0,0.1737,0.1078,0.1737,0.1078,1
0,0.6083,0,0.6083,0.6083,0,0.6083,0,0.6083,0,1.2166,0.6083,4.258,0,1.2166,0.6083,0.6083,0,0.6083,0,0,0.0001,0,0.0001,0.0001,0,0.0001,0,0.0001,0,0.0001,0.0001,0.0004,0,0.0001,0.0001,0.0001,0,0.0001,0,0.1997,0.1921,0.1997,0.1921,1
0,0,0,0,1.0993,1.0993,0,2.1985,0.5496,1.0993,1.6489,0,1.0993,0,2.7482,0.5496,0,0.5496,1.0993,0,0,0,0,0,0.0001,0.0001,0,0.0002,0,0.0001,0.0001,0,0.0001,0,0.0002,0,0,0,0.0001,0,0.207,0.2433,0.207,0.2433,1
0,0.6995,0.6995,0.6995,0,0.6995,0,0.6995,0.6995,0,0.6995,0,0.6995,0,2.0986,0,1.3991,0.6995,1.3991,0,0,0.0001,0.0001,0.0001,0,0.0001,0,0.0001,0.0001,0,0.0001,0,0.0001,0,0.0002,0,0.0001,0.0001,0.0001,0,0.1389,0.1616,0.1389,0.1616,1
0,0.4959,1.4876,0.4959,0.4959,0,0,0.4959,0.4959,0.9918,0,0,0,0,0.9918,0.4959,0.4959,0,2.9753,0,0,0,0.0001,0,0,0,0,0,0,0.0001,0,0,0,0,0.0001,0,0,0,0.0002,0,0.2271,0.277,0.2271,0.277,1
0.5061,0,1.0122,1.0122,0.5061,1.5183,0.5061,1.0122,1.0122,0.5061,0,0.5061,0.5061,0,2.0244,0,0,1.5183,0,0,0,0,0.0001,0.0001,0,0.0001,0,0.0001,0.0001,0,0,0,0,0,0.0002,0,0,0.0001,0,0,0.2343,0.2596,0.2343,0.2596,1
1.5896,0.7948,0,0,0,2.3844,0,0,0.7948,1.5896,0,0,0.7948,0,0,0.7948,0.7948,0.7948,0,0,0.0002,0.0001,0,0,0,0.0002,0,0,0.0001,0.0002,0,0,0.0001,0,0,0.0001,0.0001,0.0001,0,0,0.0954,0.1098,0.0954,0.1098,1
0.6335,0,0,0,0,0,0,0.6335,3.1677,0.6335,1.2671,0,0,0,5.7019,0,0.6335,4.4348,0,0.6335,0.0001,0,0,0,0,0,0,0.0001,0.0006,0.0001,0.0003,0,0,0,0.0011,0,0.0001,0.0009,0,0.0001,0.1936,0.1729,0.1936,0.1729,1
1.0767,0,1.0767,0.5384,0,3.2302,0,0,0,4.307,0.5384,0.5384,0,0,0.5384,1.0767,0.5384,0.5384,0,0.5384,0.0001,0,0.0001,0,0,0.0002,0,0,0,0.0002,0,0,0,0,0,0.0001,0,0,0,0,0.2002,0.2614,0.2002,0.2614,1
0,0,0.4662,2.3309,0,0,0,0.9323,2.3309,0.9323,0.4662,0,0,0,0.9323,0.4662,0.9323,0,0.9323,0.4662,0,0,0,0.0002,0,0,0,0.0001,0.0002,0.0001,0,0,0,0,0.0001,0,0.0001,0,0.0001,0,0.2334,0.3005,0.2334,0.3005,1
1.497,0,0.998,0,0,1.497,0,0.998,2.495,1.996,0.499,0.499,0.499,0,0,0.998,0.499,1.497,0,0,0.0001,0,0.0001,0,0,0.0001,0,0.0001,0.0002,0.0001,0,0,0,0,0,0.0001,0,0.0001,0,0,0.2567,0.2443,0.2567,0.2443,1
1.1815,0,0,0,1.1815,0.5907,0.5907,0.5907,0.5907,0.5907,0,0.5907,0,0.5907,5.3167,0,0,0.5907,0,0,0.0002,0,0,0,0.0002,0.0001,0.0001,0.0001,0.0001,0.0001,0,0.0001,0,0.0001,0.0008,0,0,0.0001,0,0,0.2032,0.2061,0.2032,0.2061,1
0,0,1.0328,0,1.0328,1.0328,0,1.0328,1.0328,2.0656,1.0328,0.5164,0,0,1.0328,0,0.5164,1.0328,0,0,0,0,0.0001,0,0.0001,0.0001,0,0.0001,0.0001,0.0002,0.0001,0,0,0,0.0001,0,0,0.0001,0,0,0.2089,0.2747,0.2089,0.2747,1
0,1.4134,0,0.4711,0.9423,0.4711,0,0.4711,4.7113,0.4711,0.9423,0.4711,0.4711,0,0.9423,0.4711,0,0,0,0,0,0.0001,0,0,0.0001,0,0,0,0.0003,0,0.0001,0,0,0,0.0001,0,0,0,0,0,0.2688,0.26,0.2688,0.26,1
1.4307,0,0,0,0,0,0.7153,0,0.7153,0.7153,0,0.7153,2.8613,0,0,0,0,0,2.146,0,0.0001,0,0,0,0,0,0.0001,0,0.0001,0.0001,0,0.0001,0.0003,0,0,0,0,0,0.0002,0,0.1804,0.1043,0.1804,0.1043,1
0.5264,1.0527,1.0527,0.5264,0.5264,1.5791,0,0.5264,1.0527,1.5791,0.5264,0,0.5264,0,1.0527,1.0527,0,0,0,1.0527,0,0.0001,0.0001,0,0,0.0001,0,0,0.0001,0.0001,0,0,0,0,0.0001,0.0001,0,0,0,0.0001,0.2597,0.2139,0.2597,0.2139,1
0,0,0,0,0,3.3749,2.025,0,0,0,0,0,0,0.675,0,0.675,0,2.025,0,0,0,0,0,0,0,0.0006,0.0003,0,0,0,0,0,0,0.0001,0,0.0001,0,0.0003,0,0,0.1754,0.1496,0.1754,0.1496,1
1.3594,0.6797,0,1.3594,0,2.7188,0,0,0,4.0782,0,1.3594,0.6797,0,0,0.6797,0.6797,0.6797,0,0,0.0001,0,0,0.0001,0,0.0002,0,0,0,0.0003,0,0.0001,0,0,0,0,0,0,0,0,0.1562,0.1641,0.1562,0.1641,1
1.679,0,0,0,2.5185,0,0,0,3.358,0,0,0,0,0,0,0,0,2.5185,0,0.8395,0.0004,0,0,0,0.0007,0,0,0,0.0009,0,0,0,0,0,0,0,0,0.0007,0,0.0002,0.0555,0.1049,0.0555,0.1049,1
0,0.6681,1.3361,0.6681,0,0,0,0.6681,0,0.6681,0,0,0.6681,0,1.3361,1.3361,0.6681,0,1.3361,0.6681,0,0.0001,0.0001,0.0001,0,0,0,0.0001,0,0.0001,0,0,0.0001,0,0.0001,0.0001,0.0001,0,0.0001,0.0001,0.1124,0.2195,0.1124,0.2195,1
1.3166,1.9749,0,1.3166,0,0.6583,0,1.3166,0,1.3166,0.6583,0.6583,0.6583,0,0.6583,1.9749,1.3166,1.9749,0,0,0.0001,0.0001,0,0.0001,0,0,0,0.0001,0,0.0001,0,0,0,0,0,0.0001,0.0001,0.0001,0,0,0.169,0.1727,0.169,0.1727,1
0,0,0,0,3.7853,0.7571,0.7571,0,1.5141,0.7571,0.7571,0,0,0,5.2994,0,0,2.2712,0,0,0,0,0,0,0.0007,0.0001,0.0001,0,0.0003,0.0001,0.0001,0,0,0,0.001,0,0,0.0004,0,0,0.109,0.134,0.109,0.134,1
0.5593,0,1.6778,0,0.5593,0.5593,0,0.5593,0.5593,1.1185,1.1185,0.5593,0.5593,0,1.1185,0,0,0.5593,0,0.5593,0,0,0.0001,0,0,0,0,0,0,0.0001,0.0001,0,0,0,0.0001,0,0,0,0,0,0.226,0.2147,0.226,0.2147,1
1.8408,0,0,0.6136,0,0.6136,0,0,1.2272,1.2272,0,0,0.6136,0,1.2272,0,0.6136,0.6136,0.6136,0,0.0003,0,0,0.0001,0,0.0001,0,0,0.0002,0.0002,0,0,0.0001,0,0.0002,0,0.0001,0.0001,0.0001,0,0.2467,0.1397,0.2467,0.1397,1
0.5102,0.5102,2.0407,0.5102,0,1.0204,0.5102,0,1.0204,0,1.0204,0,0.5102,0.5102,1.5305,0.5102,2.0407,1.0204,0.5102,0.5102,0,0,0.0002,0,0,0.0001,0,0,0.0001,0,0.0001,0,0,0,0.0001,0,0.0002,0.0001,0,0,0.2527,0.2372,0.2527,0.2372,1
0,0,1.6959,0.5653,0,0.5653,0.5653,0.5653,1.1306,0,2.2612,0.5653,0.5653,0.5653,0,0.5653,1.1306,0.5653,0,0,0,0,0.0002,0.0001,0,0.0001,0.0001,0.0001,0.0001,0,0.0002,0.0001,0.0001,0.0001,0,0.0001,0.0001,0.0001,0,0,0.1927,0.242,0.1927,0.242,1
0,2.3096,0,0,0.5774,1.7322,0,0,0,0.5774,0.5774,0,0,0,3.4644,0,0.5774,0,0,0.5774,0,0.0001,0,0,0,0.0001,0,0,0,0,0,0,0,0,0.0002,0,0,0,0,0,0.1945,0.2281,0.1945,0.2281,1
0.5073,0.5073,1.0145,0.5073,0.5073,0.5073,1.5218,0,1.0145,0,1.0145,0,1.0145,0,1.5218,0.5073,1.5218,1.0145,0.5073,0.5073,0.0001,0.0001,0.0001,0.0001,0.0001,0.0001,0.0002,0,0.0001,0,0.0001,0,0.0001,0,0.0002,0.0001,0.0002,0.0001,0.0001,0.0001,0.2387,0.2541,0.2387,0.2541,1
1.1463,0,0,0.5731,0.5731,1.7194,1.7194,0.5731,0.5731,2.8657,0,0,1.1463,0,0,0.5731,0,2.8657,0,0,0.0001,0,0,0,0,0.0001,0.0001,0,0,0.0002,0,0,0.0001,0,0,0,0,0.0002,0,0,0.1782,0.2486,0.1782,0.2486,1
1.3325,0,0.6663,0,0,0.6663,0,0,1.3325,1.9988,0,0.6663,1.3325,0,0,0,0,0,0.6663,0,0.0001,0,0.0001,0,0,0.0001,0,0,0.0001,0.0002,0,0.0001,0.0001,0,0,0,0,0,0.0001,0,0.1889,0.1449,0.1889,0.1449,1
0.6369,1.2739,0,0,0,2.5477,0,1.2739,0,0,0,0,1.2739,0,3.1847,0.6369,0,0,0,0,0,0.0001,0,0,0,0.0002,0,0.0001,0,0,0,0,0.0001,0,0.0002,0,0,0,0,0,0.2216,0.1415,0.2216,0.1415,1
1.0637,1.0637,0,0,0,1.0637,0.5318,0.5318,0.5318,1.5955,1.5955,1.0637,2.1274,0,1.5955,1.0637,1.0637,0.5318,0.5318,0,0.0001,0.0001,0,0,0,0.0001,0,0,0,0.0001,0.0001,0.0001,0.0001,0,0.0001,0.0001,0.0001,0,0,0,0.2478,0.2204,0.2478,0.2204,1
0.7306,0,0,0,0,0.7306,0.7306,0.7306,0,0,0,0,1.4612,0,1.4612,2.1918,1.4612,2.1918,0,0,0.0001,0,0,0,0,0.0001,0.0001,0.0001,0,0,0,0,0.0002,0,0.0002,0.0003,0.0002,0.0003,0,0,0.1657,0.1037,0.1657,0.1037,1
2.5747,0,0,0,0,0,0,0,1.7165,0.8582,0,0,0.8582,0,1.7165,0,0.8582,2.5747,0,0,0.0007,0,0,0,0,0,0,0,0.0005,0.0002,0,0,0.0002,0,0.0005,0,0.0002,0.0007,0,0,0.055,0.0868,0.055,0.0868,1
2.6782,0,1.3391,0,0,0,0,0.6695,0.6695,0.6695,0,0.6695,0.6695,0,2.0086,0.6695,0,0,0,0,0.0003,0,0.0002,0,0,0,0,0.0001,0.0001,0.0001,0,0.0001,0.0001,0,0.0002,0.0001,0,0,0,0,0.1732,0.1572,0.1732,0.1572,1
2.8432,0,0.7108,1.4216,0,0,0,0.7108,0,1.4216,0.7108,0.7108,0,0,0,0,0.7108,0.7108,0,0,0.0003,0,0.0001,0.0001,0,0,0,0.0001,0,0.0001,0.0001,0.0001,0,0,0,0,0.0001,0.0001,0,0,0.1258,0.1633,0.1258,0.1633,1
2.1959,0,0.732,0.732,0,0,0,0,2.1959,0.732,0,0,0,0,0,0,0.732,2.1959,0,0.732,0.0003,0,0.0001,0.0001,0,0,0,0,0.0003,0.0001,0,0,0,0,0,0,0.0001,0.0003,0,0.0001,0.1546,0.1134,0.1546,0.1134,1
0.6155,0.6155,1.8466,0,0,0,0,0.6155,0.6155,0.6155,1.8466,0.6155,1.231,0.6155,0,0,1.231,1.231,0,0.6155,0,0,0.0001,0,0,0,0,0,0,0,0.0001,0,0.0001,0,0,0,0.0001,0.0001,0,0,0.1814,0.203,0.1814,0.203,1
0,0,0.6139,0.6139,2.4556,0,0.6139,0,0.6139,0,0,1.8417,1.8417,0,0.6139,0.6139,0,0.6139,0,0,0,0,0.0001,0.0001,0.0003,0,0.0001,0,0.0001,0,0,0.0002,0.0002,0,0.0001,0.0001,0,0.0001,0,0,0.2364,0.1497,0.2364,0.1497,1
0,0.6376,1.9128,0,0,0.6376,0.6376,0.6376,0.6376,0.6376,0.6376,0,0.6376,0,0.6376,0.6376,1.2752,1.2752,0,0,0,0.0001,0.0002,0,0,0.0001,0.0001,0.0001,0.0001,0.0001,0.0001,0,0.0001,0,0.0001,0.0001,0.0001,0.0001,0,0,0.2379,0.1245,0.2379,0.1245,1
0,0.5948,0.5948,0.5948,0,1.1896,1.1896,1.1896,0.5948,0,0,0.5948,1.7844,0,0.5948,0,1.1896,1.7844,0,0,0,0,0,0,0,0.0001,0.0001,0.0001,0,0,0,0,0.0001,0,0,0,0.0001,0.0001,0,0,0.2373,0.1679,0.2373,0.1679,1
1.4771,0,0,0,2.2157,0,0.7386,0,1.4771,0,0.7386,0,0.7386,0,0.7386,0,0.7386,1.4771,0.7386,0,0.0002,0,0,0,0.0003,0,0.0001,0,0.0002,0,0.0001,0,0.0001,0,0.0001,0,0.0001,0.0002,0.0001,0,0.1518,0.1097,0.1518,0.1097,1
0,0,0,0,0,0,0,2.1098,0.7033,1.4065,0.7033,1.4065,0,0,0.7033,0,0,0,0,1.4065,0,0,0,0,0,0,0,0.0003,0.0001,0.0002,0.0001,0.0002,0,0,0.0001,0,0,0,0,0.0002,0.1497,0.1471,0.1497,0.1471,1
1.0812,0.5406,1.6218,0.5406,0.5406,0,0,0.5406,0.5406,1.0812,0,0,0,0,0.5406,0.5406,0,0.5406,1.6218,0,0.0001,0,0.0001,0,0,0,0,0,0,0.0001,0,0,0,0,0,0,0,0,0.0001,0,0.2803,0.1791,0.2803,0.1791,1
1.2527,0,1.2527,1.6702,0,0.4176,0,0.8351,1.2527,2.0878,0.4176,1.2527,0,0.4176,0.4176,0,0.4176,0.8351,0,0,0.0001,0,0.0001,0.0001,0,0,0,0.0001,0.0001,0.0001,0,0.0001,0,0,0,0,0,0.0001,0,0,0.2635,0.3189,0.2635,0.3189,1
0.6937,0,0,0,0.6937,3.4685,0,0.6937,0.6937,0,0.6937,0,0.6937,0,1.3874,0,2.0811,0,0,1.3874,0.0001,0,0,0,0.0001,0.0004,0,0.0001,0.0001,0,0.0001,0,0.0001,0,0.0002,0,0.0002,0,0,0.0002,0.1493,0.157,0.1493,0.157,1
0.7145,0,0.7145,0,0.7145,0,0,0,0.7145,2.8579,0,2.1434,1.429,1.429,0,0.7145,1.429,1.429,0,0,0.0001,0,0.0001,0,0.0001,0,0,0,0.0001,0.0004,0,0.0003,0.0002,0.0002,0,0.0001,0.0002,0.0002,0,0,0.1552,0.1303,0.1552,0.1303,1
2.2184,0.5546,0,0,0.5546,0.5546,0.5546,0,0.5546,3.3277,0.5546,0,3.8823,1.1092,1.1092,0.5546,0.5546,0,0.5546,0,0.0002,0,0,0,0,0,0,0,0,0.0003,0,0,0.0003,0.0001,0.0001,0,0,0,0,0,0.2147,0.2307,0.2147,0.2307,1
0,2.9287,2.1965,0,0.7322,0,0,0,0,0.7322,0.7322,0,0,0,0,1.4644,4.3931,1.4644,0,0,0,0.0002,0.0001,0,0,0,0,0,0,0,0,0,0,0,0,0.0001,0.0002,0.0001,0,0,0.1347,0.1332,0.1347,0.1332,1
1.1736,0,1.1736,1.1736,0.5868,1.7604,0,0.5868,0,1.1736,0,0.5868,0,0.5868,0.5868,1.1736,0,1.1736,0,0,0.0001,0,0.0001,0.0001,0,0.0001,0,0,0,0.0001,0,0,0,0,0,0.0001,0,0.0001,0,0,0.2282,0.185,0.2282,0.185,1
1.1809,0,0,0,2.3618,0.5904,0.5904,1.1809,0,1.7713,0,1.1809,0.5904,0,1.1809,0,0.5904,0.5904,0,0,0.0001,0,0,0,0.0002,0.0001,0.0001,0.0001,0,0.0002,0,0.0001,0.0001,0,0.0001,0,0.0001,0.0001,0,0,0.2249,0.1847,0.2249,0.1847,1
0.564,1.692,0.564,1.128,1.128,1.692,0,0.564,0,0.564,1.128,0.564,0,0,0,0.564,0,1.128,1.128,0,0,0.0001,0,0,0,0.0001,0,0,0,0,0,0,0,0,0,0,0,0,0,0,0.2087,0.2273,0.2087,0.2273,1
0,0.5528,0,1.1057,0.5528,0.5528,1.1057,0.5528,0.5528,0,0.5528,0,1.6585,0.5528,0.5528,0.5528,1.1057,0,0.5528,0.5528,0,0,0,0.0001,0,0,0.0001,0,0,0,0,0,0.0001,0,0,0,0.0001,0,0,0,0.2386,0.2086,0.2386,0.2086,1
0,3.5089,0.5848,0.5848,0,1.1696,0.5848,0.5848,1.1696,0,2.3393,0.5848,1.1696,0,0,1.7544,0,2.3393,0,1.1696,0,0.0001,0,0,0,0,0,0,0,0,0.0001,0,0,0,0,0.0001,0,0.0001,0,0,0.198,0.2172,0.198,0.2172,1
0,0,0,0,2.1724,1.4483,0,0.7241,0.7241,2.1724,0,0.7241,0,0,0,0.7241,0,0.7241,0,0,0,0,0,0,0.0002,0.0001,0,0.0001,0.0001,0.0002,0,0.0001,0,0,0,0.0001,0,0.0001,0,0,0.1151,0.1608,0.1151,0.1608,1
1.0397,2.5993,0.5199,0,0.5199,1.0397,0.5199,1.0397,0.5199,0.5199,0.5199,0.5199,0,0,1.0397,1.0397,0,1.0397,0.5199,0,0.0001,0.0001,0,0,0,0.0001,0,0.0001,0,0,0,0,0,0,0.0001,0.0001,0,0.0001,0,0,0.2358,0.2444,0.2358,0.2444,1
0,0,0.7567,0.7567,0,0.7567,0,0,0.7567,1.5133,0.7567,0.7567,0.7567,0,0,0,0,1.5133,0.7567,0.7567,0,0,0.0001,0.0001,0,0.0001,0,0,0.0001,0.0003,0.0001,0.0001,0.0001,0,0,0,0,0.0003,0.0001,0.0001,0.1034,0.1399,0.1034,0.1399,1
0.5902,0.5902,1.1804,0,0.5902,0,0,0.5902,0.5902,1.1804,0,0,0,0,0.5902,1.1804,1.1804,0.5902,1.7706,0,0,0,0.0001,0,0,0,0,0,0,0.0001,0,0,0,0,0,0.0001,0.0001,0,0.0001,0,0.2289,0.1809,0.2289,0.1809,1
0,0.5786,1.1573,0.5786,0.5786,0,0.5786,1.1573,0,1.7359,0,1.1573,0,0,1.1573,0.5786,0.5786,0.5786,1.7359,0,0,0,0.0001,0,0,0,0,0.0001,0,0.0001,0,0.0001,0,0,0.0001,0,0,0,0.0001,0,0.2054,0.216,0.2054,0.216,1
0.5417,0,0.5417,0,2.1669,1.6252,0.5417,1.0834,1.0834,0,0,1.6252,0,0,0.5417,0.5417,0.5417,2.1669,0.5417,0,0,0,0,0,0.0002,0.0001,0,0.0001,0.0001,0,0,0.0001,0,0,0,0,0,0.0002,0,0,0.2275,0.2308,0.2275,0.2308,1
0.7148,2.1443,0,0.7148,2.1443,0,0,1.4295,0.7148,0.7148,0,0.7148,2.8591,0,0,0.7148,0,1.4295,0,0,0,0.0001,0,0,0.0001,0,0,0.0001,0,0,0,0,0.0001,0,0,0,0,0.0001,0,0,0.159,0.1263,0.159,0.1263,1
5.6325,0,0,0,0,0,0,0,1.6093,4.0232,0,0,1.6093,0,1.6093,0,0,1.6093,0,0,0.0008,0,0,0,0,0,0,0,0.0002,0.0006,0,0,0.0002,0,0.0002,0,0,0.0002,0,0,0.0866,0.1088,0.0866,0.1088,1
1.0813,0.5407,1.0813,0,0.5407,1.622,0.5407,0.5407,0,0.5407,1.0813,1.622,0.5407,0.5407,0.5407,0.5407,2.7033,0,0.5407,0.5407,0.0001,0,0.0001,0,0,0.0001,0,0,0,0,0.0001,0.0001,0,0,0,0,0.0002,0,0,0,0.2375,0.2218,0.2375,0.2218,1
0.8957,0.4479,0.8957,0,0.4479,0.4479,0.8957,0.4479,1.7915,1.7915,0,0,0.4479,0,0.4479,0.8957,0.4479,2.2394,0.4479,0,0.0001,0,0.0001,0,0,0,0.0001,0,0.0001,0.0001,0,0,0,0,0,0.0001,0,0.0001,0,0,0.2785,0.2737,0.2785,0.2737,1
2.0866,0,2.7821,0.6955,0,0,0,0,0,0.6955,0.6955,0,0,0,0,0,0.6955,2.0866,0,0.6955,0.0002,0,0.0003,0.0001,0,0,0,0,0,0.0001,0.0001,0,0,0,0,0,0.0001,0.0002,0,0.0001,0.1722,0.1323,0.1722,0.1323,1
0,0,0.6485,0,0.6485,1.2969,0.6485,0,1.2969,0.6485,0,0,0.6485,0,0,0,0.6485,0.6485,0.6485,0,0,0,0.0001,0,0.0001,0.0001,0.0001,0,0.0001,0.0001,0,0,0.0001,0,0,0,0.0001,0.0001,0.0001,0,0.2002,0.1514,0.2002,0.1514,1
0.6818,0.6818,1.3636,0,0.6818,0,0,0,1.3636,1.3636,0,0,0,0,0,2.0455,2.0455,0.6818,0,0.6818,0.0001,0.0001,0.0001,0,0.0001,0,0,0,0.0001,0.0001,0,0,0,0,0,0.0002,0.0002,0.0001,0,0.0001,0.1233,0.1949,0.1233,0.1949,1
1.1002,0,0.5501,0.5501,1.6504,0.5501,0.5501,1.1002,2.2005,1.1002,0,2.2005,0,0,0.5501,0,0,0.5501,0,0,0.0001,0,0,0,0.0001,0,0,0.0001,0.0002,0.0001,0,0.0002,0,0,0,0,0,0,0,0,0.1965,0.2534,0.1965,0.2534,1
2.2834,1.1417,0,0,0,0,0,0,0,0.5708,0.5708,0,0,0.5708,2.2834,0.5708,0,1.1417,1.1417,0,0.0002,0.0001,0,0,0,0,0,0,0,0,0,0,0,0,0.0002,0,0,0.0001,0.0001,0,0.2762,0.1529,0.2762,0.1529,1
0,0,0.5058,0.5058,0.5058,1.0117,0.5058,0.5058,0.5058,0,1.0117,0.5058,1.0117,0,2.0234,0,0.5058,0.5058,0,1.0117,0,0,0.0001,0.0001,0.0001,0.0001,0.0001,0.0001,0.0001,0,0.0001,0.0001,0.0001,0,0.0002,0,0.0001,0.0001,0,0.0001,0.2717,0.2224,0.2717,0.2224,1
0.6395,0.6395,1.2791,0,0,0.6395,0,1.9186,0,0.6395,1.9186,0.6395,0,0,0.6395,0.6395,1.9186,1.9186,0,0.6395,0,0,0.0001,0,0,0,0,0.0001,0,0,0.0001,0,0,0,0,0,0.0001,0.0001,0,0,0.1555,0.205,0.1555,0.205,1
1.5423,0,0,0,0,0.7712,0,0,2.3135,0.7712,0,0,0,0,0,0,0.7712,2.3135,0,1.5423,0.0003,0,0,0,0,0.0002,0,0,0.0005,0.0002,0,0,0,0,0,0,0.0002,0.0005,0,0.0003,0.121,0.1079,0.121,0.1079,1
0,0,0.8559,2.1397,0,0,0,0.4279,2.9956,0.4279,0.8559,0,0,0.4279,0,0.4279,1.7117,0.8559,0.8559,0.4279,0,0,0.0001,0.0002,0,0,0,0,0.0003,0,0.0001,0,0,0,0,0,0.0001,0.0001,0.0001,0,0.2492,0.3228,0.2492,0.3228,1
0,0.8423,0.8423,0,0.8423,0,0,2.5269,0,0.8423,0,0,0.8423,0,0,0.8423,0.8423,0,0,0,0,0.0001,0.0001,0,0.0001,0,0,0.0003,0,0.0001,0,0,0.0001,0,0,0.0001,0.0001,0,0,0,0.0916,0.0661,0.0916,0.0661,1
4.1539,0,0,0,2.0769,0,0.6923,0,0.6923,2.0769,0.6923,0.6923,0,0,0,0.6923,0.6923,2.0769,0,0,0.0005,0,0,0,0.0002,0,0.0001,0,0.0001,0.0002,0.0001,0.0001,0,0,0,0.0001,0.0001,0.0002,0,0,0.1614,0.1463,0.1614,0.1463,1
0,0,0,0,3.4798,0,0,0,3.4798,3.4798,0,0,0.8699,0,0,0,0,0,0,0,0,0,0,0,0.001,0,0,0,0.001,0.001,0,0,0.0003,0,0,0,0,0,0,0,0.0495,0.0806,0.0495,0.0806,1
2.7186,0.5437,0.5437,1.0874,0.5437,0,0.5437,0,0,1.0874,0,0,0,0,1.6312,0,1.0874,0,0,0,0.0003,0.0001,0.0001,0.0001,0.0001,0,0.0001,0,0,0.0001,0,0,0,0,0.0002,0,0.0001,0,0,0,0.1959,0.2604,0.1959,0.2604,1
0,0,0,0,0.6229,0,0.6229,1.8687,0.6229,0.6229,1.2458,0,1.8687,0,0.6229,0.6229,1.8687,0.6229,1.2458,0.6229,0,0,0,0,0.0001,0,0.0001,0.0002,0.0001,0.0001,0.0001,0,0.0002,0,0.0001,0.0001,0.0002,0.0001,0.0001,0.0001,0.1629,0.2142,0.1629,0.2142,1
1.5345,0,0.5115,0,0.5115,0.5115,2.046,1.5345,1.023,0,1.023,0.5115,1.023,0,1.023,0,1.023,0.5115,0.5115,1.023,0.0001,0,0,0,0,0,0.0002,0.0001,0.0001,0,0.0001,0,0.0001,0,0.0001,0,0.0001,0,0,0.0001,0.2114,0.2771,0.2114,0.2771,1
0,0.6639,0,0,0,0.6639,0,0,1.3279,0,0,0.6639,0,0,4.6476,0,0.6639,0,0,0.6639,0,0.0001,0,0,0,0.0001,0,0,0.0002,0,0,0.0001,0,0,0.0006,0,0.0001,0,0,0.0001,0.1841,0.152,0.1841,0.152,1
1.1479,0.574,1.7219,0,1.7219,0.574,0.574,0.574,1.1479,0.574,1.1479,1.1479,0.574,0,0,1.7219,1.1479,1.7219,0,0,0.0001,0,0.0001,0,0.0001,0,0,0,0.0001,0,0.0001,0.0001,0,0,0,0.0001,0.0001,0.0001,0,0,0.2361,0.19,0.2361,0.19,1
1.918,0.6393,0,0,0.6393,0,1.2786,0,0.6393,0.6393,1.918,0.6393,0,0.6393,3.1966,0,1.918,3.1966,0,0.6393,0.0002,0.0001,0,0,0.0001,0,0.0001,0,0.0001,0.0001,0.0002,0.0001,0,0.0001,0.0003,0,0.0002,0.0003,0,0.0001,0.1927,0.168,0.1927,0.168,1
0,1.4134,0,0,0,0.7067,0.7067,0,0,1.4134,0.7067,0,0,0,3.5336,0,0.7067,1.4134,0,0.7067,0,0.0001,0,0,0,0.0001,0.0001,0,0,0.0001,0.0001,0,0,0,0.0003,0,0.0001,0.0001,0,0.0001,0.1198,0.1734,0.1198,0.1734,1
0.829,0,0,0,0,0.829,0,0,3.3158,0.829,0,0,0,0,0,0,0.829,3.3158,0,0.829,0.0002,0,0,0,0,0.0002,0,0,0.0008,0.0002,0,0,0,0,0,0,0.0002,0.0008,0,0.0002,0.06,0.1111,0.06,0.1111,1
1.3767,0,0,1.3767,0.6883,3.4417,0,0.6883,0.6883,0.6883,0.6883,0.6883,0,0,0,0.6883,1.3767,0,0,0,0.0001,0,0,0.0001,0.0001,0.0003,0,0.0001,0.0001,0.0001,0.0001,0.0001,0,0,0,0.0001,0.0001,0,0,0,0.1495,0.1622,0.1495,0.1622,1
2.1934,0,0.5484,0,0.5484,1.0967,0,0,1.0967,1.6451,0.5484,0,0,0,1.0967,0,0,0,1.0967,0,0.0002,0,0,0,0,0.0001,0,0,0.0001,0.0001,0,0,0,0,0.0001,0,0,0,0.0001,0,0.2614,0.1902,0.2614,0.1902,1
1.0438,0,0.5219,1.0438,1.5656,0.5219,0.5219,0.5219,1.0438,0.5219,0,0.5219,2.6094,0,0.5219,0,2.0875,1.5656,0,0,0.0001,0,0,0.0001,0.0001,0,0,0,0.0001,0,0,0,0.0002,0,0,0,0.0002,0.0001,0,0,0.2463,0.2318,0.2463,0.2318,1
2.0159,0,0,0,2.0159,0.672,0,0,1.3439,3.3598,0,0.672,0.672,0,0,0.672,0,0,0,0,0.0002,0,0,0,0.0002,0.0001,0,0,0.0001,0.0003,0,0.0001,0.0001,0,0,0.0001,0,0,0,0,0.1451,0.1829,0.1451,0.1829,1
1.553,0,0,0.7765,0,0.7765,0,0,3.106,1.553,0,0,0,0,0,0,0.7765,1.553,0,0,0.0003,0,0,0.0002,0,0.0002,0,0,0.0006,0.0003,0,0,0,0,0,0,0.0002,0.0003,0,0,0.0928,0.1307,0.0928,0.1307,1
1.4234,2.135,0,0,0.7117,1.4234,0.7117,1.4234,0,0.7117,0,0,0.7117,1.4234,0,0.7117,1.4234,0.7117,0,1.4234,0.0001,0.0001,0,0,0,0.0001,0,0.0001,0,0,0,0,0,0.0001,0,0,0.0001,0,0,0.0001,0.1441,0.1443,0.1441,0.1443,1
0,0.6051,1.2103,0.6051,0,0.6051,0.6051,1.8154,1.2103,0,1.8154,0.6051,1.2103,0,0,1.2103,0.6051,0.6051,0,0,0,0.0001,0.0001,0.0001,0,0.0001,0.0001,0.0002,0.0001,0,0.0002,0.0001,0.0001,0,0,0.0001,0.0001,0.0001,0,0,0.2325,0.1624,0.2325,0.1624,1
1.8383,0.6128,0.6128,1.2255,0,3.0638,0,1.2255,0,0.6128,0.6128,0.6128,0,0,1.2255,0.6128,1.2255,1.8383,0,0,0.0001,0,0,0.0001,0,0.0002,0,0.0001,0,0,0,0,0,0,0.0001,0,0.0001,0.0001,0,0,0.1803,0.207,0.1803,0.207,1
0,0,1.3189,1.3189,0.4396,0,0.4396,1.3189,2.1982,0.8793,0.4396,0.8793,0,1.3189,0,0.4396,0.4396,0.4396,0.8793,0.4396,0,0,0.0001,0.0001,0,0,0,0.0001,0.0002,0.0001,0,0.0001,0,0.0001,0,0,0,0,0.0001,0,0.2665,0.2939,0.2665,0.2939,1
1.2687,0.6344,0.6344,0,0.6344,0,0,0.6344,1.2687,0.6344,0,0.6344,0.6344,0.6344,1.2687,0.6344,0,0,0,0,0.0001,0.0001,0.0001,0,0.0001,0,0,0.0001,0.0001,0.0001,0,0.0001,0.0001,0.0001,0.0001,0.0001,0,0,0,0,0.1787,0.1869,0.1787,0.1869,1
1.4458,0,0.7229,0,1.4458,0.7229,0,0,0,0,0,0,0,0,0.7229,0,3.6145,0,0,0,0.0003,0,0.0001,0,0.0003,0.0001,0,0,0,0,0,0,0,0,0.0001,0,0.0007,0,0,0,0.1458,0.1313,0.1458,0.1313,1
0.7414,0,0.7414,0,0.7414,0,0,0.7414,0.7414,2.2241,0,0.7414,1.4827,0,0,0,0.7414,1.4827,0,0.7414,0.0001,0,0.0001,0,0.0001,0,0,0.0001,0.0001,0.0003,0,0.0001,0.0002,0,0,0,0.0001,0.0002,0,0.0001,0.1438,0.1148,0.1438,0.1148,1
2.3895,0,0.7965,0,0,1.593,0.7965,0,0,0,0,0,6.3721,0,0,0.7965,0,0.7965,0,0,0.0005,0,0.0002,0,0,0.0003,0.0002,0,0,0,0,0,0.0013,0,0,0.0002,0,0.0002,0,0,0.1032,0.1003,0.1032,0.1003,1
2.0924,0.6975,0.6975,0.6975,0,0,0,0,0.6975,2.7899,0,0,0.6975,0,0,0,0,0,0.6975,0,0.0002,0.0001,0.0001,0.0001,0,0,0,0,0.0001,0.0002,0,0,0.0001,0,0,0,0,0,0.0001,0,0.1508,0.1517,0.1508,0.1517,1
0.6869,0.6869,1.3738,0,0,2.7475,0,1.3738,0,0,0,0.6869,1.3738,0,0.6869,0,3.4344,0.6869,0.6869,0,0.0001,0.0001,0.0001,0,0,0.0002,0,0.0001,0,0,0,0.0001,0.0001,0,0.0001,0,0.0003,0.0001,0.0001,0,0.1624,0.1507,0.1624,0.1507,1
0.6228,0.6228,0,1.2456,0,0.6228,0,1.2456,0,0,0,1.8684,0.6228,0.6228,0.6228,1.2456,2.4912,1.2456,0.6228,0.6228,0,0,0,0.0001,0,0,0,0.0001,0,0,0,0.0001,0,0,0,0.0001,0.0002,0.0001,0,0,0.1773,0.1999,0.1773,0.1999,1
1.3952,1.3952,1.3952,0.6976,1.3952,0,0,1.3952,0.6976,0.6976,0.6976,0,2.0927,0,0,0.6976,0,1.3952,0,0,0.0001,0.0001,0.0001,0,0.0001,0,0,0.0001,0,0,0,0,0.0001,0,0,0,0,0.0001,0,0,0.1489,0.1535,0.1489,0.1535,1
0.6297,0.6297,0.6297,0,0.6297,0.6297,0.6297,0,0,0.6297,0,1.8892,0,0,1.2595,0,0.6297,1.2595,0,0,0.0001,0.0001,0.0001,0,0.0001,0.0001,0.0001,0,0,0.0001,0,0.0002,0,0,0.0001,0,0.0001,0.0001,0,0,0.2302,0.1401,0.2302,0.1401,1
0.575,0,0,1.15,2.2999,0,0,0,1.15,0.575,0.575,2.2999,2.2999,0,0.575,0,0,0,0,0,0.0001,0,0,0.0001,0.0002,0,0,0,0.0001,0.0001,0.0001,0.0002,0.0002,0,0.0001,0,0,0,0,0,0.2321,0.193,0.2321,0.193,1
2.0776,0.6925,0.6925,0,0.6925,0.6925,0.6925,0,0.6925,1.385,1.385,1.385,0,0,0,0,0,0,0,0.6925,0.0001,0,0,0,0,0,0,0,0,0.0001,0.0001,0.0001,0,0,0,0,0,0,0,0,0.165,0.1425,0.165,0.1425,1
0.6538,0,0,0,0.6538,1.9613,0.6538,0.6538,0,1.3075,0,1.9613,0.6538,0,0,1.3075,1.3075,0,1.3075,0.6538,0,0,0,0,0,0.0001,0,0,0,0.0001,0,0.0001,0,0,0,0.0001,0.0001,0,0.0001,0,0.2229,0.1233,0.2229,0.1233,1
1.7532,0,0,0,1.1688,1.1688,0,0,1.1688,2.9221,0,0,0,0,1.1688,0.5844,0,0,0,0,0.0002,0,0,0,0.0001,0.0001,0,0,0.0001,0.0003,0,0,0,0,0.0001,0.0001,0,0,0,0,0.1872,0.2284,0.1872,0.2284,1
2.1509,0.717,0,0.717,0.717,0.717,0,0.717,0.717,0,0,0,0,0,0,0,0,0,1.4339,0,0.0002,0.0001,0,0.0001,0.0001,0.0001,0,0.0001,0.0001,0,0,0,0,0,0,0,0,0,0.0001,0,0.1554,0.1277,0.1554,0.1277,1
4.1477,0,0,0,0,0,0,0,1.6591,2.4886,0.8295,0,0.8295,0,1.6591,0,0,1.6591,0,0,0.0008,0,0,0,0,0,0,0,0.0003,0.0005,0.0002,0,0.0002,0,0.0003,0,0,0.0003,0,0,0.0637,0.1067,0.0637,0.1067,1
0,0,1.7213,0,0.4303,0.4303,0.4303,1.7213,1.7213,0.4303,1.291,1.7213,0,0.4303,0,0,0.8606,1.291,0,0.4303,0,0,0.0001,0,0,0,0,0.0001,0.0001,0,0.0001,0.0001,0,0,0,0,0.0001,0.0001,0,0,0.2673,0.3024,0.2673,0.3024,1
0.6433,0.6433,0.6433,0.6433,2.5732,0.6433,0,1.2866,0.6433,1.2866,0,0,2.5732,0,0,0.6433,0,0.6433,0,0,0,0,0,0,0.0002,0,0,0.0001,0,0.0001,0,0,0.0002,0,0,0,0,0,0,0,0.1908,0.1658,0.1908,0.1658,1
0.6391,0,0.6391,0,0.6391,1.9173,0.6391,1.2782,0.6391,0.6391,0.6391,0,1.2782,0,1.2782,0,1.2782,1.9173,0.6391,0,0.0001,0,0.0001,0,0.0001,0.0002,0.0001,0.0001,0.0001,0.0001,0.0001,0,0.0001,0,0.0001,0,0.0001,0.0002,0.0001,0,0.1815,0.1794,0.1815,0.1794,1
0.6422,1.2845,1.2845,0.6422,0.6422,0,0,0.6422,0.6422,1.9267,0,0.6422,2.569,0,0,0.6422,0,0,1.2845,0,0,0.0001,0.0001,0,0,0,0,0,0,0.0001,0,0,0.0002,0,0,0,0,0,0.0001,0,0.1576,0.2002,0.1576,0.2002,1
0,0.5671,0,0,0,1.7012,1.7012,0.5671,0,1.7012,0.5671,1.1341,2.2683,0,0.5671,0.5671,2.8353,1.1341,0.5671,0.5671,0,0,0,0,0,0.0001,0.0001,0,0,0.0001,0,0.0001,0.0002,0,0,0,0.0002,0.0001,0,0,0.2299,0.2031,0.2299,0.2031,1
0,0.518,1.554,0.518,0.518,0,0,0.518,0.518,1.036,0,0.518,0,0,0.518,1.036,0,1.036,1.554,0,0,0,0.0001,0,0,0,0,0,0,0.0001,0,0,0,0,0,0.0001,0,0.0001,0.0001,0,0.2455,0.2365,0.2455,0.2365,1
0,0.6955,1.3911,0.6955,0.6955,0,0,0.6955,0,2.0866,0.6955,0.6955,0.6955,0,0,2.0866,0,0,0,0,0,0.0001,0.0001,0.0001,0.0001,0,0,0.0001,0,0.0002,0.0001,0.0001,0.0001,0,0,0.0002,0,0,0,0,0.1711,0.1333,0.1711,0.1333,1
0.5411,0,0,0.5411,1.0823,0,1.0823,0,1.0823,0,0,2.1646,1.6234,0,1.0823,0,0.5411,0,0.5411,0.5411,0.0001,0,0,0.0001,0.0001,0,0.0001,0,0.0001,0,0,0.0003,0.0002,0,0.0001,0,0.0001,0,0.0001,0.0001,0.2832,0.1757,0.2832,0.1757,1
0,1.4252,2.1379,0.7126,0,0,0,0,0.7126,1.4252,0,0.7126,0.7126,0,0.7126,0,0.7126,0,0.7126,0,0,0.0001,0.0001,0,0,0,0,0,0,0.0001,0,0,0,0,0,0,0,0,0,0,0.1675,0.1198,0.1675,0.1198,1
1.3933,2.7865,0.6966,0,0,0,0.6966,0.6966,0,0,2.0899,1.3933,0.6966,0.6966,0,0,2.0899,0,0.6966,0,0.0001,0.0001,0,0,0,0,0,0,0,0,0.0001,0.0001,0,0,0,0,0.0001,0,0,0,0.1558,0.1475,0.1558,0.1475,1
1.5984,0,0,0.5328,0,1.0656,1.0656,0,2.1312,0,0.5328,0,0.5328,0,2.6641,0,0,0.5328,0.5328,1.0656,0.0002,0,0,0.0001,0,0.0002,0.0002,0,0.0003,0,0.0001,0,0.0001,0,0.0004,0,0,0.0001,0.0001,0.0002,0.2199,0.2472,0.2199,0.2472,1
0,0,1.4948,0,0.7474,0,0,1.4948,0,0.7474,2.2423,0,0.7474,0,0,1.4948,0.7474,0,0,0,0,0,0.0002,0,0.0001,0,0,0.0002,0,0.0001,0.0003,0,0.0001,0,0,0.0002,0.0001,0,0,0,0.1383,0.1143,0.1383,0.1143,1
0.4386,0,0.4386,1.7546,0.4386,0.4386,1.3159,0,3.5092,0.4386,0.8773,0.4386,0,0,0.4386,0.8773,0.4386,0.8773,0,0.4386,0,0,0,0.0002,0,0,0.0001,0,0.0004,0,0.0001,0,0,0,0,0.0001,0,0.0001,0,0,0.2788,0.2825,0.2788,0.2825,1
0,0,0.7252,0,0,0,0,0.7252,0.7252,2.1755,0,0.7252,0,0,0,0.7252,0.7252,0.7252,0.7252,0,0,0,0.0001,0,0,0,0,0.0001,0.0001,0.0002,0,0.0001,0,0,0,0.0001,0.0001,0.0001,0.0001,0,0.1653,0.1096,0.1653,0.1096,1
1.1804,1.7706,0,0,1.1804,2.3608,0,0,1.1804,0,0,0,0,0,1.1804,0.5902,1.7706,0.5902,0.5902,0,0.0001,0.0001,0,0,0.0001,0.0001,0,0,0.0001,0,0,0,0,0,0.0001,0,0.0001,0,0,0,0.1931,0.2167,0.1931,0.2167,1
0.4861,0,0.4861,0,0.9722,0.4861,0.9722,0.4861,1.4582,0.4861,2.9165,0,0.4861,0,2.4304,0,0.4861,0.4861,0.4861,0.4861,0.0001,0,0.0001,0,0.0001,0.0001,0.0001,0.0001,0.0002,0.0001,0.0004,0,0.0001,0,0.0003,0,0.0001,0.0001,0.0001,0.0001,0.2118,0.3021,0.2118,0.3021,1
0,0,1.1372,0,0,1.1372,1.1372,0.5686,1.1372,0.5686,0,0,1.7059,0,3.4117,1.1372,1.1372,2.2745,0.5686,0,0,0,0.0001,0,0,0.0001,0.0001,0.0001,0.0001,0.0001,0,0,0.0002,0,0.0003,0.0001,0.0001,0.0002,0.0001,0,0.2332,0.1982,0.2332,0.1982,1
1.118,0,0,0,0.559,1.677,0,1.118,1.677,0,0.559,1.677,0.559,0,1.118,0.559,1.118,1.118,0,0.559,0.0001,0,0,0,0,0.0001,0,0.0001,0.0001,0,0,0.0001,0,0,0.0001,0,0.0001,0.0001,0,0,0.2163,0.2247,0.2163,0.2247,1
0.567,0,1.1341,0.567,0,0.567,0.567,0,1.7011,0,0.567,1.7011,0.567,0,1.1341,0.567,0.567,0.567,0.567,0,0.0001,0,0.0001,0.0001,0,0.0001,0.0001,0,0.0002,0,0.0001,0.0002,0.0001,0,0.0001,0.0001,0.0001,0.0001,0.0001,0,0.2312,0.2018,0.2312,0.2018,1
0,0.4822,0.4822,0.9644,0.4822,0.4822,0.4822,0.9644,0,1.4467,0.4822,0,0.9644,0,1.4467,1.4467,0,0.9644,2.4111,0,0,0,0,0.0001,0,0,0,0.0001,0,0.0001,0,0,0.0001,0,0.0001,0.0001,0,0.0001,0.0002,0,0.2222,0.2956,0.2222,0.2956,1
1.2968,0,0,1.2968,2.5936,0,0,1.2968,0.6484,0.6484,0.6484,0.6484,2.5936,0,0,0.6484,0,0.6484,0,0,0.0001,0,0,0.0001,0.0002,0,0,0.0001,0.0001,0.0001,0.0001,0.0001,0.0002,0,0,0.0001,0,0.0001,0,0,0.2038,0.1478,0.2038,0.1478,1
0.6202,0,0.6202,0.6202,1.2403,1.2403,0,0.6202,0,0.6202,0.6202,1.8605,4.3411,0,0.6202,0.6202,1.2403,0.6202,0,0,0,0,0,0,0.0001,0.0001,0,0,0,0,0,0.0001,0.0003,0,0,0,0.0001,0,0,0,0.1936,0.1862,0.1936,0.1862,1
0.7041,2.1124,0.7041,0,0,0.7041,0.7041,0,2.1124,0,0.7041,0.7041,0,0,0,0,1.4082,0,0,0.7041,0.0001,0.0002,0.0001,0,0,0.0001,0.0001,0,0.0002,0,0.0001,0.0001,0,0,0,0,0.0001,0,0,0.0001,0.1618,0.1341,0.1618,0.1341,1
3.7647,1.5059,0,1.5059,0,1.5059,0,0.7529,0,1.5059,0.7529,0,0.7529,0,0,0.7529,0.7529,0,0,0,0.0002,0.0001,0,0.0001,0,0.0001,0,0,0,0.0001,0,0,0,0,0,0,0,0,0,0,0.1058,0.1412,0.1058,0.1412,1
0.888,0.444,1.3321,0,0.888,0,0.444,0,2.2201,0.888,1.7761,0,0,0,1.7761,0,0.444,0,0,0,0.0001,0,0.0001,0,0.0001,0,0,0,0.0002,0.0001,0.0001,0,0,0,0.0001,0,0,0,0,0,0.2221,0.3338,0.2221,0.3338,1
0.5598,1.6793,0,0.5598,0.5598,1.6793,0.5598,0.5598,0.5598,2.2391,0,0.5598,0.5598,0,0.5598,1.1196,0,1.6793,0.5598,0,0,0.0001,0,0,0,0.0001,0,0,0,0.0001,0,0,0,0,0,0.0001,0,0.0001,0,0,0.2012,0.239,0.2012,0.239,1
0,2.3816,0,0,1.1908,0.5954,0,0.5954,0.5954,0,0.5954,0,0,0.5954,2.3816,0,0,0.5954,0.5954,0.5954,0,0.0001,0,0,0.0001,0,0,0,0,0,0,0,0,0,0.0001,0,0,0,0,0,0.2263,0.1783,0.2263,0.1783,1
0.5333,0.5333,0,0,0.5333,0.5333,0,0,0.5333,1.5998,0,0,0.5333,0,2.1331,0,1.0665,0.5333,0.5333,0.5333,0.0001,0.0001,0,0,0.0001,0.0001,0,0,0.0001,0.0002,0,0,0.0001,0,0.0002,0,0.0001,0.0001,0.0001,0.0001,0.24,0.2268,0.24,0.2268,1
0.5101,0.5101,0.5101,0,0.5101,0.5101,0,0.5101,1.0201,0,0.5101,0,0.5101,0.5101,3.0603,0.5101,1.0201,1.0201,0,1.0201,0,0,0,0,0,0,0,0,0.0001,0,0,0,0,0,0.0003,0,0.0001,0.0001,0,0.0001,0.2571,0.2329,0.2571,0.2329,1
2.2534,0.5634,1.1267,1.6901,0.5634,0,0,1.1267,0.5634,0.5634,0,0.5634,0.5634,0.5634,0.5634,0.5634,1.1267,1.1267,0,0,0.0001,0,0.0001,0.0001,0,0,0,0.0001,0,0,0,0,0,0,0,0,0.0001,0.0001,0,0,0.2897,0.1469,0.2897,0.1469,1
1.2304,1.2304,0.6152,1.2304,0,0,0,0.6152,0.6152,2.4609,0,0,0,0.6152,1.2304,0.6152,0,0,0,0,0.0001,0.0001,0,0.0001,0,0,0,0,0,0.0002,0,0,0,0,0.0001,0,0,0,0,0,0.2378,0.147,0.2378,0.147,1
0,3.6098,0,0,1.2033,2.4066,0,0.6016,1.2033,0,0.6016,1.2033,0.6016,0,0.6016,1.2033,1.8049,1.8049,0,1.2033,0,0.0001,0,0,0,0.0001,0,0,0,0,0,0,0,0,0,0,0.0001,0.0001,0,0,0.2116,0.1868,0.2116,0.1868,1
0.5756,1.7267,0.5756,1.1511,0.5756,1.1511,0,1.7267,0.5756,1.1511,1.1511,1.1511,0,0,0.5756,0,0,2.3022,0,0,0,0.0001,0,0.0001,0,0.0001,0,0.0001,0,0.0001,0.0001,0.0001,0,0,0,0,0,0.0001,0,0,0.2038,0.2206,0.2038,0.2206,1
0.4948,0.4948,0.4948,0,1.4845,0,0.9897,1.4845,1.9794,0.9897,0.4948,0,0,0,0.9897,0.4948,0.9897,1.9794,0,0.4948,0,0,0,0,0.0001,0,0.0001,0.0001,0.0001,0.0001,0,0,0,0,0.0001,0,0.0001,0.0001,0,0,0.2478,0.2574,0.2478,0.2574,1
0.4848,0,0,3.8786,0,0,0,0.4848,3.3938,1.9393,0,0.4848,0,0.9697,0,0,0,0,0,0,0.0001,0,0,0.0005,0,0,0,0.0001,0.0004,0.0002,0,0.0001,0,0.0001,0,0,0,0,0,0,0.2228,0.2924,0.2228,0.2924,1
0,0,0,0.998,2.495,0.998,1.497,0,0,0,0,0,1.497,0,4.491,0.499,1.497,0,0,0,0,0,0,0.0001,0.0002,0.0001,0.0001,0,0,0,0,0,0.0001,0,0.0004,0,0.0001,0,0,0,0.3033,0.1977,0.3033,0.1977,1
4.3202,0,0,0,0,0,0,0,2.1601,3.6001,0,0,1.4401,0,1.4401,0,0,1.4401,0,0,0.0006,0,0,0,0,0,0,0,0.0003,0.0005,0,0,0.0002,0,0.0002,0,0,0.0002,0,0,0.1256,0.1544,0.1256,0.1544,1
0,0,0,0.5904,2.3618,0.5904,0,0,0,2.9522,0,0.5904,0.5904,0,5.314,0,0,0,0.5904,1.1809,0,0,0,0.0001,0.0003,0.0001,0,0,0,0.0003,0,0.0001,0.0001,0,0.0006,0,0,0,0.0001,0.0001,0.1936,0.2159,0.1936,0.2159,1
1.0528,0,0,0,1.5791,1.0528,1.0528,0,0.5264,0,0.5264,0.5264,0.5264,0.5264,1.5791,1.0528,2.6319,1.5791,0,0,0.0001,0,0,0,0.0002,0.0001,0.0001,0,0.0001,0,0.0001,0.0001,0.0001,0.0001,0.0002,0.0001,0.0003,0.0002,0,0,0.2613,0.2123,0.2613,0.2123,1
0,4.6041,0,0,1.151,0.5755,0.5755,0,0,0.5755,1.151,0.5755,0,0,1.7265,0.5755,3.4531,0,0,0,0,0.0002,0,0,0.0001,0,0,0,0,0,0.0001,0,0,0,0.0001,0,0.0002,0,0,0,0.2492,0.1752,0.2492,0.1752,1
0.6487,0.6487,1.9461,0,0.6487,0.6487,0,2.5949,0,0,0.6487,0.6487,1.2974,0,0.6487,1.2974,0.6487,1.9461,0,0,0,0,0.0001,0,0,0,0,0.0002,0,0,0,0,0.0001,0,0,0.0001,0,0.0001,0,0,0.1761,0.1752,0.1761,0.1752,1
1.0793,0,0,0,0,1.0793,0.5397,1.0793,1.619,1.0793,1.0793,0,0,0,1.0793,0,1.0793,0.5397,0.5397,0,0.0001,0,0,0,0,0.0001,0.0001,0.0001,0.0002,0.0001,0.0001,0,0,0,0.0001,0,0.0001,0.0001,0.0001,0,0.1935,0.2668,0.1935,0.2668,1
0,0,0.9499,0.4749,0.9499,0.4749,0,0,1.4248,2.8496,0,0.4749,0.4749,0,1.4248,0,0,0,0,0,0,0,0.0001,0,0.0001,0,0,0,0.0001,0.0002,0,0,0,0,0.0001,0,0,0,0,0,0.2274,0.2976,0.2274,0.2976,1
0.6794,0,0,0,0,2.7175,0,0,0,0,0.6794,0,0.6794,0,1.3587,2.0381,0.6794,0.6794,0,0.6794,0.0001,0,0,0,0,0.0003,0,0,0,0,0.0001,0,0.0001,0,0.0002,0.0002,0.0001,0.0001,0,0.0001,0.1674,0.1533,0.1674,0.1533,1
1.5029,0,1.0019,0,1.0019,1.0019,0.501,0,1.5029,0,1.0019,0.501,0.501,0,0.501,0.501,1.0019,2.5048,0,1.0019,0.0001,0,0.0001,0,0.0001,0.0001,0,0,0.0001,0,0.0001,0,0,0,0,0,0.0001,0.0002,0,0.0001,0.235,0.2641,0.235,0.2641,1
0.5222,0,1.0443,0,0.5222,0.5222,0,1.0443,0,0.5222,0,0.5222,0.5222,1.0443,2.6108,0.5222,2.0886,1.5665,0.5222,1.0443,0,0,0.0001,0,0,0,0,0.0001,0,0,0,0,0,0.0001,0.0002,0,0.0001,0.0001,0,0.0001,0.202,0.2758,0.202,0.2758,1
0.6997,0,0,0,2.0992,1.3994,0,1.3994,0,0.6997,0.6997,0.6997,0,0.6997,0.6997,0,0,2.0992,0,0,0.0001,0,0,0,0.0002,0.0001,0,0.0001,0,0.0001,0.0001,0.0001,0,0.0001,0.0001,0,0,0.0002,0,0,0.157,0.1433,0.157,0.1433,1
0.7498,0,0,0,0,1.4996,0.7498,0,0,1.4996,0,0,0.7498,0,0.7498,1.4996,0,0.7498,0.7498,0,0.0001,0,0,0,0,0.0002,0.0001,0,0,0.0002,0,0,0.0001,0,0.0001,0.0002,0,0.0001,0.0001,0,0.1251,0.1251,0.1251,0.1251,1
1.3244,0,0.8829,2.6488,0,0.4415,0,1.3244,1.7658,1.7658,0.4415,0.8829,0,0,0.4415,0,0,0.4415,0,0,0.0001,0,0.0001,0.0002,0,0,0,0.0001,0.0001,0.0001,0,0.0001,0,0,0,0,0,0,0,0,0.2901,0.2684,0.2901,0.2684,1
0,0.5178,1.0356,1.0356,0,0,0,1.5534,2.0712,0.5178,0.5178,1.0356,0,0.5178,0,0,1.0356,1.5534,1.0356,0,0,0,0.0001,0.0001,0,0,0,0.0001,0.0001,0,0,0.0001,0,0,0,0,0.0001,0.0001,0.0001,0,0.215,0.2672,0.215,0.2672,1
3.268,0.817,0,0.817,0,0,0,1.634,0,0,0.817,0.817,0,0.817,0,0.817,0.817,0.817,0,0,0.0002,0.0001,0,0.0001,0,0,0,0.0001,0,0,0.0001,0.0001,0,0.0001,0,0.0001,0.0001,0.0001,0,0,0.1012,0.0817,0.1012,0.0817,1
1.3834,0,0.6917,0,0.6917,0.6917,0,0.6917,0,0,0.6917,0.6917,0.6917,0,0.6917,2.7668,2.0751,0.6917,0,0.6917,0.0001,0,0.0001,0,0.0001,0.0001,0,0.0001,0,0,0.0001,0.0001,0.0001,0,0.0001,0.0003,0.0002,0.0001,0,0.0001,0.1414,0.1669,0.1414,0.1669,1
0,0,0.5543,1.1085,1.1085,0,0,1.1085,1.6628,2.7713,0,0,0,1.1085,5.5426,0,0,0,0,0,0,0,0.0001,0.0001,0.0001,0,0,0.0001,0.0002,0.0003,0,0,0,0.0001,0.0006,0,0,0,0,0,0.2319,0.2138,0.2319,0.2138,1
1.5565,0,0.5188,0.5188,1.0376,0.5188,0.5188,0,0,2.0753,0,1.5565,0.5188,0.5188,1.0376,1.0376,0,1.0376,1.5565,0.5188,0.0001,0,0,0,0.0001,0,0,0,0,0.0001,0,0.0001,0,0,0.0001,0.0001,0,0.0001,0.0001,0,0.2229,0.2583,0.2229,0.2583,1
3.2479,0,0,0,0,0,0,0.812,3.2479,0.812,0,0.812,0,0,0,0,0.812,2.4359,0,0.812,0.0006,0,0,0,0,0,0,0.0001,0.0006,0.0001,0,0.0001,0,0,0,0,0.0001,0.0004,0,0.0001,0.073,0.115,0.073,0.115,1
0.9101,0,0,0,1.8202,1.3651,0.9101,0,2.2752,0.9101,0.455,0,0,0,0.9101,0,1.8202,0.455,0,0.455,0.0001,0,0,0,0.0002,0.0001,0.0001,0,0.0002,0.0001,0,0,0,0,0.0001,0,0.0002,0,0,0,0.2847,0.2602,0.2847,0.2602,1
0,3.8036,0,0.6339,0,3.1696,0,0,0,0.6339,0,1.2679,1.9018,0,0.6339,0.6339,3.1696,2.5357,0.6339,0,0,0.0001,0,0,0,0.0001,0,0,0,0,0,0,0.0001,0,0,0,0.0001,0.0001,0,0,0.1892,0.1769,0.1892,0.1769,1
2.1553,0,0,0,0,0,0,0,4.3105,0,0,0,0,0,0,0,0.7184,2.1553,0,0.7184,0.0005,0,0,0,0,0,0,0,0.001,0,0,0,0,0,0,0,0.0002,0.0005,0,0.0002,0.1014,0.1802,0.1014,0.1802,1
2.372,0.593,1.186,0,0,0.593,0.593,0,1.186,1.186,1.186,0.593,1.186,1.186,1.186,0,1.186,1.186,0,1.186,0.0002,0,0.0001,0,0,0,0,0,0.0001,0.0001,0.0001,0,0.0001,0.0001,0.0001,0,0.0001,0.0001,0,0.0001,0.2034,0.2036,0.2034,0.2036,1
0,0,0,0,1.3261,0,0.663,1.9891,1.9891,1.3261,0.663,0,0.663,0,1.3261,0,0.663,0.663,0.663,0.663,0,0,0,0,0.0002,0,0.0001,0.0004,0.0004,0.0002,0.0001,0,0.0001,0,0.0002,0,0.0001,0.0001,0.0001,0.0001,0.1651,0.1718,0.1651,0.1718,1
1.7537,0.5846,0,0,0,0,0.5846,0,1.7537,1.1691,0.5846,0,0,0,0.5846,0,1.1691,0.5846,0.5846,0,0.0002,0.0001,0,0,0,0,0.0001,0,0.0002,0.0001,0.0001,0,0,0,0.0001,0,0.0001,0.0001,0.0001,0,0.1814,0.234,0.1814,0.234,1
0,0,0,1.1774,0,1.1774,0.5887,0,1.1774,0.5887,0.5887,0.5887,0,0.5887,1.1774,0,1.1774,0.5887,0,0.5887,0,0,0,0.0002,0,0.0002,0.0001,0,0.0002,0.0001,0.0001,0.0001,0,0.0001,0.0002,0,0.0002,0.0001,0,0.0001,0.2509,0.1604,0.2509,0.1604,1
0.6716,0,0.6716,0.6716,1.3432,1.3432,0,0,0.6716,0.6716,0,0.6716,0.6716,1.3432,0.6716,0,0,0.6716,0,0,0.0001,0,0.0001,0.0001,0.0002,0.0002,0,0,0.0001,0.0001,0,0.0001,0.0001,0.0002,0.0001,0,0,0.0001,0,0,0.1751,0.1533,0.1751,0.1533,1
1.7944,0.5981,0.5981,2.3926,0,0.5981,0,0.5981,0.5981,0.5981,0.5981,0,0.5981,0,0,1.7944,0.5981,0.5981,0,0,0.0002,0.0001,0.0001,0.0002,0,0.0001,0,0.0001,0.0001,0.0001,0.0001,0,0.0001,0,0,0.0002,0.0001,0.0001,0,0,0.198,0.2039,0.198,0.2039,1
1.1562,1.1562,1.1562,0,0,1.1562,0.5781,0.5781,1.1562,0,1.1562,0.5781,0,0,1.7342,0.5781,0.5781,2.3123,0,1.7342,0.0001,0.0001,0.0001,0,0,0.0001,0,0,0.0001,0,0.0001,0,0,0,0.0001,0,0,0.0001,0,0.0001,0.2169,0.205,0.2169,0.205,1
0.902,0,1.804,1.353,0,0,0.451,1.804,1.353,1.353,0.451,0.902,0,0.451,0,1.353,0.451,0.902,0,0,0.0001,0,0.0001,0.0001,0,0,0,0.0001,0.0001,0.0001,0,0.0001,0,0,0,0.0001,0,0.0001,0,0,0.2761,0.2729,0.2761,0.2729,1
2.9614,0.7403,0,1.4807,0.7403,0,0,0,2.9614,0.7403,0,0,0.7403,0,0,0,0.7403,1.4807,0,0,0.0004,0.0001,0,0.0002,0.0001,0,0,0,0.0004,0.0001,0,0,0.0001,0,0,0,0.0001,0.0002,0,0,0.1452,0.1145,0.1452,0.1145,1
0,0,0,0.6676,2.0028,0,0.6676,0.6676,0,0,0,0.6676,2.0028,0,7.3434,0,0,0,0,0,0,0,0,0.0001,0.0003,0,0.0001,0.0001,0,0,0,0.0001,0.0003,0,0.0012,0,0,0,0,0,0.1452,0.1872,0.1452,0.1872,1
0.6369,0,0.6369,0,0.6369,1.9108,1.2739,0,0.6369,1.2739,0,0.6369,0,0,0,0,0,0.6369,0,0,0.0001,0,0.0001,0,0.0001,0.0002,0.0001,0,0.0001,0.0001,0,0.0001,0,0,0,0,0,0.0001,0,0,0.2054,0.1576,0.2054,0.1576,1
0.6408,1.2816,0,0,0.6408,0.6408,0.6408,1.9224,0.6408,0.6408,0,0,1.2816,0,2.5632,0,2.5632,1.2816,0,1.2816,0,0.0001,0,0,0,0,0,0.0001,0,0,0,0,0.0001,0,0.0002,0,0.0002,0.0001,0,0.0001,0.1886,0.1706,0.1886,0.1706,1
0,0,1.8961,0,0,1.2641,0,0,1.2641,1.2641,0,0,0,1.2641,0.632,0,0.632,0.632,0,0.632,0,0,0.0002,0,0,0.0001,0,0,0.0001,0.0001,0,0,0,0.0001,0.0001,0,0.0001,0.0001,0,0.0001,0.1985,0.1695,0.1985,0.1695,1
0.7384,0,0,0.7384,1.4768,0,0,0.7384,0.7384,2.2152,0.7384,0,1.4768,0,0,1.4768,0,1.4768,0.7384,0,0.0001,0,0,0.0001,0.0002,0,0,0.0001,0.0001,0.0003,0.0001,0,0.0002,0,0,0.0002,0,0.0002,0.0001,0,0.1711,0.0905,0.1711,0.0905,1
0.7206,0,0.7206,0,1.4412,0.7206,0,0,0,3.603,1.4412,2.1618,0.7206,0.7206,0,1.4412,0.7206,0,0,0,0.0001,0,0.0001,0,0.0001,0.0001,0,0,0,0.0003,0.0001,0.0002,0.0001,0.0001,0,0.0001,0.0001,0,0,0,0.1683,0.1111,0.1683,0.1111,1
0.6104,0,1.8313,0,0,0,1.2209,0.6104,1.8313,0.6104,1.8313,0.6104,0,0,0,0,0,0,0,0,0.0001,0,0.0002,0,0,0,0.0001,0.0001,0.0002,0.0001,0.0002,0.0001,0,0,0,0,0,0,0,0,0.2243,0.1652,0.2243,0.1652,1
0,0,0.8377,3.7695,0,0,0,1.2565,3.3506,0.4188,0,0,0,0.8377,0,0.4188,0.4188,0,0.8377,0.4188,0,0,0.0001,0.0004,0,0,0,0.0001,0.0003,0,0,0,0,0.0001,0,0,0,0,0.0001,0,0.2504,0.3308,0.2504,0.3308,1
0.5614,0,0,1.1228,0.5614,0.5614,1.1228,0.5614,1.6842,0.5614,0,0.5614,0.5614,0,2.807,0,0.5614,0,0,0.5614,0.0001,0,0,0.0001,0.0001,0.0001,0.0001,0.0001,0.0002,0.0001,0,0.0001,0.0001,0,0.0004,0,0.0001,0,0,0.0001,0.2358,0.2028,0.2358,0.2028,1
1.4487,0,0,0,0,1.4487,0,0,0.7244,2.1731,0,0.7244,0,0,0,2.1731,0,0.7244,1.4487,0,0.0001,0,0,0,0,0.0001,0,0,0.0001,0.0002,0,0.0001,0,0,0,0.0002,0,0.0001,0.0001,0,0.1424,0.1333,0.1424,0.1333,1
2.5469,0.6367,0,0.6367,0.6367,0.6367,0,0,0.6367,1.2735,0,0.6367,1.2735,0,1.2735,0.6367,0,0,0,0,0.0002,0.0001,0,0.0001,0.0001,0.0001,0,0,0.0001,0.0001,0,0.0001,0.0001,0,0.0001,0.0001,0,0,0,0,0.1901,0.1732,0.1901,0.1732,1
0.5881,0,0.5881,1.7644,1.1762,1.1762,0,0.5881,0.5881,0.5881,0,0,0,0.5881,1.7644,0,0,0,0.5881,0,0.0001,0,0.0001,0.0002,0.0001,0.0001,0,0.0001,0.0001,0.0001,0,0,0,0.0001,0.0002,0,0,0,0.0001,0,0.1664,0.2455,0.1664,0.2455,1
2.5593,0,0,0,0,0.6398,1.2797,0,0.6398,4.4789,0,1.2797,1.2797,0,0,1.2797,0.6398,1.2797,0,0,0.0002,0,0,0,0,0,0.0001,0,0,0.0003,0,0.0001,0.0001,0,0,0.0001,0,0.0001,0,0,0.1541,0.206,0.1541,0.206,1
0.6277,1.883,0.6277,0,0,1.883,1.2553,0,0.6277,0,2.5107,1.2553,0,0,0,0,1.883,0,0,0,0,0.0001,0,0,0,0.0001,0.0001,0,0,0,0.0002,0.0001,0,0,0,0,0.0001,0,0,0,0.1989,0.1735,0.1989,0.1735,1
0,3.6817,0,0.6136,0,3.068,0,0,0,1.8408,0,1.2272,1.8408,0,0.6136,1.2272,2.4544,0.6136,0.6136,0.6136,0,0.0001,0,0,0,0.0001,0,0,0,0.0001,0,0,0.0001,0,0,0,0.0001,0,0,0,0.2025,0.1839,0.2025,0.1839,1
1.4524,0,0.4841,0,1.9366,2.9049,0.4841,0,0.4841,1.4524,0,0,0,0.4841,0.4841,0.9683,0.4841,1.9366,0.4841,0,0.0001,0,0,0,0.0001,0.0002,0,0,0,0.0001,0,0,0,0,0,0.0001,0,0.0001,0,0,0.261,0.2548,0.261,0.2548,1
0.9183,0,0.4591,0.4591,0,0.9183,0,0,1.3774,0.4591,0.9183,0.9183,0.9183,0,1.8366,0.9183,0.4591,0.4591,0.4591,0.4591,0.0001,0,0,0,0,0.0001,0,0,0.0001,0,0.0001,0.0001,0.0001,0,0.0002,0.0001,0,0,0,0,0.2754,0.2655,0.2754,0.2655,1
1.8558,0,1.2372,0.6186,0.6186,0.6186,0.6186,1.2372,0.6186,1.2372,0,0.6186,0.6186,0,0,1.2372,0.6186,0.6186,0,0,0.0002,0,0.0001,0.0001,0.0001,0.0001,0.0001,0.0001,0.0001,0.0001,0,0.0001,0.0001,0,0,0.0001,0.0001,0.0001,0,0,0.1981,0.1833,0.1981,0.1833,1
0.6769,0,0.6769,0,0,0.6769,0,0.6769,0.6769,2.0307,0,0,0,0,0.6769,0,1.3538,2.7076,0,0,0.0001,0,0.0001,0,0,0.0001,0,0.0001,0.0001,0.0003,0,0,0,0,0.0001,0,0.0002,0.0004,0,0,0.1322,0.1909,0.1322,0.1909,1
0,0,0,0,0,3.5177,2.1106,0,0,0,0,0,0.7035,0.7035,0,0,0,1.4071,0,0,0,0,0,0,0,0.0007,0.0004,0,0,0,0,0,0.0001,0.0001,0,0,0,0.0003,0,0,0.1557,0.1408,0.1557,0.1408,1
0,0.5257,0.5257,0,0,0,0,0.5257,1.0514,1.5771,0,0,0,0,1.5771,1.0514,0,0.5257,1.5771,0.5257,0,0,0,0,0,0,0,0,0.0001,0.0001,0,0,0,0,0.0001,0.0001,0,0,0.0001,0,0.2336,0.2407,0.2336,0.2407,1
0.59,4.1302,0,0.59,0,2.9501,0,0.59,0.59,1.1801,0,1.1801,1.7701,0,0.59,0.59,1.7701,0.59,0.59,0,0,0.0001,0,0,0,0.0001,0,0,0,0,0,0,0.0001,0,0,0,0.0001,0,0,0,0.2074,0.2026,0.2074,0.2026,1
0.6882,0,0,0,0,0,0.6882,0.6882,0,0.6882,1.3764,0,0,0.6882,2.0645,0,0.6882,0.6882,0,0,0.0002,0,0,0,0,0,0.0002,0.0002,0,0.0002,0.0003,0,0,0.0002,0.0005,0,0.0002,0.0002,0,0,0.1809,0.1309,0.1809,0.1309,1
1.1065,0.5533,1.1065,0,0.5533,1.6598,0,0,0.5533,1.1065,1.1065,0.5533,0.5533,0.5533,1.6598,1.1065,0,0.5533,0,0.5533,0.0001,0,0.0001,0,0,0.0001,0,0,0,0.0001,0.0001,0,0,0,0.0001,0.0001,0,0,0,0,0.2052,0.2415,0.2052,0.2415,1
0,0.6256,1.2512,1.2512,0,0.6256,0,0.6256,0.6256,0.6256,0.6256,0.6256,0,0.6256,0,1.8768,1.8768,1.8768,0,0,0,0,0.0001,0.0001,0,0,0,0,0,0,0,0,0,0,0,0.0001,0.0001,0.0001,0,0,0.1683,0.2061,0.1683,0.2061,1
2.5852,0,0,0,0,0.6463,0,0,3.2314,2.5852,0,0,0.6463,0,1.2926,0,0,1.9389,0,0,0.0004,0,0,0,0,0.0001,0,0,0.0005,0.0004,0,0,0.0001,0,0.0002,0,0,0.0003,0,0,0.1441,0.2096,0.1441,0.2096,1
0,0,0.4932,0.4932,0.4932,0.4932,0,0.4932,1.4795,2.9589,0,0.4932,0,0,1.4795,0,0.4932,0,0,0.4932,0,0,0,0,0,0,0,0,0.0001,0.0003,0,0,0,0,0.0001,0,0,0,0,0,0.2333,0.2735,0.2333,0.2735,1
0.6312,1.2624,0.6312,0,1.2624,1.8936,0,0.6312,0,0.6312,0.6312,0.6312,0,0.6312,0.6312,0.6312,1.8936,1.2624,0.6312,0,0,0.0001,0,0,0.0001,0.0001,0,0,0,0,0,0,0,0,0,0,0.0001,0.0001,0,0,0.1936,0.1752,0.1936,0.1752,1
0,0.5527,0,0,0.5527,0,0,0.5527,0.5527,2.2108,0,0,0.5527,0,2.2108,0,1.1054,0.5527,0.5527,0.5527,0,0.0001,0,0,0.0001,0,0,0.0001,0.0001,0.0003,0,0,0.0001,0,0.0003,0,0.0001,0.0001,0.0001,0.0001,0.2245,0.2228,0.2245,0.2228,1
0.5949,2.9744,0.5949,0,1.7846,0.5949,0,0,0.5949,0.5949,0.5949,0.5949,0.5949,0,0.5949,0.5949,1.7846,2.3795,0,0.5949,0,0.0001,0,0,0.0001,0,0,0,0,0,0,0,0,0,0,0,0.0001,0.0001,0,0,0.1966,0.2086,0.1966,0.2086,1
0.4242,0,0,0.4242,3.3932,0,0,0.4242,2.1208,1.2725,0,0,0,0,2.1208,0,0,0.4242,0,0,0.0001,0,0,0.0001,0.0005,0,0,0.0001,0.0003,0.0002,0,0,0,0,0.0003,0,0,0.0001,0,0,0.2342,0.3417,0.2342,0.3417,1
1.9744,0,0,0,0,1.3163,0,0,0.6581,1.3163,0.6581,0.6581,0,0,1.3163,0,0,0,0,0,0.0003,0,0,0,0,0.0002,0,0,0.0001,0.0002,0.0001,0.0001,0,0,0.0002,0,0,0,0,0,0.1853,0.1565,0.1853,0.1565,1
0,0.5044,1.0088,0.5044,0.5044,0,0,1.0088,0,1.5132,1.5132,0.5044,0.5044,0,1.5132,0,1.0088,1.0088,2.0176,0,0,0,0.0001,0,0,0,0,0.0001,0,0.0001,0.0001,0,0,0,0.0001,0,0.0001,0.0001,0.0002,0,0.2509,0.2446,0.2509,0.2446,1
1.2992,0,0.6496,0,0,0.6496,0,0,0.6496,1.2992,0.6496,0.6496,0,0,1.2992,1.2992,0.6496,0.6496,0,0,0.0001,0,0.0001,0,0,0.0001,0,0,0.0001,0.0001,0.0001,0.0001,0,0,0.0001,0.0001,0.0001,0.0001,0,0,0.1956,0.1548,0.1956,0.1548,1
0,0,0.6447,0.6447,0.6447,0,0.6447,1.2895,2.579,0,1.2895,0.6447,0,0,1.2895,0,0,0.6447,0,0,0,0,0.0001,0.0001,0.0001,0,0.0001,0.0002,0.0004,0,0.0002,0.0001,0,0,0.0002,0,0,0.0001,0,0,0.1541,0.2012,0.1541,0.2012,1
0.5366,0,0.5366,0,1.0733,0.5366,1.0733,0.5366,2.6832,1.0733,0.5366,0,0,0,1.0733,0,0.5366,1.0733,0,0,0.0001,0,0.0001,0,0.0001,0.0001,0.0001,0.0001,0.0003,0.0001,0.0001,0,0,0,0.0001,0,0.0001,0.0001,0,0,0.2066,0.2568,0.2066,0.2568,1
0.9877,0,0.4938,0.4938,0.9877,0.9877,0.4938,0.9877,0.4938,0.4938,0,0,0,0,2.4692,0.4938,0.4938,0.4938,0.4938,0.4938,0.0001,0,0,0,0.0001,0.0001,0,0.0001,0,0,0,0,0,0,0.0002,0,0,0,0,0,0.2474,0.2587,0.2474,0.2587,1
1.42,0.71,0.71,0,0,1.42,0,0.71,0.71,1.42,0.71,0,0,0,0.71,0,0,0,0,0,0.0001,0.0001,0.0001,0,0,0.0001,0,0.0001,0.0001,0.0001,0.0001,0,0,0,0.0001,0,0,0,0,0,0.1911,0.099,0.1911,0.099,1
1.6725,0,1.115,0.5575,0.5575,1.6725,0.5575,1.115,1.6725,1.115,0.5575,0,0,0,0,0.5575,0,1.115,0,0,0.0001,0,0.0001,0,0,0.0001,0,0.0001,0.0001,0.0001,0,0,0,0,0,0,0,0.0001,0,0,0.1853,0.2572,0.1853,0.2572,1
1.075,0,0,0,0.5375,1.6125,0.5375,0,1.075,0,0.5375,0,1.6125,0,1.075,1.075,1.075,2.6875,0,1.6125,0.0001,0,0,0,0,0.0001,0,0,0.0001,0,0,0,0.0001,0,0.0001,0.0001,0.0001,0.0002,0,0.0001,0.196,0.2665,0.196,0.2665,1
0.5911,0,0.5911,0,1.7734,1.1823,0,0,1.7734,2.3646,0,0.5911,0,0.5911,0,0,1.1823,0.5911,0.5911,0,0.0001,0,0.0001,0,0.0002,0.0001,0,0,0.0002,0.0002,0,0.0001,0,0.0001,0,0,0.0001,0.0001,0.0001,0,0.2193,0.1895,0.2193,0.1895,1
2.8462,0,0,0.4744,0.4744,1.4231,0.4744,0,1.4231,0,0,0.4744,0,0.4744,0.4744,1.4231,0,2.3718,0.9487,0.9487,0.0002,0,0,0,0,0.0001,0,0,0.0001,0,0,0,0,0,0,0.0001,0,0.0002,0.0001,0.0001,0.2398,0.2858,0.2398,0.2858,1
0.8051,0,0.8051,0,1.6102,0,0,0,0,1.6102,0.8051,0.8051,0.8051,0,0.8051,0,0,0.8051,0.8051,0,0.0001,0,0.0001,0,0.0003,0,0,0,0,0.0003,0.0001,0.0001,0.0001,0,0.0001,0,0,0.0001,0.0001,0,0.089,0.1059,0.089,0.1059,1
2.7119,0.678,1.356,0.678,0,2.0339,0,2.0339,0,0,0,0,1.356,0,0,0.678,0,0.678,0,0,0.0002,0,0.0001,0,0,0.0001,0,0.0001,0,0,0,0,0.0001,0,0,0,0,0,0,0,0.1616,0.1604,0.1616,0.1604,1
0,0,0,1.452,0.726,0,0,0,2.904,1.452,0,0.726,0,0,0,0,0,1.452,0,0.726,0,0,0,0.0002,0.0001,0,0,0,0.0004,0.0002,0,0.0001,0,0,0,0,0,0.0002,0,0.0001,0.111,0.163,0.111,0.163,1
0.6303,0,0,0,0.6303,0,0,0.6303,1.891,2.5214,0,0.6303,0,0,0,0,0,0.6303,0.6303,0,0.0001,0,0,0,0.0001,0,0,0.0001,0.0002,0.0003,0,0.0001,0,0,0,0,0,0.0001,0.0001,0,0.1726,0.197,0.1726,0.197,1
0.7352,1.4704,0.7352,0,0,1.4704,0.7352,0.7352,0.7352,0,0,0,2.9409,0,0,0.7352,0.7352,0,0,0,0.0001,0.0001,0.0001,0,0,0.0001,0.0001,0.0001,0.0001,0,0,0,0.0002,0,0,0.0001,0.0001,0,0,0,0.1579,0.1069,0.1579,0.1069,1
0.5992,0.5992,0,0,0,2.3968,0,0,0.5992,1.7976,0,0,0.5992,0,1.1984,0.5992,0,0,1.1984,0,0,0,0,0,0,0.0002,0,0,0,0.0001,0,0,0,0,0.0001,0,0,0,0.0001,0,0.1931,0.2077,0.1931,0.2077,1
1.1782,3.5347,0,0.5891,0.5891,1.7674,0,1.7674,1.1782,0.5891,0.5891,1.1782,1.1782,0,0.5891,1.1782,0.5891,1.1782,0,0,0,0.0001,0,0,0,0.0001,0,0.0001,0,0,0,0,0,0,0,0,0,0,0,0,0.2287,0.1822,0.2287,0.1822,1
2.9719,0,0.743,0.743,0,0,0.743,0,0,1.486,0,0,0,0,0,0,0.743,2.9719,0,0,0.0005,0,0.0001,0.0001,0,0,0.0001,0,0,0.0002,0,0,0,0,0,0,0.0001,0.0005,0,0,0.1586,0.0985,0.1586,0.0985,1
2.2716,2.2716,0,0,0.5679,1.1358,0.5679,0,0.5679,2.2716,0.5679,1.1358,0,0.5679,0.5679,0.5679,0.5679,2.2716,0,1.1358,0.0001,0.0001,0,0,0,0,0,0,0,0.0001,0,0,0,0,0,0,0,0.0001,0,0,0.2224,0.2097,0.2224,0.2097,1
0.5953,0,0,0,0.5953,0.5953,0,1.1905,1.7858,0.5953,1.1905,0,1.1905,0,1.1905,0.5953,1.1905,1.1905,0,0,0.0001,0,0,0,0.0001,0.0001,0,0.0002,0.0002,0.0001,0.0002,0,0.0002,0,0.0002,0.0001,0.0002,0.0002,0,0,0.2389,0.1659,0.2389,0.1659,1
1.0503,0,0,0,0.5252,1.0503,2.1006,0.5252,1.0503,0,1.5755,0.5252,0.5252,0,4.2012,0,1.0503,0.5252,0,0,0.0001,0,0,0,0.0001,0.0001,0.0003,0.0001,0.0001,0,0.0002,0.0001,0.0001,0,0.0005,0,0.0001,0.0001,0,0,0.2641,0.2107,0.2641,0.2107,1
0.5828,1.1657,0.5828,0.5828,1.1657,0,0,1.1657,0.5828,0,0.5828,1.1657,1.1657,0,0.5828,1.1657,1.1657,1.7485,0,0.5828,0,0.0001,0,0,0.0001,0,0,0.0001,0,0,0,0.0001,0.0001,0,0,0.0001,0.0001,0.0001,0,0,0.1975,0.2197,0.1975,0.2197,1
0.5211,0,0,1.0422,0.5211,0.5211,0,0.5211,0.5211,1.5633,0,1.0422,0.5211,0.5211,1.0422,0,0,0.5211,1.5633,0,0,0,0,0.0001,0,0,0,0,0,0.0001,0,0.0001,0,0,0.0001,0,0,0,0.0001,0,0.2423,0.2366,0.2423,0.2366,1
1.3915,0,0.6957,0,0.6957,0,0.6957,1.3915,0,0.6957,0.6957,0,0,0,1.3915,0,0.6957,0,0,0,0.0002,0,0.0001,0,0.0001,0,0.0001,0.0002,0,0.0001,0.0001,0,0,0,0.0002,0,0.0001,0,0,0,0.1775,0.1268,0.1775,0.1268,1
0.5918,0,0.5918,0,0,1.7755,0.5918,0,1.7755,0.5918,0.5918,0.5918,1.7755,0,0.5918,0.5918,0,0.5918,0,0.5918,0.0001,0,0.0001,0,0,0.0002,0.0001,0,0.0002,0.0001,0.0001,0.0001,0.0002,0,0.0001,0.0001,0,0.0001,0,0.0001,0.2381,0.1701,0.2381,0.1701,1
0,0,1.0466,0.5233,0.5233,1.0466,0,1.0466,1.0466,1.5699,0,1.0466,0,0,0.5233,1.0466,1.0466,1.0466,0,0.5233,0,0,0.0001,0,0,0.0001,0,0.0001,0.0001,0.0001,0,0.0001,0,0,0,0.0001,0.0001,0.0001,0,0,0.2511,0.2256,0.2511,0.2256,1
0.6735,0,0,0,0,1.3471,0,0,0.6735,0.6735,0.6735,2.0206,0,0,1.3471,0,0.6735,0,0,0,0.0001,0,0,0,0,0.0002,0,0,0.0001,0.0001,0.0001,0.0003,0,0,0.0002,0,0.0001,0,0,0,0.1886,0.1379,0.1886,0.1379,1
0,2.2439,0.748,0,2.9919,1.496,0,0,0,0,0.748,0,2.2439,0,0.748,0,0,2.2439,0,0,0,0.0001,0,0,0.0002,0.0001,0,0,0,0,0,0,0.0001,0,0,0,0,0.0001,0,0,0.1406,0.1114,0.1406,0.1114,1
0.5983,0,0,0,0.5983,0.5983,0.5983,0.5983,1.1965,0.5983,1.1965,0,1.1965,0.5983,1.1965,0.5983,1.7948,0.5983,0,0,0.0001,0,0,0,0.0001,0.0001,0.0001,0.0001,0.0001,0.0001,0.0001,0,0.0001,0.0001,0.0001,0.0001,0.0002,0.0001,0,0,0.2508,0.151,0.2508,0.151,1
1.5747,0.5249,1.5747,0,0.5249,1.0498,0.5249,0.5249,0,1.0498,1.0498,0,1.0498,0,1.0498,0.5249,1.5747,0,0.5249,0,0.0001,0,0.0001,0,0,0.0001,0,0,0,0.0001,0.0001,0,0.0001,0,0.0001,0,0.0001,0,0,0,0.2597,0.2154,0.2597,0.2154,1
1.2127,0.6063,0.6063,1.2127,0.6063,0,0.6063,0,0.6063,1.2127,1.2127,0,0,0.6063,0,0,0.6063,0,0,0,0.0001,0,0,0.0001,0,0,0,0,0,0.0001,0.0001,0,0,0,0,0,0,0,0,0,0.1514,0.2422,0.1514,0.2422,1
1.4033,0,0,0,0.4678,0.4678,0.4678,1.4033,2.8067,0.4678,0,1.8711,0.4678,0,0.9356,0,0,0.9356,0,0.4678,0.0001,0,0,0,0,0,0,0.0001,0.0002,0,0,0.0002,0,0,0.0001,0,0,0.0001,0,0,0.2571,0.2751,0.2571,0.2751,1
1.4634,0,0.7317,0,0,0,0,0,2.1951,1.4634,0,0.7317,0,0,0,0,0.7317,2.1951,0,0.7317,0.0002,0,0.0001,0,0,0,0,0,0.0003,0.0002,0,0.0001,0,0,0,0,0.0001,0.0003,0,0.0001,0.143,0.1253,0.143,0.1253,1
0,0,0,0,0,3.2253,1.9352,0,0.6451,0,0,0,0,0.6451,0,0.6451,0,1.2901,0,0,0,0,0,0,0,0.0005,0.0003,0,0.0001,0,0,0,0,0.0001,0,0.0001,0,0.0002,0,0,0.1865,0.1684,0.1865,0.1684,1
0.8733,0.8733,0,0.8733,0,0.4366,1.3099,0.8733,3.0565,0.4366,1.3099,0,0.4366,0,0,1.3099,0.4366,0.8733,0,0,0.0001,0.0001,0,0.0001,0,0,0.0001,0.0001,0.0002,0,0.0001,0,0,0,0,0.0001,0,0.0001,0,0,0.2448,0.3186,0.2448,0.3186,1
1.8273,0,0,0,1.3705,0.4568,0.4568,0.4568,2.2841,1.8273,0,0,0,0,1.3705,0.4568,0,0,0,0,0.0002,0,0,0,0.0001,0,0,0,0.0002,0.0002,0,0,0,0,0.0001,0,0,0,0,0,0.2237,0.3195,0.2237,0.3195,1
3.3605,1.3442,0.6721,0.6721,0.6721,2.6884,0,0,0,0.6721,0.6721,0,0.6721,0,0,0,1.3442,1.3442,0.6721,0.6721,0.0002,0.0001,0,0,0,0.0001,0,0,0,0,0,0,0,0,0,0,0.0001,0.0001,0,0,0.1796,0.1483,0.1796,0.1483,1
0.4685,0.4685,1.4056,0.4685,0.4685,0,0,0.4685,0.4685,1.8741,0,0.4685,0.4685,0,0.9371,0.9371,0.4685,0,1.8741,0.4685,0,0,0.0001,0,0,0,0,0,0,0.0001,0,0,0,0,0,0,0,0,0.0001,0,0.2587,0.2727,0.2587,0.2727,1
0,0,0,0,0,0,2.6082,1.3041,0,1.9562,0,1.3041,0,0,0,0,0.6521,0,1.3041,0,0,0,0,0,0,0,0.0003,0.0001,0,0.0002,0,0.0001,0,0,0,0,0.0001,0,0.0001,0,0.1385,0.2095,0.1385,0.2095,1
1.3988,0,1.3988,0,0,0,0,0,0.6994,1.3988,0,0.6994,0,0,0,0.6994,0.6994,0,0.6994,0,0.0001,0,0.0001,0,0,0,0,0,0.0001,0.0001,0,0.0001,0,0,0,0.0001,0.0001,0,0.0001,0,0.1853,0.1153,0.1853,0.1153,1
1.0106,0,0,0.5053,0.5053,0.5053,1.0106,0.5053,0.5053,1.0106,0,1.516,0.5053,1.516,1.0106,0.5053,0.5053,1.0106,0.5053,0.5053,0.0001,0,0,0,0,0,0.0001,0,0,0.0001,0,0.0001,0,0.0001,0.0001,0,0,0.0001,0,0,0.2221,0.2726,0.2221,0.2726,1
0,0.6297,0.6297,1.2593,0.6297,1.889,0,0,0.6297,1.889,0,0,1.2593,1.2593,0.6297,0,0,0.6297,1.2593,0,0,0,0,0.0001,0,0.0001,0,0,0,0.0001,0,0,0.0001,0.0001,0,0,0,0,0.0001,0,0.1726,0.1977,0.1726,0.1977,1
0,0.6103,1.2207,0.6103,0,0,0,1.2207,0,0.6103,0,0,0,0,0.6103,0.6103,0,0.6103,1.831,0,0,0,0.0001,0,0,0,0,0.0001,0,0,0,0,0,0,0,0,0,0,0.0001,0,0.1857,0.204,0.1857,0.204,1
2.2482,0.7494,1.4988,0,0.7494,0,0,1.4988,0,0.7494,0,0,0.7494,0,0,1.4988,0.7494,0,0,0,0.0002,0.0001,0.0001,0,0.0001,0,0,0.0001,0,0.0001,0,0,0.0001,0,0,0.0001,0.0001,0,0,0,0.1354,0.1152,0.1354,0.1152,1
2.422,0,0,0,0.8073,1.6147,0,0.8073,0,2.422,0.8073,0,0.8073,0,0,0,0.8073,4.844,1.6147,0,0.0003,0,0,0,0.0001,0.0002,0,0.0001,0,0.0003,0.0001,0,0.0001,0,0,0,0.0001,0.0005,0.0002,0,0.0857,0.1069,0.0857,0.1069,1
0.6045,4.2312,1.2089,0.6045,0,2.4178,0,0.6045,0,0,0,0.6045,2.4178,0,1.2089,0.6045,1.8134,1.8134,0,0,0,0.0002,0,0,0,0.0001,0,0,0,0,0,0,0.0001,0,0,0,0.0001,0.0001,0,0,0.1768,0.2188,0.1768,0.2188,1
0.6268,0.6268,1.2535,0.6268,0.6268,0,0.6268,1.8803,0,1.2535,0,0.6268,0.6268,0,0,2.507,0.6268,0,0,0,0,0,0.0001,0,0,0,0,0.0001,0,0.0001,0,0,0,0,0,0.0002,0,0,0,0,0.1881,0.1852,0.1881,0.1852,1
0,0,0,0.5772,0,0,1.7317,0,0.5772,0,0,0.5772,0.5772,0,1.1544,1.7317,0.5772,0.5772,0,3.4633,0,0,0,0.0001,0,0,0.0002,0,0.0001,0,0,0.0001,0.0001,0,0.0001,0.0002,0.0001,0.0001,0,0.0004,0.2104,0.2123,0.2104,0.2123,1
4.4586,0,0.7431,0,0,0,0,0,1.4862,2.9724,0,0,1.4862,0,1.4862,0,0,2.2293,0,0,0.0006,0,0.0001,0,0,0,0,0,0.0002,0.0004,0,0,0.0002,0,0.0002,0,0,0.0003,0,0,0.115,0.1419,0.115,0.1419,1
4.4439,0.7407,0.7407,0,0,2.222,0,0,0,2.9626,0,0,0,0,0,0.7407,0.7407,2.222,0.7407,0,0.0003,0,0,0,0,0.0001,0,0,0,0.0002,0,0,0,0,0,0,0,0.0001,0,0,0.1378,0.1216,0.1378,0.1216,1
0.62,0.62,0.62,0,1.8601,3.1002,0,0,0.62,1.2401,1.2401,0,0,0,0,1.2401,0,1.2401,1.2401,0,0,0,0,0,0.0001,0.0002,0,0,0,0.0001,0.0001,0,0,0,0,0.0001,0,0.0001,0.0001,0,0.2026,0.1773,0.2026,0.1773,1
2.2811,0,0,0,0.7604,2.2811,0,0,0,5.3226,0.7604,0.7604,0,0.7604,0,0,0,0,0.7604,0,0.0002,0,0,0,0.0001,0.0002,0,0,0,0.0004,0.0001,0.0001,0,0.0001,0,0,0,0,0.0001,0,0.1298,0.1098,0.1298,0.1098,1
0,0,0.7016,0,0,0.7016,0,0.7016,0.7016,1.4033,0,0.7016,0,0,0.7016,0,2.1049,3.5082,0,0,0,0,0.0001,0,0,0.0001,0,0.0001,0.0001,0.0002,0,0.0001,0,0,0.0001,0,0.0002,0.0004,0,0,0.1615,0.1369,0.1615,0.1369,1
0.9604,0,0.9604,1.4406,0.9604,0,0,0,0.9604,0.9604,0,0,0.4802,0,0.4802,0,0,0.9604,1.4406,0,0.0001,0,0.0001,0.0001,0.0001,0,0,0,0.0001,0.0001,0,0,0,0,0,0,0,0.0001,0.0001,0,0.2334,0.2863,0.2334,0.2863,1
0,0.4602,0.4602,0,2.3011,0,0.4602,0,1.8408,0,0.4602,0,0.4602,0.9204,1.3806,0,2.7613,0.4602,0,0.9204,0,0,0,0,0.0002,0,0,0,0.0002,0,0,0,0,0.0001,0.0001,0,0.0002,0,0,0.0001,0.2501,0.2897,0.2501,0.2897,1
0,0,0,0,1.2576,0.6288,0,1.8864,0.6288,1.8864,0.6288,1.8864,0,0.6288,3.7728,0.6288,0,0,0,0,0,0,0,0,0.0001,0.0001,0,0.0002,0.0001,0.0002,0.0001,0.0002,0,0.0001,0.0003,0.0001,0,0,0,0,0.1932,0.178,0.1932,0.178,1
0.4424,0,1.7695,1.7695,0.4424,0,0.8848,0.8848,0.4424,0.8848,0.4424,0.8848,0,0.4424,0.4424,0,0,1.3272,0,0.4424,0,0,0.0001,0.0001,0,0,0.0001,0.0001,0,0.0001,0,0.0001,0,0,0,0,0,0.0001,0,0,0.2318,0.3258,0.2318,0.3258,1
2.3501,0.47,0.9401,0.47,0.47,0.9401,0.47,0.47,1.8801,1.8801,0.9401,0.47,0,0,0,0.47,0,1.4101,0,0,0.0002,0,0.0001,0,0,0.0001,0,0,0.0001,0.0001,0.0001,0,0,0,0,0,0,0.0001,0,0,0.2656,0.2644,0.2656,0.2644,1
0,0,0,0,0,1.5624,0,0,0.7812,0.7812,0,0,0.7812,0,0,2.3436,0.7812,1.5624,1.5624,0,0,0,0,0,0,0.0002,0,0,0.0001,0.0001,0,0,0.0001,0,0,0.0002,0.0001,0.0002,0.0002,0,0.0972,0.1216,0.0972,0.1216,1
0.4752,0,0,0.9503,0,1.4255,0.4752,0,1.4255,0,0,0.9503,0,0,1.4255,0.4752,1.4255,1.4255,0.4752,0.9503,0.0001,0,0,0.0001,0,0.0002,0.0001,0,0.0002,0,0,0.0001,0,0,0.0002,0.0001,0.0002,0.0002,0.0001,0.0001,0.2706,0.2543,0.2706,0.2543,1
1.2602,0,0,0,1.2602,3.1505,0,0.6301,1.8903,1.8903,0.6301,0.6301,0,0.6301,1.2602,0,1.8903,0.6301,0,0.6301,0.0001,0,0,0,0.0001,0.0003,0,0.0001,0.0002,0.0002,0.0001,0.0001,0,0.0001,0.0001,0,0.0002,0.0001,0,0.0001,0.1639,0.206,0.1639,0.206,1
1.1293,1.1293,1.1293,0,0.5647,0,0,0.5647,1.1293,1.1293,0.5647,1.1293,0,0,0.5647,0,0.5647,1.1293,0.5647,0,0.0001,0.0001,0.0001,0,0,0,0,0,0.0001,0.0001,0,0.0001,0,0,0,0,0,0.0001,0,0,0.2008,0.2346,0.2008,0.2346,1
0.7792,0.7792,0,0,0.7792,1.5585,0,0,2.3377,0,0,0,1.5585,0,1.5585,0.7792,0,1.5585,0.7792,0.7792,0.0001,0.0001,0,0,0.0001,0.0001,0,0,0.0002,0,0,0,0.0001,0,0.0001,0.0001,0,0.0001,0.0001,0.0001,0.1146,0.1061,0.1146,0.1061,1
1.7487,0.5829,1.1658,0.5829,1.1658,1.7487,0,0.5829,0,0,0,0,0.5829,0,0.5829,1.1658,1.1658,0.5829,0,0.5829,0.0001,0,0.0001,0,0.0001,0.0001,0,0,0,0,0,0,0,0,0,0.0001,0.0001,0,0,0,0.2193,0.1978,0.2193,0.1978,1
2.7178,0,0,0,0,0.9059,0,0.453,2.2648,2.7178,0,1.8118,0,0,0.453,0.9059,0,0.453,0.453,0,0.0002,0,0,0,0,0.0001,0,0,0.0001,0.0002,0,0.0001,0,0,0,0.0001,0,0,0,0,0.2402,0.3068,0.2402,0.3068,1
1.4402,1.4402,1.4402,0,0,0.7201,0,0,0,2.8803,0.7201,0,0,0,0.7201,0,0.7201,0,0,0,0.0001,0.0001,0.0001,0,0,0,0,0,0,0.0002,0,0,0,0,0,0,0,0,0,0,0.1657,0.1142,0.1657,0.1142,1
1.4178,0,0,0,0,0.9452,0.4726,0.4726,1.4178,1.8904,0,0,0,0,1.4178,0.4726,1.4178,0.9452,0.4726,0.4726,0.0001,0,0,0,0,0.0001,0,0,0.0001,0.0002,0,0,0,0,0.0001,0,0.0001,0.0001,0,0,0.2352,0.2922,0.2352,0.2922,1
2.5999,0,0,0,0,0,0,0.8666,1.7332,1.7332,0,0,0,0,1.7332,0,0,1.7332,0,0,0.0009,0,0,0,0,0,0,0.0003,0.0006,0.0006,0,0,0,0,0.0006,0,0,0.0006,0,0,0.0506,0.0828,0.0506,0.0828,1
0,0,0.5162,1.5486,0.5162,0,0,0.5162,0.5162,0,1.0324,0.5162,0,0.5162,1.5486,0.5162,1.0324,1.5486,0.5162,0,0,0,0.0001,0.0002,0.0001,0,0,0.0001,0.0001,0,0.0001,0.0001,0,0.0001,0.0002,0.0001,0.0001,0.0002,0.0001,0,0.2416,0.2422,0.2416,0.2422,1
0.4722,0.4722,0,0,1.889,2.3612,0.4722,0,0.9445,1.889,0,0,0.4722,0,1.4167,0.9445,0,0.4722,0,0,0,0,0,0,0.0001,0.0002,0,0,0.0001,0.0001,0,0,0,0,0.0001,0.0001,0,0,0,0,0.2896,0.2382,0.2896,0.2382,1
0.4311,0,1.2934,0.4311,0.4311,0.4311,0,0.4311,1.2934,1.7246,0.4311,0.4311,0,0.4311,1.7246,0,0,0.4311,0.4311,0,0,0,0.0001,0,0,0,0,0,0.0001,0.0001,0,0,0,0,0.0001,0,0,0,0,0,0.2547,0.3141,0.2547,0.3141,1
1.156,0,0.578,0,0,0.578,0,0,1.734,1.156,0,0.578,0.578,0.578,1.156,0,1.156,0.578,0,0.578,0.0001,0,0.0001,0,0,0.0001,0,0,0.0002,0.0001,0,0.0001,0.0001,0.0001,0.0001,0,0.0001,0.0001,0,0.0001,0.2611,0.1609,0.2611,0.1609,1
0,0.5597,0,0.5597,0.5597,1.1195,1.6792,1.1195,0,1.6792,0,1.1195,0.5597,0.5597,0.5597,0.5597,1.1195,0,0.5597,0,0,0,0,0,0,0.0001,0.0001,0.0001,0,0.0001,0,0.0001,0,0,0,0,0.0001,0,0,0,0.2019,0.2384,0.2019,0.2384,1
0.5124,0.5124,0.5124,0.5124,0,1.0248,1.0248,0.5124,1.5373,1.0248,1.0248,1.0248,2.5621,0,1.0248,0.5124,1.0248,0.5124,0.5124,0,0,0,0,0,0,0.0001,0.0001,0,0.0001,0.0001,0.0001,0.0001,0.0002,0,0.0001,0,0.0001,0,0,0,0.2551,0.2325,0.2551,0.2325,1
0,0,0.4345,3.0413,0,0,0,1.3034,2.6068,0.4345,0,0.4345,0,0,0,0.4345,0.8689,0,0.8689,0.8689,0,0,0,0.0003,0,0,0,0.0001,0.0002,0,0,0,0,0,0,0,0.0001,0,0.0001,0.0001,0.263,0.3025,0.263,0.3025,1
1.621,0,0.8105,0.8105,0,0,0,0,0,0,0.8105,0,0,0,0,0.8105,1.621,2.4315,0,0.8105,0.0004,0,0.0002,0.0002,0,0,0,0,0,0,0.0002,0,0,0,0,0.0002,0.0004,0.0005,0,0.0002,0.1187,0.0708,0.1187,0.0708,1
0.6167,0.6167,0.6167,0,0.6167,0.6167,0,0.6167,0.6167,0.6167,0.6167,1.2333,0,0.6167,1.2333,0,1.2333,0,0,0,0,0,0,0,0,0,0,0,0,0,0,0.0001,0,0,0.0001,0,0.0001,0,0,0,0.2083,0.175,0.2083,0.175,1
1.5624,0.5208,0,0,0.5208,1.0416,0,1.5624,2.0831,0,0,2.0831,0,0,1.5624,0,1.5624,0.5208,0.5208,0,0.0001,0,0,0,0,0.0001,0,0.0001,0.0002,0,0,0.0002,0,0,0.0001,0,0.0001,0,0,0,0.2568,0.2224,0.2568,0.2224,1
0,1.1645,2.3291,0.5823,0.5823,1.7468,0.5823,0.5823,0,1.1645,0.5823,0,1.1645,0,0,0,0.5823,0.5823,0,0.5823,0,0.0001,0.0001,0,0,0.0001,0,0,0,0.0001,0,0,0.0001,0,0,0,0,0,0,0,0.2444,0.1733,0.2444,0.1733,1
0.6929,0.6929,1.3857,0,1.3857,1.3857,0.6929,0,0,0.6929,0.6929,0,0.6929,0,0,0,2.7715,0.6929,0,0,0.0001,0.0001,0.0001,0,0.0001,0.0001,0.0001,0,0,0.0001,0.0001,0,0.0001,0,0,0,0.0002,0.0001,0,0,0.1541,0.1531,0.1541,0.1531,1
0.5628,3.3769,0,0.5628,0,1.6885,0,1.1256,1.1256,0.5628,0,0.5628,1.1256,0,0.5628,2.8141,0,1.6885,0.5628,0.5628,0,0.0001,0,0,0,0.0001,0,0,0,0,0,0,0,0,0,0.0001,0,0.0001,0,0,0.233,0.2042,0.233,0.2042,1
3.4958,0.6992,0,0.6992,0.6992,0.6992,0,0.6992,0,0.6992,0,0.6992,0.6992,0,0.6992,1.3983,1.3983,0.6992,0.6992,0,0.0003,0.0001,0,0.0001,0.0001,0.0001,0,0.0001,0,0.0001,0,0.0001,0.0001,0,0.0001,0.0001,0.0001,0.0001,0.0001,0,0.178,0.1229,0.178,0.1229,1
0.9943,0,0.4971,0,0.9943,1.4914,0.4971,0.4971,0,0.4971,1.4914,0.9943,0.9943,0.4971,1.4914,0.4971,1.4914,0.9943,0.4971,0.4971,0.0001,0,0,0,0.0001,0.0001,0,0,0,0,0.0001,0.0001,0.0001,0,0.0001,0,0.0001,0.0001,0,0,0.2164,0.2864,0.2164,0.2864,1
3.7839,0,0,0,0,1.892,0,0,0,0,0,0.946,5.6759,0,0,1.892,0,0,0,0,0.0009,0,0,0,0,0.0004,0,0,0,0,0,0.0002,0.0013,0,0,0.0004,0,0,0,0,0.0313,0.0227,0.0313,0.0227,1
0.6464,0,1.2929,0.6464,0,0.6464,0.6464,1.2929,0.6464,1.9393,0,0.6464,0,0.6464,0,0,0.6464,0,0,0,0.0001,0,0.0001,0.0001,0,0.0001,0.0001,0.0001,0.0001,0.0002,0,0.0001,0,0.0001,0,0,0.0001,0,0,0,0.206,0.1476,0.206,0.1476,1
1.3257,1.3257,0.6629,0,0.6629,0,0.6629,0.6629,0,0.6629,2.6514,0.6629,0.6629,1.3257,0.6629,0,1.9886,0,0,0,0.0001,0.0001,0,0,0,0,0,0,0,0,0.0001,0,0,0.0001,0,0,0.0001,0,0,0,0.1806,0.1565,0.1806,0.1565,1
0,0.6516,1.9548,0,0,0,0,0.6516,0,1.3032,0,0.6516,0.6516,0.6516,1.3032,0.6516,0,0,1.3032,0,0,0,0.0001,0,0,0,0,0,0,0.0001,0,0,0,0,0.0001,0,0,0,0.0001,0,0.155,0.1933,0.155,0.1933,1
0,0.5046,2.0182,0.5046,0.5046,0,0,1.0091,0.5046,1.0091,0,1.0091,0,0.5046,0,1.5137,0,0,1.5137,0,0,0,0.0001,0,0,0,0,0.0001,0,0.0001,0,0.0001,0,0,0,0.0001,0,0,0.0001,0,0.2397,0.2557,0.2397,0.2557,1
0.5626,0.5626,1.1252,0,1.1252,0.5626,0,1.1252,0.5626,1.6878,0,0,0,0.5626,1.6878,0,0,0,0,0.5626,0,0,0.0001,0,0.0001,0,0,0.0001,0,0.0001,0,0,0,0,0.0001,0,0,0,0,0,0.2394,0.198,0.2394,0.198,1
0.5173,0.5173,1.0347,1.552,0,1.0347,0,0.5173,0.5173,0.5173,1.0347,0.5173,0.5173,0,0.5173,1.0347,1.0347,0.5173,0,0,0,0,0.0001,0.0001,0,0.0001,0,0,0,0,0.0001,0,0,0,0,0.0001,0.0001,0,0,0,0.2264,0.2563,0.2264,0.2563,1
0,0.5768,0,0,1.7305,0.5768,0,0,1.1537,0,0.5768,0.5768,1.1537,0,2.3073,0.5768,1.1537,1.1537,0.5768,0,0,0,0,0,0.0001,0,0,0,0.0001,0,0,0,0.0001,0,0.0002,0,0.0001,0.0001,0,0,0.2,0.2232,0.2,0.2232,1
0.5546,1.6638,0,0,1.6638,0.5546,2.2183,0.5546,0,0,1.1092,0.5546,1.6638,0,0.5546,0,0.5546,1.1092,0.5546,0.5546,0,0.0001,0,0,0.0001,0,0.0001,0,0,0,0.0001,0,0.0001,0,0,0,0,0.0001,0,0,0.2295,0.216,0.2295,0.216,1
0,0,0,0.4705,1.4115,0.4705,0,0.4705,2.8229,0.941,0,0,0.4705,0,1.882,0.4705,0,0,0,0,0,0,0,0.0001,0.0002,0.0001,0,0.0001,0.0003,0.0001,0,0,0.0001,0,0.0002,0.0001,0,0,0,0,0.23,0.2995,0.23,0.2995,1
0,0.5205,1.5615,0.5205,0.5205,0,0,0,0.5205,2.082,0,0,0,0,0.5205,1.041,0.5205,0.5205,1.5615,0,0,0,0.0001,0,0,0,0,0,0,0.0001,0,0,0,0,0,0.0001,0,0,0.0001,0,0.2445,0.235,0.2445,0.235,1
2.477,0.8257,0.8257,0,0,0,0,1.6513,0,0,0,1.6513,0,0,0,0,2.477,1.6513,0,0,0.0002,0.0001,0.0001,0,0,0,0,0.0002,0,0,0,0.0002,0,0,0,0,0.0002,0.0002,0,0,0.0831,0.0912,0.0831,0.0912,1
1.0844,0.5422,0.5422,0,0.5422,1.0844,0.5422,1.6266,0,0,1.0844,0.5422,0,0,2.1688,1.0844,2.1688,0.5422,0,1.0844,0.0001,0,0,0,0,0.0001,0,0.0001,0,0,0.0001,0,0,0,0.0002,0.0001,0.0002,0,0,0.0001,0.2106,0.2472,0.2106,0.2472,1
0.5176,0,0,1.0352,1.0352,0.5176,0.5176,1.5528,0.5176,1.5528,0.5176,0,0,0.5176,5.1761,0,0,0,0,0,0.0001,0,0,0.0001,0.0001,0.0001,0.0001,0.0002,0.0001,0.0002,0.0001,0,0,0.0001,0.0006,0,0,0,0,0,0.2248,0.2576,0.2248,0.2576,1
0.6218,0,0,0,1.8653,0,0,1.2435,3.1088,1.2435,0.6218,0.6218,0.6218,0.6218,3.7306,0,0.6218,0.6218,0,0,0.0001,0,0,0,0.0002,0,0,0.0002,0.0004,0.0002,0.0001,0.0001,0.0001,0.0001,0.0005,0,0.0001,0.0001,0,0,0.1619,0.2163,0.1619,0.2163,1
0.51,1.5301,1.02,0,1.02,0.51,1.02,0,1.5301,0,0.51,0,0.51,0.51,2.0401,0.51,0,1.5301,0,0,0,0.0001,0.0001,0,0.0001,0,0.0001,0,0.0001,0,0,0,0,0,0.0001,0,0,0.0001,0,0,0.2181,0.2719,0.2181,0.2719,1
1.2959,0,0.648,0,0,1.9439,0,0,0,3.2398,0,0.648,0,0,0.648,0,0,0,0.648,0,0.0001,0,0.0001,0,0,0.0002,0,0,0,0.0003,0,0.0001,0,0,0.0001,0,0,0,0.0001,0,0.172,0.18,0.172,0.18,1
0,0.5875,0.5875,0,1.7625,2.9376,0.5875,0,0.5875,0.5875,0,0.5875,1.175,0,0.5875,0.5875,0,0.5875,0,0,0,0,0,0,0.0001,0.0002,0,0,0,0,0,0,0.0001,0,0,0,0,0,0,0,0.2132,0.1993,0.2132,0.1993,1
0,0.5397,1.6191,0.5397,0.5397,0,0,1.6191,0.5397,1.6191,0,0,0,0,0.5397,0.5397,0,0,1.6191,0,0,0,0.0001,0,0,0,0,0.0001,0,0.0001,0,0,0,0,0,0,0,0,0.0001,0,0.2352,0.2251,0.2352,0.2251,1
1.5214,0.7607,0,0,0.7607,0.7607,0.7607,0.7607,0,0.7607,0,2.2821,1.5214,0,0,0,0.7607,0.7607,0,0,0.0001,0.0001,0,0,0.0001,0.0001,0.0001,0.0001,0,0.0001,0,0.0002,0.0001,0,0,0,0.0001,0.0001,0,0,0.1312,0.1081,0.1312,0.1081,1
1.875,1.25,0.625,0.625,0,1.25,0,0,0.625,0,0.625,0.625,0,0,1.25,0,0.625,0,0,0,0.0001,0.0001,0,0,0,0.0001,0,0,0,0,0,0,0,0,0.0001,0,0,0,0,0,0.2123,0.1628,0.2123,0.1628,1
0,1.3529,0,0.6765,0,0.6765,0,0.6765,0.6765,0.6765,0.6765,0,0.6765,0,2.0294,0,1.3529,2.7059,0,1.3529,0,0.0001,0,0,0,0,0,0,0,0,0,0,0,0,0.0001,0,0.0001,0.0002,0,0.0001,0.146,0.1776,0.146,0.1776,1
0,1.0854,0,0,0.5427,0.5427,0.5427,0,0.5427,1.6282,0,0,0.5427,0,2.1709,0,0.5427,0.5427,0.5427,0.5427,0,0.0001,0,0,0,0,0,0,0,0.0001,0,0,0,0,0.0002,0,0,0,0,0,0.2567,0.2006,0.2567,0.2006,1
0.5686,0.5686,0,0,0,0.5686,0,1.7058,0.5686,0,0,0.5686,0.5686,0,2.843,0,0.5686,0.5686,0,1.1372,0.0001,0.0001,0,0,0,0.0001,0,0.0002,0.0001,0,0,0.0001,0.0001,0,0.0003,0,0.0001,0.0001,0,0.0001,0.1934,0.238,0.1934,0.238,1
0.5543,1.1086,1.6629,0.5543,0,0.5543,0,1.1086,1.1086,1.1086,0,0.5543,1.6629,0,0,2.2172,0.5543,0.5543,0,0.5543,0,0.0001,0.0001,0,0,0,0,0.0001,0.0001,0.0001,0,0,0.0001,0,0,0.0001,0,0,0,0,0.2176,0.2281,0.2176,0.2281,1
0.5525,3.315,0,0.5525,0.5525,2.21,0,0.5525,1.105,0.5525,0.5525,0.5525,1.6575,0,0.5525,0.5525,2.21,0.5525,0.5525,0,0,0.0001,0,0,0,0.0001,0,0,0,0,0,0,0.0001,0,0,0,0.0001,0,0,0,0.2098,0.2378,0.2098,0.2378,1
1.1376,0,0,1.1376,0.5688,1.7063,0,0,0.5688,3.9814,0,1.1376,2.2751,0,0.5688,1.7063,0,1.1376,0,0.5688,0.0001,0,0,0.0001,0,0.0001,0,0,0,0.0003,0,0.0001,0.0002,0,0,0.0001,0,0.0001,0,0,0.1967,0.2345,0.1967,0.2345,1
0.8842,0,0.4421,0.4421,1.3262,2.2104,0.8842,0.4421,1.3262,0.8842,0.8842,0.4421,0,0,0.8842,0.4421,0,0.8842,0,0,0.0001,0,0,0,0.0001,0.0002,0.0001,0,0.0001,0.0001,0.0001,0,0,0,0.0001,0,0,0.0001,0,0,0.2716,0.2863,0.2716,0.2863,1
0,0.516,1.0321,0,0,1.0321,0.516,0,1.5481,0,1.0321,0,2.0642,0,2.5802,1.0321,1.5481,0,0,0.516,0,0,0.0001,0,0,0.0001,0,0,0.0001,0,0.0001,0,0.0002,0,0.0002,0.0001,0.0001,0,0,0,0.2726,0.2113,0.2726,0.2113,1
0.8148,1.6296,0,0,0.8148,0.8148,0.8148,1.6296,0,3.2593,0,0,1.6296,0,0,0,0,2.4445,0,0,0,0.0001,0,0,0,0,0,0.0001,0,0.0002,0,0,0.0001,0,0,0,0,0.0001,0,0,0.0902,0.095,0.0902,0.095,1
1.1885,0,1.7827,0.5942,0,0,0,1.7827,1.1885,0.5942,0.5942,0,0.5942,0.5942,1.1885,0.5942,1.7827,0,0,0,0.0001,0,0.0002,0.0001,0,0,0,0.0002,0.0001,0.0001,0.0001,0,0.0001,0.0001,0.0001,0.0001,0.0002,0,0,0,0.1585,0.2473,0.1585,0.2473,1
1.3603,0,0,0,0,0.6802,0.6802,0.6802,0.6802,0.6802,0,1.3603,0,0,0.6802,0,0.6802,1.3603,0,1.3603,0.0002,0,0,0,0,0.0001,0.0001,0.0001,0.0001,0.0001,0,0.0002,0,0,0.0001,0,0.0001,0.0002,0,0.0002,0.1316,0.1883,0.1316,0.1883,1
1.4585,1.4585,0.7292,0,0,2.1877,0,2.1877,0,1.4585,0.7292,0.7292,0,0,0,0,1.4585,0.7292,0,0,0.0001,0.0001,0,0,0,0.0001,0,0.0001,0,0.0001,0,0,0,0,0,0,0.0001,0,0,0,0.1161,0.1547,0.1161,0.1547,1
2.3572,0,0,0,0.7857,0.7857,0,0,0,2.3572,0,0,0,0,0.7857,0,0.7857,0,0.7857,0.7857,0.0003,0,0,0,0.0001,0.0001,0,0,0,0.0003,0,0,0,0,0.0001,0,0.0001,0,0.0001,0.0001,0.1092,0.1051,0.1092,0.1051,1
0.733,1.466,1.466,0,0.733,1.466,0,0,0.733,0,0.733,2.199,0,0,0,0,0,0.733,0,0.733,0.0001,0.0001,0.0001,0,0.0001,0.0001,0,0,0.0001,0,0.0001,0.0002,0,0,0,0,0,0.0001,0,0.0001,0.1146,0.1524,0.1146,0.1524,1
0,1.0726,0.5363,1.0726,1.0726,0,0,1.0726,1.6089,0,1.0726,1.0726,0.5363,0.5363,0,1.0726,1.0726,0,0,2.1452,0,0.0001,0,0.0001,0.0001,0,0,0.0001,0.0001,0,0.0001,0.0001,0,0,0,0.0001,0.0001,0,0,0.0001,0.2343,0.2294,0.2343,0.2294,1
1.3997,0.6998,0,0,0,4.199,0,0,0,2.7994,0.6998,0.6998,1.3997,0,1.3997,0,2.0995,1.3997,0,0,0.0001,0,0,0,0,0.0003,0,0,0,0.0002,0,0,0.0001,0,0.0001,0,0.0001,0.0001,0,0,0.1854,0.1148,0.1854,0.1148,1
2.2618,1.6963,0,0.5654,0,1.1309,0.5654,0,0.5654,0,1.1309,0.5654,1.1309,0.5654,1.6963,0,0.5654,0,0.5654,0.5654,0.0002,0.0001,0,0,0,0.0001,0,0,0,0,0.0001,0,0.0001,0,0.0001,0,0,0,0,0,0.2651,0.1695,0.2651,0.1695,1
0,0,0,0.9626,0.4813,0.4813,0.4813,0.4813,0.9626,0.9626,0,0,0.9626,0,1.9253,0,0,0.4813,0.9626,0,0,0,0,0.0001,0.0001,0.0001,0.0001,0.0001,0.0001,0.0001,0,0,0.0001,0,0.0002,0,0,0.0001,0.0001,0,0.2341,0.2846,0.2341,0.2846,1
0,0,0.4209,3.3672,0,0,0,1.2627,2.5254,0.4209,0.4209,0,0,1.2627,0,0.4209,0.8418,0,0.8418,0.4209,0,0,0,0.0003,0,0,0,0.0001,0.0002,0,0,0,0,0.0001,0,0,0.0001,0,0.0001,0,0.2533,0.3258,0.2533,0.3258,1
0,0,0,0,1.4483,0.4828,0,0.4828,1.9311,0.9656,0,0.4828,0.9656,0,1.9311,0.4828,0,0.4828,0,0,0,0,0,0,0.0002,0.0001,0,0.0001,0.0002,0.0001,0,0.0001,0.0001,0,0.0002,0.0001,0,0.0001,0,0,0.2472,0.2701,0.2472,0.2701,1
0,0,1.4718,0,0.4906,0.4906,0.4906,0.4906,1.4718,0.4906,0.9812,0,0.4906,0,2.9436,0,1.9624,0.9812,0,0.9812,0,0,0.0001,0,0,0,0,0,0.0001,0,0.0001,0,0,0,0.0003,0,0.0002,0.0001,0,0.0001,0.2282,0.2812,0.2282,0.2812,1
0.773,0,0.773,0,0.773,0,0,0.773,0.773,2.319,0,0.773,0.773,0,0,0,0.773,0.773,0,0,0.0001,0,0.0001,0,0.0001,0,0,0.0001,0.0001,0.0004,0,0.0001,0.0001,0,0,0,0.0001,0.0001,0,0,0.1408,0.0862,0.1408,0.0862,1
0,0.5903,0.5903,0.5903,0.5903,1.1806,0,0.5903,0.5903,0,1.7709,0.5903,1.1806,0,1.1806,0,1.7709,0.5903,0,0.5903,0,0,0,0,0,0.0001,0,0,0,0,0.0001,0,0.0001,0,0.0001,0,0.0001,0,0,0,0.1893,0.2203,0.1893,0.2203,1
0.7101,0,0.7101,0,0,0.7101,0.7101,0,1.4202,0.7101,0,0,1.4202,0,2.1303,0.7101,0,2.1303,0,0,0.0001,0,0.0001,0,0,0.0001,0.0001,0,0.0002,0.0001,0,0,0.0002,0,0.0003,0.0001,0,0.0003,0,0,0.1698,0.1201,0.1698,0.1201,1
1.4294,2.8588,0.7147,0,1.4294,2.8588,0,0.7147,0,1.4294,0,0.7147,0,0,0,0.7147,0,0.7147,0.7147,0.7147,0.0001,0.0001,0,0,0.0001,0.0001,0,0,0,0.0001,0,0,0,0,0,0,0,0,0,0,0.1612,0.1241,0.1612,0.1241,1
1.1624,0,0,0.5812,0,1.1624,1.7436,0.5812,0.5812,2.906,0,0,1.1624,0,0,1.1624,0.5812,3.4872,0,0,0.0001,0,0,0,0,0.0001,0.0001,0,0,0.0002,0,0,0.0001,0,0,0.0001,0,0.0003,0,0,0.1686,0.2502,0.1686,0.2502,1
0.6176,0,0.6176,0.6176,0.6176,0.6176,1.8527,0.6176,0.6176,0.6176,1.2352,0.6176,1.2352,0.6176,2.4703,0.6176,0.6176,1.2352,0.6176,1.2352,0.0001,0,0.0001,0.0001,0.0001,0.0001,0.0002,0.0001,0.0001,0.0001,0.0001,0.0001,0.0001,0.0001,0.0002,0.0001,0.0001,0.0001,0.0001,0.0001,0.1758,0.2066,0.1758,0.2066,1
0,0,0,0,1.6359,1.0906,0.5453,1.6359,1.6359,0,0.5453,0.5453,0,0,4.9077,0,0.5453,0.5453,0,0,0,0,0,0,0.0002,0.0001,0.0001,0.0002,0.0002,0,0.0001,0.0001,0,0,0.0006,0,0.0001,0.0001,0,0,0.2329,0.2218,0.2329,0.2218,1
2.6369,0.5274,0.5274,0.5274,0,1.5822,0,0.5274,0.5274,0,0,0.5274,0.5274,0,4.2191,0,0,0,0,0,0.0002,0,0,0,0,0.0001,0,0,0,0,0,0,0,0,0.0004,0,0,0,0,0,0.2108,0.2619,0.2108,0.2619,1
0,0,0.4945,0,0.4945,0.4945,0.4945,0.4945,0.989,0.989,0.989,0.4945,0.4945,0,2.967,0,0.4945,1.978,0.4945,0,0,0,0,0,0,0,0,0,0.0001,0.0001,0.0001,0,0,0,0.0003,0,0,0.0002,0,0,0.2829,0.2226,0.2829,0.2226,1
1.698,0,1.698,1.698,0,0,0,0.849,0.849,2.1225,0,0.849,0,0.4245,0.4245,0.849,0.4245,0.849,0,0,0.0001,0,0.0001,0.0001,0,0,0,0.0001,0.0001,0.0001,0,0.0001,0,0,0,0.0001,0,0.0001,0,0,0.266,0.3095,0.266,0.3095,1
2.7746,1.1098,0.5549,0,0,0.5549,0,1.1098,0.5549,0.5549,0,0,1.1098,0.5549,1.6648,0,0.5549,0.5549,0,0.5549,0.0002,0.0001,0,0,0,0,0,0.0001,0,0,0,0,0.0001,0,0.0001,0,0,0,0,0,0.2568,0.1883,0.2568,0.1883,1
0.8411,0,0,0,0.8411,0,0,0,3.3643,1.6822,0,0,0.8411,0,0,0,0.8411,1.6822,0,0.8411,0.0002,0,0,0,0.0002,0,0,0,0.0009,0.0004,0,0,0.0002,0,0,0,0.0002,0.0004,0,0.0002,0.0565,0.1024,0.0565,0.1024,1
1.2327,0,0,0.6163,0.6163,1.849,1.2327,0.6163,0.6163,1.849,0,0,1.2327,0,0,0.6163,0.6163,3.0817,0,0,0.0001,0,0,0.0001,0.0001,0.0002,0.0001,0.0001,0.0001,0.0002,0,0,0.0001,0,0,0.0001,0.0001,0.0003,0,0,0.1673,0.2163,0.1673,0.2163,1
0,0,0,0,1.1845,1.7767,0.5922,1.1845,1.7767,1.7767,0.5922,0,0.5922,0,1.1845,1.1845,0,1.7767,0,0,0,0,0,0,0.0001,0.0002,0.0001,0.0001,0.0002,0.0002,0.0001,0,0.0001,0,0.0001,0.0001,0,0.0002,0,0,0.2281,0.1797,0.2281,0.1797,1
0,0,1.0803,1.6204,0,1.6204,0.5401,0,0.5401,0,0,0,1.0803,0,1.6204,0,0.5401,1.6204,0.5401,0.5401,0,0,0.0001,0.0002,0,0.0002,0.0001,0,0.0001,0,0,0,0.0001,0,0.0002,0,0.0001,0.0002,0.0001,0.0001,0.2236,0.2363,0.2236,0.2363,1
0,0.4891,0.4891,0,0,0,0,0.9782,0.9782,0.9782,1.9564,0.4891,0,0,1.4673,0.9782,1.4673,2.4455,0.4891,0.4891,0,0,0,0,0,0,0,0.0001,0.0001,0.0001,0.0001,0,0,0,0.0001,0.0001,0.0001,0.0002,0,0,0.235,0.2759,0.235,0.2759,1
0.5751,0.5751,2.3005,0,0,0.5751,0,0,1.1503,2.3005,0.5751,1.1503,0.5751,0,0,0,1.1503,0,0,0.5751,0,0,0.0002,0,0,0,0,0,0.0001,0.0002,0,0.0001,0,0,0,0,0.0001,0,0,0,0.2191,0.2057,0.2191,0.2057,1
0,0,0.5962,0,0,0.5962,0,0,1.1925,0.5962,0,0.5962,7.1548,1.1925,0.5962,1.7887,1.7887,1.1925,0,0.5962,0,0,0.0001,0,0,0.0001,0,0,0.0001,0.0001,0,0.0001,0.0007,0.0001,0.0001,0.0002,0.0002,0.0001,0,0.0001,0.2262,0.1775,0.2262,0.1775,1
0,0,0,0,0,0,0.6948,2.7791,0.6948,1.3895,2.0843,0,0,0.6948,0.6948,0,2.0843,2.0843,1.3895,0,0,0,0,0,0,0,0.0001,0.0004,0.0001,0.0002,0.0003,0,0,0.0001,0.0001,0,0.0003,0.0003,0.0002,0,0.1583,0.147,0.1583,0.147,1
0.6017,3.0086,0,0.6017,0,1.8051,0,1.2034,1.2034,0.6017,1.8051,0.6017,1.2034,0,0,1.2034,1.2034,1.2034,0.6017,1.2034,0,0.0001,0,0,0,0.0001,0,0,0,0,0.0001,0,0,0,0,0,0,0,0,0,0.2114,0.1869,0.2114,0.1869,1
0.5631,0,0.5631,1.1263,0,0,0,0,1.1263,1.6894,0,1.1263,0,1.1263,1.6894,1.1263,0,0,0,0,0.0001,0,0.0001,0.0001,0,0,0,0,0.0001,0.0002,0,0.0001,0,0.0001,0.0002,0.0001,0,0,0,0,0.2043,0.2326,0.2043,0.2326,1
0,2.7789,0,0,0.5558,1.1115,0,0,0,1.1115,0,0,0,0,2.7789,0,1.1115,0.5558,0,0,0,0.0002,0,0,0,0.0001,0,0,0,0.0001,0,0,0,0,0.0002,0,0.0001,0,0,0,0.2056,0.2386,0.2056,0.2386,1
0,0,0,3.4175,0,0,0,0.9764,2.9293,0.4882,0.4882,0,0.4882,0.4882,0,0.4882,0.9764,0.4882,0,0,0,0,0,0.0004,0,0,0,0.0001,0.0004,0.0001,0.0001,0,0.0001,0.0001,0,0.0001,0.0001,0.0001,0,0,0.2154,0.2964,0.2154,0.2964,1
0.4,0,0.8001,2.8003,0,0,0,1.2001,2.4003,0.4,0,0.4,0,0.8001,0.4,0.4,0.4,0,1.2001,0.4,0,0,0.0001,0.0002,0,0,0,0.0001,0.0002,0,0,0,0,0.0001,0,0,0,0,0.0001,0,0.27,0.33,0.27,0.33,1
0.6265,0.6265,1.8796,0.6265,0.6265,0,0,0,0.6265,1.8796,0.6265,0.6265,0.6265,0,0,1.8796,0,1.2531,0,0,0,0,0.0001,0,0,0,0,0,0,0.0001,0,0,0,0,0,0.0001,0,0.0001,0,0,0.1749,0.1986,0.1749,0.1986,1
0,0,0.9441,2.3603,0.4721,0.4721,0,0,1.8883,1.4162,0.9441,1.8883,0,0,0.4721,0.9441,0.4721,0.4721,0,0,0,0,0.0001,0.0002,0,0,0,0,0.0002,0.0001,0.0001,0.0002,0,0,0,0.0001,0,0,0,0,0.2638,0.2641,0.2638,0.2641,1
3.2392,0,0,0,0,1.2957,0,0,1.2957,1.9435,0,0,0,0,1.2957,0,0.6478,1.2957,0.6478,0,0.0004,0,0,0,0,0.0001,0,0,0.0001,0.0002,0,0,0,0,0.0001,0,0.0001,0.0001,0.0001,0,0.1918,0.1604,0.1918,0.1604,1
0,0.6421,0.6421,0,0.6421,0,0.6421,0,0,1.2842,0.6421,1.9263,0,0,1.2842,0.6421,1.2842,1.9263,0,0.6421,0,0,0,0,0,0,0,0,0,0.0001,0,0.0001,0,0,0.0001,0,0.0001,0.0001,0,0,0.2555,0.1024,0.2555,0.1024,1
0.4797,0.4797,0.4797,0,0.9593,0.4797,2.878,0.4797,0.9593,0.4797,1.439,0.4797,0.9593,0.4797,0.9593,0,1.439,0.9593,0,0,0,0,0,0,0.0001,0,0.0003,0,0.0001,0,0.0001,0,0.0001,0,0.0001,0,0.0001,0.0001,0,0,0.2155,0.3048,0.2155,0.3048,1
0,0,0.6679,0,2.0037,0,0.6679,0.6679,0.6679,0.6679,0.6679,0,2.6716,0,0,0.6679,1.3358,1.3358,0.6679,0.6679,0,0,0.0001,0,0.0002,0,0.0001,0.0001,0.0001,0.0001,0.0001,0,0.0003,0,0,0.0001,0.0001,0.0001,0.0001,0.0001,0.2028,0.1293,0.2028,0.1293,1
1.3372,0,0,0,0,1.3372,1.3372,0,0,0,0.6686,0.6686,1.3372,0,1.3372,0.6686,0.6686,0.6686,0.6686,0.6686,0.0002,0,0,0,0,0.0002,0.0002,0,0,0,0.0001,0.0001,0.0002,0,0.0002,0.0001,0.0001,0.0001,0.0001,0.0001,0.1735,0.1578,0.1735,0.1578,1
0.4213,0,0,3.7914,0,0,0,0.4213,3.3702,1.6851,0.4213,0.4213,0,1.2638,0.4213,0,0,0,0.4213,0,0,0,0,0.0004,0,0,0,0,0.0004,0.0002,0,0,0,0.0001,0,0,0,0,0,0,0.2895,0.2893,0.2895,0.2893,1
0,0.597,1.1941,0.597,0.597,1.7911,0,1.1941,0,1.1941,0,0.597,0,0,0.597,1.1941,0,1.1941,0,0,0,0,0.0001,0,0,0.0001,0,0.0001,0,0.0001,0,0,0,0,0,0.0001,0,0.0001,0,0,0.1999,0.203,0.1999,0.203,1
0,0,0,2.3328,1.3997,0,0,0.9331,2.3328,2.3328,0,0.4666,0.4666,0.9331,0.4666,0,0,0,0,0,0,0,0,0.0002,0.0001,0,0,0.0001,0.0002,0.0002,0,0,0,0.0001,0,0,0,0,0,0,0.2291,0.3044,0.2291,0.3044,1
0.5269,0.5269,2.1075,0.5269,0,0,0,1.0537,0,0.5269,0.5269,0.5269,0.5269,0,0.5269,1.0537,0,0.5269,1.5806,0,0,0,0.0001,0,0,0,0,0.0001,0,0,0,0,0,0,0,0.0001,0,0,0.0001,0,0.2734,0.1998,0.2734,0.1998,1
0,0,0,0,0.6663,3.3316,1.9989,0,0,0,0,0,0,0.6663,0,0.6663,0,1.3326,0,0,0,0,0,0,0.0001,0.0005,0.0003,0,0,0,0,0,0,0.0001,0,0.0001,0,0.0002,0,0,0.1836,0.1501,0.1836,0.1501,1
2.0639,1.376,0,0,0,0,0.688,0.688,0.688,2.7519,0.688,0,0,0.688,0.688,0,0.688,0,0,1.376,0.0001,0.0001,0,0,0,0,0,0,0,0.0002,0,0,0,0,0,0,0,0,0,0.0001,0.1755,0.1366,0.1755,0.1366,1
0,0.6345,0.6345,0.6345,0,0,1.269,0.6345,0,0,0.6345,1.269,1.269,0,1.9035,1.269,0,0.6345,0,0,0,0.0001,0.0001,0.0001,0,0,0.0001,0.0001,0,0,0.0001,0.0001,0.0001,0,0.0002,0.0001,0,0.0001,0,0,0.1926,0.1729,0.1926,0.1729,1
1.1547,0,0,0.5773,0.5773,1.732,1.1547,0.5773,1.1547,2.3093,0,0,1.1547,0,0,0.5773,0,3.464,0,0,0.0001,0,0,0,0,0.0001,0.0001,0,0.0001,0.0002,0,0,0.0001,0,0,0,0,0.0003,0,0,0.177,0.2457,0.177,0.2457,1
0.9399,0,0.4699,2.8196,0.4699,0,0.9399,0.4699,0.4699,1.4098,1.4098,0.4699,0.4699,0.9399,0.9399,0,0.9399,0,0,0,0.0001,0,0,0.0003,0,0,0.0001,0,0,0.0001,0.0001,0,0,0.0001,0.0001,0,0.0001,0,0,0,0.2794,0.2506,0.2794,0.2506,1
3.9165,0.5595,0,0,0,2.238,0.5595,0.5595,1.119,2.238,0,0.5595,0.5595,0.5595,0.5595,0,1.6785,0,1.119,0,0.0003,0,0,0,0,0.0001,0,0,0.0001,0.0001,0,0,0,0,0,0,0.0001,0,0.0001,0,0.2388,0.2017,0.2388,0.2017,1
1.2547,0,0,1.2547,2.5093,0,0,1.2547,1.2547,0.6273,0.6273,0.6273,1.882,0,0,0.6273,0,0.6273,0,0,0.0001,0,0,0.0001,0.0002,0,0,0.0001,0.0001,0.0001,0.0001,0.0001,0.0002,0,0,0.0001,0,0.0001,0,0,0.2254,0.1473,0.2254,0.1473,1
0,0,0,0,0,0,0,0,0.677,1.354,1.354,0.677,1.354,0,1.354,0.677,0.677,1.354,0,0,0,0,0,0,0,0,0,0,0.0001,0.0002,0.0002,0.0001,0.0002,0,0.0002,0.0001,0.0001,0.0002,0,0,0.1706,0.1524,0.1706,0.1524,1
1.0388,1.0388,0,0,2.0777,0,0,0,2.0777,1.0388,1.0388,0.5194,0.5194,0,1.0388,0,1.0388,1.0388,0,0.5194,0.0001,0.0001,0,0,0.0001,0,0,0,0.0001,0.0001,0.0001,0,0,0,0.0001,0,0.0001,0.0001,0,0,0.289,0.1916,0.289,0.1916,1
0,0,0.6886,0,0.6886,0,0,0,1.3773,0,0.6886,0,0,0,0.6886,0,0,0.6886,0.6886,1.3773,0,0,0.0001,0,0.0001,0,0,0,0.0003,0,0.0001,0,0,0,0.0001,0,0,0.0001,0.0001,0.0003,0.2125,0.0989,0.2125,0.0989,1
0.8686,0.4343,0.4343,3.0401,0.4343,0.4343,0,0,1.7372,0.8686,0.4343,1.3029,0.4343,0.8686,0,0.4343,0.8686,0,0,0.4343,0.0001,0,0,0.0003,0,0,0,0,0.0002,0.0001,0,0.0001,0,0.0001,0,0,0.0001,0,0,0,0.2308,0.3349,0.2308,0.3349,1
0.5145,1.029,0,0.5145,0,1.029,0,1.5435,2.058,0.5145,1.029,0.5145,0,0,1.029,1.029,1.5435,0,0.5145,0,0,0.0001,0,0,0,0.0001,0,0.0001,0.0001,0,0.0001,0,0,0,0.0001,0.0001,0.0001,0,0,0,0.2237,0.2618,0.2237,0.2618,1
0,0.625,1.875,0.625,0.625,0,0,1.875,0,1.875,0,0.625,0.625,0,0,1.875,0.625,0.625,0,0,0,0,0.0001,0,0,0,0,0.0001,0,0.0001,0,0,0,0,0,0.0001,0,0,0,0,0.1997,0.1753,0.1997,0.1753,1
3.5974,0.5996,0.5996,0.5996,1.1991,2.3983,0,1.1991,0.5996,0.5996,0,1.1991,0,0,0,1.1991,1.7987,2.3983,0,0,0.0002,0,0,0,0.0001,0.0001,0,0.0001,0,0,0,0.0001,0,0,0,0.0001,0.0001,0.0001,0,0,0.1861,0.2144,0.1861,0.2144,1
0.4872,0.4872,0,0,1.4617,1.4617,1.4617,0,0.4872,2.4361,0,0,0,0,1.4617,0,0,0.9745,0,0,0,0,0,0,0.0001,0.0001,0.0001,0,0,0.0002,0,0,0,0,0.0001,0,0,0.0001,0,0,0.216,0.2968,0.216,0.2968,1
0,0,0,0,1.7268,0,0,0.8634,3.4537,1.7268,0,0,0.8634,0,0,0,0,1.7268,0,0.8634,0,0,0,0,0.0005,0,0,0.0003,0.0011,0.0005,0,0,0.0003,0,0,0,0,0.0005,0,0.0003,0.0525,0.0841,0.0525,0.0841,1
1.7441,0,1.1627,0,0,0,0,0.5814,0.5814,0.5814,1.1627,0.5814,0.5814,0,1.7441,0,0,0,0,0.5814,0.0002,0,0.0001,0,0,0,0,0.0001,0.0001,0.0001,0.0001,0.0001,0.0001,0,0.0002,0,0,0,0,0.0001,0.1878,0.2308,0.1878,0.2308,1
3.299,0,0,0,0,0,0,0,1.6495,3.299,0,0,0.8247,0,1.6495,0.8247,0,1.6495,0,0,0.0005,0,0,0,0,0,0,0,0.0003,0.0005,0,0,0.0001,0,0.0003,0.0001,0,0.0003,0,0,0.0665,0.1087,0.0665,0.1087,1
1.1311,0.5655,0,0,1.1311,0.5655,0,1.1311,1.1311,0,0.5655,0,0.5655,0,3.3932,0,0.5655,1.6966,0.5655,0,0.0001,0,0,0,0.0001,0,0,0.0001,0.0001,0,0,0,0,0,0.0003,0,0,0.0001,0,0,0.1732,0.2613,0.1732,0.2613,1
0.5394,2.1576,0,0.5394,3.2365,0,0,0,1.6182,0,1.0788,1.0788,0,0,0,0.5394,2.697,0,0,0,0,0.0001,0,0,0.0002,0,0,0,0.0001,0,0.0001,0.0001,0,0,0,0,0.0001,0,0,0,0.2342,0.2264,0.2342,0.2264,1
2.1876,0,0,0,0,0,0,0,4.3752,0,0,0,0,0,0,0,0.7292,2.1876,0,0.7292,0.0005,0,0,0,0,0,0,0,0.001,0,0,0,0,0,0,0,0.0002,0.0005,0,0.0002,0.106,0.1648,0.106,0.1648,1
0,0.7468,0.7468,0,2.2403,0,0.7468,0.7468,0,2.2403,0.7468,1.4935,0.7468,0,0,0,0.7468,0,0,0,0,0.0001,0.0001,0,0.0002,0,0.0001,0.0001,0,0.0002,0.0001,0.0001,0.0001,0,0,0,0.0001,0,0,0,0.105,0.1483,0.105,0.1483,1
2.6124,2.6124,0.5225,0.5225,0,1.0449,1.0449,0,0.5225,1.0449,0.5225,0,0,0.5225,0,1.5674,1.0449,0.5225,1.5674,0,0.0001,0.0001,0,0,0,0,0,0,0,0,0,0,0,0,0,0.0001,0,0,0.0001,0,0.2031,0.2744,0.2031,0.2744,1
0,0,1.0295,0.5148,0.5148,0,0,0.5148,0.5148,0.5148,0,1.0295,0.5148,0.5148,1.5443,0.5148,1.0295,2.5738,0.5148,0,0,0,0.0001,0,0,0,0,0,0,0,0,0.0001,0,0,0.0001,0,0.0001,0.0002,0,0,0.2616,0.2236,0.2616,0.2236,1
0.8744,0,0,3.4977,0.4372,0,0,1.3116,3.0605,1.3116,0,0.8744,0.4372,0.8744,0,0.4372,0,0,0,0,0.0001,0,0,0.0003,0,0,0,0.0001,0.0003,0.0001,0,0.0001,0,0.0001,0,0,0,0,0,0,0.2405,0.3223,0.2405,0.3223,1
0,0.5821,0.5821,0,0,0.5821,0.5821,1.1642,2.3284,0.5821,1.7463,0.5821,0.5821,0,0,1.1642,0.5821,0.5821,0,0,0,0.0001,0.0001,0,0,0.0001,0.0001,0.0001,0.0002,0.0001,0.0002,0.0001,0.0001,0,0,0.0001,0.0001,0.0001,0,0,0.1819,0.236,0.1819,0.236,1
1.0394,0,0,0,1.5592,0,0,0.5197,2.0789,0,1.0394,0.5197,2.0789,0,1.0394,1.0394,1.5592,2.0789,0,0,0.0001,0,0,0,0.0002,0,0,0.0001,0.0002,0,0.0001,0.0001,0.0002,0,0.0001,0.0001,0.0002,0.0002,0,0,0.2158,0.2645,0.2158,0.2645,1
1.0832,0.5416,1.0832,0,0,2.1664,0,0,0.5416,0,1.0832,0,0,1.0832,1.0832,1.6248,0.5416,0.5416,0.5416,0,0.0001,0,0.0001,0,0,0.0002,0,0,0,0,0.0001,0,0,0.0001,0.0001,0.0001,0,0,0,0,0.2086,0.2498,0.2086,0.2498,1
0.5581,0,0,1.1163,0,0.5581,0,0,0,0,0,0.5581,0,0,5.5813,0.5581,0,0,1.1163,0,0.0001,0,0,0.0002,0,0.0001,0,0,0,0,0,0.0001,0,0,0.0009,0.0001,0,0,0.0002,0,0.2467,0.1951,0.2467,0.1951,1
2.2043,0,0,1.1022,0.5511,1.1022,0.5511,0,1.1022,0,0,0,1.1022,1.1022,0,0,0.5511,1.1022,0,1.1022,0.0002,0,0,0.0001,0.0001,0.0001,0.0001,0,0.0001,0,0,0,0.0001,0.0001,0,0,0.0001,0.0001,0,0.0001,0.2148,0.2341,0.2148,0.2341,1
0.8123,0,0,0,2.437,0,0,0,2.437,2.437,0,0.8123,0,0,0,0,0.8123,0.8123,0.8123,0,0.0001,0,0,0,0.0004,0,0,0,0.0004,0.0004,0,0.0001,0,0,0,0,0.0001,0.0001,0.0001,0,0.0776,0.11,0.0776,0.11,1
1.4318,0.7159,0.7159,0.7159,1.4318,0,0,2.1476,0,1.4318,0.7159,0,2.1476,0,0,0.7159,1.4318,0.7159,0,0,0.0001,0.0001,0.0001,0.0001,0.0001,0,0,0.0002,0,0.0001,0.0001,0,0.0002,0,0,0.0001,0.0001,0.0001,0,0,0.1512,0.1329,0.1512,0.1329,1
0,0,0,1.5329,0,0.511,1.5329,1.0219,1.5329,0.511,0,0,0,1.0219,1.0219,0,0.511,0.511,0.511,0.511,0,0,0,0.0002,0,0.0001,0.0002,0.0001,0.0002,0.0001,0,0,0,0.0001,0.0001,0,0.0001,0.0001,0.0001,0.0001,0.2415,0.2475,0.2415,0.2475,1
0,0,0,0,0.5419,0,0.5419,1.0838,1.0838,3.7933,0,0.5419,3.7933,1.0838,1.6257,1.0838,0.5419,0,0,0.5419,0,0,0,0,0.0001,0,0.0001,0.0001,0.0001,0.0004,0,0.0001,0.0004,0.0001,0.0002,0.0001,0.0001,0,0,0.0001,0.2001,0.258,0.2001,0.258,1
0,0,0,0.5149,0.5149,0.5149,0.5149,0,0.5149,2.0596,0,0,0.5149,0,2.0596,0,1.0298,0.5149,0.5149,0,0,0,0,0.0001,0.0001,0.0001,0.0001,0,0.0001,0.0003,0,0,0.0001,0,0.0003,0,0.0001,0.0001,0.0001,0,0.2302,0.2549,0.2302,0.2549,1
1.7501,0.5834,0.5834,0.5834,0,0,2.3334,0.5834,1.1667,0,1.1667,0,0,0.5834,0,0,1.1667,1.1667,0,0,0.0002,0.0001,0.0001,0.0001,0,0,0.0002,0.0001,0.0001,0,0.0001,0,0,0.0001,0,0,0.0001,0.0001,0,0,0.2288,0.1879,0.2288,0.1879,1
0.6109,0.6109,1.2218,0,0.6109,0,0,0,0,0,0.6109,0.6109,0.6109,0,1.8327,1.8327,0,0.6109,1.2218,0,0,0,0.0001,0,0,0,0,0,0,0,0,0,0,0,0.0001,0.0001,0,0,0.0001,0,0.1491,0.24,0.1491,0.24,1
0,0,0,0.5464,0.5464,1.6392,0,0,1.6392,1.0928,0.5464,0.5464,0,0,2.1855,0,1.0928,0.5464,0,0,0,0,0,0.0001,0.0001,0.0002,0,0,0.0002,0.0001,0.0001,0.0001,0,0,0.0003,0,0.0001,0.0001,0,0,0.2563,0.1973,0.2563,0.1973,1
1.107,0,1.107,1.107,0,0,0,1.6605,1.6605,0.5535,1.107,0.5535,0,0,0,0.5535,0,0,0.5535,1.107,0.0001,0,0.0001,0.0001,0,0,0,0.0001,0.0001,0,0.0001,0,0,0,0,0,0,0,0,0.0001,0.2321,0.2143,0.2321,0.2143,1
0.4207,0.8414,0,0.4207,2.5243,0,1.6829,0.4207,0.8414,1.2621,0.4207,0,0,0,2.1036,0,0.4207,0.4207,0,0,0,0.0001,0,0,0.0002,0,0.0001,0,0.0001,0.0001,0,0,0,0,0.0002,0,0,0,0,0,0.265,0.3143,0.265,0.3143,1
0.5496,0,0.5496,0.5496,1.0991,3.8469,0,0,0,2.1982,0,2.1982,0,0,0.5496,0,1.0991,0,0.5496,0,0,0,0,0,0.0001,0.0002,0,0,0,0.0001,0,0.0001,0,0,0,0,0.0001,0,0,0,0.2236,0.2268,0.2236,0.2268,1
2.2165,0,0,0.7388,0,0,0,0,2.9554,0.7388,0.7388,0,0,0,0,0,0.7388,2.2165,0,0,0.0004,0,0,0.0001,0,0,0,0,0.0005,0.0001,0.0001,0,0,0,0,0,0.0001,0.0004,0,0,0.1525,0.1087,0.1525,0.1087,1
1.0797,0.5399,0,1.0797,0.5399,0,1.0797,0,1.6196,0.5399,0,0.5399,1.6196,0.5399,1.0797,0.5399,0.5399,0,0,1.0797,0.0001,0,0,0.0001,0,0,0.0001,0,0.0001,0,0,0,0.0001,0,0.0001,0,0,0,0,0.0001,0.2282,0.2319,0.2282,0.2319,1
2.0841,0,0,1.3894,0,4.1683,0,0,0,3.4736,0,0,0,0,0,0.6947,0.6947,0.6947,0,0,0.0002,0,0,0.0001,0,0.0004,0,0,0,0.0003,0,0,0,0,0,0.0001,0.0001,0.0001,0,0,0.1504,0.1549,0.1504,0.1549,1
1.3193,0,0,0,0.6597,0,0,0,0.6597,0.6597,0,0.6597,1.3193,0,2.6387,0,0.6597,0.6597,0,0.6597,0.0003,0,0,0,0.0001,0,0,0,0.0001,0.0001,0,0.0001,0.0003,0,0.0005,0,0.0001,0.0001,0,0.0001,0.1578,0.1825,0.1578,0.1825,1
3.3897,0,0,0,0,0,0,0,1.6948,1.6948,0,0,0.8474,0,1.6948,0,0,1.6948,0,0,0.0008,0,0,0,0,0,0,0,0.0004,0.0004,0,0,0.0002,0,0.0004,0,0,0.0004,0,0,0.0581,0.0945,0.0581,0.0945,1
0,0.4921,0.9842,0,0.4921,2.9525,0,0,0.9842,0.9842,1.4763,0.9842,0.4921,0,2.9525,0,0.4921,0,0.4921,0,0,0,0.0001,0,0,0.0002,0,0,0.0001,0.0001,0.0001,0.0001,0,0,0.0002,0,0,0,0,0,0.2315,0.2764,0.2315,0.2764,1
0.6205,0,1.241,0,0,0,0,0,1.241,0,0,0.6205,3.1026,0,2.4821,0,0,0,0,0,0.0001,0,0.0002,0,0,0,0,0,0.0002,0,0,0.0001,0.0005,0,0.0004,0,0,0,0,0,0.2087,0.1708,0.2087,0.1708,1
0.4565,0,0.4565,2.7392,0.4565,0,0.4565,0.9131,1.8262,0.4565,0.9131,0.4565,0,0.9131,0.4565,0.4565,0,0,0.4565,0.4565,0,0,0,0.0003,0,0,0,0.0001,0.0002,0,0.0001,0,0,0.0001,0,0,0,0,0,0,0.2644,0.2791,0.2644,0.2791,1
1.3862,1.3862,2.3104,0.4621,0,0.9241,0.9241,0,0.4621,1.3862,0,0,0,0,0,1.3862,0.4621,1.3862,0.4621,0.9241,0.0001,0.0001,0.0001,0,0,0,0,0,0,0.0001,0,0,0,0,0,0.0001,0,0.0001,0,0,0.2621,0.2758,0.2621,0.2758,1
0.6562,0,0,1.3123,1.9685,0,0,1.3123,0.6562,0.6562,0.6562,0.6562,2.6247,0,0,1.3123,0,1.3123,0,0,0.0001,0,0,0.0001,0.0002,0,0,0.0001,0.0001,0.0001,0.0001,0.0001,0.0002,0,0,0.0001,0,0.0001,0,0,0.1989,0.1449,0.1989,0.1449,1
0.9053,0,1.3579,0,0,1.3579,0.9053,0,0.9053,0.4526,0.9053,0.9053,0.4526,0.4526,1.8106,0.4526,0.4526,0.4526,0,0.9053,0.0001,0,0.0001,0,0,0.0001,0.0001,0,0.0001,0,0.0001,0.0001,0,0,0.0002,0,0,0,0,0.0001,0.2291,0.3182,0.2291,0.3182,1
1.1922,3.5767,0,0.5961,0.5961,1.7883,0,1.1922,1.1922,0.5961,0,1.1922,1.7883,0,0.5961,1.1922,0.5961,1.1922,0,0.5961,0,0.0001,0,0,0,0.0001,0,0,0,0,0,0,0.0001,0,0,0,0,0,0,0,0.2261,0.1778,0.2261,0.1778,1
0,0,2.1032,0,0,0,0,1.4021,1.4021,0.7011,2.1032,0,0,0.7011,0,0,0,1.4021,0,0.7011,0,0,0.0003,0,0,0,0,0.0002,0.0002,0.0001,0.0003,0,0,0.0001,0,0,0,0.0002,0,0.0001,0.1786,0.1203,0.1786,0.1203,1
0,0,2.1909,0.7303,0,0,0,0,0.7303,1.4606,0.7303,2.1909,0.7303,0.7303,0,0,1.4606,0,0,0,0,0,0.0003,0.0001,0,0,0,0,0.0001,0.0002,0.0001,0.0003,0.0001,0.0001,0,0,0.0002,0,0,0,0.1353,0.1344,0.1353,0.1344,1
1.7263,0,1.7263,1.1509,0,0,0,0.5754,1.7263,0,0,0.5754,0,0,0.5754,2.3017,1.1509,1.7263,0,0,0.0001,0,0.0001,0.0001,0,0,0,0,0.0001,0,0,0,0,0,0,0.0002,0.0001,0.0001,0,0,0.1971,0.2274,0.1971,0.2274,1
1.5502,0,0,0,0,0,0,0,3.8755,0.7751,0,0,0,0,0,0,0.7751,3.1004,0,0,0.0004,0,0,0,0,0,0,0,0.0011,0.0002,0,0,0,0,0,0,0.0002,0.0009,0,0,0.0903,0.1346,0.0903,0.1346,1
1.6783,0,0,0,0,0,0,0,3.3567,0.8392,0,0,0.8392,0,0,0,0.8392,2.5175,0,0.8392,0.0004,0,0,0,0,0,0,0,0.0008,0.0002,0,0,0.0002,0,0,0,0.0002,0.0006,0,0.0002,0.0664,0.0944,0.0664,0.0944,1
1.1276,0.5638,0.5638,0.5638,0,0,0.5638,1.1276,0.5638,1.6913,0,0.5638,1.6913,0.5638,0.5638,0.5638,1.6913,1.6913,0,0,0.0001,0,0,0,0,0,0,0.0001,0,0.0001,0,0,0.0001,0,0,0,0.0001,0.0001,0,0,0.2159,0.2203,0.2159,0.2203,1
0,0.6742,0.6742,0.6742,0.6742,0,0,2.0226,0,0.6742,0.6742,0.6742,0.6742,0,0.6742,0.6742,0,1.3484,0,0,0,0,0,0,0,0,0,0.0001,0,0,0,0,0,0,0,0,0,0.0001,0,0,0.183,0.1427,0.183,0.1427,1
0.8481,0,0,0,1.6961,0,0,0,3.3922,0.8481,0,0,0.8481,0,0,0,0.8481,1.6961,0,0.8481,0.0002,0,0,0,0.0005,0,0,0,0.001,0.0002,0,0,0.0002,0,0,0,0.0002,0.0005,0,0.0002,0.0559,0.0961,0.0559,0.0961,1
0.5978,0.5978,0,0,1.1957,2.3914,1.1957,0,0,0,0,0,2.3914,0,1.1957,0,0.5978,0.5978,0,1.7935,0.0001,0.0001,0,0,0.0001,0.0002,0.0001,0,0,0,0,0,0.0002,0,0.0001,0,0.0001,0.0001,0,0.0002,0.2381,0.1641,0.2381,0.1641,1
0.9968,0.4984,0.4984,3.4887,0,0,0.4984,0.9968,0.4984,1.4952,0.4984,1.9935,0.4984,0.9968,0,0.9968,0,0.4984,0,0.4984,0.0001,0,0,0.0003,0,0,0,0.0001,0,0.0001,0,0.0001,0,0.0001,0,0.0001,0,0,0,0,0.2662,0.2354,0.2662,0.2354,1
1.598,0,0,0,0.799,0,0,0,3.1959,0,0,0.799,0,0.799,0,0.799,0.799,3.1959,0,0.799,0.0003,0,0,0,0.0001,0,0,0,0.0006,0,0,0.0001,0,0.0001,0,0.0001,0.0001,0.0006,0,0.0001,0.0753,0.1258,0.0753,0.1258,1
0,3.4246,0,0,0,2.2831,0,0.5708,0,1.7123,0,0,0,0,2.2831,0,0,0,0,0,0,0.0002,0,0,0,0.0001,0,0,0,0.0001,0,0,0,0,0.0001,0,0,0,0,0,0.2227,0.2065,0.2227,0.2065,1
1.7366,0,0,0,2.1707,0.8683,0,0,1.3024,1.3024,0,0,0,0,2.6049,0,0,0,0,0,0.0002,0,0,0,0.0002,0.0001,0,0,0.0001,0.0001,0,0,0,0,0.0003,0,0,0,0,0,0.2505,0.3153,0.2505,0.3153,1
0,2.696,1.0784,1.0784,0,2.696,0,0.5392,0,0.5392,0,1.0784,1.6176,0,0.5392,0,2.696,1.0784,0.5392,0,0,0.0001,0,0,0,0.0001,0,0,0,0,0,0,0.0001,0,0,0,0.0001,0,0,0,0.2159,0.2449,0.2159,0.2449,1
0,0,0.6312,0.6312,0,0.6312,0,0.6312,1.2624,1.2624,0,0.6312,0.6312,0,3.1561,0,0,0,0,0.6312,0,0,0.0001,0.0001,0,0.0001,0,0.0001,0.0002,0.0002,0,0.0001,0.0001,0,0.0004,0,0,0,0,0.0001,0.1782,0.1906,0.1782,0.1906,1
0.6526,0.6526,1.3052,0,0.6526,0,0.6526,0,1.3052,0,0,0,0.6526,0,1.9578,0,0.6526,0.6526,0.6526,0,0.0001,0.0001,0.0001,0,0.0001,0,0.0001,0,0.0001,0,0,0,0.0001,0,0.0002,0,0.0001,0.0001,0.0001,0,0.1673,0.1801,0.1673,0.1801,1
2.1609,0.5402,0.5402,0,0.5402,0,0,1.0804,0,0.5402,0,0.5402,1.0804,0,2.1609,0.5402,1.0804,0,0,0.5402,0.0002,0,0,0,0,0,0,0.0001,0,0,0,0,0.0001,0,0.0002,0,0.0001,0,0,0,0.2103,0.2495,0.2103,0.2495,1
1.0365,0,1.0365,0,1.5547,0.5182,0.5182,1.5547,1.0365,0,0.5182,0,1.0365,0,0.5182,0.5182,1.0365,2.5912,0,0,0.0001,0,0.0001,0,0.0001,0,0,0.0001,0.0001,0,0,0,0.0001,0,0,0,0.0001,0.0002,0,0,0.2384,0.2434,0.2384,0.2434,1
1.2001,0.6001,1.8002,0,0,0.6001,0,0,0.6001,1.8002,0.6001,1.2001,1.8002,0,0,0,1.2001,0,0.6001,0,0.0001,0,0.0001,0,0,0,0,0,0,0.0001,0,0.0001,0.0001,0,0,0,0.0001,0,0,0,0.1902,0.2097,0.1902,0.2097,1
0.6223,0,1.8669,0,0,0.6223,0.6223,0.6223,0,0.6223,0,0,0.6223,0.6223,0.6223,0.6223,0,1.8669,0.6223,0,0.0001,0,0.0002,0,0,0.0001,0.0001,0.0001,0,0.0001,0,0,0.0001,0.0001,0.0001,0.0001,0,0.0002,0.0001,0,0.2225,0.1552,0.2225,0.1552,1
0.7039,0,0,0,0,0,0.7039,0,0.7039,1.4077,0,0,0,0.7039,1.4077,0.7039,0,0,0.7039,0,0.0001,0,0,0,0,0,0.0001,0,0.0001,0.0003,0,0,0,0.0001,0.0003,0.0001,0,0,0.0001,0,0.1972,0.0989,0.1972,0.0989,1
3.1706,0,0.6341,0,1.2682,0,0.6341,0,0,0,0,1.2682,0.6341,0,1.2682,0,0.6341,0,0,0,0.0004,0,0.0001,0,0.0002,0,0.0001,0,0,0,0,0.0002,0.0001,0,0.0002,0,0.0001,0,0,0,0.1949,0.171,0.1949,0.171,1
0,0,0.4106,3.6951,0,0,0,1.2317,2.874,0.4106,0.4106,0,0,0.8211,0,0.4106,0.8211,0,0.8211,0.4106,0,0,0,0.0003,0,0,0,0.0001,0.0003,0,0,0,0,0.0001,0,0,0.0001,0,0.0001,0,0.2559,0.3335,0.2559,0.3335,1
2.3012,0,1.5341,0.7671,0.7671,0,0,0,0,0,0.7671,0,0,0,0,3.0682,0,1.5341,0,0.7671,0.0002,0,0.0001,0.0001,0.0001,0,0,0,0,0,0.0001,0,0,0,0,0.0003,0,0.0001,0,0.0001,0.122,0.111,0.122,0.111,1
0,0,1.0626,0,1.5939,0,0.5313,0,2.1253,0.5313,0.5313,1.0626,0,0,0.5313,0,1.5939,0.5313,0,0.5313,0,0,0.0001,0,0.0002,0,0.0001,0,0.0002,0.0001,0.0001,0.0001,0,0,0.0001,0,0.0002,0.0001,0,0.0001,0.2453,0.2234,0.2453,0.2234,1
0,1.0606,0.5303,0,1.0606,0,0.5303,1.591,0.5303,0,2.1213,0,0,0.5303,2.6516,0,2.1213,0.5303,0,1.0606,0,0.0001,0,0,0.0001,0,0,0.0001,0,0,0.0002,0,0,0,0.0002,0,0.0002,0,0,0.0001,0.2283,0.2414,0.2283,0.2414,1
1.585,0,0.5283,0.5283,0.5283,1.585,0,1.0567,1.585,0,0,1.0567,1.0567,0,1.585,0.5283,0.5283,0,0,0,0.0001,0,0,0,0,0.0001,0,0.0001,0.0001,0,0,0.0001,0.0001,0,0.0001,0,0,0,0,0,0.2246,0.247,0.2246,0.247,1
0,2.3266,0,0,0.5817,1.745,0,0,0,0.5817,0,0,0,0,3.49,0,0,1.1633,0,0.5817,0,0.0001,0,0,0,0.0001,0,0,0,0,0,0,0,0,0.0002,0,0,0.0001,0,0,0.1907,0.2276,0.1907,0.2276,1
0,1.4012,0,0.7006,0,0.7006,0,0,0.7006,1.4012,0,0,0.7006,0,0,0,1.4012,0.7006,1.4012,0,0,0.0001,0,0.0001,0,0.0001,0,0,0.0001,0.0001,0,0,0.0001,0,0,0,0.0001,0.0001,0.0001,0,0.1361,0.1633,0.1361,0.1633,1
1.4171,0,0,0.4724,0.9447,0,0.9447,0,1.4171,0.4724,0,0.4724,0.9447,0,1.8895,0,0.9447,1.8895,0,0.4724,0.0002,0,0,0.0001,0.0001,0,0.0001,0,0.0002,0.0001,0,0.0001,0.0001,0,0.0002,0,0.0001,0.0002,0,0.0001,0.2557,0.272,0.2557,0.272,1
0,0.5646,1.1293,0,0.5646,1.1293,0,0,0.5646,0.5646,2.2585,0.5646,1.1293,0,1.6939,1.1293,2.8232,0,1.1293,0.5646,0,0,0.0001,0,0,0.0001,0,0,0,0,0.0001,0,0.0001,0,0.0001,0.0001,0.0002,0,0.0001,0,0.1997,0.2357,0.1997,0.2357,1
0,0,0,0,0,0,0,0.7906,0,1.5812,0.7906,0.7906,2.3718,0.7906,0.7906,1.5812,0,0.7906,0,0,0,0,0,0,0,0,0,0.0001,0,0.0002,0.0001,0.0001,0.0003,0.0001,0.0001,0.0002,0,0.0001,0,0,0.1056,0.1038,0.1056,0.1038,1
0.5088,0,0.5088,0.5088,0.5088,1.0176,0,0,1.0176,0.5088,1.0176,0.5088,0.5088,0,1.5265,1.0176,1.5265,0,0.5088,0,0.0001,0,0.0001,0.0001,0.0001,0.0001,0,0,0.0001,0.0001,0.0001,0.0001,0.0001,0,0.0002,0.0001,0.0002,0,0.0001,0,0.244,0.2471,0.244,0.2471,1
1.0351,0.5176,0,1.5527,0.5176,0,0.5176,0,2.5878,1.0351,2.5878,1.0351,0,0,2.0703,0.5176,0,0.5176,0,0,0.0001,0,0,0.0001,0,0,0,0,0.0002,0.0001,0.0002,0.0001,0,0,0.0002,0,0,0,0,0,0.2975,0.1849,0.2975,0.1849,1
0,0,0,0,0,0.7617,0,0,0.7617,0,0,0,0,0,4.5705,0,0,0,0,1.5235,0,0,0,0,0,0.0003,0,0,0.0003,0,0,0,0,0,0.0019,0,0,0,0,0.0006,0.1661,0.0722,0.1661,0.0722,1
0,0,0.6075,0,0,0,0.6075,1.2149,1.2149,0,0.6075,0.6075,0,0,0,0.6075,1.2149,1.2149,0,1.8224,0,0,0.0001,0,0,0,0.0001,0.0001,0.0001,0,0.0001,0.0001,0,0,0,0.0001,0.0001,0.0001,0,0.0002,0.1681,0.2244,0.1681,0.2244,1
1.0315,0,1.0315,1.0315,0,1.5473,1.0315,0.5158,0,3.6103,0.5158,0.5158,2.5788,0,0,0.5158,0.5158,1.0315,0,0,0.0001,0,0.0001,0.0001,0,0.0001,0.0001,0,0,0.0002,0,0,0.0002,0,0,0,0,0.0001,0,0,0.246,0.2383,0.246,0.2383,1
1.3395,0.6698,0.6698,0,0.6698,1.3395,0,0.6698,0,1.3395,0.6698,1.3395,2.0093,0,0.6698,0,0.6698,0.6698,1.3395,0,0.0001,0,0,0,0,0.0001,0,0,0,0.0001,0,0.0001,0.0001,0,0,0,0,0,0.0001,0,0.157,0.1733,0.157,0.1733,1
0.6609,0.6609,0,0.6609,1.3219,0,0,0.6609,0.6609,3.3047,0,0,0.6609,0,0.6609,0,1.9828,0,0.6609,0,0.0001,0.0001,0,0.0001,0.0001,0,0,0.0001,0.0001,0.0003,0,0,0.0001,0,0.0001,0,0.0002,0,0.0001,0,0.1878,0.1513,0.1878,0.1513,1
0.6184,1.2368,1.2368,0,0,0,0.6184,0,0.6184,0.6184,0.6184,0.6184,0,0,1.2368,0,1.2368,0.6184,0,0,0,0.0001,0.0001,0,0,0,0,0,0,0,0,0,0,0,0.0001,0,0.0001,0,0,0,0.1969,0.1847,0.1969,0.1847,1
1.6544,0,0,0,2.4816,0,0,0,3.3087,3.3087,0,0,0,0,0,0,0.8272,0,0,0,0.0003,0,0,0,0.0005,0,0,0,0.0007,0.0007,0,0,0,0,0,0,0.0002,0,0,0,0.0617,0.1111,0.0617,0.1111,1
0,0,0,0,5.492,0.7846,0,0.7846,0,1.5691,0,0,0.7846,0,0.7846,0,1.5691,0.7846,0.7846,0,0,0,0,0,0.0011,0.0002,0,0.0002,0,0.0003,0,0,0.0002,0,0.0002,0,0.0003,0.0002,0.0002,0,0.1032,0.1122,0.1032,0.1122,1
1.1628,0.5814,1.7442,0,0,0,0.5814,2.3256,0.5814,1.1628,0,1.1628,1.7442,0,0,0.5814,1.7442,0.5814,0,0,0.0001,0,0.0001,0,0,0,0,0.0002,0,0.0001,0,0.0001,0.0001,0,0,0,0.0001,0,0,0,0.2052,0.2134,0.2052,0.2134,1
1.234,0.617,0.617,0,1.234,0,0.617,0.617,1.234,0.617,0,0,0,0,1.234,0,1.234,0.617,0,0,0.0001,0.0001,0.0001,0,0.0001,0,0.0001,0.0001,0.0001,0.0001,0,0,0,0,0.0001,0,0.0001,0.0001,0,0,0.1706,0.2124,0.1706,0.2124,1
0.8271,0,0,0,0,0,0,0,3.3085,1.6543,0,0.8271,0,0,0,0,0.8271,2.4814,0,0.8271,0.0002,0,0,0,0,0,0,0,0.0006,0.0003,0,0.0002,0,0,0,0,0.0002,0.0005,0,0.0002,0.0701,0.1028,0.0701,0.1028,1
1.1527,1.1527,0.5764,1.1527,0,2.8818,0,2.3054,0.5764,0.5764,0,0,0,0,1.7291,1.7291,0.5764,0.5764,0.5764,0,0.0001,0.0001,0,0.0001,0,0.0001,0,0.0001,0,0,0,0,0,0,0.0001,0.0001,0,0,0,0,0.1982,0.2255,0.1982,0.2255,1
0.9806,0,0,0.4903,1.471,1.9613,0.4903,0,0.9806,2.4516,0,0,0.4903,0,0.4903,0.4903,0.4903,0.9806,0,0,0.0001,0,0,0,0.0001,0.0002,0,0,0.0001,0.0002,0,0,0,0,0,0,0,0.0001,0,0,0.2434,0.2662,0.2434,0.2662,1
0.6339,0,0,1.2678,1.9017,0,0,1.2678,1.2678,0,0.6339,0,2.5356,0,0,1.2678,0,1.9017,0,0,0.0001,0,0,0.0001,0.0002,0,0,0.0001,0.0001,0,0.0001,0,0.0003,0,0,0.0001,0,0.0002,0,0,0.226,0.1401,0.226,0.1401,1
1.277,0,0,0,0,0.6385,0,0,0,1.277,1.277,1.277,0,0,3.1926,1.277,1.277,3.1926,0.6385,0.6385,0.0001,0,0,0,0,0.0001,0,0,0,0.0001,0.0001,0.0001,0,0,0.0003,0.0001,0.0001,0.0003,0.0001,0.0001,0.1718,0.1897,0.1718,0.1897,1
0,0,0.4788,2.8729,0,0,0.4788,0.9576,2.3941,0.9576,0,0,0,0,0.4788,0,0.4788,0,0.9576,0.4788,0,0,0,0.0003,0,0,0,0.0001,0.0002,0.0001,0,0,0,0,0,0,0,0,0.0001,0,0.2282,0.293,0.2282,0.293,1
0,3.8146,0,0.6358,0,3.1788,0,0,0,0.6358,0,1.2715,2.5431,0,0.6358,0.6358,3.1788,1.9073,0.6358,0,0,0.0001,0,0,0,0.0001,0,0,0,0,0,0,0.0001,0,0,0,0.0001,0.0001,0,0,0.1868,0.1774,0.1868,0.1774,1
4.0232,0,0,0,0,0,0.6705,0,2.0116,3.3526,0,0,0.6705,0,1.3411,0,0,1.3411,0,0,0.0006,0,0,0,0,0,0.0001,0,0.0003,0.0005,0,0,0.0001,0,0.0002,0,0,0.0002,0,0,0.147,0.1824,0.147,0.1824,1
1.2354,0,0.6177,0.6177,0,1.8531,0,0.6177,1.8531,1.8531,0,0,0,0,0,0,0,1.8531,0,0,0.0001,0,0.0001,0.0001,0,0.0002,0,0.0001,0.0002,0.0002,0,0,0,0,0,0,0,0.0002,0,0,0.1649,0.2174,0.1649,0.2174,1
0.6911,0,0.6911,0,0,2.7642,0.6911,0,0.6911,0,0,1.3821,0,0,0,0,0,0.6911,0,0.6911,0.0001,0,0.0001,0,0,0.0004,0.0001,0,0.0001,0,0,0.0002,0,0,0,0,0,0.0001,0,0.0001,0.1423,0.1666,0.1423,0.1666,1
1.6344,0,0.5448,0.5448,0.5448,0.5448,0.5448,0.5448,1.6344,1.0896,0,2.724,1.0896,0,0,0.5448,0.5448,1.0896,0,1.0896,0.0001,0,0,0,0,0,0,0,0.0001,0.0001,0,0.0002,0.0001,0,0,0,0,0.0001,0,0.0001,0.2424,0.2128,0.2424,0.2128,1
1.6108,0,0.8054,0,0.8054,0,0,0,3.2217,0,0,0,0,0,0,0,0.8054,2.4163,0,0.8054,0.0003,0,0.0002,0,0.0002,0,0,0,0.0006,0,0,0,0,0,0,0,0.0002,0.0005,0,0.0002,0.1088,0.0858,0.1088,0.0858,1
0,0.7188,0.7188,0.7188,0,0.7188,0,0.7188,0,0,2.1563,0,0.7188,0,0,0.7188,5.7501,0.7188,0,1.4375,0,0.0001,0.0001,0.0001,0,0.0001,0,0.0001,0,0,0.0002,0,0.0001,0,0,0.0001,0.0005,0.0001,0,0.0001,0.1484,0.1328,0.1484,0.1328,1
0,0,1.4757,0,0.7379,0,0,0.7379,0,1.4757,0,0.7379,1.4757,0.7379,0,0,0.7379,2.9515,0,0.7379,0,0,0.0002,0,0.0001,0,0,0.0001,0,0.0002,0,0.0001,0.0002,0.0001,0,0,0.0001,0.0003,0,0.0001,0.1521,0.1101,0.1521,0.1101,1
0.5074,0.5074,0.5074,0.5074,0,1.5223,1.0149,0,1.0149,0,0,0.5074,0.5074,0,1.0149,0.5074,1.0149,1.5223,2.0298,0,0,0,0,0,0,0.0001,0.0001,0,0.0001,0,0,0,0,0,0.0001,0,0.0001,0.0001,0.0001,0,0.2553,0.2373,0.2553,0.2373,1
1.1834,0.5917,0.5917,0,1.7751,1.7751,0,0.5917,1.1834,0.5917,0.5917,1.1834,0.5917,0.5917,0.5917,0,0.5917,0,0,0,0.0001,0,0,0,0.0001,0.0001,0,0,0.0001,0,0,0.0001,0,0,0,0,0,0,0,0,0.1823,0.226,0.1823,0.226,1
2.3848,1.5899,0,0,0,0,0.7949,0.7949,0,0.7949,0,0.7949,0,0.7949,0,0.7949,0,0,0,0.7949,0.0002,0.0001,0,0,0,0,0.0001,0.0001,0,0.0001,0,0.0001,0,0.0001,0,0.0001,0,0,0,0.0001,0.116,0.089,0.116,0.089,1
0.716,0.716,0.716,0.716,0,0,0.716,0,0.716,0,1.4321,0,0.716,0,0.716,2.1481,0,0.716,0,0.716,0.0001,0.0001,0.0001,0.0001,0,0,0.0001,0,0.0001,0,0.0001,0,0.0001,0,0.0001,0.0002,0,0.0001,0,0.0001,0.1398,0.1441,0.1398,0.1441,1
0.8777,0.4388,1.3165,1.7554,0,1.3165,0,0.8777,2.1942,0.4388,0,0.4388,0.4388,0.4388,0.4388,0,0,0.8777,0.4388,0.8777,0.0001,0,0.0001,0.0001,0,0.0001,0,0.0001,0.0001,0,0,0,0,0,0,0,0,0.0001,0,0.0001,0.3293,0.2319,0.3293,0.2319,1
1.1885,0.5942,0,0,0,0,0,1.1885,1.1885,0.5942,0,0.5942,0.5942,0.5942,1.1885,0.5942,0,2.377,0.5942,0.5942,0.0001,0,0,0,0,0,0,0.0001,0.0001,0,0,0,0,0,0.0001,0,0,0.0002,0,0,0.23,0.1757,0.23,0.1757,1
6.657,0,0,0,0,0,0.5547,1.6642,1.6642,1.1095,0,0,0,0.5547,0.5547,0,0.5547,1.1095,0,0.5547,0.0007,0,0,0,0,0,0.0001,0.0002,0.0002,0.0001,0,0,0,0.0001,0.0001,0,0.0001,0.0001,0,0.0001,0.2206,0.2247,0.2206,0.2247,1
2.1456,0,2.1456,1.0728,0,0,0,1.0728,1.0728,0,0.5364,0.5364,0,0,0.5364,0.5364,0.5364,2.1456,0,0.5364,0.0002,0,0.0002,0.0001,0,0,0,0.0001,0.0001,0,0,0,0,0,0,0,0,0.0002,0,0,0.2127,0.2509,0.2127,0.2509,1
0.7958,0,0,0,1.1938,0.3979,0.3979,0.3979,2.7854,1.1938,0.3979,0.3979,0.3979,0,1.5917,0,0.7958,0.3979,0,0,0.0001,0,0,0,0.0001,0,0,0,0.0003,0.0001,0,0,0,0,0.0002,0,0.0001,0,0,0,0.2485,0.3536,0.2485,0.3536,1
0.5061,0.5061,0,0,0,0,0.5061,1.0123,2.0246,0.5061,0.5061,0,0,0.5061,1.5184,0,1.5184,1.0123,0,0.5061,0.0001,0.0001,0,0,0,0,0.0001,0.0001,0.0002,0.0001,0.0001,0,0,0.0001,0.0002,0,0.0002,0.0001,0,0.0001,0.209,0.2848,0.209,0.2848,1
2.992,0.748,0,1.496,0,0.748,0,0,0,0.748,1.496,0,0.748,0,0,0,1.496,2.244,0,0.748,0.0002,0.0001,0,0.0001,0,0.0001,0,0,0,0.0001,0.0001,0,0.0001,0,0,0,0.0001,0.0002,0,0.0001,0.1069,0.1451,0.1069,0.1451,1
3.2223,0,0,0,0,0,0,0,3.2223,0.8056,0,0,0,0,0.8056,0,0.8056,2.4167,0,0,0.0009,0,0,0,0,0,0,0,0.0009,0.0002,0,0,0,0,0.0002,0,0.0002,0.0006,0,0,0.0806,0.1138,0.0806,0.1138,1
0.6469,0,0,0.6469,0,2.5874,0,1.2937,0.6469,3.2343,0,0.6469,0.6469,0,0,0.6469,0.6469,1.2937,0,0,0.0001,0,0,0.0001,0,0.0002,0,0.0001,0.0001,0.0003,0,0.0001,0.0001,0,0,0.0001,0.0001,0.0001,0,0,0.1699,0.1832,0.1699,0.1832,1
1.0743,0,0,0,0,0,1.0743,1.0743,1.0743,1.6114,0,0.5371,1.6114,0,2.1486,0.5371,0,0.5371,0,0,0.0001,0,0,0,0,0,0.0001,0.0001,0.0001,0.0002,0,0.0001,0.0002,0,0.0003,0.0001,0,0.0001,0,0,0.2581,0.2048,0.2581,0.2048,1
0.6219,0,2.4876,0,0,0.6219,0,0,0,1.8657,0,0,0,0,1.8657,0.6219,1.2438,1.8657,0,0,0.0001,0,0.0002,0,0,0.0001,0,0,0,0.0002,0,0,0,0,0.0002,0.0001,0.0001,0.0002,0,0,0.1857,0.1924,0.1857,0.1924,1
0,0,0,0,1.0903,0.5452,0,0.5452,1.0903,1.0903,0.5452,0,0,0,2.1806,0,1.0903,0.5452,0.5452,0.5452,0,0,0,0,0.0002,0.0001,0,0.0001,0.0002,0.0002,0.0001,0,0,0,0.0003,0,0.0002,0.0001,0.0001,0.0001,0.2646,0.1902,0.2646,0.1902,1
0,0,0,0,0,0.6015,0.6015,1.203,0,0.6015,1.8045,1.203,0.6015,0.6015,2.4059,0.6015,0.6015,0,0,0.6015,0,0,0,0,0,0.0001,0.0001,0.0002,0,0.0001,0.0002,0.0002,0.0001,0.0001,0.0003,0.0001,0.0001,0,0,0.0001,0.2323,0.1662,0.2323,0.1662,1
0.5874,1.1748,0.5874,0,0.5874,0,0,0.5874,0,0.5874,0,1.1748,0,0,1.7622,0,1.1748,0,2.3497,0.5874,0,0.0001,0,0,0,0,0,0,0,0,0,0.0001,0,0,0.0001,0,0.0001,0,0.0002,0,0.195,0.2176,0.195,0.2176,1
0.5724,1.1449,0,0.5724,0.5724,0.5724,0,1.1449,1.7173,0.5724,0.5724,0.5724,1.1449,0,0,1.1449,0.5724,0,0.5724,0,0,0.0001,0,0,0,0,0,0.0001,0.0001,0,0,0,0.0001,0,0,0.0001,0,0,0,0,0.2189,0.2086,0.2189,0.2086,1
0,0,0,0,0,3.9031,0,0.6505,1.301,5.8546,0,0,0.6505,0,0,0,0,0.6505,0,0,0,0,0,0,0,0.0003,0,0,0.0001,0.0004,0,0,0,0,0,0,0,0,0,0,0.1358,0.2137,0.1358,0.2137,1
0.7126,0,0,0,0.7126,0,0.7126,1.4252,0.7126,3.5629,0,0,0,0,2.1377,0,0,0,0.7126,0.7126,0.0002,0,0,0,0.0002,0,0.0002,0.0003,0.0002,0.0008,0,0,0,0,0.0005,0,0,0,0.0002,0.0002,0.1363,0.1511,0.1363,0.1511,1
0.8471,0,0,0,1.6943,0,0,0,3.3885,0.8471,0,0,0.8471,0,0,0,0,2.5414,0,0.8471,0.0002,0,0,0,0.0004,0,0,0,0.0009,0.0002,0,0,0.0002,0,0,0,0,0.0007,0,0.0002,0.0534,0.0994,0.0534,0.0994,1
1.8622,0,0,0,0.4656,0,0.4656,2.3278,3.7244,0.9311,0.4656,0,0,0,0.4656,0.4656,0.4656,0.9311,0,0.4656,0.0002,0,0,0,0,0,0,0.0002,0.0004,0.0001,0,0,0,0,0,0,0,0.0001,0,0,0.2293,0.3051,0.2293,0.3051,1
1.0213,0,0.5106,0,1.0213,0.5106,0,0,0.5106,1.5319,0.5106,0.5106,0,0,2.5532,0.5106,0.5106,0,0.5106,0.5106,0.0001,0,0,0,0.0001,0,0,0,0,0.0001,0,0,0,0,0.0002,0,0,0,0,0,0.1874,0.302,0.1874,0.302,1
1.2733,0,0,0,0.6366,0.6366,0.6366,0,1.2733,1.2733,0,1.9099,0,0.6366,0,0,0,0.6366,0,0.6366,0.0001,0,0,0,0.0001,0.0001,0.0001,0,0.0001,0.0001,0,0.0002,0,0.0001,0,0,0,0.0001,0,0.0001,0.1881,0.1753,0.1881,0.1753,1
0,0,0,0,0,0,0,2.8466,0.7117,2.135,0,0.7117,0,0.7117,0.7117,0,0,0,0,0.7117,0,0,0,0,0,0,0,0.0005,0.0001,0.0004,0,0.0001,0,0.0001,0.0001,0,0,0,0,0.0001,0.144,0.1443,0.144,0.1443,1
0.4371,0,0,3.497,0.4371,0,0,0.8742,1.7485,0.8742,0,0,0,0.8742,0.4371,0,0,0.8742,0.8742,0.4371,0,0,0,0.0003,0,0,0,0.0001,0.0002,0.0001,0,0,0,0.0001,0,0,0,0.0001,0.0001,0,0.2431,0.3198,0.2431,0.3198,1
0,1.1261,1.1261,0,0,0.563,1.1261,0.563,1.1261,0,1.1261,0.563,0.563,0,0,0,1.6891,0,0.563,1.1261,0,0.0001,0.0001,0,0,0,0.0001,0,0.0001,0,0.0001,0,0,0,0,0,0.0001,0,0,0.0001,0.2116,0.2254,0.2116,0.2254,1
1.1773,0,0.5886,1.1773,0,0.5886,0.5886,0,0,1.1773,0,0,0.5886,0,1.1773,0.5886,1.1773,0,0.5886,0,0.0001,0,0.0001,0.0001,0,0.0001,0.0001,0,0,0.0001,0,0,0.0001,0,0.0001,0.0001,0.0001,0,0.0001,0,0.1739,0.2374,0.1739,0.2374,1
0,0.6262,1.8786,0.6262,0.6262,0,0,1.2524,0,1.2524,0.6262,0.6262,0.6262,0,0,1.8786,0.6262,1.2524,0,0,0,0,0.0001,0,0,0,0,0.0001,0,0.0001,0,0,0,0,0,0.0001,0,0.0001,0,0,0.1997,0.1741,0.1997,0.1741,1
0,1.0861,1.0861,1.0861,0,1.6292,0,0.5431,1.0861,2.1723,0.5431,0.5431,0,0,1.0861,0.5431,1.0861,0.5431,0,0.5431,0,0.0001,0.0001,0.0001,0,0.0001,0,0,0.0001,0.0001,0,0,0,0,0.0001,0,0.0001,0,0,0,0.2012,0.2557,0.2012,0.2557,1
1.0023,0.5012,1.0023,0.5012,0.5012,1.5035,0.5012,0,1.5035,0,1.0023,1.0023,0.5012,0,1.5035,0.5012,0,1.0023,0,0.5012,0.0001,0,0.0001,0,0,0.0001,0,0,0.0001,0,0.0001,0.0001,0,0,0.0001,0,0,0.0001,0,0,0.2117,0.2872,0.2117,0.2872,1
1.3782,0.6891,0,0,0.6891,0,1.3782,1.3782,1.3782,0.6891,0,2.0674,0,0.6891,0,0,0.6891,1.3782,0,0,0.0001,0.0001,0,0,0.0001,0,0.0001,0.0001,0.0001,0.0001,0,0.0002,0,0.0001,0,0,0.0001,0.0001,0,0,0.1302,0.1806,0.1302,0.1806,1
2.6411,0.5282,0.5282,0,0.5282,1.5846,0.5282,0,1.0564,1.0564,0,2.1129,0,0,0.5282,0.5282,0.5282,0,0,0,0.0002,0,0,0,0,0.0001,0,0,0.0001,0.0001,0,0.0002,0,0,0,0,0,0,0,0,0.2268,0.245,0.2268,0.245,1
1.3971,0,0.6986,0,0,2.0957,0,0,0.6986,2.0957,0,0,0,0,0.6986,0.6986,0,0,0,0,0.0002,0,0.0001,0,0,0.0003,0,0,0.0001,0.0003,0,0,0,0,0.0001,0.0001,0,0,0,0,0.1633,0.1381,0.1633,0.1381,1
1.0827,3.248,0.5413,0.5413,0.5413,0.5413,0,2.1653,2.1653,0.5413,0,1.0827,0.5413,1.0827,0,0,1.0827,0.5413,0.5413,0,0,0.0001,0,0,0,0,0,0.0001,0.0001,0,0,0,0,0,0,0,0,0,0,0,0.2557,0.203,0.2557,0.203,1
1.418,0.709,0.709,0,0,0.709,0.709,0.709,0,1.418,0,1.418,0,0,0.709,0.709,2.8361,0,0,0,0.0001,0.0001,0.0001,0,0,0.0001,0.0001,0.0001,0,0.0001,0,0.0001,0,0,0.0001,0.0001,0.0002,0,0,0,0.1589,0.1321,0.1589,0.1321,1
0.7219,0.7219,0.7219,0,0.7219,1.4438,0,0,0,1.4438,1.4438,0.7219,2.1657,0,0,0,0.7219,2.1657,1.4438,0,0,0,0,0,0,0.0001,0,0,0,0.0001,0.0001,0,0.0001,0,0,0,0,0.0001,0.0001,0,0.1326,0.1455,0.1326,0.1455,1
0.5809,3.4855,0.5809,0.5809,0.5809,2.9046,0,0.5809,0.5809,0.5809,0,1.1618,1.7427,0,0,0.5809,2.3237,0.5809,0.5809,0,0,0.0001,0,0,0,0.0001,0,0,0,0,0,0,0.0001,0,0,0,0.0001,0,0,0,0.2184,0.2007,0.2184,0.2007,1
1.2947,0.6474,0,1.2947,0.6474,1.2947,0,0.6474,0.6474,0.6474,0.6474,0.6474,1.2947,0,0,2.5895,0.6474,1.9421,0,0,0.0001,0,0,0.0001,0,0.0001,0,0,0,0,0,0,0.0001,0,0,0.0002,0,0.0001,0,0,0.2041,0.1485,0.2041,0.1485,1
1.5968,0,0,0.7984,0,0,0,0,3.1936,0.7984,0,0,0,0,0,0,0.7984,3.1936,0,0.7984,0.0004,0,0,0.0002,0,0,0,0,0.0007,0.0002,0,0,0,0,0,0,0.0002,0.0007,0,0.0002,0.0818,0.1198,0.0818,0.1198,1
0,0,0,0,0,0.8351,0,0.8351,0,2.5053,0.8351,0,4.1755,0,0,0,0,0,1.6702,0,0,0,0,0,0,0.0001,0,0.0001,0,0.0003,0.0001,0,0.0005,0,0,0,0,0,0.0002,0,0.1129,0.052,0.1129,0.052,1
0,0,2.0437,0.6812,0,2.0437,0,0.6812,0,0.6812,0,0,2.7249,0,0,1.3624,0,0,0,1.3624,0,0,0.0002,0.0001,0,0.0002,0,0.0001,0,0.0001,0,0,0.0003,0,0,0.0002,0,0,0,0.0002,0.1549,0.1639,0.1549,0.1639,1
1.5175,0,0,0.7587,1.5175,0,0,1.5175,0,1.5175,0,0.7587,1.5175,0.7587,0,0.7587,0.7587,1.5175,0,0,0.0002,0,0,0.0001,0.0002,0,0,0.0002,0,0.0002,0,0.0001,0.0002,0.0001,0,0.0001,0.0001,0.0002,0,0,0.1171,0.1242,0.1171,0.1242,1
1.3753,0,0.6877,0,0.6877,0.6877,0,0.6877,1.3753,0.6877,0,0,1.3753,0,1.3753,0,0,1.3753,0,0,0.0002,0,0.0001,0,0.0001,0.0001,0,0.0001,0.0002,0.0001,0,0,0.0002,0,0.0002,0,0,0.0002,0,0,0.1583,0.154,0.1583,0.154,1
0.6715,1.3431,0.6715,1.3431,0,0.6715,0,0.6715,0,0.6715,0.6715,0,0.6715,0.6715,0,0.6715,1.3431,2.0146,0.6715,0.6715,0,0.0001,0,0.0001,0,0,0,0,0,0,0,0,0,0,0,0,0.0001,0.0001,0,0,0.1533,0.1751,0.1533,0.1751,1
2.0458,0.6819,0,1.3638,0,0.6819,0.6819,0,0,0.6819,0,1.3638,0.6819,0,0,0,1.3638,2.7277,0,0,0.0002,0.0001,0,0.0001,0,0.0001,0.0001,0,0,0.0001,0,0.0001,0.0001,0,0,0,0.0001,0.0003,0,0,0.1559,0.1622,0.1559,0.1622,1
0,1.8616,0,0,0,0.6205,0.6205,0,0.6205,0.6205,1.2411,1.2411,0,0,0.6205,0.6205,0.6205,1.2411,0.6205,0.6205,0,0.0001,0,0,0,0,0,0,0,0,0.0001,0.0001,0,0,0,0,0,0.0001,0,0,0.2006,0.1789,0.2006,0.1789,1
0,0.7064,0,0,0,0.7064,0,0.7064,0,1.4127,0,0,0.7064,0.7064,2.1191,0.7064,1.4127,1.4127,1.4127,0,0,0.0001,0,0,0,0.0001,0,0.0001,0,0.0001,0,0,0.0001,0.0001,0.0002,0.0001,0.0001,0.0001,0.0001,0,0.1501,0.1435,0.1501,0.1435,1
1.8973,0,0,0.4743,1.4229,1.8973,0.9486,0.4743,0.9486,1.4229,0,0,0,0,0.4743,0.4743,0.4743,0.4743,0,0,0.0002,0,0,0,0.0001,0.0002,0.0001,0,0.0001,0.0001,0,0,0,0,0,0,0,0,0,0,0.2546,0.2711,0.2546,0.2711,1
0,0,1.3731,0.6866,0.6866,0,0,0.6866,1.3731,0.6866,0,0,0.6866,0,0,0,0,0,0.6866,0.6866,0,0,0.0002,0.0001,0.0001,0,0,0.0001,0.0002,0.0001,0,0,0.0001,0,0,0,0,0,0.0001,0.0001,0.2094,0.1041,0.2094,0.1041,1
0.5458,1.0917,0.5458,0,0,1.6375,0.5458,0,1.6375,0,1.6375,0,1.0917,0,3.8209,0,1.0917,0.5458,0.5458,0.5458,0,0.0001,0,0,0,0.0001,0,0,0.0001,0,0.0001,0,0.0001,0,0.0002,0,0.0001,0,0,0,0.26,0.1941,0.26,0.1941,1
0,0,0.5572,0,1.1143,0,1.1143,2.2286,0,2.2286,0,0,0.5572,0.5572,5.5716,0,0,0,0,0,0,0,0.0001,0,0.0001,0,0.0001,0.0003,0,0.0003,0,0,0.0001,0.0001,0.0007,0,0,0,0,0,0.2208,0.222,0.2208,0.222,1
0.5084,0,1.5251,0,1.0167,0,0.5084,0.5084,0,1.0167,1.0167,0.5084,1.0167,0,1.0167,0,2.0334,1.5251,0,0.5084,0,0,0.0001,0,0.0001,0,0,0,0,0.0001,0.0001,0,0.0001,0,0.0001,0,0.0002,0.0001,0,0,0.2642,0.2274,0.2642,0.2274,1
1.5071,0.5024,1.5071,1.0047,0,1.0047,0.5024,1.0047,0.5024,0.5024,0.5024,0,1.5071,0.5024,2.0095,0,0,0,0,1.0047,0.0001,0,0.0001,0.0001,0,0.0001,0,0.0001,0,0,0,0,0.0001,0,0.0002,0,0,0,0,0.0001,0.2905,0.2071,0.2905,0.2071,1
1.6906,0,0,0,0,0,0,0,3.3811,0,0,0,0,0,0,0,0.8453,4.2264,0,0.8453,0.0005,0,0,0,0,0,0,0,0.001,0,0,0,0,0,0,0,0.0003,0.0013,0,0.0003,0.0564,0.0983,0.0564,0.0983,1
0.5827,3.4962,0,0.5827,0.5827,2.9135,0.5827,0,0.5827,0.5827,0,1.1654,1.1654,0.5827,0.5827,0,2.9135,0.5827,0,0.5827,0,0.0001,0,0,0,0.0001,0,0,0,0,0,0,0,0,0,0,0.0001,0,0,0,0.2257,0.1916,0.2257,0.1916,1
0,3.4047,0,0.5674,0.5674,1.7023,0,1.1349,1.1349,0.5674,0,0.5674,1.1349,0,0.5674,2.2698,0.5674,2.2698,0,0.5674,0,0.0001,0,0,0,0.0001,0,0,0,0,0,0,0,0,0,0.0001,0,0.0001,0,0,0.2298,0.2027,0.2298,0.2027,1
0.5366,0,0,1.0732,0,0.5366,1.0732,0.5366,1.0732,3.2196,1.0732,0.5366,3.2196,0,0.5366,0,0.5366,1.6098,0,0,0.0001,0,0,0.0001,0,0.0001,0.0001,0.0001,0.0001,0.0003,0.0001,0.0001,0.0003,0,0.0001,0,0.0001,0.0002,0,0,0.2512,0.2122,0.2512,0.2122,1
0.503,0,0.503,0.503,0.503,0,0,0.503,0.503,0,0.503,1.006,1.006,1.006,3.018,1.006,2.515,0,0,1.006,0.0001,0,0.0001,0.0001,0.0001,0,0,0.0001,0.0001,0,0.0001,0.0001,0.0001,0.0001,0.0003,0.0001,0.0003,0,0,0.0001,0.2852,0.2118,0.2852,0.2118,1
0,0,2.1765,0.5441,0.5441,1.0883,0,0.5441,1.0883,0,0,0.5441,0,0,1.0883,0.5441,1.6324,1.0883,0,0.5441,0,0,0.0002,0.0001,0.0001,0.0001,0,0.0001,0.0001,0,0,0.0001,0,0,0.0001,0.0001,0.0002,0.0001,0,0.0001,0.2026,0.2532,0.2026,0.2532,1
1.8671,0,0.6224,0,0,1.8671,0.6224,0,0.6224,1.2447,0.6224,0.6224,0,0,0.6224,0.6224,0,0,0,0,0.0002,0,0.0001,0,0,0.0002,0.0001,0,0.0001,0.0001,0.0001,0.0001,0,0,0.0001,0.0001,0,0,0,0,0.2079,0.1698,0.2079,0.1698,1
0.6149,0.6149,0.6149,0,1.2298,0.6149,0,0.6149,0.6149,1.8446,1.2298,0,0,0.6149,0.6149,0.6149,0,1.2298,0,0,0,0,0,0,0.0001,0,0,0,0,0.0001,0.0001,0,0,0,0,0,0,0.0001,0,0,0.1984,0.1867,0.1984,0.1867,1
1.4646,0,0.4882,0,1.9528,2.9292,0.4882,0.4882,0.4882,0.4882,0.4882,0,0,0.4882,0.4882,1.4646,0.4882,1.9528,0.4882,0,0.0001,0,0,0,0.0001,0.0002,0,0,0,0,0,0,0,0,0,0.0001,0,0.0001,0,0,0.2589,0.2529,0.2589,0.2529,1
1.1262,0.5631,2.2524,1.1262,0,0,0.5631,0.5631,0,1.6893,0,0.5631,0.5631,1.1262,0,0,1.6893,0,0,0.5631,0.0001,0,0.0002,0.0001,0,0,0,0,0,0.0001,0,0,0,0.0001,0,0,0.0001,0,0,0,0.236,0.2009,0.236,0.2009,1
1.0671,0.5336,1.0671,1.6007,1.0671,0,0.5336,0,0.5336,2.6678,0,1.0671,0.5336,0.5336,0.5336,0.5336,0.5336,0,0,0.5336,0.0001,0,0.0001,0.0001,0.0001,0,0,0,0,0.0002,0,0.0001,0,0,0,0,0,0,0,0,0.2693,0.1972,0.2693,0.1972,1
0,0,0,0,0.8592,0,0,0,3.4369,2.5777,0,0,0.8592,0,0,0,0.8592,2.5777,0,0,0,0,0,0,0.0002,0,0,0,0.0009,0.0007,0,0,0.0002,0,0,0,0.0002,0.0007,0,0,0.0521,0.0887,0.0521,0.0887,1
0,0,0,0.6763,0,2.0288,0,0,0,2.7051,0,0,0.6763,0,1.3526,0.6763,0,0.6763,0.6763,0,0,0,0,0.0001,0,0.0002,0,0,0,0.0003,0,0,0.0001,0,0.0002,0.0001,0,0.0001,0.0001,0,0.1569,0.1668,0.1569,0.1668,1
0.4176,0,0.4176,3.3406,0,0,0,1.6703,2.5055,0.8352,0,0.4176,0,1.2527,0,0,0.8352,0,0.4176,0.4176,0,0,0,0.0003,0,0,0,0.0002,0.0002,0.0001,0,0,0,0.0001,0,0,0.0001,0,0,0,0.2702,0.3123,0.2702,0.3123,1
2.3248,0,0,0,0.465,0,0,0.9299,3.2547,2.3248,0,0,0,0,0.9299,0,0,0.465,0,0,0.0003,0,0,0,0.0001,0,0,0.0001,0.0004,0.0003,0,0,0,0,0.0001,0,0,0.0001,0,0,0.2213,0.3138,0.2213,0.3138,1
1.3788,1.3788,0,0,0.6894,0.6894,0.6894,1.3788,1.3788,0,1.3788,0.6894,1.3788,0,0.6894,0.6894,1.3788,0.6894,0,0,0.0001,0.0001,0,0,0,0,0,0.0001,0.0001,0,0.0001,0,0.0001,0,0,0,0.0001,0,0,0,0.1473,0.1634,0.1473,0.1634,1
0,3.5699,0.595,1.19,1.19,2.9749,0.595,0.595,0,0.595,1.19,0,2.3799,0,0,0,1.7849,0.595,0,0.595,0,0.0001,0,0,0,0.0001,0,0,0,0,0,0,0.0001,0,0,0,0.0001,0,0,0,0.1879,0.2171,0.1879,0.2171,1
0,0,0,0,0,1.6366,0,0,0.8183,1.6366,0,0,0.8183,0,0,1.6366,0,1.6366,2.4549,0,0,0,0,0,0,0.0002,0,0,0.0001,0.0002,0,0,0.0001,0,0,0.0002,0,0.0002,0.0003,0,0.0855,0.0962,0.0855,0.0962,1
1.0871,0.5436,0.5436,1.0871,0,2.1743,0,0.5436,0.5436,2.7179,0,0.5436,0,0,3.805,1.0871,0,0,0,0.5436,0.0001,0,0,0.0001,0,0.0002,0,0,0,0.0002,0,0,0,0,0.0003,0.0001,0,0,0,0,0.2107,0.2457,0.2107,0.2457,1
0.9396,0.9396,0,0,0.9396,0.4698,0,0.4698,1.4093,1.4093,0,0.9396,0.4698,0,2.3489,0.9396,0,0,0.9396,0,0.0001,0.0001,0,0,0.0001,0,0,0,0.0001,0.0001,0,0.0001,0,0,0.0001,0.0001,0,0,0.0001,0,0.2831,0.2472,0.2831,0.2472,1
1.1605,0.5803,1.7408,0.5803,0,0,0.5803,0.5803,0.5803,1.7408,0,1.1605,0,0,0,1.1605,0.5803,1.1605,0,0,0.0001,0,0.0001,0,0,0,0,0,0,0.0001,0,0.0001,0,0,0,0.0001,0,0.0001,0,0,0.1956,0.2241,0.1956,0.2241,1
1.156,0,0,0.578,0.578,1.7339,1.156,0.578,1.156,1.7339,0.578,0,1.156,0,0,0.578,0,3.4679,0,0,0.0001,0,0,0,0,0.0001,0.0001,0,0.0001,0.0001,0,0,0.0001,0,0,0,0,0.0003,0,0,0.1767,0.2453,0.1767,0.2453,1
1.863,0.4658,0.4658,0.9315,0,0.4658,0,0.9315,1.3973,1.3973,0.4658,0,0,0.4658,0.4658,2.3288,0,0.4658,0.9315,0,0.0001,0,0,0.0001,0,0,0,0.0001,0.0001,0.0001,0,0,0,0,0,0.0001,0,0,0.0001,0,0.2435,0.2907,0.2435,0.2907,1
1.6928,0,0.5643,0.5643,0.5643,0.5643,1.1285,0.5643,0.5643,2.8214,0.5643,0.5643,2.8214,0.5643,0,0,0,1.6928,1.1285,0.5643,0.0001,0,0,0,0,0,0.0001,0,0,0.0002,0,0,0.0002,0,0,0,0,0.0001,0.0001,0,0.2108,0.225,0.2108,0.225,1
0,0,0,0.5462,0.5462,0.5462,0.5462,1.0923,1.0923,2.1847,0.5462,0,0,1.0923,5.4617,0.5462,0,0,0,0,0,0,0,0.0001,0.0001,0.0001,0.0001,0.0001,0.0001,0.0003,0.0001,0,0,0.0001,0.0007,0.0001,0,0,0,0,0.2191,0.2347,0.2191,0.2347,1
0,0,0.4564,2.7385,0,0,0,1.8257,2.2821,0.4564,0.4564,0.4564,0,0,0,0,0.9128,0,0.9128,0.4564,0,0,0,0.0002,0,0,0,0.0002,0.0002,0,0,0,0,0,0,0,0.0001,0,0.0001,0,0.2547,0.2888,0.2547,0.2888,1
0.7617,0,0,0.7617,1.5234,0,0,0.7617,0.7617,1.5234,0,0,0,0,0,0,0.7617,2.2851,0.7617,0,0.0001,0,0,0.0001,0.0003,0,0,0.0001,0.0001,0.0003,0,0,0,0,0,0,0.0001,0.0004,0.0001,0,0.1652,0.0731,0.1652,0.0731,1
0.9469,0.4735,1.4204,0.9469,0,0.9469,0,0.9469,0.9469,0.9469,0.4735,0.9469,0,0,0.4735,0.4735,0.4735,1.4204,1.4204,0.9469,0.0001,0,0.0001,0.0001,0,0.0001,0,0.0001,0.0001,0.0001,0,0.0001,0,0,0,0,0,0.0001,0.0001,0.0001,0.24,0.2865,0.24,0.2865,1
0.5178,0,1.0357,0.5178,0,1.0357,0,1.0357,0,0,0,0.5178,1.5535,0.5178,3.6249,1.0357,0.5178,0.5178,0,0.5178,0.0001,0,0.0001,0.0001,0,0.0001,0,0.0001,0,0,0,0.0001,0.0002,0.0001,0.0004,0.0001,0.0001,0.0001,0,0.0001,0.2396,0.2425,0.2396,0.2425,1
0,0.7048,0.7048,0.7048,0,3.5239,0,0.7048,0,1.4096,0.7048,1.4096,5.6382,0,0,1.4096,0,0.7048,0,0,0,0,0,0,0,0.0002,0,0,0,0.0001,0,0.0001,0.0003,0,0,0.0001,0,0,0,0,0.1268,0.1685,0.1268,0.1685,1
0.5952,0,0,0,0.5952,0.5952,0.5952,0,2.3808,0,0.5952,0,2.976,0,1.1904,0,0.5952,0,0,0.5952,0.0001,0,0,0,0.0001,0.0001,0.0001,0,0.0004,0,0.0001,0,0.0004,0,0.0002,0,0.0001,0,0,0.0001,0.2032,0.2016,0.2032,0.2016,1
0,0,0.4197,3.3578,0,0,0,1.2592,3.7776,0.4197,0,0.4197,0,0.4197,0,0.4197,0.4197,0,0.8395,0.4197,0,0,0,0.0003,0,0,0,0.0001,0.0004,0,0,0,0,0,0,0,0,0,0.0001,0,0.2506,0.3296,0.2506,0.3296,1
0.5567,1.6702,0.5567,0,0,0.5567,0.5567,0,1.1135,0,1.1135,2.2269,0.5567,0,0.5567,1.1135,2.2269,1.6702,0,1.1135,0,0.0001,0,0,0,0,0,0,0.0001,0,0.0001,0.0001,0,0,0,0.0001,0.0001,0.0001,0,0.0001,0.2447,0.1985,0.2447,0.1985,1
3.3369,0,0.5562,0.5562,0.5562,0,0.5562,0,0,0.5562,0.5562,0,0,0.5562,1.1123,0,1.6685,0,0,0,0.0004,0,0.0001,0.0001,0.0001,0,0.0001,0,0,0.0001,0.0001,0,0,0.0001,0.0001,0,0.0002,0,0,0,0.2167,0.2272,0.2167,0.2272,1
2.6467,0.6617,0,0,1.985,1.3233,0,0,0.6617,0.6617,0,0,0,0,1.3233,1.3233,0,1.985,0,0,0.0002,0,0,0,0.0001,0.0001,0,0,0,0,0,0,0,0,0.0001,0.0001,0,0.0001,0,0,0.1554,0.183,0.1554,0.183,1
0,0,1.5027,0.5009,0.5009,1.0018,0.5009,0.5009,3.0053,0,1.0018,0.5009,0,0,2.5044,0,0.5009,1.0018,0,1.0018,0,0,0.0001,0,0,0.0001,0,0,0.0003,0,0.0001,0,0,0,0.0002,0,0,0.0001,0,0.0001,0.2926,0.2066,0.2926,0.2066,1
0.8998,0,0.8998,0.8998,0.4499,0,0,1.3497,1.7996,2.2495,0,1.3497,0,0.4499,0.4499,0,0.4499,0,0,0,0.0001,0,0.0001,0.0001,0,0,0,0.0001,0.0001,0.0002,0,0.0001,0,0,0,0,0,0,0,0,0.2516,0.2985,0.2516,0.2985,1
0,0,0,0,0.4931,0,1.4792,0.4931,0.9861,0.4931,1.4792,0.4931,0,0,5.4237,0.4931,0.4931,0.9861,0,0.4931,0,0,0,0,0.0001,0,0.0002,0.0001,0.0002,0.0001,0.0002,0.0001,0,0,0.0008,0.0001,0.0001,0.0002,0,0.0001,0.2112,0.2957,0.2112,0.2957,1
1.2139,0,0,0,0,1.8208,1.8208,0.6069,0.6069,3.0347,0,0,1.2139,0,0,1.2139,0,3.6416,0,0,0.0001,0,0,0,0,0.0001,0.0001,0,0,0.0002,0,0,0.0001,0,0,0.0001,0,0.0003,0,0,0.1735,0.2196,0.1735,0.2196,1
0,3.2361,0,0,0.5393,1.0787,0,0,0,1.618,0,0,0,0,3.2361,0,0,0,0,0,0,0.0002,0,0,0,0.0001,0,0,0,0.0001,0,0,0,0,0.0002,0,0,0,0,0,0.2089,0.2518,0.2089,0.2518,1
1.099,0.5495,0.5495,0.5495,0,0.5495,0,0.5495,1.6484,1.099,0,0,1.6484,0,2.1979,0,0,1.099,0,0.5495,0.0001,0,0,0,0,0,0,0,0.0001,0.0001,0,0,0.0001,0,0.0002,0,0,0.0001,0,0,0.2141,0.2364,0.2141,0.2364,1
3.9134,0.7827,0.7827,0,0,0.7827,0,0,0,2.3481,1.5654,0,0.7827,0,0,0.7827,2.3481,0.7827,0,0,0.0003,0.0001,0.0001,0,0,0.0001,0,0,0,0.0002,0.0001,0,0.0001,0,0,0.0001,0.0002,0.0001,0,0,0.1031,0.1142,0.1031,0.1142,1
0.582,0,0,0,0,0.582,0.582,1.1641,0.582,0.582,1.1641,0.582,0,0,2.3282,0.582,0.582,0,0.582,0,0.0001,0,0,0,0,0.0001,0.0001,0.0001,0.0001,0.0001,0.0001,0.0001,0,0,0.0003,0.0001,0.0001,0,0.0001,0,0.2147,0.2032,0.2147,0.2032,1
1.3281,1.3281,0.6641,0,0.6641,1.3281,0.6641,1.3281,0.6641,1.9922,1.3281,0.6641,0,0.6641,0,0.6641,0,1.3281,0,0,0.0001,0.0001,0,0,0,0.0001,0,0.0001,0,0.0001,0.0001,0,0,0,0,0,0,0.0001,0,0,0.1516,0.1844,0.1516,0.1844,1
0,0,0.4979,0,0,2.4896,0,0,0.4979,1.4938,0,0,0.9958,0,1.4938,0.4979,0,0,1.9917,0,0,0,0,0,0,0.0002,0,0,0,0.0001,0,0,0.0001,0,0.0001,0,0,0,0.0001,0,0.2671,0.235,0.2671,0.235,1
0,0.6543,1.3086,0.6543,0.6543,1.3086,0,0,0.6543,1.3086,0,0.6543,0.6543,0,0,0.6543,0,0.6543,0.6543,0,0,0,0.0001,0,0,0.0001,0,0,0,0.0001,0,0,0,0,0,0,0,0,0,0,0.1713,0.1744,0.1713,0.1744,1
0,0.5019,0.5019,1.0038,0.5019,1.5058,0,0,0,0,0.5019,0,0.5019,0,2.5096,0.5019,1.0038,1.0038,0.5019,0,0,0,0,0.0001,0,0.0001,0,0,0,0,0,0,0,0,0.0002,0,0.0001,0.0001,0,0,0.2532,0.2449,0.2532,0.2449,1
0,0.6045,0.6045,0,1.2089,0.6045,0,0.6045,1.2089,2.4178,1.2089,0,0,0.6045,0.6045,1.2089,0,0,0,0,0,0,0,0,0.0001,0,0,0,0.0001,0.0002,0.0001,0,0,0,0,0.0001,0,0,0,0,0.2361,0.1594,0.2361,0.1594,1
0,0,1.38,0,0,0,0,0.69,0.69,0.69,0,1.38,0,0,0,0.69,0,1.38,0.69,0,0,0,0.0001,0,0,0,0,0.0001,0.0001,0.0001,0,0.0001,0,0,0,0.0001,0,0.0001,0.0001,0,0.1999,0.11,0.1999,0.11,1
1.0887,0,0,0,0.5444,0.5444,0,0,2.7219,0,1.6331,0,1.0887,0,1.6331,0.5444,1.0887,0.5444,0,0.5444,0.0001,0,0,0,0.0001,0.0001,0,0,0.0003,0,0.0002,0,0.0001,0,0.0002,0.0001,0.0001,0.0001,0,0.0001,0.2145,0.2411,0.2145,0.2411,1
0,0,0.4326,2.5957,0,0,0,0.4326,3.0283,0.4326,1.2978,0.8652,0,0.8652,0,0.4326,0.4326,0.4326,0.4326,0.4326,0,0,0,0.0003,0,0,0,0,0.0003,0,0.0001,0.0001,0,0.0001,0,0,0,0,0,0,0.2618,0.3056,0.2618,0.3056,1
1.6803,0,0,0,1.6803,0,0,0,3.3607,0.8402,0,0,0,0,0,0,0,2.5205,0,0.8402,0.0004,0,0,0,0.0004,0,0,0,0.0009,0.0002,0,0,0,0,0,0,0,0.0007,0,0.0002,0.0544,0.1054,0.0544,0.1054,1
2.007,0,0.5018,0.5018,0,1.0035,1.0035,0.5018,1.0035,0,1.0035,0,0,0.5018,0.5018,1.0035,1.5053,1.0035,0,1.5053,0.0002,0,0.0001,0.0001,0,0.0001,0.0001,0.0001,0.0001,0,0.0001,0,0,0.0001,0.0001,0.0001,0.0002,0.0001,0,0.0002,0.2531,0.2451,0.2531,0.2451,1
1.0412,2.603,0,0,2.0824,1.0412,0,0.5206,0.5206,2.603,0.5206,1.0412,0,1.0412,1.5618,1.0412,0,0,0,0,0,0.0001,0,0,0.0001,0,0,0,0,0.0001,0,0,0,0,0.0001,0,0,0,0,0,0.2158,0.2636,0.2158,0.2636,1
0.5806,3.4838,0,0.5806,0,2.9032,0,0,0.5806,1.1613,0,1.1613,1.7419,0,0.5806,0.5806,2.3226,1.1613,0.5806,0,0,0.0001,0,0,0,0.0001,0,0,0,0,0,0,0.0001,0,0,0,0.0001,0,0,0,0.2156,0.2037,0.2156,0.2037,1
1.876,1.2506,0.6253,0,0.6253,0.6253,0.6253,1.2506,0.6253,4.3773,0,0,3.1266,0.6253,0,0.6253,0,1.2506,0.6253,0,0.0001,0.0001,0,0,0,0,0,0.0001,0,0.0002,0,0,0.0002,0,0,0,0,0.0001,0,0,0.185,0.1896,0.185,0.1896,1
0.5581,0.5581,0,0,0.5581,0,0,0,2.2323,1.1162,0,0.5581,0,0.5581,1.6743,0,0,0,1.1162,0,0.0001,0.0001,0,0,0.0001,0,0,0,0.0002,0.0001,0,0.0001,0,0.0001,0.0002,0,0,0,0.0001,0,0.2591,0.1828,0.2591,0.1828,1
0.6322,0,0.6322,1.2644,0.6322,0,0,0,1.2644,0,1.8966,0.6322,0,0,0.6322,0.6322,0.6322,1.2644,0,0,0.0001,0,0.0001,0.0002,0.0001,0,0,0,0.0002,0,0.0002,0.0001,0,0,0.0001,0.0001,0.0001,0.0002,0,0,0.2388,0.129,0.2388,0.129,1
0.5739,0.5739,0.5739,1.1477,1.1477,0.5739,0,0,0.5739,0,1.1477,0.5739,0,0,1.7216,2.2955,0.5739,1.7216,0,0,0,0,0,0.0001,0.0001,0,0,0,0,0,0.0001,0,0,0,0.0001,0.0002,0,0.0001,0,0,0.2198,0.2064,0.2198,0.2064,1
0,0,0.6919,0,0,1.3838,0,0,0.6919,1.3838,0,0,0.6919,0,0.6919,0.6919,0,1.3838,1.3838,0,0,0,0.0001,0,0,0.0001,0,0,0.0001,0.0001,0,0,0.0001,0,0.0001,0.0001,0,0.0001,0.0001,0,0.1768,0.1313,0.1768,0.1313,1
0.6843,0.6843,0,0,0,2.053,1.3687,0.6843,0,0.6843,0.6843,0,0,0,0.6843,0.6843,0.6843,0,0.6843,0,0.0001,0.0001,0,0,0,0.0002,0.0001,0.0001,0,0.0001,0.0001,0,0,0,0.0001,0.0001,0.0001,0,0.0001,0,0.1494,0.1663,0.1494,0.1663,1
0.5193,1.0387,0,0,0.5193,0.5193,0,0.5193,1.558,1.0387,0.5193,0.5193,0.5193,0,2.5966,1.0387,0,0,1.0387,0,0,0.0001,0,0,0,0,0,0,0.0001,0.0001,0,0,0,0,0.0002,0.0001,0,0,0.0001,0,0.2641,0.2166,0.2641,0.2166,1
0,0,2.3717,0.5929,0,0.5929,0,0.5929,0.5929,1.7787,0,0,0,0,0.5929,0,0,1.7787,0,0.5929,0,0,0.0002,0,0,0,0,0,0,0.0001,0,0,0,0,0,0,0,0.0001,0,0,0.2143,0.1928,0.2143,0.1928,1
0.6163,0,0.6163,0.6163,2.4653,0,0,0,1.8489,0,0,1.2326,2.4653,0,0,0.6163,0,0,0,0,0.0001,0,0.0001,0.0001,0.0002,0,0,0,0.0002,0,0,0.0001,0.0002,0,0,0.0001,0,0,0,0,0.2488,0.1348,0.2488,0.1348,1
0,0,1.6418,0,0,0.5473,0.5473,0,0.5473,1.0945,1.0945,1.0945,0.5473,0,1.0945,0.5473,0,1.0945,0.5473,1.0945,0,0,0.0001,0,0,0,0,0,0,0.0001,0.0001,0.0001,0,0,0.0001,0,0,0.0001,0,0.0001,0.2321,0.2206,0.2321,0.2206,1
0,0,0,0,0.9062,0,0.9062,0.4531,2.7185,0,0.9062,0,0,0,4.0778,0.4531,0.9062,0.4531,0,0.9062,0,0,0,0,0.0002,0,0.0002,0.0001,0.0005,0,0.0002,0,0,0,0.0007,0.0001,0.0002,0.0001,0,0.0002,0.2888,0.2581,0.2888,0.2581,1
0,0.5196,0.5196,0.5196,0,0.5196,0,0,0.5196,3.1177,0,0,0,0,2.0785,0,0,0.5196,0.5196,0.5196,0,0,0,0,0,0,0,0,0,0.0003,0,0,0,0,0.0002,0,0,0,0,0,0.2261,0.2543,0.2261,0.2543,1
0.6283,0,0.6283,0.6283,0,0,0,0.6283,1.8848,0.6283,0.6283,1.8848,0,0,0,0,0.6283,0.6283,0,0,0.0001,0,0.0001,0.0001,0,0,0,0.0001,0.0002,0.0001,0.0001,0.0002,0,0,0,0,0.0001,0.0001,0,0,0.2181,0.1536,0.2181,0.1536,1
0.4931,0.9863,0,0.4931,0.4931,1.9726,0.9863,0.4931,1.4794,1.9726,0.4931,0,0,0,0,0.9863,1.9726,0.9863,0,0.4931,0,0.0001,0,0,0,0.0001,0.0001,0,0.0001,0.0001,0,0,0,0,0,0.0001,0.0001,0.0001,0,0,0.2407,0.2661,0.2407,0.2661,1
0.7263,0,0,0,0,0,0,0.7263,1.4527,1.4527,0,0,0,0.7263,1.4527,0.7263,0,0,0,0,0.0002,0,0,0,0,0,0,0.0002,0.0003,0.0003,0,0,0,0.0002,0.0003,0.0002,0,0,0,0,0.1869,0.0868,0.1869,0.0868,1
1.9023,1.9023,0.6341,0,0.6341,0.6341,0,0,0.6341,0.6341,0.6341,0.6341,1.2682,0,0.6341,0,1.2682,0.6341,0.6341,0.6341,0.0001,0.0001,0,0,0,0,0,0,0,0,0,0,0.0001,0,0,0,0.0001,0,0,0,0.1962,0.1697,0.1962,0.1697,1
1.2279,1.2279,1.8418,0,0,0,0.6139,0,0,1.8418,0.6139,1.8418,1.2279,0,0,0.6139,0.6139,0,0,0.6139,0.0001,0.0001,0.0001,0,0,0,0,0,0,0.0001,0,0.0001,0.0001,0,0,0,0,0,0,0,0.2004,0.1856,0.2004,0.1856,1
0.7335,0.7335,0.7335,0,0.7335,0,0.7335,0.7335,0,0,0.7335,0.7335,0,0,0,1.467,2.2004,2.9339,0,0.7335,0,0,0,0,0,0,0,0,0,0,0,0,0,0,0,0.0001,0.0001,0.0002,0,0,0.1438,0.1228,0.1438,0.1228,1
0.6514,0,0,0,0.6514,0,0,0,3.257,0.6514,0,0,0,0,1.3028,0.6514,0.6514,2.6056,0,0,0.0001,0,0,0,0.0001,0,0,0,0.0007,0.0001,0,0,0,0,0.0003,0.0001,0.0001,0.0005,0,0,0.1497,0.1989,0.1497,0.1989,1
0,3.8843,0,0.6474,0,3.2369,0.6474,0,0,0.6474,0,0.6474,1.9421,0,1.2948,0.6474,3.2369,1.9421,0.6474,0,0,0.0001,0,0,0,0.0001,0,0,0,0,0,0,0.0001,0,0,0,0.0001,0.0001,0,0,0.1719,0.1808,0.1719,0.1808,1
1.5445,0.7722,0.7722,0.7722,0,0.7722,0,0,3.8612,0,0,0,0.7722,0,0,0,0.7722,0.7722,0,0,0.0002,0.0001,0.0001,0.0001,0,0.0001,0,0,0.0004,0,0,0,0.0001,0,0,0,0.0001,0.0001,0,0,0.1397,0.0881,0.1397,0.0881,1
0,0.8501,0.8501,0,0,2.5504,0.8501,0,0,0,0,0.8501,0,0,0.8501,0,1.7003,0.8501,0,0,0,0.0001,0.0001,0,0,0.0004,0.0001,0,0,0,0,0.0001,0,0,0.0001,0,0.0003,0.0001,0,0,0.0818,0.068,0.0818,0.068,1
1.5746,0,0.7873,0.7873,3.9364,0,0,0,0,3.1491,0,0,0.7873,0,0,0,0.7873,0,0,0,0.0002,0,0.0001,0.0001,0.0006,0,0,0,0,0.0004,0,0,0.0001,0,0,0,0.0001,0,0,0,0.1357,0.0771,0.1357,0.0771,1
1.4862,0,0,0,0,0,0,0,2.2294,1.4862,0,0,0,0,0,0.7431,0.7431,2.9725,0,0.7431,0.0003,0,0,0,0,0,0,0,0.0004,0.0003,0,0,0,0,0,0.0001,0.0001,0.0005,0,0.0001,0.1643,0.0926,0.1643,0.0926,1
1.6792,0,0,0,2.5188,0,0,0,3.3584,2.5188,0,0,0,0,0,0,0,0.8396,0,0,0.0004,0,0,0,0.0006,0,0,0,0.0008,0.0006,0,0,0,0,0,0,0,0.0002,0,0,0.0555,0.1049,0.0555,0.1049,1
0,0.5359,1.6078,0.5359,0.5359,0,0,0.5359,0.5359,1.6078,0,0,0,0,0.5359,1.0719,0,0.5359,1.6078,0,0,0,0.0001,0,0,0,0,0,0,0.0001,0,0,0,0,0,0.0001,0,0,0.0001,0,0.2317,0.2324,0.2317,0.2324,1
1.4725,0,0,0,0.7363,0,0.7363,0,0.7363,0.7363,2.2088,0.7363,0,0,0.7363,0,0,0.7363,0,0,0.0002,0,0,0,0.0001,0,0.0001,0,0.0001,0.0001,0.0004,0.0001,0,0,0.0001,0,0,0.0001,0,0,0.1345,0.1292,0.1345,0.1292,1
0,0,0,0,0.9543,1.4315,0.9543,0,0.9543,0,1.4315,0.4772,0,0,2.3858,0.4772,0.4772,0.4772,0,0.4772,0,0,0,0,0.0001,0.0002,0.0001,0,0.0001,0,0.0002,0.0001,0,0,0.0003,0.0001,0.0001,0.0001,0,0.0001,0.2533,0.2695,0.2533,0.2695,1
0,0,0.4147,3.3174,0,0,0.4147,1.244,3.3174,0.4147,0,0,0,0.8293,0,0.4147,0.4147,0,0.8293,0.4147,0,0,0,0.0003,0,0,0,0.0001,0.0003,0,0,0,0,0.0001,0,0,0,0,0.0001,0,0.2529,0.3325,0.2529,0.3325,1
0,0.7625,0,0,3.0501,0,0,2.2875,0.7625,2.2875,0,0,0,0,0.7625,0,0,0.7625,0.7625,0.7625,0,0.0001,0,0,0.0004,0,0,0.0003,0.0001,0.0003,0,0,0,0,0.0001,0,0,0.0001,0.0001,0.0001,0.088,0.1495,0.088,0.1495,1
2.4185,0,0.6046,0,0,1.8139,0.6046,0,1.8139,1.2092,0.6046,0.6046,0,0,0,0,0.6046,0,0,0,0.0003,0,0.0001,0,0,0.0002,0.0001,0,0.0002,0.0001,0.0001,0.0001,0,0,0,0,0.0001,0,0,0,0.2283,0.167,0.2283,0.167,1
0.6152,0.6152,1.2305,0,0,1.2305,1.2305,1.2305,0.6152,0.6152,0.6152,0,0.6152,0,1.2305,0.6152,0.6152,1.2305,0,0,0.0001,0.0001,0.0001,0,0,0.0001,0.0001,0.0001,0.0001,0.0001,0.0001,0,0.0001,0,0.0001,0.0001,0.0001,0.0001,0,0,0.2257,0.1591,0.2257,0.1591,1
0,0,0,0,0.7796,3.1184,0,0,0.7796,0.7796,0,0,0.7796,0,0,0.7796,0,1.5592,1.5592,0,0,0,0,0,0.0001,0.0004,0,0,0.0001,0.0001,0,0,0.0001,0,0,0.0001,0,0.0002,0.0002,0,0.1051,0.1153,0.1051,0.1153,1
0.6063,0,0.6063,0,1.2125,0.6063,0,0.6063,0,1.2125,0,1.2125,0,0.6063,1.8188,0,0,0.6063,0,1.2125,0.0001,0,0.0001,0,0.0001,0.0001,0,0.0001,0,0.0001,0,0.0001,0,0.0001,0.0002,0,0,0.0001,0,0.0001,0.1768,0.2169,0.1768,0.2169,1
4.3147,0,0,0,0,0,0,0,2.1573,3.5955,0,0,1.4382,0,1.4382,0,0,1.4382,0,0,0.0006,0,0,0,0,0,0,0,0.0003,0.0005,0,0,0.0002,0,0.0002,0,0,0.0002,0,0,0.1206,0.1603,0.1206,0.1603,1
0.7529,0,0,0,0,1.5059,0,0,0.7529,6.0236,0,0.7529,0.7529,0,0,1.5059,0,0.7529,0,0,0.0001,0,0,0,0,0.0001,0,0,0.0001,0.0004,0,0.0001,0.0001,0,0,0.0001,0,0.0001,0,0,0.1089,0.1382,0.1089,0.1382,1
0,0.5443,0,0.5443,2.7217,1.0887,0.5443,0.5443,1.0887,2.7217,0,0.5443,0,1.633,0.5443,0,0,1.0887,0,0,0,0,0,0,0.0002,0.0001,0,0,0.0001,0.0002,0,0,0,0.0001,0,0,0,0.0001,0,0,0.2192,0.2365,0.2192,0.2365,1
0.6625,0.6625,0.6625,0.6625,0,1.3251,0,1.9876,0,2.6502,0.6625,0.6625,0,0,0,0,0.6625,0.6625,1.3251,0,0,0,0,0,0,0.0001,0,0.0001,0,0.0002,0,0,0,0,0,0,0,0,0.0001,0,0.1531,0.1843,0.1531,0.1843,1
1.1531,3.4594,0,0.5766,0,1.7297,0,1.7297,1.1531,0.5766,0,0.5766,1.1531,0,0.5766,2.3063,0,1.1531,0.5766,0.5766,0,0.0001,0,0,0,0.0001,0,0.0001,0,0,0,0,0,0,0,0.0001,0,0,0,0,0.2416,0.1819,0.2416,0.1819,1
0.5761,0,0.5761,0.5761,0,1.1522,0.5761,0,1.1522,0,1.1522,1.7284,1.7284,0,0,0,0,2.3045,0,0.5761,0.0001,0,0.0001,0.0001,0,0.0001,0.0001,0,0.0001,0,0.0001,0.0002,0.0002,0,0,0,0,0.0002,0,0.0001,0.248,0.1759,0.248,0.1759,1
2.3926,2.3926,0,0.7975,0.7975,2.3926,0,0.7975,0,0.7975,0,0.7975,0.7975,0,0,1.595,0,0.7975,0,0,0.0001,0.0001,0,0,0,0.0001,0,0,0,0,0,0,0,0,0,0.0001,0,0,0,0,0.095,0.1074,0.095,0.1074,1
1.6528,0,1.1018,1.1018,0,0,0,0,2.2037,0.5509,0,1.1018,0,0,0,1.1018,0.5509,1.6528,0,0,0.0002,0,0.0001,0.0001,0,0,0,0,0.0002,0.0001,0,0.0001,0,0,0,0.0001,0.0001,0.0002,0,0,0.2259,0.2232,0.2259,0.2232,1
1.2941,0,0,0.647,1.2941,0,0,1.9411,0,0.647,0,0,0.647,0.647,1.2941,0.647,0.647,0,0,0,0.0001,0,0,0.0001,0.0001,0,0,0.0002,0,0.0001,0,0,0.0001,0.0001,0.0001,0.0001,0.0001,0,0,0,0.1745,0.1784,0.1745,0.1784,1
0.6722,0.6722,0.6722,0.6722,1.3444,0.6722,0.6722,0.6722,0.6722,0,0,0.6722,1.3444,0.6722,0,0,0,0,0.6722,0,0.0001,0.0001,0.0001,0.0001,0.0001,0.0001,0.0001,0.0001,0.0001,0,0,0.0001,0.0001,0.0001,0,0,0,0,0.0001,0,0.1863,0.1415,0.1863,0.1415,1
1.4871,0.7436,0,0.7436,0.7436,0.7436,0,1.4871,0.7436,0,0,0,0,0.7436,0,0,0,0,0.7436,0,0.0001,0.0001,0,0.0001,0.0001,0.0001,0,0.0001,0.0001,0,0,0,0,0.0001,0,0,0,0,0.0001,0,0.1456,0.1108,0.1456,0.1108,1
0,3.9827,0.569,0.569,0.569,1.7069,0.569,1.1379,1.1379,1.1379,0,1.7069,1.1379,0,0,1.7069,0,0.569,0,0.569,0,0.0002,0,0,0,0.0001,0,0,0,0,0,0.0001,0,0,0,0.0001,0,0,0,0,0.1952,0.2358,0.1952,0.2358,1
1.3594,0.6797,0.6797,1.3594,0,0,0,0,1.3594,0,2.0391,1.3594,0.6797,0,0.6797,0,0.6797,0,0,0,0.0001,0.0001,0.0001,0.0001,0,0,0,0,0.0001,0,0.0002,0.0001,0.0001,0,0.0001,0,0.0001,0,0,0,0.1292,0.1911,0.1292,0.1911,1
1.3534,0,0,0,0.6767,0.6767,0.6767,0,0.6767,0,0.6767,0,0,0.6767,1.3534,0,0,2.0301,0,0,0.0002,0,0,0,0.0001,0.0001,0.0001,0,0.0001,0,0.0001,0,0,0.0001,0.0002,0,0,0.0003,0,0,0.168,0.1553,0.168,0.1553,1
1.71,0,0,0,0,0,0,0.855,3.4199,1.71,0,0,0,0,0,0,0.855,2.5649,0,0,0.0005,0,0,0,0,0,0,0.0002,0.0009,0.0005,0,0,0,0,0,0,0.0002,0.0007,0,0,0.0533,0.0917,0.0533,0.0917,1
0.5118,0,0.5118,0,0,1.5353,0,0,1.0235,0,0,0,1.0235,0,5.1176,0,0,0,0.5118,0.5118,0.0001,0,0.0001,0,0,0.0002,0,0,0.0001,0,0,0,0.0001,0,0.0006,0,0,0,0.0001,0.0001,0.2744,0.2138,0.2744,0.2138,1
1.7059,0,0,0,0.853,0,0,0,3.4118,0.853,0,0,0,0,0,0,0.853,3.4118,0,0,0.0005,0,0,0,0.0002,0,0,0,0.001,0.0002,0,0,0,0,0,0,0.0002,0.001,0,0,0.0548,0.0923,0.0548,0.0923,1
1.6821,0,0,0,0,0,0,0,3.3642,1.6821,0,0,0,0.8411,0,0,0,3.3642,0,0,0.0004,0,0,0,0,0,0,0,0.0008,0.0004,0,0,0,0.0002,0,0,0,0.0008,0,0,0.0598,0.0991,0.0598,0.0991,1
1.6718,0,1.6718,0,0,1.1145,1.1145,0,0.5573,0.5573,0,1.1145,1.6718,0,1.1145,1.1145,0.5573,0,0.5573,0,0.0002,0,0.0002,0,0,0.0001,0.0001,0,0.0001,0.0001,0,0.0001,0.0002,0,0.0001,0.0001,0.0001,0,0.0001,0,0.2589,0.1839,0.2589,0.1839,1
0,0,1.0379,0.519,1.0379,1.0379,0,0,0.519,0.519,0.519,1.0379,1.0379,0,2.5948,0,0.519,0.519,0,0.519,0,0,0.0001,0.0001,0.0001,0.0001,0,0,0.0001,0.0001,0.0001,0.0001,0.0001,0,0.0003,0,0.0001,0.0001,0,0.0001,0.2532,0.2278,0.2532,0.2278,1
0,0,0.5878,0.5878,0.5878,2.3513,0,1.1757,0.5878,1.7635,0,0,0,0,0,0.5878,0,0,0.5878,0,0,0,0,0,0,0.0002,0,0.0001,0,0.0001,0,0,0,0,0,0,0,0,0,0,0.1998,0.2123,0.1998,0.2123,1
0,0,0,0.6997,0,0,0,0.6997,0.6997,0.6997,0,0,2.0991,0,0,0,0.6997,0,3.4985,0,0,0,0,0.0001,0,0,0,0.0001,0.0001,0.0001,0,0,0.0002,0,0,0,0.0001,0,0.0004,0,0.199,0.1013,0.199,0.1013,1
0,0.528,1.056,0.528,0.528,1.5839,0.528,1.056,0,0.528,1.056,0.528,0,1.056,1.056,0,0,0,0,0,0,0,0.0001,0,0,0.0001,0,0.0001,0,0,0.0001,0,0,0.0001,0.0001,0,0,0,0,0,0.2352,0.2368,0.2352,0.2368,1
0,0,0.404,2.8282,0,0,0,1.2121,1.2121,0.808,0.404,0.404,0,2.0201,0.808,0.404,0.404,0,0.808,0.404,0,0,0,0.0003,0,0,0,0.0001,0.0001,0.0001,0,0,0,0.0002,0.0001,0,0,0,0.0001,0,0.2707,0.3253,0.2707,0.3253,1
0,2.3398,0,0,0.5849,1.7548,0,0,0,0.5849,1.1699,0,0,0,3.5097,0,0,0,0,0.5849,0,0.0001,0,0,0,0.0001,0,0,0,0,0.0001,0,0,0,0.0002,0,0,0,0,0,0.1833,0.2318,0.1833,0.2318,1
2.0056,0.6685,0.6685,0,0,1.337,0,0,0,1.337,0,2.0056,2.0056,0,0.6685,1.337,0,0,1.337,0,0.0001,0,0,0,0,0.0001,0,0,0,0.0001,0,0.0001,0.0001,0,0,0.0001,0,0,0.0001,0,0.2122,0.1193,0.2122,0.1193,1
0,0,0.5474,0,0.5474,2.7372,0.5474,0.5474,0.5474,1.0949,0.5474,0.5474,0.5474,0.5474,1.6423,0.5474,0,0,0,0,0,0,0.0001,0,0.0001,0.0003,0.0001,0.0001,0.0001,0.0001,0.0001,0.0001,0.0001,0.0001,0.0002,0.0001,0,0,0,0,0.2102,0.2423,0.2102,0.2423,1
0,0.5219,1.0437,1.0437,0,0.5219,0.5219,0,0,0.5219,1.0437,0.5219,1.5656,0.5219,1.5656,0,1.0437,1.0437,0,1.5656,0,0,0.0001,0.0001,0,0,0,0,0,0,0.0001,0,0.0001,0,0.0001,0,0.0001,0.0001,0,0.0001,0.2667,0.2114,0.2667,0.2114,1
1.4009,0,0,2.3348,0,0.467,0,0,2.3348,0.467,0.467,0.467,0.467,0,0,0,0.9339,0.467,0.9339,0.9339,0.0001,0,0,0.0002,0,0,0,0,0.0002,0,0,0,0,0,0,0,0.0001,0,0.0001,0.0001,0.2351,0.2979,0.2351,0.2979,1
0.6808,0.6808,0,0.6808,0.6808,0.6808,0,0.6808,1.3617,2.0425,0,0,0,0,0,0.6808,0.6808,0,0,0,0.0001,0.0001,0,0.0001,0.0001,0.0001,0,0.0001,0.0001,0.0002,0,0,0,0,0,0.0001,0.0001,0,0,0,0.1722,0.147,0.1722,0.147,1
2.482,0.6205,0.6205,0.6205,1.241,0.6205,0.6205,0.6205,0.6205,0.6205,0.6205,0,0,0,0,0.6205,1.241,0,0,0,0.0002,0,0,0,0.0001,0,0,0,0,0,0,0,0,0,0,0,0.0001,0,0,0,0.1756,0.2039,0.1756,0.2039,1
0.8764,0.4382,0,0,2.6291,0.4382,0,0,1.7528,0.4382,0,0.4382,0,0.4382,2.6291,0,0,1.3146,0,0.8764,0.0001,0,0,0,0.0002,0,0,0,0.0002,0,0,0,0,0,0.0002,0,0,0.0001,0,0.0001,0.4293,0.1325,0.4293,0.1325,1
0.5182,0.5182,0.5182,0,1.0364,0,1.0364,0,4.1458,0,0,0.5182,0.5182,0,1.0364,0.5182,0.5182,1.5547,0.5182,0,0,0,0,0,0.0001,0,0.0001,0,0.0003,0,0,0,0,0,0.0001,0,0,0.0001,0,0,0.2562,0.2256,0.2562,0.2256,1
2.9976,0,0,0,0.7494,1.4988,0,0,0,3.747,0,0.7494,0.7494,0,0,0,0.7494,0.7494,0.7494,0,0.0002,0,0,0,0.0001,0.0001,0,0,0,0.0003,0,0.0001,0.0001,0,0,0,0.0001,0.0001,0.0001,0,0.1055,0.1451,0.1055,0.1451,1
2.7068,0,1.0827,0,0,2.1654,1.6241,0.5414,0.5414,0.5414,1.0827,0,1.0827,0,0,0.5414,0,2.1654,0,1.0827,0.0002,0,0.0001,0,0,0.0002,0.0001,0,0,0,0.0001,0,0.0001,0,0,0,0,0.0002,0,0.0001,0.2096,0.249,0.2096,0.249,1
1.201,0,0.6005,1.201,0,1.201,0,0,0.6005,0.6005,0,0,1.201,0,1.201,0,0.6005,0.6005,0,0,0.0002,0,0.0001,0.0002,0,0.0002,0,0,0.0001,0.0001,0,0,0.0002,0,0.0002,0,0.0001,0.0001,0,0,0.2121,0.1874,0.2121,0.1874,1
0.549,0,2.1961,0.549,0,0.549,0.549,0.549,0.549,0,0,0,0.549,0,1.6471,0,1.098,0,0.549,0.549,0.0001,0,0.0002,0.0001,0,0.0001,0.0001,0.0001,0.0001,0,0,0,0.0001,0,0.0002,0,0.0001,0,0.0001,0.0001,0.2118,0.2392,0.2118,0.2392,1
2.3227,0.7742,0.7742,0.7742,1.5485,0,0.7742,0,0.7742,1.5485,1.5485,0,0.7742,0,0,0,0,0,0,0,0.0002,0.0001,0.0001,0.0001,0.0001,0,0.0001,0,0.0001,0.0001,0.0001,0,0.0001,0,0,0,0,0,0,0,0.0979,0.1279,0.0979,0.1279,1
1.2342,2.4684,0.6171,0,0,1.2342,0.6171,0.6171,0.6171,1.2342,0,1.2342,0.6171,1.2342,0,0,2.4684,1.2342,0,1.8513,0.0001,0.0001,0,0,0,0.0001,0,0,0,0.0001,0,0.0001,0,0.0001,0,0,0.0001,0.0001,0,0.0001,0.2141,0.1688,0.2141,0.1688,1
1.0401,2.6001,0.52,0.52,0.52,1.5601,0,0.52,0.52,2.0801,0.52,0,0.52,0,1.5601,0,2.0801,0,0.52,0.52,0,0.0001,0,0,0,0.0001,0,0,0,0.0001,0,0,0,0,0.0001,0,0.0001,0,0,0,0.2378,0.2422,0.2378,0.2422,1
0.6088,0.6088,0,0.6088,0,0.6088,0,1.2177,1.2177,0.6088,3.0442,0,0.6088,0.6088,1.8265,0,2.4353,0.6088,0.6088,0,0.0001,0.0001,0,0.0001,0,0.0001,0,0.0001,0.0001,0.0001,0.0003,0,0.0001,0.0001,0.0002,0,0.0002,0.0001,0.0001,0,0.1858,0.2054,0.1858,0.2054,1
1.2413,0,0,1.2413,2.4826,0,0,1.2413,1.2413,0.6206,0.6206,0.6206,1.8619,0,0,0.6206,0,0.6206,0,0,0.0001,0,0,0.0001,0.0002,0,0,0.0001,0.0001,0.0001,0.0001,0.0001,0.0002,0,0,0.0001,0,0.0001,0,0,0.2312,0.1482,0.2312,0.1482,1
0,0,0,0,0,3.3288,1.9973,0,0,0,0,0,0,0.6658,0,0.6658,0,1.3315,0,0.6658,0,0,0,0,0,0.0005,0.0003,0,0,0,0,0,0,0.0001,0,0.0001,0,0.0002,0,0.0001,0.1835,0.1507,0.1835,0.1507,1
0.5965,1.1931,1.7896,1.1931,0,0,0.5965,1.1931,0.5965,0,0,0.5965,0.5965,0,0,0.5965,1.7896,0.5965,0,0.5965,0,0.0001,0.0001,0.0001,0,0,0,0.0001,0,0,0,0,0,0,0,0,0.0001,0,0,0,0.2352,0.1683,0.2352,0.1683,1
0,0,0.8436,2.5308,0,0,0,2.109,2.5308,0.4218,0,0.4218,0,1.2654,0,0.4218,0.8436,0,0.8436,0.4218,0,0,0.0001,0.0002,0,0,0,0.0002,0.0002,0,0,0,0,0.0001,0,0,0.0001,0,0.0001,0,0.2622,0.316,0.2622,0.316,1
0.6889,1.3779,0.6889,0.6889,0,0,0.6889,0,0,2.7558,0,0.6889,0.6889,0,0,0,0.6889,0,0.6889,0,0,0.0001,0,0,0,0,0,0,0,0.0002,0,0,0,0,0,0,0,0,0,0,0.1737,0.1374,0.1737,0.1374,1
0.7068,0.7068,0,0.7068,1.4136,1.4136,0,0,0.7068,0.7068,0,0,0,0,0,0,1.4136,1.4136,0,0,0.0001,0.0001,0,0.0001,0.0001,0.0001,0,0,0.0001,0.0001,0,0,0,0,0,0,0.0001,0.0001,0,0,0.1457,0.1476,0.1457,0.1476,1
1.0232,0,0.5116,1.0232,1.0232,1.0232,0,0,0.5116,0,0,0,1.0232,0,2.0464,1.0232,0.5116,0.5116,0,1.0232,0.0001,0,0,0.0001,0.0001,0.0001,0,0,0,0,0,0,0.0001,0,0.0002,0.0001,0,0,0,0.0001,0.2336,0.2548,0.2336,0.2548,1
1.6039,0.5346,1.0693,0.5346,0,1.6039,0.5346,0,0.5346,0,0,0.5346,0,0.5346,1.0693,0,1.0693,1.0693,0.5346,0,0.0001,0,0.0001,0,0,0.0001,0,0,0,0,0,0,0,0,0.0001,0,0.0001,0.0001,0,0,0.241,0.2243,0.241,0.2243,1
4.8341,0,0.4834,0,0,1.4502,0.4834,0.4834,1.9336,2.9004,0,0,0,0.4834,0,0,0.4834,0,0.4834,0,0.0004,0,0,0,0,0.0001,0,0,0.0002,0.0002,0,0,0,0,0,0,0,0,0,0,0.234,0.2826,0.234,0.2826,1
0,0,0.8367,3.3466,0,0,0,1.255,3.3466,0.4183,0,0,0,1.255,0,0.4183,0.4183,0,0.8367,0.4183,0,0,0.0001,0.0003,0,0,0,0.0001,0.0003,0,0,0,0,0.0001,0,0,0,0,0.0001,0,0.251,0.3307,0.251,0.3307,1
0,0.7636,0,0,0,1.5273,0,0,0.7636,2.2909,0.7636,0,0.7636,0.7636,1.5273,0.7636,0,0.7636,1.5273,0,0,0.0001,0,0,0,0.0001,0,0,0.0001,0.0002,0.0001,0,0.0001,0.0001,0.0001,0.0001,0,0.0001,0.0001,0,0.0978,0.1386,0.0978,0.1386,1
0.8332,0,0,0,0,0,0,0,3.3327,1.6664,0,0,0.8332,0,0,0,0.8332,2.4995,0,0.8332,0.0002,0,0,0,0,0,0,0,0.0008,0.0004,0,0,0.0002,0,0,0,0.0002,0.0006,0,0.0002,0.0661,0.1007,0.0661,0.1007,1
1.4389,0.7194,0,0,0.7194,0,0,0,0,1.4389,1.4389,0,5.0361,1.4389,1.4389,0,2.1583,0.7194,0.7194,1.4389,0.0001,0,0,0,0,0,0,0,0,0.0001,0.0001,0,0.0003,0.0001,0.0001,0,0.0001,0,0,0.0001,0.132,0.1486,0.132,0.1486,1
0,0,0.8971,4.0371,0,0,0,0.8971,3.14,0.4486,0,0,0,0.4486,0,0.4486,0.8971,0,0.8971,1.3457,0,0,0.0001,0.0004,0,0,0,0.0001,0.0003,0,0,0,0,0,0,0,0.0001,0,0.0001,0.0001,0.2622,0.2892,0.2622,0.2892,1
1.5342,0,0,0,0,0.7671,0.7671,0,0.7671,1.5342,0,0.7671,1.5342,0,0,0,0,4.6027,0,0.7671,0.0002,0,0,0,0,0.0001,0.0001,0,0.0001,0.0002,0,0.0001,0.0002,0,0,0,0,0.0006,0,0.0001,0.123,0.1099,0.123,0.1099,1
0.4818,0,0.9635,1.4453,0,0.4818,0.4818,0.4818,1.4453,1.4453,0,1.4453,0,0.4818,0.4818,0,0.9635,1.4453,0,0.4818,0,0,0.0001,0.0001,0,0,0,0,0.0001,0.0001,0,0.0001,0,0,0,0,0.0001,0.0001,0,0,0.2637,0.2545,0.2637,0.2545,1
0,3.5342,0.589,1.1781,0,2.9452,0,0.589,0,0.589,0,0.589,1.7671,0,0.589,1.1781,2.3561,0.589,0.589,0,0,0.0001,0,0,0,0.0001,0,0,0,0,0,0,0.0001,0,0,0,0.0001,0,0,0,0.193,0.218,0.193,0.218,1
0.4981,0.4981,0.9962,0,0.9962,0.9962,0.4981,1.9924,0.4981,1.4943,0.4981,0,1.4943,0,1.9924,0.4981,0,0.4981,0.4981,0,0,0,0.0001,0,0.0001,0.0001,0,0.0001,0,0.0001,0,0,0.0001,0,0.0001,0,0,0,0,0,0.2898,0.212,0.2898,0.212,1
0.5535,1.107,0.5535,0,0,1.107,0.5535,0,0.5535,0,1.6605,0,1.107,0.5535,2.214,0.5535,0,0,0,0.5535,0,0.0001,0,0,0,0.0001,0,0,0,0,0.0001,0,0.0001,0,0.0002,0,0,0,0,0,0.2329,0.2136,0.2329,0.2136,1
0.5042,0,1.5127,0,1.0085,3.5297,0,1.0085,0.5042,1.5127,0,1.0085,0,0.5042,0.5042,1.5127,1.0085,0.5042,0,0,0,0,0.0001,0,0.0001,0.0002,0,0.0001,0,0.0001,0,0.0001,0,0,0,0.0001,0.0001,0,0,0,0.265,0.2308,0.265,0.2308,1
2.5564,0.6391,0,2.5564,0,0.6391,0,0,0.6391,0.6391,0,0,0.6391,0,0,0,0.6391,1.9173,0,0,0.0003,0.0001,0,0.0003,0,0.0001,0,0,0.0001,0.0001,0,0,0.0001,0,0,0,0.0001,0.0002,0,0,0.1913,0.1696,0.1913,0.1696,1
0,0.6115,1.223,0,0,0,0.6115,0,1.223,0.6115,1.223,0,0,1.223,1.223,0.6115,1.223,0.6115,0,1.8345,0,0.0001,0.0001,0,0,0,0.0001,0,0.0001,0.0001,0.0001,0,0,0.0001,0.0001,0.0001,0.0001,0.0001,0,0.0002,0.1481,0.2404,0.1481,0.2404,1
0.508,0,1.016,0,0.508,0.508,0.508,0.508,0.508,0,1.016,0,0,1.016,2.032,1.524,2.032,0.508,0,0,0,0,0.0001,0,0,0,0,0,0,0,0.0001,0,0,0.0001,0.0002,0.0001,0.0002,0,0,0,0.2458,0.2462,0.2458,0.2462,1
1.2382,1.2382,0.6191,0,0,0.6191,0.6191,0.6191,0.6191,1.8574,0,1.2382,0,0,0.6191,0,1.2382,1.2382,0.6191,0,0.0001,0.0001,0,0,0,0,0,0,0,0.0001,0,0.0001,0,0,0,0,0.0001,0.0001,0,0,0.2071,0.1737,0.2071,0.1737,1
0,0,0,0,0,0,1.2868,0,1.2868,1.2868,0,0,1.2868,0,0.6434,1.2868,1.9302,0,0,0.6434,0,0,0,0,0,0,0.0002,0,0.0002,0.0002,0,0,0.0002,0,0.0001,0.0002,0.0003,0,0,0.0001,0.2193,0.1373,0.2193,0.1373,1
3.6184,0,0,0,0.7237,0.7237,0,0.7237,0.7237,2.8947,1.4473,0,1.4473,0,0,0,0,1.4473,0.7237,0,0.0004,0,0,0,0.0001,0.0001,0,0.0001,0.0001,0.0003,0.0001,0,0.0001,0,0,0,0,0.0001,0.0001,0,0.1444,0.1319,0.1444,0.1319,1
0.5922,0,1.1845,0.5922,0,0,0,1.1845,0.5922,1.7767,1.1845,0,0,0,1.1845,0,0.5922,0,0,0,0.0001,0,0.0001,0.0001,0,0,0,0.0001,0.0001,0.0002,0.0001,0,0,0,0.0001,0,0.0001,0,0,0,0.1758,0.2319,0.1758,0.2319,1
1.9403,0,0,0,0,0.6468,0,0.6468,1.2935,2.5871,0,1.2935,0,0,0,0,0,0,0.6468,0.6468,0.0002,0,0,0,0,0.0001,0,0.0001,0.0001,0.0002,0,0.0001,0,0,0,0,0,0,0.0001,0.0001,0.1655,0.1877,0.1655,0.1877,1
0.5882,1.1763,0.5882,0.5882,0,0.5882,0,1.1763,1.1763,0.5882,1.1763,0,1.1763,1.1763,0,2.3527,2.3527,1.1763,0.5882,0,0,0.0001,0,0,0,0,0,0.0001,0.0001,0,0.0001,0,0.0001,0.0001,0,0.0001,0.0001,0.0001,0,0,0.2176,0.1943,0.2176,0.1943,1
0,0,0,0,2.2035,0,0.7345,0.7345,0.7345,2.2035,0.7345,0,0,0.7345,5.8761,0.7345,0.7345,0,0,0,0,0,0,0,0.0003,0,0.0001,0.0001,0.0001,0.0003,0.0001,0,0,0.0001,0.0009,0.0001,0.0001,0,0,0,0.1156,0.1499,0.1156,0.1499,1
0.949,0,0,0.4745,0,1.4235,0.4745,0.4745,1.4235,0,0.4745,0,1.4235,0.4745,1.8979,0.4745,1.4235,0.4745,0,0.949,0.0001,0,0,0.0001,0,0.0002,0.0001,0.0001,0.0002,0,0.0001,0,0.0002,0.0001,0.0003,0.0001,0.0002,0.0001,0,0.0001,0.2555,0.2701,0.2555,0.2701,1
0.6421,0.6421,0.6421,0,1.2842,0,1.2842,0.6421,1.2842,0,0.6421,1.2842,0,0,0.6421,0,0,0,0.6421,0.6421,0.0001,0.0001,0.0001,0,0.0001,0,0.0001,0.0001,0.0001,0,0.0001,0.0001,0,0,0.0001,0,0,0,0.0001,0.0001,0.1636,0.1943,0.1636,0.1943,1
0,0.5366,1.6099,0.5366,0.5366,0,0,0,0.5366,1.6099,0.5366,0,0,0,0.5366,1.0733,0,0.5366,1.6099,0,0,0,0.0001,0,0,0,0,0,0,0.0001,0,0,0,0,0,0.0001,0,0,0.0001,0,0.2326,0.2308,0.2326,0.2308,1
1.5454,0.5151,2.5757,1.0303,0,0.5151,0.5151,1.0303,0.5151,1.0303,0,2.0605,0.5151,1.0303,0,1.5454,1.0303,0,0,0,0.0001,0,0.0002,0.0001,0,0,0,0.0001,0,0.0001,0,0.0002,0,0.0001,0,0.0001,0.0001,0,0,0,0.2594,0.2254,0.2594,0.2254,1
0.8484,0,0,0,0.8484,0,0,0,3.3937,3.3937,0,0,0.8484,0,0,0,0,1.6968,0,0,0.0002,0,0,0,0.0002,0,0,0,0.0008,0.0008,0,0,0.0002,0,0,0,0,0.0004,0,0,0.0535,0.0981,0.0535,0.0981,1
0.9912,0.4956,0.4956,0.4956,0.4956,0.9912,0,0.4956,1.4868,0,0.4956,1.4868,0.4956,0,1.9824,0.4956,0.4956,0.4956,0,0.4956,0.0001,0,0,0,0,0.0001,0,0,0.0001,0,0,0.0001,0,0,0.0002,0,0,0,0,0,0.2466,0.2578,0.2466,0.2578,1
1.6846,0,0,0,0.8423,0,0,0,3.3692,1.6846,0,0,0,0,0,0,0.8423,3.3692,0,0,0.0004,0,0,0,0.0002,0,0,0,0.0008,0.0004,0,0,0,0,0,0,0.0002,0.0008,0,0,0.0554,0.1023,0.0554,0.1023,1
1.2877,0,0,0,0.6439,2.5754,1.9316,0,0,0.6439,0.6439,0.6439,0.6439,0,0,0.6439,0,0.6439,0.6439,0,0.0001,0,0,0,0.0001,0.0003,0.0002,0,0,0.0001,0.0001,0.0001,0.0001,0,0,0.0001,0,0.0001,0.0001,0,0.2027,0.1535,0.2027,0.1535,1
0.7796,0,0,0,0.7796,0,0,0.7796,2.3389,0.7796,0,0,0.7796,0,1.5593,0,0,0.7796,0,0,0.0002,0,0,0,0.0002,0,0,0.0002,0.0006,0.0002,0,0,0.0002,0,0.0004,0,0,0.0002,0,0,0.1072,0.1131,0.1072,0.1131,1
0.6312,0.6312,1.8936,0.6312,0.6312,0,0,1.2624,0,1.2624,0.6312,0.6312,0.6312,0,0,1.8936,0.6312,0.6312,0,0,0,0,0.0001,0,0,0,0,0.0001,0,0.0001,0,0,0,0,0,0.0001,0,0,0,0,0.1895,0.1793,0.1895,0.1793,1
0,0.5497,0.5497,0,1.6492,0.5497,1.0995,0,1.0995,0.5497,0.5497,1.0995,0.5497,0,0.5497,1.0995,1.0995,0.5497,0,0,0,0.0001,0.0001,0,0.0002,0.0001,0.0001,0,0.0001,0.0001,0.0001,0.0001,0.0001,0,0.0001,0.0001,0.0001,0.0001,0,0,0.2319,0.2184,0.2319,0.2184,1
1.8542,0,0,0.6181,0,1.2361,1.2361,0.6181,1.2361,1.8542,0,0,1.2361,0,0,0.6181,1.2361,2.4722,0,0.6181,0.0002,0,0,0.0001,0,0.0001,0.0001,0.0001,0.0001,0.0002,0,0,0.0001,0,0,0.0001,0.0001,0.0002,0,0.0001,0.1595,0.2224,0.1595,0.2224,1
0.9982,0,0,0.4991,0.4991,0.4991,1.4973,1.4973,2.4955,0.9982,0.9982,0.4991,0.9982,0.4991,0.4991,0.4991,0.9982,0.9982,0,0,0.0001,0,0,0,0,0,0.0001,0.0001,0.0002,0.0001,0.0001,0,0.0001,0,0,0,0.0001,0.0001,0,0,0.231,0.2699,0.231,0.2699,1
2.1067,0,0.4213,0,0.4213,0,0,0.4213,4.2134,0.4213,0.4213,0,0,0,0.4213,0.4213,0.4213,2.1067,0,0,0.0002,0,0,0,0,0,0,0,0.0004,0,0,0,0,0,0,0,0,0.0002,0,0,0.2562,0.3224,0.2562,0.3224,1
0,0.5208,1.5625,1.0417,0.5208,0,0,0.5208,0.5208,2.0833,0,0,0,0,0.5208,1.0417,0,0,1.5625,0,0,0,0.0001,0.0001,0,0,0,0,0,0.0001,0,0,0,0,0,0.0001,0,0,0.0001,0,0.2263,0.2529,0.2263,0.2529,1
0.6009,0,0.6009,0.6009,0,0.6009,0,0,0.6009,0.6009,0.6009,1.2017,0,0.6009,0,0,0,0.6009,1.8026,0,0,0,0,0,0,0,0,0,0,0,0,0.0001,0,0,0,0,0,0,0.0001,0,0.1734,0.2257,0.1734,0.2257,1
0.7192,0,0,2.1577,0,1.4384,0,0.7192,0.7192,0.7192,0,0,0,0,0.7192,0,0,0,0,0,0.0001,0,0,0.0004,0,0.0002,0,0.0001,0.0001,0.0001,0,0,0,0,0.0001,0,0,0,0,0,0.1617,0.1191,0.1617,0.1191,1
0,0,0,0,2.6057,0,0,0,3.4743,4.3428,0,0,0.8686,0,0,0,0,0,0,0,0,0,0,0,0.0008,0,0,0,0.001,0.0013,0,0,0.0003,0,0,0,0,0,0,0,0.0494,0.082,0.0494,0.082,1
0,0.5201,1.5603,0.5201,0.5201,0,0.5201,0,0.5201,2.0805,0,0,0,0,0.5201,1.0402,0,0.5201,1.5603,0,0,0,0.0001,0,0,0,0,0,0,0.0001,0,0,0,0,0,0.0001,0,0,0.0001,0,0.2332,0.2467,0.2332,0.2467,1
1.2402,0,0,0.6201,0,1.2402,1.2402,1.2402,0.6201,2.4803,0,0,1.2402,0,0,1.2402,0.6201,3.1004,0,0,0.0001,0,0,0,0,0.0001,0.0001,0.0001,0,0.0002,0,0,0.0001,0,0,0.0001,0,0.0002,0,0,0.1738,0.2061,0.1738,0.2061,1
2.2186,0,0.5547,1.1093,0.5547,0,0,0,0,0.5547,0.5547,0,0,0,1.1093,0.5547,2.2186,0,0.5547,0,0.0003,0,0.0001,0.0001,0.0001,0,0,0,0,0.0001,0.0001,0,0,0,0.0001,0.0001,0.0003,0,0.0001,0,0.1983,0.2471,0.1983,0.2471,1
1.1212,2.803,0.5606,0.5606,0,1.6818,0.5606,0,0.5606,1.1212,0,0,0.5606,0,0.5606,2.2424,3.3636,1.1212,0,0,0.0001,0.0001,0,0,0,0.0001,0,0,0,0.0001,0,0,0,0,0,0.0001,0.0002,0.0001,0,0,0.2252,0.2142,0.2252,0.2142,1
0,0,2.2356,0,0.5589,0.5589,0,0,0.5589,1.1178,1.1178,0,0,0,0.5589,0.5589,2.2356,0,0,0.5589,0,0,0.0002,0,0.0001,0.0001,0,0,0.0001,0.0001,0.0001,0,0,0,0.0001,0.0001,0.0002,0,0,0.0001,0.2005,0.2406,0.2005,0.2406,1
0.4363,0.4363,1.7451,2.1814,0,0,0.4363,0.8726,1.7451,0.8726,0,0,0,0.8726,0,1.3088,0,0.8726,0.8726,0.4363,0,0,0.0001,0.0002,0,0,0,0.0001,0.0001,0.0001,0,0,0,0.0001,0,0.0001,0,0.0001,0.0001,0,0.2947,0.269,0.2947,0.269,1
0.4558,0,0.4558,0,1.3675,1.8234,0.9117,0.9117,0.9117,1.8234,0,0,0.4558,0,0.4558,0,1.8234,0.9117,0.9117,0,0,0,0,0,0.0001,0.0001,0.0001,0.0001,0.0001,0.0001,0,0,0,0,0,0,0.0001,0.0001,0.0001,0,0.2678,0.2764,0.2678,0.2764,1
0.651,0.651,0,1.3019,2.6039,0,0,1.3019,0.651,0.651,0,0.651,2.6039,0,0,0.651,0,1.3019,0,0,0,0,0,0.0001,0.0002,0,0,0.0001,0,0,0,0,0.0002,0,0,0,0,0.0001,0,0,0.1788,0.1703,0.1788,0.1703,1
2.6879,0,0,0,0.672,0.672,0,0.672,2.6879,1.3439,0,0,0.672,0,1.3439,0,0,2.6879,0,0.672,0.0003,0,0,0,0.0001,0.0001,0,0.0001,0.0003,0.0002,0,0,0.0001,0,0.0002,0,0,0.0003,0,0.0001,0.1656,0.1624,0.1656,0.1624,1
0,1.7198,0,0,0.5733,2.2931,0,0,0,0.5733,0,0,0,0,3.4397,0,0,1.1466,0,0.5733,0,0.0001,0,0,0,0.0001,0,0,0,0,0,0,0,0,0.0002,0,0,0.0001,0,0,0.1984,0.2283,0.1984,0.2283,1
1.1072,0,0.5536,0,0,1.1072,0.5536,0.5536,1.1072,1.6607,1.1072,0.5536,0.5536,0,0.5536,1.6607,0.5536,0,0,0,0.0001,0,0,0,0,0.0001,0,0,0.0001,0.0001,0.0001,0,0,0,0,0.0001,0,0,0,0,0.2483,0.1982,0.2483,0.1982,1
2.0075,0.6692,0.6692,1.3384,0,0,0,0,0.6692,1.3384,0.6692,0.6692,0,0,0,0,1.3384,2.0075,0,0,0.0002,0.0001,0.0001,0.0001,0,0,0,0,0.0001,0.0001,0.0001,0.0001,0,0,0,0,0.0001,0.0002,0,0,0.1735,0.1574,0.1735,0.1574,1
0.5333,2.1331,1.0666,0,0,1.0666,0,2.1331,1.0666,0,0.5333,1.0666,1.0666,0.5333,1.0666,1.0666,0.5333,1.5998,0,0.5333,0,0.0001,0,0,0,0,0,0.0001,0,0,0,0,0,0,0,0,0,0.0001,0,0,0.2231,0.2436,0.2231,0.2436,1
0.4618,0,0,0.4618,0.4618,0.4618,0,0,0.9236,2.309,0,0,0.4618,0,2.309,0,0.4618,0.4618,0.4618,0.4618,0.0001,0,0,0.0001,0.0001,0.0001,0,0,0.0001,0.0003,0,0,0.0001,0,0.0003,0,0.0001,0.0001,0.0001,0.0001,0.2496,0.2886,0.2496,0.2886,1
0.6671,0,1.3341,0,0,2.0012,0,0,0.6671,2.0012,0,0,0.6671,0,0.6671,0,0,0,0,0,0.0001,0,0.0002,0,0,0.0002,0,0,0.0001,0.0002,0,0,0.0001,0,0.0001,0,0,0,0,0,0.196,0.1369,0.196,0.1369,1
1.9657,0,0,1.3105,1.9657,0,0,1.3105,0.6552,0.6552,0.6552,0,1.9657,0,0,1.3105,0,1.3105,0,0,0.0002,0,0,0.0001,0.0002,0,0,0.0001,0.0001,0.0001,0.0001,0,0.0002,0,0,0.0001,0,0.0001,0,0,0.1997,0.1451,0.1997,0.1451,1
0.5337,3.2023,0,0,0,1.6011,0,0,0.5337,1.6011,0,0,0,0,2.6686,0,0,0,0,0,0,0.0002,0,0,0,0.0001,0,0,0,0.0001,0,0,0,0,0.0001,0,0,0,0,0,0.2387,0.2276,0.2387,0.2276,1
0.7344,0,0,0.7344,1.4689,1.4689,0,0.7344,0,0,2.2033,0.7344,2.2033,0,0.7344,0,0.7344,2.2033,0.7344,0,0.0001,0,0,0.0001,0.0001,0.0001,0,0.0001,0,0,0.0002,0.0001,0.0002,0,0.0001,0,0.0001,0.0002,0.0001,0,0.1198,0.1458,0.1198,0.1458,1
0,0,0,0.4637,0.4637,0.4637,2.782,0.9273,1.8547,0,0.4637,0,0.4637,1.391,1.8547,0.4637,0.9273,0,0,0.4637,0,0,0,0.0001,0.0001,0.0001,0.0004,0.0001,0.0003,0,0.0001,0,0.0001,0.0002,0.0003,0.0001,0.0001,0,0,0.0001,0.2856,0.2507,0.2856,0.2507,1
1.6931,0.5644,0.5644,0.5644,0,1.1288,0.5644,0,0.5644,0,0.5644,1.1288,0.5644,0,1.1288,0.5644,1.1288,1.1288,0.5644,0,0.0001,0,0,0,0,0.0001,0,0,0,0,0,0.0001,0,0,0.0001,0,0.0001,0.0001,0,0,0.2364,0.1992,0.2364,0.1992,1
0,0,0.6205,0,1.2411,0,0,0.6205,0,1.2411,1.8616,0,0,0,2.4821,1.2411,0.6205,0,0,0,0,0,0.0001,0,0.0002,0,0,0.0001,0,0.0002,0.0002,0,0,0,0.0003,0.0002,0.0001,0,0,0,0.2125,0.1669,0.2125,0.1669,1
0.9288,0.4644,0.9288,0,0,1.8575,0.4644,1.3932,2.3219,0.9288,0,0,0,0,0.9288,0.4644,0.4644,1.8575,0,0,0.0001,0,0.0001,0,0,0.0001,0,0.0001,0.0002,0.0001,0,0,0,0,0.0001,0,0,0.0001,0,0,0.2678,0.2678,0.2678,0.2678,1
2.1842,0,2.1842,0.7281,0.7281,0,0,0,0,1.4561,0,0,0,0,0,0,0.7281,1.4561,0,0.7281,0.0002,0,0.0002,0.0001,0.0001,0,0,0,0,0.0002,0,0,0,0,0,0,0.0001,0.0002,0,0.0001,0.1496,0.1223,0.1496,0.1223,1
0.4881,0,1.4643,0,0.4881,0.9762,0.4881,0.4881,0.9762,0.9762,0.4881,0.4881,1.9524,0,0.9762,0.4881,0.4881,1.4643,0.4881,0.9762,0,0,0.0001,0,0,0.0001,0,0,0.0001,0.0001,0,0,0.0002,0,0.0001,0,0,0.0001,0,0.0001,0.2401,0.2718,0.2401,0.2718,1
0.5496,0.5496,0,0,0,0.5496,2.7478,0.5496,0,0,1.6487,0,1.0991,0,1.6487,0.5496,0.5496,0.5496,0,0.5496,0.0001,0.0001,0,0,0,0.0001,0.0003,0.0001,0,0,0.0002,0,0.0001,0,0.0002,0.0001,0.0001,0.0001,0,0.0001,0.2101,0.2403,0.2101,0.2403,1
0.5762,0.5762,0,0,0.5762,2.3048,0.5762,0,0.5762,3.4572,0.5762,1.1524,0.5762,0,0.5762,1.7286,0,1.1524,0,0,0,0,0,0,0,0.0001,0,0,0,0.0002,0,0.0001,0,0,0,0.0001,0,0.0001,0,0,0.1867,0.2371,0.1867,0.2371,1
0,0,0,0,1.7537,0,0,0,1.7537,4.3843,0,0,0,0,1.7537,0,0,2.6306,0,0,0,0,0,0,0.0008,0,0,0,0.0008,0.0021,0,0,0,0,0.0008,0,0,0.0012,0,0,0.0467,0.0765,0.0467,0.0765,1
0,0,0,0,0,0.6385,0.6385,0,1.9155,0.6385,0.6385,0.6385,1.277,1.277,1.277,0,0,2.554,0.6385,0,0,0,0,0,0,0.0001,0.0001,0,0.0002,0.0001,0.0001,0.0001,0.0002,0.0002,0.0002,0,0,0.0003,0.0001,0,0.1726,0.1889,0.1726,0.1889,1
0,2.4108,0,0.8036,0.8036,0,0,1.6072,0,0,0.8036,3.2144,0.8036,0,0,0.8036,0.8036,0,0,0,0,0.0001,0,0,0,0,0,0.0001,0,0,0,0.0002,0,0,0,0,0,0,0,0,0.1214,0.0749,0.1214,0.0749,1
4.3841,0,0.548,0.548,1.096,1.096,0.548,0.548,1.096,0.548,0.548,0,0.548,0,0,0.548,3.2881,1.096,0,0,0.0004,0,0,0,0.0001,0.0001,0,0,0.0001,0,0,0,0,0,0,0,0.0003,0.0001,0,0,0.2096,0.2424,0.2096,0.2424,1
2.6025,0,1.9519,0,0,0.6506,0,0.6506,0,0.6506,0,0.6506,1.3013,0,0.6506,0,0,0.6506,0.6506,0,0.0002,0,0.0002,0,0,0.0001,0,0.0001,0,0.0001,0,0.0001,0.0001,0,0.0001,0,0,0.0001,0.0001,0,0.2401,0.1093,0.2401,0.1093,1
0.7125,0,0,0,0,0,0,1.4251,0.7125,1.4251,0.7125,0,0,0.7125,0.7125,0,0,0.7125,0,1.4251,0.0001,0,0,0,0,0,0,0.0003,0.0001,0.0003,0.0001,0,0,0.0001,0.0001,0,0,0.0001,0,0.0003,0.1423,0.1451,0.1423,0.1451,1
0.4705,0,0.4705,0.4705,0,0.4705,0,0.4705,0.4705,0.941,0.4705,0.941,0.941,0.941,1.8821,0.4705,0.4705,1.4115,0,0.941,0,0,0,0,0,0,0,0,0,0.0001,0,0.0001,0.0001,0.0001,0.0002,0,0,0.0001,0,0.0001,0.2764,0.2531,0.2764,0.2531,1
0,0.5519,1.1038,0,1.6557,0,0.5519,0.5519,0.5519,2.7594,0,0.5519,3.3113,0,0.5519,0,1.1038,2.2075,0.5519,0.5519,0,0,0.0001,0,0.0001,0,0,0,0,0.0002,0,0,0.0003,0,0,0,0.0001,0.0002,0,0,0.2241,0.224,0.2241,0.224,1
1.1323,0.5661,1.6984,0.5661,0,0.5661,0.5661,0.5661,0,0,0,0.5661,1.6984,0.5661,0.5661,0,0,1.1323,1.1323,0,0.0001,0,0.0001,0,0,0,0,0,0,0,0,0,0.0001,0,0,0,0,0.0001,0.0001,0,0.2094,0.2245,0.2094,0.2245,1
1.4641,0,0,0,0.732,1.4641,0.732,0.732,2.1961,0,0,0.732,0,0,0,0,0,1.4641,0,0,0.0002,0,0,0,0.0001,0.0002,0.0001,0.0001,0.0003,0,0,0.0001,0,0,0,0,0,0.0002,0,0,0.1219,0.1461,0.1219,0.1461,1
1.3089,0.6545,1.9634,0,1.3089,0.6545,0,0.6545,0,0,2.6179,1.3089,0,0,0,0,2.6179,0,0,0,0.0001,0.0001,0.0002,0,0.0001,0.0001,0,0.0001,0,0,0.0002,0.0001,0,0,0,0,0.0002,0,0,0,0.2079,0.1377,0.2079,0.1377,1
0,0,1.4438,0,0,0.4813,0,0,0.9626,0.9626,0.9626,0,0,0,1.9251,0,0.9626,1.4438,0.4813,0.4813,0,0,0.0002,0,0,0.0001,0,0,0.0001,0.0001,0.0001,0,0,0,0.0002,0,0.0001,0.0002,0.0001,0.0001,0.2566,0.2621,0.2566,0.2621,1
0.7079,0.7079,0.7079,0.7079,0,0.7079,0.7079,0.7079,0,1.4159,0,0.7079,3.5397,0,0,0,0.7079,0.7079,0,0,0.0001,0.0001,0.0001,0.0001,0,0.0001,0.0001,0.0001,0,0.0001,0,0.0001,0.0003,0,0,0,0.0001,0.0001,0,0,0.1617,0.1304,0.1617,0.1304,1
1.2597,0,0,0.6299,0,0.6299,0,0.6299,1.2597,2.5195,0,0.6299,0.6299,0,0,2.5195,3.7792,1.2597,0,0,0.0001,0,0,0,0,0,0,0,0.0001,0.0002,0,0,0,0,0,0.0002,0.0003,0.0001,0,0,0.198,0.1721,0.198,0.1721,1
1.1065,0,1.1065,0.5532,1.1065,0,0,0,1.6597,0.5532,1.6597,0,0.5532,0,0,0.5532,0,0.5532,0,0.5532,0.0001,0,0.0001,0.0001,0.0001,0,0,0,0.0002,0.0001,0.0002,0,0.0001,0,0,0.0001,0,0.0001,0,0.0001,0.2022,0.2445,0.2022,0.2445,1
0.7275,0,0,0,0,0,0,0,1.4551,0.7275,0.7275,0,0,0.7275,1.4551,0.7275,0,0.7275,0,0,0.0002,0,0,0,0,0,0,0,0.0003,0.0002,0.0002,0,0,0.0002,0.0003,0.0002,0,0.0002,0,0,0.1849,0.0875,0.1849,0.0875,1
0.6443,0,0,1.2885,1.2885,0,0.6443,1.2885,0,0,0.6443,1.9328,1.9328,0.6443,0.6443,1.2885,0,0.6443,0.6443,0,0.0001,0,0,0.0001,0.0001,0,0.0001,0.0001,0,0,0.0001,0.0002,0.0002,0.0001,0.0001,0.0001,0,0.0001,0.0001,0,0.2229,0.1328,0.2229,0.1328,1
2.4141,0,0,0.6035,0.6035,1.8106,0.6035,0.6035,0.6035,1.8106,0,0.6035,1.207,0,0,0.6035,1.207,4.2247,0,0,0.0002,0,0,0,0,0.0001,0,0,0,0.0001,0,0,0.0001,0,0,0,0.0001,0.0003,0,0,0.1852,0.2113,0.1852,0.2113,1
0,0,0,0,3.4643,0,0,0.8661,3.4643,0,0,0,0.8661,0,0,0,0,1.7322,0,0.8661,0,0,0,0,0.0011,0,0,0.0003,0.0011,0,0,0,0.0003,0,0,0,0,0.0006,0,0.0003,0.0515,0.0824,0.0515,0.0824,1
0.8373,0,0,0,0.8373,0,0,0,3.3491,0.8373,0,0,0,0,0,0,0.8373,3.3491,0,0.8373,0.0002,0,0,0,0.0002,0,0,0,0.0009,0.0002,0,0,0,0,0,0,0.0002,0.0009,0,0.0002,0.0808,0.0819,0.0808,0.0819,1
1.1967,2.9918,0,0,0,2.3934,0,0,1.1967,1.1967,0,1.7951,2.3934,0,0.5984,0.5984,2.3934,0.5984,0,0,0.0001,0.0001,0,0,0,0.0001,0,0,0.0001,0.0001,0,0.0001,0.0001,0,0,0,0.0001,0,0,0,0.2038,0.1978,0.2038,0.1978,1
0.8489,0,0,0,1.6978,0,0,0,3.3957,0.8489,0.8489,0,0.8489,0,0,0,0.8489,1.6978,0,0,0.0002,0,0,0,0.0004,0,0,0,0.0009,0.0002,0.0002,0,0.0002,0,0,0,0.0002,0.0004,0,0,0.0541,0.0969,0.0541,0.0969,1
0.6691,0,0.6691,0,1.3381,0,0,1.3381,1.3381,0.6691,0,0.6691,0.6691,0,0,0.6691,0,0,0.6691,0,0.0001,0,0.0001,0,0.0001,0,0,0.0001,0.0001,0.0001,0,0.0001,0.0001,0,0,0.0001,0,0,0.0001,0,0.1523,0.1787,0.1523,0.1787,1
0.7077,0.7077,0,0,0,1.4154,0,0,0.7077,0,2.1231,0.7077,0.7077,0,2.1231,2.1231,2.1231,1.4154,0,0,0.0001,0.0001,0,0,0,0.0001,0,0,0.0001,0,0.0002,0.0001,0.0001,0,0.0002,0.0002,0.0002,0.0001,0,0,0.1295,0.1628,0.1295,0.1628,1
1.445,0.7225,0,0.7225,0.7225,0.7225,0,0.7225,0.7225,0,0,0,0,0.7225,0,0,0,0,1.445,0,0.0001,0.0001,0,0.0001,0.0001,0.0001,0,0.0001,0.0001,0,0,0,0,0.0001,0,0,0,0,0.0001,0,0.1463,0.1312,0.1463,0.1312,1
0,0.5601,1.6802,0.5601,0,0,0,0.5601,0,1.6802,0,0,0,0,0.5601,1.6802,0,0.5601,1.6802,0,0,0,0.0001,0,0,0,0,0,0,0.0001,0,0,0,0,0,0.0001,0,0,0.0001,0,0.2077,0.2322,0.2077,0.2322,1
0,0,1.1962,2.3923,0,0,0,0.3987,2.3923,0.7974,0.7974,0.3987,0.3987,0.7974,0,0.3987,0.7974,0,0.7974,0.3987,0,0,0.0001,0.0002,0,0,0,0,0.0002,0.0001,0.0001,0,0,0.0001,0,0,0.0001,0,0.0001,0,0.2703,0.331,0.2703,0.331,1
0,0.5254,0,0,0.5254,0,0,0.5254,1.5763,2.1017,0,0,0,0,1.5763,1.0508,0,0,1.5763,0,0,0,0,0,0,0,0,0,0.0001,0.0002,0,0,0,0,0.0001,0.0001,0,0,0.0001,0,0.2346,0.24,0.2346,0.24,1
0,1.0445,1.0445,1.0445,0,2.089,0.5222,0.5222,1.0445,0.5222,0,0.5222,0.5222,0,1.0445,0,0,1.0445,0,0,0,0.0001,0.0001,0.0001,0,0.0001,0,0,0.0001,0,0,0,0,0,0.0001,0,0,0.0001,0,0,0.1887,0.2891,0.1887,0.2891,1
0.5761,0,0,0.5761,0,1.1521,0.5761,1.1521,1.1521,0,0.5761,1.1521,1.1521,0,0.5761,0.5761,1.1521,1.1521,0,0.5761,0.0001,0,0,0.0001,0,0.0001,0.0001,0.0001,0.0001,0,0.0001,0.0001,0.0001,0,0.0001,0.0001,0.0001,0.0001,0,0.0001,0.2215,0.2025,0.2215,0.2025,1
0.5184,1.0368,1.0368,0.5184,0,0.5184,0,0,1.5551,1.0368,0,1.0368,1.0368,0,1.0368,0,1.0368,1.0368,0,0,0,0.0001,0.0001,0,0,0,0,0,0.0001,0.0001,0,0.0001,0.0001,0,0.0001,0,0.0001,0.0001,0,0,0.2518,0.2298,0.2518,0.2298,1
0,1.2874,0,0.6437,1.2874,1.2874,0,0.6437,0.6437,0.6437,2.5748,3.2185,0.6437,0,0.6437,0,0.6437,0,0,0,0,0.0001,0,0,0.0001,0.0001,0,0,0,0,0.0001,0.0002,0,0,0,0,0,0,0,0,0.1564,0.1999,0.1564,0.1999,1
1.3176,1.9764,0.6588,1.9764,0,0,0,1.3176,0,0,0.6588,0.6588,0.6588,0,0.6588,1.9764,0,2.6352,0,0,0.0001,0.0001,0,0.0001,0,0,0,0.0001,0,0,0,0,0,0,0,0.0001,0,0.0002,0,0,0.2122,0.129,0.2122,0.129,1
0,0,0,0,0,0,0,2.1293,0.7098,0.7098,0.7098,0,0,0.7098,0.7098,0.7098,0,0.7098,0,1.4195,0,0,0,0,0,0,0,0.0004,0.0001,0.0001,0.0001,0,0,0.0001,0.0001,0.0001,0,0.0001,0,0.0002,0.1426,0.1476,0.1426,0.1476,1
0,0.5616,1.6847,0,2.8078,1.6847,0.5616,0,0,0,0,0,0.5616,0,0.5616,0.5616,0.5616,0.5616,1.1231,0,0,0,0.0001,0,0.0002,0.0001,0,0,0,0,0,0,0,0,0,0,0,0,0.0001,0,0.2644,0.1741,0.2644,0.1741,1
0.6181,0.6181,0,1.2362,1.2362,1.2362,0,0.6181,0,1.2362,0.6181,0.6181,0.6181,0,0.6181,1.2362,0.6181,0,0,0,0,0,0,0.0001,0.0001,0.0001,0,0,0,0.0001,0,0,0,0,0,0.0001,0,0,0,0,0.1978,0.1841,0.1978,0.1841,1
0.6351,0.6351,0,0,0,1.9053,0.6351,0,1.9053,2.5404,0.6351,0,0.6351,0.6351,0,0.6351,0.6351,4.4457,0,0,0,0,0,0,0,0.0001,0,0,0.0001,0.0002,0,0,0,0,0,0,0,0.0003,0,0,0.1792,0.1857,0.1792,0.1857,1
0.6217,0,0.6217,0,0.6217,0.6217,0,0.6217,1.8652,0,1.2435,0,0.6217,0,0.6217,0.6217,1.2435,2.487,0,1.2435,0.0001,0,0.0001,0,0.0001,0.0001,0,0.0001,0.0002,0,0.0001,0,0.0001,0,0.0001,0.0001,0.0001,0.0003,0,0.0001,0.1785,0.1998,0.1785,0.1998,1
2.7418,1.3709,0,0,0.6855,0.6855,0.6855,0.6855,0,0,1.3709,1.3709,0,0,0.6855,0,0.6855,1.3709,0,0,0.0002,0.0001,0,0,0,0,0,0,0,0,0.0001,0.0001,0,0,0,0,0,0.0001,0,0,0.1763,0.1383,0.1763,0.1383,1
0.8334,0,2.0836,0.8334,0,0,0.4167,0.4167,2.0836,0.8334,0.8334,1.2501,0,0,0.8334,0.4167,0,1.2501,0.4167,0,0.0001,0,0.0002,0.0001,0,0,0,0,0.0002,0.0001,0.0001,0.0001,0,0,0.0001,0,0,0.0001,0,0,0.3001,0.2832,0.3001,0.2832,1
1.3573,0.6787,1.3573,0.6787,1.3573,2.036,0,0,0,1.3573,0,0,2.036,0,0,0.6787,0.6787,0.6787,0.6787,0,0.0001,0.0001,0.0001,0.0001,0.0001,0.0002,0,0,0,0.0001,0,0,0.0002,0,0,0.0001,0.0001,0.0001,0.0001,0,0.1679,0.1534,0.1679,0.1534,1
1.5856,0,1.0571,0.5285,1.0571,0,0.5285,0.5285,0,3.1712,0.5285,1.0571,0,0,1.0571,0,1.5856,0,0.5285,0,0.0001,0,0.0001,0,0.0001,0,0,0,0,0.0002,0,0.0001,0,0,0.0001,0,0.0001,0,0,0,0.2283,0.2432,0.2283,0.2432,1
0,0.8183,0.8183,0,0,0,0,0.8183,0,4.0914,0.8183,0,0,0,0,0,0.8183,0,0.8183,0,0,0.0001,0.0001,0,0,0,0,0.0001,0,0.0004,0.0001,0,0,0,0,0,0.0001,0,0.0001,0,0.0921,0.0897,0.0921,0.0897,1
0.6119,1.2239,0,1.8358,0.6119,3.0597,0,0.6119,0,3.6717,0,1.2239,0.6119,0,0,1.2239,0,0.6119,0,0,0,0.0001,0,0.0001,0,0.0001,0,0,0,0.0002,0,0.0001,0,0,0,0.0001,0,0,0,0,0.2018,0.1862,0.2018,0.1862,1
1.8817,1.8817,0.6272,0.6272,0.6272,1.8817,0,0,0.6272,0.6272,0,0.6272,1.2545,0,0,0,1.2545,1.8817,0.6272,0,0.0001,0.0001,0,0,0,0.0001,0,0,0,0,0,0,0.0001,0,0,0,0.0001,0.0001,0,0,0.2023,0.1705,0.2023,0.1705,1
0.708,0.708,0.708,0,0,0,0,0.708,0.708,0,0,0.708,0,1.4161,0,0.708,2.1241,0.708,0,1.4161,0.0001,0.0001,0.0001,0,0,0,0,0.0001,0.0001,0,0,0.0001,0,0.0001,0,0.0001,0.0002,0.0001,0,0.0001,0.1573,0.1346,0.1573,0.1346,1
0,1.3458,1.3458,0,0,0,1.3458,0,0,3.3645,0,0.6729,0.6729,0,0.6729,0,1.3458,0.6729,0,0,0,0.0001,0.0001,0,0,0,0.0001,0,0,0.0002,0,0,0,0,0,0,0.0001,0,0,0,0.1763,0.1508,0.1763,0.1508,1
0.8671,0,0.8671,2.6013,0.4336,0,0,0.8671,2.1678,0.4336,0,0,0,2.6013,0,0.4336,0.4336,0,0.4336,0.4336,0.0001,0,0.0001,0.0002,0,0,0,0.0001,0.0002,0,0,0,0,0.0002,0,0,0,0,0,0,0.2406,0.3258,0.2406,0.3258,1
0,0,0,0,1.2603,1.2603,0.6302,0,1.2603,1.2603,1.2603,0,0.6302,0.6302,0.6302,0.6302,0.6302,1.8905,0,0,0,0,0,0,0.0002,0.0002,0.0001,0,0.0002,0.0002,0.0002,0,0.0001,0.0001,0.0001,0.0001,0.0001,0.0003,0,0,0.1689,0.2009,0.1689,0.2009,1
0.5727,0.5727,1.1455,0.5727,0,0.5727,0.5727,1.1455,1.7182,1.1455,0.5727,0.5727,0,0,0.5727,0.5727,1.7182,0.5727,0,0,0,0,0.0001,0,0,0,0,0.0001,0.0001,0.0001,0,0,0,0,0,0,0.0001,0,0,0,0.26,0.1673,0.26,0.1673,1
1.9217,0.6406,0.6406,0,1.2811,0,0.6406,0.6406,3.2028,0.6406,1.9217,0,0,0,0,0.6406,0.6406,0,0,0,0.0002,0.0001,0.0001,0,0.0001,0,0.0001,0.0001,0.0003,0.0001,0.0002,0,0,0,0,0.0001,0.0001,0,0,0,0.1927,0.1668,0.1927,0.1668,1
0.9432,0,0,3.3011,0,0,0,0.4716,2.8295,0.9432,0.9432,0.9432,0,0.9432,0,0.4716,0.4716,0,0,0,0.0001,0,0,0.0003,0,0,0,0,0.0003,0.0001,0.0001,0.0001,0,0.0001,0,0,0,0,0,0,0.2323,0.2961,0.2323,0.2961,1
0.5599,2.7993,0,0.5599,0.5599,2.7993,0,1.1197,0.5599,0.5599,0.5599,1.1197,1.1197,0,0.5599,1.1197,1.1197,0.5599,0.5599,0,0,0.0001,0,0,0,0.0001,0,0,0,0,0,0,0,0,0,0,0,0,0,0,0.2216,0.2185,0.2216,0.2185,1
0.6432,1.2865,0.6432,0,0.6432,0,1.2865,1.2865,0.6432,0,2.573,0.6432,0.6432,0,1.2865,0.6432,0.6432,0.6432,0,0,0,0.0001,0,0,0,0,0.0001,0.0001,0,0,0.0002,0,0,0,0.0001,0,0,0,0,0,0.1802,0.1765,0.1802,0.1765,1
0,0.5288,0.5288,0,0,0.5288,0,0,1.0576,2.644,0,0.5288,0,0,1.5864,0,1.0576,1.0576,0,0,0,0,0,0,0,0,0,0,0.0001,0.0002,0,0,0,0,0.0001,0,0.0001,0.0001,0,0,0.2388,0.2324,0.2388,0.2324,1
1.2782,0,0,0.6391,0,1.2782,0,1.2782,0.6391,0.6391,0,0.6391,0.6391,0,0,0,0,0,2.5564,0,0.0001,0,0,0.0001,0,0.0001,0,0.0001,0.0001,0.0001,0,0.0001,0.0001,0,0,0,0,0,0.0002,0,0.1791,0.1818,0.1791,0.1818,1
1.4279,0.7139,0,1.4279,0.7139,0.7139,0,0.7139,0,2.8558,0,1.4279,0.7139,0,0,0,0,1.4279,0,0.7139,0.0001,0.0001,0,0.0001,0.0001,0.0001,0,0.0001,0,0.0002,0,0.0001,0.0001,0,0,0,0,0.0001,0,0.0001,0.1383,0.1477,0.1383,0.1477,1
0,0.4503,0,0,1.351,0.9007,0,0.4503,1.351,0.4503,1.351,0,0.4503,0,2.2517,0,1.351,0.9007,0,0,0,0,0,0,0.0001,0.0001,0,0,0.0001,0,0.0001,0,0,0,0.0002,0,0.0001,0.0001,0,0,0.2805,0.2691,0.2805,0.2691,1
0,0,0.7137,0,0,2.1412,0.7137,0,0,2.8549,0,0,0.7137,0,0,0,0.7137,0,0,0.7137,0,0,0.0001,0,0,0.0002,0.0001,0,0,0.0003,0,0,0.0001,0,0,0,0.0001,0,0,0.0001,0.1343,0.1519,0.1343,0.1519,1
2.1654,0,1.0827,0.5414,0,1.0827,0,0,0.5414,0.5414,0,0,0.5414,0.5414,1.0827,0,1.0827,0.5414,0,0,0.0003,0,0.0001,0.0001,0,0.0001,0,0,0.0001,0.0001,0,0,0.0001,0.0001,0.0001,0,0.0001,0.0001,0,0,0.22,0.2387,0.22,0.2387,1
0.5769,0.5769,1.7307,0.5769,0.5769,0.5769,0,1.1538,1.7307,0.5769,0.5769,0,0.5769,0,0,0,1.7307,0.5769,0,0,0.0001,0.0001,0.0002,0.0001,0.0001,0.0001,0,0.0001,0.0002,0.0001,0.0001,0,0.0001,0,0,0,0.0002,0.0001,0,0,0.2164,0.2067,0.2164,0.2067,1
0,1.0674,0.5337,0,0,1.601,0,0.5337,0.5337,0.5337,0,0,1.0674,0.5337,2.6684,0.5337,0,0,0,0,0,0.0001,0,0,0,0.0001,0,0,0,0,0,0,0.0001,0,0.0002,0,0,0,0,0,0.2462,0.2202,0.2462,0.2202,1
0,0.5402,1.0804,0,1.0804,1.0804,0,0,1.6206,0,0.5402,1.6206,2.1608,0,1.6206,0,0,0,0,0,0,0,0.0001,0,0.0001,0.0001,0,0,0.0001,0,0,0.0001,0.0002,0,0.0001,0,0,0,0,0,0.2268,0.233,0.2268,0.233,1
0,0,0,0,0,0,0,0.8113,2.4338,0,0,0,0,0,8.9239,0,0,0,2.4338,0,0,0,0,0,0,0,0,0.0004,0.0011,0,0,0,0,0,0.0039,0,0,0,0.0011,0,0.0734,0.1154,0.0734,0.1154,1
4.7209,0,0,0,0,0,0,0.7868,1.5736,3.1473,0,0,1.5736,0,1.5736,0,0,1.5736,0,0.7868,0.0006,0,0,0,0,0,0,0.0001,0.0002,0.0004,0,0,0.0002,0,0.0002,0,0,0.0002,0,0.0001,0.0811,0.1321,0.0811,0.1321,1
0,0,2.5196,0.5039,0.5039,0,0,0,0.5039,1.5118,0,0,0.5039,0,1.0079,2.0157,0.5039,0.5039,0,0,0,0,0.0002,0,0,0,0,0,0,0.0001,0,0,0,0,0.0001,0.0002,0,0,0,0,0.2309,0.2652,0.2309,0.2652,1
0,0,0,0,3.3268,0.8317,0,0,3.3268,3.3268,0,0,0.8317,0,0,0,0,0,0,0,0,0,0,0,0.0006,0.0002,0,0,0.0006,0.0006,0,0,0.0002,0,0,0,0,0,0,0,0.0693,0.099,0.0693,0.099,1
3.5022,0,0,0,0,0.7004,0,0,1.4009,2.8018,0,0,1.4009,0,2.1013,1.4009,0.7004,0.7004,0,0,0.0004,0,0,0,0,0.0001,0,0,0.0001,0.0003,0,0,0.0001,0,0.0002,0.0001,0.0001,0.0001,0,0,0.1281,0.1715,0.1281,0.1715,1
1.3313,1.9969,0,1.3313,0,0.6656,0,0,0.6656,0,0,0.6656,1.3313,0,0.6656,0,1.9969,1.9969,0,0,0.0001,0.0001,0,0.0001,0,0,0,0,0,0,0,0,0.0001,0,0,0,0.0001,0.0001,0,0,0.1397,0.1947,0.1397,0.1947,1
1.7568,0,0.5856,0,0,1.7568,0.5856,0,0.5856,1.1712,0.5856,0,0,0,1.1712,0.5856,0,0,0,0,0.0002,0,0.0001,0,0,0.0002,0.0001,0,0.0001,0.0001,0.0001,0,0,0,0.0001,0.0001,0,0,0,0,0.2119,0.2025,0.2119,0.2025,1
0,0,0,0.6436,0.6436,1.2872,1.2872,0,0,0.6436,1.9308,1.2872,1.9308,0,0.6436,0,0,0.6436,0,0,0,0,0,0.0001,0.0001,0.0002,0.0002,0,0,0.0001,0.0003,0.0002,0.0003,0,0.0001,0,0,0.0001,0,0,0.2063,0.1501,0.2063,0.1501,1
0.4998,0.4998,0.4998,0.4998,0.9997,0.4998,0,0.4998,1.4995,0,1.9994,0.4998,0.4998,0.4998,0.4998,0,1.4995,0.9997,0.4998,0,0,0,0,0,0.0001,0,0,0,0.0001,0,0.0002,0,0,0,0,0,0.0001,0.0001,0,0,0.2859,0.2143,0.2859,0.2143,1
1.062,0,0.531,0,0.531,0.531,1.062,0.531,0.531,0.531,0.531,0,0.531,0.531,2.1241,0,2.1241,0,0,0,0.0001,0,0.0001,0,0.0001,0.0001,0.0001,0.0001,0.0001,0.0001,0.0001,0,0.0001,0.0001,0.0003,0,0.0003,0,0,0,0.2419,0.2271,0.2419,0.2271,1
3.379,0,0.4827,0,0,0.4827,0.4827,1.4481,1.9309,0.9654,0.4827,0.4827,0,0,0.4827,0,0.9654,1.4481,0,0.4827,0.0003,0,0,0,0,0,0,0.0001,0.0002,0.0001,0,0,0,0,0,0,0.0001,0.0001,0,0,0.2213,0.296,0.2213,0.296,1
1.8965,0,1.2644,0,0,1.2644,0,0,0,1.2644,0.6322,0.6322,0.6322,0,1.8965,0,0,0,0,0,0.0002,0,0.0001,0,0,0.0001,0,0,0,0.0001,0.0001,0.0001,0.0001,0,0.0002,0,0,0,0,0,0.1833,0.1845,0.1833,0.1845,1
0,0.5715,1.7146,0,0,1.7146,0.5715,0.5715,0.5715,1.1431,0.5715,1.7146,5.7154,0,0,0.5715,0.5715,0.5715,0,0,0,0,0.0001,0,0,0.0001,0,0,0,0.0001,0,0.0001,0.0004,0,0,0,0,0,0,0,0.206,0.2224,0.206,0.2224,1
0,0,0,1.4919,0,0.4973,0.9946,0.9946,1.4919,2.9838,0.4973,0,1.9892,0,0.4973,0,1.4919,1.4919,0,0.4973,0,0,0,0.0002,0,0.0001,0.0001,0.0001,0.0002,0.0004,0.0001,0,0.0002,0,0.0001,0,0.0002,0.0002,0,0.0001,0.3237,0.179,0.3237,0.179,1
0.5104,0,1.5311,0,0,0.5104,1.0207,1.0207,0,0,1.0207,1.0207,1.0207,0.5104,0.5104,0.5104,2.0415,1.0207,0,2.0415,0,0,0.0001,0,0,0,0.0001,0.0001,0,0,0.0001,0.0001,0.0001,0,0,0,0.0002,0.0001,0,0.0002,0.2647,0.2249,0.2647,0.2249,1
0.6202,0,0,0.6202,0.6202,3.7213,0.6202,0.6202,0,1.2404,1.2404,0.6202,0,0,0.6202,0.6202,2.4808,0.6202,0,0.6202,0.0001,0,0,0.0001,0.0001,0.0004,0.0001,0.0001,0,0.0001,0.0001,0.0001,0,0,0.0001,0.0001,0.0002,0.0001,0,0.0001,0.1822,0.1976,0.1822,0.1976,1
2.735,0,0.9117,0.9117,0,0.4558,0.9117,0,1.8233,0.9117,0,1.3675,0,0,0,0.4558,0.9117,1.3675,0,0.9117,0.0002,0,0.0001,0.0001,0,0,0.0001,0,0.0002,0.0001,0,0.0001,0,0,0,0,0.0001,0.0001,0,0.0001,0.26,0.2842,0.26,0.2842,1
0,2.3786,0,0,0.5947,1.784,0,0,0,0.5947,0.5947,0,1.784,0.5947,2.3786,0,0,0.5947,0,0.5947,0,0.0001,0,0,0,0.0001,0,0,0,0,0,0,0.0001,0,0.0001,0,0,0,0,0,0.2294,0.1759,0.2294,0.1759,1
0.6074,4.8592,0,0.6074,0,2.4296,0,1.2148,0,0.6074,0,1.2148,1.2148,0,0.6074,1.2148,0.6074,1.2148,0.6074,1.2148,0,0.0002,0,0,0,0.0001,0,0,0,0,0,0,0,0,0,0,0,0,0,0,0.1747,0.2179,0.1747,0.2179,1
0.5246,2.0984,0.5246,0.5246,0,0.5246,0,1.5738,0.5246,0,1.0492,0.5246,0,0.5246,1.5738,0.5246,1.5738,0.5246,0,0,0,0.0001,0,0,0,0,0,0.0001,0,0,0.0001,0,0,0,0.0001,0,0.0001,0,0,0,0.2334,0.242,0.2334,0.242,1
1.8951,0,0,0,0,1.2634,0,0.6317,1.2634,4.4219,0,1.2634,0,0,0,0.6317,0,0.6317,0.6317,0,0.0001,0,0,0,0,0.0001,0,0,0.0001,0.0003,0,0.0001,0,0,0,0,0,0,0,0,0.1779,0.1904,0.1779,0.1904,1
0.6617,0.6617,0,1.9852,0.6617,0.6617,0,0,0.6617,1.3234,0.6617,0.6617,0.6617,0,0.6617,0,0,0.6617,0,0,0.0001,0.0001,0,0.0002,0.0001,0.0001,0,0,0.0001,0.0001,0.0001,0.0001,0.0001,0,0.0001,0,0,0.0001,0,0,0.1527,0.1855,0.1527,0.1855,1
0.5261,0.5261,0,0,1.5784,0,1.5784,2.1045,1.5784,0.5261,0,0.5261,0,0,3.6829,0,0,0,0,0.5261,0,0,0,0,0.0001,0,0.0001,0.0002,0.0001,0,0,0,0,0,0.0003,0,0,0,0,0,0.2124,0.2614,0.2124,0.2614,1
0.6181,0,0.6181,0.6181,0,0,0,0.6181,0.6181,0.6181,0,0.6181,1.8544,0,2.4725,1.2363,0.6181,0,0,0,0.0001,0,0.0001,0.0001,0,0,0,0.0001,0.0001,0.0001,0,0.0001,0.0002,0,0.0003,0.0002,0.0001,0,0,0,0.2016,0.1802,0.2016,0.1802,1
0.654,0,0.654,1.962,0,1.308,0,1.308,0,1.962,0,0,0,0.654,0,0.654,0,0.654,0,0.654,0.0001,0,0.0001,0.0002,0,0.0001,0,0.0001,0,0.0002,0,0,0,0.0001,0,0.0001,0,0.0001,0,0.0001,0.1697,0.1764,0.1697,0.1764,1
0.6634,1.3269,0,0.6634,1.3269,0.6634,1.3269,0,0,0,2.6538,0.6634,1.3269,0.6634,0,0,3.3172,1.3269,0,0.6634,0,0.0001,0,0,0.0001,0,0.0001,0,0,0,0.0002,0,0.0001,0,0,0,0.0002,0.0001,0,0,0.2008,0.1357,0.2008,0.1357,1
0,0,0,0,2.4055,1.4433,1.4433,0.4811,0.9622,0.4811,0,0.4811,0,0,0.9622,0.4811,0,0.9622,0.4811,0,0,0,0,0,0.0002,0.0001,0.0001,0,0.0001,0,0,0,0,0,0.0001,0,0,0.0001,0,0,0.2156,0.3033,0.2156,0.3033,1
0,0,0.6687,0,0,1.3374,0,0.6687,0,0.6687,0,1.3374,0.6687,1.3374,1.3374,0,0,0,0,0,0,0,0.0001,0,0,0.0002,0,0.0001,0,0.0001,0,0.0002,0.0001,0.0002,0.0002,0,0,0,0,0,0.1725,0.1588,0.1725,0.1588,1
0,1.1318,0,1.1318,0.5659,0,0.5659,0.5659,0,1.6978,0.5659,1.1318,0.5659,0,1.1318,1.1318,1.6978,2.2637,0,0,0,0.0001,0,0.0001,0,0,0,0,0,0.0001,0,0.0001,0,0,0.0001,0.0001,0.0001,0.0001,0,0,0.1759,0.2582,0.1759,0.2582,1
1.7884,0,1.1923,0,0,1.7884,0.5961,0,0.5961,1.1923,0,0,0,0,1.1923,1.1923,0,0,0,0,0.0002,0,0.0001,0,0,0.0002,0.0001,0,0.0001,0.0001,0,0,0,0,0.0001,0.0001,0,0,0,0,0.2341,0.1698,0.2341,0.1698,1
1.6863,0,1.2647,0,0.4216,0,0.4216,0.8432,1.2647,1.6863,0.4216,0,0,0.4216,2.5295,0,0.4216,0.4216,0,0,0.0002,0,0.0001,0,0,0,0,0.0001,0.0001,0.0002,0,0,0,0,0.0003,0,0,0,0,0,0.2472,0.3312,0.2472,0.3312,1
0.6337,0,0.6337,1.9012,0,0.6337,0,0,1.2675,0.6337,1.2675,0,0.6337,0,0,0.6337,1.2675,1.9012,0.6337,0,0.0001,0,0.0001,0.0002,0,0.0001,0,0,0.0001,0.0001,0.0001,0,0.0001,0,0,0.0001,0.0001,0.0002,0.0001,0,0.1772,0.189,0.1772,0.189,1
0.5453,0.5453,0.5453,1.6359,0,1.0906,0,0,1.0906,1.6359,0.5453,0.5453,1.0906,0,1.0906,0,0,0.5453,0,0,0,0,0,0.0001,0,0.0001,0,0,0.0001,0.0001,0,0,0.0001,0,0.0001,0,0,0,0,0,0.2296,0.2251,0.2296,0.2251,1
1.1271,0,0.5636,0,0,0.5636,1.1271,0.5636,0.5636,0,0,0,1.6907,0,1.1271,0,1.1271,0,0.5636,0.5636,0.0002,0,0.0001,0,0,0.0001,0.0002,0.0001,0.0001,0,0,0,0.0003,0,0.0002,0,0.0002,0,0.0001,0.0001,0.2693,0.1671,0.2693,0.1671,1
2.0953,0,2.0953,0.6984,0,0,0,0,0,0.6984,0,0,0,0,0,0,1.3969,2.7937,0,0.6984,0.0002,0,0.0002,0.0001,0,0,0,0,0,0.0001,0,0,0,0,0,0,0.0002,0.0003,0,0.0001,0.2171,0.0845,0.2171,0.0845,1
1.3736,0,0,1.3736,0.6868,0.6868,0,0.6868,0.6868,1.3736,0,1.3736,2.0605,0.6868,0.6868,0.6868,0.6868,2.0605,0,0,0.0001,0,0,0.0001,0.0001,0.0001,0,0.0001,0.0001,0.0001,0,0.0001,0.0002,0.0001,0.0001,0.0001,0.0001,0.0002,0,0,0.1323,0.1809,0.1323,0.1809,1
0.9411,0,0.4705,0,0,0.9411,0,0,3.7643,2.3527,0,0,0,0.4705,1.4116,0.4705,0,0.4705,0.9411,0,0.0001,0,0,0,0,0.0001,0,0,0.0003,0.0002,0,0,0,0,0.0001,0,0,0,0.0001,0,0.2522,0.2772,0.2522,0.2772,1
1.2121,0,0,0,0,0,1.2121,1.8182,1.8182,0.6061,2.4242,1.2121,0,0.6061,1.8182,0,1.8182,1.8182,0,0.6061,0.0001,0,0,0,0,0,0.0001,0.0002,0.0002,0.0001,0.0003,0.0001,0,0.0001,0.0002,0,0.0002,0.0002,0,0.0001,0.1615,0.2324,0.1615,0.2324,1
0.429,1.7158,0.8579,0,1.2869,0.429,0.429,0,1.2869,0.429,1.2869,1.2869,0,0,1.2869,0.429,0.429,0.8579,0.429,0,0,0.0001,0,0,0.0001,0,0,0,0.0001,0,0.0001,0.0001,0,0,0.0001,0,0,0,0,0,0.2884,0.2826,0.2884,0.2826,1
1.1642,0,1.7463,0.5821,0.5821,0,0,0,0.5821,2.3284,0,0,0,0,0.5821,0,0.5821,0,0,0.5821,0.0001,0,0.0002,0.0001,0.0001,0,0,0,0.0001,0.0002,0,0,0,0,0.0001,0,0.0001,0,0,0.0001,0.2018,0.2161,0.2018,0.2161,1
1.0718,0.5359,0,0,1.0718,0.5359,0.5359,0.5359,2.6796,1.0718,1.0718,1.6077,1.0718,0,0,0.5359,0.5359,0.5359,0,0.5359,0.0001,0,0,0,0.0001,0,0,0,0.0002,0.0001,0.0001,0.0001,0.0001,0,0,0,0,0,0,0,0.2511,0.213,0.2511,0.213,1
0.7616,0,0,0,0,0.7616,0,0,2.2849,2.2849,0,0,0.7616,0,0,0,0.7616,0.7616,0.7616,0.7616,0.0001,0,0,0,0,0.0001,0,0,0.0004,0.0004,0,0,0.0001,0,0,0,0.0001,0.0001,0.0001,0.0001,0.1304,0.1079,0.1304,0.1079,1
1.2084,3.6253,0.6042,0.6042,0.6042,2.4168,0,1.2084,1.2084,2.4168,0,0.6042,1.2084,0,0,0.6042,0.6042,0.6042,0,0.6042,0,0.0001,0,0,0,0.0001,0,0,0,0.0001,0,0,0,0,0,0,0,0,0,0,0.1722,0.2236,0.1722,0.2236,1
0,0,0.4895,0.4895,0.979,0.4895,0,0.4895,1.4685,2.4475,0,0.4895,0,0.4895,1.4685,0,0,0.4895,0,0,0,0,0,0,0.0001,0,0,0,0.0001,0.0002,0,0,0,0,0.0001,0,0,0,0,0,0.2328,0.2777,0.2328,0.2777,1
1.3499,0.45,0.8999,0.8999,1.7999,0,1.7999,0.8999,0.8999,0.45,0,0.45,0.8999,0,1.3499,0,0.45,0.45,0,0,0.0001,0,0.0001,0.0001,0.0002,0,0.0002,0.0001,0.0001,0,0,0,0.0001,0,0.0001,0,0,0,0,0,0.2804,0.2696,0.2804,0.2696,1
0,0.6986,1.3972,0,0,0,0,0.6986,0.6986,0.6986,1.3972,0,2.0958,0.6986,0.6986,0,0.6986,0.6986,0,0,0,0.0001,0.0001,0,0,0,0,0.0001,0.0001,0.0001,0.0001,0,0.0002,0.0001,0.0001,0,0.0001,0.0001,0,0,0.193,0.1085,0.193,0.1085,1
0.4731,0,0.4731,0.9461,0.4731,0.4731,0.4731,0,1.4192,2.8384,0,1.4192,0,0.4731,0.4731,1.4192,0.4731,1.8923,0,0.4731,0,0,0,0.0001,0,0,0,0,0.0001,0.0002,0,0.0001,0,0,0,0.0001,0,0.0001,0,0,0.2872,0.2398,0.2872,0.2398,1
0.5868,0,0.5868,1.1736,0,0,2.3473,0,0.5868,0.5868,1.7605,0.5868,1.7605,0,0.5868,0,0.5868,1.7605,0,0,0.0001,0,0.0001,0.0001,0,0,0.0003,0,0.0001,0.0001,0.0002,0.0001,0.0002,0,0.0001,0,0.0001,0.0002,0,0,0.174,0.2391,0.174,0.2391,1
0,0,0,0,0,0,0,0,2.2192,1.4795,0,0,0,0,1.4795,0,0.7397,0.7397,0.7397,0,0,0,0,0,0,0,0,0,0.0006,0.0004,0,0,0,0,0.0004,0,0.0002,0.0002,0.0002,0,0.1883,0.072,0.1883,0.072,1
0.9579,2.8736,0,0,1.4368,1.4368,0.4789,0.4789,0.4789,1.9158,0,0,0,0.4789,1.9158,0.4789,0,0.4789,0,0.9579,0,0.0001,0,0,0.0001,0.0001,0,0,0,0.0001,0,0,0,0,0.0001,0,0,0,0,0,0.2544,0.2667,0.2544,0.2667,1
0,0,0,0.4839,1.4517,1.4517,2.4196,0,0.9678,1.4517,0.4839,0.4839,0.9678,0,0,0,1.9357,0.9678,0,0.4839,0,0,0,0,0.0001,0.0001,0.0002,0,0.0001,0.0001,0,0,0.0001,0,0,0,0.0002,0.0001,0,0,0.2426,0.2735,0.2426,0.2735,1
0.5199,0,2.0797,0.5199,1.0398,1.5598,0.5199,0.5199,0.5199,0,0,0.5199,1.0398,0.5199,0,1.0398,0,1.0398,0,2.0797,0,0,0.0002,0,0.0001,0.0001,0,0,0,0,0,0,0.0001,0,0,0.0001,0,0.0001,0,0.0002,0.2015,0.2786,0.2015,0.2786,1
2.5761,0,0,0,0,2.0609,0,0,2.0609,1.5457,0,1.0304,0,0,0,1.5457,1.0304,1.5457,0,1.5457,0.0002,0,0,0,0,0.0001,0,0,0.0001,0.0001,0,0.0001,0,0,0,0.0001,0.0001,0.0001,0,0.0001,0.2363,0.2485,0.2363,0.2485,1
0.4476,0,0.8953,0.4476,0,0,0.4476,1.3429,4.0286,1.3429,1.3429,0,0,0,0,0.4476,0,0.8953,0,0,0,0,0.0001,0,0,0,0,0.0001,0.0004,0.0001,0.0001,0,0,0,0,0,0,0.0001,0,0,0.2955,0.2569,0.2955,0.2569,1
2.4167,0.4028,0.4028,0.4028,0.4028,0,0,0.4028,3.2223,2.4167,0,0,0,0,0.8056,0.4028,0,0.4028,0,0,0.0002,0,0,0,0,0,0,0,0.0002,0.0002,0,0,0,0,0.0001,0,0,0,0,0,0.2638,0.3334,0.2638,0.3334,1
1.1461,0,0.5731,0.5731,0.5731,0,0,0,1.1461,0,0.5731,1.7192,1.7192,1.1461,0.5731,0,1.7192,1.7192,0,1.1461,0.0001,0,0.0001,0.0001,0.0001,0,0,0,0.0001,0,0.0001,0.0002,0.0002,0.0001,0.0001,0,0.0002,0.0002,0,0.0001,0.2394,0.1876,0.2394,0.1876,1
0,0,0,0,1.2208,0.6104,0,0.6104,3.0519,0,1.2208,0.6104,0.6104,1.2208,0,0.6104,0,0.6104,1.2208,1.2208,0,0,0,0,0.0002,0.0001,0,0.0001,0.0004,0,0.0002,0.0001,0.0001,0.0002,0,0.0001,0,0.0001,0.0002,0.0002,0.1662,0.2235,0.1662,0.2235,1
0,0,0.6641,0,1.3282,1.9922,0,0.6641,0.6641,1.3282,0.6641,0,0.6641,0,0,1.3282,0.6641,1.3282,0,0.6641,0,0,0.0001,0,0.0001,0.0002,0,0.0001,0.0001,0.0001,0.0001,0,0.0001,0,0,0.0001,0.0001,0.0001,0,0.0001,0.1691,0.1668,0.1691,0.1668,1
1.1431,0.5715,0.5715,0,1.1431,2.2862,1.7146,0,0.5715,3.4292,0,0,2.8577,0,0,0.5715,0,1.1431,0,0,0.0001,0,0,0,0.0001,0.0001,0.0001,0,0,0.0002,0,0,0.0002,0,0,0,0,0.0001,0,0,0.1943,0.2341,0.1943,0.2341,1
0,0,0.4504,2.2519,0,0,0,1.8015,2.7023,0.4504,0.9008,0,0.4504,0.4504,0,0.9008,0.4504,0,0.9008,0,0,0,0,0.0002,0,0,0,0.0001,0.0002,0,0.0001,0,0,0,0,0.0001,0,0,0.0001,0,0.2457,0.3039,0.2457,0.3039,1
2.7892,0,0,0,0,0,0,1.1157,2.2313,1.1157,0,0,0,0,0,0.5578,1.6735,1.6735,0.5578,0,0.0003,0,0,0,0,0,0,0.0001,0.0002,0.0001,0,0,0,0,0,0.0001,0.0002,0.0002,0.0001,0,0.2087,0.2335,0.2087,0.2335,1
0,0,1.3164,2.6327,0,0,0.4388,1.3164,1.7552,0.8776,0.4388,0.4388,0,1.3164,0,0.8776,0,0,0.8776,0.4388,0,0,0.0001,0.0002,0,0,0,0.0001,0.0001,0.0001,0,0,0,0.0001,0,0.0001,0,0,0.0001,0,0.2562,0.305,0.2562,0.305,1
2.4103,0,0.6026,0.6026,1.2052,0,0,1.2052,0.6026,1.8077,1.2052,0.6026,1.2052,0,0.6026,0.6026,0.6026,2.4103,0,0,0.0002,0,0,0,0.0001,0,0,0.0001,0,0.0001,0.0001,0,0.0001,0,0,0,0,0.0002,0,0,0.1752,0.2222,0.1752,0.2222,1
0,0,0.6251,0.6251,1.8752,1.2502,0,0,0.6251,1.2502,0,0.6251,0.6251,0,0,1.8752,0.6251,0.6251,0,0,0,0,0.0001,0.0001,0.0002,0.0001,0,0,0.0001,0.0001,0,0.0001,0.0001,0,0,0.0002,0.0001,0.0001,0,0,0.1827,0.1923,0.1827,0.1923,1
1.7641,0.588,0,0,0.588,0.588,1.1761,0,0,0.588,1.1761,0,1.1761,0,1.1761,1.1761,1.7641,1.7641,0,2.3522,0.0001,0,0,0,0,0,0.0001,0,0,0,0.0001,0,0.0001,0,0.0001,0.0001,0.0001,0.0001,0,0.0002,0.1961,0.2159,0.1961,0.2159,1
1.2258,2.4516,0.6129,0.6129,0,1.2258,0,0.6129,1.8387,1.2258,1.8387,2.4516,1.2258,0,0,1.2258,0.6129,0.6129,0,0.6129,0.0001,0.0001,0,0,0,0.0001,0,0,0.0001,0.0001,0.0001,0.0001,0.0001,0,0,0.0001,0,0,0,0,0.2037,0.1834,0.2037,0.1834,1
0,0,0,0,0,0,0,0,3.1125,0,0,0,0,0,8.5594,0,0,0,2.3344,0,0,0,0,0,0,0,0,0,0.0011,0,0,0,0,0,0.0031,0,0,0,0.0009,0,0.0733,0.1486,0.0733,0.1486,1
2.5691,0.8564,0.8564,0,0,0,0,0,0,3.4254,0,0,0,0,0,0.8564,1.7127,1.7127,0,0.8564,0.0003,0.0001,0.0001,0,0,0,0,0,0,0.0004,0,0,0,0,0,0.0001,0.0002,0.0002,0,0.0001,0.0674,0.0763,0.0674,0.0763,1
1.5747,1.5747,0,0,2.0996,2.6245,0,0,2.0996,1.0498,0.5249,0.5249,0,0,0,0.5249,0.5249,1.5747,0,1.0498,0.0001,0.0001,0,0,0.0001,0.0001,0,0,0.0001,0.0001,0,0,0,0,0,0,0,0.0001,0,0.0001,0.2255,0.2496,0.2255,0.2496,1
0.5584,0,0,1.1167,0,0.5584,0.5584,0,1.1167,0,0.5584,0,0,0,1.1167,0.5584,0,2.7918,0.5584,0.5584,0.0001,0,0,0.0001,0,0.0001,0.0001,0,0.0001,0,0.0001,0,0,0,0.0001,0.0001,0,0.0004,0.0001,0.0001,0.2099,0.2317,0.2099,0.2317,1
0.5752,0.5752,1.7256,0.5752,0.5752,1.7256,0.5752,1.1504,0,0.5752,1.7256,0,2.8761,0,0,1.1504,1.1504,0.5752,0.5752,0.5752,0,0,0.0001,0,0,0.0001,0,0.0001,0,0,0.0001,0,0.0002,0,0,0.0001,0.0001,0,0,0,0.207,0.2178,0.207,0.2178,1
0,1.1032,0,0,0.5516,0,0,0,1.1032,1.1032,0,0.5516,0,0,2.2064,0,0.5516,1.6548,0.5516,0.5516,0,0.0001,0,0,0,0,0,0,0.0001,0.0001,0,0,0,0,0.0002,0,0,0.0001,0,0,0.2733,0.1751,0.2733,0.1751,1
2.3748,0.9499,0.9499,0,0.9499,1.4249,0,1.4249,1.4249,0.475,0,0,0,0,0.9499,0,1.4249,0.475,0.475,0,0.0001,0.0001,0.0001,0,0.0001,0.0001,0,0.0001,0.0001,0,0,0,0,0,0.0001,0,0.0001,0,0,0,0.2828,0.2422,0.2828,0.2422,1
1.0679,0,0,0.5339,0,0.5339,1.6018,0.5339,0,0.5339,1.6018,1.0679,1.0679,0,1.6018,0,1.6018,0,0,0,0.0001,0,0,0.0001,0,0.0001,0.0002,0.0001,0,0.0001,0.0002,0.0001,0.0001,0,0.0002,0,0.0002,0,0,0,0.2789,0.1871,0.2789,0.1871,1
1.0478,1.0478,0.5239,0.5239,0,0.5239,0.5239,1.0478,1.0478,1.0478,0,0.5239,0.5239,0.5239,0.5239,1.0478,1.0478,0.5239,0,1.0478,0.0001,0.0001,0,0,0,0,0,0.0001,0.0001,0.0001,0,0,0,0,0,0.0001,0.0001,0,0,0.0001,0.2118,0.2643,0.2118,0.2643,1
0.5977,0,1.1954,0,1.1954,0.5977,0,0.5977,0.5977,0.5977,0,0.5977,0,0,1.1954,0,0.5977,0.5977,0,0.5977,0.0001,0,0.0001,0,0.0001,0.0001,0,0.0001,0.0001,0.0001,0,0.0001,0,0,0.0001,0,0.0001,0.0001,0,0.0001,0.2389,0.1634,0.2389,0.1634,1
0.6257,0,1.8771,0.6257,0,0,0.6257,0,1.2514,0.6257,1.8771,0.6257,1.2514,0,0,0,1.2514,2.5027,0,0,0.0001,0,0.0002,0.0001,0,0,0.0001,0,0.0001,0.0001,0.0002,0.0001,0.0001,0,0,0,0.0001,0.0003,0,0,0.2957,0.0787,0.2957,0.0787,1
0,0,2.4703,0.4941,0.9881,0.4941,0,0,0.9881,0.9881,0,0.4941,0.4941,0,0.9881,0.4941,0.4941,0.4941,0,0,0,0,0.0002,0,0.0001,0,0,0,0.0001,0.0001,0,0,0,0,0.0001,0,0,0,0,0,0.2326,0.2734,0.2326,0.2734,1
1.3987,0,0,1.3987,0,4.1961,0,0.6994,0,2.7974,0,0,0,0,0,1.3987,0.6994,0.6994,0,0,0.0001,0,0,0.0001,0,0.0004,0,0.0001,0,0.0003,0,0,0,0,0,0.0001,0.0001,0.0001,0,0,0.1467,0.1539,0.1467,0.1539,1
0,0,0,0,1.0312,0,1.5468,1.0312,1.0312,0.5156,2.0624,0.5156,0.5156,0,3.6093,0,1.0312,0.5156,0,1.0312,0,0,0,0,0.0002,0,0.0002,0.0002,0.0002,0.0001,0.0003,0.0001,0.0001,0,0.0006,0,0.0002,0.0001,0,0.0002,0.2406,0.2437,0.2406,0.2437,1
2.5855,1.2928,0,0,0.6464,0,0,0.6464,0.6464,0.6464,0,0,0,0,1.9392,0.6464,0,1.2928,0,0,0.0002,0.0001,0,0,0,0,0,0,0,0,0,0,0,0,0.0001,0,0,0.0001,0,0,0.1999,0.1537,0.1999,0.1537,1
0.6673,2.0019,0,1.3346,0.6673,0.6673,0,0,0,0.6673,0.6673,0,0,0,0,0.6673,0.6673,2.0019,2.6692,0.6673,0,0.0001,0,0.0001,0,0,0,0,0,0,0,0,0,0,0,0,0,0.0001,0.0001,0,0.1739,0.1588,0.1739,0.1588,1
2.8705,0.7176,1.4352,1.4352,0,1.4352,0,0.7176,1.4352,0,1.4352,0.7176,0.7176,0,0,0,0,0,0,0,0.0002,0.0001,0.0001,0.0001,0,0.0001,0,0.0001,0.0001,0,0.0001,0.0001,0.0001,0,0,0,0,0,0,0,0.1017,0.1807,0.1017,0.1807,1
1.1697,1.1697,0.5848,1.1697,0.5848,1.1697,0,0.5848,0.5848,1.1697,0,0.5848,0.5848,0,0.5848,1.1697,2.3394,2.3394,0,0,0.0001,0.0001,0,0.0001,0,0.0001,0,0,0,0.0001,0,0,0,0,0,0.0001,0.0001,0.0001,0,0,0.2357,0.1794,0.2357,0.1794,1
1.2143,0,0.6072,0,0.6072,0.6072,0,1.2143,1.8215,0,0,0.6072,1.8215,0.6072,0.6072,0,0.6072,0.6072,0,0,0.0001,0,0.0001,0,0.0001,0.0001,0,0.0001,0.0002,0,0,0.0001,0.0002,0.0001,0.0001,0,0.0001,0.0001,0,0,0.2191,0.1737,0.2191,0.1737,1
1.9461,0,0,0,0.6487,1.2974,0,0,0.6487,2.5948,0,0,0.6487,0.6487,1.9461,0.6487,1.2974,0,0,0,0.0002,0,0,0,0.0001,0.0001,0,0,0.0001,0.0003,0,0,0.0001,0.0001,0.0002,0.0001,0.0001,0,0,0,0.155,0.1963,0.155,0.1963,1
0,0,0.9956,0,0,1.4934,0.4978,0,1.9912,0,1.9912,0.4978,0.4978,0,2.4889,0.9956,1.4934,0.4978,0,0.4978,0,0,0.0001,0,0,0.0002,0.0001,0,0.0002,0,0.0002,0.0001,0.0001,0,0.0003,0.0001,0.0002,0.0001,0,0.0001,0.2302,0.272,0.2302,0.272,1
1.2412,0.6206,1.2412,0,0,0.6206,0,0,0.6206,0,0.6206,1.2412,0.6206,0.6206,0.6206,0,0.6206,3.103,0,0.6206,0.0001,0.0001,0.0001,0,0,0.0001,0,0,0.0001,0,0.0001,0.0001,0.0001,0.0001,0.0001,0,0.0001,0.0003,0,0.0001,0.2078,0.1716,0.2078,0.1716,1
1.2543,1.2543,1.2543,0.6272,1.2543,1.2543,0,0,0,1.2543,0,0.6272,1.2543,0,0,0,0.6272,0.6272,1.2543,0.6272,0.0001,0.0001,0.0001,0,0.0001,0.0001,0,0,0,0.0001,0,0,0.0001,0,0,0,0,0,0.0001,0,0.2054,0.1674,0.2054,0.1674,1
0.6855,0,0,0,0,0,0,2.0564,1.371,0,0,0.6855,0,1.371,0.6855,0,0,0.6855,0,0.6855,0.0001,0,0,0,0,0,0,0.0004,0.0002,0,0,0.0001,0,0.0002,0.0001,0,0,0.0001,0,0.0001,0.1884,0.1261,0.1884,0.1261,1
0.4836,0,0,3.8689,0,0,0,0.9672,2.9017,1.4508,0,0.4836,0,0.9672,0.4836,0,0,0,0,0,0.0001,0,0,0.0005,0,0,0,0.0001,0.0004,0.0002,0,0.0001,0,0.0001,0.0001,0,0,0,0,0,0.2232,0.2932,0.2232,0.2932,1
0.4551,1.8204,0.9102,0,0.9102,1.3653,0.4551,0.4551,0.4551,0.4551,2.2755,0,0,0.4551,0.9102,0.9102,0.4551,0,0.4551,0.9102,0,0.0001,0,0,0,0.0001,0,0,0,0,0.0001,0,0,0,0,0,0,0,0,0,0.2895,0.2554,0.2895,0.2554,1
1.0604,1.0604,0,0.5302,0,0,1.0604,0,3.7113,0,0,0,0,0.5302,2.1207,0,0,0,0.5302,1.0604,0.0001,0.0001,0,0,0,0,0.0001,0,0.0003,0,0,0,0,0,0.0002,0,0,0,0,0.0001,0.2163,0.2535,0.2163,0.2535,1
0.6299,0,0.6299,0,1.2597,0.6299,0,0,1.2597,1.8896,1.2597,0,0.6299,0,0.6299,1.2597,1.2597,0.6299,0,0,0.0001,0,0.0001,0,0.0001,0.0001,0,0,0.0001,0.0002,0.0001,0,0.0001,0,0.0001,0.0001,0.0001,0.0001,0,0,0.1672,0.203,0.1672,0.203,1
0,0.5622,0,0,0,0,0,0,1.1244,2.2489,0.5622,0,0.5622,0,2.2489,0,0,0.5622,1.1244,1.1244,0,0.0001,0,0,0,0,0,0,0.0001,0.0003,0.0001,0,0.0001,0,0.0003,0,0,0.0001,0.0001,0.0001,0.2625,0.1753,0.2625,0.1753,1
1.6115,0,1.0744,1.0744,1.0744,1.0744,0,0.5372,0,0.5372,0.5372,0.5372,0,0,0.5372,0,0.5372,0,1.0744,0.5372,0.0001,0,0.0001,0.0001,0.0001,0.0001,0,0,0,0,0,0,0,0,0,0,0,0,0.0001,0,0.2476,0.2152,0.2476,0.2152,1
0,0,0,0.5993,0.5993,0.5993,0.5993,0,0.5993,1.1987,1.1987,0,0,0,0.5993,2.3973,3.596,1.798,0,0,0,0,0,0.0001,0.0001,0.0001,0.0001,0,0.0001,0.0001,0.0001,0,0,0,0.0001,0.0003,0.0004,0.0002,0,0,0.2184,0.1823,0.2184,0.1823,1
1.0928,1.6393,1.0928,0,0.5464,0.5464,1.0928,0.5464,0.5464,0.5464,1.6393,0.5464,2.1857,0,0,0,0,1.6393,1.0928,0.5464,0,0.0001,0,0,0,0,0,0,0,0,0.0001,0,0.0001,0,0,0,0,0.0001,0,0,0.2465,0.207,0.2465,0.207,1
0,0,0.4427,2.6564,0,0,0,1.3282,2.6564,0.4427,0.8855,0,0,0,0,0.4427,0.8855,0,0.8855,0.4427,0,0,0,0.0002,0,0,0,0.0001,0.0002,0,0.0001,0,0,0,0,0,0.0001,0,0.0001,0,0.2422,0.3151,0.2422,0.3151,1
2.1424,0,1.4283,0.7141,0,0,0,0,0,0.7141,0,0,0,0,0.7141,0.7141,0.7141,2.8565,0,0.7141,0.0002,0,0.0002,0.0001,0,0,0,0,0,0.0001,0,0,0,0,0.0001,0.0001,0.0001,0.0003,0,0.0001,0.1951,0.0908,0.1951,0.0908,1
0.5617,1.1233,1.685,0.5617,0,0.5617,0,0.5617,0,0.5617,0.5617,0.5617,0.5617,0.5617,0.5617,0.5617,0,1.685,1.1233,0,0,0.0001,0.0001,0,0,0,0,0,0,0,0,0,0,0,0,0,0,0.0001,0.0001,0,0.2084,0.2299,0.2084,0.2299,1
0,0,0.534,0,0,2.1358,0,0,0,0.534,0.534,0,0,0.534,5.3395,0.534,0,0,0,0,0,0,0.0001,0,0,0.0003,0,0,0,0.0001,0.0001,0,0,0.0001,0.0007,0.0001,0,0,0,0,0.2739,0.1921,0.2739,0.1921,1
1.7072,0,0,0,0,0,0,0,1.1381,2.8453,0.5691,0,0,0,3.4144,0,0,0,0,0,0.0003,0,0,0,0,0,0,0,0.0002,0.0004,0.0001,0,0,0,0.0005,0,0,0,0,0,0.4049,0.026,0.4049,0.026,1
0,0,0.8598,2.5793,0,0,0,1.7195,2.5793,0.8598,0,0.4299,0,1.2896,0,0.4299,0.4299,0,0.8598,0.4299,0,0,0.0001,0.0002,0,0,0,0.0001,0.0002,0.0001,0,0,0,0.0001,0,0,0,0,0.0001,0,0.2629,0.3073,0.2629,0.3073,1
0.8767,0,0,0,0,0,0,1.7533,1.7533,1.7533,0,0,0,0,1.7533,0,0,0.8767,0,0,0.0004,0,0,0,0,0,0,0.0008,0.0008,0.0008,0,0,0,0,0.0008,0,0,0.0004,0,0,0.0437,0.0796,0.0437,0.0796,1
0.4589,0,0.4589,2.2946,0,0,0,1.3767,2.7535,0.4589,0.9178,0,0,0.4589,0.4589,0,0.4589,0.4589,0.4589,0.4589,0,0,0,0.0002,0,0,0,0.0001,0.0003,0,0.0001,0,0,0,0,0,0,0,0,0,0.2544,0.2867,0.2544,0.2867,1
0.6452,1.2904,1.2904,0.6452,0,0,0.6452,0.6452,0,0.6452,0,0.6452,0.6452,0,0.6452,0,1.2904,0,0.6452,0,0,0.0001,0.0001,0,0,0,0,0,0,0,0,0,0,0,0,0,0.0001,0,0,0,0.2189,0.1359,0.2189,0.1359,1
0,0,0.8435,2.5306,0,0,0,1.6871,2.5306,0.8435,0,0.4218,0,1.2653,0,0.4218,0.8435,0,0.8435,0.4218,0,0,0.0001,0.0002,0,0,0,0.0001,0.0002,0.0001,0,0,0,0.0001,0,0,0.0001,0,0.0001,0,0.2622,0.316,0.2622,0.316,1
1.2215,1.8323,0.6108,0,0.6108,0.6108,0.6108,0,0.6108,2.4431,0,1.2215,1.2215,0,0.6108,0.6108,1.2215,0.6108,0,0,0.0001,0.0001,0,0,0,0,0,0,0,0.0001,0,0.0001,0.0001,0,0,0,0.0001,0,0,0,0.2101,0.1792,0.2101,0.1792,1
0.5369,0,0,0,0.5369,1.0738,0,0.5369,3.2214,0,0.5369,0,0,0,2.6845,0,0.5369,0.5369,1.0738,0,0.0001,0,0,0,0.0001,0.0001,0,0.0001,0.0004,0,0.0001,0,0,0,0.0003,0,0.0001,0.0001,0.0001,0,0.2508,0.2123,0.2508,0.2123,1
0,0.6745,0.6745,0,0.6745,0,1.349,0,0.6745,2.0235,0.6745,1.349,1.349,0.6745,0,0,0,1.349,0,0,0,0.0001,0.0001,0,0.0001,0,0.0001,0,0.0001,0.0002,0.0001,0.0001,0.0001,0.0001,0,0,0,0.0001,0,0,0.1752,0.1503,0.1752,0.1503,1
0.5298,0.5298,1.0595,0,0.5298,0,0.5298,0,0.5298,2.1191,0,0,1.5893,0,1.5893,0.5298,0,0.5298,0.5298,0,0,0,0.0001,0,0,0,0,0,0,0.0002,0,0,0.0001,0,0.0001,0,0,0,0,0,0.2594,0.2108,0.2594,0.2108,1
4.6144,0,0,0.7691,0,0,0,0,1.5381,3.8454,0.7691,0,1.5381,0,1.5381,0,0,1.5381,0,0,0.0006,0,0,0.0001,0,0,0,0,0.0002,0.0005,0.0001,0,0.0002,0,0.0002,0,0,0.0002,0,0,0.0918,0.1391,0.0918,0.1391,1
1.0028,0,0,1.5042,0.5014,0,1.0028,0,2.507,0,1.0028,0.5014,0,2.0056,0,0,1.0028,1.0028,0,1.0028,0.0001,0,0,0.0002,0.0001,0,0.0001,0,0.0003,0,0.0001,0.0001,0,0.0003,0,0,0.0001,0.0001,0,0.0001,0.2446,0.254,0.2446,0.254,1
1.1377,0,0.5689,0.5689,0.5689,0.5689,0.5689,1.1377,1.1377,0,0,0,0,1.7066,1.7066,0,1.7066,0.5689,0,0,0.0001,0,0.0001,0.0001,0.0001,0.0001,0.0001,0.0001,0.0001,0,0,0,0,0.0002,0.0002,0,0.0002,0.0001,0,0,0.2421,0.1891,0.2421,0.1891,1
1.7184,0.5728,1.1456,2.2913,0,0.5728,0,0,0,2.2913,0.5728,0,0,0,0.5728,0,0,1.1456,0,0.5728,0.0001,0,0.0001,0.0002,0,0,0,0,0,0.0002,0,0,0,0,0,0,0,0.0001,0,0,0.2588,0.1684,0.2588,0.1684,1
1.1957,0,0.5978,0,0.5978,0,1.1957,0,2.3913,1.1957,0,0.5978,0.5978,0,0,0.5978,1.1957,1.1957,0,0,0.0001,0,0.0001,0,0.0001,0,0.0001,0,0.0003,0.0001,0,0.0001,0.0001,0,0,0.0001,0.0001,0.0001,0,0,0.1903,0.2119,0.1903,0.2119,1
0.6241,0,1.2482,0,0.6241,0.6241,0,0,0,0.6241,0,0.6241,1.8723,0.6241,0,0.6241,0.6241,0.6241,1.8723,0,0,0,0.0001,0,0,0,0,0,0,0,0,0,0.0001,0,0,0,0,0,0.0001,0,0.1701,0.2058,0.1701,0.2058,1
0,1.5564,0,0,0.5188,0.5188,1.0376,1.0376,1.0376,0.5188,1.0376,0,0,0,3.6316,0.5188,1.0376,1.0376,1.0376,0,0,0.0001,0,0,0,0,0.0001,0.0001,0.0001,0,0.0001,0,0,0,0.0002,0,0.0001,0.0001,0.0001,0,0.1996,0.2816,0.1996,0.2816,1
0,0,0.6611,0.6611,0,1.3223,0,0,0.6611,0.6611,0,0,0,0,0.6611,0,0,1.9834,0.6611,0.6611,0,0,0.0001,0.0001,0,0.0002,0,0,0.0001,0.0001,0,0,0,0,0.0001,0,0,0.0002,0.0001,0.0001,0.1981,0.1408,0.1981,0.1408,1
2.0196,0,0,0,0.6732,0,0,0.6732,2.0196,0,0,0,0,0.6732,0,0,0.6732,1.3464,0,0.6732,0.0003,0,0,0,0.0001,0,0,0.0001,0.0003,0,0,0,0,0.0001,0,0,0.0001,0.0002,0,0.0001,0.1619,0.1649,0.1619,0.1649,1
2.0699,0,0,0,0,3.4499,0,0.69,0.69,4.8299,0,0.69,0.69,0,0,0,0,0.69,0,0,0.0002,0,0,0,0,0.0003,0,0.0001,0.0001,0.0004,0,0.0001,0.0001,0,0,0,0,0.0001,0,0,0.136,0.174,0.136,0.174,1
0,0,0,0,0,0,0,0,0.692,1.384,0,0,2.0759,0,1.384,0,0,0,3.4599,0,0,0,0,0,0,0,0,0,0.0001,0.0002,0,0,0.0002,0,0.0002,0,0,0,0.0004,0,0.169,0.139,0.169,0.139,1
0.4282,0,0.4282,1.7126,0,0.8563,0.4282,0.4282,1.2845,2.9971,0,0.8563,0,0.4282,0.8563,0.8563,0.4282,0.8563,0,0,0,0,0,0.0001,0,0.0001,0,0,0.0001,0.0002,0,0.0001,0,0,0.0001,0.0001,0,0.0001,0,0,0.2607,0.3111,0.2607,0.3111,1
1.7911,0,1.7911,0.597,0,2.9852,0,0,0.597,2.3882,0,0,0.597,0,0,1.1941,0,1.7911,0,0,0.0001,0,0.0001,0,0,0.0002,0,0,0,0.0002,0,0,0,0,0,0.0001,0,0.0001,0,0,0.2015,0.2015,0.2015,0.2015,1
0.5618,0,1.1236,2.2473,1.1236,0.5618,0.5618,0.5618,0,1.1236,0,0.5618,0,0,0,0,1.1236,0,0.5618,0,0,0,0.0001,0.0002,0.0001,0,0,0,0,0.0001,0,0,0,0,0,0,0.0001,0,0,0,0.1827,0.2554,0.1827,0.2554,1
0,0,0.6074,0.6074,2.4296,0.6074,0.6074,0,1.2148,0,0,1.2148,1.8222,0,0,0.6074,0,0,0,0,0,0,0.0001,0.0001,0.0002,0.0001,0.0001,0,0.0001,0,0,0.0001,0.0002,0,0,0.0001,0,0,0,0,0.2283,0.1643,0.2283,0.1643,1
2.0363,0,0,1.0181,0,0.5091,0.5091,0,0,0,0.5091,0,1.5272,0.5091,3.0544,0,0.5091,0,0.5091,0.5091,0.0003,0,0,0.0001,0,0.0001,0.0001,0,0,0,0.0001,0,0.0002,0.0001,0.0004,0,0.0001,0,0.0001,0.0001,0.2898,0.2011,0.2898,0.2011,1
4.3428,0,0,0,0,1.0857,0,1.0857,2.1714,3.2571,0.5428,1.0857,0,0,0,0,0.5428,0.5428,0.5428,0,0.0003,0,0,0,0,0.0001,0,0.0001,0.0002,0.0003,0,0.0001,0,0,0,0,0,0,0,0,0.1947,0.2625,0.1947,0.2625,1
1.5507,0,0,0.7753,0,0,0,0,3.1014,0.7753,0,0,0.7753,0,0,0,0,2.326,0,0.7753,0.0004,0,0,0.0002,0,0,0,0,0.0007,0.0002,0,0,0.0002,0,0,0,0,0.0006,0,0.0002,0.0972,0.1274,0.0972,0.1274,1
0,0,0,0,1.6851,0,0,0,3.3703,3.3703,0,0,0.8426,0,0,0,0.8426,0,0,0.8426,0,0,0,0,0.0004,0,0,0,0.0008,0.0008,0,0,0.0002,0,0,0,0.0002,0,0,0.0002,0.0553,0.1022,0.0553,0.1022,1
1.1113,1.1113,0.5557,0,0.5557,1.1113,0.5557,0.5557,0,0.5557,0,0,0.5557,0,0.5557,1.1113,1.667,1.1113,1.1113,1.1113,0.0001,0.0001,0,0,0,0.0001,0,0,0,0,0,0,0,0,0,0.0001,0.0001,0.0001,0.0001,0.0001,0.2326,0.2117,0.2326,0.2117,1
0,0,0,0,1.2351,0.6175,0.6175,0,2.4702,0.6175,1.2351,1.2351,1.2351,0.6175,1.2351,0,0,1.2351,0.6175,0,0,0,0,0,0.0002,0.0001,0.0001,0,0.0004,0.0001,0.0002,0.0002,0.0002,0.0001,0.0002,0,0,0.0002,0.0001,0,0.1729,0.2096,0.1729,0.2096,1
0.472,2.36,0,0,2.36,0,0.944,0,1.888,1.416,0.472,0.472,0.944,0,0.944,1.416,0,0.472,0,0,0,0.0001,0,0,0.0001,0,0,0,0.0001,0.0001,0,0,0,0,0,0.0001,0,0,0,0,0.2612,0.2668,0.2612,0.2668,1
0.9673,1.9346,0,0,0.4836,0,0.4836,0.4836,1.9346,2.9019,0,0,0.4836,0.4836,1.4509,0,0.4836,0,0,0,0.0001,0.0001,0,0,0,0,0,0,0.0001,0.0002,0,0,0,0,0.0001,0,0,0,0,0,0.29,0.2264,0.29,0.2264,1
2.8569,0,0.5714,0,0,0.5714,0,0.5714,0,0.5714,2.2855,0,1.7141,1.1428,2.2855,0.5714,1.1428,1.1428,0,0.5714,0.0003,0,0.0001,0,0,0.0001,0,0.0001,0,0.0001,0.0002,0,0.0002,0.0001,0.0002,0.0001,0.0001,0.0001,0,0.0001,0.1993,0.2293,0.1993,0.2293,1
0.5704,0,1.7113,0,0,0.5704,0,0,2.2818,1.7113,0,0.5704,0.5704,0,0.5704,1.7113,1.1409,0,0,0,0.0001,0,0.0002,0,0,0.0001,0,0,0.0002,0.0002,0,0.0001,0.0001,0,0.0001,0.0002,0.0001,0,0,0,0.1991,0.2304,0.1991,0.2304,1
2.3421,1.1711,0,0,1.7566,1.7566,1.1711,0,0,1.7566,0,1.1711,0,0.5855,1.1711,0.5855,0.5855,0.5855,0,0,0.0001,0.0001,0,0,0.0001,0.0001,0.0001,0,0,0.0001,0,0.0001,0,0,0.0001,0,0,0,0,0,0.1963,0.2181,0.1963,0.2181,1
0.9076,1.8151,0,0,0.9076,0.4538,0,0.4538,2.7227,0.9076,0,0.4538,0.4538,0,1.8151,0.4538,0.4538,0,0.9076,0,0,0.0001,0,0,0,0,0,0,0.0001,0,0,0,0,0,0.0001,0,0,0,0,0,0.2759,0.2703,0.2759,0.2703,1
1.1091,0,0.5546,0,0.5546,2.2182,0,0.5546,2.2182,0,0.5546,0.5546,0,0,0.5546,0.5546,1.6637,3.3273,0,0,0.0001,0,0.0001,0,0.0001,0.0002,0,0.0001,0.0002,0,0.0001,0.0001,0,0,0.0001,0.0001,0.0002,0.0003,0,0,0.2312,0.2143,0.2312,0.2143,1
1.1439,0,0.572,1.7159,0,0.572,0.572,0.572,0,1.1439,0,1.7159,0.572,0.572,1.1439,0.572,0,2.2878,0,0,0.0001,0,0,0.0001,0,0,0,0,0,0.0001,0,0.0001,0,0,0.0001,0,0,0.0002,0,0,0.1932,0.2349,0.1932,0.2349,1
0,0,0.4527,0,0,0.4527,0.9055,0.4527,1.3582,0.9055,0.4527,0.4527,1.8109,0,3.1691,0.9055,0.4527,0.4527,0,0.4527,0,0,0,0,0,0,0.0001,0,0.0001,0.0001,0,0,0.0002,0,0.0003,0.0001,0,0,0,0,0.3297,0.2176,0.3297,0.2176,1
3.256,0.6512,0.6512,0,1.9536,0.6512,0.6512,0,0,1.3024,0.6512,0.6512,1.9536,0,0.6512,0,1.9536,1.9536,0,1.3024,0.0002,0,0,0,0.0001,0,0,0,0,0.0001,0,0,0.0001,0,0,0,0.0001,0.0001,0,0.0001,0.1836,0.1652,0.1836,0.1652,1
3.1846,0,0,0,0,0,0,0,3.1846,0,0,0,0,0,1.8198,0,0,0,0.9099,0.4549,0.0004,0,0,0,0,0,0,0,0.0004,0,0,0,0,0,0.0002,0,0,0,0.0001,0.0001,0.2427,0.3023,0.2427,0.3023,1
1.3782,0,0.4594,0,0.9188,0.4594,0,1.8376,2.297,0,0.4594,0.4594,0,0.4594,0.9188,0,0.9188,0.4594,0.4594,0.9188,0.0001,0,0,0,0.0001,0,0,0.0002,0.0002,0,0,0,0,0,0.0001,0,0.0001,0,0,0.0001,0.261,0.2796,0.261,0.2796,1
1.006,0.503,0,1.5089,0,0.503,0.503,1.006,0.503,3.0179,0.503,1.006,0,2.5149,1.006,0.503,0,0,0,0,0.0001,0,0,0.0001,0,0,0,0.0001,0,0.0002,0,0.0001,0,0.0002,0.0001,0,0,0,0,0,0.266,0.231,0.266,0.231,1
1.8006,0,1.2004,0,0,0.6002,0,0,1.2004,1.2004,0.6002,0.6002,1.8006,0,0.6002,2.4008,0,0.6002,0,0,0.0002,0,0.0001,0,0,0.0001,0,0,0.0001,0.0001,0.0001,0.0001,0.0002,0,0.0001,0.0002,0,0.0001,0,0,0.2363,0.1635,0.2363,0.1635,1
0,0.5351,1.6054,0.5351,0.5351,0,0,0.5351,0.5351,1.0703,0,0,0,0,0.5351,1.6054,0,0.5351,1.6054,0,0,0,0.0001,0,0,0,0,0,0,0.0001,0,0,0,0,0,0.0001,0,0,0.0001,0,0.2448,0.22,0.2448,0.22,1
3.2616,0,0,0,0,0,0,0,1.6308,3.2616,0,0.8154,0.8154,0,1.6308,0,0,1.6308,0,0,0.0005,0,0,0,0,0,0,0,0.0002,0.0005,0,0.0001,0.0001,0,0.0002,0,0,0.0002,0,0,0.0715,0.1131,0.0715,0.1131,1
0,0.6711,0.6711,1.3422,0.6711,0,0,0.6711,0,2.6845,0.6711,0.6711,0.6711,0,0,2.0133,0,0,0,0,0,0,0,0.0001,0,0,0,0,0,0.0002,0,0,0,0,0,0.0001,0,0,0,0,0.174,0.1549,0.174,0.1549,1
1.7439,0,0,0,2.1798,0.8719,0,0.8719,1.7439,0.436,0,0,0,0,2.1798,0,0,0,0,0,0.0002,0,0,0,0.0002,0.0001,0,0.0001,0.0002,0,0,0,0,0,0.0002,0,0,0,0,0,0.2502,0.3138,0.2502,0.3138,1
0.8655,0,1.2982,1.7309,0.4327,0.4327,0.4327,0.4327,1.2982,1.7309,0.8655,0.8655,0,0,0,0,0,1.2982,0,0.4327,0.0001,0,0.0001,0.0001,0,0,0,0,0.0001,0.0001,0.0001,0.0001,0,0,0,0,0,0.0001,0,0,0.2524,0.3149,0.2524,0.3149,1
1.7102,0,0,0,0,0.8551,0,0.8551,0,5.1305,0,0,0,0,0,0,0.8551,0.8551,3.4204,0,0.0003,0,0,0,0,0.0001,0,0.0001,0,0.0008,0,0,0,0,0,0,0.0001,0.0001,0.0005,0,0.1014,0.0435,0.1014,0.0435,1
1.4774,0,0.4925,0,0.9849,0.4925,0.4925,0.9849,1.9698,1.9698,0,1.4774,0.4925,0.4925,0.4925,0,0.4925,0,0,0,0.0001,0,0,0,0.0001,0,0,0.0001,0.0002,0.0002,0,0.0001,0,0,0,0,0,0,0,0,0.2255,0.282,0.2255,0.282,1
0.6021,1.2041,0,0.6021,0,0.6021,0,1.2041,0.6021,0.6021,1.2041,0.6021,0.6021,0,1.8062,0.6021,0.6021,1.2041,0,0,0,0.0001,0,0,0,0,0,0.0001,0,0,0.0001,0,0,0,0.0001,0,0,0.0001,0,0,0.1708,0.2271,0.1708,0.2271,1
1.45,0.725,0.725,0,0,0.725,0,0.725,0.725,1.45,0,0.725,0,0.725,0,0.725,0,0,0,0,0.0001,0.0001,0.0001,0,0,0.0001,0,0.0001,0.0001,0.0001,0,0.0001,0,0.0001,0,0.0001,0,0,0,0,0.138,0.137,0.138,0.137,1
1.4031,0,0.7016,0,1.4031,0,0,0.7016,0.7016,2.1047,0.7016,1.4031,1.4031,0.7016,0,1.4031,0,2.1047,0,0,0.0001,0,0.0001,0,0.0001,0,0,0.0001,0.0001,0.0002,0.0001,0.0001,0.0001,0.0001,0,0.0001,0,0.0002,0,0,0.161,0.1374,0.161,0.1374,1
2.3922,0,1.5948,0,0.7974,0,0,0,0,0.7974,0,0.7974,0.7974,0,0,1.5948,0,1.5948,0,0.7974,0.0003,0,0.0002,0,0.0001,0,0,0,0,0.0001,0,0.0001,0.0001,0,0,0.0002,0,0.0002,0,0.0001,0.1047,0.0979,0.1047,0.0979,1
1.9274,1.2849,0,0,1.2849,1.9274,0,0,0.6425,0,0,1.2849,1.9274,0,0.6425,0.6425,0.6425,0.6425,0.6425,0,0.0001,0.0001,0,0,0.0001,0.0001,0,0,0,0,0,0.0001,0.0001,0,0,0,0,0,0,0,0.217,0.1406,0.217,0.1406,1
1.1066,1.1066,0.5533,0.5533,0,1.1066,1.1066,0.5533,0,0,0.5533,0,0,1.6599,1.1066,1.6599,0.5533,0.5533,0,0,0.0001,0.0001,0,0,0,0.0001,0.0001,0,0,0,0,0,0,0.0001,0.0001,0.0001,0,0,0,0,0.2163,0.2304,0.2163,0.2304,1
0,0,1.2901,0,0.645,1.9351,0,0,0.645,1.9351,0,0,0.645,0.645,0.645,0.645,1.2901,0.645,0,0.645,0,0,0.0001,0,0.0001,0.0002,0,0,0.0001,0.0002,0,0,0.0001,0.0001,0.0001,0.0001,0.0001,0.0001,0,0.0001,0.126,0.229,0.126,0.229,1
0,0,0,0.5896,0.5896,1.7688,1.7688,1.1792,1.1792,0,1.1792,0,1.1792,0,0,0.5896,1.1792,2.3584,0.5896,0.5896,0,0,0,0.0001,0.0001,0.0002,0.0002,0.0001,0.0001,0,0.0001,0,0.0001,0,0,0.0001,0.0001,0.0002,0.0001,0.0001,0.1834,0.227,0.1834,0.227,1
2.9831,0.7458,0,0.7458,0.7458,4.4746,0,0,0,2.9831,0,0,0.7458,0,0,1.4915,2.2373,0.7458,0,0.7458,0.0002,0.0001,0,0.0001,0.0001,0.0003,0,0,0,0.0002,0,0,0.0001,0,0,0.0001,0.0002,0.0001,0,0.0001,0.1216,0.1327,0.1216,0.1327,1
0.451,0,0.451,0.451,0.451,0,0,0,1.3531,0,0,0.451,1.3531,0.9021,3.1572,0.9021,0.9021,0.451,0,0.451,0.0001,0,0.0001,0.0001,0.0001,0,0,0,0.0002,0,0,0.0001,0.0002,0.0001,0.0004,0.0001,0.0001,0.0001,0,0.0001,0.2192,0.3297,0.2192,0.3297,1
0,0.9909,0.4955,0.4955,0,1.4864,0.4955,0,0.9909,0,0,1.4864,0.9909,0,1.4864,0.4955,0.9909,0,0.9909,1.4864,0,0.0001,0,0,0,0.0001,0,0,0.0001,0,0,0.0001,0.0001,0,0.0001,0,0.0001,0,0.0001,0.0001,0.2218,0.2828,0.2218,0.2828,1
0,2.8887,0,0.5777,0,1.7332,0,1.1555,1.1555,0,0,0.5777,1.1555,0,0.5777,2.311,1.7332,2.311,0,1.1555,0,0.0001,0,0,0,0.0001,0,0.0001,0.0001,0,0,0,0.0001,0,0,0.0001,0.0001,0.0001,0,0.0001,0.2319,0.1904,0.2319,0.1904,1
0,0.7522,0,0.7522,0,0.7522,0,0.7522,0.7522,0.7522,0.7522,0,2.2566,0.7522,0,1.5044,1.5044,0,0,0,0,0.0001,0,0.0001,0,0.0001,0,0.0001,0.0001,0.0001,0.0001,0,0.0002,0.0001,0,0.0001,0.0001,0,0,0,0.1277,0.1201,0.1277,0.1201,1
1.5149,0,0.7575,0,1.5149,0.7575,0,1.5149,0,2.2724,0,0,0,0.7575,0,0.7575,0,0,0,0,0.0001,0,0.0001,0,0.0001,0.0001,0,0.0001,0,0.0002,0,0,0,0.0001,0,0.0001,0,0,0,0,0.1162,0.1264,0.1162,0.1264,1
0,0.5516,0,0,0.5516,0,0,1.1033,0.5516,1.1033,0,0,0.5516,0,2.2065,0,1.1033,1.1033,0.5516,0.5516,0,0.0001,0,0,0.0001,0,0,0.0001,0.0001,0.0001,0,0,0.0001,0,0.0003,0,0.0001,0.0001,0.0001,0.0001,0.2267,0.2216,0.2267,0.2216,1
0,0,0,0,0.6713,3.3567,1.3427,0,0.6713,0,0,0,0,0.6713,0,0.6713,0,1.3427,0,0,0,0,0,0,0.0001,0.0005,0.0002,0,0.0001,0,0,0,0,0.0001,0,0.0001,0,0.0002,0,0,0.1709,0.1577,0.1709,0.1577,1
0,0,1.1559,0.578,1.7339,0.578,0,1.1559,0,1.1559,0,0.578,0.578,0,5.2018,0,0,0.578,0.578,0.578,0,0,0.0001,0.0001,0.0002,0.0001,0,0.0001,0,0.0001,0,0.0001,0.0001,0,0.0006,0,0,0.0001,0.0001,0.0001,0.1631,0.2589,0.1631,0.2589,1
0,0,1.2553,0,0.6277,0.6277,0,0.6277,1.2553,0,0.6277,0,0.6277,1.2553,0,0.6277,1.2553,1.2553,0,0,0,0,0.0001,0,0.0001,0.0001,0,0.0001,0.0001,0,0.0001,0,0.0001,0.0001,0,0.0001,0.0001,0.0001,0,0,0.1635,0.2088,0.1635,0.2088,1
1.5645,0,0,0,0,1.5645,0,0,0,4.6934,0.7822,0,0,0.7822,0,0.7822,0,0.7822,0.7822,0.7822,0.0001,0,0,0,0,0.0001,0,0,0,0.0004,0.0001,0,0,0.0001,0,0.0001,0,0.0001,0.0001,0.0001,0.1158,0.1019,0.1158,0.1019,1
1.1556,1.1556,1.1556,0,0.5778,2.3112,0.5778,0,3.4668,0,1.1556,0,0,0,0.5778,0,1.7334,1.7334,0,0.5778,0.0001,0.0001,0.0001,0,0,0.0001,0,0,0.0002,0,0.0001,0,0,0,0,0,0.0001,0.0001,0,0,0.1687,0.2535,0.1687,0.2535,1
0.5914,0.5914,0.5914,0,0,0.5914,0.5914,0,1.7742,0.5914,2.3656,0.5914,0.5914,0,1.1828,0,0,1.7742,0.5914,0,0.0001,0.0001,0.0001,0,0,0.0001,0.0001,0,0.0002,0.0001,0.0002,0.0001,0.0001,0,0.0001,0,0,0.0002,0.0001,0,0.2212,0.1874,0.2212,0.1874,1
0,0,0,0,0,1.2542,1.2542,1.2542,0,1.2542,0,0.6271,0,0,0.6271,0,0.6271,0.6271,1.2542,0,0,0,0,0,0,0.0001,0.0001,0.0001,0,0.0001,0,0.0001,0,0,0.0001,0,0.0001,0.0001,0.0001,0,0.1896,0.1833,0.1896,0.1833,1
1.6357,0,0,0,0,1.0905,1.0905,0.5452,2.1809,2.7262,0,0,1.0905,0,0,0.5452,0.5452,2.7262,0,0,0.0002,0,0,0,0,0.0001,0.0001,0.0001,0.0002,0.0003,0,0,0.0001,0,0,0.0001,0.0001,0.0003,0,0,0.215,0.2397,0.215,0.2397,1
2.0563,1.3709,0,0,0,0,1.3709,0,0.6854,0,0.6854,0.6854,0,2.0563,0.6854,0.6854,0.6854,0,0,0.6854,0.0002,0.0001,0,0,0,0,0.0001,0,0.0001,0,0.0001,0.0001,0,0.0002,0.0001,0.0001,0.0001,0,0,0.0001,0.1606,0.1539,0.1606,0.1539,1
0,3.6891,0,0.6148,0.6148,3.0742,0,0,0,1.2297,0,1.2297,1.8445,0,0.6148,0.6148,3.0742,1.2297,0.6148,0,0,0.0001,0,0,0,0.0001,0,0,0,0,0,0,0.0001,0,0,0,0.0001,0,0,0,0.1991,0.186,0.1991,0.186,1
0,0.7686,0.7686,0,0.7686,0,0,0.7686,3.0743,0.7686,0,0,0.7686,0,0,0,0,3.0743,0,0,0,0.0001,0.0001,0,0.0001,0,0,0.0001,0.0003,0.0001,0,0,0.0001,0,0,0,0,0.0003,0,0,0.0989,0.1325,0.0989,0.1325,1
0,0.5355,0,0,0,0.5355,0,0.5355,1.071,0.5355,0.5355,0,0,0,1.6066,0,0,2.1421,2.1421,0,0,0.0001,0,0,0,0.0001,0,0.0001,0.0001,0.0001,0.0001,0,0,0,0.0002,0,0,0.0002,0.0002,0,0.223,0.2415,0.223,0.2415,1
0.8519,0,0,3.8334,0,0,0,0.4259,3.4075,1.7037,0.4259,0.8519,0,0.8519,0,0,0,0.4259,0,0,0.0001,0,0,0.0004,0,0,0,0,0.0004,0.0002,0,0.0001,0,0.0001,0,0,0,0,0,0,0.2781,0.296,0.2781,0.296,1
0,0.5494,0,0,0.5494,0,0,0,0.5494,2.747,0,0,0,0,2.1976,0,1.0988,1.0988,0.5494,0.5494,0,0.0001,0,0,0.0001,0,0,0,0.0001,0.0003,0,0,0,0,0.0003,0,0.0001,0.0001,0.0001,0.0001,0.2249,0.2256,0.2249,0.2256,1
1.2263,0,0.6131,0,0,1.8394,0,0,0.6131,1.2263,0.6131,0,0.6131,0,1.2263,1.2263,0,0,0,0,0.0001,0,0.0001,0,0,0.0002,0,0,0.0001,0.0001,0.0001,0,0.0001,0,0.0001,0.0001,0,0,0,0,0.212,0.1748,0.212,0.1748,1
2.7922,1.1169,1.1169,0,1.1169,1.6753,1.1169,0,0.5584,0.5584,0,0,0,0.5584,0.5584,0.5584,1.6753,1.1169,0,0,0.0002,0.0001,0.0001,0,0.0001,0.0001,0.0001,0,0,0,0,0,0,0,0,0,0.0001,0.0001,0,0,0.2026,0.239,0.2026,0.239,1
1.2146,0,0,0,0,0.6073,1.2146,0.6073,1.8219,0,1.2146,1.2146,1.8219,0,1.8219,0.6073,1.8219,0.6073,0,0,0.0001,0,0,0,0,0.0001,0.0001,0.0001,0.0002,0,0.0001,0.0001,0.0002,0,0.0002,0.0001,0.0002,0.0001,0,0,0.1882,0.2045,0.1882,0.2045,1
1.4683,0,0,0,0,0,0,0,0.7341,0,0,0.7341,0.7341,0,0,1.4683,2.2024,1.4683,1.4683,0,0.0002,0,0,0,0,0,0,0,0.0001,0,0,0.0001,0.0001,0,0,0.0002,0.0002,0.0002,0.0002,0,0.1193,0.1466,0.1193,0.1466,1
0.5626,0,0.5626,1.1252,0.5626,0.5626,0,0.5626,0,1.6878,0,1.1252,0,1.1252,1.6878,0,1.1252,0.5626,0,0,0.0001,0,0.0001,0.0001,0.0001,0.0001,0,0.0001,0,0.0002,0,0.0001,0,0.0001,0.0002,0,0.0001,0.0001,0,0,0.245,0.1924,0.245,0.1924,1
1.7715,0,0,0,2.2144,0,0,0,1.3287,1.7715,0,0,0,0,2.6573,0,0,0.4429,0,0,0.0002,0,0,0,0.0003,0,0,0,0.0002,0.0002,0,0,0,0,0.0003,0,0,0.0001,0,0,0.2365,0.3206,0.2365,0.3206,1
1.972,1.3147,0,0,2.6294,1.3147,0,0,0.6573,0.6573,2.6294,0,0.6573,0,0.6573,0.6573,0.6573,1.3147,1.3147,0,0.0001,0.0001,0,0,0.0002,0.0001,0,0,0,0,0.0002,0,0,0,0,0,0,0.0001,0.0001,0,0.2127,0.1299,0.2127,0.1299,1
1.347,0,0.6735,0,1.347,0.6735,0.6735,1.347,0,0.6735,0,0,0,0,0.6735,0.6735,1.347,0.6735,0,0,0.0002,0,0.0001,0,0.0002,0.0001,0.0001,0.0002,0,0.0001,0,0,0,0,0.0001,0.0001,0.0002,0.0001,0,0,0.1545,0.172,0.1545,0.172,1
1.2896,1.9345,0.6448,0.6448,0,3.8689,0.6448,1.9345,0,0,0.6448,0,0,0.6448,0,0,1.9345,1.2896,0,0,0.0001,0.0001,0,0,0,0.0002,0,0.0001,0,0,0,0,0,0,0,0,0.0001,0.0001,0,0,0.1731,0.1821,0.1731,0.1821,1
2.3022,0,0.9209,1.3813,0,1.3813,0,2.3022,1.3813,0.9209,0,0.4604,0,0,0.9209,0,0.4604,0.9209,0,0.4604,0.0002,0,0.0001,0.0001,0,0.0001,0,0.0002,0.0001,0.0001,0,0,0,0,0.0001,0,0,0.0001,0,0,0.3006,0.239,0.3006,0.239,1
3.2982,0,1.0994,0,0,0,0,0,1.6491,0,0.5497,1.0994,0,0.5497,4.3977,0,0,0,0.5497,0,0.0004,0,0.0001,0,0,0,0,0,0.0002,0,0.0001,0.0001,0,0.0001,0.0006,0,0,0,0.0001,0,0.2197,0.2305,0.2197,0.2305,1
0,0,0,0,0.5574,0.5574,0.5574,1.1149,0.5574,0,0,0,0.5574,0,4.4594,0,0.5574,0.5574,0.5574,0,0,0,0,0,0.0001,0.0001,0.0001,0.0002,0.0001,0,0,0,0.0001,0,0.0009,0,0.0001,0.0001,0.0001,0,0.1883,0.2543,0.1883,0.2543,1
0.7808,0,0.7808,0,0,0,0,0,3.123,0.7808,0,0,0,0,0,0,0.7808,3.9038,0,0,0.0002,0,0.0002,0,0,0,0,0,0.0006,0.0002,0,0,0,0,0,0,0.0002,0.0008,0,0,0.0883,0.131,0.0883,0.131,1
0.8723,0.8723,0,0,1.7446,1.7446,0,0.8723,0,0,0,0,2.6169,0,0,0.8723,1.7446,0.8723,0,0.8723,0.0001,0.0001,0,0,0.0002,0.0002,0,0.0001,0,0,0,0,0.0002,0,0,0.0001,0.0002,0.0001,0,0.0001,0.0703,0.0574,0.0703,0.0574,1
0,0,0.7473,0.7473,0,1.4946,0.7473,0.7473,0,0,0,0,1.4946,1.4946,0,0.7473,0.7473,1.4946,0,0.7473,0,0,0.0001,0.0001,0,0.0002,0.0001,0.0001,0,0,0,0,0.0002,0.0002,0,0.0001,0.0001,0.0002,0,0.0001,0.115,0.1376,0.115,0.1376,1
1.2392,4.3371,0.6196,0.6196,0,1.2392,0,0,0,2.4784,0,0.6196,1.2392,0,0,1.8588,1.8588,0.6196,0.6196,1.2392,0,0.0001,0,0,0,0,0,0,0,0.0001,0,0,0,0,0,0.0001,0.0001,0,0,0,0.1933,0.1871,0.1933,0.1871,1
1.305,0,0.6525,0.6525,1.305,0,0,1.9576,0.6525,1.305,1.305,0,0.6525,0.6525,0.6525,0.6525,0.6525,1.9576,1.305,0,0.0001,0,0.0001,0.0001,0.0001,0,0,0.0002,0.0001,0.0001,0.0001,0,0.0001,0.0001,0.0001,0.0001,0.0001,0.0002,0.0001,0,0.2302,0.1173,0.2302,0.1173,1
0.6025,1.8075,0,0,3.0125,0.6025,1.8075,0,0,1.205,1.205,0.6025,0.6025,0,0.6025,0,0.6025,1.205,0.6025,0.6025,0,0.0001,0,0,0.0001,0,0.0001,0,0,0.0001,0.0001,0,0,0,0,0,0,0.0001,0,0,0.1909,0.2066,0.1909,0.2066,1
0,3.1926,0,0,0,1.0642,0,1.0642,0.5321,1.0642,0,0,0,0,2.6605,0,0,0,0,0,0,0.0002,0,0,0,0.0001,0,0.0001,0,0.0001,0,0,0,0,0.0001,0,0,0,0,0,0.21,0.2579,0.21,0.2579,1
1.5139,0,1.0093,0,0.5046,0,1.0093,1.5139,0.5046,0.5046,0.5046,1.0093,0,0,2.0185,0,1.0093,1.0093,0,0.5046,0.0001,0,0.0001,0,0,0,0.0001,0.0001,0,0,0,0.0001,0,0,0.0002,0,0.0001,0.0001,0,0,0.2636,0.2318,0.2636,0.2318,1
2.5894,0,0,0.5179,0,0,0.5179,0,1.0358,1.5537,0.5179,0.5179,0.5179,0.5179,1.5537,0.5179,0,0,0.5179,0,0.0003,0,0,0.0001,0,0,0.0001,0,0.0001,0.0002,0.0001,0.0001,0.0001,0.0001,0.0002,0.0001,0,0,0.0001,0,0.2774,0.2047,0.2774,0.2047,1
0,0,1.6086,0.5362,0,1.0724,0,0,0,0.5362,0.5362,1.0724,1.6086,0,2.1447,0.5362,0,0.5362,0,0.5362,0,0,0.0002,0.0001,0,0.0001,0,0,0,0.0001,0.0001,0.0001,0.0002,0,0.0002,0.0001,0,0.0001,0,0.0001,0.2337,0.2301,0.2337,0.2301,1
0.5826,0,1.7478,0.5826,0.5826,0.5826,0,0,1.1652,0.5826,1.1652,1.1652,0,0,0.5826,0,0,0,0,0,0.0001,0,0.0002,0.0001,0.0001,0.0001,0,0,0.0001,0.0001,0.0001,0.0001,0,0,0.0001,0,0,0,0,0,0.1894,0.228,0.1894,0.228,1
2.7546,0,1.8364,0.4591,0,0,0,1.3773,2.2955,0.9182,0.4591,1.3773,0,0,0,0.9182,0,0.9182,0,0.4591,0.0002,0,0.0001,0,0,0,0,0.0001,0.0001,0.0001,0,0.0001,0,0,0,0.0001,0,0.0001,0,0,0.2831,0.2578,0.2831,0.2578,1
0.5946,0.5946,1.7838,0,0,0,0,1.1892,0,1.1892,0,0,0,0,0.5946,0.5946,0,0,1.7838,0,0,0,0.0001,0,0,0,0,0.0001,0,0.0001,0,0,0,0,0,0,0,0,0.0001,0,0.1813,0.2241,0.1813,0.2241,1
0,1.6368,0.5456,0,0.5456,1.0912,0.5456,0,0.5456,0,0,1.6368,0.5456,1.6368,2.1823,0.5456,0.5456,1.6368,0,1.6368,0,0.0001,0,0,0,0.0001,0,0,0,0,0,0.0001,0,0.0001,0.0001,0,0,0.0001,0,0.0001,0.1896,0.2648,0.1896,0.2648,1
0.5656,0,1.6967,0,0.5656,1.1312,1.1312,1.1312,0,0.5656,0,1.1312,2.8279,1.1312,0,0.5656,2.2623,2.2623,0,0,0,0,0.0001,0,0,0.0001,0.0001,0.0001,0,0,0,0.0001,0.0002,0.0001,0,0,0.0002,0.0002,0,0,0.2234,0.211,0.2234,0.211,1
3.1888,0,0.7972,0.7972,0.7972,0,0,0,0,0.7972,0.7972,0,0,0,0,0,0.7972,3.1888,0,0,0.0005,0,0.0001,0.0001,0.0001,0,0,0,0,0.0001,0.0001,0,0,0,0,0,0.0001,0.0005,0,0,0.1359,0.0669,0.1359,0.0669,1
0.6291,0,0,0.6291,0,1.8872,0,1.2581,1.2581,0.6291,1.2581,1.2581,0.6291,1.2581,0,0,1.8872,0.6291,0.6291,0.6291,0,0,0,0,0,0.0001,0,0.0001,0.0001,0,0.0001,0.0001,0,0.0001,0,0,0.0001,0,0,0,0.1866,0.1843,0.1866,0.1843,1
0,0.5168,1.5505,0.5168,0.5168,0,0,0.5168,0.5168,1.5505,0,0.5168,0,0,0.5168,1.0337,0,0.5168,1.5505,0,0,0,0.0001,0,0,0,0,0,0,0.0001,0,0,0,0,0,0.0001,0,0,0.0001,0,0.2438,0.2393,0.2438,0.2393,1
1.454,0.4847,1.454,0.4847,0.4847,0,0,0,0.9693,1.454,0.9693,0.9693,0.4847,0,3.8774,0,0,0.4847,0,0,0.0001,0,0.0001,0,0,0,0,0,0.0001,0.0001,0.0001,0.0001,0,0,0.0003,0,0,0,0,0,0.2369,0.2784,0.2369,0.2784,1
0.9373,0,0.4687,1.406,0,0.4687,1.406,0.9373,0.9373,0.9373,0,1.406,0,0,0,1.8747,0.9373,0.9373,0.4687,0.4687,0.0001,0,0,0.0001,0,0,0.0001,0.0001,0.0001,0.0001,0,0.0001,0,0,0,0.0002,0.0001,0.0001,0,0,0.2708,0.2605,0.2708,0.2605,1
1.8766,0,0.6255,0.6255,0,1.2511,0.6255,1.8766,1.2511,0,0,0,0,0.6255,0.6255,0.6255,1.8766,1.2511,0,0,0.0002,0,0.0001,0.0001,0,0.0001,0.0001,0.0002,0.0001,0,0,0,0,0.0001,0.0001,0.0001,0.0002,0.0001,0,0,0.197,0.1774,0.197,0.1774,1
1.0612,0.5306,0.5306,0,0,0.5306,0.5306,1.0612,1.5918,0,0.5306,0,0.5306,0,1.5918,0.5306,2.1224,0,0.5306,0,0.0001,0.0001,0.0001,0,0,0.0001,0.0001,0.0001,0.0002,0,0.0001,0,0.0001,0,0.0002,0.0001,0.0002,0,0.0001,0,0.2326,0.2368,0.2326,0.2368,1
0,0.9784,0.4892,0,0,0.4892,0,0,0.4892,1.4676,0.4892,0,0.4892,0,2.446,0,0.9784,1.4676,0.4892,0.4892,0,0.0001,0,0,0,0,0,0,0,0.0001,0,0,0,0,0.0002,0,0.0001,0.0001,0,0,0.2657,0.2451,0.2657,0.2451,1
0,0,0,0,1.6874,0,0,0,3.3748,2.5311,0,0,0.8437,0,0,0,0.8437,0.8437,0,0.8437,0,0,0,0,0.0004,0,0,0,0.0009,0.0006,0,0,0.0002,0,0,0,0.0002,0.0002,0,0.0002,0.0576,0.0987,0.0576,0.0987,1
0,0.5218,1.5655,0,1.0437,0,1.0437,0,1.5655,0,1.0437,0,1.0437,0,2.0874,0,0.5218,0,0.5218,0,0,0,0.0001,0,0.0001,0,0.0001,0,0.0001,0,0.0001,0,0.0001,0,0.0002,0,0,0,0,0,0.222,0.2561,0.222,0.2561,1
2.0377,0,0.6792,0,1.3585,0,0,0,0.6792,3.3962,0.6792,1.3585,2.0377,0.6792,0,0.6792,2.0377,1.3585,0,0,0.0002,0,0.0001,0,0.0001,0,0,0,0.0001,0.0003,0.0001,0.0001,0.0002,0.0001,0,0.0001,0.0002,0.0001,0,0,0.179,0.1418,0.179,0.1418,1
0.5138,0.5138,1.0275,0.5138,0.5138,1.0275,0,0,0.5138,0,1.0275,0,1.0275,0.5138,2.055,0,1.0275,0.5138,0,0.5138,0,0,0.0001,0,0,0.0001,0,0,0,0,0.0001,0,0.0001,0,0.0002,0,0.0001,0,0,0,0.3009,0.1853,0.3009,0.1853,1
0.7421,0,0,0,4.4524,0,0,0.7421,0,2.2262,0,0,0,0.7421,1.4841,0,0.7421,0.7421,0.7421,0,0.0002,0,0,0,0.0011,0,0,0.0002,0,0.0006,0,0,0,0.0002,0.0004,0,0.0002,0.0002,0.0002,0,0.1436,0.1143,0.1436,0.1143,1
0,0,0,0,0.5049,1.5148,0.5049,0,0.5049,5.0493,0,0,0,0,2.0197,0,0,0,0,0,0,0,0,0,0.0001,0.0002,0.0001,0,0.0001,0.0006,0,0,0,0,0.0002,0,0,0,0,0,0.208,0.2871,0.208,0.2871,1
1.3395,1.3395,0.6698,0,0,0.6698,0.6698,0,0,0,1.3395,0,0.6698,0,0.6698,0,1.3395,0.6698,0.6698,0,0.0001,0.0001,0.0001,0,0,0.0001,0.0001,0,0,0,0.0001,0,0.0001,0,0.0001,0,0.0001,0.0001,0.0001,0,0.1858,0.1444,0.1858,0.1444,1
0.4892,0,1.9569,1.4676,0.9784,0.4892,0,0.4892,0.4892,0.9784,0,0.4892,0,0,0.4892,0,0,0.9784,0,0.4892,0,0,0.0001,0.0001,0.0001,0,0,0,0,0.0001,0,0,0,0,0,0,0,0.0001,0,0,0.2123,0.2985,0.2123,0.2985,1
0,0,0,0.6442,0.6442,0.6442,0,0.6442,0,0.6442,0,1.2883,0,0,1.9325,0,0.6442,1.9325,0.6442,0.6442,0,0,0,0.0001,0.0001,0.0001,0,0.0001,0,0.0001,0,0.0001,0,0,0.0002,0,0.0001,0.0002,0.0001,0.0001,0.1898,0.166,0.1898,0.166,1
0,0.8259,0,0,0,0.8259,0,0,0,3.3037,0,0,3.3037,0,0,0,0,0,1.6519,0.8259,0,0.0001,0,0,0,0.0001,0,0,0,0.0003,0,0,0.0003,0,0,0,0,0,0.0001,0.0001,0.121,0.0531,0.121,0.0531,1
0,0.7877,0.7877,0,0,1.5754,0.7877,0,0,0,0.7877,0,0.7877,0,0,0.7877,0.7877,0.7877,0,0,0,0.0001,0.0001,0,0,0.0002,0.0001,0,0,0,0.0001,0,0.0001,0,0,0.0001,0.0001,0.0001,0,0,0.119,0.0933,0.119,0.0933,1
0.6097,0,0.6097,1.2195,0.6097,1.2195,0,0.6097,0.6097,1.2195,0.6097,2.4389,0,0.6097,0,0,1.8292,0,0,0,0.0001,0,0.0001,0.0001,0.0001,0.0001,0,0.0001,0.0001,0.0001,0.0001,0.0002,0,0.0001,0,0,0.0002,0,0,0,0.2225,0.1677,0.2225,0.1677,1
2.2347,0,1.676,0,0,0.5587,1.676,1.1173,0.5587,0,0,0,0,0.5587,0,0,1.676,1.676,1.1173,0,0.0002,0,0.0002,0,0,0.0001,0.0002,0.0001,0.0001,0,0,0,0,0.0001,0,0,0.0002,0.0002,0.0001,0,0.2357,0.2056,0.2357,0.2056,1
1.2551,2.5103,1.2551,0,1.2551,1.2551,0,0.6276,0,0,0.6276,0,0.6276,0,0.6276,1.2551,0.6276,3.1378,0.6276,0,0,0.0001,0,0,0,0,0,0,0,0,0,0,0,0,0,0,0,0.0001,0,0,0.1861,0.1863,0.1861,0.1863,1
1.7336,0,1.1557,0,0,0,0.5779,0,0,1.1557,0,1.1557,0,0,1.7336,0,0.5779,0,0.5779,0,0.0002,0,0.0001,0,0,0,0.0001,0,0,0.0001,0,0.0001,0,0,0.0002,0,0.0001,0,0.0001,0,0.2392,0.1829,0.2392,0.1829,1
0.8311,0,0,0,2.4932,0,0.8311,0,2.4932,2.4932,0,0,0.8311,0,0,0,0,0.8311,0,0,0.0002,0,0,0,0.0005,0,0.0002,0,0.0005,0.0005,0,0,0.0002,0,0,0,0,0.0002,0,0,0.0615,0.1074,0.0615,0.1074,1
2.4942,0,0,0.6235,1.2471,2.4942,0,1.2471,0,3.7413,0.6235,0.6235,0,1.2471,0,0.6235,0,0,0.6235,0,0.0002,0,0,0,0.0001,0.0002,0,0.0001,0,0.0002,0,0,0,0.0001,0,0,0,0,0,0,0.182,0.1944,0.182,0.1944,1
1.5024,0.7512,0,0,0,1.5024,0,0,0,1.5024,0,0.7512,1.5024,0,0.7512,0,0,0,1.5024,0,0.0001,0.0001,0,0,0,0.0001,0,0,0,0.0001,0,0.0001,0.0001,0,0.0001,0,0,0,0.0001,0,0.116,0.1328,0.116,0.1328,1
0.5369,0,0.5369,0.5369,0,1.0738,0,0,1.0738,1.0738,1.0738,0.5369,0.5369,0.5369,1.6107,1.6107,1.6107,1.0738,0,1.0738,0,0,0,0,0,0.0001,0,0,0.0001,0.0001,0.0001,0,0,0,0.0001,0.0001,0.0001,0.0001,0,0.0001,0.2519,0.2112,0.2519,0.2112,1
0,0,0,0,0,0,0.6782,1.3564,0,0.6782,1.3564,0,0,0.6782,2.0346,0,1.3564,0,0,0,0,0,0,0,0,0,0.0001,0.0003,0,0.0001,0.0003,0,0,0.0001,0.0004,0,0.0003,0,0,0,0.1787,0.1431,0.1787,0.1431,1
5.1184,0,0,0,0,0.5118,0,0,2.5592,3.0711,0.5118,0,0,0.5118,0,0,0.5118,1.0237,0.5118,0,0.0005,0,0,0,0,0,0,0,0.0002,0.0003,0,0,0,0,0,0,0,0.0001,0,0,0.2103,0.2779,0.2103,0.2779,1
0,0,0,0,0,1.4356,0.7178,0.7178,2.1534,0,0,0,1.4356,0,1.4356,0,0.7178,2.1534,0,0,0,0,0,0,0,0.0003,0.0001,0.0001,0.0004,0,0,0,0.0003,0,0.0003,0,0.0001,0.0004,0,0,0.1459,0.1363,0.1459,0.1363,1
3.367,0.5612,1.6835,0,0.5612,0,0.5612,0,0.5612,0,0,0,0,0,0.5612,0,0.5612,1.6835,0,0,0.0003,0,0.0001,0,0,0,0,0,0,0,0,0,0,0,0,0,0,0.0001,0,0,0.1947,0.2442,0.1947,0.2442,1
2.4107,0,1.6071,0,0.8036,0,0,0,0,0.8036,0.8036,0,0,0,0,3.2142,0,0.8036,0,0.8036,0.0002,0,0.0002,0,0.0001,0,0,0,0,0.0001,0.0001,0,0,0,0,0.0003,0,0.0001,0,0.0001,0.1077,0.0887,0.1077,0.0887,1
0,0,0,0,0,0,0.6892,0.6892,0,0.6892,2.0677,0,0,0.6892,2.0677,0,0.6892,0.6892,0,0,0,0,0,0,0,0,0.0002,0.0002,0,0.0002,0.0005,0,0,0.0002,0.0005,0,0.0002,0.0002,0,0,0.1796,0.1311,0.1796,0.1311,1
1.1207,0.5604,0.5604,0.5604,0,0,0.5604,0,1.6811,0.5604,2.2414,1.6811,0,1.1207,0,1.6811,2.8018,0.5604,0,0,0.0001,0,0,0,0,0,0,0,0.0001,0,0.0002,0.0001,0,0.0001,0,0.0001,0.0002,0,0,0,0.2547,0.185,0.2547,0.185,1
0.6452,0,0,0,0.6452,1.2904,0,0,1.9356,0.6452,0,0.6452,3.8713,0,0.6452,0,1.2904,0,0,0,0.0001,0,0,0,0.0001,0.0002,0,0,0.0002,0.0001,0,0.0001,0.0005,0,0.0001,0,0.0002,0,0,0,0.1512,0.2036,0.1512,0.2036,1
0,0,0,0.5024,1.0047,0.5024,0,2.0094,2.0094,1.0047,0.5024,0.5024,0,1.0047,4.5213,0,0,0.5024,0,0,0,0,0,0.0001,0.0001,0.0001,0,0.0002,0.0002,0.0001,0.0001,0.0001,0,0.0001,0.0005,0,0,0.0001,0,0,0.2194,0.2783,0.2194,0.2783,1
0,1.1705,0.5852,0,0.5852,0.5852,1.7557,1.1705,0.5852,0,0.5852,0,0,0.5852,0.5852,0.5852,1.1705,2.9261,0,0,0,0.0001,0,0,0,0,0.0001,0.0001,0,0,0,0,0,0,0,0,0.0001,0.0002,0,0,0.2329,0.1819,0.2329,0.1819,1
0,0,0,0,0,2.7102,2.0326,0,0.6775,0,0,0,0,0.6775,0,0.6775,0,1.3551,0,0,0,0,0,0,0,0.0005,0.0004,0,0.0001,0,0,0,0,0.0001,0,0.0001,0,0.0002,0,0,0.1718,0.1507,0.1718,0.1507,1
0,0.5018,1.5053,0.5018,0.5018,0,0,0.5018,0.5018,1.0036,0.5018,0.5018,0,0,0.5018,1.0036,0,0.5018,2.0071,0,0,0,0.0001,0,0,0,0,0,0,0.0001,0,0,0,0,0,0.0001,0,0,0.0001,0,0.2469,0.2513,0.2469,0.2513,1
1.355,0,0,0,0,1.355,1.355,0,0.6775,0.6775,0,0.6775,0,0,0,0,0.6775,1.355,0,0.6775,0.0002,0,0,0,0,0.0002,0.0002,0,0.0001,0.0001,0,0.0001,0,0,0,0,0.0001,0.0002,0,0.0001,0.1751,0.1474,0.1751,0.1474,1
1.3917,0,0,0,1.3917,2.0875,0,0,0.6958,4.175,0,0.6958,1.3917,0,0,0.6958,0.6958,0.6958,0,0,0.0001,0,0,0,0.0001,0.0002,0,0,0.0001,0.0003,0,0.0001,0.0001,0,0,0.0001,0.0001,0.0001,0,0,0.132,0.1722,0.132,0.1722,1
1.2099,0,0,0,0,1.8148,0,0,0,0,1.2099,1.2099,0.6049,1.2099,2.4197,0,0.6049,0,0,0,0.0001,0,0,0,0,0.0002,0,0,0,0,0.0001,0.0001,0.0001,0.0001,0.0003,0,0.0001,0,0,0,0.1949,0.2002,0.1949,0.2002,1
1.143,0,0.5715,0.5715,1.143,0,0.5715,0.5715,1.7145,0.5715,1.143,0,1.143,0,0,0,0.5715,0.5715,0.5715,0.5715,0.0001,0,0.0001,0.0001,0.0001,0,0.0001,0.0001,0.0002,0.0001,0.0001,0,0.0001,0,0,0,0.0001,0.0001,0.0001,0.0001,0.2341,0.1944,0.2341,0.1944,1
0.5053,1.0105,1.0105,0.5053,0,0.5053,0.5053,1.0105,0.5053,0,0,1.0105,0,0.5053,0.5053,0,2.5263,1.5158,0.5053,2.021,0,0.0001,0.0001,0,0,0,0,0.0001,0,0,0,0.0001,0,0,0,0,0.0002,0.0001,0,0.0001,0.2618,0.2329,0.2618,0.2329,1
1.1237,0.5618,0,0.5618,0,0.5618,1.6855,0.5618,1.1237,0,0.5618,0.5618,0.5618,1.1237,0.5618,0,1.1237,0.5618,0,0.5618,0.0001,0.0001,0,0.0001,0,0.0001,0.0002,0.0001,0.0001,0,0.0001,0.0001,0.0001,0.0001,0.0001,0,0.0001,0.0001,0,0.0001,0.2411,0.197,0.2411,0.197,1
0.5356,1.0711,1.0711,0,0,0,1.0711,1.0711,2.1422,1.6067,0.5356,0.5356,0.5356,1.0711,0,0,2.1422,0,0,0,0,0.0001,0.0001,0,0,0,0.0001,0.0001,0.0001,0.0001,0,0,0,0.0001,0,0,0.0001,0,0,0,0.2285,0.2359,0.2285,0.2359,1
0,0,0.5592,0.5592,2.237,0,0.5592,0,1.6777,0.5592,0,1.6777,1.6777,0,0.5592,1.1185,0,0.5592,0,0.5592,0,0,0,0,0.0002,0,0,0,0.0001,0,0,0.0001,0.0001,0,0,0.0001,0,0,0,0,0.2716,0.1691,0.2716,0.1691,1
0.4542,0,0.4542,2.7253,0,0,0,1.8169,2.7253,0,0.4542,0,0,0,0,0,0.4542,0,0.9084,0.4542,0,0,0,0.0003,0,0,0,0.0002,0.0003,0,0,0,0,0,0,0,0,0,0.0001,0,0.2352,0.3105,0.2352,0.3105,1
1.1046,3.3138,0.5523,1.1046,0.5523,1.6569,0,1.1046,1.6569,0.5523,0,0.5523,1.1046,0,0,1.1046,0,1.1046,0.5523,0.5523,0,0.0001,0,0,0,0.0001,0,0,0.0001,0,0,0,0,0,0,0,0,0,0,0,0.2321,0.2156,0.2321,0.2156,1
0,1.0367,1.0367,0.5183,1.0367,0.5183,0.5183,1.0367,1.0367,0,0.5183,0.5183,0.5183,0.5183,2.5917,0,0.5183,0.5183,0,0.5183,0,0.0001,0.0001,0,0.0001,0,0,0.0001,0.0001,0,0,0,0,0,0.0002,0,0,0,0,0,0.205,0.2767,0.205,0.2767,1
1.8033,0,0,0,0,1.8033,0.6011,0.6011,1.2022,0,0,0,0.6011,1.2022,0.6011,0,0,1.2022,1.2022,1.2022,0.0002,0,0,0,0,0.0002,0.0001,0.0001,0.0001,0,0,0,0.0001,0.0001,0.0001,0,0,0.0001,0.0001,0.0001,0.2045,0.1944,0.2045,0.1944,1
0,0.6249,0.6249,0.6249,1.8746,1.8746,0,1.2497,0.6249,1.2497,0,0.6249,1.2497,0,0,0.6249,0,0.6249,0,0,0,0,0,0,0.0001,0.0001,0,0.0001,0,0.0001,0,0,0.0001,0,0,0,0,0,0,0,0.2094,0.1658,0.2094,0.1658,1
0.6628,0,0.6628,0,0.6628,0.6628,0.6628,0,0.6628,1.3256,0.6628,0.6628,0,0,0,0.6628,0,0.6628,0.6628,0,0.0001,0,0.0001,0,0.0001,0.0001,0.0001,0,0.0001,0.0001,0.0001,0.0001,0,0,0,0.0001,0,0.0001,0.0001,0,0.1499,0.1873,0.1499,0.1873,1
0.4783,0,0.9567,0,0.9567,1.435,0,0.4783,0.9567,0.9567,0.4783,0,0,0,1.9133,0.9567,0,0,0.4783,0,0,0,0.0001,0,0.0001,0.0001,0,0,0.0001,0.0001,0,0,0,0,0.0002,0.0001,0,0,0,0,0.2396,0.2821,0.2396,0.2821,1
1.082,0,0.541,0,0.541,0,1.082,0.541,1.082,1.623,0,0.541,0,0,0.541,0.541,1.082,0.541,1.082,0,0.0001,0,0.0001,0,0.0001,0,0.0001,0.0001,0.0001,0.0002,0,0.0001,0,0,0.0001,0.0001,0.0001,0.0001,0.0001,0,0.2007,0.2583,0.2007,0.2583,1
0.5486,0,0,0,2.1944,0.5486,0.5486,0.5486,1.0972,0.5486,0,0,1.0972,0,1.6458,0,0,0.5486,2.1944,0,0.0001,0,0,0,0.0002,0.0001,0.0001,0.0001,0.0001,0.0001,0,0,0.0001,0,0.0002,0,0,0.0001,0.0002,0,0.1884,0.263,0.1884,0.263,1
1.1091,0,0,0,0.5546,1.6637,0,0,1.6637,3.3274,0,0,0,0,0.5546,0,0.5546,0.5546,0,0,0.0001,0,0,0,0.0001,0.0002,0,0,0.0002,0.0003,0,0,0,0,0.0001,0,0.0001,0.0001,0,0,0.2253,0.2201,0.2253,0.2201,1
1.2344,0,0,0,0,1.2344,1.8517,0.6172,0.6172,3.0861,0,0,1.2344,0.6172,0,1.2344,0,3.7033,0,0,0.0001,0,0,0,0,0.0001,0.0001,0,0,0.0002,0,0,0.0001,0,0,0.0001,0,0.0003,0,0,0.1681,0.2146,0.1681,0.2146,1
1.7056,0,0,0,0,0,0,0,3.4113,0.8528,0,0,0.8528,0,0,0,0,3.4113,0,0.8528,0.0005,0,0,0,0,0,0,0,0.001,0.0003,0,0,0.0003,0,0,0,0,0.001,0,0.0003,0.053,0.0942,0.053,0.0942,1
0.6347,0.6347,1.904,0.6347,0.6347,0,0,0,0,1.2693,0.6347,0.6347,0.6347,0,0,1.904,0.6347,1.904,0,0,0,0,0.0001,0,0,0,0,0,0,0.0001,0,0,0,0,0,0.0001,0,0.0001,0,0,0.1885,0.1768,0.1885,0.1768,1
0,3.2823,0,0,0,1.0941,0,0.5471,0,1.0941,0,0,0,0,3.2823,0,0,0.5471,0,0,0,0.0002,0,0,0,0.0001,0,0,0,0.0001,0,0,0,0,0.0002,0,0,0,0,0,0.2004,0.2526,0.2004,0.2526,1
1.0335,0,0,0.5168,0,0.5168,0.5168,1.0335,0.5168,3.1006,0,1.5503,0,3.6174,1.0335,0.5168,0.5168,0.5168,0,0.5168,0.0001,0,0,0,0,0,0,0.0001,0,0.0002,0,0.0001,0,0.0003,0.0001,0,0,0,0,0,0.2421,0.2411,0.2421,0.2411,1
0,0,0.7824,0,2.3471,1.5647,0,0,0,1.5647,0,0.7824,0.7824,0,0,0,0,0.7824,0,0.7824,0,0,0.0001,0,0.0003,0.0002,0,0,0,0.0002,0,0.0001,0.0001,0,0,0,0,0.0001,0,0.0001,0.1124,0.1053,0.1124,0.1053,1
0,0,0,1.3634,0,0,0.6817,0,0.6817,0.6817,2.0451,0,2.0451,0,0,0,2.0451,0,0,1.3634,0,0,0,0.0002,0,0,0.0001,0,0.0001,0.0001,0.0003,0,0.0003,0,0,0,0.0003,0,0,0.0002,0.124,0.1943,0.124,0.1943,1
1.1003,0,0.5501,0,1.1003,1.1003,0.5501,1.1003,1.6504,0.5501,0.5501,1.6504,0,0.5501,0.5501,0.5501,0.5501,1.1003,0,0.5501,0.0001,0,0,0,0.0001,0.0001,0,0.0001,0.0001,0,0,0.0001,0,0,0,0,0,0.0001,0,0,0.2691,0.1808,0.2691,0.1808,1
0.8448,0,0,0,0,0,0,0,3.3793,1.6897,0,0,0.8448,0,0,0,0.8448,2.5345,0,0.8448,0.0002,0,0,0,0,0,0,0,0.0009,0.0004,0,0,0.0002,0,0,0,0.0002,0.0007,0,0.0002,0.0629,0.0923,0.0629,0.0923,1
0.6481,0.6481,0.6481,1.2963,0,3.2407,0,0.6481,0,2.5926,0,0.6481,0,0,0,1.2963,1.2963,0.6481,0,0,0,0,0,0.0001,0,0.0002,0,0,0,0.0002,0,0,0,0,0,0.0001,0.0001,0,0,0,0.1721,0.1797,0.1721,0.1797,1
0.5169,0.5169,1.5508,0.5169,0,1.0339,0,1.5508,0.5169,2.0678,0.5169,0,1.5508,0,1.0339,1.0339,1.5508,1.5508,0,0,0,0,0.0001,0,0,0.0001,0,0.0001,0,0.0001,0,0,0.0001,0,0.0001,0.0001,0.0001,0.0001,0,0,0.2393,0.2438,0.2393,0.2438,1
1.1007,1.1007,0,1.1007,0.5504,0.5504,0.5504,0.5504,2.2014,0,0.5504,0.5504,1.6511,1.1007,0.5504,0.5504,0.5504,0.5504,0,1.6511,0.0001,0.0001,0,0.0001,0,0,0,0,0.0001,0,0,0,0.0001,0.0001,0,0,0,0,0,0.0001,0.2147,0.235,0.2147,0.235,1
0.639,0.639,1.2781,0,0.639,0.639,0,0,0.639,1.9171,1.2781,0,1.2781,0.639,0,0,3.8342,0.639,0,0.639,0.0001,0.0001,0.0001,0,0.0001,0.0001,0,0,0.0001,0.0002,0.0001,0,0.0001,0.0001,0,0,0.0003,0.0001,0,0.0001,0.1773,0.1836,0.1773,0.1836,1
3.8065,0,0,0.7613,0,0,0,0,1.5226,3.8065,0,0,2.2839,0,1.5226,0,0,1.5226,0,0,0.0007,0,0,0.0001,0,0,0,0,0.0003,0.0007,0,0,0.0004,0,0.0003,0,0,0.0003,0,0,0.1052,0.1335,0.1052,0.1335,1
0.5281,0.5281,0.5281,0.5281,0.5281,0.5281,0.5281,1.0563,1.0563,0,0.5281,0.5281,1.0563,0.5281,1.0563,1.5844,0.5281,1.5844,0,0,0,0,0,0,0,0,0,0.0001,0.0001,0,0,0,0.0001,0,0.0001,0.0001,0,0.0001,0,0,0.2415,0.2304,0.2415,0.2304,1
0.5048,3.0286,0,0.5048,1.0095,0.5048,1.0095,1.0095,1.5143,0.5048,0,0.5048,0.5048,1.0095,1.0095,0.5048,1.5143,0,0,0.5048,0,0.0002,0,0,0.0001,0,0.0001,0.0001,0.0001,0,0,0,0,0.0001,0.0001,0,0.0001,0,0,0,0.2803,0.215,0.2803,0.215,1
0.6738,0,1.3475,0,1.3475,0,0,0,0.6738,2.0213,0.6738,0.6738,0,0,2.6951,0,0,0,0,0,0.0001,0,0.0002,0,0.0002,0,0,0,0.0001,0.0002,0.0001,0.0001,0,0,0.0003,0,0,0,0,0,0.1949,0.1314,0.1949,0.1314,1
1.7344,0.5781,0,0,1.1563,0.5781,1.1563,0,0,1.1563,0.5781,0,0.5781,0.5781,1.1563,0.5781,0.5781,0.5781,0.5781,0,0.0001,0,0,0,0.0001,0,0.0001,0,0,0.0001,0,0,0,0,0.0001,0,0,0,0,0,0.2146,0.2072,0.2146,0.2072,1
0.4519,0,0.9039,0.4519,0.9039,0,0.4519,1.3558,2.2596,0.9039,0,0.9039,0,0.4519,2.2596,0,0,1.3558,0,0,0,0,0.0001,0,0.0001,0,0,0.0001,0.0002,0.0001,0,0.0001,0,0,0.0002,0,0,0.0001,0,0,0.2594,0.2887,0.2594,0.2887,1
3.4345,0,0,0.6869,0,0.6869,0.6869,0,1.3738,2.0607,0,0,1.3738,0,0,0.6869,0,2.7476,0,0.6869,0.0004,0,0,0.0001,0,0.0001,0.0001,0,0.0002,0.0002,0,0,0.0002,0,0,0.0001,0,0.0003,0,0.0001,0.1712,0.1419,0.1712,0.1419,1
0,0.6432,0,0,1.2863,1.2863,0,0,0.6432,0,1.2863,0,1.2863,0,1.2863,0.6432,0.6432,1.9295,0,0,0,0.0001,0,0,0.0001,0.0001,0,0,0.0001,0,0.0001,0,0.0001,0,0.0001,0.0001,0.0001,0.0002,0,0,0.2114,0.1455,0.2114,0.1455,1
0.5715,0,1.143,0,1.143,0.5715,1.143,1.143,0,1.143,0.5715,1.7145,1.143,0,0.5715,0,0,0,0.5715,0,0,0,0.0001,0,0.0001,0,0.0001,0.0001,0,0.0001,0,0.0001,0.0001,0,0,0,0,0,0,0,0.2458,0.1827,0.2458,0.1827,1
1.3679,1.3679,0,0,0.684,1.3679,0,0.684,1.3679,0.684,2.0519,0,0,0,0,1.3679,0,2.7359,0,0,0.0001,0.0001,0,0,0,0.0001,0,0,0.0001,0,0.0001,0,0,0,0,0.0001,0,0.0002,0,0,0.1605,0.1556,0.1605,0.1556,1
0.758,0,0,0.758,0.758,0,0,0.758,0.758,2.2741,0,0,0,0,0,0.758,0,0.758,0.758,0.758,0.0001,0,0,0.0001,0.0001,0,0,0.0001,0.0001,0.0003,0,0,0,0,0,0.0001,0,0.0001,0.0001,0.0001,0.173,0.0689,0.173,0.0689,1
0.8565,0,0.8565,1.713,0.8565,0,0,0.4283,2.5696,0.8565,0.4283,0.8565,0.4283,0,0.8565,0.4283,0,0.8565,0.4283,0.4283,0.0001,0,0.0001,0.0002,0.0001,0,0,0,0.0002,0.0001,0,0.0001,0,0,0.0001,0,0,0.0001,0,0,0.2645,0.3072,0.2645,0.3072,1
0,0,1.8067,0,0,1.2045,0.6022,0.6022,0,1.2045,0,1.2045,1.8067,0,1.8067,1.2045,0.6022,0.6022,0,0,0,0,0.0002,0,0,0.0001,0.0001,0.0001,0,0.0001,0,0.0001,0.0002,0,0.0002,0.0001,0.0001,0.0001,0,0,0.182,0.2157,0.182,0.2157,1
1.0047,0,1.5071,0,0,1.0047,0,0.5024,1.5071,1.0047,1.0047,0.5024,0,0,0.5024,0.5024,2.0094,3.5165,0,0,0.0001,0,0.0001,0,0,0.0001,0,0,0.0001,0.0001,0.0001,0,0,0,0,0,0.0002,0.0003,0,0,0.2364,0.2613,0.2364,0.2613,1
0.7501,0,0,0,4.5005,0,0,0.7501,0.7501,2.2503,0,0,0,0,1.5002,0,0.7501,0.7501,0.7501,0,0.0002,0,0,0,0.0012,0,0,0.0002,0.0002,0.0006,0,0,0,0,0.0004,0,0.0002,0.0002,0.0002,0,0.0925,0.1574,0.0925,0.1574,1
1.235,0,0,1.8525,0,0,0,0,0,2.4699,0.6175,0,0.6175,0,0.6175,0,1.235,0.6175,1.235,0,0.0001,0,0,0.0002,0,0,0,0,0,0.0002,0.0001,0,0.0001,0,0.0001,0,0.0001,0.0001,0.0001,0,0.1931,0.1894,0.1931,0.1894,1
1.4866,0,0,0,0,1.4866,0,0,0,1.4866,0,0,0,0,1.4866,0,0,0.7433,0.7433,0,0.0003,0,0,0,0,0.0003,0,0,0,0.0003,0,0,0,0,0.0003,0,0,0.0001,0.0001,0,0.1603,0.0964,0.1603,0.0964,1
2.4721,1.2361,0,0,0,1.8541,1.2361,0,1.2361,0.618,0.618,0.618,0.618,0,0,0.618,1.8541,1.8541,0,0,0.0002,0.0001,0,0,0,0.0001,0.0001,0,0.0001,0,0,0,0,0,0,0,0.0001,0.0001,0,0,0.1705,0.2115,0.1705,0.2115,1
0,0,0,0.7695,1.5391,0,0,0.7695,0.7695,3.8477,0,0,0,0,0,0,0.7695,1.5391,0.7695,0.7695,0,0,0,0.0002,0.0003,0,0,0.0002,0.0002,0.0008,0,0,0,0,0,0,0.0002,0.0003,0.0002,0.0002,0.1543,0.0762,0.1543,0.0762,1
0,1.7643,0,0,1.7643,0,0.5881,0.5881,0,1.1762,1.1762,0.5881,0.5881,0,1.7643,0.5881,2.9406,1.1762,0.5881,0,0,0.0001,0,0,0.0001,0,0,0,0,0.0001,0.0001,0,0,0,0.0001,0,0.0002,0.0001,0,0,0.1967,0.2152,0.1967,0.2152,1
3.2045,0,0.5341,0,2.1363,2.6704,0.5341,0.5341,0.5341,0.5341,0,0,0,0.5341,0,1.0682,1.6023,1.6023,0.5341,0,0.0002,0,0,0,0.0001,0.0002,0,0,0,0,0,0,0,0,0,0.0001,0.0001,0.0001,0,0,0.2479,0.218,0.2479,0.218,1
0,0,0,0,0.5307,1.0614,0.5307,0,2.1228,1.0614,0,0.5307,0,0,2.1228,0,0,1.0614,0,0.5307,0,0,0,0,0.0001,0.0002,0.0001,0,0.0003,0.0002,0,0.0001,0,0,0.0003,0,0,0.0002,0,0.0001,0.2175,0.2518,0.2175,0.2518,1
1.0231,0.5116,0.5116,0.5116,1.0231,2.0463,0,0,0.5116,1.5347,0.5116,0.5116,0.5116,0,1.0231,1.0231,0,0,0,0,0.0001,0,0,0,0.0001,0.0001,0,0,0,0.0001,0,0,0,0,0.0001,0.0001,0,0,0,0,0.217,0.2714,0.217,0.2714,1
0.5715,0.5715,0.5715,0.5715,0,0.5715,0.5715,1.1429,0.5715,2.2858,0,1.1429,0.5715,0,0,0.5715,1.1429,2.2858,0.5715,0.5715,0,0,0,0,0,0,0,0.0001,0,0.0001,0,0.0001,0,0,0,0,0.0001,0.0001,0,0,0.2246,0.204,0.2246,0.204,1
0,0,0,0,0,2.2985,0,0,0.5746,1.1492,0,0,0.5746,0,1.7239,1.1492,0.5746,0,1.1492,0,0,0,0,0,0,0.0002,0,0,0.0001,0.0001,0,0,0.0001,0,0.0002,0.0001,0.0001,0,0.0001,0,0.1858,0.2396,0.1858,0.2396,1
0.8516,0,0,0,1.7033,0,0,0,3.4066,0.8516,0,0,0.8516,0,0,0,0,2.5549,0,0.8516,0.0002,0,0,0,0.0005,0,0,0,0.0009,0.0002,0,0,0.0002,0,0,0,0,0.0007,0,0.0002,0.0511,0.0973,0.0511,0.0973,1
0.572,0,0,0.572,1.144,0.572,0.572,2.288,0,2.288,0,0,0,1.144,6.2921,0,0,0,0,0,0.0001,0,0,0.0001,0.0001,0.0001,0.0001,0.0003,0,0.0003,0,0,0,0.0001,0.0008,0,0,0,0,0,0.2134,0.2146,0.2134,0.2146,1
0.5227,0,1.0455,0.5227,0.5227,0.5227,0,0.5227,0,0.5227,0,1.5682,0.5227,0,2.091,0,1.5682,1.5682,0,0.5227,0,0,0.0001,0,0,0,0,0,0,0,0,0.0001,0,0,0.0002,0,0.0001,0.0001,0,0,0.2677,0.2096,0.2677,0.2096,1
0.505,1.5149,1.01,0.505,1.01,0.505,0.505,0.505,1.5149,0,0,0.505,0,0,1.01,0,0.505,0.505,0.505,0,0,0.0001,0.0001,0,0.0001,0,0,0,0.0001,0,0,0,0,0,0.0001,0,0,0,0,0,0.2544,0.2406,0.2544,0.2406,1
0.6924,0,0.6924,0,0.6924,0,0,0,0,0.6924,0,0,0.6924,0,0,2.0773,0.6924,0.6924,2.0773,0,0.0001,0,0.0001,0,0.0001,0,0,0,0,0.0001,0,0,0.0001,0,0,0.0002,0.0001,0.0001,0.0002,0,0.1276,0.18,0.1276,0.18,1
0,1.8721,0,0,0,2.4962,0,0.624,0.624,1.8721,0.624,0,0,0,1.2481,0,0,0,0.624,0.624,0,0.0001,0,0,0,0.0001,0,0,0,0.0001,0,0,0,0,0.0001,0,0,0,0,0,0.1958,0.1802,0.1958,0.1802,1
2.7658,0.5532,0.5532,1.1063,0.5532,0,0.5532,0.5532,0.5532,0.5532,0,0,0,0,1.1063,0.5532,0.5532,0,0,0,0.0003,0.0001,0.0001,0.0001,0.0001,0,0.0001,0.0001,0.0001,0.0001,0,0,0,0,0.0001,0.0001,0.0001,0,0,0,0.1873,0.2595,0.1873,0.2595,1
2.1959,0,0.549,1.098,0.549,0,0.549,0,0,1.098,0.549,0,0,0,1.6469,0,1.6469,0,0,0,0.0003,0,0.0001,0.0001,0.0001,0,0.0001,0,0,0.0001,0.0001,0,0,0,0.0002,0,0.0002,0,0,0,0.1958,0.2553,0.1958,0.2553,1
0,1.2007,0,0,0.6003,2.4013,1.2007,0,0.6003,0,1.2007,0,1.2007,0,0,0,2.4013,3.0017,0,1.2007,0,0.0001,0,0,0,0.0002,0.0001,0,0,0,0.0001,0,0.0001,0,0,0,0.0002,0.0002,0,0.0001,0.1914,0.2082,0.1914,0.2082,1
1.5226,0.5075,2.0301,0.5075,0.5075,0,0,0,1.015,0,0.5075,1.015,1.015,0,1.015,1.015,0,1.5226,0,0,0.0001,0,0.0002,0,0,0,0,0,0.0001,0,0,0.0001,0.0001,0,0.0001,0.0001,0,0.0001,0,0,0.2757,0.2167,0.2757,0.2167,1
1.1613,0,1.1613,0,0,0,0,1.7419,1.1613,1.1613,1.1613,1.1613,1.1613,0.5806,0,1.1613,1.7419,0,0,0,0.0001,0,0.0001,0,0,0,0,0.0001,0.0001,0.0001,0.0001,0.0001,0.0001,0,0,0.0001,0.0001,0,0,0,0.2038,0.2155,0.2038,0.2155,1
0.8333,0,0,0,0,0.8333,0,0,3.3332,0.8333,0,0,0,0,0,0,0.8333,3.3332,0,0.8333,0.0002,0,0,0,0,0.0002,0,0,0.0008,0.0002,0,0,0,0,0,0,0.0002,0.0008,0,0.0002,0.0647,0.102,0.0647,0.102,1
0.6472,1.2944,0.6472,0,0.6472,0,0.6472,0.6472,0.6472,0,0.6472,0,0,0.6472,0.6472,0.6472,2.5887,0.6472,0,0,0.0001,0.0001,0.0001,0,0.0001,0,0.0001,0.0001,0.0001,0,0.0001,0,0,0.0001,0.0001,0.0001,0.0002,0.0001,0,0,0.1986,0.1542,0.1986,0.1542,1
0.6942,0,0,0,0,0,0,2.0827,0.6942,1.3885,0,0,0,0,0.6942,1.3885,0,0,0.6942,0.6942,0.0001,0,0,0,0,0,0,0.0003,0.0001,0.0002,0,0,0,0,0.0001,0.0002,0,0,0.0001,0.0001,0.1667,0.139,0.1667,0.139,1
1.1293,0,0.5646,1.1293,0,0.5646,0.5646,1.1293,0.5646,1.1293,0,0,1.1293,0,1.1293,1.1293,0,0,1.1293,0.5646,0.0001,0,0,0.0001,0,0,0,0.0001,0,0.0001,0,0,0.0001,0,0.0001,0.0001,0,0,0.0001,0,0.2101,0.2253,0.2101,0.2253,1
0,0,0,0,1.2834,0.6417,0.6417,1.2834,0,1.9251,0,0.6417,0,1.2834,5.7753,0,0,0,0,0,0,0,0,0,0.0002,0.0001,0.0001,0.0002,0,0.0003,0,0.0001,0,0.0002,0.0009,0,0,0,0,0,0.1851,0.1732,0.1851,0.1732,1
1.0486,1.5728,1.0486,2.0971,0,0,0,1.0486,1.0486,0,0.5243,1.0486,0,0,0.5243,0.5243,1.0486,0.5243,0,0.5243,0.0001,0.0001,0.0001,0.0001,0,0,0,0.0001,0.0001,0,0,0.0001,0,0,0,0,0.0001,0,0,0,0.2791,0.1966,0.2791,0.1966,1
0.4561,0,2.7364,0.4561,0.9121,0,1.3682,0.9121,1.3682,0,0.9121,0.4561,0,0.9121,0,0.4561,0.4561,0.4561,0,0,0,0,0.0002,0,0.0001,0,0.0001,0.0001,0.0001,0,0.0001,0,0,0.0001,0,0,0,0,0,0,0.244,0.2999,0.244,0.2999,1
0.42,0,0.84,2.52,0.42,0,0,2.1,2.52,0.42,0,0.42,0,1.26,0,0,0.42,0,0.84,0.42,0,0,0.0001,0.0002,0,0,0,0.0002,0.0002,0,0,0,0,0.0001,0,0,0,0,0.0001,0,0.2584,0.3216,0.2584,0.3216,1
0,0.5248,2.0994,1.0497,0.5248,0,0,0,0.5248,1.5745,0,0,0,0,0.5248,1.0497,0,0.5248,1.5745,0,0,0,0.0001,0.0001,0,0,0,0,0,0.0001,0,0,0,0,0,0.0001,0,0,0.0001,0,0.267,0.2081,0.267,0.2081,1
1.2823,1.2823,1.9235,0,0,1.2823,0.6412,0.6412,0,0,0.6412,0,1.2823,0,0.6412,0,1.9235,0.6412,0,0.6412,0.0001,0.0001,0.0001,0,0,0.0001,0,0,0,0,0,0,0.0001,0,0,0,0.0001,0,0,0,0.1898,0.1691,0.1898,0.1691,1
1.1918,0,1.1918,0,0,2.9796,0,0,0.5959,3.5755,0,2.9796,0,0,0,2.3837,0,1.7878,0,0,0.0001,0,0.0001,0,0,0.0002,0,0,0,0.0002,0,0.0002,0,0,0,0.0001,0,0.0001,0,0,0.178,0.226,0.178,0.226,1
1.0212,0,0.5106,0.5106,0.5106,0.5106,0,1.0212,1.0212,2.0423,0,0,0.5106,0,2.0423,0,0.5106,0,0,0,0.0001,0,0.0001,0.0001,0.0001,0.0001,0,0.0001,0.0001,0.0002,0,0,0.0001,0,0.0002,0,0.0001,0,0,0,0.2551,0.2343,0.2551,0.2343,1
0,0,0.5358,0,0,0,0.5358,0.5358,1.6075,3.7509,0,0,0,0,0.5358,0.5358,0.5358,1.0717,0,0.5358,0,0,0.0001,0,0,0,0.0001,0.0001,0.0002,0.0004,0,0,0,0,0.0001,0.0001,0.0001,0.0001,0,0.0001,0.2238,0.2403,0.2238,0.2403,1
1.498,0,0,1.498,0,0,0.4993,0.9987,0.9987,0.4993,0.4993,0.9987,0,0,0.9987,0,0.9987,0,0.4993,0.4993,0.0002,0,0,0.0002,0,0,0.0001,0.0001,0.0001,0.0001,0.0001,0.0001,0,0,0.0001,0,0.0001,0,0.0001,0.0001,0.2701,0.2305,0.2701,0.2305,1
1.4868,0.4956,0.4956,0,0,0.9912,1.4868,0.9912,0.9912,1.9824,0,0.4956,1.4868,0,0.9912,0,0.9912,0.9912,0,0,0.0001,0,0,0,0,0.0001,0.0001,0.0001,0.0001,0.0002,0,0,0.0001,0,0.0001,0,0.0001,0.0001,0,0,0.2294,0.2751,0.2294,0.2751,1
1.6143,0,0,0,0,1.6143,0,3.2286,0,1.6143,1.6143,0,0,1.6143,0,0,0.8071,0.8071,3.2286,0,0.0002,0,0,0,0,0.0002,0,0.0004,0,0.0002,0.0002,0,0,0.0002,0,0,0.0001,0.0001,0.0004,0,0.1073,0.0856,0.1073,0.0856,1
0,0,0.4473,3.1308,0,0,0,1.3418,2.6835,0.4473,0.4473,0,0,0.4473,0,0.4473,0.4473,0,0.8945,0.4473,0,0,0,0.0003,0,0,0,0.0001,0.0003,0,0,0,0,0,0,0,0,0,0.0001,0,0.2529,0.2998,0.2529,0.2998,1
0,0,1.0518,1.0518,0.5259,1.0518,0,1.0518,1.0518,2.1035,0.5259,1.5776,1.0518,0,0.5259,0,0,0,0,0.5259,0,0,0.0001,0.0001,0,0.0001,0,0.0001,0.0001,0.0002,0,0.0001,0.0001,0,0,0,0,0,0,0,0.199,0.2751,0.199,0.2751,1
0,0,0,0,1.3965,0,0,0,0,2.0947,0,0,0.6982,0,1.3965,1.3965,1.3965,0,3.4911,0,0,0,0,0,0.0002,0,0,0,0,0.0003,0,0,0.0001,0,0.0002,0.0002,0.0002,0,0.0004,0,0.1207,0.1811,0.1207,0.1811,1
2.388,0.796,0.796,0,0,1.592,0,1.592,0,1.592,0.796,0,0,0,0,1.592,1.592,0.796,0.796,0,0.0002,0.0001,0.0001,0,0,0.0001,0,0.0001,0,0.0001,0.0001,0,0,0,0,0.0001,0.0001,0.0001,0.0001,0,0.116,0.088,0.116,0.088,1
0.5626,1.1253,1.1253,0.5626,1.1253,1.6879,0,1.1253,0.5626,0.5626,1.1253,1.6879,1.6879,0,0,1.1253,0.5626,0.5626,0,1.1253,0,0.0001,0.0001,0,0.0001,0.0001,0,0.0001,0,0,0.0001,0.0001,0.0001,0,0,0.0001,0,0,0,0.0001,0.2277,0.2096,0.2277,0.2096,1
0.7008,0.7008,0,0.7008,0,0.7008,0,0,0.7008,0.7008,0,0,0.7008,0,0,0,1.4016,0.7008,1.4016,0,0.0001,0.0001,0,0.0001,0,0.0001,0,0,0.0001,0.0001,0,0,0.0001,0,0,0,0.0001,0.0001,0.0001,0,0.1634,0.1359,0.1634,0.1359,1
0,0,0,1.5417,0,0,0,0,2.3126,0,0,0.7709,1.5417,0,5.3961,0,0,0.7709,0,0.7709,0,0,0,0.0004,0,0,0,0,0.0006,0,0,0.0002,0.0004,0,0.0015,0,0,0.0002,0,0.0002,0.1376,0.0916,0.1376,0.0916,1
0,0,0,0,0.5833,0,1.1666,0,2.3333,0.5833,1.1666,0,0.5833,0,1.7499,0,0,4.0832,0,0,0,0,0,0,0.0001,0,0.0002,0,0.0005,0.0001,0.0002,0,0.0001,0,0.0003,0,0,0.0008,0,0,0.2466,0.1701,0.2466,0.1701,1
3.3068,0,1.3227,0,0,0.6614,0,0,0.6614,1.3227,0,0.6614,0.6614,0,1.3227,0,0,1.9841,1.3227,0,0.0003,0,0.0001,0,0,0.0001,0,0,0.0001,0.0001,0,0.0001,0.0001,0,0.0001,0,0,0.0002,0.0001,0,0.1633,0.1753,0.1633,0.1753,1
0.8896,0.8896,0.4448,1.3344,0.8896,0,0.8896,0.4448,0.8896,0.4448,0.4448,0.4448,1.3344,0,0.8896,0.8896,0.8896,0.4448,0.4448,0.4448,0.0001,0.0001,0,0.0001,0.0001,0,0.0001,0,0.0001,0,0,0,0.0001,0,0.0001,0.0001,0.0001,0,0,0,0.2714,0.2838,0.2714,0.2838,1
0.5232,0,0,0,2.093,0.5232,0.5232,0,2.093,0,1.0465,0,0,0,2.093,0.5232,0,0,0,0,0.0001,0,0,0,0.0003,0.0001,0.0001,0,0.0003,0,0.0001,0,0,0,0.0003,0.0001,0,0,0,0,0.2706,0.2061,0.2706,0.2061,1
1.9251,1.9251,0.6417,0.6417,0,1.2834,0.6417,0,0,2.5667,0.6417,0,0.6417,0,0.6417,0,0,0.6417,0,0.6417,0.0001,0.0001,0,0,0,0.0001,0,0,0,0.0001,0,0,0,0,0,0,0,0,0,0,0.2292,0.1291,0.2292,0.1291,1
0,0.6411,0,0.6411,0,1.9233,0.6411,2.5644,0,0.6411,1.9233,0,0.6411,0,1.9233,0.6411,0.6411,3.2055,0,1.2822,0,0,0,0,0,0.0001,0,0.0002,0,0,0.0001,0,0,0,0.0001,0,0,0.0002,0,0.0001,0.1518,0.2071,0.1518,0.2071,1
0.7035,0,0.7035,0.7035,0,0,0,0.7035,0.7035,1.4071,0,0.7035,0,0,0,0,0,0,2.1106,0,0.0001,0,0.0001,0.0001,0,0,0,0.0001,0.0001,0.0001,0,0.0001,0,0,0,0,0,0,0.0002,0,0.18,0.1165,0.18,0.1165,1
0,0,0,0,1.1854,0,0.5927,0.5927,4.1488,1.1854,0.5927,0.5927,0,2.3707,2.3707,0.5927,0,0,0,0.5927,0,0,0,0,0.0001,0,0.0001,0.0001,0.0005,0.0001,0.0001,0.0001,0,0.0003,0.0003,0.0001,0,0,0,0.0001,0.1717,0.2356,0.1717,0.2356,1
0,0,0.8516,2.129,0,0,0.4258,0.4258,2.5547,0,0.4258,0.8516,0,1.2774,0,0.4258,0,0,0.8516,2.5547,0,0,0.0001,0.0002,0,0,0,0,0.0002,0,0,0.0001,0,0.0001,0,0,0,0,0.0001,0.0002,0.2923,0.2819,0.2923,0.2819,1
1.2441,0,0,0.6221,0,1.2441,1.2441,0.6221,1.2441,2.4882,0,0,1.2441,0,0,1.2441,0,3.7324,0,0,0.0001,0,0,0,0,0.0001,0.0001,0,0.0001,0.0002,0,0,0.0001,0,0,0.0001,0,0.0003,0,0,0.1522,0.2257,0.1522,0.2257,1
0,0.6224,1.8673,0.6224,1.2448,0,0,1.2448,0,1.8673,0,0.6224,0.6224,0,0,1.8673,0.6224,0.6224,0,0,0,0,0.0001,0,0.0001,0,0,0.0001,0,0.0001,0,0,0,0,0,0.0001,0,0,0,0,0.2014,0.1761,0.2014,0.1761,1
0,0,0,0,0,3.2392,1.9435,0,0,0.6478,0,0,0,0,0,0.6478,0,0.6478,0,1.2957,0,0,0,0,0,0.0004,0.0002,0,0,0.0001,0,0,0,0,0,0.0001,0,0.0001,0,0.0002,0.1949,0.1572,0.1949,0.1572,1
0.4456,0,0.4456,2.6734,0,0,0,0.8911,2.2279,0.8911,0.4456,0.4456,0,0,0.4456,0,0.8911,0,0.8911,0.4456,0,0,0,0.0002,0,0,0,0.0001,0.0002,0.0001,0,0,0,0,0,0,0.0001,0,0.0001,0,0.2388,0.3156,0.2388,0.3156,1
2.5751,2.0601,0,0,0,2.0601,0,0.515,0.515,1.545,1.545,0.515,1.03,0,1.545,0,0,0.515,1.03,0,0.0001,0.0001,0,0,0,0.0001,0,0,0,0.0001,0.0001,0,0,0,0.0001,0,0,0,0,0,0.2107,0.2743,0.2107,0.2743,1
1.1103,2.2205,0,1.1103,0,0.5551,0,1.1103,0.5551,0,0.5551,1.1103,1.6654,0,0.5551,2.2205,1.6654,1.1103,0,1.1103,0.0001,0.0001,0,0.0001,0,0,0,0.0001,0,0,0,0.0001,0.0001,0,0,0.0001,0.0001,0.0001,0,0.0001,0.2234,0.2214,0.2234,0.2214,1
2.8433,2.1325,0,0,0.7108,2.8433,0.7108,0.7108,0,2.8433,0,0,0.7108,0,0,1.4217,0.7108,2.1325,0,0,0.0001,0.0001,0,0,0,0.0001,0,0,0,0.0001,0,0,0,0,0,0.0001,0,0.0001,0,0,0.1496,0.1395,0.1496,0.1395,1
0,0,0,0,1.1775,0.5887,0.5887,1.1775,2.3549,1.1775,0,0,0.5887,0,0,1.1775,0,1.1775,0,0.5887,0,0,0,0,0.0001,0.0001,0.0001,0.0001,0.0002,0.0001,0,0,0.0001,0,0,0.0001,0,0.0001,0,0.0001,0.1929,0.2184,0.1929,0.2184,1
4.0884,1.6354,0,0,0,0,0,0,2.453,2.453,0,0,2.453,0,0.8177,0,2.453,0,0,0,0.0003,0.0001,0,0,0,0,0,0,0.0002,0.0002,0,0,0.0002,0,0.0001,0,0.0002,0,0,0,0.087,0.0953,0.087,0.0953,1
0.9782,0,0.4891,0,0.4891,0.9782,0,0.4891,0.9782,1.4673,0.9782,0,0,0,3.9128,0.4891,0.4891,0.4891,0.4891,0.4891,0.0001,0,0,0,0,0.0001,0,0,0.0001,0.0001,0.0001,0,0,0,0.0003,0,0,0,0,0,0.233,0.2779,0.233,0.2779,1
0.5205,0.5205,1.041,0,0.5205,1.5614,0.5205,0,0.5205,0.5205,1.5614,0.5205,0.5205,0.5205,2.6024,0.5205,1.041,0,0.5205,1.041,0,0,0.0001,0,0,0.0001,0,0,0,0,0.0001,0,0,0,0.0002,0,0.0001,0,0,0.0001,0.1846,0.2949,0.1846,0.2949,1
1.2951,1.2951,1.9426,0,1.9426,0,0,1.2951,0,0.6475,0.6475,1.2951,1.9426,0,0,0,1.2951,0,0,0,0.0001,0.0001,0.0001,0,0.0001,0,0,0.0001,0,0,0,0.0001,0.0001,0,0,0,0.0001,0,0,0,0.2007,0.1517,0.2007,0.1517,1
1.0466,0,0.5233,0,0,2.0931,0,1.5698,1.0466,2.0931,0,0,0,0,1.0466,0.5233,0,2.0931,0,1.0466,0.0001,0,0,0,0,0.0002,0,0.0001,0.0001,0.0002,0,0,0,0,0.0001,0,0,0.0002,0,0.0001,0.2266,0.2501,0.2266,0.2501,1
0.8884,0,0,0.8884,0.4442,0,0.4442,0.4442,3.1093,0.4442,1.3326,0,0.4442,0,0.8884,0,1.3326,1.7767,0,0,0.0001,0,0,0.0001,0.0001,0,0.0001,0.0001,0.0004,0.0001,0.0002,0,0.0001,0,0.0001,0,0.0002,0.0002,0,0,0.257,0.2988,0.257,0.2988,1
1.8341,1.2228,0,0,0.6114,1.2228,0,0.6114,1.2228,1.8341,1.8341,1.2228,0.6114,0,0,2.4455,1.8341,1.2228,0,0.6114,0.0001,0.0001,0,0,0,0.0001,0,0,0.0001,0.0001,0.0001,0.0001,0,0,0,0.0001,0.0001,0.0001,0,0,0.1939,0.1947,0.1939,0.1947,1
0.6034,3.0172,1.2069,0.6034,0.6034,1.8103,0,2.4138,0.6034,0.6034,0.6034,1.2069,0.6034,0.6034,0,2.4138,1.2069,0,0,0,0,0.0001,0.0001,0,0,0.0001,0,0.0001,0,0,0,0.0001,0,0,0,0.0001,0.0001,0,0,0,0.184,0.2126,0.184,0.2126,1
0,0,0.6179,0,0.6179,0,0,1.2359,0.6179,1.2359,0,0.6179,0,0,2.4717,0,0,0,0,0,0,0,0.0001,0,0.0001,0,0,0.0002,0.0001,0.0002,0,0.0001,0,0,0.0003,0,0,0,0,0,0.1709,0.2112,0.1709,0.2112,1
1.1632,0.5816,0,1.1632,0,0,1.1632,0.5816,0.5816,0,2.3265,0,1.7449,0,1.1632,0,2.3265,1.7449,0,0,0.0001,0.0001,0,0.0001,0,0,0.0001,0.0001,0.0001,0,0.0002,0,0.0002,0,0.0001,0,0.0002,0.0002,0,0,0.2274,0.1909,0.2274,0.1909,1
0.7377,0,0.7377,0,0.7377,0,0,0,0.7377,2.2131,0.7377,0.7377,1.4754,0.7377,0,0,1.4754,1.4754,0,0,0.0001,0,0.0001,0,0.0001,0,0,0,0.0001,0.0003,0.0001,0.0001,0.0002,0.0001,0,0,0.0002,0.0002,0,0,0.1495,0.1127,0.1495,0.1127,1
1.1072,0,1.1072,0,0.5536,0.5536,0.5536,0,2.2144,0,0.5536,0.5536,0,0,0.5536,1.1072,1.1072,1.1072,0,0,0.0001,0,0.0001,0,0.0001,0.0001,0.0001,0,0.0003,0,0.0001,0.0001,0,0,0.0001,0.0001,0.0001,0.0001,0,0,0.2306,0.2158,0.2306,0.2158,1
0,0,0.7746,0,0.7746,0,0,0,0.7746,2.3239,0.7746,0.7746,0.7746,0,0,0,1.5493,0.7746,0,0,0,0,0.0001,0,0.0001,0,0,0,0.0001,0.0004,0.0001,0.0001,0.0001,0,0,0,0.0003,0.0001,0,0,0.1376,0.0878,0.1376,0.0878,1
3.2415,0,0.8104,0,0,0,0,0,0,1.6207,0,0.8104,0,0.8104,0,0.8104,0.8104,3.2415,0,0,0.0004,0,0.0001,0,0,0,0,0,0,0.0002,0,0.0001,0,0.0001,0,0.0001,0.0001,0.0004,0,0,0.1121,0.0776,0.1121,0.0776,1
0.6199,0.6199,0,0.6199,0,1.2397,0.6199,0.6199,2.4794,1.8596,0.6199,0,0,0.6199,0.6199,0,0,0,0,0,0.0001,0.0001,0,0.0001,0,0.0001,0.0001,0.0001,0.0003,0.0002,0.0001,0,0,0.0001,0.0001,0,0,0,0,0,0.1607,0.2194,0.1607,0.2194,1
0.5133,0,1.0266,0.5133,1.0266,0,0,0,1.0266,1.0266,0,0,1.5399,0,1.0266,0.5133,0.5133,2.5665,0,0,0.0001,0,0.0001,0.0001,0.0001,0,0,0,0.0001,0.0001,0,0,0.0002,0,0.0001,0.0001,0.0001,0.0003,0,0,0.236,0.2507,0.236,0.2507,1
2.0071,0,2.0071,0,0,1.3381,0,0,0,4.6832,0,0,0.669,0,0,0.669,0,0.669,0,0,0.0001,0,0.0001,0,0,0.0001,0,0,0,0.0003,0,0,0,0,0,0,0,0,0,0,0.1367,0.1943,0.1367,0.1943,1
0.5579,0.5579,0.5579,0.5579,0,0.5579,0.5579,0,0,0,1.1158,1.1158,1.1158,0.5579,7.2529,0,1.1158,0,0,0,0.0001,0.0001,0.0001,0.0001,0,0.0001,0.0001,0,0,0,0.0001,0.0001,0.0001,0.0001,0.0008,0,0.0001,0,0,0,0.2367,0.2054,0.2367,0.2054,1
0.6505,1.9515,0,0.6505,1.301,1.301,0,0.6505,0.6505,0.6505,1.301,1.301,0,0.6505,0,1.301,1.301,1.301,0,1.301,0,0.0001,0,0,0.0001,0.0001,0,0,0,0,0.0001,0.0001,0,0,0,0.0001,0.0001,0.0001,0,0.0001,0.1787,0.1708,0.1787,0.1708,1
0.8388,0,0.4194,3.3551,0,0,0,0.4194,2.9357,0.4194,0.8388,1.6776,0,0.8388,0,0,0.4194,0,0.4194,0,0.0001,0,0,0.0003,0,0,0,0,0.0003,0,0.0001,0.0002,0,0.0001,0,0,0,0,0,0,0.2635,0.3171,0.2635,0.3171,1
0,0,0.594,0,0,2.9699,0,1.188,1.188,4.1579,0,0,0.594,0,0,0.594,0.594,0.594,0,1.188,0,0,0,0,0,0.0002,0,0.0001,0.0001,0.0003,0,0,0,0,0,0,0,0,0,0.0001,0.1568,0.2492,0.1568,0.2492,1
1.6608,0,0,0,0,0,0,0,3.3216,1.6608,0,0.8304,0,0,0,0,0,2.4912,0,0.8304,0.0003,0,0,0,0,0,0,0,0.0006,0.0003,0,0.0001,0,0,0,0,0,0.0004,0,0.0001,0.0642,0.1054,0.0642,0.1054,1
0,0,0.547,0.547,1.094,0.547,0,1.641,0.547,2.188,0,0.547,0,1.094,6.0169,0,0,0,0,0,0,0,0.0001,0.0001,0.0001,0.0001,0,0.0002,0.0001,0.0002,0,0.0001,0,0.0001,0.0006,0,0,0,0,0,0.2149,0.2381,0.2149,0.2381,1
0.428,0,0.856,0.428,0.428,2.14,0,0.856,1.712,1.712,0.428,0.428,0,0,0.856,0.428,0.428,1.284,0.428,0,0,0,0.0001,0,0,0.0001,0,0.0001,0.0001,0.0001,0,0,0,0,0.0001,0,0,0.0001,0,0,0.2788,0.2932,0.2788,0.2932,1
2.4298,0,0,0,1.6199,1.6199,0,0.8099,0,4.0497,0,0.8099,0,0.8099,0,0,0,0,0,0,0.0002,0,0,0,0.0002,0.0002,0,0.0001,0,0.0004,0,0.0001,0,0.0001,0,0,0,0,0,0,0.1021,0.0879,0.1021,0.0879,1
0.5745,4.0212,0,0.5745,0,1.7234,0,1.7234,1.1489,0,0,0.5745,1.1489,0,0.5745,2.2978,0.5745,1.1489,0,1.1489,0,0.0001,0,0,0,0.0001,0,0.0001,0,0,0,0,0,0,0,0.0001,0,0,0,0,0.2282,0.1973,0.2282,0.1973,1
0.6458,0,0,0,0.6458,1.2916,0,1.9374,1.2916,1.2916,0,0.6458,0,0,0,0,0,0,0.6458,0,0.0001,0,0,0,0.0001,0.0001,0,0.0002,0.0001,0.0001,0,0.0001,0,0,0,0,0,0,0.0001,0,0.1685,0.1857,0.1685,0.1857,1
1.6647,0,1.1098,1.1098,0.5549,0,0.5549,0.5549,0,1.1098,0,0,0,0,1.1098,0.5549,1.1098,0.5549,0,0,0.0002,0,0.0001,0.0001,0.0001,0,0.0001,0.0001,0,0.0001,0,0,0,0,0.0001,0.0001,0.0001,0.0001,0,0,0.2363,0.2088,0.2363,0.2088,1
1.3263,0,1.3263,2.2104,1.3263,0.8842,0.4421,0.8842,0.4421,2.6525,0,0.8842,0,0,0.4421,0.4421,0,0,0,0,0.0001,0,0.0001,0.0001,0.0001,0.0001,0,0.0001,0,0.0002,0,0.0001,0,0,0,0,0,0,0,0,0.3353,0.2226,0.3353,0.2226,1
3.4506,1.3803,0,1.3803,0,2.0704,0,0,0,3.4506,0,1.3803,0.6901,0.6901,0,1.3803,0.6901,0,0,0,0.0002,0.0001,0,0.0001,0,0.0001,0,0,0,0.0002,0,0.0001,0,0,0,0.0001,0,0,0,0,0.1506,0.1593,0.1506,0.1593,1
0.6008,0,0,0.6008,0.6008,0,0,0.6008,0.6008,1.8025,0,0,0.6008,0,1.2016,1.8025,0,0,0,0.6008,0.0001,0,0,0.0001,0.0001,0,0,0.0001,0.0001,0.0002,0,0,0.0001,0,0.0001,0.0002,0,0,0,0.0001,0.1949,0.2042,0.1949,0.2042,1
0.4764,0,0.9527,0,0.9527,1.4291,0.4764,0,0.9527,0,0.9527,0.4764,0.9527,0,1.9054,0,0.4764,0,1.9054,0.4764,0,0,0.0001,0,0.0001,0.0001,0,0,0.0001,0,0.0001,0,0.0001,0,0.0002,0,0,0,0.0002,0,0.3038,0.2199,0.3038,0.2199,1
1.2368,0,1.2368,0.6184,0,0.6184,0,0,0,0.6184,0.6184,0.6184,0,0.6184,1.2368,0,0.6184,0.6184,0,1.2368,0.0001,0,0.0001,0.0001,0,0.0001,0,0,0,0.0001,0.0001,0.0001,0,0.0001,0.0001,0,0.0001,0.0001,0,0.0001,0.2196,0.162,0.2196,0.162,1
1.1743,0,0.5872,0.5872,0.5872,0.5872,0,0,0.5872,1.7615,0,0,0,0,1.1743,0,0.5872,0.5872,0,0.5872,0.0001,0,0.0001,0.0001,0.0001,0.0001,0,0,0.0001,0.0002,0,0,0,0,0.0001,0,0.0001,0.0001,0,0.0001,0.2104,0.2024,0.2104,0.2024,1
1.3076,0.6538,0.6538,0.6538,0,2.6151,0,0.6538,0.6538,1.9613,0,0.6538,0.6538,0,0,0.6538,0,1.9613,0,0,0.0001,0,0,0,0,0.0002,0,0,0,0.0001,0,0,0,0,0,0,0,0.0001,0,0,0.1634,0.1828,0.1634,0.1828,1
0,0,0.5509,0,1.6527,0.5509,1.1018,1.1018,1.6527,1.6527,0,0,0,0.5509,0,0,0.5509,0,0,0.5509,0,0,0.0001,0,0.0002,0.0001,0.0001,0.0001,0.0002,0.0002,0,0,0,0.0001,0,0,0.0001,0,0,0.0001,0.1977,0.2514,0.1977,0.2514,1
0.6428,0.6428,0,0.6428,0.6428,0,1.9284,0.6428,0.6428,0.6428,0,0,1.2856,0,2.5712,0,1.2856,0.6428,0,0,0.0001,0.0001,0,0.0001,0.0001,0,0.0003,0.0001,0.0001,0.0001,0,0,0.0002,0,0.0003,0,0.0002,0.0001,0,0,0.2092,0.1481,0.2092,0.1481,1
2.1557,0,0,0,0.7186,0.7186,0,0,0.7186,1.4372,0,0,0,0,0.7186,0,0.7186,0,0.7186,0.7186,0.0003,0,0,0,0.0001,0.0001,0,0,0.0001,0.0002,0,0,0,0,0.0001,0,0.0001,0,0.0001,0.0001,0.1392,0.1422,0.1392,0.1422,1
0.5771,0,0,0.5771,0.5771,1.7312,1.1542,1.1542,1.1542,2.3083,0.5771,0,1.1542,0,0,0.5771,0,2.8854,0,0,0,0,0,0,0,0.0001,0.0001,0.0001,0.0001,0.0002,0,0,0.0001,0,0,0,0,0.0002,0,0,0.1738,0.2491,0.1738,0.2491,1
3.2401,0,1.9441,0,0,1.296,0,0,0,0.648,0,0,1.296,0,0.648,0,0,0.648,0.648,0,0.0003,0,0.0002,0,0,0.0001,0,0,0,0.0001,0,0,0.0001,0,0.0001,0,0,0.0001,0.0001,0,0.2387,0.1133,0.2387,0.1133,1
0.6595,0.6595,0,1.3189,0,3.2973,0,0.6595,0,2.6378,0,1.3189,0.6595,0,0,0.6595,0.6595,3.2973,0,0,0,0,0,0.0001,0,0.0002,0,0,0,0.0002,0,0.0001,0,0,0,0,0,0.0002,0,0,0.1688,0.1718,0.1688,0.1718,1
0.6558,0,0.6558,0,0.6558,1.3117,0,0,0.6558,1.9675,0,0,0,0,0.6558,0,0.6558,0,0,0,0.0001,0,0.0001,0,0.0001,0.0002,0,0,0.0001,0.0002,0,0,0,0,0.0001,0,0.0001,0,0,0,0.1866,0.1575,0.1866,0.1575,1
2.6938,0,0.6734,0,0,0,0,0,1.3469,0.6734,0.6734,0,0,0,0.6734,0.6734,0,0,0.6734,0,0.0004,0,0.0001,0,0,0,0,0,0.0002,0.0001,0.0001,0,0,0,0.0001,0.0001,0,0,0.0001,0,0.145,0.1816,0.145,0.1816,1
0.5578,0,0,0.5578,1.1156,0.5578,0.5578,1.1156,0.5578,2.2313,0,0.5578,0,0.5578,6.136,0,0,0.5578,0,0,0.0001,0,0,0.0001,0.0001,0.0001,0.0001,0.0001,0.0001,0.0003,0,0.0001,0,0.0001,0.0007,0,0,0.0001,0,0,0.244,0.1982,0.244,0.1982,1
0,0,0,0.3908,1.1724,0,0,0,2.7355,2.3447,0,0,0.3908,0,3.1263,0,0.3908,0.3908,0,0.3908,0,0,0,0.0001,0.0002,0,0,0,0.0004,0.0003,0,0,0.0001,0,0.0004,0,0.0001,0.0001,0,0.0001,0.2492,0.36,0.2492,0.36,1
1.1872,0.5936,0.5936,0.5936,0,0.5936,1.7808,0.5936,0,2.9679,0.5936,0,1.1872,0,0,1.1872,1.1872,2.3743,0,0,0.0001,0,0,0,0,0,0.0001,0,0,0.0002,0,0,0.0001,0,0,0.0001,0.0001,0.0001,0,0,0.185,0.2215,0.185,0.2215,1
1.1291,0,0,0.5645,0.5645,1.6936,0,0,1.1291,0.5645,0,0.5645,0,0,1.1291,0.5645,0,0,1.1291,0.5645,0.0001,0,0,0.0001,0.0001,0.0002,0,0,0.0001,0.0001,0,0.0001,0,0,0.0001,0.0001,0,0,0.0001,0.0001,0.2339,0.2016,0.2339,0.2016,1
4.444,0,0.5555,0,0,0.5555,0,2.7775,1.111,0,0.5555,0.5555,0.5555,0.5555,0.5555,2.222,0,0.5555,0,0,0.0003,0,0,0,0,0,0,0.0002,0.0001,0,0,0,0,0,0,0.0002,0,0,0,0,0.2348,0.2097,0.2348,0.2097,1
0,2.4194,0,0,1.613,2.4194,0,0,0,0,2.4194,0.8065,0.8065,0,0,1.613,1.613,0.8065,0,0,0,0.0001,0,0,0.0001,0.0001,0,0,0,0,0.0001,0,0,0,0,0.0001,0.0001,0,0,0,0.0906,0.1029,0.0906,0.1029,1
0,0.5989,0,0,0,0.5989,0,0,0.5989,0,1.1978,1.7968,0,0,2.3957,0.5989,0,0,0,1.1978,0,0.0001,0,0,0,0.0001,0,0,0.0001,0,0.0001,0.0002,0,0,0.0002,0.0001,0,0,0,0.0001,0.2345,0.1665,0.2345,0.1665,1
2.007,1.338,0,1.338,0,2.007,0,0,0,3.345,0,0,0.669,0,0,1.338,0.669,0.669,0.669,0,0.0001,0.0001,0,0.0001,0,0.0001,0,0,0,0.0002,0,0,0,0,0,0.0001,0,0,0,0,0.1554,0.1756,0.1554,0.1756,1
1.2691,0,1.2691,1.2691,0,0,0,0,1.2691,2.5382,0,0,0,0,1.9036,0,0,0,0,0,0.0001,0,0.0001,0.0001,0,0,0,0,0.0001,0.0003,0,0,0,0,0.0002,0,0,0,0,0,0.1854,0.1801,0.1854,0.1801,1
0.55,1.0999,0,0.55,1.0999,0,1.0999,1.0999,0,1.0999,0.55,0.55,0,0.55,1.0999,0,0.55,1.0999,1.6499,0,0,0.0001,0,0,0.0001,0,0.0001,0.0001,0,0.0001,0,0,0,0,0.0001,0,0,0.0001,0.0001,0,0.2442,0.2059,0.2442,0.2059,1
2.2162,0,0,0,0,0,0,0.7387,3.6937,0,0,0,0,0,0,0.7387,0.7387,2.2162,0,0.7387,0.0004,0,0,0,0,0,0,0.0001,0.0006,0,0,0,0,0,0,0.0001,0.0001,0.0004,0,0.0001,0.1139,0.1474,0.1139,0.1474,1
0.4698,0,1.4094,0.4698,0.9396,0,0.9396,0,0.9396,1.4094,0.4698,0,0.4698,0,1.4094,0.4698,0.4698,1.4094,0,0.4698,0,0,0.0001,0,0.0001,0,0.0001,0,0.0001,0.0001,0,0,0,0,0.0001,0,0,0.0001,0,0,0.2829,0.2473,0.2829,0.2473,1
1.4422,0.7211,0,0.7211,0.7211,0.7211,0.7211,0.7211,0,0,0,0,0,0.7211,0,0,0,0,1.4422,0,0.0001,0.0001,0,0.0001,0.0001,0.0001,0.0001,0.0001,0,0,0,0,0,0.0001,0,0,0,0,0.0001,0,0.1359,0.143,0.1359,0.143,1
1.565,0,0,0.7825,0,0,0,0,3.13,1.565,0,0,0,0,0,0,0.7825,1.565,0,0,0.0004,0,0,0.0002,0,0,0,0,0.0007,0.0004,0,0,0,0,0,0,0.0002,0.0004,0,0,0.0856,0.1319,0.0856,0.1319,1
0,0,0,0,0,0.5296,0,0.5296,4.2371,0.5296,1.0593,0.5296,1.5889,0.5296,3.1778,0,1.0593,0.5296,0,0.5296,0,0,0,0,0,0.0001,0,0.0001,0.0006,0.0001,0.0002,0.0001,0.0002,0.0001,0.0005,0,0.0002,0.0001,0,0.0001,0.2173,0.2531,0.2173,0.2531,1
1.125,0.5625,0,1.125,0,0.5625,1.125,0.5625,0.5625,0.5625,0,0.5625,0,0,2.8124,0.5625,1.125,1.6874,0,0,0.0001,0,0,0.0001,0,0,0.0001,0,0,0,0,0,0,0,0.0002,0,0.0001,0.0001,0,0,0.2074,0.2301,0.2074,0.2301,1
0.5089,1.0179,1.0179,0,0.5089,0,0,0.5089,2.0358,2.0358,0,0,0,0,0,0.5089,0,0,2.0358,0,0,0.0001,0.0001,0,0,0,0,0,0.0001,0.0001,0,0,0,0,0,0,0,0,0.0001,0,0.2597,0.2314,0.2597,0.2314,1
2.0417,0,0.6806,0,0.6806,1.3612,0.6806,0,0,0,0,0.6806,0.6806,0.6806,0.6806,0,1.3612,0.6806,0,0.6806,0.0003,0,0.0001,0,0.0001,0.0002,0.0001,0,0,0,0,0.0001,0.0001,0.0001,0.0001,0,0.0002,0.0001,0,0.0001,0.1418,0.1776,0.1418,0.1776,1
1.5742,1.0495,0.5247,1.5742,0.5247,0.5247,0.5247,1.5742,0,0.5247,1.0495,0,0,0.5247,0,1.0495,3.1484,0,0.5247,1.0495,0.0001,0.0001,0,0.0001,0,0,0,0.0001,0,0,0.0001,0,0,0,0,0.0001,0.0002,0,0,0.0001,0.2369,0.2383,0.2369,0.2383,1
1.4253,0,0,0,0.7126,2.1379,0,0.7126,1.4253,2.1379,0,0,0.7126,0,0,0.7126,0.7126,1.4253,0,0.7126,0.0001,0,0,0,0.0001,0.0002,0,0.0001,0.0001,0.0002,0,0,0.0001,0,0,0.0001,0.0001,0.0001,0,0.0001,0.1089,0.1784,0.1089,0.1784,1
5.438,0,0,0,0,0,0.7769,0.7769,0,0,0,1.5537,0,0.7769,0.7769,0.7769,1.5537,0.7769,0,0,0.0008,0,0,0,0,0,0.0001,0.0001,0,0,0,0.0002,0,0.0001,0.0001,0.0001,0.0002,0.0001,0,0,0.1193,0.1039,0.1193,0.1039,1
0.5917,3.5504,0,0.5917,0.5917,1.7752,0,1.1835,1.1835,0.5917,0,0.5917,1.1835,0,0.5917,1.7752,1.1835,1.7752,0,0.5917,0,0.0001,0,0,0,0.0001,0,0,0,0,0,0,0,0,0,0.0001,0,0.0001,0,0,0.2293,0.179,0.2293,0.179,1
0.6684,0,0.6684,0.6684,0.6684,2.6738,0,0.6684,0,0.6684,0.6684,0,0.6684,0,0,2.0053,1.3369,1.3369,0,0.6684,0.0001,0,0.0001,0.0001,0.0001,0.0002,0,0.0001,0,0.0001,0.0001,0,0.0001,0,0,0.0002,0.0001,0.0001,0,0.0001,0.1567,0.1749,0.1567,0.1749,1
0.5731,1.7194,0,0,0,1.1463,0,1.1463,0.5731,1.1463,1.7194,0.5731,0.5731,0,1.1463,1.7194,3.4388,0.5731,0,1.1463,0,0.0001,0,0,0,0.0001,0,0.0001,0,0.0001,0.0001,0,0,0,0.0001,0.0001,0.0002,0,0,0.0001,0.2327,0.1942,0.2327,0.1942,1
1.9227,0,0,0,1.2818,1.9227,0.6409,0.6409,0,2.5635,1.2818,0.6409,0.6409,0,0.6409,0.6409,0.6409,0,1.2818,0,0.0002,0,0,0,0.0001,0.0002,0.0001,0.0001,0,0.0002,0.0001,0.0001,0.0001,0,0.0001,0.0001,0.0001,0,0.0001,0,0.1905,0.1686,0.1905,0.1686,1
0.8488,0,0.4244,3.3953,0,0,0,0.8488,2.5465,0.4244,0.8488,0.4244,0,0,0,0,0.8488,0,0.8488,0.4244,0.0001,0,0,0.0003,0,0,0,0.0001,0.0002,0,0.0001,0,0,0,0,0,0.0001,0,0.0001,0,0.2534,0.3222,0.2534,0.3222,1
0,0,0.5132,0,0.5132,0.5132,0,0,0.5132,2.5659,0.5132,0,0,0,2.0527,0,0.5132,0,1.0264,0.5132,0,0,0.0001,0,0.0001,0.0001,0,0,0.0001,0.0003,0.0001,0,0,0,0.0002,0,0.0001,0,0.0001,0.0001,0.2543,0.2326,0.2543,0.2326,1
0.7375,0,0.7375,0,1.475,0,0,0,0.7375,1.475,0.7375,0.7375,1.475,0.7375,0,0,0.7375,1.475,0,0,0.0001,0,0.0001,0,0.0002,0,0,0,0.0001,0.0002,0.0001,0.0001,0.0002,0.0001,0,0,0.0001,0.0002,0,0,0.1498,0.1127,0.1498,0.1127,1
0,0,0,0,3.2581,0.6516,0,0,0.6516,1.3032,0.6516,0,0,0.6516,3.9097,0,1.9549,0.6516,0,0,0,0,0,0,0.0006,0.0001,0,0,0.0001,0.0002,0.0001,0,0,0.0001,0.0007,0,0.0004,0.0001,0,0,0.1586,0.1898,0.1586,0.1898,1
0.7395,1.4791,0,0,2.2186,2.2186,0,0,0,0,0.7395,0,1.4791,0.7395,0.7395,0,0.7395,0,0,0,0,0.0001,0,0,0.0001,0.0001,0,0,0,0,0,0,0.0001,0,0,0,0,0,0,0,0.1409,0.1195,0.1409,0.1195,1
1.0969,3.2906,1.0969,1.0969,0.5484,0.5484,0,1.0969,1.0969,0.5484,0,0.5484,1.0969,0,0.5484,1.0969,0,1.6453,0.5484,0.5484,0,0.0001,0,0,0,0,0,0,0,0,0,0,0,0,0,0,0,0.0001,0,0,0.2281,0.2235,0.2281,0.2235,1
0.6308,1.2616,1.2616,0,1.2616,1.8924,1.2616,0,0.6308,1.2616,0,0,0.6308,0,0,0,0,0.6308,0,0,0,0.0001,0.0001,0,0.0001,0.0001,0.0001,0,0,0.0001,0,0,0,0,0,0,0,0,0,0,0.2138,0.1554,0.2138,0.1554,1
2.9885,0,0.9962,0.9962,0.4981,0,0.9962,0.4981,0.4981,0.4981,0,1.4943,0,0.4981,0,0.4981,1.9924,1.9924,0.4981,0,0.0002,0,0.0001,0.0001,0,0,0.0001,0,0,0,0,0.0001,0,0,0,0,0.0001,0.0001,0,0,0.2701,0.2319,0.2701,0.2319,1
1.1162,0,0.5581,0.5581,0,2.2324,1.6743,1.1162,0,1.1162,1.1162,0.5581,0,0,0,0.5581,0.5581,0,0.5581,0,0.0001,0,0,0,0,0.0002,0.0001,0.0001,0,0.0001,0.0001,0,0,0,0,0,0,0,0,0,0.2311,0.2108,0.2311,0.2108,1
0,0.5372,0,0.5372,1.0743,1.6115,0,0.5372,1.6115,0,0.5372,0.5372,0.5372,0,1.6115,1.0743,0.5372,0.5372,0.5372,0.5372,0,0,0,0,0.0001,0.0001,0,0,0.0001,0,0,0,0,0,0.0001,0.0001,0,0,0,0,0.2625,0.2004,0.2625,0.2004,1
0,0.5338,1.6014,0,1.0676,1.6014,0,0,0,0.5338,1.0676,1.6014,4.2705,0,0.5338,0.5338,2.1352,0,0.5338,0,0,0,0.0001,0,0.0001,0.0001,0,0,0,0,0.0001,0.0001,0.0002,0,0,0,0.0001,0,0,0,0.2087,0.2575,0.2087,0.2575,1
0.6999,0.6999,0,0,0,1.3997,0,0,1.3997,0,1.3997,1.3997,0.6999,0,2.0996,0,0.6999,0,0,0,0.0001,0.0001,0,0,0,0.0001,0,0,0.0001,0,0.0001,0.0001,0.0001,0,0.0002,0,0.0001,0,0,0,0.1275,0.1726,0.1275,0.1726,1
1.2885,0.6443,0.6443,0.6443,0,0,0,0.6443,0.6443,3.8655,0,1.9328,0,0,0,0.6443,0,0.6443,1.2885,0,0.0001,0,0,0,0,0,0,0,0,0.0002,0,0.0001,0,0,0,0,0,0,0.0001,0,0.1977,0.1581,0.1977,0.1581,1
0,0.5688,0.5688,0.5688,0,1.1376,0.5688,0,1.1376,0.5688,3.4127,0,0,0,0,0.5688,1.7063,0.5688,0,0,0,0,0,0,0,0.0001,0,0,0.0001,0,0.0002,0,0,0,0,0,0.0001,0,0,0,0.2275,0.2037,0.2275,0.2037,1
0.5717,0,1.1434,0.5717,0.5717,1.7151,0,0,0,2.2869,0,1.1434,1.1434,0,0.5717,0,0,2.2869,0,0,0,0,0.0001,0,0,0.0001,0,0,0,0.0002,0,0.0001,0.0001,0,0,0,0,0.0002,0,0,0.2126,0.2156,0.2126,0.2156,1
3.0193,0.5032,0.5032,0,0,2.5161,0,1.0064,1.5097,2.0129,0,0.5032,0,0,0.5032,0.5032,0.5032,1.5097,0,0,0.0002,0,0,0,0,0.0001,0,0.0001,0.0001,0.0001,0,0,0,0,0,0,0,0.0001,0,0,0.2187,0.2781,0.2187,0.2781,1
0,0,0,1.7682,0,1.1788,0.5894,0.5894,0.5894,1.7682,1.1788,0.5894,0.5894,0.5894,0,1.1788,0.5894,0,0,0.5894,0,0,0,0.0002,0,0.0001,0.0001,0.0001,0.0001,0.0002,0.0001,0.0001,0.0001,0.0001,0,0.0001,0.0001,0,0,0.0001,0.1852,0.2254,0.1852,0.2254,1
0,0,0,0,1.716,1.144,0.572,0,1.144,2.2881,0,0,0,0,0.572,1.144,0,0.572,0,0,0,0,0,0,0.0002,0.0001,0.0001,0,0.0001,0.0002,0,0,0,0,0.0001,0.0001,0,0.0001,0,0,0.2187,0.2093,0.2187,0.2093,1
0.4721,0.4721,0,0,0.4721,0.4721,1.4164,0.4721,0.9443,1.8886,0.4721,0,2.3607,0.4721,1.4164,0.9443,0.4721,0.4721,0,0.4721,0,0,0,0,0,0,0.0001,0,0.0001,0.0002,0,0,0.0002,0,0.0001,0.0001,0,0,0,0,0.2472,0.2806,0.2472,0.2806,1
1.2263,0.6132,1.2263,0.6132,0.6132,0,0,1.8395,0,0.6132,0,0.6132,0.6132,0,0.6132,0.6132,0.6132,0.6132,0.6132,0,0.0001,0,0.0001,0,0,0,0,0.0001,0,0,0,0,0,0,0,0,0,0,0,0,0.1937,0.1931,0.1937,0.1931,1
1.6934,0,0,0,3.3869,0,0,0,3.3869,2.5402,0,0,0,0,0,0,0,0,0,0,0.0004,0,0,0,0.0008,0,0,0,0.0008,0.0006,0,0,0,0,0,0,0,0,0,0,0.0532,0.1001,0.0532,0.1001,1
0.5148,1.0296,0,0.5148,1.0296,1.0296,0,0.5148,1.5445,2.5741,0.5148,0.5148,0,0,1.0296,0,1.0296,1.0296,0,0,0,0.0001,0,0,0.0001,0.0001,0,0,0.0001,0.0002,0,0,0,0,0.0001,0,0.0001,0.0001,0,0,0.2074,0.2778,0.2074,0.2778,1
3.3453,0,0,0,0,0,0,0,0.9558,0,0,0,0,0,5.7348,0,0,0,0,0,0.0005,0,0,0,0,0,0,0,0.0001,0,0,0,0,0,0.0008,0,0,0,0,0,0.2354,0.2867,0.2354,0.2867,1
2.7442,0.5488,0,1.0977,0.5488,0,0.5488,0.5488,0,0,0.5488,0,0.5488,0,2.1954,0.5488,1.0977,0,0,0,0.0002,0,0,0.0001,0,0,0,0,0,0,0,0,0,0,0.0002,0,0.0001,0,0,0,0.1943,0.2569,0.1943,0.2569,1
0,0.5478,0,0,0,2.1912,0,0,0,0.5478,0,0,0,0.5478,3.8347,1.6434,0,0,0,0,0,0.0001,0,0,0,0.0002,0,0,0,0.0001,0,0,0,0.0001,0.0004,0.0002,0,0,0,0,0.2337,0.2185,0.2337,0.2185,1
4.3037,0,0,0.7173,0,0,0.7173,0.7173,0,0.7173,0,0.7173,0,0.7173,0.7173,0.7173,0.7173,0,0,0,0.0006,0,0,0.0001,0,0,0.0001,0.0001,0,0.0001,0,0.0001,0,0.0001,0.0001,0.0001,0.0001,0,0,0,0.1429,0.1398,0.1429,0.1398,1
0,1.7787,0,0,0.4447,0.4447,0.4447,0,2.6681,0,2.2234,0,0,0,3.1128,0,0,0,0.4447,0.8894,0,0.0001,0,0,0,0,0,0,0.0001,0,0.0001,0,0,0,0.0002,0,0,0,0,0,0.2804,0.2749,0.2804,0.2749,1
3.9223,0,0,0,0,0,0,0,2.2413,5.043,0,1.1207,0.5603,0.5603,0,0.5603,0,1.681,0.5603,0,0.0003,0,0,0,0,0,0,0,0.0002,0.0004,0,0.0001,0,0,0,0,0,0.0001,0,0,0.1887,0.251,0.1887,0.251,1
0,0,0,0,0,0,0.7979,0,0,2.3936,0,0.7979,0.7979,0,7.1808,0,0,0,0,0,0,0,0,0,0,0,0.0002,0,0,0.0005,0,0.0002,0.0002,0,0.0014,0,0,0,0,0,0.0846,0.1176,0.0846,0.1176,1
0,1.3215,0,0,0.6608,0.6608,0.6608,0,1.3215,1.3215,1.3215,0.6608,0,0,1.3215,0,0.6608,0,0,0,0,0.0001,0,0,0.0001,0.0001,0.0001,0,0.0001,0.0001,0.0001,0.0001,0,0,0.0001,0,0.0001,0,0,0,0.1579,0.1813,0.1579,0.1813,1
4.2964,0,0,0,0,0.7161,0,0,1.4321,2.8643,0,0,1.4321,0,1.4321,0,0,2.1482,0,0,0.0006,0,0,0,0,0.0001,0,0,0.0002,0.0004,0,0,0.0002,0,0.0002,0,0,0.0003,0,0,0.1193,0.1646,0.1193,0.1646,1
0,0.6248,0,0.6248,0,1.2497,0,0.6248,0.6248,0,0.6248,0.6248,0,0,1.2497,1.8745,1.8745,3.1242,1.2497,0,0,0.0001,0,0.0001,0,0.0001,0,0.0001,0.0001,0,0.0001,0.0001,0,0,0.0001,0.0002,0.0002,0.0003,0.0001,0,0.1589,0.2163,0.1589,0.2163,1
0,3.7765,0,0.6294,0,3.1471,0,0,0,1.2588,0.6294,1.2588,1.8883,0,0.6294,0.6294,3.1471,1.2588,0.6294,0,0,0.0001,0,0,0,0.0001,0,0,0,0,0,0,0.0001,0,0,0,0.0001,0,0,0,0.1924,0.1782,0.1924,0.1782,1
0.5225,0,0,0.5225,0.5225,1.045,0.5225,0,1.5675,2.09,0.5225,1.045,0.5225,0,1.5675,0,0.5225,1.045,0.5225,0.5225,0,0,0,0,0,0.0001,0,0,0.0001,0.0002,0,0.0001,0,0,0.0001,0,0,0.0001,0,0,0.212,0.2655,0.212,0.2655,1
0.938,0,0.469,0,0,0.938,0,0,3.2831,1.8761,0.469,0.469,0,0,1.8761,0.469,0,0.469,0.938,0,0.0001,0,0,0,0,0.0001,0,0,0.0003,0.0001,0,0,0,0,0.0001,0,0,0,0.0001,0,0.2508,0.2802,0.2508,0.2802,1
0,0.5636,1.1273,0.5636,0,0,0,0,1.1273,1.6909,0,0,0,0,0.5636,1.1273,1.1273,0.5636,1.1273,0,0,0,0.0001,0,0,0,0,0,0.0001,0.0001,0,0,0,0,0,0.0001,0.0001,0,0.0001,0,0.2308,0.2056,0.2308,0.2056,1
0.9248,0.4624,0,0,0.9248,0.4624,0.4624,0.9248,0.9248,0,0.4624,0,0.4624,0,3.2368,0.4624,0.9248,1.3872,0,0.4624,0.0001,0,0,0,0.0001,0,0,0.0001,0.0001,0,0,0,0,0,0.0003,0,0.0001,0.0001,0,0,0.2567,0.2809,0.2567,0.2809,1
0,0,0,0.6204,0,0.6204,0,0.6204,0.6204,0,0.6204,0.6204,1.8613,0,5.584,0,0,0,0,0,0,0,0,0.0001,0,0.0001,0,0.0001,0.0001,0,0.0001,0.0001,0.0003,0,0.001,0,0,0,0,0,0.1976,0.1819,0.1976,0.1819,1
4.7609,0,0,0,0,0,0,0,1.587,3.9674,0,0.7935,1.587,0,1.587,0,0,1.587,0,0,0.0006,0,0,0,0,0,0,0,0.0002,0.0005,0,0.0001,0.0002,0,0.0002,0,0,0.0002,0,0,0.0881,0.1184,0.0881,0.1184,1
1.0141,0.507,1.0141,1.0141,0.507,0.507,0.507,0.507,1.5211,0,0.507,1.0141,0,0.507,0,0.507,1.5211,1.0141,0,1.0141,0.0001,0,0.0001,0.0001,0,0,0,0,0.0001,0,0,0.0001,0,0,0,0,0.0001,0.0001,0,0.0001,0.2436,0.2493,0.2436,0.2493,1
2.4524,0.8175,1.6349,0,0,0,0,0,0,0,0.8175,0,0,0,0,2.4524,0,1.6349,0,1.6349,0.0002,0.0001,0.0001,0,0,0,0,0,0,0,0.0001,0,0,0,0,0.0002,0,0.0001,0,0.0001,0.1046,0.078,0.1046,0.078,1
1.1096,0,0.5548,0,1.1096,0,0,0.5548,1.6644,0,2.2192,0.5548,0,0,1.6644,0.5548,0,0,0.5548,0.5548,0.0001,0,0.0001,0,0.0001,0,0,0.0001,0.0002,0,0.0003,0.0001,0,0,0.0002,0.0001,0,0,0.0001,0.0001,0.2518,0.1934,0.2518,0.1934,1
0,0.5803,0.5803,0.5803,0.5803,0,0,0.5803,0.5803,0,0.5803,0.5803,1.1606,0.5803,1.1606,0,1.7409,1.7409,0,1.7409,0,0,0,0,0,0,0,0,0,0,0,0,0.0001,0,0.0001,0,0.0001,0.0001,0,0.0001,0.2187,0.201,0.2187,0.201,1
1.0738,0.5369,1.0738,0,0,0.5369,0.5369,0.5369,1.0738,0,0.5369,0.5369,0.5369,0,2.1477,0,2.1477,0,0,2.1477,0.0001,0,0.0001,0,0,0,0,0,0.0001,0,0,0,0,0,0.0002,0,0.0002,0,0,0.0002,0.226,0.2371,0.226,0.2371,1
0.6353,0,0.6353,0,0.6353,0,0.6353,0.6353,1.2705,0,0.6353,0.6353,0.6353,0,1.9058,0.6353,1.9058,0.6353,0,1.2705,0.0001,0,0.0001,0,0.0001,0,0.0001,0.0001,0.0002,0,0.0001,0.0001,0.0001,0,0.0003,0.0001,0.0003,0.0001,0,0.0002,0.1618,0.2029,0.1618,0.2029,1
0.9537,0,0.9537,3.8148,0.4769,0.4769,0.4769,0.9537,0.9537,1.4306,0.4769,1.4306,0,0.4769,0,0.4769,0.4769,0.4769,0,0,0.0001,0,0.0001,0.0003,0,0,0,0.0001,0.0001,0.0001,0,0.0001,0,0,0,0,0,0,0,0,0.2905,0.2326,0.2905,0.2326,1
0,0.5573,1.1145,0,0.5573,0,0,0,0.5573,1.1145,0,0.5573,1.1145,0.5573,0.5573,1.6718,1.1145,1.1145,1.6718,0,0,0,0.0001,0,0,0,0,0,0,0.0001,0,0,0.0001,0,0,0.0001,0.0001,0.0001,0.0001,0,0.2354,0.2073,0.2354,0.2073,1
1.1079,0.554,0,1.1079,1.6619,0,0.554,0.554,0,1.1079,0,1.6619,1.1079,0,1.1079,1.6619,0.554,0.554,0,0.554,0.0001,0,0,0.0001,0.0001,0,0,0,0,0.0001,0,0.0001,0.0001,0,0.0001,0.0001,0,0,0,0,0.2034,0.2426,0.2034,0.2426,1
0,0.65,1.2999,0,1.2999,0.65,0,0.65,0.65,0.65,0,1.2999,0.65,0.65,1.9499,0,0,1.2999,0,0.65,0,0,0.0001,0,0.0001,0,0,0,0,0,0,0.0001,0,0,0.0001,0,0,0.0001,0,0,0.173,0.1771,0.173,0.1771,1
0.732,1.4641,0,0,0.732,2.1961,0,0,0.732,0,0,0.732,0.732,0,0,0,0.732,0,1.4641,0,0,0.0001,0,0,0,0.0001,0,0,0,0,0,0,0,0,0,0,0,0,0.0001,0,0.1349,0.133,0.1349,0.133,1
0,0,0,0.5426,1.0851,1.6277,0.5426,0.5426,1.0851,0.5426,1.0851,0.5426,0.5426,0,0.5426,1.0851,2.7128,0.5426,0,0.5426,0,0,0,0.0001,0.0001,0.0002,0.0001,0.0001,0.0001,0.0001,0.0001,0.0001,0.0001,0,0.0001,0.0001,0.0003,0.0001,0,0.0001,0.2669,0.1905,0.2669,0.1905,1
1.5776,0.5259,0.5259,0,0,0.5259,0.5259,0.5259,1.0517,1.5776,1.5776,0,0.5259,0,1.0517,0.5259,0.5259,1.0517,0.5259,0.5259,0.0001,0,0,0,0,0,0,0,0.0001,0.0001,0.0001,0,0,0,0.0001,0,0,0.0001,0,0,0.2501,0.2241,0.2501,0.2241,1
4.1506,0,0,0,0.8301,0.8301,0,0,3.3205,1.6602,0,0,0,0,0.8301,0,0.8301,1.6602,0,0,0.0009,0,0,0,0.0002,0.0002,0,0,0.0007,0.0003,0,0,0,0,0.0002,0,0.0002,0.0003,0,0,0.0647,0.1052,0.0647,0.1052,1
0.4246,0,0.4246,2.9721,0,0,0,1.2738,2.9721,0.4246,0.8492,0.8492,0.4246,0.8492,0,0.4246,0,0.4246,0.4246,0,0,0,0,0.0003,0,0,0,0.0001,0.0003,0,0.0001,0.0001,0,0.0001,0,0,0,0,0,0,0.2703,0.3051,0.2703,0.3051,1
2.1057,0,0,0,0.7019,1.4038,0,0.7019,0.7019,0,1.4038,0,1.4038,0,0,1.4038,1.4038,1.4038,0,1.4038,0.0002,0,0,0,0.0001,0.0001,0,0.0001,0.0001,0,0.0001,0,0.0001,0,0,0.0001,0.0001,0.0001,0,0.0001,0.1652,0.1329,0.1652,0.1329,1
0.5786,0,1.1571,0.5786,1.1571,0.5786,0,0.5786,1.1571,1.1571,0,0,0,0,0.5786,0,0,0,0.5786,0,0.0001,0,0.0001,0.0001,0.0001,0.0001,0,0.0001,0.0001,0.0001,0,0,0,0,0.0001,0,0,0,0.0001,0,0.1965,0.2249,0.1965,0.2249,1
0.499,0,0.998,0.998,0,0.499,0,0.499,0,2.9939,0,0.499,0,0,0.998,0.998,0.998,1.4969,0,0.499,0,0,0.0001,0.0001,0,0,0,0,0,0.0002,0,0,0,0,0.0001,0.0001,0.0001,0.0001,0,0,0.2363,0.2648,0.2363,0.2648,1
1.0545,0,0.5272,0,1.5817,1.5817,0,0.5272,1.0545,2.1089,0,2.6362,0,0,0.5272,0.5272,0,0,0,0,0.0001,0,0,0,0.0001,0.0001,0,0,0.0001,0.0001,0,0.0002,0,0,0,0,0,0,0,0,0.2223,0.2505,0.2223,0.2505,1
1.9007,0.6336,1.9007,0.6336,0.6336,0,0,0,0,0.6336,1.9007,2.5343,0.6336,0.6336,0,0.6336,0.6336,0,0,0,0.0001,0,0.0001,0,0,0,0,0,0,0,0.0001,0.0002,0,0,0,0,0,0,0,0,0.1691,0.1973,0.1691,0.1973,1
0,2.7253,0,1.0901,1.0901,2.1802,0,0.5451,1.0901,0.5451,1.0901,0.5451,1.6352,0,1.0901,1.0901,1.0901,0.5451,0,0,0,0.0001,0,0,0,0.0001,0,0,0,0,0,0,0.0001,0,0,0,0,0,0,0,0.2269,0.2281,0.2269,0.2281,1
1.3453,2.6906,0.6726,0.6726,1.3453,2.6906,0,0,0,1.3453,0,0.6726,0,0,0,0.6726,0,1.3453,0.6726,0.6726,0.0001,0.0001,0,0,0.0001,0.0001,0,0,0,0.0001,0,0,0,0,0,0,0,0.0001,0,0,0.1818,0.1455,0.1818,0.1455,1
0,0,0.6549,0,0.6549,1.3098,0.6549,0.6549,0,1.9648,0,0.6549,0,0,0,0,0,0.6549,1.3098,0,0,0,0.0001,0,0.0001,0.0001,0.0001,0.0001,0,0.0002,0,0.0001,0,0,0,0,0,0.0001,0.0001,0,0.1692,0.1759,0.1692,0.1759,1
0,0.5135,0,0,0.5135,0.5135,1.5405,1.5405,1.027,0.5135,0,0,0.5135,0,2.054,0,1.027,0,0,1.5405,0,0.0001,0,0,0.0001,0.0001,0.0002,0.0002,0.0001,0.0001,0,0,0.0001,0,0.0002,0,0.0001,0,0,0.0002,0.2151,0.2714,0.2151,0.2714,1
0.475,0.9499,1.4249,0.9499,0,0.475,0.475,0.9499,0.9499,0,0.475,1.4249,0.475,2.3748,0.475,0.475,0.475,0.475,0.9499,0,0,0.0001,0.0001,0.0001,0,0,0,0.0001,0.0001,0,0,0.0001,0,0.0002,0,0,0,0,0.0001,0,0.2506,0.2744,0.2506,0.2744,1
0.5239,0,0.5239,0,0.5239,0,0.5239,0.5239,1.5717,0,1.0478,0,0.5239,0.5239,1.5717,0.5239,0,0.5239,1.0478,0.5239,0.0001,0,0.0001,0,0.0001,0,0.0001,0.0001,0.0002,0,0.0001,0,0.0001,0.0001,0.0002,0.0001,0,0.0001,0.0001,0.0001,0.2976,0.1785,0.2976,0.1785,1
1.9071,2.5428,0.6357,0.6357,1.2714,2.5428,0,0,0,0.6357,0,0.6357,1.2714,0,0,0,0,1.9071,0.6357,1.2714,0.0001,0.0001,0,0,0.0001,0.0001,0,0,0,0,0,0,0.0001,0,0,0,0,0.0001,0,0.0001,0.1982,0.1661,0.1982,0.1661,1
0.9217,0,0.4608,0,1.3825,2.7651,0.4608,0.4608,0.4608,0.4608,0,0,0,0.4608,0.9217,0.9217,0.9217,1.8434,0.9217,0.4608,0.0001,0,0,0,0.0001,0.0002,0,0,0,0,0,0,0,0,0.0001,0.0001,0.0001,0.0001,0.0001,0,0.2686,0.2706,0.2686,0.2706,1
1.4616,0.7308,0,0,1.4616,0.7308,0,0.7308,0.7308,0.7308,0,0,2.9233,0,0,1.4616,0.7308,2.1925,0,0.7308,0.0001,0,0,0,0.0001,0,0,0,0,0,0,0,0.0002,0,0,0.0001,0,0.0001,0,0,0.1546,0.1146,0.1546,0.1146,1
0.4581,0,0,4.1233,0,0.4581,0,0.4581,3.207,1.8326,0,0.4581,0,0.9163,0,0,0,0,0,0,0.0001,0,0,0.0005,0,0.0001,0,0.0001,0.0004,0.0002,0,0.0001,0,0.0001,0,0,0,0,0,0,0.2335,0.3084,0.2335,0.3084,1
1.0439,0,0.5219,0,0.5219,1.0439,0,0,0,0,0,0,0,0,4.6975,0.5219,1.5658,1.0439,0.5219,0.5219,0.0001,0,0.0001,0,0.0001,0.0001,0,0,0,0,0,0,0,0,0.0005,0.0001,0.0002,0.0001,0.0001,0.0001,0.2503,0.2278,0.2503,0.2278,1
0,0,0,0,0,1.9046,0.6349,1.2697,1.2697,0.6349,0,0,0.6349,0,1.2697,0.6349,0,1.2697,0.6349,0.6349,0,0,0,0,0,0.0002,0.0001,0.0001,0.0001,0.0001,0,0,0.0001,0,0.0001,0.0001,0,0.0001,0.0001,0.0001,0.1571,0.208,0.1571,0.208,1
0.5601,0,0,0.5601,0,0,0,0.5601,0,1.1201,0.5601,0,0,0.5601,5.0406,0,0.5601,0,0.5601,0,0.0001,0,0,0.0001,0,0,0,0.0001,0,0.0002,0.0001,0,0,0.0001,0.0009,0,0.0001,0,0.0001,0,0.2155,0.2244,0.2155,0.2244,1
1.0258,2.0517,0,0.5129,0.5129,1.0258,0,1.5387,1.5387,0.5129,0.5129,1.5387,0.5129,0.5129,0.5129,0,0.5129,1.0258,1.0258,0.5129,0,0.0001,0,0,0,0,0,0.0001,0.0001,0,0,0.0001,0,0,0,0,0,0,0,0,0.2442,0.2429,0.2442,0.2429,1
0,0,1.013,0,0.5065,0.5065,0,0,0.5065,2.026,0,0.5065,0.5065,0,2.026,0,0.5065,0.5065,0.5065,0,0,0,0.0001,0,0.0001,0.0001,0,0,0.0001,0.0002,0,0.0001,0.0001,0,0.0002,0,0.0001,0.0001,0.0001,0,0.2388,0.2547,0.2388,0.2547,1
0,0.5975,0.5975,0,0.5975,1.1949,0,1.1949,0,0,1.1949,0,2.3898,0,2.9873,0.5975,0.5975,1.7924,0.5975,0,0,0,0,0,0,0.0001,0,0.0001,0,0,0.0001,0,0.0002,0,0.0002,0,0,0.0001,0,0,0.1897,0.2128,0.1897,0.2128,1
0.479,0.479,0,0,0.479,0,1.4369,0.9579,2.8738,0.479,1.4369,0,0,0.479,0.9579,0.479,1.9159,1.4369,0,0.479,0.0001,0.0001,0,0,0.0001,0,0.0002,0.0001,0.0003,0.0001,0.0002,0,0,0.0001,0.0001,0.0001,0.0002,0.0002,0,0.0001,0.2542,0.2669,0.2542,0.2669,1
1.3373,0.6687,0,1.3373,0,2.6746,0,0,0,2.6746,0,1.3373,0,0,0,1.3373,0,1.3373,0.6687,0,0.0001,0,0,0.0001,0,0.0002,0,0,0,0.0002,0,0.0001,0,0,0,0.0001,0,0.0001,0,0,0.1796,0.1518,0.1796,0.1518,1
0.67,0,2.01,0,0,0,0,0,0.67,0.67,0,0.67,0,0,0.67,0,0.67,0,0,0.67,0.0001,0,0.0003,0,0,0,0,0,0.0001,0.0001,0,0.0001,0,0,0.0001,0,0.0001,0,0,0.0001,0.1352,0.1948,0.1352,0.1948,1
1.2521,0.6261,1.8782,0.6261,0,0,0,1.2521,0,1.8782,0,0.6261,0.6261,0,0,1.2521,0.6261,1.2521,0,0,0.0001,0,0.0001,0,0,0,0,0.0001,0,0.0001,0,0,0,0,0,0.0001,0,0.0001,0,0,0.1904,0.1835,0.1904,0.1835,1
1.4286,0,0,1.4286,0,0.4762,0,0,0,0,0,0.9524,0.9524,0,2.381,0,0.9524,1.4286,0,0.4762,0.0002,0,0,0.0002,0,0.0001,0,0,0,0,0,0.0001,0.0001,0,0.0003,0,0.0001,0.0002,0,0.0001,0.2416,0.2822,0.2416,0.2822,1
0.7329,0,0.7329,0,0,0.7329,0,0,1.4658,0,0,0,0,0.7329,4.3973,0,0,0,0,0,0.0002,0,0.0002,0,0,0.0002,0,0,0.0004,0,0,0,0,0.0002,0.0013,0,0,0,0,0,0.1423,0.1248,0.1423,0.1248,1
1.7147,0,0,0,3.4293,0,0,0,3.4293,0.8573,0,0,0,0,0,0,0,1.7147,0,0,0.0005,0,0,0,0.001,0,0,0,0.001,0.0003,0,0,0,0,0,0,0,0.0005,0,0,0.0497,0.093,0.0497,0.093,1
2.2359,0.559,0,0,0.559,1.6769,0.559,0.559,1.6769,1.6769,0,0.559,0,0.559,0,2.7949,0.559,2.7949,0,0,0.0001,0,0,0,0,0.0001,0,0,0.0001,0.0001,0,0,0,0,0,0.0002,0,0.0002,0,0,0.2012,0.2398,0.2012,0.2398,1
0.6342,0,0,0,0,2.537,0,0,0.6342,1.2685,0,0,1.2685,0,1.2685,1.2685,0.6342,0,1.9027,0,0.0001,0,0,0,0,0.0002,0,0,0.0001,0.0001,0,0,0.0001,0,0.0001,0.0001,0.0001,0,0.0002,0,0.1855,0.1802,0.1855,0.1802,1
0,0,0.5315,0,1.5946,0.5315,0.5315,0,0,0.5315,0.5315,0.5315,0,1.063,2.1261,0,1.5946,0.5315,0,0,0,0,0.0001,0,0.0002,0.0001,0.0001,0,0,0.0001,0.0001,0.0001,0,0.0001,0.0003,0,0.0002,0.0001,0,0,0.2285,0.24,0.2285,0.24,1
0.579,0.579,0,1.158,0.579,0,1.158,0.579,0,0,1.158,0,1.737,0,1.158,0.579,1.737,0.579,0.579,0,0.0001,0.0001,0,0.0001,0.0001,0,0.0001,0.0001,0,0,0.0001,0,0.0002,0,0.0001,0.0001,0.0002,0.0001,0.0001,0,0.199,0.222,0.199,0.222,1
1.8928,0,1.2619,0,0,0,0,0.6309,1.2619,1.8928,0,0.6309,0,0,0.6309,1.8928,0.6309,0.6309,0,0,0.0002,0,0.0001,0,0,0,0,0.0001,0.0001,0.0002,0,0.0001,0,0,0.0001,0.0002,0.0001,0.0001,0,0,0.2052,0.1638,0.2052,0.1638,1
0,0,0,2.9547,0.4925,0,0.4925,1.4774,1.4774,0.4925,0,0,0,0,0,0.4925,0.4925,0,0.9849,0.4925,0,0,0,0.0003,0,0,0,0.0001,0.0001,0,0,0,0,0,0,0,0,0,0.0001,0,0.2271,0.2804,0.2271,0.2804,1
0,0.5385,0,0,0.5385,0.5385,0,0,0.5385,1.6155,0,0,0.5385,0,2.154,0,1.077,1.077,0.5385,0.5385,0,0.0001,0,0,0.0001,0.0001,0,0,0.0001,0.0002,0,0,0.0001,0,0.0002,0,0.0001,0.0001,0.0001,0.0001,0.2328,0.2287,0.2328,0.2287,1
1.3805,0.6903,0,1.3805,0,4.1416,0,0,0,3.4513,0,0,0,0,0,1.3805,1.3805,0.6903,0,0,0.0001,0.0001,0,0.0001,0,0.0003,0,0,0,0.0003,0,0,0,0,0,0.0001,0.0001,0.0001,0,0,0.1498,0.1599,0.1498,0.1599,1
1.0096,0,0.5048,0,1.5143,3.0287,0.5048,0.5048,0,1.0096,0.5048,1.0096,0,0.5048,0.5048,1.0096,0.5048,2.0191,0.5048,0.5048,0.0001,0,0,0,0.0001,0.0002,0,0,0,0.0001,0,0.0001,0,0,0,0.0001,0,0.0001,0,0,0.2563,0.239,0.2563,0.239,1
0.7014,0.7014,0.7014,0,0.7014,1.4028,0.7014,1.4028,0.7014,0,1.4028,1.4028,0.7014,0,0,0,0,0,0,0,0.0001,0.0001,0.0001,0,0.0001,0.0001,0.0001,0.0001,0.0001,0,0.0001,0.0001,0.0001,0,0,0,0,0,0,0,0.144,0.1546,0.144,0.1546,1
0.996,0,0.996,1.992,0,0.498,0.498,0.996,1.494,2.49,0,0.996,0,1.494,0,0,0.498,0.498,0,0,0.0001,0,0.0001,0.0002,0,0,0,0.0001,0.0001,0.0002,0,0.0001,0,0.0001,0,0,0,0,0,0,0.253,0.249,0.253,0.249,1
3.2657,0,0,0,0,0.8164,0,0.8164,1.6328,2.4493,0,0,0.8164,0,1.6328,0,0,0.8164,0,0,0.0005,0,0,0,0,0.0001,0,0.0001,0.0003,0.0004,0,0,0.0001,0,0.0003,0,0,0.0001,0,0,0.0691,0.1144,0.0691,0.1144,1
0.4943,0,0,0,0,1.9773,0,0.4943,0.9886,2.9659,0,0,0,0,1.9773,0,0,0.4943,0,0.4943,0.0001,0,0,0,0,0.0002,0,0.0001,0.0001,0.0003,0,0,0,0,0.0002,0,0,0.0001,0,0.0001,0.2147,0.291,0.2147,0.291,1
1.2776,0,0,1.2776,1.9164,0,0.6388,0.6388,0.6388,0.6388,0.6388,0.6388,1.9164,0,0,0.6388,0,1.9164,0,0,0.0001,0,0,0.0001,0.0002,0,0.0001,0.0001,0.0001,0.0001,0.0001,0.0001,0.0002,0,0,0.0001,0,0.0002,0,0,0.2148,0.1464,0.2148,0.1464,1
1.4033,0,0,0,0,0.7016,0,0,3.5082,0.7016,0,0,0,0,0,0,0.7016,2.1049,0,0.7016,0.0002,0,0,0,0,0.0001,0,0,0.0006,0.0001,0,0,0,0,0,0,0.0001,0.0004,0,0.0001,0.1864,0.1119,0.1864,0.1119,1
0.4974,0.9948,0.4974,0.4974,0.4974,0.9948,0.4974,0.4974,0.9948,0,1.4922,0.9948,1.4922,0.9948,0.9948,0,0.9948,0,0,0.9948,0,0.0001,0,0,0,0.0001,0,0,0.0001,0,0.0001,0.0001,0.0001,0.0001,0.0001,0,0.0001,0,0,0.0001,0.2503,0.2523,0.2503,0.2523,1
0.5667,0.5667,1.1335,0.5667,0,0.5667,0,0,0,0.5667,0,1.1335,2.8336,0,1.1335,0.5667,0,0,1.1335,0.5667,0,0,0.0001,0,0,0,0,0,0,0,0,0.0001,0.0002,0,0.0001,0,0,0,0.0001,0,0.2448,0.1884,0.2448,0.1884,1
0.4891,1.4674,0,0,1.9566,0.9783,0,0,0.9783,3.424,0.4891,0,0,0,1.9566,0,0,0.4891,0,0,0,0.0001,0,0,0.0001,0.0001,0,0,0.0001,0.0002,0,0,0,0,0.0001,0,0,0,0,0,0.2348,0.276,0.2348,0.276,1
1.3587,0,0,1.3587,2.0381,0,0,1.3587,0.6794,0.6794,0.6794,0.6794,2.7174,0,0,0.6794,0,1.3587,0,0,0.0001,0,0,0.0001,0.0002,0,0,0.0001,0.0001,0.0001,0.0001,0.0001,0.0003,0,0,0.0001,0,0.0001,0,0,0.2098,0.1108,0.2098,0.1108,1
2.0269,0,0,1.3513,1.3513,0,0,0,1.3513,0,0.6756,0,0.6756,0,0,0,0,0.6756,0,0.6756,0.0003,0,0,0.0002,0.0002,0,0,0,0.0002,0,0.0001,0,0.0001,0,0,0,0,0.0001,0,0.0001,0.1621,0.1623,0.1621,0.1623,1
0,0.6498,0,0.6498,1.9495,0.6498,0,0.6498,1.2996,0,0,1.2996,1.9495,0,0,0.6498,0.6498,1.9495,0,0.6498,0,0,0,0,0.0001,0,0,0,0.0001,0,0,0.0001,0.0001,0,0,0,0,0.0001,0,0,0.1921,0.1581,0.1921,0.1581,1
1.2928,0.6464,0,1.2928,0,2.5856,0,0.6464,0.6464,1.9392,0.6464,1.2928,0,0,5.1712,1.2928,0,0.6464,0,0,0.0001,0,0,0.0001,0,0.0002,0,0,0,0.0001,0,0.0001,0,0,0.0004,0.0001,0,0,0,0,0.1577,0.1959,0.1577,0.1959,1
2.0672,0,0.5168,0,1.5504,2.584,0.5168,0,0,0.5168,0,1.0336,0,1.0336,0.5168,1.5504,0,2.0672,0.5168,1.0336,0.0001,0,0,0,0.0001,0.0001,0,0,0,0,0,0.0001,0,0.0001,0,0.0001,0,0.0001,0,0.0001,0.2526,0.2306,0.2526,0.2306,1
1.2232,0,0.6116,0.6116,0.6116,1.2232,0,0,1.2232,0.6116,0,0,1.2232,0,0.6116,0.6116,0,0.6116,0.6116,0.6116,0.0001,0,0.0001,0.0001,0.0001,0.0001,0,0,0.0001,0.0001,0,0,0.0001,0,0.0001,0.0001,0,0.0001,0.0001,0.0001,0.2278,0.1606,0.2278,0.1606,1
1.8559,0.6186,0.6186,0,0.6186,1.8559,0.6186,0,0,1.8559,0.6186,1.2373,0.6186,0,0,0,1.2373,3.0932,0.6186,0,0.0001,0,0,0,0,0.0001,0,0,0,0.0001,0,0.0001,0,0,0,0,0.0001,0.0002,0,0,0.1723,0.2091,0.1723,0.2091,1
2.487,0,2.487,0,0.6218,0.6218,0,0.6218,0,0.6218,0,0,1.2435,0,0.6218,0,0,0.6218,0.6218,0,0.0002,0,0.0002,0,0.0001,0.0001,0,0.0001,0,0.0001,0,0,0.0001,0,0.0001,0,0,0.0001,0.0001,0,0.2668,0.1114,0.2668,0.1114,1
1.9925,0.4981,0,0,0.9962,0,0,0,2.9887,0,0,0,0,0.4981,2.4906,0.4981,0.4981,0.4981,0.4981,0,0.0002,0,0,0,0.0001,0,0,0,0.0003,0,0,0,0,0,0.0002,0,0,0,0,0,0.3678,0.134,0.3678,0.134,1
1.9686,0.6562,0,0.6562,0.6562,0.6562,0,0,0.6562,0.6562,0,0.6562,0.6562,0,0.6562,2.6248,0.6562,1.9686,0,0.6562,0.0001,0,0,0,0,0,0,0,0,0,0,0,0,0,0,0.0002,0,0.0001,0,0,0.1719,0.1718,0.1719,0.1718,1
0,0,0,0,0,0,0,1.3954,0.6977,0.6977,1.3954,0,0,0.6977,1.3954,0.6977,0.6977,0,0,0,0,0,0,0,0,0,0,0.0003,0.0001,0.0001,0.0003,0,0,0.0001,0.0003,0.0001,0.0001,0,0,0,0.1879,0.1145,0.1879,0.1145,1
0.9005,0,1.3508,2.2513,1.3508,0.4503,0,0.9005,0.4503,2.2513,0.4503,0.4503,0,0,0.4503,0.9005,0.9005,0.4503,0,0,0.0001,0,0.0001,0.0001,0.0001,0,0,0.0001,0,0.0001,0,0,0,0,0,0.0001,0.0001,0,0,0,0.3114,0.2383,0.3114,0.2383,1
1.5414,0,1.0276,0,0,0,0,1.5414,3.0828,0,0,0.5138,1.0276,0.5138,1.5414,0.5138,2.569,0,0,0.5138,0.0001,0,0.0001,0,0,0,0,0.0001,0.0003,0,0,0,0.0001,0,0.0001,0,0.0002,0,0,0,0.2754,0.2108,0.2754,0.2108,1
0.7191,0,0,1.4382,1.4382,0,0,0.7191,0.7191,1.4382,0.7191,0,0,0,0,0.7191,0.7191,1.4382,0.7191,0,0.0001,0,0,0.0002,0.0002,0,0,0.0001,0.0001,0.0002,0.0001,0,0,0,0,0.0001,0.0001,0.0002,0.0001,0,0.1802,0.1007,0.1802,0.1007,1
0,0,0,0,1.7143,0,0,0.8571,1.7143,0,0.8571,0,0,0,1.7143,0,0,0.8571,0.8571,0,0,0,0,0,0.0008,0,0,0.0004,0.0008,0,0.0004,0,0,0,0.0008,0,0,0.0004,0.0004,0,0.0487,0.0942,0.0487,0.0942,1
0,0.5822,1.7465,0.5822,0,1.7465,0.5822,0.5822,0,1.7465,0.5822,0,1.1643,0,0,0,1.1643,0.5822,0,1.1643,0,0,0.0001,0,0,0.0001,0,0,0,0.0001,0,0,0.0001,0,0,0,0.0001,0,0,0.0001,0.2311,0.1867,0.2311,0.1867,1
1.2074,0,0.6037,0,0,1.2074,0,0,0.6037,0.6037,0.6037,0.6037,6.037,0,1.2074,0.6037,0.6037,0.6037,0.6037,0.6037,0.0001,0,0.0001,0,0,0.0001,0,0,0.0001,0.0001,0.0001,0.0001,0.0005,0,0.0001,0.0001,0.0001,0.0001,0.0001,0.0001,0.2389,0.1574,0.2389,0.1574,1
0.8979,0,0,2.6936,0.8979,0.8979,0.8979,0.4489,1.7957,0.4489,0.4489,1.3468,0,0,0,0.4489,0.4489,0.8979,0,0,0.0001,0,0,0.0002,0.0001,0.0001,0.0001,0,0.0002,0,0,0.0001,0,0,0,0,0,0.0001,0,0,0.2811,0.2699,0.2811,0.2699,1
1.4355,2.871,0.7178,0,1.4355,2.871,0,0,0,1.4355,0,0.7178,0,0,0,0.7178,0,1.4355,0.7178,0.7178,0.0001,0.0001,0,0,0.0001,0.0001,0,0,0,0.0001,0,0,0,0,0,0,0,0.0001,0,0,0.1581,0.1241,0.1581,0.1241,1
1.3459,0,0.673,0,1.3459,2.6919,0,2.0189,0.673,0,0,0,2.0189,0,0,0,1.3459,0,0,0,0.0001,0,0.0001,0,0.0001,0.0003,0,0.0002,0.0001,0,0,0,0.0002,0,0,0,0.0001,0,0,0,0.1717,0.1553,0.1717,0.1553,1
0,0,0.8443,2.5328,0,0,0,1.6885,2.5328,0.8443,0,0.4221,0.4221,1.2664,0,0.4221,0.4221,0,0.8443,0.4221,0,0,0.0001,0.0002,0,0,0,0.0001,0.0002,0.0001,0,0,0,0.0001,0,0,0,0,0.0001,0,0.2608,0.317,0.2608,0.317,1
0,0,0.5896,0.5896,0.5896,1.7687,0,0.5896,0.5896,1.1791,0,0.5896,0,0,1.1791,0,1.1791,0.5896,0,0,0,0,0.0001,0.0001,0.0001,0.0002,0,0.0001,0.0001,0.0001,0,0.0001,0,0,0.0001,0,0.0001,0.0001,0,0,0.1847,0.2257,0.1847,0.2257,1
0.6167,1.2333,0.6167,0.6167,0.6167,0.6167,1.2333,0.6167,1.2333,0.6167,0.6167,0,0,0,0,0,2.4666,0,0,0,0,0.0001,0,0,0,0,0.0001,0,0.0001,0,0,0,0,0,0,0,0.0002,0,0,0,0.1909,0.1925,0.1909,0.1925,1
0.8597,0,1.2895,0,0,0.8597,0.8597,0.4298,2.5791,1.7194,1.2895,0,0,0.8597,0.8597,0.4298,0,0.4298,0,0,0.0001,0,0.0001,0,0,0.0001,0.0001,0,0.0002,0.0001,0.0001,0,0,0.0001,0.0001,0,0,0,0,0,0.2774,0.2927,0.2774,0.2927,1
0,0.5367,0,0,0.5367,0.5367,0,0.5367,0.5367,1.6101,0,0,0.5367,0,2.1468,0,1.0734,1.0734,0.5367,0.5367,0,0.0001,0,0,0.0001,0.0001,0,0.0001,0.0001,0.0002,0,0,0.0001,0,0.0002,0,0.0001,0.0001,0.0001,0.0001,0.2327,0.2307,0.2327,0.2307,1
1.1779,0.589,1.1779,0,0.589,1.1779,0,0,0.589,0.589,0.589,0,0.589,0,2.9448,0.589,2.3559,1.7669,0,1.1779,0.0001,0,0.0001,0,0,0.0001,0,0,0,0,0,0,0,0,0.0002,0,0.0002,0.0001,0,0.0001,0.2068,0.2043,0.2068,0.2043,1
2.0186,0,1.3458,0,0,2.0186,0.6729,0,0,0.6729,0.6729,0.6729,0,0,0,0.6729,0.6729,0.6729,0,0,0.0002,0,0.0001,0,0,0.0002,0.0001,0,0,0.0001,0.0001,0.0001,0,0,0,0.0001,0.0001,0.0001,0,0,0.1619,0.1652,0.1619,0.1652,1
0.6846,0,0.6846,0.6846,0.6846,0,0.6846,0,0,1.3691,0,0,0.6846,0.6846,0,0,0,1.3691,0.6846,0,0.0001,0,0.0001,0.0001,0.0001,0,0.0001,0,0,0.0002,0,0,0.0001,0.0001,0,0,0,0.0002,0.0001,0,0.1512,0.1642,0.1512,0.1642,1
0,0,0,0,0,0.721,0,0.721,2.163,0.721,0.721,1.442,1.442,0.721,0.721,0,1.442,0.721,0,0,0,0,0,0,0,0.0001,0,0.0001,0.0003,0.0001,0.0001,0.0002,0.0002,0.0001,0.0001,0,0.0002,0.0001,0,0,0.1304,0.1486,0.1304,0.1486,1
1.2785,0.6392,0,2.557,0,0.6392,0,0.6392,0.6392,1.2785,0,0,0.6392,0,0,0.6392,1.2785,0.6392,0,0,0.0001,0.0001,0,0.0003,0,0.0001,0,0.0001,0.0001,0.0001,0,0,0.0001,0,0,0.0001,0.0001,0.0001,0,0,0.1923,0.1685,0.1923,0.1685,1
0,0,0,0,2.0832,0,0,1.3888,0.6944,1.3888,0,0,2.0832,0,2.0832,0,0.6944,0,0.6944,0,0,0,0,0,0.0003,0,0,0.0002,0.0001,0.0002,0,0,0.0003,0,0.0003,0,0.0001,0,0.0001,0,0.1387,0.1669,0.1387,0.1669,1
0.6507,0,0,0,0,1.9522,0,0.6507,1.9522,0.6507,1.9522,1.3014,0,0.6507,1.3014,0.6507,1.3014,0.6507,0,0,0.0001,0,0,0,0,0.0002,0,0.0001,0.0002,0.0001,0.0002,0.0001,0,0.0001,0.0001,0.0001,0.0001,0.0001,0,0,0.1968,0.1524,0.1968,0.1524,1
1.2727,0,0.6363,0.6363,1.2727,0,0,0,0.6363,2.5453,0.6363,0.6363,1.909,0,0,0,3.1816,1.909,0,0.6363,0.0001,0,0.0001,0.0001,0.0001,0,0,0,0.0001,0.0003,0.0001,0.0001,0.0002,0,0,0,0.0003,0.0002,0,0.0001,0.2081,0.1555,0.2081,0.1555,1
2.9236,1.4618,0,0,0.7309,0.7309,0,0,0.7309,3.6545,0,0,1.4618,0,0,1.4618,1.4618,0,0.7309,0,0.0002,0.0001,0,0,0,0,0,0,0,0.0002,0,0,0.0001,0,0,0.0001,0.0001,0,0,0,0.1369,0.1322,0.1369,0.1322,1
2.2827,0,0,0,0.7609,0,0,0.7609,0,0.7609,0,0,0,0.7609,0.7609,0,0,0.7609,0.7609,1.5218,0.0004,0,0,0,0.0001,0,0,0.0001,0,0.0001,0,0,0,0.0001,0.0001,0,0,0.0001,0.0001,0.0002,0.1486,0.0905,0.1486,0.0905,1
0,0,0.4663,2.7976,0,0,0,0.9325,2.3313,0.9325,0.4663,0,0,0.4663,0,0,0.9325,0,0.9325,0.4663,0,0,0,0.0003,0,0,0,0.0001,0.0002,0.0001,0,0,0,0,0,0,0.0001,0,0.0001,0,0.2508,0.283,0.2508,0.283,1
2.4981,0,0,0,1.6654,0,0,0,3.3308,1.6654,0,0,0,0,0,0,0,1.6654,0,0,0.0005,0,0,0,0.0004,0,0,0,0.0007,0.0004,0,0,0,0,0,0,0,0.0004,0,0,0.068,0.0993,0.068,0.0993,1
3.9938,0,0,0,0,1.1411,1.1411,1.1411,0.5705,0,0.5705,0,0,1.1411,0.5705,1.1411,1.1411,2.2822,0.5705,0.5705,0.0004,0,0,0,0,0.0001,0.0001,0.0001,0.0001,0,0.0001,0,0,0.0001,0.0001,0.0001,0.0001,0.0002,0.0001,0.0001,0.2422,0.1873,0.2422,0.1873,1
1.2256,0,0,0,1.8385,0.6128,0.6128,0,1.2256,1.2256,0.6128,0,1.2256,0,1.2256,0,0.6128,0.6128,0,0,0.0002,0,0,0,0.0003,0.0001,0.0001,0,0.0002,0.0002,0.0001,0,0.0002,0,0.0002,0,0.0001,0.0001,0,0,0.1587,0.2285,0.1587,0.2285,1
0.6585,0,0,0.6585,0,1.317,0.6585,0.6585,1.317,0.6585,0,0,1.9755,0,1.317,0,0.6585,1.317,0,0,0.0001,0,0,0.0001,0,0.0002,0.0001,0.0001,0.0002,0.0001,0,0,0.0003,0,0.0002,0,0.0001,0.0002,0,0,0.159,0.1825,0.159,0.1825,1
0.5729,0,1.1458,0,0.5729,0,0,1.1458,0.5729,1.7188,0,0,0,0,0.5729,1.7188,0.5729,0.5729,1.7188,0,0,0,0.0001,0,0,0,0,0.0001,0,0.0001,0,0,0,0,0,0.0001,0,0,0.0001,0,0.2388,0.1882,0.2388,0.1882,1
0.6335,0.6335,1.9004,0.6335,0.6335,0,0,0.6335,0,0.6335,0.6335,0,1.2669,0,0,2.5339,0.6335,1.2669,0,0,0,0,0.0001,0,0,0,0,0,0,0,0,0,0.0001,0,0,0.0002,0,0.0001,0,0,0.2066,0.1599,0.2066,0.1599,1
0.6321,0.6321,0,1.2642,1.8963,0,0,1.2642,1.2642,0.6321,0,0.6321,2.5285,0,0,0.6321,0,1.2642,0,0,0,0,0,0.0001,0.0001,0,0,0.0001,0.0001,0,0,0,0.0002,0,0,0,0,0.0001,0,0,0.2219,0.1459,0.2219,0.1459,1
1.2422,0,0,0.6211,0.6211,1.2422,0,0,1.8633,0,0,0,0.6211,0,0.6211,0,0,0,0.6211,0.6211,0.0002,0,0,0.0001,0.0001,0.0002,0,0,0.0002,0,0,0,0.0001,0,0.0001,0,0,0,0.0001,0.0001,0.2579,0.121,0.2579,0.121,1
0,0,0.7968,0,0,0,0,0,3.9841,1.5937,0,0,0,0,0,0.7968,0,2.3905,0,0.7968,0,0,0.0001,0,0,0,0,0,0.0006,0.0002,0,0,0,0,0,0.0001,0,0.0004,0,0.0001,0.1266,0.0765,0.1266,0.0765,1
2.1339,0,0,0,0,0.7113,0.7113,0.7113,0.7113,5.6903,0,0,0,0,0,0.7113,0.7113,0.7113,0,0,0.0002,0,0,0,0,0.0001,0.0001,0.0001,0.0001,0.0005,0,0,0,0,0,0.0001,0.0001,0.0001,0,0,0.142,0.1467,0.142,0.1467,1
0.6164,0.6164,1.8493,0,0,2.4658,0,0,0,1.8493,1.2329,0.6164,0,0,3.0822,1.2329,0,0,0,0.6164,0,0,0.0001,0,0,0.0002,0,0,0,0.0001,0.0001,0,0,0,0.0002,0.0001,0,0,0,0,0.185,0.1986,0.185,0.1986,1
1.1548,1.1548,0,0.5774,0.5774,1.7321,0,0.5774,1.1548,0.5774,0.5774,1.1548,0,0,0,1.1548,2.3095,2.8869,0.5774,0.5774,0.0001,0.0001,0,0,0,0.0001,0,0,0.0001,0,0,0.0001,0,0,0,0.0001,0.0001,0.0002,0,0,0.2016,0.221,0.2016,0.221,1
2.6438,0,0,0,0,0,0,0,1.7625,0,0,0,0,0,3.5251,0.4406,0,0,0.8813,0,0.0003,0,0,0,0,0,0,0,0.0002,0,0,0,0,0,0.0004,0.0001,0,0,0.0001,0,0.234,0.3254,0.234,0.3254,1
0.455,0.455,1.3649,0,0.9099,0.455,0,0.9099,1.3649,0.9099,0.9099,0.455,0,0,2.2748,0.455,0.455,0.455,0,0,0,0,0.0001,0,0.0001,0,0,0.0001,0.0001,0.0001,0.0001,0,0,0,0.0002,0,0,0,0,0,0.2444,0.3006,0.2444,0.3006,1
0.6004,2.4015,0.6004,0,0.6004,1.2007,1.2007,0.6004,0.6004,0,0.6004,0.6004,0.6004,0,0,0,1.2007,0,1.2007,0,0,0.0001,0,0,0,0.0001,0.0001,0,0,0,0,0,0,0,0,0,0.0001,0,0.0001,0,0.2496,0.15,0.2496,0.15,1
0,0.5553,0,0.5553,1.1105,0.5553,1.1105,0,2.7763,0,0,0.5553,1.1105,0,0.5553,0,2.7763,1.1105,0,0,0,0.0001,0,0.0001,0.0001,0.0001,0.0001,0,0.0003,0,0,0.0001,0.0001,0,0.0001,0,0.0003,0.0001,0,0,0.2014,0.2434,0.2014,0.2434,1
1.0864,0.5432,2.1728,0.5432,0,0,0,0,1.0864,0,0.5432,0.5432,1.0864,0,1.0864,0.5432,1.6296,1.0864,0.5432,1.0864,0.0001,0,0.0001,0,0,0,0,0,0.0001,0,0,0,0.0001,0,0.0001,0,0.0001,0.0001,0,0.0001,0.2214,0.2354,0.2214,0.2354,1
1.7035,0,0,0,0.8518,0,0,0,3.4071,3.4071,0,0,0.8518,0,0,0,0,0.8518,0,0,0.0004,0,0,0,0.0002,0,0,0,0.0009,0.0009,0,0,0.0002,0,0,0,0,0.0002,0,0,0.0535,0.0947,0.0535,0.0947,1
0,1.2982,0.6491,0,0.6491,0,1.2982,0,0.6491,0,0,0.6491,0.6491,0.6491,1.9472,0,1.9472,0.6491,0,0,0,0.0001,0.0001,0,0.0001,0,0.0001,0,0.0001,0,0,0.0001,0.0001,0.0001,0.0002,0,0.0002,0.0001,0,0,0.2125,0.1384,0.2125,0.1384,1
0,0,1.56,0.52,1.04,0,0,1.04,0.52,1.04,0,0.52,0,0,0.52,1.04,0,0,1.56,0,0,0,0.0001,0,0.0001,0,0,0.0001,0,0.0001,0,0,0,0,0,0.0001,0,0,0.0001,0,0.2277,0.2522,0.2277,0.2522,1
1.1249,0,1.1249,0.5624,0.5624,1.6873,0.5624,0,0.5624,1.1249,0,0.5624,0,0.5624,0.5624,0.5624,0.5624,0.5624,0.5624,0,0.0001,0,0.0001,0,0,0.0001,0,0,0,0.0001,0,0,0,0,0,0,0,0,0,0,0.233,0.2046,0.233,0.2046,1
1.0683,0,1.0683,0.5341,0,0,0,0,2.1365,0.5341,0,0.5341,0,0,0.5341,2.1365,1.6024,1.0683,0,0,0.0001,0,0.0001,0.0001,0,0,0,0,0.0003,0.0001,0,0.0001,0,0,0.0001,0.0003,0.0002,0.0001,0,0,0.2208,0.2451,0.2208,0.2451,1
0.6428,0.6428,0,0.6428,0,0.6428,0,0.6428,0.6428,0.6428,1.2857,0.6428,0,0,1.9285,0.6428,1.2857,1.2857,0.6428,0,0.0001,0.0001,0,0.0001,0,0.0001,0,0.0001,0.0001,0.0001,0.0001,0.0001,0,0,0.0002,0.0001,0.0001,0.0001,0.0001,0,0.2043,0.1528,0.2043,0.1528,1
0,0,1.908,0,0,0,0,0.636,0.636,1.272,0,0.636,0.636,0,0.636,0.636,0,1.272,0.636,0,0,0,0.0002,0,0,0,0,0.0001,0.0001,0.0001,0,0.0001,0.0001,0,0.0001,0.0001,0,0.0001,0.0001,0,0.2172,0.1468,0.2172,0.1468,1
0.6917,0,0,0.6917,0,0.6917,0,0,1.3834,1.3834,0.6917,0.6917,0,1.3834,0.6917,0,0.6917,0,0,0,0.0001,0,0,0.0001,0,0.0001,0,0,0.0002,0.0002,0.0001,0.0001,0,0.0002,0.0001,0,0.0001,0,0,0,0.1436,0.1647,0.1436,0.1647,1
1.0359,0,0.518,0,0.518,0.518,0.518,0.518,1.0359,2.5898,0.518,0.518,3.6257,0,1.5539,0.518,0.518,0.518,0,0.518,0.0001,0,0.0001,0,0.0001,0.0001,0.0001,0.0001,0.0001,0.0003,0.0001,0.0001,0.0004,0,0.0002,0.0001,0.0001,0.0001,0,0.0001,0.2196,0.2624,0.2196,0.2624,1
0,0.5976,0,1.7928,0,1.1952,0.5976,1.1952,0.5976,0,0.5976,0,1.7928,1.1952,0,1.1952,0,1.1952,0,0.5976,0,0,0,0.0001,0,0.0001,0,0.0001,0,0,0,0,0.0001,0.0001,0,0.0001,0,0.0001,0,0,0.2061,0.1963,0.2061,0.1963,1
0.5859,0,0,0,0,2.3436,0,0,0,1.1718,0,0,1.7577,0,1.1718,1.7577,0,0,1.7577,0,0,0,0,0,0,0.0002,0,0,0,0.0001,0,0,0.0001,0,0.0001,0.0001,0,0,0.0001,0,0.2143,0.1998,0.2143,0.1998,1
0,3.3068,0,0.5511,0,1.1023,0,1.1023,0.5511,0.5511,1.6534,0.5511,0.5511,0,1.1023,0,1.6534,0.5511,0.5511,0.5511,0,0.0001,0,0,0,0,0,0,0,0,0.0001,0,0,0,0,0,0.0001,0,0,0,0.2327,0.2161,0.2327,0.2161,1
1.2442,0.6221,0,1.8663,0,0.6221,0,0.6221,0.6221,1.2442,0,0,0.6221,0,0,0,1.8663,0,1.2442,0,0.0001,0.0001,0,0.0002,0,0.0001,0,0.0001,0.0001,0.0001,0,0,0.0001,0,0,0,0.0002,0,0.0001,0,0.1976,0.1803,0.1976,0.1803,1
1.4638,0.9759,0.4879,0,0,1.9517,0,1.4638,2.9276,0.9759,0.4879,0.4879,0,0.4879,0,0.4879,0,1.4638,0,0,0.0001,0.0001,0,0,0,0.0001,0,0.0001,0.0002,0.0001,0,0,0,0,0,0,0,0.0001,0,0,0.2683,0.2438,0.2683,0.2438,1
1.1239,3.9336,0,0.5619,0,1.1239,0,1.1239,2.2478,0,1.1239,0.5619,1.1239,0,0,1.1239,1.1239,1.1239,0.5619,0,0,0.0001,0,0,0,0,0,0,0.0001,0,0,0,0,0,0,0,0,0,0,0,0.2115,0.2266,0.2115,0.2266,1
0.6396,0,1.2793,0,0.6396,0,0,0,1.2793,3.1982,0,0,0,0,0,0,0.6396,0.6396,0,0,0.0001,0,0.0001,0,0.0001,0,0,0,0.0001,0.0003,0,0,0,0,0,0,0.0001,0.0001,0,0,0.1508,0.2096,0.1508,0.2096,1
1.1336,0,1.1336,0,1.7005,1.1336,0.5668,0.5668,1.1336,0.5668,0,0.5668,0.5668,0,0.5668,0,0,2.2673,0,0,0.0001,0,0.0001,0,0.0001,0.0001,0,0,0.0001,0,0,0,0,0,0,0,0,0.0002,0,0,0.2747,0.1585,0.2747,0.1585,1
4.2184,0.6026,0,0,0.6026,0,0,0,2.4105,0.6026,0,0,0,0,1.8079,0.6026,0.6026,1.8079,0,0.6026,0.0003,0,0,0,0,0,0,0,0.0002,0,0,0,0,0,0.0001,0,0,0.0001,0,0,0.1979,0.1995,0.1979,0.1995,1
0,0,2.6164,0,1.5699,0,1.0466,0.5233,2.0931,0,0,1.5699,1.5699,0,0.5233,0,0,0,0,0,0,0,0.0002,0,0.0001,0,0.0001,0,0.0002,0,0,0.0001,0.0001,0,0,0,0,0,0,0,0.2426,0.2341,0.2426,0.2341,1
0,0.4779,0.4779,0,0,0.9558,0,0,0.4779,2.3896,0,0,0.4779,0,2.3896,0,0.4779,1.4337,0.4779,0.4779,0,0,0,0,0,0.0001,0,0,0,0.0002,0,0,0,0,0.0002,0,0,0.0001,0,0,0.2709,0.2512,0.2709,0.2512,1
1.4068,2.1102,0,0.7034,2.1102,0,0.7034,0.7034,0,0,0.7034,1.4068,1.4068,0,0,0,1.4068,1.4068,0,0,0.0001,0.0001,0,0,0.0001,0,0,0,0,0,0,0.0001,0.0001,0,0,0,0.0001,0.0001,0,0,0.1428,0.1538,0.1428,0.1538,1
0.5394,0.5394,1.0788,0.5394,1.0788,0,0.5394,1.0788,0.5394,1.0788,1.6182,0,0.5394,0,0.5394,0.5394,1.0788,1.0788,0,1.0788,0,0,0.0001,0,0.0001,0,0,0.0001,0,0.0001,0.0001,0,0,0,0,0,0.0001,0.0001,0,0.0001,0.2613,0.1993,0.2613,0.1993,1
1.3467,0.8978,0.4489,1.3467,0,0,0,0.4489,4.0402,0.8978,0,0.4489,0,0.4489,0,0.8978,0,0.8978,0.4489,0,0.0001,0.0001,0,0.0001,0,0,0,0,0.0003,0.0001,0,0,0,0,0,0.0001,0,0.0001,0,0,0.2363,0.3148,0.2363,0.3148,1
0,0,0.6161,0,1.2321,0,0,1.2321,1.2321,1.8482,0,0.6161,0,2.4643,0,0,0,1.2321,0,0,0,0,0.0001,0,0.0001,0,0,0.0001,0.0001,0.0002,0,0.0001,0,0.0002,0,0,0,0.0001,0,0,0.1728,0.2111,0.1728,0.2111,1
2.4952,0,0,0,0,0,0,0,0.8317,2.4952,0,0,2.4952,0,0,0,0.8317,0.8317,0,0,0.0006,0,0,0,0,0,0,0,0.0002,0.0006,0,0,0.0006,0,0,0,0.0002,0.0002,0,0,0.0852,0.0831,0.0852,0.0831,1
1.6332,0,0,0,0,0.8166,0,0,3.2665,0.8166,0,0,0,0,0,0,1.6332,2.4498,0,0.8166,0.0003,0,0,0,0,0.0002,0,0,0.0007,0.0002,0,0,0,0,0,0,0.0003,0.0005,0,0.0002,0.0734,0.11,0.0734,0.11,1
1.3733,1.3733,1.3733,0,0,0,2.06,0,0,0.6867,0.6867,1.3733,0,0,0,0.6867,0.6867,0,0,0,0.0001,0.0001,0.0001,0,0,0,0.0002,0,0,0.0001,0.0001,0.0001,0,0,0,0.0001,0.0001,0,0,0,0.166,0.1473,0.166,0.1473,1
0.9675,0.4837,0.9675,0,0,1.4512,0.9675,1.4512,0.4837,0.4837,1.4512,0.4837,0,0,0.9675,0,0.4837,0,0,0,0.0001,0,0.0001,0,0,0.0001,0.0001,0.0001,0,0,0.0001,0,0,0,0.0001,0,0,0,0,0,0.2266,0.2897,0.2266,0.2897,1
1.0225,0.5112,0.5112,0.5112,1.0225,0,1.0225,0,1.0225,0.5112,1.0225,0.5112,1.0225,0,2.5562,0.5112,1.0225,0,0,1.0225,0.0001,0,0,0,0.0001,0,0.0001,0,0.0001,0,0.0001,0,0.0001,0,0.0002,0,0.0001,0,0,0.0001,0.2348,0.254,0.2348,0.254,1
0,0,0.5986,0,1.1971,0,1.1971,0,0.5986,1.1971,1.1971,0.5986,0,0.5986,0,1.1971,0.5986,0.5986,1.1971,0,0,0,0,0,0.0001,0,0.0001,0,0,0.0001,0.0001,0,0,0,0,0.0001,0,0,0.0001,0,0.2037,0.1978,0.2037,0.1978,1
0,0,1.868,0,1.2454,0,1.2454,1.2454,0,0,0,1.2454,0.6227,0,0.6227,0.6227,0,0.6227,0,0,0,0,0.0002,0,0.0001,0,0.0001,0.0001,0,0,0,0.0001,0.0001,0,0.0001,0.0001,0,0.0001,0,0,0.1713,0.2061,0.1713,0.2061,1
1.1041,0.5521,1.1041,0,0.5521,0,0,1.6562,1.6562,0,0,0,0.5521,0,0,0.5521,1.1041,2.2083,0,1.1041,0.0001,0,0.0001,0,0,0,0,0.0001,0.0001,0,0,0,0,0,0,0,0.0001,0.0001,0,0.0001,0.2079,0.24,0.2079,0.24,1
0,0.6619,1.3239,0,0,0,0,0.6619,0.6619,1.3239,0.6619,1.9858,0,0,1.3239,0.6619,0,0,0,0.6619,0,0.0001,0.0001,0,0,0,0,0.0001,0.0001,0.0001,0.0001,0.0002,0,0,0.0001,0.0001,0,0,0,0.0001,0.1718,0.1663,0.1718,0.1663,1
0,0,0,0,0.8001,0,0.8001,1.6001,0,0.8001,0,0,0,0,7.2006,0,0.8001,0,0,0,0,0,0,0,0.0003,0,0.0003,0.0005,0,0.0003,0,0,0,0,0.0024,0,0.0003,0,0,0,0.0956,0.1043,0.0956,0.1043,1
0.531,0.531,2.1241,0,0.531,0,0,1.062,0.531,1.062,0,0,0,0,0.531,0.531,0,0,2.1241,0,0,0,0.0001,0,0,0,0,0.0001,0,0.0001,0,0,0,0,0,0,0,0,0.0001,0,0.2846,0.1844,0.2846,0.1844,1
1.7743,0,1.1829,0.5914,0,1.1829,0,2.3658,1.7743,1.1829,0.5914,0,0,0,0,0,0,1.1829,0,0,0.0002,0,0.0001,0.0001,0,0.0001,0,0.0002,0.0002,0.0001,0.0001,0,0,0,0,0,0,0.0001,0,0,0.1877,0.2209,0.1877,0.2209,1
0,0.5645,0.5645,0,0.5645,0,0.5645,0,0.5645,1.129,0.5645,0,3.9516,1.129,1.129,0.5645,2.2581,2.2581,0.5645,0.5645,0,0,0,0,0,0,0,0,0,0.0001,0,0,0.0003,0.0001,0.0001,0,0.0002,0.0002,0,0,0.2175,0.218,0.2175,0.218,1
0.6581,1.9743,0,0,1.9743,0.6581,0,1.9743,1.3162,0.6581,0.6581,0.6581,1.3162,1.3162,0,0,0,1.9743,0.6581,0,0,0.0001,0,0,0.0001,0,0,0.0001,0.0001,0,0,0,0.0001,0.0001,0,0,0,0.0001,0,0,0.1599,0.182,0.1599,0.182,1
2.4432,0,0.8144,0.8144,0.8144,0,0,0,0,0,0.8144,0,0,0,0,3.2576,0,1.6288,0,0.8144,0.0002,0,0.0001,0.0001,0.0001,0,0,0,0,0,0.0001,0,0,0,0,0.0003,0,0.0002,0,0.0001,0.1055,0.0801,0.1055,0.0801,1
0,0.5074,1.5222,0.5074,0.5074,0,0,0.5074,0.5074,1.0148,0,0.5074,0,0,0.5074,1.5222,0.5074,0.5074,1.5222,0,0,0,0.0001,0,0,0,0,0,0,0.0001,0,0,0,0,0,0.0001,0,0,0.0001,0,0.2546,0.238,0.2546,0.238,1
0,1.6567,0.5522,0,0.5522,0.5522,0.5522,1.6567,1.1045,0.5522,0.5522,1.6567,0.5522,0,3.3135,0,0.5522,0.5522,0.5522,0,0,0.0001,0,0,0,0,0,0.0001,0.0001,0,0,0.0001,0,0,0.0002,0,0,0,0,0,0.2509,0.1969,0.2509,0.1969,1
1.4288,0,0.9526,0,1.4288,1.9051,0.4763,0.9526,0.4763,1.4288,0,0,0,0,0.4763,0.9526,0.4763,1.9051,0.4763,0.9526,0.0001,0,0.0001,0,0.0001,0.0001,0,0.0001,0,0.0001,0,0,0,0,0,0.0001,0,0.0001,0,0.0001,0.2672,0.2565,0.2672,0.2565,1
1.0656,1.0656,0.5328,1.0656,1.0656,1.5983,0.5328,0,0,0,0,0.5328,0.5328,0,1.0656,1.5983,0.5328,0.5328,0,0.5328,0.0001,0.0001,0,0.0001,0.0001,0.0001,0,0,0,0,0,0,0,0,0.0001,0.0001,0,0,0,0,0.2553,0.212,0.2553,0.212,1
1.0769,0.5384,0.5384,1.0769,0,0.5384,0,0.5384,1.0769,0.5384,0,0,1.0769,0.5384,1.6153,0,1.6153,0.5384,0,0,0.0001,0.0001,0.0001,0.0001,0,0.0001,0,0.0001,0.0001,0.0001,0,0,0.0001,0.0001,0.0002,0,0.0002,0.0001,0,0,0.2163,0.2453,0.2163,0.2453,1
2.4612,0,0.8204,0,0.8204,0,0,0.8204,0,2.4612,0,0,1.6408,0,0,0.8204,1.6408,1.6408,0,0,0.0003,0,0.0001,0,0.0001,0,0,0.0001,0,0.0003,0,0,0.0002,0,0,0.0001,0.0002,0.0002,0,0,0.0933,0.0863,0.0933,0.0863,1
2.8635,0,1.4317,0.7159,0,0,0,0,0,0.7159,0,0,0,0,0,0,0.7159,2.8635,0,0.7159,0.0003,0,0.0002,0.0001,0,0,0,0,0,0.0001,0,0,0,0,0,0,0.0001,0.0003,0,0.0001,0.1778,0.1063,0.1778,0.1063,1
1.1432,1.1432,1.1432,0.5716,0.5716,0.5716,0.5716,0,0.5716,1.1432,0,0.5716,2.2864,0,0,0,0,1.1432,0.5716,1.1432,0.0001,0.0001,0.0001,0,0,0,0,0,0,0.0001,0,0,0.0001,0,0,0,0,0.0001,0,0.0001,0.173,0.2554,0.173,0.2554,1
2.8764,2.1573,0,0.7191,1.4382,3.5955,0,1.4382,0,0.7191,0,0.7191,0,0,0,0.7191,0.7191,2.8764,0,0,0.0001,0.0001,0,0,0.0001,0.0002,0,0.0001,0,0,0,0,0,0,0,0,0,0.0001,0,0,0.1432,0.1377,0.1432,0.1377,1
0.5538,0,0,0,1.1076,0,0,0,0.5538,2.2152,1.1076,0.5538,0,0.5538,1.6614,0,0,1.1076,0.5538,1.1076,0.0001,0,0,0,0.0001,0,0,0,0.0001,0.0003,0.0001,0.0001,0,0.0001,0.0002,0,0,0.0001,0.0001,0.0001,0.1984,0.2479,0.1984,0.2479,1
0,0.6812,2.0437,0,0.6812,0,0,0.6812,0,2.0437,0.6812,1.3625,0.6812,0,0,2.0437,0,0,0,0,0,0.0001,0.0002,0,0.0001,0,0,0.0001,0,0.0002,0.0001,0.0001,0.0001,0,0,0.0002,0,0,0,0,0.167,0.1517,0.167,0.1517,1
0,0,0,0,0,0,0,0.5377,1.0755,0,1.0755,0.5377,0,0,3.7642,0,0,1.0755,2.151,0.5377,0,0,0,0,0,0,0,0.0001,0.0002,0,0.0002,0.0001,0,0,0.0006,0,0,0.0002,0.0003,0.0001,0.1959,0.2664,0.1959,0.2664,1
0,0,0.5044,0,1.5132,0,1.5132,0,2.0175,2.0175,0.5044,0,0.5044,0.5044,1.5132,0.5044,0.5044,1.0088,0,0,0,0,0.0001,0,0.0002,0,0.0002,0,0.0002,0.0002,0.0001,0,0.0001,0.0001,0.0002,0.0001,0.0001,0.0001,0,0,0.2793,0.2163,0.2793,0.2163,1
0.5804,1.1607,1.1607,0,1.1607,1.7411,0,1.1607,0.5804,0.5804,0,1.1607,0.5804,0,0,1.1607,0,2.9019,0.5804,0,0,0.0001,0.0001,0,0.0001,0.0001,0,0.0001,0,0,0,0.0001,0,0,0,0.0001,0,0.0001,0,0,0.2245,0.1951,0.2245,0.1951,1
2.6463,0,0,1.3232,0.6616,0.6616,0,0,0.6616,0,0,0.6616,0,0,0.6616,0.6616,1.3232,1.9847,0,0.6616,0.0003,0,0,0.0001,0.0001,0.0001,0,0,0.0001,0,0,0.0001,0,0,0.0001,0.0001,0.0001,0.0002,0,0.0001,0.1606,0.1779,0.1606,0.1779,1
0,0,0,1.2438,1.8657,0.6219,0,1.8657,1.2438,0.6219,0,0.6219,2.4877,0,0,0.6219,0,1.2438,0,0,0,0,0,0.0001,0.0002,0.0001,0,0.0002,0.0001,0.0001,0,0.0001,0.0002,0,0,0.0001,0,0.0001,0,0,0.2315,0.1466,0.2315,0.1466,1
0,0.74,0.74,0,0,1.4801,0,0,0.74,0.74,0,0,0.74,0,0,0.74,0,1.4801,2.2201,0,0,0.0001,0.0001,0,0,0.0001,0,0,0.0001,0.0001,0,0,0.0001,0,0,0.0001,0,0.0001,0.0002,0,0.1384,0.1215,0.1384,0.1215,1
2.2561,1.504,0,0.752,1.504,0.752,0,0,0.752,0.752,0.752,0,2.2561,0,0,0,0.752,0.752,0,0.752,0.0001,0.0001,0,0,0.0001,0,0,0,0,0,0,0,0.0001,0,0,0,0,0,0,0,0.1435,0.1045,0.1435,0.1045,1
0.4741,0,0.9481,1.8963,0.4741,0.9481,0.4741,0.9481,1.4222,0.9481,0.9481,0.4741,0,1.8963,0,0.4741,1.4222,0,0.4741,0,0,0,0.0001,0.0002,0,0.0001,0,0.0001,0.0001,0.0001,0.0001,0,0,0.0002,0,0,0.0001,0,0,0,0.2443,0.2817,0.2443,0.2817,1
0.6966,0,0,0,2.7866,1.3933,0,0.6966,0.6966,1.3933,0,0,0,0,0.6966,0,0.6966,0,0,0,0.0001,0,0,0,0.0004,0.0002,0,0.0001,0.0001,0.0002,0,0,0,0,0.0001,0,0.0001,0,0,0,0.1082,0.1952,0.1082,0.1952,1
1.5119,0.756,0,0,0.756,0,0.756,0,0.756,1.5119,0.756,0,0,0,0,0.756,0.756,2.2679,0,0.756,0.0001,0.0001,0,0,0.0001,0,0.0001,0,0.0001,0.0001,0.0001,0,0,0,0,0.0001,0.0001,0.0002,0,0.0001,0.155,0.089,0.155,0.089,1
1.0584,0,0.5292,0,0.5292,1.0584,1.0584,1.0584,1.5876,1.0584,0,0.5292,0.5292,0.5292,0.5292,1.5876,1.0584,0.5292,0,0,0.0001,0,0,0,0,0.0001,0.0001,0.0001,0.0001,0.0001,0,0,0,0,0,0.0001,0.0001,0,0,0,0.2129,0.2579,0.2129,0.2579,1
0.5085,1.017,1.017,0,1.017,0,0,0,1.5255,0.5085,1.017,0,0.5085,0,1.5255,1.017,2.034,1.017,0,1.5255,0,0.0001,0.0001,0,0.0001,0,0,0,0.0001,0,0.0001,0,0,0,0.0001,0.0001,0.0002,0.0001,0,0.0001,0.2793,0.2122,0.2793,0.2122,1
2.1208,0.4242,0.4242,1.2725,0,0,0.4242,0.4242,0.8483,0.8483,0.4242,0.4242,0.8483,0,2.5449,0.8483,0,0,0,0.8483,0.0002,0,0,0.0001,0,0,0,0,0.0001,0.0001,0,0,0.0001,0,0.0002,0.0001,0,0,0,0.0001,0.2854,0.2905,0.2854,0.2905,1
0.7688,0,0,0,1.5376,0,0.7688,0,0,3.844,0,0,0,0,6.9191,0.7688,0,0.7688,0,0,0.0001,0,0,0,0.0002,0,0.0001,0,0,0.0006,0,0,0,0,0.0011,0.0001,0,0.0001,0,0,0.097,0.1342,0.097,0.1342,1
0.5258,0,0,0,0,2.1034,0,0,1.0517,0.5258,0.5258,0,0,0.5258,3.1551,0.5258,1.0517,0,0,0,0.0001,0,0,0,0,0.0003,0,0,0.0001,0.0001,0.0001,0,0,0.0001,0.0004,0.0001,0.0001,0,0,0,0.257,0.2171,0.257,0.2171,1
0,0,1.1755,0.5878,0,1.7633,0,0.5878,0,1.7633,0,0.5878,1.7633,1.1755,0.5878,0,0,0.5878,0,1.1755,0,0,0.0001,0,0,0.0001,0,0,0,0.0001,0,0,0.0001,0.0001,0,0,0,0,0,0.0001,0.1994,0.2129,0.1994,0.2129,1
0,0,0,0,0.7705,0.7705,0,0.7705,0,2.3114,0.7705,0.7705,1.5409,0,0.7705,0,0.7705,0.7705,0,0,0,0,0,0,0.0001,0.0001,0,0.0001,0,0.0004,0.0001,0.0001,0.0002,0,0.0001,0,0.0001,0.0001,0,0,0.1242,0.1054,0.1242,0.1054,1
0,0,0.7385,0,0.7385,0,0,0,0.7385,2.9542,0.7385,0.7385,1.4771,0.7385,0,0,0.7385,1.4771,0,0,0,0,0.0001,0,0.0001,0,0,0,0.0001,0.0004,0.0001,0.0001,0.0002,0.0001,0,0,0.0001,0.0002,0,0,0.1515,0.1099,0.1515,0.1099,1
0.5913,0,0,0,0,2.3652,0,0,0,0.5913,0,0,1.7739,0,1.1826,1.1826,0.5913,0.5913,1.7739,0,0,0,0,0,0,0.0002,0,0,0,0,0,0,0.0001,0,0.0001,0.0001,0,0,0.0001,0,0.2112,0.1975,0.2112,0.1975,1
1.9166,0,1.4375,0.4792,1.4375,0.4792,0.4792,0.4792,0.4792,0,0.9583,1.4375,0,0.4792,1.4375,0,1.4375,0,0,0,0.0002,0,0.0001,0,0.0001,0,0,0,0,0,0.0001,0.0001,0,0,0.0001,0,0.0001,0,0,0,0.3319,0.189,0.3319,0.189,1
0,0,0,0,3.0917,1.0306,0.5153,0,1.0306,1.0306,0.5153,0.5153,0,0,0.5153,0.5153,1.5459,2.0612,0,0.5153,0,0,0,0,0.0003,0.0001,0,0,0.0001,0.0001,0,0,0,0,0,0,0.0001,0.0002,0,0,0.2285,0.2562,0.2285,0.2562,1
1.6481,0.5494,0,0.5494,0.5494,0.5494,0,0.5494,0.5494,1.0987,0,0,0.5494,0,3.8456,0.5494,0.5494,0.5494,0,0,0.0002,0.0001,0,0.0001,0.0001,0.0001,0,0.0001,0.0001,0.0001,0,0,0.0001,0,0.0004,0.0001,0.0001,0.0001,0,0,0.2311,0.2195,0.2311,0.2195,1
0.922,0,0.461,0.922,0,0.922,0,0,3.227,1.844,0.922,0,0,0,1.844,0.461,0,0,0.922,0,0.0001,0,0,0.0001,0,0.0001,0,0,0.0003,0.0001,0.0001,0,0,0,0.0001,0,0,0,0.0001,0,0.2399,0.2991,0.2399,0.2991,1
1.7757,0.5919,1.7757,0,0,0.5919,0,0,0.5919,1.7757,1.1838,1.1838,1.1838,0,0,0,0,0.5919,0.5919,0,0.0001,0,0.0001,0,0,0,0,0,0,0.0001,0.0001,0.0001,0.0001,0,0,0,0,0,0,0,0.1932,0.2149,0.1932,0.2149,1
1.3772,2.0657,0,1.3772,0,2.0657,0,1.3772,0,2.0657,1.3772,0,1.3772,0,0,0,1.3772,2.0657,0,0.6886,0.0001,0.0001,0,0.0001,0,0.0001,0,0.0001,0,0.0001,0.0001,0,0.0001,0,0,0,0.0001,0.0001,0,0,0.1457,0.1657,0.1457,0.1657,1
0,0,1.3261,0,0.663,0,0,1.3261,0.663,0.663,0,0.663,0.663,0,0,0,0.663,0.663,0.663,0.663,0,0,0.0001,0,0.0001,0,0,0.0001,0.0001,0.0001,0,0.0001,0.0001,0,0,0,0.0001,0.0001,0.0001,0.0001,0.15,0.1869,0.15,0.1869,1
0.5656,0,0.5656,0,1.6969,0,0.5656,0.5656,0.5656,2.8282,0.5656,1.1313,0.5656,0,3.3939,0.5656,0,0.5656,1.1313,0,0.0001,0,0.0001,0,0.0002,0,0.0001,0.0001,0.0001,0.0003,0.0001,0.0001,0.0001,0,0.0004,0.0001,0,0.0001,0.0001,0,0.17,0.2643,0.17,0.2643,1
0.5441,0,0.5441,0,1.0883,0.5441,0,0.5441,1.0883,1.0883,0.5441,0.5441,0.5441,0,1.6324,0,0,1.0883,1.0883,0.5441,0.0001,0,0.0001,0,0.0001,0.0001,0,0.0001,0.0001,0.0001,0.0001,0.0001,0.0001,0,0.0002,0,0,0.0001,0.0001,0.0001,0.2259,0.23,0.2259,0.23,1
1.1828,0.5914,0,0.5914,0,1.7743,1.1828,0.5914,0.5914,1.1828,0.5914,0.5914,0,0.5914,0,0,1.7743,1.7743,0,1.7743,0.0001,0,0,0,0,0.0001,0.0001,0,0,0.0001,0,0,0,0,0,0,0.0001,0.0001,0,0.0001,0.2342,0.1744,0.2342,0.1744,1
1.2564,0,0.6282,0.6282,1.2564,0,0.6282,0,0,2.5128,0,0.6282,0.6282,0,0.6282,0.6282,0.6282,0.6282,1.2564,0,0.0001,0,0.0001,0.0001,0.0001,0,0.0001,0,0,0.0002,0,0.0001,0.0001,0,0.0001,0.0001,0.0001,0.0001,0.0001,0,0.1755,0.1963,0.1755,0.1963,1
1.2976,0,0.6488,0,0,2.5953,0.6488,1.2976,0,0,1.2976,0.6488,0.6488,0.6488,0,0.6488,1.2976,1.9464,0,0.6488,0.0001,0,0,0,0,0.0002,0,0.0001,0,0,0.0001,0,0,0,0,0,0.0001,0.0001,0,0,0.1701,0.1811,0.1701,0.1811,1
0.8825,0,0,0,0,0.8825,0,0,0,5.295,0,0,0.8825,0,0,0.8825,0,1.765,2.6475,0,0.0001,0,0,0,0,0.0001,0,0,0,0.0007,0,0,0.0001,0,0,0.0001,0,0.0002,0.0004,0,0.0644,0.0531,0.0644,0.0531,1
2.1374,1.6031,1.0687,0,0,1.6031,0,0.5344,1.0687,1.0687,0,1.0687,0,0,0.5344,1.6031,1.6031,1.0687,0.5344,0,0.0001,0.0001,0.0001,0,0,0.0001,0,0,0.0001,0.0001,0,0.0001,0,0,0,0.0001,0.0001,0.0001,0,0,0.2204,0.2452,0.2204,0.2452,1
2.7766,0.6941,0,1.3883,0,2.7766,0,0.6941,0,3.4707,0,0,0,0,0,0,0.6941,0,0,0,0.0002,0.0001,0,0.0001,0,0.0002,0,0.0001,0,0.0003,0,0,0,0,0,0,0.0001,0,0,0,0.1573,0.1485,0.1573,0.1485,1
0,0,0.544,0,0.544,0.544,0,0,0.544,3.2641,0,0,0.544,0.544,1.632,0.544,0.544,0,0.544,0,0,0,0.0001,0,0.0001,0.0001,0,0,0.0001,0.0003,0,0,0.0001,0.0001,0.0002,0.0001,0.0001,0,0.0001,0,0.2149,0.2411,0.2149,0.2411,1
1.0728,0,0,0,1.6092,0.5364,0,0.5364,1.0728,0,0.5364,0.5364,0,0,3.2185,1.6092,0,0.5364,0,0,0.0001,0,0,0,0.0002,0.0001,0,0.0001,0.0001,0,0.0001,0.0001,0,0,0.0004,0.0002,0,0.0001,0,0,0.2478,0.2158,0.2478,0.2158,1
1.7017,1.7017,1.1345,0.5672,0,1.7017,0,0.5672,0.5672,1.1345,1.1345,0.5672,1.1345,0.5672,0.5672,1.7017,1.1345,0,0.5672,0.5672,0.0001,0.0001,0.0001,0,0,0.0001,0,0,0,0.0001,0.0001,0,0.0001,0,0,0.0001,0.0001,0,0,0,0.1986,0.2342,0.1986,0.2342,1
0.542,0.542,0.542,0,0,0.542,0.542,0,0.542,0.542,2.168,0,0.542,0.542,1.084,0,0.542,0.542,0.542,0,0,0,0,0,0,0,0,0,0,0,0.0002,0,0,0,0.0001,0,0,0,0,0,0.2315,0.2265,0.2315,0.2265,1
0.7566,3.7829,0,0.7566,0,3.0263,0,1.5132,0,2.2697,0,0.7566,0,0,0,0.7566,0,0,0,0,0,0.0002,0,0,0,0.0001,0,0.0001,0,0.0001,0,0,0,0,0,0,0,0,0,0,0.107,0.1364,0.107,0.1364,1
0,0.8059,0,0,0,0.8059,0,0,0,1.6119,0,0.8059,0.8059,0,1.6119,0,1.6119,0.8059,0,0.8059,0,0.0001,0,0,0,0.0001,0,0,0,0.0002,0,0.0001,0.0001,0,0.0002,0,0.0002,0.0001,0,0.0001,0.0893,0.1048,0.0893,0.1048,1
0,2.3646,0,0,0.5911,1.7734,0,0.5911,0,1.1823,0,0,0.5911,0,2.3646,0,0,0,0.5911,0.5911,0,0.0001,0,0,0,0.0001,0,0,0,0.0001,0,0,0,0,0.0001,0,0,0,0,0,0.218,0.1908,0.218,0.1908,1
0.6041,0.6041,0,0,0,1.2081,1.2081,0.6041,1.2081,2.4162,0,0,1.2081,0,0,1.2081,0.6041,4.2284,0,0,0,0,0,0,0,0.0001,0.0001,0,0.0001,0.0002,0,0,0.0001,0,0,0.0001,0,0.0003,0,0,0.1752,0.2207,0.1752,0.2207,1
0.705,4.23,0.705,0,0,1.41,0,0.705,0,0.705,0.705,0.705,2.115,0,0.705,1.41,0.705,1.41,0,1.41,0,0.0002,0,0,0,0.0001,0,0,0,0,0,0,0.0001,0,0,0.0001,0,0.0001,0,0.0001,0.1541,0.1409,0.1541,0.1409,1
2.2468,0,0,0.7489,0,0,0,0,2.9958,0.7489,0,0,0,0,0.7489,0,0.7489,2.9958,0,0.7489,0.0004,0,0,0.0001,0,0,0,0,0.0006,0.0001,0,0,0,0,0.0001,0,0.0001,0.0006,0,0.0001,0.134,0.1171,0.134,0.1171,1
1.0636,0,0,1.5954,1.5954,0.5318,0,0,1.0636,1.5954,0,0,0.5318,0.5318,0.5318,0,0,0.5318,0,0,0.0001,0,0,0.0002,0.0002,0.0001,0,0,0.0001,0.0002,0,0,0.0001,0.0001,0.0001,0,0,0.0001,0,0,0.2003,0.268,0.2003,0.268,1
0.663,0,0,0,0.663,0,1.3259,0,0.663,0.663,1.9889,1.3259,0.663,0,0,0.663,1.3259,0.663,0,0.663,0.0001,0,0,0,0.0001,0,0.0001,0,0.0001,0.0001,0.0002,0.0001,0.0001,0,0,0.0001,0.0001,0.0001,0,0.0001,0.1399,0.1972,0.1399,0.1972,1
1.7938,1.1958,0,0,1.1958,1.1958,0.5979,0,1.1958,1.7938,0,0.5979,0,0,0,0.5979,1.1958,2.3917,0.5979,0.5979,0.0001,0.0001,0,0,0.0001,0.0001,0,0,0.0001,0.0001,0,0,0,0,0,0,0.0001,0.0001,0,0,0.1971,0.205,0.1971,0.205,1
0,0,1.3612,0,0,0,0,0.6806,0.6806,2.0418,0,0.6806,0,0,0,1.3612,0.6806,0.6806,0,0,0,0,0.0001,0,0,0,0,0.0001,0.0001,0.0002,0,0.0001,0,0,0,0.0001,0.0001,0.0001,0,0,0.1742,0.1452,0.1742,0.1452,1
0.5318,0,1.0636,0,0.5318,0.5318,0.5318,0,2.1272,0,0,1.5954,0.5318,0,0.5318,0.5318,1.0636,1.0636,0,0,0.0001,0,0.0001,0,0.0001,0.0001,0.0001,0,0.0003,0,0,0.0002,0.0001,0,0.0001,0.0001,0.0001,0.0001,0,0,0.1914,0.2768,0.1914,0.2768,1
3.3903,0,0,0,0,0.6781,0.6781,0,0,0,0,0,4.7464,0,2.0342,0.6781,2.0342,0.6781,0,0.6781,0.0006,0,0,0,0,0.0001,0.0001,0,0,0,0,0,0.0008,0,0.0003,0.0001,0.0003,0.0001,0,0.0001,0.1309,0.191,0.1309,0.191,1
0,2.6958,0.5392,0.5392,0.5392,2.6958,0,0,0.5392,0.5392,0,1.0783,1.6175,0,1.0783,0,2.6958,1.0783,0,0.5392,0,0.0001,0,0,0,0.0001,0,0,0,0,0,0.0001,0.0001,0,0.0001,0,0.0001,0.0001,0,0,0.2256,0.2352,0.2256,0.2352,1
0.9238,0,0.4619,0.4619,0.4619,0.9238,0.4619,0.4619,1.8475,0.4619,0.9238,1.8475,0,0,1.3856,0.4619,0.4619,0,0.4619,0.4619,0.0001,0,0,0,0,0.0001,0,0,0.0002,0,0.0001,0.0002,0,0,0.0001,0,0,0,0,0,0.2776,0.2605,0.2776,0.2605,1
0,0,0.7009,0,0.7009,0,0,0.7009,1.4018,0,0.7009,0,0,0,0,0.7009,2.1027,0,1.4018,0,0,0,0.0001,0,0.0001,0,0,0.0001,0.0002,0,0.0001,0,0,0,0,0.0001,0.0003,0,0.0002,0,0.145,0.1541,0.145,0.1541,1
0.4685,0.9371,0,0,1.4056,0.4685,0,0,1.4056,0.9371,0.4685,0,0.4685,0,2.8112,0.9371,0,0.4685,0.9371,0,0,0.0001,0,0,0.0001,0,0,0,0.0001,0.0001,0,0,0,0,0.0002,0.0001,0,0,0.0001,0,0.3125,0.219,0.3125,0.219,1
0,0,0.5099,0,1.0198,1.0198,0,1.0198,1.5298,0.5099,1.0198,0,0,0.5099,5.6091,0,1.0198,0,0,0.5099,0,0,0.0001,0,0.0001,0.0001,0,0.0001,0.0002,0.0001,0.0001,0,0,0.0001,0.0007,0,0.0001,0,0,0.0001,0.229,0.2611,0.229,0.2611,1
0.5138,1.0276,0,0.5138,0.5138,0.5138,0,0.5138,0.5138,1.5415,0.5138,0,0,0,2.0553,0,0.5138,0.5138,0,0,0,0.0001,0,0,0,0,0,0,0,0.0001,0,0,0,0,0.0002,0,0,0,0,0,0.2299,0.2562,0.2299,0.2562,1
1.6515,1.6515,0,0,0.8258,0,0,3.3031,0,0.8258,0,0.8258,0.8258,0,1.6515,0,0,0,0,0,0.0001,0.0001,0,0,0.0001,0,0,0.0002,0,0.0001,0,0.0001,0.0001,0,0.0001,0,0,0,0,0,0.0744,0.0998,0.0744,0.0998,1
1.396,0,0,0,0.698,0.698,0,0,0,2.094,0,0,0,0,1.396,0,0.698,0,0.698,0.698,0.0002,0,0,0,0.0001,0.0001,0,0,0,0.0003,0,0,0,0,0.0002,0,0.0001,0,0.0001,0.0001,0.1499,0.1521,0.1499,0.1521,1
0,1.1271,0.5636,1.1271,0.5636,1.6907,0.5636,1.1271,0,3.3813,0,0.5636,0,0,0.5636,0,2.2542,0.5636,0,0,0,0.0001,0,0.0001,0,0.0001,0,0.0001,0,0.0002,0,0,0,0,0,0,0.0002,0,0,0,0.2552,0.1812,0.2552,0.1812,1
1.3541,0,0,0.6771,0,2.7082,0,2.0312,0.6771,0,0.6771,0,0.6771,0,0,2.0312,3.3853,2.7082,0,0,0.0001,0,0,0.0001,0,0.0002,0,0.0002,0.0001,0,0.0001,0,0.0001,0,0,0.0002,0.0003,0.0002,0,0,0.1602,0.1628,0.1602,0.1628,1
2.1798,0.545,1.0899,0.545,0.545,0,0.545,0,0,0.545,0.545,0,0,0,1.6349,0.545,0.545,0.545,0,0,0.0002,0,0.0001,0,0,0,0,0,0,0,0,0,0,0,0.0001,0,0,0,0,0,0.1975,0.2575,0.1975,0.2575,1
1.8832,0.6277,1.2554,0.6277,1.2554,1.8832,0.6277,0,0,0.6277,0.6277,0,0,0.6277,0,0,0,0.6277,0,0.6277,0.0001,0,0.0001,0,0.0001,0.0001,0,0,0,0,0,0,0,0,0,0,0,0,0,0,0.2116,0.1607,0.2116,0.1607,1
1.24,0,0,3.72,0.4133,0,0,0.4133,2.8933,2.0667,0.4133,0.4133,0,0.8267,0,0,0,0,0,0,0.0001,0,0,0.0004,0,0,0,0,0.0003,0.0002,0,0,0,0.0001,0,0,0,0,0,0,0.2671,0.3196,0.2671,0.3196,1
0.6615,1.323,0,0.6615,2.646,0.6615,0,1.323,1.323,0.6615,0,0,2.646,0,0,0.6615,0,1.323,0,0,0,0.0001,0,0,0.0002,0,0,0.0001,0.0001,0,0,0,0.0002,0,0,0,0,0.0001,0,0,0.1853,0.1532,0.1853,0.1532,1
0,0.4736,0.9472,0,0,0,1.4208,0.9472,0.9472,0,1.8944,0,0.4736,0.9472,2.368,0,1.8944,0.9472,0,0.9472,0,0.0001,0.0001,0,0,0,0.0002,0.0001,0.0001,0,0.0002,0,0.0001,0.0001,0.0003,0,0.0002,0.0001,0,0.0001,0.2253,0.3011,0.2253,0.3011,1
1.7354,0,0.5785,0,0.5785,0.5785,0.5785,0.5785,2.8923,0.5785,0,0,0,0,0,0,1.7354,1.1569,0,0.5785,0.0002,0,0.0001,0,0.0001,0.0001,0.0001,0.0001,0.0004,0.0001,0,0,0,0,0,0,0.0002,0.0001,0,0.0001,0.2344,0.1871,0.2344,0.1871,1
1.8931,0,1.8931,1.2621,0,0.631,0,0,0.631,0,1.2621,0,0.631,0,1.2621,0,0,0.631,0,0,0.0002,0,0.0002,0.0001,0,0.0001,0,0,0.0001,0,0.0001,0,0.0001,0,0.0001,0,0,0.0001,0,0,0.2135,0.1554,0.2135,0.1554,1
0.6513,1.3026,1.9539,0,0.6513,0,0.6513,1.9539,0,1.3026,0,0,0.6513,0,0,1.9539,0.6513,0.6513,0,0,0,0.0001,0.0001,0,0,0,0,0.0001,0,0.0001,0,0,0,0,0,0.0001,0,0,0,0,0.1964,0.1523,0.1964,0.1523,1
1.6898,0.8449,0,0,0,0,0,0,4.2244,0.8449,0,0,0,0,0,0,0.8449,1.6898,0,0.8449,0.0003,0.0001,0,0,0,0,0,0,0.0007,0.0001,0,0,0,0,0,0,0.0001,0.0003,0,0.0001,0.0609,0.0942,0.0609,0.0942,1
0.574,0,0,0,1.7219,0,0,0.574,1.7219,1.148,1.7219,1.7219,0,0,0.574,0.574,1.7219,1.148,0,1.148,0.0001,0,0,0,0.0002,0,0,0.0001,0.0002,0.0001,0.0002,0.0002,0,0,0.0001,0.0001,0.0002,0.0001,0,0.0001,0.2071,0.2189,0.2071,0.2189,1
0.7208,0,0,0,0.7208,0,0,0,1.4417,0.7208,0,0,0,0.7208,1.4417,0.7208,0,0.7208,0,0,0.0002,0,0,0,0.0002,0,0,0,0.0003,0.0002,0,0,0,0.0002,0.0003,0.0002,0,0.0002,0,0,0.1891,0.09,0.1891,0.09,1
0.4971,0.4971,0.4971,0,1.4913,0,0.4971,0.4971,2.9826,0,0.4971,0.4971,1.4913,0,2.4855,0.4971,0,0.9942,0,0.4971,0,0,0,0,0.0001,0,0,0,0.0002,0,0,0,0.0001,0,0.0002,0,0,0.0001,0,0,0.3063,0.1966,0.3063,0.1966,1
1.7165,0.5722,0,1.1443,0,0,0,0.5722,0,0,0,1.1443,0,0.5722,5.1495,0,0,0.5722,0.5722,0,0.0002,0.0001,0,0.0001,0,0,0,0.0001,0,0,0,0.0001,0,0.0001,0.0006,0,0,0.0001,0.0001,0,0.2079,0.2199,0.2079,0.2199,1
0.6522,0.6522,0,0,0,0.6522,0,2.6089,1.3044,0,0,0.6522,0,0,0.6522,0,0.6522,0,0,0,0.0001,0.0001,0,0,0,0.0001,0,0.0003,0.0001,0,0,0.0001,0,0,0.0001,0,0.0001,0,0,0,0.1896,0.1582,0.1896,0.1582,1
0.7277,0.7277,0.7277,0,0,0.7277,0,1.4554,0,0,2.9107,1.4554,1.4554,0,0,0.7277,1.4554,0,0,2.183,0,0,0,0,0,0,0,0.0001,0,0,0.0002,0.0001,0.0001,0,0,0,0.0001,0,0,0.0001,0.1573,0.115,0.1573,0.115,1
0.5144,1.5433,0.5144,0.5144,2.0577,0.5144,0.5144,0,1.0289,1.0289,0.5144,0,0.5144,0,0.5144,0,2.0577,0.5144,0.5144,0,0,0.0001,0,0,0.0001,0,0,0,0.0001,0.0001,0,0,0,0,0,0,0.0001,0,0,0,0.2405,0.2451,0.2405,0.2451,1
0.6269,0.6269,1.2539,0,0.6269,0.6269,0,1.2539,0.6269,0.6269,1.2539,1.2539,3.1347,0.6269,0,0.6269,0,1.2539,0,1.2539,0,0,0.0001,0,0,0,0,0.0001,0,0,0.0001,0.0001,0.0002,0,0,0,0,0.0001,0,0.0001,0.2042,0.1689,0.2042,0.1689,1
0,0,0,0,3.4858,0,0,0,3.4858,2.6143,0,0,0.8714,0,0,0,0,0.8714,0,0,0,0,0,0,0.0011,0,0,0,0.0011,0.0008,0,0,0.0003,0,0,0,0,0.0003,0,0,0.0511,0.0774,0.0511,0.0774,1
0.4628,0.9256,0.4628,0,0.9256,0,1.3884,0.4628,0.9256,1.3884,0.4628,0.4628,1.3884,0.4628,1.3884,0,0.4628,1.8512,0,0,0,0.0001,0,0,0.0001,0,0.0001,0,0.0001,0.0001,0,0,0.0001,0,0.0001,0,0,0.0002,0,0,0.2703,0.267,0.2703,0.267,1
0.6013,0,0.6013,0.6013,1.2027,0,0,1.804,1.2027,0.6013,0,0.6013,2.4054,0,0.6013,0.6013,0.6013,1.2027,0,0,0.0001,0,0.0001,0.0001,0.0001,0,0,0.0002,0.0001,0.0001,0,0.0001,0.0002,0,0.0001,0.0001,0.0001,0.0001,0,0,0.2334,0.1653,0.2334,0.1653,1
1.669,0,0,0,0,0,0,0,3.338,0.8345,0,0,0,0,0,0,1.669,3.338,0,0.8345,0.0004,0,0,0,0,0,0,0,0.0009,0.0002,0,0,0,0,0,0,0.0004,0.0009,0,0.0002,0.0621,0.1034,0.0621,0.1034,1
1.695,0,0,0,0.8475,0,0,0,3.39,2.5425,0,0,0,0,0,0,0.8475,1.695,0,0,0.0004,0,0,0,0.0002,0,0,0,0.0008,0.0006,0,0,0,0,0,0,0.0002,0.0004,0,0,0.0566,0.0958,0.0566,0.0958,1
1.3725,0,0.6862,0,0.6862,1.3725,0,0.6862,0,0,0.6862,2.0587,0,0.6862,0,0,0.6862,1.3725,1.3725,0.6862,0.0001,0,0.0001,0,0.0001,0.0001,0,0.0001,0,0,0.0001,0.0002,0,0.0001,0,0,0.0001,0.0001,0.0001,0.0001,0.1832,0.1306,0.1832,0.1306,1
0.6509,1.3017,0,1.3017,0.6509,0,0,0.6509,0,1.9526,0,1.3017,1.9526,0.6509,0.6509,1.3017,1.9526,1.9526,0,0,0,0.0001,0,0.0001,0,0,0,0,0,0.0001,0,0.0001,0.0001,0,0,0.0001,0.0001,0.0001,0,0,0.1885,0.1606,0.1885,0.1606,1
0,0,0.4783,0,0.4783,0,0,2.3914,1.4349,0.4783,0.4783,0.4783,0.4783,0,1.4349,0,1.4349,0.4783,0,0.4783,0,0,0.0001,0,0.0001,0,0,0.0003,0.0002,0.0001,0.0001,0.0001,0.0001,0,0.0002,0,0.0002,0.0001,0,0.0001,0.2204,0.3013,0.2204,0.3013,1
0,0,0.598,0,0.598,0.598,1.1959,0.598,1.7939,0,0.598,0.598,0,0,3.5877,1.1959,0.598,1.7939,0,0,0,0,0.0001,0,0.0001,0.0001,0.0002,0.0001,0.0002,0,0.0001,0.0001,0,0,0.0005,0.0002,0.0001,0.0002,0,0,0.2145,0.1875,0.2145,0.1875,1
0.6695,0,0.6695,0,0.6695,1.3391,0,0,1.3391,0.6695,0.6695,0,0.6695,0,0,0,0,0,1.3391,0,0.0001,0,0.0001,0,0.0001,0.0001,0,0,0.0001,0.0001,0.0001,0,0.0001,0,0,0,0,0,0.0001,0,0.1637,0.1668,0.1637,0.1668,1
0.6206,0.6206,1.8618,0.6206,0.6206,0,0,1.8618,0,1.2412,0,0.6206,0,0,0,1.8618,0.6206,0.6206,0,0.6206,0,0,0.0001,0,0,0,0,0.0001,0,0.0001,0,0,0,0,0,0.0001,0,0,0,0,0.2056,0.1738,0.2056,0.1738,1
0.4956,1.4869,0,0,0.9913,0.4956,0.9913,0.4956,2.9738,0.4956,0.9913,0,0.4956,0.4956,0.9913,0,1.4869,0.9913,0,0,0,0.0001,0,0,0.0001,0,0.0001,0,0.0002,0,0.0001,0,0,0,0.0001,0,0.0001,0.0001,0,0,0.2472,0.2571,0.2472,0.2571,1
1.4391,0,0,0,0,1.4391,0,0.7196,0.7196,5.7565,0,0.7196,0.7196,0,0,1.4391,0,0,0,0,0.0001,0,0,0,0,0.0001,0,0.0001,0.0001,0.0004,0,0.0001,0.0001,0,0,0.0001,0,0,0,0,0.113,0.1674,0.113,0.1674,1
0,0,0,0.5528,1.1056,2.764,0.5528,0,0,1.6584,0,0.5528,0,1.1056,0.5528,0,0,1.6584,0.5528,0,0,0,0,0,0.0001,0.0002,0,0,0,0.0001,0,0,0,0.0001,0,0,0,0.0001,0,0,0.2306,0.2166,0.2306,0.2166,1
1.7289,0,0,0,0.5763,0.5763,0,0,1.7289,1.1526,0,0.5763,0,0.5763,0.5763,1.1526,0.5763,0.5763,0.5763,0.5763,0.0002,0,0,0,0.0001,0.0001,0,0,0.0002,0.0001,0,0.0001,0,0.0001,0.0001,0.0001,0.0001,0.0001,0.0001,0.0001,0.2096,0.2141,0.2096,0.2141,1
1.3702,0,0.6851,0,0,0.6851,0,0.6851,0,1.3702,0,0,0,0,1.3702,0.6851,0.6851,2.0553,0,0,0.0002,0,0.0001,0,0,0.0001,0,0.0001,0,0.0002,0,0,0,0,0.0002,0.0001,0.0001,0.0003,0,0,0.1557,0.1592,0.1557,0.1592,1
1.5094,0,0.5031,0,2.0125,3.0187,0.5031,1.5094,0.5031,0,0,0.5031,0,0,0.5031,1.5094,1.0062,1.5094,0.5031,0,0.0001,0,0,0,0.0001,0.0002,0,0.0001,0,0,0,0,0,0,0,0.0001,0.0001,0.0001,0,0,0.2575,0.2394,0.2575,0.2394,1
0,0.4984,0.4984,0.4984,0.4984,0,0,0.9967,0.9967,0.9967,0,0.4984,0,0,0.9967,0.9967,0,0.4984,1.4951,0.4984,0,0,0,0,0,0,0,0.0001,0.0001,0.0001,0,0,0,0,0.0001,0.0001,0,0,0.0001,0,0.2453,0.2563,0.2453,0.2563,1
1.4061,0.7031,0,0,0.7031,0.7031,0,1.4061,1.4061,0.7031,0,0.7031,0.7031,0,0,1.4061,0,0,0,0.7031,0.0001,0.0001,0,0,0.0001,0.0001,0,0.0001,0.0001,0.0001,0,0.0001,0.0001,0,0,0.0001,0,0,0,0.0001,0.1425,0.1544,0.1425,0.1544,1
1.1256,0.5628,0,1.1256,0,0,1.6885,1.1256,1.6885,0.5628,1.1256,0,0,0,0.5628,0,0.5628,1.6885,0,0,0.0001,0.0001,0,0.0001,0,0,0.0002,0.0001,0.0002,0.0001,0.0001,0,0,0,0.0001,0,0.0001,0.0002,0,0,0.2356,0.2016,0.2356,0.2016,1
0.5843,0,0,0,0.5843,0.5843,0,0,1.7528,0,1.7528,1.1685,0.5843,0.5843,1.1685,0.5843,1.1685,2.9213,0,0.5843,0.0001,0,0,0,0.0001,0.0001,0,0,0.0002,0,0.0002,0.0001,0.0001,0.0001,0.0001,0.0001,0.0001,0.0003,0,0.0001,0.2208,0.1949,0.2208,0.1949,1
2.1091,0.703,0,0.703,0,0.703,0,1.406,0.703,0,0,0,1.406,1.406,1.406,0,1.406,0,0,0,0.0002,0.0001,0,0.0001,0,0.0001,0,0.0001,0.0001,0,0,0,0.0001,0.0001,0.0001,0,0.0001,0,0,0,0.1584,0.1385,0.1584,0.1385,1
1.158,1.158,0,2.316,0,0.579,0,0,0.579,1.158,0.579,0,0,0,0.579,0,1.158,0.579,0,0,0.0001,0.0001,0,0.0002,0,0,0,0,0,0.0001,0,0,0,0,0,0,0.0001,0,0,0,0.2204,0.2006,0.2204,0.2006,1
0,0.6041,1.8123,0,1.2082,1.2082,0,0,0,1.8123,0,0.6041,1.2082,0,0,0.6041,0.6041,0.6041,0.6041,1.2082,0,0,0.0001,0,0.0001,0.0001,0,0,0,0.0001,0,0,0.0001,0,0,0,0,0,0,0.0001,0.1934,0.2025,0.1934,0.2025,1
0.5884,0.5884,2.3537,0,0,0,0.5884,0.5884,0.5884,0,0.5884,0,0,0.5884,0.5884,0,0,1.7653,0,1.1769,0,0,0.0002,0,0,0,0,0,0,0,0,0,0,0,0,0,0,0.0001,0,0.0001,0.2379,0.1737,0.2379,0.1737,1
0.6722,0,0,0,0,0,0.6722,0.6722,0.6722,1.3443,0.6722,0,0,0.6722,1.3443,0,0.6722,0.6722,0,0,0.0002,0,0,0,0,0,0.0002,0.0002,0.0002,0.0003,0.0002,0,0,0.0002,0.0003,0,0.0002,0.0002,0,0,0.1518,0.1761,0.1518,0.1761,1
0.6366,0.6366,0,1.2732,0.6366,1.2732,0,0,0,1.9098,0,0.6366,0.6366,0,0.6366,1.2732,0.6366,1.2732,0,0,0.0001,0.0001,0,0.0001,0.0001,0.0001,0,0,0,0.0002,0,0.0001,0.0001,0,0.0001,0.0001,0.0001,0.0001,0,0,0.1825,0.1809,0.1825,0.1809,1
0.6621,0.6621,1.3243,0.6621,1.9864,0.6621,0,0,0,0.6621,0,0.6621,1.3243,0,1.9864,0,0,0.6621,0,0,0,0,0.0001,0,0.0001,0,0,0,0,0,0,0,0.0001,0,0.0001,0,0,0,0,0,0.1388,0.1991,0.1388,0.1991,1
5.3791,0,0,0,0,0.7684,0,0,1.5369,2.3053,0,0,0.7684,0,1.5369,0,0,1.5369,0,1.5369,0.0007,0,0,0,0,0.0001,0,0,0.0002,0.0003,0,0,0.0001,0,0.0002,0,0,0.0002,0,0.0002,0.0863,0.1453,0.0863,0.1453,1
1.9547,0,0,0,0.6516,0.6516,0.6516,0.6516,1.9547,0.6516,3.2579,1.3032,1.3032,0.6516,0,0,0.6516,0.6516,0.6516,0.6516,0.0001,0,0,0,0,0,0,0,0.0001,0,0.0002,0.0001,0.0001,0,0,0,0,0,0,0,0.1645,0.1839,0.1645,0.1839,1
1.1239,0,0.562,0,0,0,0.562,1.6859,1.6859,0.562,0,0,0,0,0.562,0,1.1239,3.3717,0,0,0.0001,0,0.0001,0,0,0,0.0001,0.0002,0.0002,0.0001,0,0,0,0,0.0001,0,0.0001,0.0004,0,0,0.2006,0.2375,0.2006,0.2375,1
1.5555,0,1.5555,1.037,0.5185,1.5555,0.5185,0.5185,0,2.074,0,0,3.6295,1.037,0.5185,0,0,0.5185,0.5185,0,0.0001,0,0.0001,0.0001,0,0.0001,0,0,0,0.0002,0,0,0.0003,0.0001,0,0,0,0,0,0,0.2484,0.2331,0.2484,0.2331,1
0.7914,0.3957,0.7914,0,0,0,0.7914,1.1872,0.7914,0.7914,0,0.3957,0,0,2.7701,0.3957,0.3957,1.5829,0,0.3957,0.0001,0,0.0001,0,0,0,0.0001,0.0001,0.0001,0.0001,0,0,0,0,0.0002,0,0,0.0001,0,0,0.2644,0.3399,0.2644,0.3399,1
2.0768,0.6923,0,1.3846,0,3.4614,0,0,0,3.4614,0,0,0,0,0,0.6923,0.6923,0.6923,0,0,0.0002,0.0001,0,0.0001,0,0.0003,0,0,0,0.0003,0,0,0,0,0,0.0001,0.0001,0.0001,0,0,0.1529,0.1548,0.1529,0.1548,1
0,0,0.5995,0.5995,2.3979,0.5995,0.5995,0,1.199,0,0,2.3979,1.7984,0,0,0,0.5995,1.199,0,0,0,0,0.0001,0.0001,0.0002,0.0001,0.0001,0,0.0001,0,0,0.0002,0.0002,0,0,0,0.0001,0.0001,0,0,0.2352,0.1653,0.2352,0.1653,1
0.5109,0,0,0,1.5328,0.5109,1.5328,0,1.0219,0,1.5328,0,0,0,6.1313,0.5109,0.5109,0.5109,0,0,0.0001,0,0,0,0.0002,0.0001,0.0002,0,0.0002,0,0.0002,0,0,0,0.0009,0.0001,0.0001,0.0001,0,0,0.3358,0.1533,0.3358,0.1533,1
1.2696,0.6348,0.6348,1.2696,0,2.5392,0,0,0,2.5392,0.6348,0.6348,0,0,0.6348,1.2696,0,0.6348,0,0,0.0001,0,0,0.0001,0,0.0002,0,0,0,0.0002,0,0,0,0,0,0.0001,0,0,0,0,0.1786,0.1866,0.1786,0.1866,1
0,0.9977,0,0,0.9977,0,0.4989,0,2.4943,0.4989,0.4989,0,0.9977,0.9977,2.4943,0.4989,0.9977,0.9977,0,0.4989,0,0.0001,0,0,0.0001,0,0,0,0.0002,0,0,0,0.0001,0.0001,0.0002,0,0.0001,0.0001,0,0,0.2492,0.2519,0.2492,0.2519,1
2.4656,0,1.8492,0,0.6164,0.6164,0,0,0,1.2328,0,0.6164,0,0.6164,0.6164,0,0,0.6164,0,0,0.0002,0,0.0002,0,0.0001,0.0001,0,0,0,0.0001,0,0.0001,0,0.0001,0.0001,0,0,0.0001,0,0,0.1663,0.2173,0.1663,0.2173,1
2.1976,0,1.465,0,0,0,0.7325,0,0,0,0,0,0,0.7325,0,2.1976,0.7325,1.465,0,1.465,0.0003,0,0.0002,0,0,0,0.0001,0,0,0,0,0,0,0.0001,0,0.0003,0.0001,0.0002,0,0.0002,0.1422,0.1253,0.1422,0.1253,1
3.5717,0.5102,1.0205,0,0.5102,1.0205,0.5102,0,1.0205,1.0205,0.5102,0.5102,1.0205,0,0.5102,1.0205,0,0.5102,1.0205,0,0.0002,0,0.0001,0,0,0.0001,0,0,0.0001,0.0001,0,0,0.0001,0,0,0.0001,0,0,0.0001,0,0.2748,0.2149,0.2748,0.2149,1
0,0,1.4182,2.8364,0,0,0.4727,1.4182,0.4727,0.9455,0.4727,0.4727,0,1.8909,0.4727,1.4182,0.4727,0,0.9455,0.4727,0,0,0.0001,0.0002,0,0,0,0.0001,0,0.0001,0,0,0,0.0002,0,0.0001,0,0,0.0001,0,0.251,0.2763,0.251,0.2763,1
2.7847,0.6962,0.6962,1.3924,0,1.3924,0,0,0.6962,0.6962,0,0.6962,0,0,0.6962,0.6962,2.0885,1.3924,0,0,0.0002,0.0001,0.0001,0.0001,0,0.0001,0,0,0.0001,0.0001,0,0.0001,0,0,0.0001,0.0001,0.0002,0.0001,0,0,0.1582,0.1456,0.1582,0.1456,1
0,3.517,1.5073,0.5024,0.5024,0.5024,0,0,1.0049,0,1.5073,1.0049,1.0049,0,0.5024,0.5024,1.0049,1.0049,0.5024,0.5024,0,0.0001,0.0001,0,0,0,0,0,0,0,0.0001,0,0,0,0,0,0,0,0,0,0.2229,0.2746,0.2229,0.2746,1
0.6957,0,0,1.3915,0,0.6957,0,0.6957,0.6957,0,0.6957,0,1.3915,0,1.3915,0,0.6957,2.0872,0,0,0.0001,0,0,0.0002,0,0.0001,0,0.0001,0.0001,0,0.0001,0,0.0002,0,0.0002,0,0.0001,0.0003,0,0,0.1308,0.1735,0.1308,0.1735,1
3.2465,0,0.5411,1.0822,0.5411,0.5411,0.5411,0,0,1.0822,0,0,0,0,1.6232,0,1.6232,0,0,0,0.0004,0,0.0001,0.0001,0.0001,0.0001,0.0001,0,0,0.0001,0,0,0,0,0.0002,0,0.0002,0,0,0,0.1984,0.2605,0.1984,0.2605,1
0.5611,0.5611,1.6832,0.5611,0.5611,0,0,0,0.5611,1.1221,0,0,0.5611,0.5611,1.1221,0,1.1221,0.5611,0,0,0,0,0.0001,0,0,0,0,0,0,0.0001,0,0,0,0,0.0001,0,0.0001,0,0,0,0.2243,0.2146,0.2243,0.2146,1
0.9296,0.4648,0.9296,0.9296,1.3944,0.4648,1.3944,0.4648,0.9296,0.9296,0.9296,0,0.9296,0.4648,0.9296,0.4648,0,0,0.4648,0.4648,0.0001,0,0.0001,0.0001,0.0001,0,0.0001,0,0.0001,0.0001,0.0001,0,0.0001,0,0.0001,0,0,0,0,0,0.2541,0.2811,0.2541,0.2811,1
1.6089,0,0,0,1.6089,2.4134,0,0,0,0,0.8045,0,0.8045,0.8045,0,0,0,2.4134,0.8045,0,0.0002,0,0,0,0.0002,0.0003,0,0,0,0,0.0001,0,0.0001,0.0001,0,0,0,0.0003,0.0001,0,0.1043,0.0912,0.1043,0.0912,1
0,0,0.3977,3.1818,0.3977,0,0,1.1932,3.1818,0.3977,0,0.3977,0,0.7955,0,0.3977,0.3977,0,0.7955,0.3977,0,0,0,0.0003,0,0,0,0.0001,0.0003,0,0,0,0,0.0001,0,0,0,0,0.0001,0,0.2578,0.3445,0.2578,0.3445,1
0,0.5391,0,0,0.5391,0.5391,0,0.5391,0.5391,1.6173,0,0,0.5391,0,2.1565,0,1.0782,0.5391,0.5391,0.5391,0,0.0001,0,0,0.0001,0.0001,0,0.0001,0.0001,0.0002,0,0,0.0001,0,0.0002,0,0.0001,0.0001,0.0001,0.0001,0.2311,0.2297,0.2311,0.2297,1
2.0105,0,0,0,0,0.6702,0,1.3403,2.6806,2.0105,0.6702,0,0,0,1.3403,0,0.6702,3.3508,0,0.6702,0.0003,0,0,0,0,0.0001,0,0.0002,0.0003,0.0003,0.0001,0,0,0,0.0002,0,0.0001,0.0004,0,0.0001,0.1366,0.1933,0.1366,0.1933,1
0,0,0,0,2.5917,0,0,0,3.4556,2.5917,0,0,0.8639,0,0,0,0,1.7278,0,0,0,0,0,0,0.0007,0,0,0,0.001,0.0007,0,0,0.0002,0,0,0,0,0.0005,0,0,0.0535,0.0826,0.0535,0.0826,1
1.6286,0.8143,0.8143,0.8143,0,0,0,0,0,0,0,0.8143,5.7,0,0,0.8143,0,0.8143,0,0,0.0002,0.0001,0.0001,0.0001,0,0,0,0,0,0,0,0.0001,0.0005,0,0,0.0001,0,0.0001,0,0,0.1103,0.0754,0.1103,0.0754,1
0.8607,0.8607,0.8607,1.7215,0.4304,0.4304,0.4304,0.4304,2.5822,0.8607,0.4304,0.4304,0,0.4304,0,0.4304,0.4304,0,0,1.2911,0.0001,0.0001,0.0001,0.0001,0,0,0,0,0.0002,0.0001,0,0,0,0,0,0,0,0,0,0.0001,0.2616,0.308,0.2616,0.308,1
0.5694,1.1388,0.5694,0,0.5694,2.8471,0,0.5694,0,0,0,0,0.5694,0.5694,1.7082,0.5694,0.5694,2.8471,0,0,0,0.0001,0,0,0,0.0002,0,0,0,0,0,0,0,0,0.0001,0,0,0.0002,0,0,0.1876,0.243,0.1876,0.243,1
0.6225,0.6225,0,0.6225,1.2449,0,0,0,1.2449,1.8674,0,0,0.6225,0,0.6225,0,1.8674,0,0.6225,0,0.0001,0.0001,0,0.0001,0.0001,0,0,0,0.0001,0.0002,0,0,0.0001,0,0.0001,0,0.0002,0,0.0001,0,0.1644,0.2132,0.1644,0.2132,1
0.9217,0.4608,0.4608,0,0.9217,1.3825,0,0.4608,0.9217,0.9217,0.9217,0.4608,0.4608,0,1.3825,0,0.9217,1.8434,0,0.4608,0.0001,0,0,0,0.0001,0.0001,0,0,0.0001,0.0001,0.0001,0,0,0,0.0001,0,0.0001,0.0001,0,0,0.2556,0.2836,0.2556,0.2836,1
4.0764,0,0,0,0,0,0,0.8153,1.6305,3.2611,0,0,0.8153,0,1.6305,0.8153,0,1.6305,0,0,0.0006,0,0,0,0,0,0,0.0001,0.0002,0.0005,0,0,0.0001,0,0.0002,0.0001,0,0.0002,0,0,0.0791,0.1056,0.0791,0.1056,1
2.8257,0,0,0.4709,0,0,0.4709,0.9419,0.9419,2.3547,0,0,1.4128,0.4709,0.9419,0.4709,0,0.9419,0.9419,0.9419,0.0002,0,0,0,0,0,0,0.0001,0.0001,0.0002,0,0,0.0001,0,0.0001,0,0,0.0001,0.0001,0.0001,0.2374,0.2917,0.2374,0.2917,1
4.8629,0.5403,0,0,0,0,0.5403,1.0806,1.621,1.621,0.5403,0,0,0.5403,0.5403,0.5403,1.0806,2.1613,0,0,0.0004,0,0,0,0,0,0,0.0001,0.0001,0.0001,0,0,0,0,0,0,0.0001,0.0002,0,0,0.2248,0.2349,0.2248,0.2349,1
0.7194,0,0.7194,0,2.1581,0.7194,0,0.7194,0.7194,0.7194,0,0,0.7194,0,0,0.7194,1.4387,1.4387,0,0,0.0001,0,0.0001,0,0.0002,0.0001,0,0.0001,0.0001,0.0001,0,0,0.0001,0,0,0.0001,0.0002,0.0002,0,0,0.1371,0.1436,0.1371,0.1436,1
0.5615,0.5615,0.5615,1.6844,1.1229,0,0.5615,1.1229,0,2.8073,0.5615,0,3.3688,0.5615,0.5615,0,0,1.1229,0.5615,1.1229,0,0,0,0.0001,0.0001,0,0,0.0001,0,0.0002,0,0,0.0003,0,0,0,0,0.0001,0,0.0001,0.2497,0.1888,0.2497,0.1888,1
0.7251,0,0,0.7251,2.1753,0,0,0,0.7251,2.1753,0,0,0.7251,0.7251,0,0.7251,0,1.4502,0.7251,1.4502,0.0001,0,0,0.0001,0.0003,0,0,0,0.0001,0.0003,0,0,0.0001,0.0001,0,0.0001,0,0.0002,0.0001,0.0002,0.1828,0.0921,0.1828,0.0921,1
0.6462,0,0,0,1.2925,2.585,1.2925,1.9387,0.6462,1.2925,0,0,0,0,0,0,1.2925,0.6462,0,0,0.0001,0,0,0,0.0001,0.0002,0.0001,0.0002,0.0001,0.0001,0,0,0,0,0,0,0.0001,0.0001,0,0,0.1703,0.1835,0.1703,0.1835,1
0.7514,0.7514,1.5028,0,0.7514,0,0,1.5028,0,1.5028,0,0,0.7514,0,0,0.7514,0.7514,0,0,0.7514,0.0001,0.0001,0.0001,0,0.0001,0,0,0.0001,0,0.0001,0,0,0.0001,0,0,0.0001,0.0001,0,0,0.0001,0.1355,0.1131,0.1355,0.1131,1
0.6049,1.2098,0,0,1.8147,1.2098,1.8147,1.2098,0,0,0,0,1.2098,0.6049,1.2098,0,0.6049,1.2098,0,0,0,0.0001,0,0,0.0001,0.0001,0.0001,0.0001,0,0,0,0,0.0001,0,0.0001,0,0,0.0001,0,0,0.1977,0.1974,0.1977,0.1974,1
0,0.5484,0,0,0,0.5484,0,0,1.0967,0.5484,0.5484,0,2.7418,0,3.2902,0,0,0,0.5484,0,0,0.0001,0,0,0,0.0001,0,0,0.0001,0.0001,0.0001,0,0.0003,0,0.0003,0,0,0,0.0001,0,0.23,0.2217,0.23,0.2217,1
0,3.6612,0.6102,0.6102,0,3.051,0,0.6102,0,1.2204,0,0.6102,1.8306,0.6102,0.6102,0.6102,2.4408,0.6102,0.6102,0,0,0.0001,0,0,0,0.0001,0,0,0,0,0,0,0.0001,0,0,0,0.0001,0,0,0,0.1777,0.2121,0.1777,0.2121,1
0.7206,0,0,0,0.7206,0,0,1.4411,1.4411,0,0,0.7206,0,0,1.4411,0.7206,0,0,0,0,0.0002,0,0,0,0.0002,0,0,0.0003,0.0003,0,0,0.0002,0,0,0.0003,0.0002,0,0,0,0,0.1908,0.0886,0.1908,0.0886,1
1.5713,0,0.7857,0,0,1.5713,0,0,0,5.4997,0,0,0,0,0,0,0,0.7857,0.7857,0.7857,0.0002,0,0.0001,0,0,0.0002,0,0,0,0.0007,0,0,0,0,0,0,0,0.0001,0.0001,0.0001,0.0962,0.1181,0.0962,0.1181,1
0.5982,0,0.5982,0,0,0.5982,1.1965,0.5982,1.7947,0,0.5982,0,0.5982,0,6.5807,0.5982,0.5982,1.7947,0.5982,0,0.0001,0,0.0001,0,0,0.0001,0.0001,0.0001,0.0002,0,0.0001,0,0.0001,0,0.0008,0.0001,0.0001,0.0002,0.0001,0,0.1727,0.2291,0.1727,0.2291,1
0.6054,1.2108,0,0,0.6054,1.8163,1.2108,0.6054,0.6054,0,1.2108,0,1.8163,0,0,1.2108,0.6054,1.2108,0.6054,1.8163,0,0.0001,0,0,0,0.0001,0.0001,0,0,0,0.0001,0,0.0001,0,0,0.0001,0,0.0001,0,0.0001,0.2019,0.1926,0.2019,0.1926,1
0.5639,1.6916,0.5639,0,0,2.8193,0.5639,0,0.5639,2.8193,0,0.5639,0.5639,0,1.6916,0.5639,0,1.1277,0,1.1277,0,0.0001,0,0,0,0.0001,0,0,0,0.0001,0,0,0,0,0.0001,0,0,0.0001,0,0.0001,0.1976,0.2385,0.1976,0.2385,1
0.9573,0,0.4787,0,0.4787,0,0,0,0.9573,0.9573,0,0.9573,0,0.4787,2.872,0.4787,0,0,0.9573,0.4787,0.0001,0,0.0001,0,0.0001,0,0,0,0.0001,0.0001,0,0.0001,0,0.0001,0.0003,0.0001,0,0,0.0001,0.0001,0.3017,0.2197,0.3017,0.2197,1
2.0606,2.5757,1.5454,0.5151,0.5151,0.5151,0,0.5151,1.5454,0.5151,0.5151,0.5151,1.0303,0.5151,0.5151,0,1.0303,1.0303,0,0,0.0001,0.0001,0.0001,0,0,0,0,0,0.0001,0,0,0,0,0,0,0,0,0,0,0,0.3157,0.1692,0.3157,0.1692,1
0,0,0.5257,0,0,0.5257,0,0,1.577,0.5257,0,1.577,0,0.5257,1.577,0,1.577,1.577,0,0.5257,0,0,0.0001,0,0,0.0001,0,0,0.0002,0.0001,0,0.0002,0,0.0001,0.0002,0,0.0002,0.0002,0,0.0001,0.2209,0.2534,0.2209,0.2534,1
0.5439,0.5439,0,0,0.5439,2.7197,0.5439,0,0.5439,0.5439,0,0.5439,0.5439,0,2.1758,0,0,1.0879,0.5439,0.5439,0,0,0,0,0,0.0002,0,0,0,0,0,0,0,0,0.0002,0,0,0.0001,0,0,0.1991,0.257,0.1991,0.257,1
0.5128,0.5128,0,1.0256,1.0256,0,0,0,1.5384,0,1.0256,0.5128,2.564,0,1.0256,0,1.0256,1.0256,0.5128,1.5384,0,0,0,0.0001,0.0001,0,0,0,0.0001,0,0.0001,0,0.0002,0,0.0001,0,0.0001,0.0001,0,0.0001,0.2465,0.2407,0.2465,0.2407,1
1.5947,0,0.5316,1.0631,0.5316,0,0,0,1.5947,0.5316,0.5316,0,0,0,2.1263,1.5947,0,1.0631,0,0,0.0002,0,0.0001,0.0001,0.0001,0,0,0,0.0002,0.0001,0.0001,0,0,0,0.0002,0.0002,0,0.0001,0,0,0.2032,0.2652,0.2032,0.2652,1
0,0,0,1.4136,0.4712,0,0.4712,0.4712,1.4136,1.8849,1.8849,0.9424,0,0,1.4136,0,0.4712,0.4712,0,0,0,0,0,0.0001,0,0,0,0,0.0001,0.0002,0.0002,0.0001,0,0,0.0001,0,0,0,0,0,0.2592,0.2695,0.2592,0.2695,1
0.5847,0,0.5847,0,1.1695,0.5847,0,0.5847,0.5847,1.1695,1.1695,0,4.0932,0,0.5847,0,3.5084,1.1695,0.5847,1.1695,0,0,0,0,0.0001,0,0,0,0,0.0001,0.0001,0,0.0003,0,0,0,0.0003,0.0001,0,0.0001,0.2242,0.1911,0.2242,0.1911,1
0,0.5641,1.1283,1.1283,0,2.2565,0,1.1283,0.5641,1.6924,0.5641,0.5641,0,0,3.9489,1.6924,0.5641,0,0,0,0,0,0.0001,0.0001,0,0.0002,0,0.0001,0,0.0001,0,0,0,0,0.0003,0.0001,0,0,0,0,0.201,0.2348,0.201,0.2348,1
0.5538,0.5538,2.2153,0.5538,0.5538,0,0,0.5538,1.1077,1.6615,0,0,0,0,0,0,0.5538,1.1077,1.1077,0,0,0,0.0001,0,0,0,0,0,0.0001,0.0001,0,0,0,0,0,0,0,0.0001,0.0001,0,0.1919,0.2543,0.1919,0.2543,1
1.0874,0,1.0874,1.0874,0,0,0,0,2.1747,1.6311,0,1.0874,0,0,0,1.0874,0.5437,1.0874,0,0,0.0001,0,0.0001,0.0001,0,0,0,0,0.0002,0.0002,0,0.0001,0,0,0,0.0001,0.0001,0.0001,0,0,0.2303,0.226,0.2303,0.226,1
0.574,0,1.148,0,1.148,1.148,0,0,2.8701,0.574,1.148,0,0,0,0,1.148,0.574,0.574,0,0.574,0,0,0.0001,0,0.0001,0.0001,0,0,0.0002,0,0.0001,0,0,0,0,0.0001,0,0,0,0,0.1994,0.2266,0.1994,0.2266,1
3.2552,0,0,0,0,0,0,0.8138,1.6276,3.2552,0.8138,0,1.6276,0,1.6276,0,0,3.2552,0,0,0.0005,0,0,0,0,0,0,0.0001,0.0002,0.0005,0.0001,0,0.0002,0,0.0002,0,0,0.0005,0,0,0.0788,0.1074,0.0788,0.1074,1
0,0,0.3991,3.1928,0,0,0,1.1973,3.1928,0.3991,0,0.3991,0,0.7982,0,0.3991,0.3991,0.3991,0.7982,0.3991,0,0,0,0.0003,0,0,0,0.0001,0.0003,0,0,0,0,0.0001,0,0,0,0,0.0001,0,0.2557,0.3452,0.2557,0.3452,1
0,0,0,0,1.7001,0.8501,0.8501,0,0,0.8501,1.7001,0,3.4002,0,0,0,1.7001,1.7001,0,0,0,0,0,0,0.0005,0.0002,0.0002,0,0,0.0002,0.0005,0,0.001,0,0,0,0.0005,0.0005,0,0,0.0672,0.0828,0.0672,0.0828,1
1.5109,0.5036,1.5109,0,0,1.0072,0,0,1.0072,1.0072,1.0072,0.5036,3.0217,0.5036,0,0.5036,0.5036,1.5109,1.0072,0,0.0001,0,0.0001,0,0,0.0001,0,0,0.0001,0.0001,0.0001,0,0.0002,0,0,0,0,0.0001,0.0001,0,0.2617,0.2347,0.2617,0.2347,1
0.9627,0,0.4813,0.4813,0.4813,1.444,0,0,0.4813,0.4813,0.9627,0.4813,0,0.4813,1.9254,0.4813,1.444,0.9627,0.4813,0.9627,0.0001,0,0,0,0,0.0001,0,0,0,0,0.0001,0,0,0,0.0002,0,0.0001,0.0001,0,0.0001,0.2742,0.2445,0.2742,0.2445,1
1.7423,0,0,0,0.8712,0.8712,0,0,0,4.3558,0.8712,0.8712,0,0.8712,0,0.8712,0,0.8712,0,0,0.0002,0,0,0,0.0001,0.0001,0,0,0,0.0006,0.0001,0.0001,0,0.0001,0,0.0001,0,0.0001,0,0,0.0637,0.0651,0.0637,0.0651,1
0.4594,0,0,0,2.2969,0,1.3782,0.9188,2.2969,0,0,0,0.4594,0,1.3782,0,0.9188,2.2969,0,0.9188,0.0001,0,0,0,0.0004,0,0.0002,0.0001,0.0004,0,0,0,0.0001,0,0.0002,0,0.0001,0.0004,0,0.0001,0.2501,0.2905,0.2501,0.2905,1
0.6564,0,0,1.3129,1.9693,0,0,1.3129,0.6564,1.3129,0.6564,0.6564,2.6258,0,0,0.6564,0,1.3129,0,0,0.0001,0,0,0.0001,0.0002,0,0,0.0001,0.0001,0.0001,0.0001,0.0001,0.0002,0,0,0.0001,0,0.0001,0,0,0.1864,0.1571,0.1864,0.1571,1
0,0,0,0,0.9982,1.4973,0,0.4991,1.9964,3.9928,0,0,0,0,0.9982,0,0,0,0,0,0,0,0,0,0.0001,0.0002,0,0.0001,0.0002,0.0004,0,0,0,0,0.0001,0,0,0,0,0,0.2104,0.2905,0.2104,0.2905,1
0,0,0,0,1.5066,0.7533,0,2.2599,0.7533,2.2599,0,0.7533,0.7533,0,0,0,0.7533,0,0,0,0,0,0,0,0.0002,0.0001,0,0.0002,0.0001,0.0002,0,0.0001,0.0001,0,0,0,0.0001,0,0,0,0.1107,0.136,0.1107,0.136,1
0.9154,0,0,0,0,1.3731,0,2.2885,3.204,0.9154,0,0.9154,0,0,1.3731,0.9154,0,0,0.9154,0,0.0001,0,0,0,0,0.0001,0,0.0002,0.0002,0.0001,0,0.0001,0,0,0.0001,0.0001,0,0,0.0001,0,0.2489,0.2934,0.2489,0.2934,1
1.3871,0,1.3871,0.4624,0.4624,0,1.3871,1.3871,0.9247,0.4624,0,0.4624,0,0.4624,0.4624,0,0.4624,1.3871,0,0.9247,0.0001,0,0.0001,0,0,0,0.0001,0.0001,0.0001,0,0,0,0,0,0,0,0,0.0001,0,0.0001,0.2468,0.2909,0.2468,0.2909,1
0,0.4828,0,0.4828,0.4828,0.4828,1.4484,0.4828,1.9312,0.9656,1.9312,0,0.4828,0,3.3796,0,0.4828,0.4828,0,0,0,0,0,0,0,0,0.0001,0,0.0002,0.0001,0.0002,0,0,0,0.0003,0,0,0,0,0,0.2553,0.2619,0.2553,0.2619,1
2.2248,2.2248,0,0,0,0,0.7416,0.7416,1.4832,0.7416,1.4832,0,0.7416,0,0.7416,0,0,0.7416,0,0,0.0001,0.0001,0,0,0,0,0,0,0.0001,0,0.0001,0,0,0,0,0,0,0,0,0,0.1491,0.1093,0.1491,0.1093,1
0.6348,0,0,0,1.2696,1.9043,0,0.6348,1.2696,1.9043,1.9043,0,0.6348,0,1.9043,1.2696,0,1.2696,0,0,0,0,0,0,0.0001,0.0001,0,0,0.0001,0.0001,0.0001,0,0,0,0.0001,0.0001,0,0.0001,0,0,0.1484,0.2168,0.1484,0.2168,1
0,0.4886,0.4886,0.9772,0,0.9772,0.4886,0.4886,1.4657,0.4886,0.4886,0.9772,0.4886,0.4886,2.4429,0,0.9772,0,0,0.4886,0,0,0,0.0001,0,0.0001,0,0,0.0001,0,0,0.0001,0,0,0.0002,0,0.0001,0,0,0,0.2252,0.2863,0.2252,0.2863,1
0.9537,0,0.4769,0,1.4306,0.4769,0.9537,0,0.4769,1.9074,0.4769,0,0,0,1.4306,0,0.4769,2.3843,0.4769,0,0.0001,0,0.0001,0,0.0002,0.0001,0.0001,0,0.0001,0.0002,0.0001,0,0,0,0.0002,0,0.0001,0.0003,0.0001,0,0.2709,0.2522,0.2709,0.2522,1
1.0406,0,0.5203,0.5203,0.5203,1.0406,0,0,1.561,0.5203,0.5203,2.6016,0,0,0.5203,1.561,1.0406,0.5203,0.5203,0.5203,0.0001,0,0,0,0,0.0001,0,0,0.0001,0,0,0.0002,0,0,0,0.0001,0.0001,0,0,0,0.2301,0.2496,0.2301,0.2496,1
0.6821,0,0.6821,0,0,2.0462,0,1.3641,0.6821,0,1.3641,0.6821,0,0,0.6821,1.3641,0.6821,0,0,0,0.0001,0,0.0001,0,0,0.0002,0,0.0001,0.0001,0,0.0001,0.0001,0,0,0.0001,0.0001,0.0001,0,0,0,0.2134,0.1046,0.2134,0.1046,1
1.6999,0,0,0,2.5498,0,0,0,3.3998,1.6999,0,0,0,0,0,0,0.8499,0.8499,0,0,0.0004,0,0,0,0.0007,0,0,0,0.0009,0.0004,0,0,0,0,0,0,0.0002,0.0002,0,0,0.0514,0.0986,0.0514,0.0986,1
0.5254,0.5254,0.5254,1.5762,0.5254,0.5254,0,0,0,2.1015,0,0,2.6269,0,1.0508,0,1.0508,0.5254,0.5254,1.0508,0,0,0,0.0001,0,0,0,0,0,0.0002,0,0,0.0002,0,0.0001,0,0.0001,0,0,0.0001,0.248,0.2267,0.248,0.2267,1
0.6839,0,0.6839,0.6839,0,0.6839,0,0.6839,0.6839,0.6839,0,2.7355,1.3677,0,0.6839,0,0.6839,0,0,0,0.0001,0,0.0001,0.0001,0,0.0001,0,0.0001,0.0001,0.0001,0,0.0003,0.0002,0,0.0001,0,0.0001,0,0,0,0.1652,0.1509,0.1652,0.1509,1
0.6761,1.3521,0.6761,1.3521,0.6761,0.6761,0,0,0,0.6761,0.6761,0,0.6761,0,1.3521,2.0282,0,0,0,0,0,0.0001,0,0.0001,0,0,0,0,0,0,0,0,0,0,0.0001,0.0001,0,0,0,0,0.2222,0.1017,0.2222,0.1017,1
2.037,0.679,0,0.679,1.358,3.395,0,0,0.679,1.358,0.679,0.679,0,0,0,2.037,2.037,2.037,0,0,0.0001,0,0,0,0.0001,0.0002,0,0,0,0.0001,0,0,0,0,0,0.0001,0.0001,0.0001,0,0,0.1805,0.1405,0.1805,0.1405,1
0,3.5304,0,0.5884,0,2.942,0,0,0.5884,1.1768,0,0.5884,1.7652,0,0.5884,0.5884,2.942,1.7652,0.5884,0,0,0.0001,0,0,0,0.0001,0,0,0,0,0,0,0.0001,0,0,0,0.0001,0.0001,0,0,0.2135,0.1981,0.2135,0.1981,1
2.4194,0,0,0.8065,0,0,0,0.8065,0,0.8065,0,1.6129,0,0.8065,0,0,1.6129,2.4194,0,0,0.0003,0,0,0.0001,0,0,0,0.0001,0,0.0001,0,0.0002,0,0.0001,0,0,0.0002,0.0003,0,0,0.0997,0.0938,0.0997,0.0938,1
0.4529,0.4529,0,3.6229,0,0,0,0.4529,3.1701,0.4529,0.4529,0.9057,0,1.3586,0,0,0,0.4529,0.4529,0,0,0,0,0.0003,0,0,0,0,0.0003,0,0,0.0001,0,0.0001,0,0,0,0,0,0,0.243,0.3041,0.243,0.3041,1
1.7746,0.4437,0,0,1.7746,0.8873,0,0.4437,2.2183,0.4437,0,0,0,0,1.7746,0,0,0,0,0.4437,0.0002,0,0,0,0.0002,0.0001,0,0,0.0002,0,0,0,0,0,0.0002,0,0,0,0,0,0.2474,0.309,0.2474,0.309,1
0.6949,0,0,0.6949,0,1.3898,0,0,0.6949,1.3898,0.6949,0,0.6949,0,0.6949,0.6949,0,0.6949,0,0,0.0001,0,0,0.0001,0,0.0002,0,0,0.0001,0.0002,0.0001,0,0.0001,0,0.0001,0.0001,0,0.0001,0,0,0.1803,0.1248,0.1803,0.1248,1
2.8819,0,0,0,0,0,0,0,0.9606,0,0,0,0,0,5.7637,0.4803,0,0,0,0,0.0004,0,0,0,0,0,0,0,0.0001,0,0,0,0,0,0.0008,0.0001,0,0,0,0,0.234,0.2856,0.234,0.2856,1
0.5082,0,0.5082,1.5246,0.5082,0,1.0164,0.5082,0.5082,0,0.5082,0.5082,1.0164,0,2.0329,0,0,1.5246,0.5082,0,0.0001,0,0.0001,0.0002,0.0001,0,0.0001,0.0001,0.0001,0,0.0001,0.0001,0.0001,0,0.0002,0,0,0.0002,0.0001,0,0.2055,0.2862,0.2055,0.2862,1
0,0,0,0,0,1.476,0,0,0.738,2.952,0,0,0.738,0,0.738,0.738,0,0.738,1.476,0,0,0,0,0,0,0.0002,0,0,0.0001,0.0004,0,0,0.0001,0,0.0001,0.0001,0,0.0001,0.0002,0,0.1257,0.1363,0.1257,0.1363,1
1.5867,0,0.5289,0,2.1156,3.7024,0.5289,0,0.5289,0.5289,0.5289,0,0,0.5289,0,1.5867,0.5289,2.6445,0.5289,0,0.0001,0,0,0,0.0001,0.0002,0,0,0,0,0,0,0,0,0,0.0001,0,0.0001,0,0,0.2518,0.2193,0.2518,0.2193,1
1.2593,0,0,1.2593,1.2593,0,0,1.2593,1.2593,0.6296,0.6296,0.6296,2.5185,0,0,0.6296,0,1.2593,0,0,0.0001,0,0,0.0001,0.0001,0,0,0.0001,0.0001,0.0001,0.0001,0.0001,0.0002,0,0,0.0001,0,0.0001,0,0,0.2217,0.1487,0.2217,0.1487,1
1.6709,1.114,0,0.557,0.557,0,0.557,1.114,0.557,0,0.557,1.114,0,0,1.114,0.557,0.557,2.2279,0.557,1.114,0.0001,0.0001,0,0,0,0,0,0.0001,0,0,0,0.0001,0,0,0.0001,0,0,0.0001,0,0.0001,0.2272,0.2158,0.2272,0.2158,1
0.6262,0,0.6262,0,0,1.2524,0.6262,0,0.6262,2.5049,0.6262,0,1.2524,0,0.6262,0.6262,1.8787,0.6262,0.6262,0,0.0001,0,0.0001,0,0,0.0001,0.0001,0,0.0001,0.0002,0.0001,0,0.0001,0,0.0001,0.0001,0.0002,0.0001,0.0001,0,0.1996,0.1742,0.1996,0.1742,1
2.0442,0,0.5111,0,1.5332,3.5774,0.5111,0.5111,0.5111,1.0221,0,0,0,0.5111,0,1.0221,0.5111,2.0442,1.0221,0,0.0001,0,0,0,0.0001,0.0002,0,0,0,0.0001,0,0,0,0,0,0.0001,0,0.0001,0.0001,0,0.2519,0.237,0.2519,0.237,1
1.0827,0,0,0.5413,0,1.0827,1.624,0.5413,1.0827,2.7066,0,0,1.0827,0.5413,0,0.5413,0,3.248,0,0,0.0001,0,0,0,0,0.0001,0.0001,0,0.0001,0.0002,0,0,0.0001,0,0,0,0,0.0003,0,0,0.1928,0.2659,0.1928,0.2659,1
0,4.6214,0,0.6602,1.3204,0.6602,0,1.3204,0.6602,0.6602,0.6602,0.6602,0.6602,0,0,2.6408,3.301,1.9806,0,0,0,0.0002,0,0,0,0,0,0,0,0,0,0,0,0,0,0.0001,0.0001,0.0001,0,0,0.1638,0.176,0.1638,0.176,1
1.0463,1.0463,1.0463,0.5231,0,0.5231,0.5231,1.0463,2.0926,0.5231,0.5231,0.5231,0,0.5231,0.5231,0.5231,0.5231,1.5694,0,0,0.0001,0.0001,0.0001,0,0,0,0,0.0001,0.0001,0,0,0,0,0,0,0,0,0.0001,0,0,0.247,0.2299,0.247,0.2299,1
0,0,0,0,0,0.9287,0,0,2.7861,3.2505,0,0.9287,0,0,1.3931,0,0,0.4644,0,0,0,0,0,0,0,0.0001,0,0,0.0003,0.0004,0,0.0001,0,0,0.0002,0,0,0.0001,0,0,0.2142,0.3214,0.2142,0.3214,1
0,0.5621,0.5621,1.1242,0,1.1242,0,0,1.1242,0.5621,0.5621,0,0.5621,0,1.1242,0.5621,0,0.5621,2.2485,0.5621,0,0,0,0.0001,0,0.0001,0,0,0.0001,0,0,0,0,0,0.0001,0,0,0,0.0001,0,0.2351,0.2028,0.2351,0.2028,1
1.5658,0.7829,0,0,0.7829,0,0,0,0.7829,2.3487,0.7829,0.7829,0.7829,0,0,0.7829,0.7829,1.5658,0,0,0.0002,0.0001,0,0,0.0001,0,0,0,0.0001,0.0002,0.0001,0.0001,0.0001,0,0,0.0001,0.0001,0.0002,0,0,0.0974,0.1197,0.0974,0.1197,1
0.6311,0,1.2622,0,0.6311,0.6311,0,1.2622,0.6311,1.2622,0,0.6311,0,0,0,0,0.6311,0,0.6311,0,0.0001,0,0.0001,0,0.0001,0.0001,0,0.0001,0.0001,0.0001,0,0.0001,0,0,0,0,0.0001,0,0.0001,0,0.1808,0.1881,0.1808,0.1881,1
1.1019,0,0.551,0.551,0.551,1.6529,0.551,0.551,0,0.551,0.551,0,0,0.551,0.551,1.6529,0,1.6529,0.551,0.551,0.0001,0,0,0,0,0.0001,0,0,0,0,0,0,0,0,0,0.0001,0,0.0001,0,0,0.2258,0.2233,0.2258,0.2233,1
0.5583,2.233,0,0,1.6748,1.6748,0.5583,0,0.5583,2.7913,0.5583,0,0,0,1.1165,0.5583,0,1.1165,0,0.5583,0,0.0001,0,0,0.0001,0.0001,0,0,0,0.0002,0,0,0,0,0.0001,0,0,0.0001,0,0,0.2106,0.2311,0.2106,0.2311,1
0.5014,0,1.5042,0,1.0028,0.5014,0.5014,0.5014,1.0028,0,1.0028,0.5014,0.5014,0,1.5042,0,0,0.5014,0,1.0028,0,0,0.0001,0,0.0001,0,0,0,0.0001,0,0.0001,0,0,0,0.0001,0,0,0,0,0.0001,0.2448,0.2538,0.2448,0.2538,1
0,1.1448,0.5724,0,0,1.1448,0.5724,0,1.7172,0.5724,1.1448,0.5724,1.1448,0,2.2896,0.5724,1.1448,2.862,0.5724,0,0,0.0001,0,0,0,0.0001,0,0,0.0001,0,0.0001,0,0.0001,0,0.0001,0,0.0001,0.0002,0,0,0.2206,0.207,0.2206,0.207,1
0,0,0.4785,0.4785,0.4785,1.914,0.4785,0.4785,0,0.4785,0,1.4355,0.957,0.4785,1.914,0,0.957,0.4785,0,1.4355,0,0,0,0,0,0.0002,0,0,0,0,0,0.0001,0.0001,0,0.0002,0,0.0001,0,0,0.0001,0.2885,0.233,0.2885,0.233,1
1.0691,0.5345,0.5345,0,2.1382,0,0.5345,0.5345,1.6036,1.6036,0,1.0691,0,0,0.5345,0,1.0691,0.5345,0,0,0.0001,0,0,0,0.0001,0,0,0,0.0001,0.0001,0,0.0001,0,0,0,0,0.0001,0,0,0,0.212,0.2535,0.212,0.2535,1
1.3403,0,0,0,2.0105,0.6702,0,0.6702,0.6702,2.0105,0,0,0,0,0.6702,0.6702,0,0,0,0,0.0002,0,0,0,0.0002,0.0001,0,0.0001,0.0001,0.0002,0,0,0,0,0.0001,0.0001,0,0,0,0,0.1516,0.1783,0.1516,0.1783,1
0.6666,0,0.6666,0,1.3331,1.3331,0,0,1.3331,2.6663,0,0,0,0,0,0,0.6666,0,0,0,0.0001,0,0.0001,0,0.0001,0.0001,0,0,0.0001,0.0003,0,0,0,0,0,0,0.0001,0,0,0,0.1435,0.1899,0.1435,0.1899,1
2.9589,1.7753,0,0,1.7753,1.7753,1.1836,0.5918,0,1.1836,0,1.1836,0,0.5918,1.1836,0.5918,0,0,0,0,0.0001,0.0001,0,0,0.0001,0.0001,0.0001,0,0,0.0001,0,0.0001,0,0,0.0001,0,0,0,0,0,0.1848,0.2234,0.1848,0.2234,1
2.9265,0.7316,0,1.4632,0,1.4632,0,0,0,1.4632,1.4632,0,0.7316,0.7316,0,0.7316,0.7316,0.7316,0,0,0.0002,0.0001,0,0.0001,0,0.0001,0,0,0,0.0001,0.0001,0,0.0001,0.0001,0,0.0001,0.0001,0.0001,0,0,0.1199,0.1485,0.1199,0.1485,1
0.6731,0.6731,0.6731,0,0,0,2.6922,0,0,1.3461,0.6731,0,0,0,0,0.6731,1.3461,0.6731,0.6731,0,0.0001,0.0001,0.0001,0,0,0,0.0002,0,0,0.0001,0.0001,0,0,0,0,0.0001,0.0001,0.0001,0.0001,0,0.1586,0.1684,0.1586,0.1684,1
0.4226,0.4226,0,2.1132,0,0,0.8453,0.4226,2.5359,1.2679,0,0.4226,0,0.4226,0,0.4226,0.4226,1.2679,0.4226,0.4226,0,0,0,0.0002,0,0,0.0001,0,0.0002,0.0001,0,0,0,0,0,0,0,0.0001,0,0,0.2899,0.2874,0.2899,0.2874,1
1.136,0,0,0,0,1.7041,0.568,0,0.568,1.136,0,0.568,3.4081,0,1.136,0,0.568,0,2.8401,0,0.0001,0,0,0,0,0.0001,0,0,0,0.0001,0,0,0.0003,0,0.0001,0,0,0,0.0002,0,0.2316,0.2004,0.2316,0.2004,1
1.6277,1.6277,2.7129,0.5426,0,1.0851,0,1.0851,0.5426,1.0851,1.0851,2.1703,0,0,0,0.5426,0.5426,1.0851,0,0,0.0001,0.0001,0.0001,0,0,0,0,0,0,0,0,0.0001,0,0,0,0,0,0,0,0,0.2553,0.2021,0.2553,0.2021,1
0.522,0.522,0,1.044,0.522,1.5659,0,0.522,1.044,2.6099,0.522,0.522,0,0,1.044,0,0,0.522,0,0,0,0,0,0.0001,0,0.0001,0,0,0.0001,0.0002,0,0,0,0,0.0001,0,0,0,0,0,0.2471,0.2309,0.2471,0.2309,1
4.3395,0,0,0,0,0,0,0,2.1698,3.6163,0,0,1.4465,0,1.4465,0,0,1.4465,0,0,0.0006,0,0,0,0,0,0,0,0.0003,0.0005,0,0,0.0002,0,0.0002,0,0,0.0002,0,0,0.1217,0.1551,0.1217,0.1551,1
2.0743,0,0,0.6914,1.3829,0,0.6914,2.0743,1.3829,0.6914,0,0,0,0.6914,0.6914,0,0,1.3829,0,0.6914,0.0003,0,0,0.0001,0.0002,0,0.0001,0.0003,0.0002,0.0001,0,0,0,0.0001,0.0001,0,0,0.0002,0,0.0001,0.1248,0.1838,0.1248,0.1838,1
1.4866,0,0.4955,0.4955,0,0,0.4955,0.4955,2.4776,1.4866,0.4955,0,0,0,0.991,0,0.4955,0.991,0,0.4955,0.0002,0,0.0001,0.0001,0,0,0.0001,0.0001,0.0003,0.0002,0.0001,0,0,0,0.0001,0,0.0001,0.0001,0,0.0001,0.2458,0.2586,0.2458,0.2586,1
0,0.5412,1.6236,0.5412,0.5412,0,0,0,1.0824,0,0.5412,1.0824,1.0824,0,0.5412,1.6236,0.5412,0.5412,0.5412,0,0,0,0.0001,0,0,0,0,0,0.0001,0,0,0.0001,0.0001,0,0,0.0001,0,0,0,0,0.2282,0.2306,0.2282,0.2306,1
0,0,0.7514,0,0,1.5027,0,0,0.7514,0.7514,0,0,0.7514,0,0,1.5027,0,0.7514,3.0055,0,0,0,0.0001,0,0,0.0002,0,0,0.0001,0.0001,0,0,0.0001,0,0,0.0002,0,0.0001,0.0003,0,0.1219,0.1267,0.1219,0.1267,1
1.0141,0,0.5071,0.5071,0.5071,1.5212,0,0.5071,0,0.5071,0,0.5071,0,0.5071,1.5212,0.5071,1.0141,1.0141,1.0141,1.5212,0.0001,0,0,0,0,0.0001,0,0,0,0,0,0,0,0,0.0001,0,0.0001,0.0001,0.0001,0.0001,0.2689,0.2241,0.2689,0.2241,1
0.5254,0.5254,1.5761,0.5254,0,1.0507,0,0,0,1.0507,0.5254,0,0.5254,0.5254,2.1015,0.5254,1.5761,1.0507,0.5254,0.5254,0,0,0.0001,0,0,0.0001,0,0,0,0.0001,0,0,0,0,0.0002,0,0.0001,0.0001,0,0,0.2205,0.2542,0.2205,0.2542,1
0,0,0.5236,0.5236,0.5236,0.5236,0.5236,2.0945,2.0945,0,0.5236,1.0472,1.0472,0,0.5236,0,0.5236,0.5236,0,0,0,0,0,0,0,0,0,0.0002,0.0002,0,0,0.0001,0.0001,0,0,0,0,0,0,0,0.2456,0.2308,0.2456,0.2308,1
0.4901,0,0.9802,1.4703,0,0.4901,0,1.4703,0.9802,1.9604,0.4901,1.4703,0,2.9406,0.4901,0.9802,0,0,0,0,0,0,0.0001,0.0001,0,0,0,0.0001,0.0001,0.0001,0,0.0001,0,0.0002,0,0.0001,0,0,0,0,0.2256,0.2843,0.2256,0.2843,1
1.5814,1.5814,0,0,0,2.3722,0,0,0.7907,0.7907,0.7907,0,2.3722,0,0,0.7907,2.3722,0.7907,0,0,0.0001,0.0001,0,0,0,0.0001,0,0,0,0,0,0,0.0001,0,0,0,0.0001,0,0,0,0.1145,0.0948,0.1145,0.0948,1
0,3.1513,0.6303,0.6303,0,3.1513,0,0.6303,0,0,0.6303,0.6303,1.8908,0,0.6303,3.1513,2.521,0.6303,0.6303,0,0,0.0001,0,0,0,0.0001,0,0,0,0,0,0,0.0001,0,0,0.0001,0.0001,0,0,0,0.1664,0.2034,0.1664,0.2034,1
0.4642,2.7851,0,0,1.3925,0.9284,0,0,0,1.8567,0,0,0.4642,0.4642,2.7851,0.9284,0.9284,0,0.4642,0.4642,0,0.0001,0,0,0.0001,0,0,0,0,0.0001,0,0,0,0,0.0001,0,0,0,0,0,0.2611,0.2748,0.2611,0.2748,1
0.549,2.196,1.647,0,0.549,1.647,0.549,0.549,0,0.549,0,0,1.647,0.549,0.549,1.098,2.745,0.549,0.549,0,0,0.0001,0.0001,0,0,0.0001,0,0,0,0,0,0,0.0001,0,0,0.0001,0.0001,0,0,0,0.2137,0.2372,0.2137,0.2372,1
1.0603,0.5301,1.0603,0.5301,0.5301,0.5301,0.5301,0.5301,1.5904,1.0603,0.5301,0.5301,0,0.5301,0.5301,0.5301,0.5301,0,0,0,0.0001,0,0.0001,0,0,0,0,0,0.0001,0.0001,0,0,0,0,0,0,0,0,0,0,0.2264,0.2434,0.2264,0.2434,1
2.1778,0.7259,0,0,0.7259,2.1778,0,0.7259,0,4.3557,0,0.7259,0,0.7259,0,0.7259,0.7259,0,0.7259,0,0.0001,0,0,0,0,0.0001,0,0,0,0.0003,0,0,0,0,0,0,0,0,0,0,0.1635,0.1106,0.1635,0.1106,1
0.6003,0,0,1.2005,1.8008,0.6003,0,0,1.8008,1.2005,0,2.4011,0,0,0,0.6003,1.8008,0,0,0,0.0001,0,0,0.0001,0.0002,0.0001,0,0,0.0002,0.0001,0,0.0002,0,0,0,0.0001,0.0002,0,0,0,0.2408,0.1589,0.2408,0.1589,1
0,1.2329,0,1.2329,0,1.2329,1.2329,0,0,1.2329,0.6165,0,0.6165,0,0.6165,0,0,1.8494,0,0.6165,0,0.0001,0,0.0001,0,0.0001,0.0001,0,0,0.0001,0,0,0,0,0,0,0,0.0001,0,0,0.2455,0.138,0.2455,0.138,1
0.6034,0,0,1.2068,0,0.6034,0,0,3.0171,1.2068,0.6034,0,0.6034,0,4.2239,0,0.6034,3.6205,0,0.6034,0.0001,0,0,0.0002,0,0.0001,0,0,0.0004,0.0002,0.0001,0,0.0001,0,0.0005,0,0.0001,0.0005,0,0.0001,0.1774,0.2192,0.1774,0.2192,1
0.5541,0.5541,0.5541,2.2165,0.5541,0,0.5541,0.5541,0,2.2165,0,0.5541,0,0,0.5541,0,0,0,0,0,0,0,0,0.0002,0,0,0,0,0,0.0002,0,0,0,0,0,0,0,0,0,0,0.1891,0.2567,0.1891,0.2567,1
2.2007,0,0,0,0,0,0,0,4.4013,0.7336,0,0,0,0,0,0,0.7336,1.4671,0,0.7336,0.0005,0,0,0,0,0,0,0,0.001,0.0002,0,0,0,0,0,0,0.0002,0.0003,0,0.0002,0.1593,0.1071,0.1593,0.1071,1
2.3483,0,0,0,1.7612,2.3483,1.1742,0.5871,0,0.5871,0,0.5871,0,0.5871,1.1742,1.1742,1.1742,1.1742,0,0,0.0002,0,0,0,0.0002,0.0002,0.0001,0.0001,0,0.0001,0,0.0001,0,0.0001,0.0001,0.0001,0.0001,0.0001,0,0,0.2009,0.212,0.2009,0.212,1
0,0,0.8321,2.4964,0,0,0,1.6643,2.9125,0.8321,0,0.4161,0,0.8321,0,0.4161,0.8321,0,0.8321,0.4161,0,0,0.0001,0.0002,0,0,0,0.0002,0.0003,0.0001,0,0,0,0.0001,0,0,0.0001,0,0.0001,0,0.2641,0.3198,0.2641,0.3198,1
0.9627,0,1.4441,0.9627,0,1.4441,0.4814,1.4441,1.4441,0.9627,0.9627,1.4441,0,0.9627,0.4814,0,0.9627,0,0,0.4814,0.0001,0,0.0001,0.0001,0,0.0001,0,0.0001,0.0001,0.0001,0.0001,0.0001,0,0.0001,0,0,0.0001,0,0,0,0.2369,0.2817,0.2369,0.2817,1
1.0137,0,0.5068,0,0,1.5205,0,0,1.0137,1.0137,0.5068,0.5068,0.5068,0,2.5341,0.5068,0,0.5068,0,0.5068,0.0001,0,0.0001,0,0,0.0002,0,0,0.0001,0.0001,0.0001,0.0001,0.0001,0,0.0003,0.0001,0,0.0001,0,0.0001,0.2294,0.2638,0.2294,0.2638,1
0,0,1.1859,0,0,0.5929,1.1859,0,1.1859,4.1506,0,0.5929,0,0,0.5929,0,0.5929,0,0,0.5929,0,0,0.0001,0,0,0.0001,0.0001,0,0.0001,0.0004,0,0.0001,0,0,0.0001,0,0.0001,0,0,0.0001,0.1937,0.2134,0.1937,0.2134,1
2.0807,0,0,0,0.6936,0.6936,0,0,0.6936,1.3871,0,0,0,0,0.6936,0,0.6936,0,0.6936,0.6936,0.0003,0,0,0,0.0001,0.0001,0,0,0.0001,0.0002,0,0,0,0,0.0001,0,0.0001,0,0.0001,0.0001,0.1553,0.1511,0.1553,0.1511,1
3.3545,0,1.1182,1.1182,0.5591,0,0.5591,0,0,1.1182,0.5591,0,0,0,1.1182,0,0.5591,0,0,0,0.0004,0,0.0001,0.0001,0.0001,0,0.0001,0,0,0.0001,0.0001,0,0,0,0.0001,0,0.0001,0,0,0,0.1851,0.2558,0.1851,0.2558,1
1.259,0,0,1.259,1.8885,0,0,1.8885,1.259,0.6295,0,0,2.518,0,0,0.6295,0,1.259,0,0,0.0001,0,0,0.0001,0.0002,0,0,0.0002,0.0001,0.0001,0,0,0.0003,0,0,0.0001,0,0.0001,0,0,0.231,0.1395,0.231,0.1395,1
1.2811,0.6405,1.2811,0,0,0,0,0,0,0.6405,0.6405,0.6405,0,0.6405,0,1.2811,1.9216,1.9216,1.2811,0.6405,0.0001,0,0.0001,0,0,0,0,0,0,0,0,0,0,0,0,0.0001,0.0001,0.0001,0.0001,0,0.1837,0.1758,0.1837,0.1758,1
1.1861,0.593,0,0,0,0.593,0.593,0,0,0.593,0.593,0,0,0,2.9652,0.593,0,1.1861,1.1861,0.593,0.0001,0.0001,0,0,0,0.0001,0.0001,0,0,0.0001,0.0001,0,0,0,0.0003,0.0001,0,0.0001,0.0001,0.0001,0.156,0.2509,0.156,0.2509,1
2.7407,0,0,0,0,0.5481,0.5481,2.1926,1.6444,1.6444,1.0963,0,0,0,0.5481,1.6444,0,0,0,0.5481,0.0002,0,0,0,0,0,0,0.0002,0.0001,0.0001,0.0001,0,0,0,0,0.0001,0,0,0,0,0.2216,0.2303,0.2216,0.2303,1
2.3242,0.7747,0.7747,0,1.5494,2.3242,0,0,0,0.7747,0,0,0.7747,0,0,2.3242,0,0,0,0,0.0002,0.0001,0.0001,0,0.0001,0.0002,0,0,0,0.0001,0,0,0.0001,0,0,0.0002,0,0,0,0,0.1102,0.115,0.1102,0.115,1
0.756,0,0,0,1.512,0.756,0,0,1.512,2.2679,0,0,0,0,0,0,0.756,0,0,0,0.0001,0,0,0,0.0003,0.0001,0,0,0.0003,0.0004,0,0,0,0,0,0,0.0001,0,0,0,0.1218,0.1222,0.1218,0.1222,1
2.2241,0,0,0,0,0,0,0,5.1895,0,0,0,0,0,0,0,0.7414,1.4827,0,0.7414,0.0005,0,0,0,0,0,0,0,0.0013,0,0,0,0,0,0,0,0.0002,0.0004,0,0.0002,0.102,0.1567,0.102,0.1567,1
0.999,0.4995,0.999,0.4995,0,0.4995,0.999,0,1.4984,0.999,0.4995,0.999,0,0.4995,0.4995,0.999,0,0,0.4995,1.4984,0.0001,0,0.0001,0,0,0,0.0001,0,0.0001,0.0001,0,0.0001,0,0,0,0.0001,0,0,0,0.0001,0.2575,0.243,0.2575,0.243,1
0.9418,0,0.9418,0.9418,0,1.4127,0.4709,0.4709,1.8836,0.9418,0.4709,0,0,0.4709,0.9418,0,0.9418,0,0.9418,0.9418,0.0001,0,0.0001,0.0001,0,0.0001,0,0,0.0002,0.0001,0,0,0,0,0.0001,0,0.0001,0,0.0001,0.0001,0.2709,0.2582,0.2709,0.2582,1
0,0,0,1.0939,0,1.0939,0,0,2.1879,1.0939,0,0,0,0,0.547,0,2.1879,1.0939,1.0939,0.547,0,0,0,0.0001,0,0.0001,0,0,0.0002,0.0001,0,0,0,0,0.0001,0,0.0002,0.0001,0.0001,0.0001,0.2835,0.1695,0.2835,0.1695,1
2.4388,0,0.4878,0.4878,0,0.4878,0.9755,0.4878,0.9755,0.9755,1.951,0.4878,0.4878,0.9755,0.9755,0,0.9755,0,0,0.4878,0.0002,0,0,0,0,0,0.0001,0,0.0001,0.0001,0.0002,0,0,0.0001,0.0001,0,0.0001,0,0,0,0.2561,0.2561,0.2561,0.2561,1
1.8013,0.6004,0,0.6004,0.6004,1.2009,1.2009,1.2009,0.6004,1.8013,0,1.2009,0.6004,0.6004,0,0,0,1.2009,0.6004,0,0.0001,0,0,0,0,0.0001,0.0001,0.0001,0,0.0001,0,0.0001,0,0,0,0,0,0.0001,0,0,0.2083,0.1913,0.2083,0.1913,1
1.5212,0,0,0.7606,0,0.7606,0,0.7606,3.0424,1.5212,0,0,0,0,0,0,0.7606,0.7606,0,0,0.0003,0,0,0.0001,0,0.0001,0,0.0001,0.0005,0.0003,0,0,0,0,0,0,0.0001,0.0001,0,0,0.1025,0.137,0.1025,0.137,1
0,0,0.8144,3.2576,0,0.4072,0,1.2216,3.2576,0.4072,0,0,0,0.8144,0,0.4072,0.4072,0,0.8144,0.4072,0,0,0.0001,0.0003,0,0,0,0.0001,0.0003,0,0,0,0,0.0001,0,0,0,0,0.0001,0,0.2553,0.3375,0.2553,0.3375,1
0,0,0,0,0,0.6062,0.6062,1.8187,1.8187,0.6062,1.2125,1.2125,0,0,0.6062,0.6062,0,1.8187,0,0,0,0,0,0,0,0.0001,0.0001,0.0002,0.0002,0.0001,0.0001,0.0001,0,0,0.0001,0.0001,0,0.0002,0,0,0.1791,0.2147,0.1791,0.2147,1
0.9823,3.4379,0,0,0.4911,0.9823,0,0.9823,0.4911,1.4734,0,0,0,0,1.9645,0,0.9823,0,0,0.4911,0,0.0002,0,0,0,0,0,0,0,0.0001,0,0,0,0,0.0001,0,0,0,0,0,0.2498,0.2591,0.2498,0.2591,1
1.5304,0,1.0203,1.0203,0,0,0,0,2.0406,2.0406,1.0203,1.0203,0,1.0203,0,0.5101,0.5101,1.0203,0,0,0.0001,0,0.0001,0.0001,0,0,0,0,0.0002,0.0002,0.0001,0.0001,0,0.0001,0,0,0,0.0001,0,0,0.2588,0.2311,0.2588,0.2311,1
0,0,1.4851,0,0.7426,1.4851,0,0.7426,0,2.2277,0,0,0,0,0,0,0.7426,0,0,0,0,0,0.0001,0,0.0001,0.0001,0,0.0001,0,0.0002,0,0,0,0,0,0,0.0001,0,0,0,0.0967,0.1608,0.0967,0.1608,1
0,4.1314,0,0,0,0.5902,0,0.5902,0,1.1804,0,0,0,0,2.3608,1.1804,0.5902,0,0,0,0,0.0002,0,0,0,0,0,0,0,0.0001,0,0,0,0,0.0001,0.0001,0,0,0,0,0.2144,0.1954,0.2144,0.1954,1
0,1.2551,0,0,0,1.8827,0.6276,0,1.2551,2.5102,0.6276,0,1.8827,0,0.6276,0,1.8827,3.7653,0,0,0,0.0001,0,0,0,0.0001,0,0,0.0001,0.0002,0,0,0.0001,0,0,0,0.0001,0.0003,0,0,0.2011,0.1713,0.2011,0.1713,1
0,0,1.2228,0,0.6114,1.8341,0,0.6114,0,0,0.6114,2.4455,6.1138,0.6114,0.6114,1.2228,1.8341,0.6114,0,0,0,0,0.0001,0,0.0001,0.0002,0,0.0001,0,0,0.0001,0.0002,0.0005,0.0001,0.0001,0.0001,0.0002,0.0001,0,0,0.189,0.1996,0.189,0.1996,1
0,1.3084,0,0,0.6542,1.9625,0,0.6542,1.3084,1.3084,1.3084,0.6542,1.9625,0,0,0.6542,1.3084,0,0,0,0,0.0001,0,0,0,0.0001,0,0,0.0001,0.0001,0.0001,0,0.0001,0,0,0,0.0001,0,0,0,0.1618,0.184,0.1618,0.184,1
0,0.5003,1.501,0.5003,0.5003,0.5003,0,0.5003,0.5003,2.0013,0.5003,0,0,0,0.5003,1.0006,1.0006,0,1.501,0,0,0,0.0001,0,0,0,0,0,0,0.0001,0,0,0,0,0,0.0001,0.0001,0,0.0001,0,0.2924,0.2073,0.2924,0.2073,1
1.078,0,0,0,1.078,1.617,0,0.539,1.617,3.2339,0,0.539,0,0,0.539,0,0,0.539,0,0,0.0001,0,0,0,0.0001,0.0002,0,0.0001,0.0002,0.0003,0,0.0001,0,0,0.0001,0,0,0.0001,0,0,0.221,0.24,0.221,0.24,1
0,0.5475,0.5475,0,0,0,1.095,0,0.5475,0,0.5475,0.5475,1.6425,0.5475,2.1901,0,1.095,0.5475,0,1.095,0,0.0001,0.0001,0,0,0,0.0001,0,0.0001,0,0.0001,0.0001,0.0002,0.0001,0.0002,0,0.0001,0.0001,0,0.0001,0.2828,0.1697,0.2828,0.1697,1
0.4874,0.4874,0.9749,0,0.9749,0.4874,0,0.9749,0.4874,0.4874,0.9749,0,1.4623,0,1.4623,0.4874,0.9749,1.9498,0,1.4623,0,0,0.0001,0,0.0001,0,0,0.0001,0,0,0.0001,0,0.0001,0,0.0001,0,0.0001,0.0001,0,0.0001,0.2207,0.2919,0.2207,0.2919,1
0,0,0,0,0,0.8107,0,0,1.6214,0,0,0,0,0.8107,4.8641,0,0,0,0,0,0,0,0,0,0,0.0005,0,0,0.0009,0,0,0,0,0.0005,0.0028,0,0,0,0,0,0.0953,0.094,0.0953,0.094,1
0.7702,3.851,0.7702,0,0.7702,0,0,1.5404,0,0,1.5404,0,2.3106,0,0,0.7702,3.0808,0,0,0.7702,0,0.0002,0,0,0,0,0,0.0001,0,0,0.0001,0,0.0001,0,0,0,0.0001,0,0,0,0.1113,0.1185,0.1113,0.1185,1
3.6481,0.7296,0.7296,0.7296,0,0,0,0,0.7296,0,0.7296,0,0.7296,0,0,0.7296,0.7296,1.4593,0,0,0.0004,0.0001,0.0001,0.0001,0,0,0,0,0.0001,0,0.0001,0,0.0001,0,0,0.0001,0.0001,0.0002,0,0,0.1654,0.105,0.1654,0.105,1
0,1.0126,1.5188,0.5063,0.5063,0,0,0,0.5063,2.0251,0,0,0,0,0.5063,1.0126,0,0.5063,2.0251,0,0,0,0.0001,0,0,0,0,0,0,0.0001,0,0,0,0,0,0,0,0,0.0001,0,0.2485,0.2452,0.2485,0.2452,1
0.6837,0.6837,0.6837,0,1.3675,2.735,0.6837,0.6837,0,0,0.6837,0,0.6837,0,0.6837,0,1.3675,1.3675,0,0,0.0001,0.0001,0.0001,0,0.0001,0.0002,0.0001,0.0001,0,0,0.0001,0,0.0001,0,0.0001,0,0.0001,0.0001,0,0,0.1718,0.1445,0.1718,0.1445,1
0.5836,0.5836,0.5836,0.5836,0,0,0.5836,2.9178,1.1671,0,1.1671,0,0.5836,0.5836,1.1671,0,0,0.5836,0,0.5836,0.0001,0.0001,0.0001,0.0001,0,0,0.0001,0.0003,0.0001,0,0.0001,0,0.0001,0.0001,0.0001,0,0,0.0001,0,0.0001,0.1721,0.2443,0.1721,0.2443,1
0.8507,0,0,0,2.5522,0,0,0,3.4029,0,0,0,0.8507,0,0,0,0,2.5522,0,0.8507,0.0002,0,0,0,0.0007,0,0,0,0.0009,0,0,0,0.0002,0,0,0,0,0.0007,0,0.0002,0.0525,0.0967,0.0525,0.0967,1
1.303,0,0.6515,0,0,1.303,1.303,0.6515,0.6515,0.6515,0.6515,1.303,0.6515,0,0,0,2.6059,0.6515,0,0.6515,0.0002,0,0.0001,0,0,0.0002,0.0002,0.0001,0.0001,0.0001,0.0001,0.0002,0.0001,0,0,0,0.0003,0.0001,0,0.0001,0.19,0.1586,0.19,0.1586,1
0.5952,2.9758,1.1903,0.5952,0.5952,1.1903,0,0,0,2.3806,0,1.1903,1.7855,0,0.5952,0.5952,0.5952,1.1903,1.7855,0.5952,0,0.0001,0.0001,0,0,0.0001,0,0,0,0.0001,0,0.0001,0.0001,0,0,0,0,0.0001,0.0001,0,0.1953,0.2096,0.1953,0.2096,1
3.4156,0,0,0.6831,0.6831,2.7325,0,0,0,2.0494,0.6831,0.6831,0.6831,0,0.6831,0,1.3662,0,0,2.0494,0.0003,0,0,0.0001,0.0001,0.0003,0,0,0,0.0002,0.0001,0.0001,0.0001,0,0.0001,0,0.0001,0,0,0.0002,0.1454,0.1715,0.1454,0.1715,1
1.34,0,0.4467,1.34,0,0.8934,0.4467,0.8934,1.34,2.6801,0,0.8934,0,0.4467,0.4467,1.34,0.4467,0.4467,0,0,0.0001,0,0,0.0001,0,0.0001,0,0.0001,0.0001,0.0002,0,0.0001,0,0,0,0.0001,0,0,0,0,0.2405,0.3128,0.2405,0.3128,1
2.1462,0,0,0,0.7154,0.7154,0,0,0.7154,1.4308,0,0,0,0,0.7154,0,0.7154,0.7154,0.7154,0,0.0003,0,0,0,0.0001,0.0001,0,0,0.0001,0.0002,0,0,0,0,0.0001,0,0.0001,0.0001,0.0001,0,0.1404,0.1442,0.1404,0.1442,1
1.0517,1.0517,1.0517,0.5258,0.5258,0.5258,0,1.0517,0,0.5258,0,0,0.5258,0,1.0517,0,1.5775,2.1034,0,2.6292,0.0001,0.0001,0.0001,0,0,0,0,0.0001,0,0,0,0,0,0,0.0001,0,0.0001,0.0001,0,0.0002,0.216,0.2582,0.216,0.2582,1
0.5987,0,1.1975,0,0.5987,0.5987,0.5987,1.1975,1.1975,0,0,0.5987,1.1975,0,1.1975,0.5987,1.7962,1.7962,0,0.5987,0.0001,0,0.0001,0,0.0001,0.0001,0.0001,0.0001,0.0001,0,0,0.0001,0.0001,0,0.0001,0.0001,0.0002,0.0002,0,0.0001,0.1981,0.2032,0.1981,0.2032,1
0.5541,0.5541,0.5541,0.5541,0,0.5541,0.5541,0.5541,1.1083,0,1.1083,0,1.6624,0,2.2166,1.1083,0.5541,1.6624,0,0.5541,0,0,0,0,0,0,0,0,0.0001,0,0.0001,0,0.0001,0,0.0002,0.0001,0,0.0001,0,0,0.2688,0.177,0.2688,0.177,1
1.2185,0,2.437,0,0.6092,0,0,0.6092,0,1.2185,0,0.6092,0,0,1.2185,0,0,1.2185,0,0,0.0001,0,0.0002,0,0.0001,0,0,0.0001,0,0.0001,0,0.0001,0,0,0.0001,0,0,0.0001,0,0,0.2343,0.1565,0.2343,0.1565,1
0.717,0,0,0,0.717,0,0,0.717,1.4339,0,0,0,0,0.717,1.4339,0.717,0,0.717,0,0,0.0002,0,0,0,0.0002,0,0,0.0002,0.0003,0,0,0,0,0.0002,0.0003,0.0002,0,0.0002,0,0,0.1899,0.0931,0.1899,0.0931,1
2.42,0.605,0,0,0.605,0,1.21,0.605,0.605,0.605,0.605,0.605,1.815,0,0.605,3.025,2.42,1.21,1.21,0,0.0002,0,0,0,0,0,0.0001,0,0,0,0,0,0.0001,0,0,0.0002,0.0002,0.0001,0.0001,0,0.1933,0.2017,0.1933,0.2017,1
0,0,0,0,1.1831,0.5915,0.5915,0.5915,1.1831,0.5915,0,0.5915,0.5915,0.5915,2.3661,0,0,0.5915,0,0.5915,0,0,0,0,0.0002,0.0001,0.0001,0.0001,0.0002,0.0001,0,0.0001,0.0001,0.0001,0.0003,0,0,0.0001,0,0.0001,0.2404,0.1681,0.2404,0.1681,1
0.6269,0,0.6269,0,1.8807,0.6269,0,1.8807,1.2538,0,0,1.2538,0,0,0.6269,0,0,0,0,0,0.0001,0,0.0001,0,0.0002,0.0001,0,0.0002,0.0001,0,0,0.0001,0,0,0.0001,0,0,0,0,0,0.1789,0.1942,0.1789,0.1942,1
1.7723,0,0.5908,1.1815,0.5908,0,0.5908,1.7723,0,0,2.9539,1.7723,0,0.5908,0,0,1.1815,1.1815,0,1.1815,0.0001,0,0,0.0001,0,0,0,0.0001,0,0,0.0002,0.0001,0,0,0,0,0.0001,0.0001,0,0.0001,0.2106,0.1986,0.2106,0.1986,1
0,0,0.4894,0.4894,0.9788,0.4894,0,0.4894,1.4682,2.4469,0,0.4894,0,0.4894,1.4682,0,0,0.4894,0,0,0,0,0,0,0.0001,0,0,0,0.0001,0.0002,0,0,0,0,0.0001,0,0,0,0,0,0.2342,0.2764,0.2342,0.2764,1
1.4822,0.7411,1.4822,0,0,0,0,0,0,2.2232,0,0,0,0,0.7411,0,0.7411,0.7411,0,0.7411,0.0001,0.0001,0.0001,0,0,0,0,0,0,0.0002,0,0,0,0,0.0001,0,0.0001,0.0001,0,0.0001,0.1523,0.1066,0.1523,0.1066,1
2.1123,0.5281,0,0.5281,0.5281,1.0561,1.0561,1.5842,0.5281,0,1.0561,0,0,0,1.5842,0.5281,1.0561,0.5281,0.5281,0,0.0002,0,0,0,0,0.0001,0.0001,0.0001,0,0,0.0001,0,0,0,0.0001,0,0.0001,0,0,0,0.2583,0.2136,0.2583,0.2136,1
1.7676,0,0.5892,0,1.1784,0,0,0.5892,1.1784,0.5892,0,0.5892,0,0.5892,2.946,0,0,1.1784,0.5892,1.1784,0.0002,0,0.0001,0,0.0001,0,0,0.0001,0.0001,0.0001,0,0.0001,0,0.0001,0.0003,0,0,0.0001,0.0001,0.0001,0.2117,0.1992,0.2117,0.1992,1
0,0,1.2937,0,0,2.5875,0,0.6469,0,1.2937,0.6469,0.6469,1.2937,0,0,0.6469,1.2937,0.6469,1.2937,0.6469,0,0,0.0001,0,0,0.0002,0,0,0,0.0001,0,0,0.0001,0,0,0,0.0001,0,0.0001,0,0.1811,0.172,0.1811,0.172,1
0,0.5557,1.667,0.5557,0.5557,0,0,1.1113,0.5557,1.1113,0,0,0,0,0,1.1113,1.1113,0.5557,1.667,0.5557,0,0,0.0001,0,0,0,0,0.0001,0,0.0001,0,0,0,0,0,0.0001,0.0001,0,0.0001,0,0.2033,0.2411,0.2033,0.2411,1
0.5641,0,0.5641,0,0,1.6923,0,0.5641,0,1.6923,0,1.6923,1.6923,1.1282,1.6923,1.6923,0.5641,1.1282,0,1.1282,0,0,0,0,0,0.0001,0,0,0,0.0001,0,0.0001,0.0001,0.0001,0.0001,0.0001,0,0.0001,0,0.0001,0.2232,0.2126,0.2232,0.2126,1
0.5612,0,0.5612,1.1224,0.5612,0.5612,0.5612,1.1224,0,1.1224,0,0,0.5612,0.5612,1.1224,1.6836,1.6836,1.1224,1.6836,0.5612,0,0,0,0.0001,0,0,0,0.0001,0,0.0001,0,0,0,0,0.0001,0.0001,0.0001,0.0001,0.0001,0,0.1959,0.2429,0.1959,0.2429,1
0.4767,0,3.3368,0,0,0,0.4767,0.4767,0,0.9534,1.43,1.43,0,0,0.9534,1.43,1.43,0.9534,0,0.9534,0,0,0.0003,0,0,0,0,0,0,0.0001,0.0001,0.0001,0,0,0.0001,0.0001,0.0001,0.0001,0,0.0001,0.2788,0.2446,0.2788,0.2446,1
0,0,0,0,0.5665,0.5665,0.5665,0.5665,0.5665,3.3993,0,0.5665,1.1331,0.5665,1.1331,1.1331,1.1331,0.5665,1.1331,0.5665,0,0,0,0,0.0001,0.0001,0.0001,0.0001,0.0001,0.0003,0,0.0001,0.0001,0.0001,0.0001,0.0001,0.0001,0.0001,0.0001,0.0001,0.2165,0.2169,0.2165,0.2169,1
1.0582,1.5872,0.5291,1.0582,0,0,0,1.0582,0,1.0582,0,0.5291,1.0582,0,1.5872,0.5291,2.6454,0,0,0,0.0001,0.0001,0,0.0001,0,0,0,0.0001,0,0.0001,0,0,0.0001,0,0.0001,0,0.0002,0,0,0,0.2653,0.2057,0.2653,0.2057,1
1.646,0.4115,2.0575,0,0,0,0.4115,1.2345,1.646,1.646,0,0.4115,0,0,2.0575,0.4115,0,0,0,0,0.0001,0,0.0002,0,0,0,0,0.0001,0.0001,0.0001,0,0,0,0,0.0002,0,0,0,0,0,0.2449,0.3436,0.2449,0.3436,1
0.6996,0,1.3992,0,0,0,0,0,0.6996,1.3992,0,0.6996,0,0,0,0.6996,0.6996,0.6996,0.6996,0,0.0001,0,0.0001,0,0,0,0,0,0.0001,0.0001,0,0.0001,0,0,0,0.0001,0.0001,0.0001,0.0001,0,0.1902,0.1102,0.1902,0.1102,1
0,0,0,0.677,2.031,0.677,0,0.677,0.677,2.031,0,0.677,0,0,0,0.677,0.677,0,0,0,0,0,0,0.0001,0.0002,0.0001,0,0.0001,0.0001,0.0002,0,0.0001,0,0,0,0.0001,0.0001,0,0,0,0.1485,0.1745,0.1485,0.1745,1
0,0.9655,0.4828,0.4828,0,0.4828,0,0.4828,1.4483,1.4483,0,0,0.4828,0,1.4483,0,0.9655,0.9655,0.4828,0.9655,0,0.0001,0,0,0,0,0,0,0.0001,0.0001,0,0,0,0,0.0001,0,0.0001,0.0001,0,0.0001,0.2718,0.2455,0.2718,0.2455,1
2.5427,2.5427,0.6357,0,0.6357,0.6357,0.6357,0,0,0,0.6357,0.6357,0,0,1.2713,0.6357,1.2713,1.2713,0,0,0.0001,0.0001,0,0,0,0,0,0,0,0,0,0,0,0,0.0001,0,0.0001,0.0001,0,0,0.2035,0.1608,0.2035,0.1608,1
1.6636,0,0,0,1.6636,0,0,0,3.3272,0.8318,0,0,0,0,0,0,0.8318,1.6636,0,0.8318,0.0004,0,0,0,0.0004,0,0,0,0.0008,0.0002,0,0,0,0,0,0,0.0002,0.0004,0,0.0002,0.061,0.1072,0.061,0.1072,1
2.4443,1.8333,0,0,1.8333,1.2222,0,0.6111,1.2222,1.2222,1.2222,0.6111,0,0,0.6111,0,0.6111,1.2222,0.6111,0,0.0001,0.0001,0,0,0.0001,0.0001,0,0,0.0001,0.0001,0.0001,0,0,0,0,0,0,0.0001,0,0,0.2267,0.1623,0.2267,0.1623,1
2.6293,0.6573,0,1.972,0,1.3146,0.6573,0.6573,0,0.6573,0,0,0.6573,0,0,0.6573,1.3146,0.6573,0,0,0.0002,0.0001,0,0.0002,0,0.0001,0.0001,0.0001,0,0.0001,0,0,0.0001,0,0,0.0001,0.0001,0.0001,0,0,0.1518,0.1908,0.1518,0.1908,1
1.2911,1.2911,0.6456,0,1.2911,0.6456,0.6456,1.2911,0,0.6456,0,1.2911,1.9367,0.6456,0.6456,0.6456,1.2911,0,0.6456,0,0.0001,0.0001,0,0,0.0001,0,0,0.0001,0,0,0,0.0001,0.0001,0,0,0,0.0001,0,0,0,0.1572,0.1972,0.1572,0.1972,1
0,0,0.8059,2.8208,0,0,0,1.2089,2.8208,0.403,0,0.403,0,0.8059,0.403,0.403,0.8059,0,0.8059,0.403,0,0,0.0001,0.0003,0,0,0,0.0001,0.0003,0,0,0,0,0.0001,0,0,0.0001,0,0.0001,0,0.2643,0.3327,0.2643,0.3327,1
0,0.5394,0,0,0.5394,0,0.5394,0.5394,1.0789,1.6183,0,0,0,0,1.6183,1.0789,0,0.5394,1.6183,0,0,0,0,0,0,0,0,0,0.0001,0.0001,0,0,0,0,0.0001,0.0001,0,0,0.0001,0,0.2279,0.2327,0.2279,0.2327,1
0.6995,0.6995,1.399,0.6995,0,0,0,0,0.6995,0.6995,0,0.6995,0,0,0,0,0.6995,0,0,0.6995,0.0001,0.0001,0.0001,0.0001,0,0,0,0,0.0001,0.0001,0,0.0001,0,0,0,0,0.0001,0,0,0.0001,0.1407,0.1598,0.1407,0.1598,1
2.7022,0.5404,0,0,1.0809,1.6213,0.5404,1.0809,0,1.0809,0,0.5404,1.0809,0,3.2426,0.5404,0,1.0809,0,0,0.0002,0,0,0,0.0001,0.0001,0,0.0001,0,0.0001,0,0,0.0001,0,0.0002,0,0,0.0001,0,0,0.2219,0.2376,0.2219,0.2376,1
0.7163,0,0,0,1.4325,0,0,0,2.865,2.1488,0,0.7163,0,0,1.4325,0.7163,0,1.4325,0,0,0.0001,0,0,0,0.0002,0,0,0,0.0004,0.0003,0,0.0001,0,0,0.0002,0.0001,0,0.0002,0,0,0.1128,0.1709,0.1128,0.1709,1
0,0,0,1.2629,0.6315,1.2629,0.6315,1.2629,0.6315,1.2629,0.6315,1.2629,0,0,0,0,2.5258,1.8944,0,0,0,0,0,0.0001,0.0001,0.0001,0.0001,0.0001,0.0001,0.0001,0.0001,0.0001,0,0,0,0,0.0003,0.0002,0,0,0.1818,0.1867,0.1818,0.1867,1
0,0,0.6009,0,1.2018,0.6009,0.6009,0.6009,0,0,1.2018,0,1.2018,0.6009,1.8028,0,0.6009,1.8028,0.6009,0.6009,0,0,0.0001,0,0.0001,0.0001,0.0001,0.0001,0,0,0.0001,0,0.0001,0.0001,0.0002,0,0.0001,0.0002,0.0001,0.0001,0.189,0.2101,0.189,0.2101,1
1.9366,0,0.4842,0,1.4525,2.9049,0.4842,0,0.9683,0.9683,0,1.4525,0,0,0,0.9683,0,1.9366,0.4842,0.4842,0.0001,0,0,0,0.0001,0.0002,0,0,0.0001,0.0001,0,0.0001,0,0,0,0.0001,0,0.0001,0,0,0.2647,0.2512,0.2647,0.2512,1
2.9846,0,0.5969,0,1.1939,1.1939,1.1939,0.5969,0.5969,2.3877,0,0,0.5969,0,0,0,0,1.1939,0,0,0.0003,0,0.0001,0,0.0001,0.0001,0.0001,0.0001,0.0001,0.0002,0,0,0.0001,0,0,0,0,0.0001,0,0,0.1838,0.2193,0.1838,0.2193,1
0,2.6865,0,0.5373,0,2.1492,0.5373,0.5373,0.5373,0,1.0746,0.5373,1.6119,0,1.6119,0.5373,1.6119,1.6119,0.5373,0,0,0.0001,0,0,0,0.0001,0,0,0,0,0.0001,0,0.0001,0,0.0001,0,0.0001,0.0001,0,0,0.2016,0.2611,0.2016,0.2611,1
1.2936,0.8624,1.7248,0.8624,0.4312,0,0.4312,0.8624,0.4312,0.8624,0,0,0,0,1.2936,1.7248,1.2936,0.4312,0.4312,0,0.0001,0.0001,0.0001,0.0001,0,0,0,0.0001,0,0.0001,0,0,0,0,0.0001,0.0001,0.0001,0,0,0,0.3067,0.2621,0.3067,0.2621,1
0,0,1.2255,3.268,0,0.4085,0,1.2255,2.451,0.4085,0,0,0,0.817,0,0.4085,0.817,0,0.817,0.4085,0,0,0.0001,0.0003,0,0,0,0.0001,0.0002,0,0,0,0,0.0001,0,0,0.0001,0,0.0001,0,0.2572,0.3343,0.2572,0.3343,1
0,0.5337,0.5337,0.5337,0.5337,1.0674,0.5337,0.5337,1.0674,0.5337,0,1.6011,1.6011,0,1.0674,1.0674,0,1.0674,0,0.5337,0,0,0,0,0,0.0001,0,0,0.0001,0,0,0.0001,0.0001,0,0.0001,0.0001,0,0.0001,0,0,0.2714,0.1949,0.2714,0.1949,1
0,0,1.0107,0,0.5054,0.5054,0,1.5161,2.5268,0,1.5161,0,0.5054,0.5054,1.0107,0,0,0,0.5054,0,0,0,0.0001,0,0.0001,0.0001,0,0.0002,0.0003,0,0.0002,0,0.0001,0.0001,0.0001,0,0,0,0.0001,0,0.2675,0.2271,0.2675,0.2271,1
1.0817,0,1.0817,0.5408,0,1.0817,1.0817,0.5408,0,4.8676,0,0,2.7042,0,2.1634,0,0,0,0,0,0.0001,0,0.0001,0.0001,0,0.0001,0.0001,0.0001,0,0.0006,0,0,0.0003,0,0.0003,0,0,0,0,0,0.2649,0.1942,0.2649,0.1942,1
0.9926,0.4963,0,0,0.9926,3.4739,0,0,0.9926,1.9851,0,0,0,0,1.4888,0.4963,0.4963,0.4963,0,0,0.0001,0,0,0,0.0001,0.0003,0,0,0.0001,0.0001,0,0,0,0,0.0001,0,0,0,0,0,0.2289,0.2748,0.2289,0.2748,1
1.3143,0,0,0,0,1.3143,0,0,0.6571,1.3143,0.6571,0.6571,0,0,1.3143,0.6571,0,0,0,0,0.0002,0,0,0,0,0.0002,0,0,0.0001,0.0002,0.0001,0.0001,0,0,0.0002,0.0001,0,0,0,0,0.1861,0.1568,0.1861,0.1568,1
0.6996,0.6996,1.3993,0,0.6996,0,0,0,0,0.6996,0,0,0,0,0.6996,0,0.6996,0.6996,0,1.3993,0.0001,0.0001,0.0001,0,0.0001,0,0,0,0,0.0001,0,0,0,0,0.0001,0,0.0001,0.0001,0,0.0001,0.1418,0.1586,0.1418,0.1586,1
3.8944,3.8944,0,0.6491,0.6491,0.6491,0,0.6491,0.6491,1.2981,0,1.9472,0.6491,0,0,0.6491,1.2981,1.2981,0.6491,0.6491,0.0001,0.0001,0,0,0,0,0,0,0,0,0,0.0001,0,0,0,0,0,0,0,0,0.1766,0.1743,0.1766,0.1743,1
0,0.5503,1.1006,0.5503,0,0.5503,0.5503,0,1.651,0,2.2013,1.1006,1.1006,0.5503,1.1006,0,0,2.7516,0,0,0,0,0.0001,0,0,0,0,0,0.0001,0,0.0001,0.0001,0.0001,0,0.0001,0,0,0.0002,0,0,0.2164,0.2332,0.2164,0.2332,1
0.4946,0.4946,0.9891,0,0.4946,1.4837,0.4946,0.4946,0.4946,0.9891,0.4946,0.4946,0.4946,0.4946,0.9891,0.9891,0.4946,2.4728,0.9891,0,0,0,0.0001,0,0,0.0001,0,0,0,0.0001,0,0,0,0,0.0001,0.0001,0,0.0002,0.0001,0,0.2392,0.2662,0.2392,0.2662,1
2.1317,0,0,0.5329,0.5329,0,0,0,0.5329,0,0,0.5329,0,1.0658,4.7963,0,0.5329,0,0.5329,0,0.0004,0,0,0.0001,0.0001,0,0,0,0.0001,0,0,0.0001,0,0.0002,0.0008,0,0.0001,0,0.0001,0,0.2284,0.2387,0.2284,0.2387,1
0,1.8058,1.2039,0,0.6019,0.6019,0.6019,1.2039,0,0,0,0,0,0,1.2039,0.6019,0.6019,0,0.6019,0.6019,0,0.0001,0.0001,0,0,0,0,0.0001,0,0,0,0,0,0,0.0001,0,0,0,0,0,0.2065,0.1916,0.2065,0.1916,1
1.1871,0,0.5935,1.1871,0,0,0,0.5935,0.5935,0.5935,1.7806,0,0,0,1.1871,0,0.5935,0,0.5935,0,0.0001,0,0.0001,0.0001,0,0,0,0.0001,0.0001,0.0001,0.0002,0,0,0,0.0001,0,0.0001,0,0.0001,0,0.2294,0.1771,0.2294,0.1771,1
1.548,0,0,0,0,0,0,0,5.4181,0,0,0,0,0,0,0,0.774,2.322,0,0.774,0.0004,0,0,0,0,0,0,0,0.0014,0,0,0,0,0,0,0,0.0002,0.0006,0,0.0002,0.0817,0.1442,0.0817,0.1442,1
0,1.1493,0.5747,0,0,0.5747,0,0.5747,1.1493,1.1493,1.1493,0,0.5747,0,4.0226,1.1493,1.724,1.1493,0,0,0,0.0001,0,0,0,0,0,0,0.0001,0.0001,0.0001,0,0,0,0.0003,0.0001,0.0001,0.0001,0,0,0.2272,0.1981,0.2272,0.1981,1
2.4593,0,0.6148,0,0,1.8445,0,0,0.6148,1.2296,0.6148,0.6148,0,0,1.2296,0,0,0,0,0,0.0003,0,0.0001,0,0,0.0002,0,0,0.0001,0.0001,0.0001,0.0001,0,0,0.0001,0,0,0,0,0,0.2105,0.1747,0.2105,0.1747,1
0.4913,0,0,0,0,1.4739,1.9652,0.9826,0.9826,0.9826,0,0,0.9826,0,1.4739,0,0,2.4565,0,0,0.0001,0,0,0,0,0.0002,0.0002,0.0001,0.0001,0.0001,0,0,0.0001,0,0.0002,0,0,0.0003,0,0,0.2935,0.2152,0.2935,0.2152,1
1.5815,0.5272,1.0543,0,0,1.0543,0.5272,0.5272,1.0543,0.5272,0,0.5272,0.5272,0,1.0543,0,1.0543,0,0.5272,0,0.0001,0,0.0001,0,0,0.0001,0,0,0.0001,0,0,0,0,0,0.0001,0,0.0001,0,0,0,0.2243,0.2485,0.2243,0.2485,1
0,0.4972,1.9889,0.4972,0.4972,0,0,0.4972,0.4972,1.9889,0,0,0,0,0.4972,0.9945,0,0,1.9889,0,0,0,0.0001,0,0,0,0,0,0,0.0001,0,0,0,0,0,0.0001,0,0,0.0001,0,0.242,0.2608,0.242,0.2608,1
1.9687,0,0.6562,0,0.6562,1.9687,0,0,0,3.2812,0.6562,0.6562,0,1.9687,0,0,0.6562,0,0.6562,0,0.0001,0,0,0,0,0.0001,0,0,0,0.0002,0,0,0,0.0001,0,0,0,0,0,0,0.1899,0.1538,0.1899,0.1538,1
1.0435,0,0.5218,1.0435,0.5218,1.0435,0,1.0435,1.0435,1.0435,0,0,0,0,1.5653,0,0.5218,0,0.5218,0,0.0001,0,0.0001,0.0001,0.0001,0.0001,0,0.0001,0.0001,0.0001,0,0,0,0,0.0002,0,0.0001,0,0.0001,0,0.1994,0.2788,0.1994,0.2788,1
0,0,0,2.433,0.6083,1.8248,0,0,0,1.8248,0.6083,0.6083,0,0,0,0,0,0.6083,0.6083,0,0,0,0,0.0002,0.0001,0.0002,0,0,0,0.0002,0.0001,0.0001,0,0,0,0,0,0.0001,0.0001,0,0.1772,0.2145,0.1772,0.2145,1
0,0.6443,0.6443,0.6443,1.2885,0.6443,0,1.9328,0,0.6443,0.6443,0,0.6443,0,1.2885,0.6443,1.2885,0,0.6443,0,0,0,0,0,0.0001,0,0,0.0001,0,0,0,0,0,0,0.0001,0,0.0001,0,0,0,0.177,0.1787,0.177,0.1787,1
0,0.6532,0.6532,0,0.6532,0,0,0.6532,0.6532,0.6532,0,1.3064,0.6532,0,1.3064,0.6532,0,0,0,0,0,0.0001,0.0001,0,0.0001,0,0,0.0001,0.0001,0.0001,0,0.0001,0.0001,0,0.0001,0.0001,0,0,0,0,0.1863,0.1604,0.1863,0.1604,1
0.4731,0.4731,0.9463,0.9463,0,0.9463,0.4731,0.4731,0.9463,2.8388,0,2.3657,0,0,0.4731,0.4731,0.4731,0.4731,0,0,0,0,0.0001,0.0001,0,0.0001,0,0,0.0001,0.0002,0,0.0001,0,0,0,0,0,0,0,0,0.242,0.2849,0.242,0.2849,1
0,0,0,0,0,0.5162,1.0324,1.0324,1.5486,0.5162,0,0.5162,2.581,0,2.581,0,0,0,0,1.5486,0,0,0,0,0,0.0001,0.0001,0.0001,0.0002,0.0001,0,0.0001,0.0003,0,0.0003,0,0,0,0,0.0002,0.2456,0.2382,0.2456,0.2382,1
0.9333,0,0.4667,0,0,0,0,1.4,1.4,1.4,0,0.9333,0,0,1.8666,0.4667,0.4667,0,0.4667,0.4667,0.0001,0,0,0,0,0,0,0.0001,0.0001,0.0001,0,0.0001,0,0,0.0002,0,0,0,0,0,0.2343,0.2991,0.2343,0.2991,1
1.8981,0,1.2654,0.6327,0.6327,1.2654,0.6327,0,0,1.8981,0,0,0,0,1.2654,0.6327,0,0,0,0.6327,0.0002,0,0.0002,0.0001,0.0001,0.0002,0.0001,0,0,0.0002,0,0,0,0,0.0002,0.0001,0,0,0,0.0001,0.1855,0.1818,0.1855,0.1818,1
2.5459,0.6365,1.9094,0,0,0.6365,0.6365,1.9094,0,0,0,1.2729,0.6365,0.6365,0,0.6365,0.6365,0.6365,0,0,0.0002,0,0.0001,0,0,0,0,0.0001,0,0,0,0.0001,0,0,0,0,0,0,0,0,0.1984,0.1651,0.1984,0.1651,1
1.5044,0.7522,0,0,0.7522,0,0,0,0.7522,0,2.2567,0.7522,0.7522,0.7522,0.7522,0,3.7611,3.7611,0,0,0.0001,0.0001,0,0,0.0001,0,0,0,0.0001,0,0.0002,0.0001,0.0001,0.0001,0.0001,0,0.0003,0.0003,0,0,0.1137,0.1341,0.1137,0.1341,1
0,0.5966,0.5966,0,1.1933,0,0,1.7899,0.5966,0.5966,3.5798,0.5966,1.1933,0,2.9831,0,1.1933,1.1933,0,0,0,0,0,0,0.0001,0,0,0.0001,0,0,0.0003,0,0.0001,0,0.0002,0,0.0001,0.0001,0,0,0.1925,0.2109,0.1925,0.2109,1
0,0,0,0,0,0,0,0,1.3867,0,0,0,1.3867,0.6933,3.4667,0,0,0.6933,0,1.3867,0,0,0,0,0,0,0,0,0.0004,0,0,0,0.0004,0.0002,0.0009,0,0,0.0002,0,0.0004,0.1297,0.177,0.1297,0.177,1
1.2342,0,0.6171,0,0.6171,0,0,0.6171,2.4685,0,0.6171,0,0,0,1.8514,0.6171,0,1.8514,0,0.6171,0.0001,0,0.0001,0,0.0001,0,0,0.0001,0.0003,0,0.0001,0,0,0,0.0002,0.0001,0,0.0002,0,0.0001,0.1803,0.2026,0.1803,0.2026,1
0.5691,0.5691,1.7072,0,0.5691,0,0,0.5691,0.5691,1.1381,0,0.5691,0,0,0.5691,1.1381,0,0.5691,1.7072,0,0,0,0.0001,0,0,0,0,0,0,0.0001,0,0,0,0,0,0.0001,0,0,0.0001,0,0.2203,0.2107,0.2203,0.2107,1
1.3758,0.9172,0,0.4586,0,0,0.4586,1.3758,1.3758,0.4586,1.3758,0,0,0.4586,1.8344,0,0.9172,0.9172,0,0.9172,0.0001,0.0001,0,0,0,0,0,0.0001,0.0001,0,0.0001,0,0,0,0.0001,0,0.0001,0.0001,0,0.0001,0.3415,0.1999,0.3415,0.1999,1
0.5673,0.5673,0.5673,1.1346,1.1346,0.5673,0,0,0.5673,1.7018,0,1.1346,0,0,0.5673,0.5673,0.5673,1.1346,0.5673,0,0,0,0,0.0001,0.0001,0,0,0,0,0.0001,0,0.0001,0,0,0,0,0,0.0001,0,0,0.2424,0.1903,0.2424,0.1903,1
0.5018,2.007,0.5018,0.5018,0.5018,1.5053,0.5018,0.5018,1.5053,0.5018,1.0035,2.007,1.0035,0,0.5018,1.0035,0.5018,0,0,0.5018,0,0.0001,0,0,0,0.0001,0,0,0.0001,0,0.0001,0.0001,0.0001,0,0,0.0001,0,0,0,0,0.2578,0.2404,0.2578,0.2404,1
0,0.4349,0.8698,0.4349,0.4349,0,0.4349,0.8698,1.3047,0.8698,0,0.4349,0.4349,0.4349,0.8698,0.4349,0.4349,0.8698,0.4349,0.8698,0,0,0.0001,0,0,0,0,0.0001,0.0001,0.0001,0,0,0,0,0.0001,0,0,0.0001,0,0.0001,0.2674,0.2977,0.2674,0.2977,1
0.4975,0,0.4975,0.9949,0,0.9949,0,1.4924,0.4975,0.9949,0.9949,0,0,0,1.4924,0,0.4975,0.4975,0.4975,0.4975,0,0,0,0.0001,0,0.0001,0,0.0001,0,0.0001,0.0001,0,0,0,0.0001,0,0,0,0,0,0.2543,0.2482,0.2543,0.2482,1
0,0.5391,0,0,0.5391,0.5391,0,0,0.5391,2.1565,0,0,0.5391,0.5391,2.1565,0,1.0783,0.5391,0.5391,0,0,0.0001,0,0,0.0001,0.0001,0,0,0.0001,0.0002,0,0,0.0001,0.0001,0.0002,0,0.0001,0.0001,0.0001,0,0.2341,0.2268,0.2341,0.2268,1
1.5573,0,1.0382,0.5191,0,0,0,0.5191,2.5955,1.0382,1.0382,0,0,0,0,0.5191,2.0764,0.5191,0,0,0.0002,0,0.0001,0.0001,0,0,0,0.0001,0.0003,0.0001,0.0001,0,0,0,0,0.0001,0.0002,0.0001,0,0,0.2379,0.243,0.2379,0.243,1
1.2566,0,1.2566,0,0.6283,0,0,0.6283,0.6283,0.6283,0.6283,0,1.2566,1.2566,0.6283,0.6283,0.6283,1.2566,0,1.2566,0.0001,0,0.0001,0,0.0001,0,0,0.0001,0.0001,0.0001,0.0001,0,0.0001,0.0001,0.0001,0.0001,0.0001,0.0001,0,0.0001,0.2412,0.1305,0.2412,0.1305,1
1.1646,1.1646,0,0,0.5823,1.1646,0,0.5823,0.5823,0.5823,1.1646,0.5823,0,0,1.1646,0.5823,0.5823,4.6583,0.5823,0,0.0001,0.0001,0,0,0,0.0001,0,0,0,0,0.0001,0,0,0,0.0001,0,0,0.0003,0,0,0.2284,0.1893,0.2284,0.1893,1
1.12,0,0,0.56,0,0.56,0.56,1.12,0,3.36,0,3.36,0,1.68,1.12,0.56,0,0.56,0,0,0.0001,0,0,0,0,0,0,0.0001,0,0.0002,0,0.0002,0,0.0001,0.0001,0,0,0,0,0,0.2042,0.2358,0.2042,0.2358,1
1.4805,0.4935,1.4805,0.4935,0.4935,0.4935,0.4935,0,0.4935,0.4935,0,0.4935,0.4935,0,1.9739,0.4935,0.4935,0.987,0,0.987,0.0001,0,0.0001,0,0,0,0,0,0,0,0,0,0,0,0.0001,0,0,0.0001,0,0.0001,0.2302,0.2763,0.2302,0.2763,1
1.3665,0.6833,2.0498,0,0.6833,0,0,0.6833,0,1.3665,0.6833,0.6833,0.6833,0,0,2.0498,0.6833,1.3665,0,0,0.0001,0,0.0001,0,0,0,0,0,0,0.0001,0,0,0,0,0,0.0001,0,0.0001,0,0,0.1713,0.1454,0.1713,0.1454,1
0,0.6658,0,0.6658,0.6658,1.3317,0.6658,0.6658,0,0.6658,0.6658,1.3317,0.6658,0,0.6658,1.3317,1.3317,1.9975,0,0,0,0.0001,0,0.0001,0.0001,0.0001,0.0001,0.0001,0,0.0001,0.0001,0.0001,0.0001,0,0.0001,0.0001,0.0001,0.0002,0,0,0.1598,0.1744,0.1598,0.1744,1
0,0.6944,0.6944,1.3888,0.6944,0,0,1.3888,0,1.3888,0.6944,0.6944,0.6944,0,0,2.0833,0,0,0,0,0,0.0001,0.0001,0.0001,0.0001,0,0,0.0001,0,0.0001,0.0001,0.0001,0.0001,0,0,0.0002,0,0,0,0,0.1729,0.1326,0.1729,0.1326,1
2.0216,2.6955,0.6739,0,0.6739,2.6955,0,0.6739,1.3477,0,0,0,0.6739,0.6739,0,0,0,0.6739,0,0,0.0001,0.0001,0,0,0,0.0001,0,0,0.0001,0,0,0,0,0,0,0,0,0,0,0,0.1791,0.147,0.1791,0.147,1
0.7185,1.437,0,0,0.7185,2.1555,0.7185,0.7185,0.7185,0,0,0,0,0,0,0.7185,0,0.7185,0.7185,0,0,0.0001,0,0,0,0.0001,0,0,0,0,0,0,0,0,0,0,0,0,0,0,0.1833,0.0982,0.1833,0.0982,1
1.1626,0,0,0.5813,0.5813,1.1626,1.7439,0.5813,0.5813,2.3252,0,0.5813,1.1626,0,0,0.5813,0,3.4879,0,0,0.0001,0,0,0,0,0.0001,0.0001,0,0,0.0002,0,0,0.0001,0,0,0,0,0.0003,0,0,0.1749,0.2438,0.1749,0.2438,1
0.6286,0.6286,0.6286,0.6286,0,0,0,0,0.6286,0.6286,0,1.2572,0,0.6286,0.6286,0,1.2572,0,0,0.6286,0.0001,0.0001,0.0001,0.0001,0,0,0,0,0.0001,0.0001,0,0.0001,0,0.0001,0.0001,0,0.0001,0,0,0.0001,0.182,0.1894,0.182,0.1894,1
0,0,0,0,2.6519,0,0,0,3.5359,4.4199,0,0,0,0,0,0,0,0.884,0,0,0,0,0,0,0.0014,0,0,0,0.0019,0.0024,0,0,0,0,0,0,0,0.0005,0,0,0.0408,0.0752,0.0408,0.0752,1
4.9333,1.85,0,0,0.6167,0.6167,0.6167,0,1.2333,0.6167,1.85,0.6167,0,0,0,0,1.2333,1.2333,0.6167,0,0.0002,0.0001,0,0,0,0,0,0,0.0001,0,0.0001,0,0,0,0,0,0.0001,0.0001,0,0,0.1894,0.1939,0.1894,0.1939,1
0.9876,0,0.9876,0,0.4938,0.4938,0.4938,0.4938,1.9752,0.9876,0,1.4814,0,0,1.9752,0,2.9629,0,0,0.4938,0.0001,0,0.0001,0,0,0,0,0,0.0002,0.0001,0,0.0001,0,0,0.0002,0,0.0003,0,0,0,0.2175,0.2887,0.2175,0.2887,1
1.5597,0,0.5199,0,1.0398,0,0,0,0.5199,0.5199,0.5199,0,1.5597,0,2.0797,1.0398,0.5199,1.0398,0,0,0.0002,0,0.0001,0,0.0001,0,0,0,0.0001,0.0001,0.0001,0,0.0002,0,0.0002,0.0001,0.0001,0.0001,0,0,0.2811,0.199,0.2811,0.199,1
0,0.536,1.6081,0.536,0.536,0,0,0.536,0.536,1.6081,0,0,0,0.536,0,1.0721,0,0.536,1.6081,0,0,0,0.0001,0,0,0,0,0,0,0.0001,0,0,0,0,0,0.0001,0,0,0.0001,0,0.2172,0.2468,0.2172,0.2468,1
0.7026,0.7026,0,0,0,3.5131,0,0.7026,0.7026,4.9184,0,0,0.7026,0.7026,0,2.1079,0,0.7026,0,0.7026,0,0,0,0,0,0.0002,0,0,0,0.0003,0,0,0,0,0,0.0001,0,0,0,0,0.1259,0.1714,0.1259,0.1714,1
0.6773,1.3546,0.6773,0.6773,0.6773,0.6773,0,0,1.3546,0,0,0,0.6773,0.6773,0,0.6773,2.7091,2.7091,0,0,0,0.0001,0,0,0,0,0,0,0.0001,0,0,0,0,0,0,0,0.0002,0.0002,0,0,0.1597,0.163,0.1597,0.163,1
1.5859,0,0,0,0.7929,0.7929,0,1.5859,0,0,0,1.5859,2.3788,0.7929,0,0,0.7929,2.3788,0.7929,0,0.0001,0,0,0,0.0001,0.0001,0,0.0001,0,0,0,0.0001,0.0002,0.0001,0,0,0.0001,0.0002,0.0001,0,0.0986,0.1085,0.0986,0.1085,1
1.6482,0,0,0,0.8241,0,0,0.8241,0,1.6482,0.8241,0,0.8241,0,0.8241,0,0.8241,0,0.8241,0.8241,0.0003,0,0,0,0.0002,0,0,0.0002,0,0.0003,0.0002,0,0.0002,0,0.0002,0,0.0002,0,0.0002,0.0002,0.0911,0.0848,0.0911,0.0848,1
0.5709,0,0,0.5709,1.1418,0.5709,0.5709,1.7126,0,2.2835,0,0,0,1.1418,6.2797,0,0,0,0,0.5709,0.0001,0,0,0.0001,0.0001,0.0001,0.0001,0.0002,0,0.0003,0,0,0,0.0001,0.0008,0,0,0,0,0.0001,0.2139,0.2152,0.2139,0.2152,1
0.667,0.667,0.667,0.667,1.334,0.667,0,0,0.667,2.001,0.667,1.334,2.001,0,0,0,0,0,2.001,0,0,0,0,0,0.0001,0,0,0,0,0.0001,0,0.0001,0.0001,0,0,0,0,0,0.0001,0,0.1869,0.1461,0.1869,0.1461,1
0,0.5046,1.5138,0.5046,0.5046,0,0,0.5046,0.5046,1.5138,0,0,0,0,0.5046,1.0092,0.5046,0.5046,2.0184,0,0,0,0.0001,0,0,0,0,0,0,0.0001,0,0,0,0,0,0.0001,0,0,0.0001,0,0.2473,0.2481,0.2473,0.2481,1
1.699,0,0,0,0.8495,0,0,0,3.3979,3.3979,0,0,0,0,0,0,0.8495,0.8495,0,0,0.0004,0,0,0,0.0002,0,0,0,0.0008,0.0008,0,0,0,0,0,0,0.0002,0.0002,0,0,0.0525,0.098,0.0525,0.098,1
0,0,1.275,0,0,3.1874,0,1.275,0,1.9125,0.6375,1.9125,0.6375,1.275,0,0,0,0,0,0.6375,0,0,0.0001,0,0,0.0002,0,0.0001,0,0.0001,0,0.0001,0,0.0001,0,0,0,0,0,0,0.1982,0.1643,0.1982,0.1643,1
0,0.4992,0.9983,0.9983,0.4992,0.4992,0.4992,0.4992,0.4992,1.9967,0,0.4992,4.4926,0,1.4975,0,0.4992,0.4992,0.4992,0,0,0,0.0001,0.0001,0,0,0,0,0,0.0002,0,0,0.0004,0,0.0001,0,0,0,0,0,0.2955,0.2053,0.2955,0.2053,1
0.925,0,0,0,0.4625,0,0.4625,0,2.3124,3.2374,0,0,0.925,0,1.3875,0.4625,0,0.4625,0,0,0.0001,0,0,0,0.0001,0,0.0001,0,0.0003,0.0004,0,0,0.0001,0,0.0002,0.0001,0,0.0001,0,0,0.2286,0.3089,0.2286,0.3089,1
1.9713,0,0,0,0,0,0,0,1.4785,0,0,0.4928,0,0.4928,5.421,0,0.9856,0,0,0,0.0003,0,0,0,0,0,0,0,0.0003,0,0,0.0001,0,0.0001,0.0009,0,0.0002,0,0,0,0.257,0.2502,0.257,0.2502,1
1.7787,0,1.7787,0,0.5929,2.3716,0,0,0,1.7787,0.5929,0,0,0,1.1858,1.1858,1.1858,1.7787,0,0.5929,0.0001,0,0.0001,0,0,0.0001,0,0,0,0.0001,0,0,0,0,0.0001,0.0001,0.0001,0.0001,0,0,0.1675,0.2396,0.1675,0.2396,1
0.5755,4.0283,0,0.5755,0.5755,1.1509,0,1.7264,1.1509,0.5755,0,0.5755,1.1509,0,0.5755,2.3019,0,1.1509,0.5755,0.5755,0,0.0001,0,0,0,0,0,0.0001,0,0,0,0,0,0,0,0.0001,0,0,0,0,0.2276,0.1969,0.2276,0.1969,1
1.5673,0,0,0,0,0.5224,0,0.5224,1.5673,0,0,1.0448,3.1345,0,1.5673,0.5224,0,1.0448,0,0,0.0002,0,0,0,0,0.0001,0,0.0001,0.0002,0,0,0.0001,0.0004,0,0.0002,0.0001,0,0.0001,0,0,0.2601,0.2175,0.2601,0.2175,1
0,1.3276,0.6638,0,0.6638,0,0.6638,0.6638,0.6638,0,0,2.6551,0.6638,0.6638,0.6638,0.6638,0.6638,0.6638,0,0,0,0.0001,0.0001,0,0.0001,0,0.0001,0.0001,0.0001,0,0,0.0002,0.0001,0.0001,0.0001,0.0001,0.0001,0.0001,0,0,0.1948,0.1414,0.1948,0.1414,1
0.5617,3.3705,0,0.5617,0,2.247,0,1.6852,1.1235,0.5617,0.5617,1.1235,1.1235,0,0.5617,1.1235,0.5617,0.5617,0.5617,0.5617,0,0.0001,0,0,0,0.0001,0,0.0001,0,0,0,0,0,0,0,0,0,0,0,0,0.2489,0.1893,0.2489,0.1893,1
1.0105,0.5053,0.5053,0.5053,0,0,0,0.5053,2.5263,1.0105,0,0,0.5053,0.5053,0,0,1.0105,1.0105,1.5158,0,0.0001,0,0,0,0,0,0,0,0.0002,0.0001,0,0,0,0,0,0,0.0001,0.0001,0.0001,0,0.269,0.2258,0.269,0.2258,1
0,0.7004,0.7004,0,1.4009,3.5022,0,0,0,1.4009,0.7004,0.7004,0.7004,0.7004,0.7004,0,0,1.4009,0,0,0,0.0001,0.0001,0,0.0001,0.0003,0,0,0,0.0001,0.0001,0.0001,0.0001,0.0001,0.0001,0,0,0.0001,0,0,0.1539,0.1457,0.1539,0.1457,1
0.5379,0.5379,1.0758,1.6137,1.6137,0.5379,0,0.5379,1.0758,1.6137,0,0,0,1.0758,0.5379,1.0758,0.5379,0.5379,0,0,0,0,0.0001,0.0001,0.0001,0,0,0,0.0001,0.0001,0,0,0,0.0001,0,0.0001,0,0,0,0,0.3028,0.1593,0.3028,0.1593,1
1.9919,0,0.498,3.4859,0.498,0,0,0.498,0.996,0.996,0.498,0.498,0.498,0.498,0,0.498,0,0.498,0,0.498,0.0002,0,0,0.0003,0,0,0,0,0.0001,0.0001,0,0,0,0,0,0,0,0,0,0,0.2474,0.2546,0.2474,0.2546,1
1.2117,0,0,0.6059,0,0,0,0.6059,1.8176,2.4234,0.6059,0,0.6059,0,0,0,1.8176,1.8176,0,0.6059,0.0001,0,0,0.0001,0,0,0,0.0001,0.0002,0.0003,0.0001,0,0.0001,0,0,0,0.0002,0.0002,0,0.0001,0.1959,0.1982,0.1959,0.1982,1
0,1.8259,0,0,2.4345,3.0431,0.6086,1.2173,1.2173,1.8259,0.6086,0.6086,0.6086,0,0,0,0,1.2173,0,0,0,0.0001,0,0,0.0001,0.0002,0,0.0001,0.0001,0.0001,0,0,0,0,0,0,0,0.0001,0,0,0.1948,0.1966,0.1948,0.1966,1
0,3.4232,1.1411,0.5705,1.7116,3.4232,0,0,0,0.5705,0,0.5705,1.1411,0,0,0.5705,2.8527,0.5705,0.5705,0,0,0.0001,0,0,0.0001,0.0001,0,0,0,0,0,0,0,0,0,0,0.0001,0,0,0,0.2191,0.2104,0.2191,0.2104,1
1.3615,0,0,0,0.6807,0,0,0,1.3615,1.3615,0,0.6807,0,0,2.0422,0,0,0,0,0,0.0003,0,0,0,0.0001,0,0,0,0.0003,0.0003,0,0.0001,0,0,0.0004,0,0,0,0,0,0.2066,0.1126,0.2066,0.1126,1
1.3408,2.0111,0,0,0,2.0111,0,0,0.6704,0,2.0111,1.3408,0,0,0.6704,0.6704,0.6704,1.3408,0,0.6704,0.0001,0.0001,0,0,0,0.0001,0,0,0,0,0.0001,0.0001,0,0,0,0,0,0.0001,0,0,0.1526,0.177,0.1526,0.177,1
1.1787,0.5893,0,0.5893,0,1.1787,0.5893,0.5893,1.1787,0.5893,0,1.1787,0.5893,1.1787,0.5893,0,0,0.5893,1.1787,0,0.0001,0.0001,0,0.0001,0,0.0001,0.0001,0.0001,0.0001,0.0001,0,0.0001,0.0001,0.0001,0.0001,0,0,0.0001,0.0001,0,0.1816,0.229,0.1816,0.229,1
0.6906,0,0,0,0,1.3813,0,0,0.6906,2.0719,0,0,0,0,1.3813,0.6906,0,0,0,0,0.0001,0,0,0,0,0.0002,0,0,0.0001,0.0003,0,0,0,0,0.0002,0.0001,0,0,0,0,0.1742,0.1352,0.1742,0.1352,1
1.248,0,0.624,0,0.624,0,1.8719,1.248,0.624,0.624,0,1.248,0.624,0,2.4959,0,0.624,0,0,0,0.0002,0,0.0001,0,0.0001,0,0.0003,0.0002,0.0001,0.0001,0,0.0002,0.0001,0,0.0004,0,0.0001,0,0,0,0.1447,0.2313,0.1447,0.2313,1
0,0.4869,0.9738,0,0.9738,0,0.9738,0.4869,0,0.4869,0.9738,0,0.4869,0.9738,4.3819,0,0,1.9475,0,0.4869,0,0,0.0001,0,0.0001,0,0.0001,0,0,0,0.0001,0,0,0.0001,0.0004,0,0,0.0002,0,0,0.2226,0.2905,0.2226,0.2905,1
3.1387,0,0.6277,0,0,1.2555,0,0,0,1.2555,0,0.6277,0.6277,0,1.8832,0,0,0,0,0,0.0004,0,0.0001,0,0,0.0001,0,0,0,0.0001,0,0.0001,0.0001,0,0.0002,0,0,0,0,0,0.1896,0.1827,0.1896,0.1827,1
1.8325,0,0,1.8325,0.6108,2.4433,0,0,0.6108,0,0,0.6108,1.2216,0,0,0.6108,2.4433,2.4433,0,0,0.0002,0,0,0.0002,0.0001,0.0002,0,0,0.0001,0,0,0.0001,0.0001,0,0,0.0001,0.0002,0.0002,0,0,0.222,0.1672,0.222,0.1672,1
0.5169,0.5169,0.5169,0.5169,0.5169,1.0338,0,0.5169,1.0338,0,0.5169,1.0338,0.5169,0,1.5507,0,0.5169,1.0338,1.0338,0,0,0,0,0,0,0.0001,0,0,0.0001,0,0,0.0001,0,0,0.0001,0,0,0.0001,0.0001,0,0.2377,0.2454,0.2377,0.2454,1
0.4679,0.9357,1.4036,0.4679,1.4036,1.4036,0.4679,0.4679,1.4036,0.4679,0,0,0,0.4679,0.9357,0.9357,0,0.9357,0,0.9357,0,0.0001,0.0001,0,0.0001,0.0001,0,0,0.0001,0,0,0,0,0,0.0001,0.0001,0,0.0001,0,0.0001,0.2781,0.254,0.2781,0.254,1
2.3844,2.3844,0.5961,0,0,1.7883,1.1922,1.7883,0.5961,2.3844,0,0,0,0,0,1.7883,0.5961,1.7883,0,0.5961,0.0001,0.0001,0,0,0,0.0001,0.0001,0.0001,0,0.0001,0,0,0,0,0,0.0001,0,0.0001,0,0,0.2003,0.2035,0.2003,0.2035,1
0,0.7341,0.7341,0,0,2.2024,0,0,0,1.4683,0.7341,0,0,0,0,0,0,0,0.7341,0.7341,0,0.0001,0.0001,0,0,0.0002,0,0,0,0.0001,0.0001,0,0,0,0,0,0,0,0.0001,0.0001,0.1098,0.1561,0.1098,0.1561,1
1.1734,0,0,0,1.1734,1.1734,0,0,0.5867,1.7601,0,0,2.3469,0,1.1734,0,0.5867,0,1.7601,0.5867,0.0001,0,0,0,0.0001,0.0001,0,0,0.0001,0.0002,0,0,0.0002,0,0.0001,0,0.0001,0,0.0002,0.0001,0.2095,0.2038,0.2095,0.2038,1
0,0.5388,0,0.5388,1.6163,1.0775,1.0775,0.5388,0.5388,1.0775,0,0.5388,1.0775,0,0.5388,0.5388,1.0775,0.5388,1.6163,0,0,0,0,0,0.0001,0.0001,0.0001,0,0,0.0001,0,0,0.0001,0,0,0,0.0001,0,0.0001,0,0.2264,0.2348,0.2264,0.2348,1
0.6553,0,0.6553,0,0,0.6553,0.6553,0,0.6553,0.6553,0,0,1.3107,0.6553,1.3107,0,0.6553,0,0.6553,0,0.0001,0,0.0001,0,0,0.0001,0.0001,0,0.0001,0.0001,0,0,0.0002,0.0001,0.0002,0,0.0001,0,0.0001,0,0.1901,0.1546,0.1901,0.1546,1
2.1824,0.7275,1.4549,0,0,0,0.7275,0.7275,0,0,0.7275,0,0,0,0.7275,2.1824,0,1.4549,0,0,0.0002,0.0001,0.0001,0,0,0,0.0001,0.0001,0,0,0.0001,0,0,0,0.0001,0.0002,0,0.0001,0,0,0.1325,0.14,0.1325,0.14,1
2.3455,0,0.5864,0,0,2.9319,0,0,0.5864,1.1728,0.5864,0.5864,0.5864,0,1.1728,1.1728,0,0.5864,0,0,0.0002,0,0,0,0,0.0002,0,0,0,0.0001,0,0,0,0,0.0001,0.0001,0,0,0,0,0.2329,0.1807,0.2329,0.1807,1
1.5703,0,0,0,1.0469,0,0.5234,1.0469,2.0938,0,1.0469,2.0938,0.5234,0.5234,0.5234,1.0469,1.0469,0,0,0.5234,0.0001,0,0,0,0.0001,0,0,0.0001,0.0002,0,0.0001,0.0002,0,0,0,0.0001,0.0001,0,0,0,0.1975,0.2791,0.1975,0.2791,1
1.1355,0.5678,0.5678,0,0,1.1355,0,0,1.1355,0.5678,1.1355,0.5678,1.1355,0.5678,0.5678,0,0,0.5678,1.7033,0,0.0001,0,0,0,0,0.0001,0,0,0.0001,0,0.0001,0,0.0001,0,0,0,0,0,0.0001,0,0.2188,0.2134,0.2188,0.2134,1
0,0,0,0,0,1.4759,0,0.7379,0.7379,2.2138,0,0,0.7379,0,0.7379,0.7379,0,0.7379,1.4759,0,0,0,0,0,0,0.0002,0,0.0001,0.0001,0.0003,0,0,0.0001,0,0.0001,0.0001,0,0.0001,0.0002,0,0.1257,0.1364,0.1257,0.1364,1
0.5297,0,0,0,0.5297,0,0.5297,1.5892,1.0594,2.1189,0,0,0,0,3.1783,0.5297,0,0,0,0,0.0001,0,0,0,0.0001,0,0.0001,0.0002,0.0002,0.0003,0,0,0,0,0.0005,0.0001,0,0,0,0,0.2471,0.2232,0.2471,0.2232,1
0.5834,0,1.1667,0.5834,1.1667,1.7501,0,0.5834,0,0,0,0,1.7501,0,1.1667,0.5834,0,2.3335,0.5834,0,0,0,0.0001,0,0.0001,0.0001,0,0,0,0,0,0,0.0001,0,0.0001,0,0,0.0002,0,0,0.2581,0.1585,0.2581,0.1585,1
0,1.2387,1.2387,0,0,1.8581,0,0,0.6194,0,2.4775,0,1.2387,0,1.8581,0.6194,0.6194,1.2387,0,0,0,0.0001,0.0001,0,0,0.0001,0,0,0,0,0.0002,0,0.0001,0,0.0001,0,0,0.0001,0,0,0.1886,0.192,0.1886,0.192,1
0,0,0.9553,0,0.4776,0.9553,0.4776,0,0.9553,2.3882,0,0.4776,0.4776,0.4776,1.4329,0,0.4776,0,0.4776,0,0,0,0.0001,0,0,0.0001,0,0,0.0001,0.0002,0,0,0,0,0.0001,0,0,0,0,0,0.2793,0.2431,0.2793,0.2431,1
0,0,0,0,0.485,0.485,0.485,0,0.9699,2.4248,0,0,0.485,0,2.4248,0.485,0.485,0.485,0.485,0,0,0,0,0,0.0001,0.0001,0.0001,0,0.0001,0.0003,0,0,0.0001,0,0.0003,0.0001,0.0001,0.0001,0.0001,0,0.2474,0.2676,0.2474,0.2676,1
1.2848,1.2848,0.6424,0,0,1.2848,0,1.9272,0.6424,0,1.9272,0,0.6424,0.6424,5.1391,0,0.6424,0.6424,0.6424,0.6424,0.0001,0.0001,0,0,0,0.0001,0,0.0001,0,0,0.0001,0,0,0,0.0003,0,0,0,0,0,0.1646,0.193,0.1646,0.193,1
0.7833,1.5666,0,0.7833,1.5666,1.5666,0,0.7833,0,0.7833,0.7833,0,1.5666,0,0,0,2.3498,1.5666,0,0,0,0.0001,0,0,0.0001,0.0001,0,0,0,0,0,0,0.0001,0,0,0,0.0001,0.0001,0,0,0.1047,0.112,0.1047,0.112,1
0,0.8866,0,0,0.8866,0,0.8866,0,0,1.7733,0,0,4.4332,0,0,0,0.8866,1.7733,0,0,0,0.0001,0,0,0.0001,0,0.0001,0,0,0.0002,0,0,0.0004,0,0,0,0.0001,0.0002,0,0,0.0712,0.0421,0.0712,0.0421,1
0.9309,1.8617,0.4654,0,1.3963,0,0.9309,0.9309,0.9309,0,1.8617,0.4654,0.4654,0.4654,1.3963,0,0.4654,0.4654,0,0.9309,0.0001,0.0001,0,0,0.0001,0,0.0001,0.0001,0.0001,0,0.0001,0,0,0,0.0001,0,0,0,0,0.0001,0.2303,0.3043,0.2303,0.3043,1
1.6948,0,0,0,0,0,0,0,3.3897,0.8474,0,0,0.8474,0,0,0,0.8474,2.5423,0,0.8474,0.0005,0,0,0,0,0,0,0,0.001,0.0003,0,0,0.0003,0,0,0,0.0003,0.0008,0,0.0003,0.059,0.0936,0.059,0.0936,1
0,0,0,0.6599,1.3197,0.6599,0,0,0,3.2993,0,0,1.3197,0.6599,1.9796,0,0,0,0,0,0,0,0,0.0001,0.0002,0.0001,0,0,0,0.0006,0,0,0.0002,0.0001,0.0003,0,0,0,0,0,0.1629,0.1772,0.1629,0.1772,1
0,0,1.4608,0,1.4608,0,0,0,0,2.1911,0.7304,0.7304,2.1911,0.7304,0,0,0,1.4608,0,0,0,0,0.0001,0,0.0001,0,0,0,0,0.0002,0.0001,0.0001,0.0002,0.0001,0,0,0,0.0001,0,0,0.1603,0.1093,0.1603,0.1093,1
0,0,0,0,0.7748,0,0,1.5495,0,1.5495,0,0.7748,0,0,0.7748,0.7748,0,1.5495,0,1.5495,0,0,0,0,0.0001,0,0,0.0002,0,0.0002,0,0.0001,0,0,0.0001,0.0001,0,0.0002,0,0.0002,0.1255,0.0997,0.1255,0.0997,1
2.7618,0,1.1047,0.5524,0.5524,0,0.5524,0,0,1.1047,0.5524,0,0,0,1.6571,0,1.1047,0,0,0,0.0003,0,0.0001,0.0001,0.0001,0,0.0001,0,0,0.0001,0.0001,0,0,0,0.0002,0,0.0001,0,0,0,0.1946,0.2531,0.1946,0.2531,1
1.7048,0,0,0.8524,0,0,0,0,3.4095,0.8524,0,0,0,0,0,0,0.8524,2.5572,0,0.8524,0.0005,0,0,0.0002,0,0,0,0,0.0009,0.0002,0,0,0,0,0,0,0.0002,0.0007,0,0.0002,0.0576,0.09,0.0576,0.09,1
0.62,0,0.62,0.62,0,0.62,0,1.24,1.24,1.8599,0,0.62,0,0,0,0,0,0,0.62,0,0.0001,0,0.0001,0.0001,0,0.0001,0,0.0001,0.0001,0.0002,0,0.0001,0,0,0,0,0,0,0.0001,0,0.1785,0.2016,0.1785,0.2016,1
0,0,0.5441,0,0.5441,0.5441,0,0,0.5441,2.1764,0,0.5441,0.5441,0,1.6323,1.0882,0,1.0882,0.5441,0,0,0,0,0,0,0,0,0,0,0.0002,0,0,0,0,0.0001,0.0001,0,0.0001,0,0,0.1993,0.2566,0.1993,0.2566,1
0,0.5053,0.5053,0,0,0.5053,0,0,0.5053,3.0319,0,0,0,0,2.0213,0,0.5053,1.0106,0.5053,0.5053,0,0,0,0,0,0,0,0,0,0.0003,0,0,0,0,0.0002,0,0,0.0001,0,0,0.2406,0.254,0.2406,0.254,1
1.132,0,0,0,0,1.132,0.566,0,1.132,0,0,0,0,0,7.9238,0,0,0,1.698,0.566,0.0002,0,0,0,0,0.0002,0.0001,0,0.0002,0,0,0,0,0,0.0014,0,0,0,0.0003,0.0001,0.1757,0.2583,0.1757,0.2583,1
3.2262,0,0.4609,0,0.4609,0,0.4609,0.4609,3.6871,0.9218,0,0.4609,0,0,0,0,0.4609,0.4609,0,0.9218,0.0003,0,0,0,0,0,0,0,0.0004,0.0001,0,0,0,0,0,0,0,0,0,0.0001,0.2492,0.2899,0.2492,0.2899,1
0.5826,0.5826,2.9128,0.5826,0,0.5826,0,0.5826,0.5826,0.5826,1.1651,0,1.1651,0,0,0,1.1651,1.1651,0,0,0,0,0.0002,0,0,0,0,0,0,0,0.0001,0,0.0001,0,0,0,0.0001,0.0001,0,0,0.2271,0.1903,0.2271,0.1903,1
2.7318,0,0,0.5464,1.6391,2.1855,0,1.0927,1.0927,0,0.5464,1.0927,0,0.5464,0.5464,0.5464,1.0927,1.6391,0,0,0.0002,0,0,0,0.0001,0.0002,0,0.0001,0.0001,0,0,0.0001,0,0,0,0,0.0001,0.0001,0,0,0.2473,0.2063,0.2473,0.2063,1
1.1198,0.5599,0.5599,0.5599,0,0,1.6797,0,2.7995,0,0,0.5599,0.5599,0,1.6797,0,0.5599,0.5599,0,0,0.0001,0.0001,0.0001,0.0001,0,0,0.0002,0,0.0003,0,0,0.0001,0.0001,0,0.0002,0,0.0001,0.0001,0,0,0.217,0.2231,0.217,0.2231,1
1.2057,0.6028,0.6028,0,0.6028,1.2057,0.6028,3.0141,1.2057,2.4113,0,0,0.6028,0,0,0,0.6028,1.2057,0,0,0.0001,0,0,0,0,0.0001,0,0.0002,0.0001,0.0002,0,0,0,0,0,0,0,0.0001,0,0,0.1871,0.2101,0.1871,0.2101,1
0,0,0,0,1.1451,0.5725,0,1.7176,0.5725,1.7176,0.5725,0.5725,0,1.1451,6.2979,0,0.5725,0.5725,0,0,0,0,0,0,0.0001,0.0001,0,0.0002,0.0001,0.0002,0.0001,0.0001,0,0.0001,0.0008,0,0.0001,0.0001,0,0,0.2137,0.2137,0.2137,0.2137,1
1.236,0,1.854,0,0,0,0,0,0.618,3.708,0,1.236,0.618,0,0,0,1.236,1.236,0,0.618,0.0001,0,0.0001,0,0,0,0,0,0,0.0003,0,0.0001,0,0,0,0,0.0001,0.0001,0,0,0.1853,0.1967,0.1853,0.1967,1
2.0881,1.392,0,0,2.7841,2.0881,0,0,0,0.696,0,0.696,0,0,0.696,0.696,0.696,0.696,0,0.696,0.0001,0.0001,0,0,0.0002,0.0001,0,0,0,0,0,0,0,0,0,0,0,0,0,0,0.1388,0.1652,0.1388,0.1652,1
0,1.2736,0,0,0.6368,1.2736,0,0.6368,0.6368,0,1.2736,1.9104,0,0,1.9104,1.9104,1.2736,1.2736,0.6368,0.6368,0,0.0001,0,0,0,0.0001,0,0,0,0,0.0001,0.0001,0,0,0.0001,0.0001,0.0001,0.0001,0,0,0.1741,0.1891,0.1741,0.1891,1
2.2101,1.6576,0.5525,1.1051,0.5525,0.5525,0,1.6576,1.1051,1.1051,0.5525,1.1051,1.6576,0,0,0.5525,1.1051,0.5525,0,0.5525,0.0001,0.0001,0,0.0001,0,0,0,0.0001,0.0001,0.0001,0,0.0001,0.0001,0,0,0,0.0001,0,0,0,0.2393,0.2082,0.2393,0.2082,1
0.6759,0.6759,2.0278,0,0,1.3519,0,0,0,0.6759,0,0,0,0.6759,0.6759,1.3519,2.0278,2.0278,0,0.6759,0.0001,0.0001,0.0002,0,0,0.0001,0,0,0,0.0001,0,0,0,0.0001,0.0001,0.0001,0.0002,0.0002,0,0.0001,0.1512,0.1728,0.1512,0.1728,1
1.0031,1.0031,0.5016,0.5016,0,1.5047,0.5016,0.5016,1.0031,0,1.0031,1.5047,1.0031,0.5016,0,0.5016,2.0062,0.5016,0.5016,1.0031,0.0001,0.0001,0,0,0,0.0001,0,0,0.0001,0,0.0001,0.0001,0.0001,0,0,0,0.0001,0,0,0.0001,0.2372,0.2612,0.2372,0.2612,1
1.2232,3.6697,0,1.2232,0.6116,2.4465,0,1.8348,0.6116,0.6116,0,0.6116,1.2232,0,0,1.2232,0.6116,1.2232,0,1.2232,0,0.0001,0,0,0,0.0001,0,0.0001,0,0,0,0,0,0,0,0,0,0,0,0,0.1613,0.2271,0.1613,0.2271,1
1.0983,0,1.6474,1.0983,0,0,0,0,2.1966,1.0983,0,0.5491,0,0,0,1.0983,0.5491,1.6474,0,0,0.0001,0,0.0002,0.0001,0,0,0,0,0.0002,0.0001,0,0.0001,0,0,0,0.0001,0.0001,0.0002,0,0,0.2544,0.1965,0.2544,0.1965,1
2.1108,1.0554,1.0554,0,1.0554,0,0.5277,0,0.5277,0.5277,0,1.0554,1.0554,1.0554,0.5277,0.5277,1.0554,1.0554,0,1.5831,0.0001,0.0001,0.0001,0,0.0001,0,0,0,0,0,0,0.0001,0.0001,0.0001,0,0,0.0001,0.0001,0,0.0001,0.2599,0.2124,0.2599,0.2124,1
0,3.6564,0,0.6094,0,3.047,0.6094,0,0,0,0.6094,1.2188,1.8282,0,0.6094,0.6094,2.4376,2.4376,0.6094,0,0,0.0001,0,0,0,0.0001,0,0,0,0,0,0,0.0001,0,0,0,0.0001,0.0001,0,0,0.1807,0.2099,0.1807,0.2099,1
2.1572,1.6179,0.5393,0,0,2.6965,0,0.5393,2.1572,1.0786,0,0.5393,1.0786,0,0,1.0786,2.1572,0,0,0,0.0001,0.0001,0,0,0,0.0001,0,0,0.0001,0.0001,0,0,0.0001,0,0,0.0001,0.0001,0,0,0,0.2032,0.2575,0.2032,0.2575,1
2.4469,0,1.6313,0,0.8156,0,0,0,0,0.8156,0,0,0,0,0,2.4469,0,1.6313,0,0.8156,0.0003,0,0.0002,0,0.0001,0,0,0,0,0.0001,0,0,0,0,0,0.0003,0,0.0002,0,0.0001,0.1041,0.0802,0.1041,0.0802,1
1.1132,2.2265,0,0,0,1.1132,1.1132,0,1.1132,0,0.5566,0,1.1132,0.5566,2.2265,0,1.6699,1.1132,0,0,0.0001,0.0002,0,0,0,0.0001,0.0001,0,0.0001,0,0,0,0.0001,0,0.0002,0,0.0001,0.0001,0,0,0.245,0.1984,0.245,0.1984,1
1.4847,0.7423,0,0.7423,0.7423,1.4847,0,0,0.7423,0.7423,0,0,0,0.7423,0,0,0,0,0.7423,0,0.0001,0.0001,0,0.0001,0.0001,0.0001,0,0,0.0001,0.0001,0,0,0,0.0001,0,0,0,0,0.0001,0,0.163,0.0946,0.163,0.0946,1
0,0.5496,1.0993,1.6489,0,0.5496,0.5496,0.5496,2.1985,0.5496,1.0993,1.6489,0,1.6489,0,0,1.0993,0.5496,0,0.5496,0,0,0.0001,0.0001,0,0,0,0,0.0002,0,0.0001,0.0001,0,0.0001,0,0,0.0001,0,0,0,0.2185,0.2319,0.2185,0.2319,1
0,0,0,0,0,0,0,0,1.4329,2.1493,0,0,0,0.7164,1.4329,0.7164,0,0,0.7164,0,0,0,0,0,0,0,0,0,0.0003,0.0004,0,0,0,0.0001,0.0003,0.0001,0,0,0.0001,0,0.2005,0.083,0.2005,0.083,1
0,0,1.2929,0,0.6465,0.6465,0,0.6465,0.6465,1.2929,0.6465,0.6465,1.9394,0,0,0,0.6465,0.6465,0.6465,0,0,0,0.0001,0,0.0001,0.0001,0,0.0001,0.0001,0.0001,0.0001,0.0001,0.0002,0,0,0,0.0001,0.0001,0.0001,0,0.1973,0.1562,0.1973,0.1562,1
0.5466,0.5466,1.6399,1.0933,0,0,0,0.5466,2.1865,0.5466,0,0.5466,0,0,0,1.0933,0.5466,1.6399,0,0,0,0,0.0001,0.0001,0,0,0,0,0.0002,0,0,0,0,0,0,0.0001,0,0.0001,0,0,0.2558,0.1976,0.2558,0.1976,1
0.6869,0,0,0,1.3739,0.6869,0.6869,0.6869,0,2.0608,0,0,0,1.3739,6.1825,0,0,0,0,0,0.0001,0,0,0,0.0002,0.0001,0.0001,0.0001,0,0.0003,0,0,0,0.0002,0.0009,0,0,0,0,0,0.1532,0.1598,0.1532,0.1598,1
0,0.4778,0.9555,0.9555,0,0.4778,0,0.9555,0.4778,1.4333,0,0.4778,0.4778,0,1.4333,0,0,0,1.4333,0,0,0,0.0001,0.0001,0,0,0,0.0001,0,0.0001,0,0,0,0,0.0001,0,0,0,0.0001,0,0.2467,0.2755,0.2467,0.2755,1
1.4442,0.7221,0.7221,0,0,2.1664,0,1.4442,0.7221,0.7221,0.7221,0.7221,0.7221,0,1.4442,0.7221,2.1664,0.7221,0,0,0.0001,0.0001,0.0001,0,0,0.0002,0,0.0001,0.0001,0.0001,0.0001,0.0001,0.0001,0,0.0001,0.0001,0.0002,0.0001,0,0,0.1124,0.1655,0.1124,0.1655,1
0.628,0,0.628,1.884,1.256,0,0,0.628,0.628,0.628,0,0,1.256,0.628,1.256,0,0,0.628,0,0,0.0001,0,0.0001,0.0002,0.0001,0,0,0.0001,0.0001,0.0001,0,0,0.0001,0.0001,0.0001,0,0,0.0001,0,0,0.1456,0.2264,0.1456,0.2264,1
1.6881,0,0.5627,1.6881,1.6881,0,0.5627,0,0,0.5627,0,0,0.5627,0,1.6881,0,0,0.5627,0,0,0.0002,0,0.0001,0.0002,0.0002,0,0.0001,0,0,0.0001,0,0,0.0001,0,0.0002,0,0,0.0001,0,0,0.1974,0.2399,0.1974,0.2399,1
1.669,0,0,0,0,0,0,0,3.3381,0.8345,0,0,0,0,0,0.8345,0.8345,2.5036,0,0.8345,0.0003,0,0,0,0,0,0,0,0.0007,0.0002,0,0,0,0,0,0.0002,0.0002,0.0005,0,0.0002,0.0658,0.0997,0.0658,0.0997,1
1.1775,0,0,1.1775,0.5888,1.7663,0,0.5888,0.5888,0.5888,0,0.5888,0,0,0.5888,0.5888,0,0,0.5888,0.5888,0.0001,0,0,0.0001,0.0001,0.0002,0,0.0001,0.0001,0.0001,0,0.0001,0,0,0.0001,0.0001,0,0,0.0001,0.0001,0.2196,0.1916,0.2196,0.1916,1
0,0,1.192,0,0.596,2.98,0,0,0.596,0.596,0.596,0.596,0.596,0,0.596,0.596,1.192,0,0.596,1.192,0,0,0.0001,0,0.0001,0.0003,0,0,0.0001,0.0001,0.0001,0.0001,0.0001,0,0.0001,0.0001,0.0001,0,0.0001,0.0001,0.2545,0.1495,0.2545,0.1495,1
3.3043,0,0,0,0,0,0,0,1.6521,3.3043,0,0,0.8261,0,1.6521,0,0.8261,1.6521,0,0,0.0006,0,0,0,0,0,0,0,0.0003,0.0006,0,0,0.0001,0,0.0003,0,0.0001,0.0003,0,0,0.0658,0.1081,0.0658,0.1081,1
0.7353,0,0.7353,0,0.7353,0,0,0.7353,0.7353,2.941,0.7353,0.7353,0,0.7353,0,0,0.7353,0,0,0,0.0001,0,0.0001,0,0.0001,0,0,0.0001,0.0001,0.0004,0.0001,0.0001,0,0.0001,0,0,0.0001,0,0,0,0.1642,0.1006,0.1642,0.1006,1
0.5495,1.6486,1.6486,1.099,0,1.099,0,0,1.6486,1.099,0.5495,2.1981,0,0.5495,0,1.099,0.5495,0,0,0.5495,0,0.0001,0.0001,0.0001,0,0.0001,0,0,0.0001,0.0001,0,0.0001,0,0,0,0.0001,0,0,0,0,0.1816,0.2689,0.1816,0.2689,1
1.572,3.6681,0,0.524,1.048,2.62,0,0.524,0,1.572,1.048,0,0.524,0,2.096,0,0,0,0.524,0,0.0001,0.0002,0,0,0,0.0001,0,0,0,0.0001,0,0,0,0,0.0001,0,0,0,0,0,0.2054,0.2706,0.2054,0.2706,1
1.8383,1.2256,0,2.4511,0,1.2256,0,0,0.6128,1.2256,0,0,0.6128,0.6128,0,0,0.6128,0.6128,0,0,0.0001,0.0001,0,0.0002,0,0.0001,0,0,0,0.0001,0,0,0,0,0,0,0,0,0,0,0.2011,0.1861,0.2011,0.1861,1
0.6155,0,0.6155,0,0.6155,0.6155,0,1.2309,1.2309,1.8464,0,1.2309,0,0,0,0,0,0,0.6155,0,0,0,0,0,0,0,0,0.0001,0.0001,0.0001,0,0.0001,0,0,0,0,0,0,0,0,0.161,0.2236,0.161,0.2236,1
5.3437,0,0,0,0,0,0,0,1.5268,3.817,0,0,1.5268,0,2.2902,0,0,1.5268,0,0,0.0007,0,0,0,0,0,0,0,0.0002,0.0005,0,0,0.0002,0,0.0003,0,0,0.0002,0,0,0.1012,0.1354,0.1012,0.1354,1
0,0.5079,0,0.5079,2.0317,0.5079,0.5079,0,0,2.5396,0,1.0158,2.0317,0.5079,2.0317,0,0.5079,1.0158,0.5079,0,0,0,0,0,0.0002,0,0,0,0,0.0002,0,0.0001,0.0002,0,0.0002,0,0,0.0001,0,0,0.2622,0.2299,0.2622,0.2299,1
0.6158,0,0,0.6158,0,0.6158,0,0.6158,0.6158,1.2316,0.6158,0,4.3104,0,0.6158,0,0,0,1.8473,0,0.0001,0,0,0.0001,0,0.0001,0,0.0001,0.0001,0.0001,0.0001,0,0.0004,0,0.0001,0,0,0,0.0002,0,0.2003,0.1839,0.2003,0.1839,1
0,0,0.4659,3.2614,0,0,0,1.3978,2.3296,0.4659,0,0,0,0,0.4659,0,0.9318,0,0.9318,0.9318,0,0,0,0.0003,0,0,0,0.0001,0.0002,0,0,0,0,0,0,0,0.0001,0,0.0001,0.0001,0.2389,0.2952,0.2389,0.2952,1
0,0.5587,0.5587,1.676,0,0.5587,0.5587,0.5587,0.5587,0.5587,0.5587,0.5587,0.5587,0.5587,2.2346,0,0,0.5587,0.5587,0,0,0.0001,0.0001,0.0002,0,0.0001,0.0001,0.0001,0.0001,0.0001,0.0001,0.0001,0.0001,0.0001,0.0003,0,0,0.0001,0.0001,0,0.2013,0.2401,0.2013,0.2401,1
0,0.7011,1.4023,0,0.7011,0,0.7011,0.7011,0,0.7011,1.4023,0,0.7011,0,0,2.8045,0,0,0,0.7011,0,0.0001,0.0001,0,0.0001,0,0.0001,0.0001,0,0.0001,0.0001,0,0.0001,0,0,0.0002,0,0,0,0.0001,0.1684,0.1305,0.1684,0.1305,1
1.6859,0.562,2.2478,1.1239,0.562,0,0,0.562,0,0.562,1.1239,0,0.562,0,1.6859,0,0.562,0.562,0.562,0.562,0.0001,0,0.0002,0.0001,0,0,0,0,0,0,0.0001,0,0,0,0.0001,0,0,0,0,0,0.2072,0.2308,0.2072,0.2308,1
0,1.3491,0.4497,0,0.4497,0.4497,0.8994,0,2.2486,1.7989,0.4497,0.4497,0.8994,0.4497,0.4497,0.4497,0.8994,0.8994,0,0,0,0.0001,0,0,0,0,0.0001,0,0.0001,0.0001,0,0,0.0001,0,0,0,0.0001,0.0001,0,0,0.2307,0.3196,0.2307,0.3196,1
1.0564,0.5282,0.5282,0,0,1.0564,1.0564,0,0.5282,0.5282,0,1.0564,1.0564,1.0564,2.1129,0,2.1129,1.0564,1.0564,0,0.0001,0,0,0,0,0.0001,0.0001,0,0,0,0,0.0001,0.0001,0.0001,0.0002,0,0.0002,0.0001,0.0001,0,0.215,0.2567,0.215,0.2567,1
0.6629,0,0,0,0,0.6629,1.3257,0,1.3257,0,0.6629,0,1.3257,0,1.3257,0,1.9886,0.6629,0.6629,0.6629,0.0001,0,0,0,0,0.0001,0.0002,0,0.0002,0,0.0001,0,0.0002,0,0.0002,0,0.0004,0.0001,0.0001,0.0001,0.1631,0.174,0.1631,0.174,1
1.8948,1.2632,1.8948,0.6316,0,0,0,1.2632,0,1.8948,0,0,0.6316,0,0,1.8948,0,0.6316,0,0,0.0001,0.0001,0.0001,0,0,0,0,0.0001,0,0.0001,0,0,0,0,0,0.0001,0,0,0,0,0.2028,0.1656,0.2028,0.1656,1
3.3983,1.1328,0,0,1.6992,0,1.1328,1.1328,0.5664,1.1328,0,0.5664,0,0,1.1328,0,1.1328,0.5664,0.5664,0,0.0002,0.0001,0,0,0.0001,0,0.0001,0.0001,0,0.0001,0,0,0,0,0.0001,0,0.0001,0,0,0,0.2143,0.2194,0.2143,0.2194,1
0,0,0.5891,1.1783,1.1783,0,0.5891,0.5891,0,0,0.5891,1.1783,0,0,1.1783,0.5891,0,1.1783,0,0,0,0,0.0001,0.0001,0.0001,0,0.0001,0.0001,0,0,0.0001,0.0001,0,0,0.0001,0.0001,0,0.0001,0,0,0.2155,0.1954,0.2155,0.1954,1
0.9605,0.4802,0.4802,0.4802,0,0,0,0,0.4802,0.4802,0.9605,0.4802,1.4407,0.4802,1.9209,0,1.4407,0.4802,0.4802,1.4407,0.0001,0,0,0,0,0,0,0,0,0,0.0001,0,0.0001,0,0.0002,0,0.0001,0,0,0.0001,0.2699,0.2499,0.2699,0.2499,1
0,0.6333,1.2667,0.6333,0.6333,0.6333,0,1.9,0.6333,1.2667,0.6333,0,0,0.6333,0,0,0.6333,0.6333,0,0,0,0,0.0001,0,0,0,0,0.0001,0,0.0001,0,0,0,0,0,0,0,0,0,0,0.177,0.1897,0.177,0.1897,1
0,0,0.6772,0.6772,1.3544,0.6772,0,1.3544,0,0.6772,2.0316,0.6772,0.6772,0.6772,0.6772,0,0.6772,0,0,0,0,0,0.0001,0.0001,0.0001,0.0001,0,0.0001,0,0.0001,0.0002,0.0001,0.0001,0.0001,0.0001,0,0.0001,0,0,0,0.1521,0.1707,0.1521,0.1707,1
0.4651,0.4651,0.9303,1.3954,0,0.4651,0,0,0.4651,1.8605,0.4651,0,0,0.4651,2.3257,0.4651,0.4651,0.9303,0,0.4651,0,0,0.0001,0.0001,0,0,0,0,0,0.0002,0,0,0,0,0.0002,0,0,0.0001,0,0,0.2641,0.2708,0.2641,0.2708,1
0.7707,1.5413,0,0,0,1.5413,1.5413,0,0,0.7707,0,0,2.312,0,0,0.7707,1.5413,0,0,0.7707,0.0001,0.0002,0,0,0,0.0002,0.0002,0,0,0.0001,0,0,0.0003,0,0,0.0001,0.0002,0,0,0.0001,0.1269,0.1025,0.1269,0.1025,1
0.85,0,0,0,0,0.85,0,0,1.7,2.55,0,0,0,0,1.7,0,0,1.7,0,0,0.0002,0,0,0,0,0.0002,0,0,0.0004,0.0007,0,0,0,0,0.0004,0,0,0.0004,0,0,0.0611,0.0889,0.0611,0.0889,1
1.2442,0.6221,0.6221,1.2442,0.6221,0.6221,1.2442,0.6221,0.6221,0,1.2442,0.6221,0.6221,0,0.6221,0,1.2442,0,0,0.6221,0.0001,0.0001,0.0001,0.0001,0.0001,0.0001,0.0001,0.0001,0.0001,0,0.0001,0.0001,0.0001,0,0.0001,0,0.0001,0,0,0.0001,0.1953,0.1826,0.1953,0.1826,1
1.4995,0,0,0,0,0,0,0,3.7489,2.2493,0,0,0,0,0,0,0,1.4995,0,0.7498,0.0003,0,0,0,0,0,0,0,0.0008,0.0005,0,0,0,0,0,0,0,0.0003,0,0.0002,0.1073,0.1429,0.1073,0.1429,1
1.0882,0.5441,0,0.5441,1.0882,0.5441,2.1765,1.0882,1.6323,0,0,0,0.5441,0.5441,0.5441,0.5441,1.0882,0,0,0.5441,0.0001,0.0001,0,0.0001,0.0001,0.0001,0.0002,0.0001,0.0002,0,0,0,0.0001,0.0001,0.0001,0.0001,0.0001,0,0,0.0001,0.2376,0.2183,0.2376,0.2183,1
0.6582,0,0,1.3165,1.9747,0.6582,0,1.3165,0,1.3165,0,0.6582,2.6329,0,0.6582,0.6582,0,1.3165,0,0,0.0001,0,0,0.0001,0.0002,0.0001,0,0.0001,0,0.0001,0,0.0001,0.0002,0,0.0001,0.0001,0,0.0001,0,0,0.2179,0.1239,0.2179,0.1239,1
0,3.8152,0,0.6359,0,3.1793,0,0,0,1.2717,0,1.2717,1.9076,0,0.6359,1.2717,2.5435,1.9076,0.6359,0,0,0.0001,0,0,0,0.0001,0,0,0,0,0,0,0.0001,0,0,0,0.0001,0.0001,0,0,0.1898,0.1743,0.1898,0.1743,1
0.5849,0,1.7548,0,1.1699,0,0,1.1699,0.5849,1.1699,0,0,0.5849,0,0.5849,0,0,0.5849,0.5849,0.5849,0,0,0.0001,0,0.0001,0,0,0.0001,0,0.0001,0,0,0,0,0,0,0,0,0,0,0.1839,0.2312,0.1839,0.2312,1
1.5739,0,0,0.7869,0,0,0,0,3.9347,0.7869,0,0,0,0,0,0,0.7869,2.3608,0,0,0.0004,0,0,0.0002,0,0,0,0,0.001,0.0002,0,0,0,0,0,0,0.0002,0.0006,0,0,0.0858,0.1273,0.0858,0.1273,1
1.1486,0.5743,0,2.8715,0,1.1486,0,0.5743,0.5743,1.7229,1.1486,0,0.5743,0.5743,0,0,1.1486,0,0,0,0.0001,0,0,0.0002,0,0.0001,0,0,0,0.0001,0.0001,0,0,0,0,0,0.0001,0,0,0,0.2427,0.183,0.2427,0.183,1
1.78,0,1.78,0,0.5933,0,0.5933,0.5933,0,0.5933,0,1.1867,0,0,1.78,0,0,0,0,0,0.0002,0,0.0002,0,0.0001,0,0.0001,0.0001,0,0.0001,0,0.0002,0,0,0.0002,0,0,0,0,0,0.2551,0.1516,0.2551,0.1516,1
1.6233,0,0,0.8117,0,0,0,0,3.2466,0.8117,0,0.8117,0,0,0,0,0.8117,2.435,0,0,0.0003,0,0,0.0001,0,0,0,0,0.0006,0.0001,0,0.0001,0,0,0,0,0.0001,0.0004,0,0,0.1027,0.0856,0.1027,0.0856,1
0.6589,0,0,1.3179,1.9768,0,0,1.3179,0.6589,0.6589,0.6589,0,2.6358,0,0,1.3179,0.6589,1.3179,0,0,0.0001,0,0,0.0001,0.0002,0,0,0.0001,0.0001,0.0001,0.0001,0,0.0003,0,0,0.0001,0.0001,0.0001,0,0,0.1993,0.1418,0.1993,0.1418,1
0.8218,0,0.4109,3.2873,0,0.4109,0,0.8218,2.4655,1.6437,0,0.8218,0,0.4109,0,0.4109,0,0.4109,0.4109,0,0.0001,0,0,0.0003,0,0,0,0.0001,0.0002,0.0001,0,0.0001,0,0,0,0,0,0,0,0,0.2596,0.3295,0.2596,0.3295,1
1.3502,0,0.6751,0,0.6751,1.3502,0,0,0.6751,4.0507,0,0.6751,0,0,0,0,0,0,0,0,0.0001,0,0.0001,0,0.0001,0.0001,0,0,0.0001,0.0003,0,0.0001,0,0,0,0,0,0,0,0,0.1557,0.1692,0.1557,0.1692,1
0.59,3.5401,0.59,0,0,3.5401,0,0,1.7701,0.59,0,1.18,0.59,0.59,0,1.18,2.9501,0,0.59,0,0,0.0002,0,0,0,0.0002,0,0,0.0001,0,0,0.0001,0,0,0,0.0001,0.0001,0,0,0,0.244,0.1659,0.244,0.1659,1
0,0,0,0.642,1.9261,0,0,0.642,0.642,1.284,1.9261,0,0,0.642,7.0622,0.642,0.642,0.642,0,0.642,0,0,0,0.0001,0.0002,0,0,0.0001,0.0001,0.0002,0.0002,0,0,0.0001,0.0009,0.0001,0.0001,0.0001,0,0.0001,0.2175,0.1405,0.2175,0.1405,1
2.0484,0.6828,1.3656,0,0,0,0.6828,0,0,2.0484,0,0,0,0,0.6828,0.6828,0.6828,0.6828,0,0,0.0002,0.0001,0.0001,0,0,0,0.0001,0,0,0.0002,0,0,0,0,0.0001,0.0001,0.0001,0.0001,0,0,0.1884,0.1288,0.1884,0.1288,1
0.7037,1.4073,0,0.7037,2.8146,0,0,1.4073,0.7037,0.7037,0,0.7037,2.8146,0,0,0.7037,0,1.4073,0,0,0,0.0001,0,0,0.0002,0,0,0.0001,0,0,0,0,0.0002,0,0,0,0,0.0001,0,0,0.152,0.1444,0.152,0.1444,1
0,0,0.6172,0.6172,1.8515,0,0.6172,0,1.2344,0,0,1.2344,1.8515,0,0,1.8515,0,0.6172,0,0,0,0,0.0001,0.0001,0.0002,0,0.0001,0,0.0001,0,0,0.0001,0.0002,0,0,0.0002,0,0.0001,0,0,0.225,0.1578,0.225,0.1578,1
1.1486,0,0.5743,1.1486,1.7229,0,0,0,0,0.5743,0,1.7229,1.7229,0,1.7229,0,1.1486,1.1486,0.5743,0,0.0001,0,0.0001,0.0001,0.0002,0,0,0,0,0.0001,0,0.0002,0.0002,0,0.0002,0,0.0001,0.0001,0.0001,0,0.1704,0.2553,0.1704,0.2553,1
1.8127,1.2084,0.6042,0,0.6042,1.8127,1.2084,0.6042,0.6042,0,1.2084,0,0.6042,0,1.2084,1.2084,1.2084,1.2084,0,0,0.0001,0.0001,0,0,0,0.0001,0.0001,0,0,0,0.0001,0,0,0,0.0001,0.0001,0.0001,0.0001,0,0,0.1732,0.2225,0.1732,0.2225,1
1.0276,0,1.0276,0,1.0276,3.0828,0.5138,0.5138,0.5138,3.0828,0,0.5138,0,0.5138,0,1.5414,0.5138,0.5138,0.5138,0.5138,0.0001,0,0.0001,0,0.0001,0.0002,0,0,0,0.0002,0,0,0,0,0,0.0001,0,0,0,0,0.2374,0.2488,0.2374,0.2488,1
1.8681,0,0.467,0,0,0.467,0,0,0.467,0.467,0.467,0.934,0,0,4.6701,0.934,1.401,0.467,0.467,0,0.0002,0,0.0001,0,0,0.0001,0,0,0.0001,0.0001,0.0001,0.0001,0,0,0.0005,0.0001,0.0002,0.0001,0.0001,0,0.2723,0.2606,0.2723,0.2606,1
0,0,0,0,0,1.6406,0,0,0.5469,0.5469,0,1.0937,1.6406,0.5469,3.2812,0,0,0.5469,0,0,0,0,0,0,0,0.0002,0,0,0.0001,0.0001,0,0.0001,0.0002,0.0001,0.0004,0,0,0.0001,0,0,0.2376,0.2155,0.2376,0.2155,1
1.6249,0,0,0,0,0.8125,0,0,3.2499,0.8125,0,0,0,0,0,0,0.8125,2.4374,0,0.8125,0.0003,0,0,0,0,0.0002,0,0,0.0006,0.0002,0,0,0,0,0,0,0.0002,0.0005,0,0.0002,0.087,0.1005,0.087,0.1005,1
0.7948,0,0,0,0.7948,0,0,0,2.3844,3.1792,0,0,0,0,1.5896,0,0.7948,1.5896,0,0,0.0002,0,0,0,0.0002,0,0,0,0.0005,0.0007,0,0,0,0,0.0004,0,0.0002,0.0004,0,0,0.0836,0.1216,0.0836,0.1216,1
2.6201,0,1.31,0,0.655,1.31,0,0,0.655,3.2751,0,0,0,0.655,0,0,0.655,0.655,0,0,0.0002,0,0.0001,0,0.0001,0.0001,0,0,0.0001,0.0003,0,0,0,0.0001,0,0,0.0001,0.0001,0,0,0.2,0.145,0.2,0.145,1
1.1791,1.1791,0.5896,1.1791,0.5896,2.3582,0,1.1791,0.5896,0,0.5896,0.5896,2.3582,0,0,0.5896,0.5896,1.7687,0,0,0.0001,0.0001,0,0.0001,0,0.0001,0,0.0001,0,0,0,0,0.0001,0,0,0,0,0.0001,0,0,0.2124,0.198,0.2124,0.198,1
0.5996,0.5996,0.5996,0,0.5996,0.5996,0.5996,0,0.5996,1.1992,0.5996,0,1.1992,0,2.3983,0.5996,0,0,0.5996,0,0,0,0,0,0,0,0,0,0,0.0001,0,0,0.0001,0,0.0002,0,0,0,0,0,0.2053,0.1951,0.2053,0.1951,1
0,0,0.5181,1.0361,0.5181,0.5181,0,0.5181,1.0361,2.0722,1.0361,0,2.0722,0.5181,0.5181,0,2.5903,0.5181,1.0361,0,0,0,0,0.0001,0,0,0,0,0.0001,0.0002,0.0001,0,0.0002,0,0,0,0.0002,0,0.0001,0,0.2313,0.2506,0.2313,0.2506,1
1.0099,0,0.505,0.505,0.505,0,0,0.505,0.505,1.5149,0,1.0099,0.505,0,3.0298,1.0099,0,0,0,0,0.0001,0,0,0,0,0,0,0,0,0.0001,0,0.0001,0,0,0.0003,0.0001,0,0,0,0,0.2648,0.2302,0.2648,0.2302,1
1.962,1.308,0,0,0.654,1.962,0,1.308,0.654,1.962,1.308,0,0,0,2.616,1.308,1.962,1.308,0,0,0.0001,0.0001,0,0,0,0.0001,0,0.0001,0,0.0001,0.0001,0,0,0,0.0001,0.0001,0.0001,0.0001,0,0,0.1535,0.1925,0.1535,0.1925,1
1.391,0,0,0,0,0.6955,0,1.391,0,3.4775,0,0,2.0865,0,3.4775,0,0,2.0865,2.0865,0.6955,0.0002,0,0,0,0,0.0001,0,0.0002,0,0.0004,0,0,0.0002,0,0.0004,0,0,0.0002,0.0002,0.0001,0.132,0.1725,0.132,0.1725,1
1.8931,0,0.631,0,0,0.631,0,0.631,2.5242,0,0.631,0.631,0.631,0,0.631,0,0.631,0,0,0,0.0003,0,0.0001,0,0,0.0001,0,0.0001,0.0003,0,0.0001,0.0001,0.0001,0,0.0001,0,0.0001,0,0,0,0.2282,0.1407,0.2282,0.1407,1
0,0,0,0,1.4309,0,0,1.4309,2.1463,3.5772,0,0,0,0,9.3008,0,0,0.7154,0,0.7154,0,0,0,0,0.0004,0,0,0.0004,0.0006,0.0009,0,0,0,0,0.0025,0,0,0.0002,0,0.0002,0.1563,0.1282,0.1563,0.1282,1
1.3252,0.6626,0,0,0.6626,2.6504,0,1.3252,1.3252,0.6626,0.6626,0.6626,0.6626,0,1.3252,1.3252,0.6626,1.9878,0,0,0.0001,0,0,0,0,0.0002,0,0.0001,0.0001,0,0,0,0,0,0.0001,0.0001,0,0.0001,0,0,0.1824,0.155,0.1824,0.155,1
0.9539,0.477,0,0,0,1.9078,0,0.477,1.9078,0.477,0,0.9539,0.477,0.477,0.9539,0,0.9539,0.9539,0.9539,1.4309,0.0001,0,0,0,0,0.0001,0,0,0.0001,0,0,0.0001,0,0,0.0001,0,0.0001,0.0001,0.0001,0.0001,0.2486,0.2745,0.2486,0.2745,1
0.5011,1.5033,0.5011,0,1.5033,1.0022,0.5011,1.0022,2.0044,0.5011,0.5011,0.5011,1.0022,0,0,0.5011,0.5011,0.5011,0.5011,1.0022,0,0.0001,0,0,0.0001,0.0001,0,0.0001,0.0001,0,0,0,0.0001,0,0,0,0,0,0,0.0001,0.2642,0.2347,0.2642,0.2347,1
1.2959,0,0.648,0,0,1.2959,1.2959,0,0.648,1.2959,0.648,1.2959,0,0,0,0.648,0,0.648,0,0,0.0002,0,0.0001,0,0,0.0002,0.0002,0,0.0001,0.0002,0.0001,0.0002,0,0,0,0.0001,0,0.0001,0,0,0.1853,0.1667,0.1853,0.1667,1
2.8302,0,0,0,0,0,0.4717,0.9434,3.7737,0,0,0,0,0,1.4151,0.4717,0,0,0.4717,0,0.0003,0,0,0,0,0,0.0001,0.0001,0.0004,0,0,0,0,0,0.0002,0.0001,0,0,0.0001,0,0.2374,0.2908,0.2374,0.2908,1
1.2972,0,0,0,1.2972,1.9459,0.6486,0,0.6486,1.9459,0.6486,0.6486,0.6486,0,0.6486,1.2972,0.6486,0.6486,0,0,0.0001,0,0,0,0.0001,0.0002,0.0001,0,0.0001,0.0002,0.0001,0.0001,0.0001,0,0.0001,0.0001,0.0001,0.0001,0,0,0.1571,0.1943,0.1571,0.1943,1
1.7123,0,0,0,0,0,0,0,1.7123,0.8561,0,0,0.8561,0,1.7123,0,0,5.1368,0,0,0.0005,0,0,0,0,0,0,0,0.0005,0.0002,0,0,0.0002,0,0.0005,0,0,0.0014,0,0,0.0501,0.0937,0.0501,0.0937,1
2.7285,0,0,0,0.9095,0,0,0.4547,2.7285,2.2737,0,0,0,0,1.3642,0,0,0,0,0,0.0003,0,0,0,0.0001,0,0,0.0001,0.0003,0.0003,0,0,0,0,0.0002,0,0,0,0,0,0.2346,0.3106,0.2346,0.3106,1
2.6778,0,0,0,0.6695,0.6695,0.6695,0,0,0.6695,1.3389,0.6695,0.6695,2.0084,0,0,0.6695,0.6695,0.6695,2.0084,0.0002,0,0,0,0.0001,0.0001,0.0001,0,0,0.0001,0.0001,0.0001,0.0001,0.0002,0,0,0.0001,0.0001,0.0001,0.0002,0.1905,0.1401,0.1905,0.1401,1
1.3048,0.6524,0.6524,0.6524,0.6524,0.6524,0.6524,0.6524,0,0.6524,2.6096,0,0,0.6524,0,0,0.6524,1.3048,1.3048,0,0.0001,0.0001,0.0001,0.0001,0.0001,0.0001,0.0001,0.0001,0,0.0001,0.0002,0,0,0.0001,0,0,0.0001,0.0001,0.0001,0,0.1582,0.1894,0.1582,0.1894,1
0.5402,0,0,0.5402,1.0804,1.0804,0.5402,0,2.1608,0,0,1.0804,0,0,1.6206,0,0.5402,0,0,0.5402,0.0001,0,0,0.0001,0.0001,0.0001,0.0001,0,0.0003,0,0,0.0001,0,0,0.0002,0,0.0001,0,0,0.0001,0.2819,0.1779,0.2819,0.1779,1
1.2225,0,0,0.6112,1.2225,1.8337,1.2225,1.2225,0.6112,2.4449,0,0,1.2225,0,0,0.6112,1.2225,1.2225,0,0,0.0001,0,0,0,0.0001,0.0001,0.0001,0.0001,0,0.0002,0,0,0.0001,0,0,0,0.0001,0.0001,0,0,0.1722,0.2166,0.1722,0.2166,1
0.5504,0,0,1.6511,0.5504,1.6511,0,0,0,0,0.5504,1.1008,1.6511,0.5504,2.2015,0.5504,0,0,0,0,0.0001,0,0,0.0002,0.0001,0.0002,0,0,0,0,0.0001,0.0001,0.0002,0.0001,0.0002,0.0001,0,0,0,0,0.2314,0.2182,0.2314,0.2182,1
0.6298,0.6298,0,1.2597,0.6298,1.2597,0,0,0,2.5194,0,0.6298,0.6298,0.6298,0.6298,1.2597,0,0.6298,0,0,0.0001,0.0001,0,0.0001,0.0001,0.0001,0,0,0,0.0002,0,0.0001,0.0001,0.0001,0.0001,0.0001,0,0.0001,0,0,0.1815,0.1887,0.1815,0.1887,1
0.4969,0,1.9877,0.9938,0.4969,0,0,0,0,1.4908,0,0.4969,0.4969,0,1.4908,0.9938,0.4969,0.4969,0,0,0,0,0.0002,0.0001,0,0,0,0,0,0.0001,0,0,0,0,0.0001,0.0001,0,0,0,0,0.2306,0.2725,0.2306,0.2725,1
0,0,0,0,1.4206,2.8412,0.7103,0,0,0.7103,0,0,1.4206,0,2.1309,2.1309,0.7103,2.1309,0,0,0,0,0,0,0.0003,0.0005,0.0001,0,0,0.0001,0,0,0.0003,0,0.0004,0.0004,0.0001,0.0004,0,0,0.133,0.1567,0.133,0.1567,1
2.288,0,0,0,0.7627,2.288,0,0.7627,0,5.3386,0,0.7627,0,0.7627,0,0,0,0,0.7627,0,0.0002,0,0,0,0.0001,0.0002,0,0.0001,0,0.0004,0,0.0001,0,0.0001,0,0,0,0,0.0001,0,0.1321,0.1053,0.1321,0.1053,1
0.8332,0,0,0,1.6665,0,0,0.8332,0,1.6665,1.6665,0,0,0,0.8332,0.8332,0.8332,0,0.8332,0.8332,0.0001,0,0,0,0.0003,0,0,0.0001,0,0.0003,0.0003,0,0,0,0.0001,0.0001,0.0001,0,0.0001,0.0001,0.0869,0.0798,0.0869,0.0798,1
0.5652,1.6955,0.5652,0.5652,1.1304,0.5652,1.1304,0.5652,0.5652,1.6955,0.5652,0,0,0,0,0.5652,0,3.3911,0.5652,0,0,0.0001,0,0,0.0001,0,0.0001,0,0,0.0001,0,0,0,0,0,0,0,0.0002,0,0,0.1855,0.2494,0.1855,0.2494,1
0.5703,3.4218,0,0.5703,0,1.7109,0,1.1406,1.1406,0.5703,0.5703,1.1406,1.1406,0,0.5703,0.5703,0.5703,2.2812,0.5703,0.5703,0,0.0001,0,0,0,0.0001,0,0,0,0,0,0,0,0,0,0,0,0.0001,0,0,0.2282,0.2015,0.2282,0.2015,1
0,0,0,0.849,0,0,0,0,4.2449,0,0,0,0,0,4.2449,0,0,0,0,0.849,0,0,0,0.0005,0,0,0,0,0.0026,0,0,0,0,0,0.0026,0,0,0,0,0.0005,0.0812,0.0698,0.0812,0.0698,1
1.1252,1.1252,0.5626,0.5626,0.5626,1.1252,0.5626,0.5626,1.1252,0.5626,0.5626,0,0,0.5626,0,0.5626,2.2505,2.2505,0,0.5626,0.0001,0.0001,0,0,0,0.0001,0,0,0.0001,0,0,0,0,0,0,0,0.0001,0.0001,0,0,0.2233,0.2141,0.2233,0.2141,1
0.7918,0,0,0.7918,0,0,0,0,3.1671,0,0.7918,0,0,0,0,0.7918,1.5836,2.3754,0,0,0.0001,0,0,0.0001,0,0,0,0,0.0006,0,0.0001,0,0,0,0,0.0001,0.0003,0.0004,0,0,0.1004,0.1079,0.1004,0.1079,1
0.7517,0,0.7517,0,0.7517,0,0,0,0.7517,2.255,0.7517,0.7517,1.5033,0,0,0,0.7517,1.5033,0,0,0.0001,0,0.0001,0,0.0001,0,0,0,0.0001,0.0004,0.0001,0.0001,0.0002,0,0,0,0.0001,0.0002,0,0,0.1386,0.1097,0.1386,0.1097,1
0,0,0.5173,0,1.0347,1.0347,0,0.5173,1.0347,1.0347,0.5173,0.5173,5.6906,0,1.0347,1.0347,0,0.5173,0.5173,0,0,0,0,0,0.0001,0.0001,0,0,0.0001,0.0001,0,0,0.0004,0,0.0001,0.0001,0,0,0,0,0.2576,0.2251,0.2576,0.2251,1
2.6732,0.5346,0.5346,1.0693,0.5346,2.1386,0,0.5346,0,2.1386,0,0,0.5346,0,1.0693,0.5346,1.0693,0.5346,0,1.0693,0.0002,0,0,0.0001,0,0.0001,0,0,0,0.0001,0,0,0,0,0.0001,0,0.0001,0,0,0.0001,0.2525,0.2129,0.2525,0.2129,1
0.7226,0,0,0,0.7226,0,0,0.7226,1.4451,0.7226,0,0,0,0.7226,1.4451,0.7226,0,0,0,0,0.0002,0,0,0,0.0002,0,0,0.0002,0.0003,0.0002,0,0,0,0.0002,0.0003,0.0002,0,0,0,0,0.1899,0.0876,0.1899,0.0876,1
4.7698,0,0,0,0,0,0,0,1.5899,3.9748,0.795,0.795,1.5899,0,1.5899,0,0,1.5899,0,0,0.0006,0,0,0,0,0,0,0,0.0002,0.0005,0.0001,0.0001,0.0002,0,0.0002,0,0,0.0002,0,0,0.0789,0.1262,0.0789,0.1262,1
0.9793,0,0,0.9793,0,0.4896,0.9793,1.9585,0.4896,1.4689,0.4896,0.9793,0,0.4896,0.9793,0.9793,1.4689,0.4896,0,0.4896,0.0001,0,0,0.0001,0,0,0.0001,0.0002,0,0.0001,0,0.0001,0,0,0.0001,0.0001,0.0001,0,0,0,0.2763,0.2341,0.2763,0.2341,1
0.6087,0,0,0.6087,1.2174,0,0,1.8261,1.2174,2.4348,0.6087,0,0,1.2174,5.4784,0,0,0,0,0,0.0001,0,0,0.0001,0.0002,0,0,0.0003,0.0002,0.0004,0.0001,0,0,0.0002,0.0008,0,0,0,0,0,0.1984,0.1928,0.1984,0.1928,1
0,0,1.588,1.191,0,0.397,0,0.794,1.191,1.191,0.794,1.191,0,0,1.191,0,1.588,0.397,0.397,0,0,0,0.0001,0.0001,0,0,0,0.0001,0.0001,0.0001,0.0001,0.0001,0,0,0.0001,0,0.0001,0,0,0,0.296,0.307,0.296,0.307,1
0,0,0,0,0.541,0,0,0.541,1.082,0.541,0,1.082,0.541,0,2.7049,0,0,1.623,0.541,0,0,0,0,0,0.0001,0,0,0.0001,0.0002,0.0001,0,0.0002,0.0001,0,0.0004,0,0,0.0002,0.0001,0,0.2076,0.2514,0.2076,0.2514,1
0.4814,0.4814,0.4814,0,0.4814,0.4814,1.4441,0,0.9627,0.4814,0,0.9627,0.9627,1.9254,0,0.9627,0.9627,0.4814,0.9627,0.9627,0,0,0,0,0,0,0.0001,0,0.0001,0,0,0.0001,0.0001,0.0001,0,0.0001,0.0001,0,0.0001,0.0001,0.2318,0.2869,0.2318,0.2869,1
0.4903,0.4903,0.4903,1.4708,0.4903,0.9805,0,0.4903,0,3.4319,0,1.4708,1.4708,0.4903,0.9805,0.4903,0.4903,0.4903,0.4903,0,0,0,0,0.0001,0,0.0001,0,0,0,0.0002,0,0.0001,0.0001,0,0.0001,0,0,0,0,0,0.2623,0.2474,0.2623,0.2474,1
0.6489,0,0.6489,0.6489,0.6489,0.6489,0,0,0,0,0,0.6489,0.6489,1.2978,0.6489,1.9467,1.9467,1.9467,1.2978,0,0.0001,0,0.0001,0.0001,0.0001,0.0001,0,0,0,0,0,0.0001,0.0001,0.0001,0.0001,0.0002,0.0002,0.0002,0.0001,0,0.1971,0.154,0.1971,0.154,1
0,1.7609,0.587,0,0.587,0.587,1.7609,0.587,1.1739,0,1.1739,0,1.7609,0,0,0,1.1739,0,0,0.587,0,0.0001,0,0,0,0,0.0001,0,0.0001,0,0.0001,0,0.0001,0,0,0,0.0001,0,0,0,0.2018,0.2112,0.2018,0.2112,1
0.9567,0.4784,0.4784,0.4784,0.9567,0.4784,0.4784,0,0.9567,1.4351,0.4784,1.4351,0.4784,0.9567,0.9567,0.9567,0.4784,0.9567,0,0,0.0001,0,0,0,0.0001,0,0,0,0.0001,0.0001,0,0.0001,0,0.0001,0.0001,0.0001,0,0.0001,0,0,0.259,0.2627,0.259,0.2627,1
0.6796,0,0,0.6796,2.7183,0.6796,0,1.3592,0.6796,0.6796,1.3592,0,2.0387,0.6796,0,0.6796,0.6796,0.6796,0,0,0.0001,0,0,0.0001,0.0003,0.0001,0,0.0001,0.0001,0.0001,0.0001,0,0.0002,0.0001,0,0.0001,0.0001,0.0001,0,0,0.1837,0.1368,0.1837,0.1368,1
0,0,0,0,0,1.4661,0,0,0.7331,2.1992,0,0,0.7331,0,0.7331,0.7331,0,1.4661,1.4661,0,0,0,0,0,0,0.0002,0,0,0.0001,0.0003,0,0,0.0001,0,0.0001,0.0001,0,0.0002,0.0002,0,0.1285,0.1384,0.1285,0.1384,1
1.4667,0,0.4889,0.9778,0.4889,0.9778,0.4889,0.4889,0.4889,0.4889,0.9778,1.4667,0.9778,0,0.4889,0,0.9778,0.9778,1.9556,0.4889,0.0001,0,0,0.0001,0,0.0001,0,0,0,0,0.0001,0.0001,0.0001,0,0,0,0.0001,0.0001,0.0001,0,0.2721,0.239,0.2721,0.239,1
0.856,0,0,0,3.424,0,0,0,3.424,0,0,0,0.856,0,0,0,0,1.712,0,0.856,0.0002,0,0,0,0.001,0,0,0,0.001,0,0,0,0.0002,0,0,0,0,0.0005,0,0.0002,0.0498,0.0942,0.0498,0.0942,1
0,0.5919,0.5919,0.5919,1.7758,0.5919,0,0.5919,1.1839,0.5919,1.1839,0,2.3677,0.5919,0,0,0.5919,0.5919,0.5919,0,0,0,0,0,0.0001,0,0,0,0.0001,0,0.0001,0,0.0002,0,0,0,0,0,0,0,0.2006,0.2075,0.2006,0.2075,1
1.8537,1.2358,1.2358,0.6179,0.6179,3.0896,0,0,0,2.4717,0.6179,0,0,0,0,0.6179,1.2358,0,0,0.6179,0.0001,0.0001,0.0001,0,0,0.0002,0,0,0,0.0001,0,0,0,0,0,0,0.0001,0,0,0,0.2153,0.1668,0.2153,0.1668,1
0.5219,0,0,0,0,1.0438,1.0438,0,1.0438,0,1.0438,1.0438,1.0438,0,3.6533,0,0.5219,2.0876,1.0438,0.5219,0.0001,0,0,0,0,0.0001,0.0001,0,0.0001,0,0.0001,0.0001,0.0001,0,0.0004,0,0.0001,0.0002,0.0001,0.0001,0.2321,0.246,0.2321,0.246,1
0.5747,0,0,0,0,2.8736,2.8736,0,0.5747,0,0,0,0.5747,0,0.5747,0,0.5747,1.1494,0,0,0.0001,0,0,0,0,0.0004,0.0004,0,0.0001,0,0,0,0.0001,0,0.0001,0,0.0001,0.0002,0,0,0.2105,0.2148,0.2105,0.2148,1
0.6462,0.6462,0.6462,1.2923,0,1.9385,0,0,0,3.2309,0,0.6462,0.6462,0,0,1.2923,0.6462,0.6462,0,0,0,0,0,0.0001,0,0.0001,0,0,0,0.0002,0,0,0,0,0,0.0001,0,0,0,0,0.1671,0.1867,0.1671,0.1867,1
0,0,0,0,0.8031,0,0,0.8031,0,0.8031,0,0.8031,0,0.8031,6.4251,0,0,0,0.8031,0,0,0,0,0,0.0002,0,0,0.0002,0,0.0002,0,0.0002,0,0.0002,0.0013,0,0,0,0.0002,0,0.0821,0.1148,0.0821,0.1148,1
1.0117,0,0.5059,0.5059,1.5176,3.0352,0.5059,0.5059,0.5059,0.5059,0.5059,0.5059,0,0.5059,0,1.0117,0,3.0352,0.5059,0.5059,0.0001,0,0,0,0.0001,0.0002,0,0,0,0,0,0,0,0,0,0.0001,0,0.0002,0,0,0.2543,0.2399,0.2543,0.2399,1
1.5339,0,0.5113,0,1.5339,2.5565,0.5113,0.5113,0,0,0,0.5113,0,0.5113,0.5113,1.5339,0,2.5565,2.5565,0,0.0001,0,0,0,0.0001,0.0001,0,0,0,0,0,0,0,0,0,0.0001,0,0.0001,0.0001,0,0.2519,0.2368,0.2519,0.2368,1
0,0,0.8908,0,0.8908,1.3363,0,1.3363,1.3363,0,0,0.8908,0,0,2.6725,0,0.8908,0.8908,0,1.3363,0,0,0.0001,0,0.0001,0.0001,0,0.0001,0.0001,0,0,0.0001,0,0,0.0003,0,0.0001,0.0001,0,0.0001,0.3485,0.2061,0.3485,0.2061,1
3.0626,0,0,0,0.7657,2.297,0,0,0,5.3596,0,1.5313,0,0,0,0,0,0,0.7657,0,0.0002,0,0,0,0.0001,0.0002,0,0,0,0.0004,0,0.0001,0,0,0,0,0,0,0.0001,0,0.1508,0.0836,0.1508,0.0836,1
0.9181,0.4591,0.9181,0.4591,0.4591,0,0.9181,0,0.9181,0.9181,1.3772,0,0.4591,0.9181,0.9181,0.9181,1.3772,1.8363,0,0,0.0001,0,0.0001,0,0,0,0.0001,0,0.0001,0.0001,0.0001,0,0,0.0001,0.0001,0.0001,0.0001,0.0001,0,0,0.274,0.2669,0.274,0.2669,1
1.9814,0.4954,0.4954,0.4954,0.4954,0.4954,0.9907,0,1.4861,0,0,0,0,0.4954,0.4954,0,2.4768,2.4768,0,0.9907,0.0002,0,0,0,0,0,0.0001,0,0.0001,0,0,0,0,0,0,0,0.0002,0.0002,0,0.0001,0.2266,0.278,0.2266,0.278,1
0,3.8976,0,0.5568,0.5568,2.784,0,0,1.1136,0.5568,0,1.6704,1.1136,0,0.5568,0,2.2272,0.5568,0.5568,0.5568,0,0.0001,0,0,0,0.0001,0,0,0,0,0,0.0001,0,0,0,0,0.0001,0,0,0,0.2402,0.203,0.2402,0.203,1
0,0,0,0,1.2891,0,0.6446,1.2891,0,3.2228,0,0,0,0.6446,5.801,0.6446,0,0,0,0,0,0,0,0,0.0002,0,0.0001,0.0002,0,0.0005,0,0,0,0.0001,0.0009,0.0001,0,0,0,0,0.1802,0.1753,0.1802,0.1753,1
0,1.865,0.6217,0,0.6217,1.865,0,0.6217,0.6217,0.6217,1.2433,0.6217,1.2433,0,0,0,0.6217,0,1.2433,0.6217,0,0.0001,0,0,0,0.0001,0,0,0,0,0.0001,0,0.0001,0,0,0,0,0,0.0001,0,0.1934,0.1849,0.1934,0.1849,1
0,1.2109,2.4217,0.6054,0.6054,1.8163,0,1.2109,0,1.2109,0,0.6054,0.6054,0,0,0,0.6054,0.6054,0,0.6054,0,0.0001,0.0001,0,0,0.0001,0,0.0001,0,0.0001,0,0,0,0,0,0,0,0,0,0,0.1999,0.1947,0.1999,0.1947,1
0,0.5358,1.6075,0.5358,0.5358,0,0,1.0717,0.5358,1.0717,0,0,0,0,0.5358,1.0717,0,0.5358,1.6075,0,0,0,0.0001,0,0,0,0,0.0001,0,0.0001,0,0,0,0,0,0.0001,0,0,0.0001,0,0.2316,0.2326,0.2316,0.2326,1
1.7024,0,0,0,1.7024,0,0.8512,0,3.4047,0.8512,0,0,0,0,0,0,0.8512,1.7024,0,0,0.0005,0,0,0,0.0005,0,0.0003,0,0.001,0.0003,0,0,0,0,0,0,0.0003,0.0005,0,0,0.0496,0.0992,0.0496,0.0992,1
0.5045,1.0091,0,0,1.0091,0,1.0091,0.5045,1.0091,0,2.5227,0,0,0,4.0364,0,0,0,0.5045,0,0,0.0001,0,0,0.0001,0,0.0001,0,0.0001,0,0.0002,0,0,0,0.0004,0,0,0,0,0,0.2014,0.294,0.2014,0.294,1
0.4976,0,0,0.9953,0,0.9953,0.9953,0.9953,0.9953,4.4786,0,0,2.4881,0.4976,0.9953,0,0,0,0,0.4976,0.0001,0,0,0.0001,0,0.0001,0.0001,0.0001,0.0001,0.0005,0,0,0.0003,0.0001,0.0001,0,0,0,0,0.0001,0.2864,0.216,0.2864,0.216,1
0.726,0,0,0,0.726,1.4519,0,0,0.726,0,1.4519,0.726,1.4519,0,2.1779,0,0.726,0,0.726,0,0.0001,0,0,0,0.0001,0.0002,0,0,0.0001,0,0.0002,0.0001,0.0002,0,0.0003,0,0.0001,0,0.0001,0,0.141,0.1331,0.141,0.1331,1
1.458,0,0,0,0.729,2.187,0,0,0.729,5.103,0,0,0,0,0,1.458,0,0.729,0,0,0.0001,0,0,0,0.0001,0.0002,0,0,0.0001,0.0004,0,0,0,0,0,0.0001,0,0.0001,0,0,0.1153,0.1557,0.1153,0.1557,1
1.794,2.392,0,0.598,0,1.196,0.598,0,0.598,1.196,0.598,1.196,1.196,0,0,1.196,1.794,1.794,0.598,1.196,0.0001,0.0001,0,0,0,0,0,0,0,0,0,0,0,0,0,0,0.0001,0.0001,0,0,0.195,0.2071,0.195,0.2071,1
0.6383,0,0.6383,0.6383,0,1.2766,0,0.6383,0.6383,1.9149,0,0.6383,1.2766,0,0.6383,0,0.6383,0.6383,0,0.6383,0.0001,0,0.0001,0.0001,0,0.0001,0,0.0001,0.0001,0.0002,0,0.0001,0.0001,0,0.0001,0,0.0001,0.0001,0,0.0001,0.1854,0.1763,0.1854,0.1763,1
0.6213,0.6213,0,0,0.6213,1.864,1.864,0,0.6213,0,1.2427,0,0,0,0.6213,0.6213,0.6213,1.864,0,0,0.0001,0.0001,0,0,0.0001,0.0002,0.0002,0,0.0001,0,0.0001,0,0,0,0.0001,0.0001,0.0001,0.0002,0,0,0.2226,0.1561,0.2226,0.1561,1
0.8488,0,0,0,0.8488,0,0,0,3.3954,0.8488,0,0.8488,0,0,0,0,0.8488,3.3954,0,0,0.0002,0,0,0,0.0002,0,0,0,0.0008,0.0002,0,0.0002,0,0,0,0,0.0002,0.0008,0,0,0.054,0.0972,0.054,0.0972,1
1.4447,0.4816,0.9632,0.9632,0,0.4816,0,0,1.9263,1.4447,0.4816,1.4447,0.4816,0,0.4816,1.4447,1.4447,0.9632,0,0,0.0001,0,0.0001,0.0001,0,0,0,0,0.0001,0.0001,0,0.0001,0,0,0,0.0001,0.0001,0.0001,0,0,0.2588,0.2597,0.2588,0.2597,1
1.1872,1.1872,0,0.5936,0.5936,3.5616,0.5936,0.5936,0,0.5936,0,0.5936,0.5936,0.5936,0.5936,0.5936,0.5936,2.3744,0,0,0.0001,0.0001,0,0,0,0.0002,0,0,0,0,0,0,0,0,0,0,0,0.0001,0,0,0.1978,0.2086,0.1978,0.2086,1
4.3205,0,0,0,0,0,1.6202,1.0801,1.6202,0.5401,0.5401,0.5401,1.0801,0,0,0.5401,1.6202,1.6202,0,0,0.0005,0,0,0,0,0,0.0002,0.0001,0.0002,0.0001,0.0001,0.0001,0.0001,0,0,0.0001,0.0002,0.0002,0,0,0.2205,0.2395,0.2205,0.2395,1
0,0.6157,0,0,1.2315,1.2315,1.8472,0,0.6157,0.6157,0.6157,1.2315,0.6157,0,0,0.6157,2.463,0.6157,0,0,0,0.0001,0,0,0.0001,0.0001,0.0002,0,0.0001,0.0001,0.0001,0.0001,0.0001,0,0,0.0001,0.0002,0.0001,0,0,0.195,0.1892,0.195,0.1892,1
0.6746,0,0,0,0,0,0.6746,0.6746,0,0.6746,1.3492,0,0,0.6746,2.0238,0,0.6746,0.6746,0,0.6746,0.0001,0,0,0,0,0,0.0001,0.0001,0,0.0001,0.0003,0,0,0.0001,0.0004,0,0.0001,0.0001,0,0.0001,0.1888,0.1366,0.1888,0.1366,1
1.2733,0,1.2733,0.6366,0.6366,1.2733,0,0,0,0.6366,0.6366,2.5465,2.5465,0.6366,0,1.2733,1.2733,1.2733,0,0,0.0001,0,0.0001,0.0001,0.0001,0.0001,0,0,0,0.0001,0.0001,0.0002,0.0002,0.0001,0,0.0001,0.0001,0.0001,0,0,0.1901,0.1733,0.1901,0.1733,1
1.3086,0,0,0,0.6543,0.6543,0,0,0.6543,2.6171,0.6543,0,0,0.6543,0.6543,1.3086,1.9628,0.6543,0,0,0.0001,0,0,0,0.0001,0.0001,0,0,0.0001,0.0003,0.0001,0,0,0.0001,0.0001,0.0001,0.0002,0.0001,0,0,0.1667,0.179,0.1667,0.179,1
1.6466,0,0,0,0.8233,0,0.8233,0,0,0,0,0,3.2933,0,0.8233,2.47,0,1.6466,0,0,0.0002,0,0,0,0.0001,0,0.0001,0,0,0,0,0,0.0005,0,0.0001,0.0004,0,0.0002,0,0,0.1128,0.0639,0.1128,0.0639,1
1.7997,0,1.7997,0.8999,0,0.4499,0,0.8999,1.3498,0.4499,1.3498,0,0,1.7997,0.4499,0,0.8999,0.4499,0.4499,0.4499,0.0001,0,0.0001,0.0001,0,0,0,0.0001,0.0001,0,0.0001,0,0,0.0001,0,0,0.0001,0,0,0,0.2948,0.2553,0.2948,0.2553,1
0.6253,0.6253,0,0.6253,0,0.6253,0,0,0.6253,4.3769,0.6253,1.2505,0,0,0.6253,0.6253,0,0,0,0.6253,0,0,0,0,0,0,0,0,0,0.0003,0,0.0001,0,0,0,0,0,0,0,0,0.18,0.1947,0.18,0.1947,1
1.916,0.6387,0,0,0,1.2773,0.6387,1.2773,0.6387,0.6387,1.2773,0.6387,1.2773,0,0.6387,0,1.2773,2.5547,0.6387,0.6387,0.0001,0,0,0,0,0.0001,0,0.0001,0,0,0.0001,0,0.0001,0,0,0,0.0001,0.0002,0,0,0.1773,0.184,0.1773,0.184,1
0.6138,0,0.6138,0.6138,0.6138,0.6138,0.6138,1.2276,0.6138,0.6138,0.6138,0,0,0,0.6138,0.6138,0,0,0.6138,0,0.0001,0,0.0001,0.0001,0.0001,0.0001,0.0001,0.0001,0.0001,0.0001,0.0001,0,0,0,0.0001,0.0001,0,0,0.0001,0,0.1942,0.192,0.1942,0.192,1
2.2128,1.4752,0.7376,0,0,0,0.7376,0,0,2.2128,0,0,0,0.7376,0,1.4752,0.7376,0.7376,0,0.7376,0.0002,0.0001,0.0001,0,0,0,0.0001,0,0,0.0002,0,0,0,0.0001,0,0.0001,0.0001,0.0001,0,0.0001,0.1528,0.1096,0.1528,0.1096,1
0.671,0,0,0,1.3421,0.671,0.671,0,1.3421,2.0131,0,0.671,0.671,0,0.671,0.671,1.3421,0.671,0,0,0.0001,0,0,0,0.0002,0.0001,0.0001,0,0.0002,0.0002,0,0.0001,0.0001,0,0.0001,0.0001,0.0002,0.0001,0,0,0.1875,0.1415,0.1875,0.1415,1
1.4382,0.9588,0,0,0.9588,0.4794,0,0.4794,1.4382,0.9588,0.4794,0,0.4794,0.4794,2.3969,0.9588,0,0,0.9588,0,0.0001,0.0001,0,0,0.0001,0,0,0,0.0001,0.0001,0,0,0,0,0.0002,0.0001,0,0,0.0001,0,0.2734,0.2472,0.2734,0.2472,1
1.701,0.8505,0,0,0,2.5515,0,0,0,3.402,0,0,2.5515,0,0,0,0.8505,3.402,0,0,0.0001,0.0001,0,0,0,0.0002,0,0,0,0.0002,0,0,0.0002,0,0,0,0.0001,0.0002,0,0,0.0762,0.0733,0.0762,0.0733,1
0,0,0,0,0,2.3507,0,0,0.7836,1.5671,0,0,0.7836,0,0,0.7836,0,2.3507,1.5671,0,0,0,0,0,0,0.0003,0,0,0.0001,0.0002,0,0,0.0001,0,0,0.0001,0,0.0003,0.0002,0,0.1029,0.1135,0.1029,0.1135,1
0,0,0,0,0,0.7877,0,0,0,1.5753,0,0,3.9383,0,0,0,0,0.7877,3.1506,0,0,0,0,0,0,0.0001,0,0,0,0.0002,0,0,0.0004,0,0,0,0,0.0001,0.0003,0,0.1355,0.0768,0.1355,0.0768,1
2.6898,0,1.0759,0.538,0.538,0,0.538,0,0,1.0759,0.538,0,0,0.538,1.6139,0.538,0.538,0,0,0.538,0.0003,0,0.0001,0.0001,0.0001,0,0.0001,0,0,0.0001,0.0001,0,0,0.0001,0.0002,0.0001,0.0001,0,0,0.0001,0.1984,0.2636,0.1984,0.2636,1
1.0001,0.5001,0,0,1.5002,1.0001,2.0003,0,0.5001,2.0003,0,0,0,0,1.0001,0.5001,0,1.0001,0,0,0.0001,0,0,0,0.0001,0.0001,0.0002,0,0,0.0002,0,0,0,0,0.0001,0,0,0.0001,0,0,0.2217,0.2782,0.2217,0.2782,1
1.4188,0.4729,0,0.9459,0.4729,0,0,0,0.4729,0,0,0.9459,0,0,3.7834,0.4729,0,0,1.4188,0,0.0001,0,0,0.0001,0,0,0,0,0,0,0,0.0001,0,0,0.0003,0,0,0,0.0001,0,0.3325,0.1945,0.3325,0.1945,1
0,0.9839,0.4919,0,0.9839,0.4919,0.4919,0.9839,0.9839,1.9677,0.4919,0.4919,0,0,0.9839,0.9839,0.4919,0.9839,0,0.4919,0,0.0001,0,0,0.0001,0,0,0.0001,0.0001,0.0001,0,0,0,0,0.0001,0.0001,0,0.0001,0,0,0.2436,0.2645,0.2436,0.2645,1
0.6357,0,1.2714,0,0.6357,1.2714,0,0.6357,1.2714,1.2714,0,0,0,0,0,0,0.6357,0.6357,0.6357,0,0.0001,0,0.0001,0,0.0001,0.0001,0,0.0001,0.0001,0.0001,0,0,0,0,0,0,0.0001,0.0001,0.0001,0,0.1509,0.2134,0.1509,0.2134,1
1.6874,0,0,0,0.8437,0,0,0,3.3748,0.8437,0,0,0,0,0,0,0.8437,2.5311,0,0.8437,0.0005,0,0,0,0.0002,0,0,0,0.001,0.0002,0,0,0,0,0,0,0.0002,0.0007,0,0.0002,0.0578,0.0985,0.0578,0.0985,1
0,0,1.3728,0,0,0,0,0.6864,0.6864,1.3728,0,1.3728,0,0,0,0.6864,0,0.6864,0.6864,0,0,0,0.0001,0,0,0,0,0.0001,0.0001,0.0001,0,0.0001,0,0,0,0.0001,0,0.0001,0.0001,0,0.2027,0.1109,0.2027,0.1109,1
2.1431,0,0,0,0.7144,0.7144,0,0.7144,2.8575,0.7144,0,0,0,0,0.7144,0,2.1431,2.8575,0,0,0.0004,0,0,0,0.0001,0.0001,0,0.0001,0.0005,0.0001,0,0,0,0,0.0001,0,0.0004,0.0005,0,0,0.1292,0.1564,0.1292,0.1564,1
0.5708,0,0,2.2832,0.5708,0.5708,0,0,2.2832,0,1.7124,0.5708,0.5708,0,2.854,0,0.5708,1.1416,0.5708,0,0.0001,0,0,0.0003,0.0001,0.0001,0,0,0.0003,0,0.0003,0.0001,0.0001,0,0.0004,0,0.0001,0.0002,0.0001,0,0.2366,0.1926,0.2366,0.1926,1
0.7571,0,0,0,1.5141,0.7571,0.7571,0,1.5141,2.2712,0,0,0.7571,0,0,0,0.7571,0.7571,0,0,0.0001,0,0,0,0.0003,0.0001,0.0001,0,0.0003,0.0004,0,0,0.0001,0,0,0,0.0001,0.0001,0,0,0.1239,0.119,0.1239,0.119,1
1.0836,0,0.5418,0,0,1.0836,0,0.5418,1.0836,0.5418,0,0,1.0836,0,1.6254,0,0.5418,0.5418,0.5418,0.5418,0.0001,0,0.0001,0,0,0.0001,0,0.0001,0.0001,0.0001,0,0,0.0001,0,0.0002,0,0.0001,0.0001,0.0001,0.0001,0.2095,0.2487,0.2095,0.2487,1
0.5548,1.1096,0.5548,0.5548,0,1.1096,0.5548,0.5548,0.5548,2.2192,2.2192,0,0.5548,0.5548,1.1096,0.5548,1.6644,1.1096,0.5548,0.5548,0,0.0001,0,0,0,0.0001,0,0,0,0.0002,0.0002,0,0,0,0.0001,0,0.0001,0.0001,0,0,0.2231,0.2222,0.2231,0.2222,1
0.5862,0.5862,0.5862,0.5862,0.5862,1.1724,0,0,0,1.1724,0,1.7586,0.5862,1.1724,1.1724,0.5862,0,0.5862,0,0.5862,0,0,0,0,0,0.0001,0,0,0,0.0001,0,0.0001,0,0.0001,0.0001,0,0,0,0,0,0.2131,0.2007,0.2131,0.2007,1
0.9622,0.4811,0.9622,0.4811,0,0.4811,0.4811,0.4811,1.9244,0,1.4433,1.9244,0.4811,0.4811,0.4811,1.4433,0.4811,0.4811,0,0.9622,0.0001,0,0.0001,0,0,0,0,0,0.0001,0,0.0001,0.0001,0,0,0,0.0001,0,0,0,0.0001,0.2276,0.2913,0.2276,0.2913,1
3.0265,0,0,0,0,1.5133,0,0,0,0,0,1.5133,2.2699,0.7566,1.5133,0.7566,0,1.5133,0,0,0.0004,0,0,0,0,0.0002,0,0,0,0,0,0.0002,0.0003,0.0001,0.0002,0.0001,0,0.0002,0,0,0.1655,0.0778,0.1655,0.0778,1
1.0591,1.5887,0,0,1.0591,1.5887,0.5296,0,1.0591,0.5296,0.5296,1.5887,0.5296,0,0.5296,0,2.1183,2.1183,0,0.5296,0.0001,0.0001,0,0,0.0001,0.0001,0,0,0.0001,0,0,0.0001,0,0,0,0,0.0001,0.0001,0,0,0.2138,0.2567,0.2138,0.2567,1
1.9521,0.6507,0.6507,0.6507,0,3.9042,0,0,0,3.9042,0,0.6507,0,0.6507,0,1.3014,1.3014,0.6507,0,0,0.0001,0,0,0,0,0.0002,0,0,0,0.0002,0,0,0,0,0,0.0001,0.0001,0,0,0,0.1674,0.1819,0.1674,0.1819,1
0.4363,0,0.8725,2.6176,0,0,0,1.3088,2.6176,1.3088,0,1.3088,0,0,0,0.4363,0.8725,0,0.8725,0.4363,0,0,0.0001,0.0002,0,0,0,0.0001,0.0002,0.0001,0,0.0001,0,0,0,0,0.0001,0,0.0001,0,0.2764,0.2873,0.2764,0.2873,1
0,0.4899,0.4899,2.4494,0.4899,0,0,0.4899,1.9595,1.4697,0,0,0,0,0,0,0.9798,0,1.4697,0,0,0,0,0.0002,0,0,0,0,0.0002,0.0001,0,0,0,0,0,0,0.0001,0,0.0001,0,0.2151,0.295,0.2151,0.295,1
1.5315,0.5105,0.5105,1.021,0.5105,1.021,0,0,1.021,2.0421,1.5315,1.5315,0.5105,0,0,0,1.021,1.021,0.5105,1.021,0.0001,0,0,0.0001,0,0.0001,0,0,0.0001,0.0001,0.0001,0.0001,0,0,0,0,0.0001,0.0001,0,0.0001,0.2648,0.2246,0.2648,0.2246,1
0,0,0.6246,0.6246,2.4986,0,0.6246,0,1.2493,0,0,1.8739,1.8739,0,0,0.6246,0,0.6246,0,0,0,0,0.0001,0.0001,0.0003,0,0.0001,0,0.0001,0,0,0.0002,0.0002,0,0,0.0001,0,0.0001,0,0,0.2314,0.144,0.2314,0.144,1
1.1865,0.5933,0.5933,0.5933,1.1865,0.5933,0,0,0,1.1865,0.5933,2.9664,0.5933,0,0.5933,1.1865,0,1.1865,0,0,0.0001,0,0,0,0.0001,0,0,0,0,0.0001,0,0.0002,0,0,0,0.0001,0,0.0001,0,0,0.1979,0.2089,0.1979,0.2089,1
0.6634,1.3268,0,0.6634,1.9901,0,0,1.9901,0.6634,0.6634,0,0.6634,2.6535,0,0.6634,0,1.3268,0.6634,0,0,0,0.0001,0,0,0.0001,0,0,0.0001,0,0,0,0,0.0002,0,0,0,0.0001,0,0,0,0.1896,0.147,0.1896,0.147,1
0.5128,0,1.5383,0.5128,0,1.0255,1.0255,1.0255,1.5383,0.5128,0.5128,0,0.5128,0,0,0.5128,0.5128,1.5383,0,0.5128,0,0,0.0001,0,0,0.0001,0.0001,0.0001,0.0001,0,0,0,0,0,0,0,0,0.0001,0,0,0.2373,0.2499,0.2373,0.2499,1
0,0,1.0116,0,0,1.0116,0.5058,1.5174,1.0116,1.0116,1.0116,0,0,0,2.0232,0,0.5058,0,0,0,0,0,0.0001,0,0,0.0001,0.0001,0.0002,0.0001,0.0001,0.0001,0,0,0,0.0002,0,0.0001,0,0,0,0.2141,0.2801,0.2141,0.2801,1
2.8379,0,0,0,0.473,0,0,0.473,4.2568,2.8379,0,0,0,0,0,0,0,0,0,0,0.0003,0,0,0,0.0001,0,0,0.0001,0.0005,0.0003,0,0,0,0,0,0,0,0,0,0,0.2221,0.305,0.2221,0.305,1
0.5911,0,0.5911,2.9555,0,1.1822,0,0,0,1.7733,0,0.5911,0,0,0.5911,0.5911,0,0,0,0,0.0001,0,0.0001,0.0003,0,0.0001,0,0,0,0.0002,0,0.0001,0,0,0.0001,0.0001,0,0,0,0,0.2118,0.1971,0.2118,0.1971,1
0.8888,0,0.8888,2.6664,0,0,0,0.4444,1.3332,1.3332,0.4444,1.7776,0,0.4444,0.8888,0.4444,0.4444,0.8888,0.4444,0,0.0001,0,0.0001,0.0002,0,0,0,0,0.0001,0.0001,0,0.0001,0,0,0.0001,0,0,0.0001,0,0,0.263,0.2926,0.263,0.2926,1
2.1517,0,0,0,0.7172,0.7172,0,0,0.7172,2.1517,0,0,0,0,0.7172,0,0.7172,0,0.7172,0,0.0003,0,0,0,0.0001,0.0001,0,0,0.0001,0.0003,0,0,0,0,0.0001,0,0.0001,0,0.0001,0,0.1407,0.142,0.1407,0.142,1
0.5941,0,0,0,0.5941,0.5941,0.5941,0.5941,1.1881,1.7822,0.5941,0.5941,1.1881,0,0.5941,0,0.5941,0.5941,0,0.5941,0.0001,0,0,0,0.0001,0.0001,0.0001,0.0001,0.0001,0.0002,0.0001,0.0001,0.0001,0,0.0001,0,0.0001,0.0001,0,0.0001,0.2034,0.2025,0.2034,0.2025,1
3.7692,0,0,1.2564,1.2564,0,0,0.6282,1.2564,3.141,0,0,1.2564,0,1.2564,0.6282,0,1.2564,0,0,0.0003,0,0,0.0001,0.0001,0,0,0.0001,0.0001,0.0003,0,0,0.0001,0,0.0001,0.0001,0,0.0001,0,0,0.1642,0.2076,0.1642,0.2076,1
0.9122,0,0.4561,1.8244,0.4561,0.4561,0,0.4561,1.8244,1.3683,0.9122,0,0,0.4561,0.4561,0.9122,1.3683,0.4561,0.4561,0,0.0001,0,0,0.0001,0,0,0,0,0.0001,0.0001,0.0001,0,0,0,0,0.0001,0.0001,0,0,0,0.2833,0.2606,0.2833,0.2606,1
0.5499,0,0,0,0,0.5499,2.1998,0.5499,1.0999,0,0.5499,0,0.5499,0.5499,0,1.0999,0.5499,1.6498,0.5499,1.0999,0.0001,0,0,0,0,0.0001,0.0003,0.0001,0.0001,0,0.0001,0,0.0001,0.0001,0,0.0001,0.0001,0.0002,0.0001,0.0001,0.2157,0.2344,0.2157,0.2344,1
0.9263,0,1.8526,3.242,0,0,0.4631,0.9263,0.4631,0.4631,0.4631,2.7789,0,0.4631,0,0,0,1.3894,0,0.4631,0.0001,0,0.0001,0.0003,0,0,0,0.0001,0,0,0,0.0002,0,0,0,0,0,0.0001,0,0,0.2211,0.3158,0.2211,0.3158,1
0.5016,0,1.0031,0.5016,0,1.0031,0,0.5016,1.0031,1.5047,0,0.5016,0.5016,0,1.5047,0.5016,0,1.5047,0,0,0,0,0.0001,0,0,0.0001,0,0,0.0001,0.0001,0,0,0,0,0.0001,0,0,0.0001,0,0,0.2563,0.2422,0.2563,0.2422,1
0.6659,0.6659,1.9978,0,0.6659,1.3319,0,0.6659,0,1.3319,1.3319,0.6659,1.3319,0,0,1.9978,1.3319,0.6659,0,0,0,0,0.0001,0,0,0.0001,0,0,0,0.0001,0.0001,0,0.0001,0,0,0.0001,0.0001,0,0,0,0.1827,0.1513,0.1827,0.1513,1
0.6644,0.6644,0,0.6644,1.3289,0,0,0.6644,0.6644,2.6578,0,0,0.6644,0,0.6644,0.6644,0,0,0,0,0.0001,0.0001,0,0.0001,0.0001,0,0,0.0001,0.0001,0.0002,0,0,0.0001,0,0.0001,0.0001,0,0,0,0,0.1613,0.1743,0.1613,0.1743,1
0.6131,1.2263,1.8394,0,0,0,0,0.6131,0.6131,0.6131,0,0,0.6131,0.6131,0.6131,1.2263,0.6131,0.6131,0,0.6131,0,0.0001,0.0001,0,0,0,0,0,0,0,0,0,0,0,0,0.0001,0,0,0,0,0.2321,0.1548,0.2321,0.1548,1
1.7326,0,0,0,0.5775,2.3102,0,0,0.5775,0,0.5775,0,1.7326,0,1.7326,0,0,0,0.5775,0,0.0002,0,0,0,0.0001,0.0002,0,0,0.0001,0,0.0001,0,0.0002,0,0.0002,0,0,0,0.0001,0,0.2166,0.2058,0.2166,0.2058,1
2.5428,0,0,0.6357,0,3.8142,0,0,0,5.7213,0,0.6357,0.6357,0,0,1.2714,0,0,0,0.6357,0.0001,0,0,0,0,0.0002,0,0,0,0.0003,0,0,0,0,0,0.0001,0,0,0,0,0.1565,0.2078,0.1565,0.2078,1
3.2293,0.6459,0,0.6459,1.2917,1.2917,0,0,0,1.9376,0,1.9376,0,0,0.6459,1.2917,0.6459,0,0,0,0.0002,0,0,0,0.0001,0.0001,0,0,0,0.0001,0,0.0001,0,0,0,0.0001,0,0,0,0,0.1732,0.181,0.1732,0.181,1
0.5554,1.1108,0.5554,0.5554,1.1108,0.5554,0,1.1108,1.1108,0,0,1.6661,0,0,1.1108,0.5554,1.1108,1.6661,1.1108,0,0,0.0001,0,0,0.0001,0,0,0.0001,0.0001,0,0,0.0001,0,0,0.0001,0,0.0001,0.0001,0.0001,0,0.229,0.2157,0.229,0.2157,1
1.1774,0,0,0.5887,0.5887,1.1774,1.1774,0.5887,0.5887,2.9435,0,0,1.1774,0.5887,0,1.1774,0,3.5322,0,0,0.0001,0,0,0,0,0.0001,0.0001,0,0,0.0002,0,0,0.0001,0,0,0.0001,0,0.0003,0,0,0.1767,0.2346,0.1767,0.2346,1
0,0,0,0,1.1112,1.1112,0.5556,1.1112,0,3.3336,0,0,0,1.1112,6.6673,0,0,0,0,0,0,0,0,0,0.0001,0.0001,0.0001,0.0001,0,0.0004,0,0,0,0.0001,0.0008,0,0,0,0,0,0.2352,0.2092,0.2352,0.2092,1
0,0,0.5908,0.5908,0,0.5908,1.7724,0.5908,0,0.5908,1.7724,0.5908,1.7724,0,0,1.1816,0.5908,2.3633,0,1.1816,0,0,0.0001,0.0001,0,0.0001,0.0002,0.0001,0,0.0001,0.0002,0.0001,0.0002,0,0,0.0001,0.0001,0.0002,0,0.0001,0.2016,0.2076,0.2016,0.2076,1
0.7004,0,0,0,0,0,0,0,1.4008,0.7004,0,0.7004,0,0,1.4008,0.7004,0,0.7004,0.7004,0,0.0001,0,0,0,0,0,0,0,0.0002,0.0001,0,0.0001,0,0,0.0002,0.0001,0,0.0001,0.0001,0,0.1945,0.1051,0.1945,0.1051,1
1.0153,3.0459,0,0.5076,1.5229,1.5229,0,0.5076,0,1.5229,0.5076,0.5076,0,0,2.0306,0.5076,0.5076,0.5076,0.5076,0.5076,0,0.0001,0,0,0.0001,0.0001,0,0,0,0.0001,0,0,0,0,0.0001,0,0,0,0,0,0.2221,0.2703,0.2221,0.2703,1
0,0.5295,0,0,0.5295,0.5295,0,2.1178,3.1768,0,0,0,0.5295,0,3.1768,1.0589,0,2.1178,0.5295,0.5295,0,0,0,0,0,0,0,0.0002,0.0002,0,0,0,0,0,0.0002,0.0001,0,0.0002,0,0,0.2356,0.235,0.2356,0.235,1
1.1362,0,0.5681,1.1362,0,0,0,0,0,1.7043,0,0,0,0.5681,2.2724,0.5681,0.5681,0,0,0,0.0002,0,0.0001,0.0002,0,0,0,0,0,0.0002,0,0,0,0.0001,0.0003,0.0001,0.0001,0,0,0,0.2396,0.1923,0.2396,0.1923,1
1.8275,0.6092,1.2183,0.6092,1.2183,1.2183,0,0.6092,0,0,1.2183,0.6092,0.6092,0,0,0,3.0458,1.2183,0,1.2183,0.0001,0,0.0001,0,0.0001,0.0001,0,0,0,0,0.0001,0,0,0,0,0,0.0002,0.0001,0,0.0001,0.2127,0.1781,0.2127,0.1781,1
1.2243,0.6122,0,0,1.2243,1.8365,0,0,0,1.2243,0,1.8365,3.673,0,1.2243,3.0609,1.8365,0,0,0,0.0001,0,0,0,0.0001,0.0001,0,0,0,0.0001,0,0.0001,0.0002,0,0.0001,0.0002,0.0001,0,0,0,0.1689,0.2189,0.1689,0.2189,1
0,0,0,0.5719,1.1439,0.5719,0.5719,1.7158,0,2.2878,0.5719,0,0,1.1439,6.2914,0.5719,0,0,0,0,0,0,0,0.0001,0.0001,0.0001,0.0001,0.0002,0,0.0003,0.0001,0,0,0.0001,0.0007,0.0001,0,0,0,0,0.2134,0.2146,0.2134,0.2146,1
5.5801,0,0,0,0,0.62,0.62,0,1.24,1.24,1.24,0.62,0,0.62,0,0.62,2.48,1.86,0,0.62,0.0006,0,0,0,0,0.0001,0.0001,0,0.0001,0.0001,0.0001,0.0001,0,0.0001,0,0.0001,0.0002,0.0002,0,0.0001,0.1973,0.1827,0.1973,0.1827,1
0,0.6741,0,0,0,0,0,0,1.3483,1.3483,0,0,0.6741,0,4.0448,0,0,0.6741,0,0,0,0.0001,0,0,0,0,0,0,0.0002,0.0002,0,0,0.0001,0,0.0005,0,0,0.0001,0,0,0.1815,0.1443,0.1815,0.1443,1
1.0101,0.5051,0,2.0203,0,0.5051,0,1.5152,1.0101,0.5051,2.0203,0,0.5051,0.5051,1.5152,0,1.5152,1.0101,0,0,0.0001,0,0,0.0002,0,0,0,0.0001,0.0001,0,0.0002,0,0,0,0.0001,0,0.0001,0.0001,0,0,0.2636,0.2313,0.2636,0.2313,1
1.1122,0.5561,0,0,0,3.8928,0,0,2.2244,5.005,0,0,0,0,0,0.5561,0,0,0,0.5561,0.0001,0,0,0,0,0.0002,0,0,0.0001,0.0003,0,0,0,0,0,0,0,0,0,0,0.2046,0.2393,0.2046,0.2393,1
1.5925,0.5308,0,1.0616,0.5308,0,1.0616,1.0616,0.5308,1.0616,0,0.5308,1.5925,0,1.0616,0.5308,0.5308,1.0616,0,1.0616,0.0001,0,0,0.0001,0,0,0.0001,0.0001,0,0.0001,0,0,0.0001,0,0.0001,0,0,0.0001,0,0.0001,0.2485,0.2207,0.2485,0.2207,1
0,1.5779,0,0,0,1.0519,0.526,0.526,1.0519,1.0519,0,0.526,0,0,1.0519,0.526,2.1038,1.5779,1.0519,0,0,0.0001,0,0,0,0.0001,0,0,0.0001,0.0001,0,0,0,0,0.0001,0,0.0001,0.0001,0.0001,0,0.2423,0.2317,0.2423,0.2317,1
0,0.7327,0.7327,0,1.4653,0,0.7327,0,0,1.4653,0,0.7327,0.7327,0.7327,0.7327,0.7327,1.4653,1.4653,0,0,0,0.0001,0.0001,0,0.0001,0,0.0001,0,0,0.0001,0,0.0001,0.0001,0.0001,0.0001,0.0001,0.0001,0.0001,0,0,0.1212,0.1462,0.1212,0.1462,1
0.5047,0.5047,0.5047,0,0.5047,1.0094,1.0094,0,1.0094,0,0,0,1.5142,0.5047,1.5142,0.5047,0.5047,1.0094,0,1.0094,0,0,0,0,0,0.0001,0.0001,0,0.0001,0,0,0,0.0001,0,0.0001,0,0,0.0001,0,0.0001,0.2358,0.2594,0.2358,0.2594,1
0.4704,2.3521,0.4704,1.4113,0,0.9408,1.4113,0.4704,0,0.4704,0.9408,0.4704,1.8817,0.4704,0.9408,0.4704,0.9408,0,0,0,0,0.0001,0,0.0001,0,0,0.0001,0,0,0,0,0,0.0001,0,0,0,0,0,0,0,0.2896,0.2399,0.2896,0.2399,1
0,0.7219,0,0,0,0.7219,0,0,1.4438,0,0,0,0,0.7219,4.3314,0.7219,0,0,0,0,0,0.0002,0,0,0,0.0002,0,0,0.0003,0,0,0,0,0.0002,0.0009,0.0002,0,0,0,0,0.1222,0.1559,0.1222,0.1559,1
1.3707,0,0.4569,0.4569,0.4569,0.4569,0.4569,1.3707,0.4569,0.4569,0.9138,0.4569,0,0.4569,1.3707,0,0.4569,0.9138,1.3707,0.4569,0.0001,0,0,0,0,0,0,0.0001,0,0,0.0001,0,0,0,0.0001,0,0,0.0001,0.0001,0,0.2716,0.2715,0.2716,0.2715,1
0.5443,0,0,0,0,2.1771,0,0,0.5443,0.5443,0,0,0,0.5443,3.2657,1.0886,0,0,0,0.5443,0.0001,0,0,0,0,0.0003,0,0,0.0001,0.0001,0,0,0,0.0001,0.0004,0.0001,0,0,0,0.0001,0.2282,0.2275,0.2282,0.2275,1
0.462,0,0,0,0.9241,1.3861,0.462,0.462,3.6962,0.9241,0.462,0,0,0,0,0.462,0,1.3861,0,0,0,0,0,0,0.0001,0.0001,0,0,0.0004,0.0001,0,0,0,0,0,0,0,0.0001,0,0,0.2502,0.2878,0.2502,0.2878,1
1.1766,0,0,0.5883,0,1.1766,1.7649,0.5883,0.5883,3.5297,0,0,1.1766,0,0,1.1766,0,2.9414,0,0,0.0001,0,0,0,0,0.0001,0.0001,0,0,0.0003,0,0,0.0001,0,0,0.0001,0,0.0002,0,0,0.17,0.2417,0.17,0.2417,1
0.7517,3.7584,0,0.7517,2.255,0.7517,0,0,0,0.7517,2.255,0,0,0,0,0.7517,2.255,0.7517,0,0,0,0.0002,0,0,0.0001,0,0,0,0,0,0.0001,0,0,0,0,0,0.0001,0,0,0,0.1379,0.1104,0.1379,0.1104,1
0,0.5607,1.682,0.5607,0.5607,0.5607,0,1.1213,0,1.682,1.1213,0.5607,0.5607,0,0.5607,1.682,0.5607,0.5607,0,0,0,0,0.0001,0,0,0,0,0.0001,0,0.0001,0.0001,0,0,0,0,0.0001,0,0,0,0,0.2409,0.1985,0.2409,0.1985,1
1.6773,0,0,0,0,0,0,0,3.3546,1.6773,0,0,0,0,0,0,0.8387,2.516,0,0.8387,0.0004,0,0,0,0,0,0,0,0.0009,0.0004,0,0,0,0,0,0,0.0002,0.0006,0,0.0002,0.062,0.0994,0.062,0.0994,1
1.4638,0.4879,0.9759,0,0,1.9518,0,0.4879,1.4638,1.9518,0.9759,0.9759,0.4879,0,0.4879,0.4879,0,0.9759,0.4879,0,0.0001,0,0.0001,0,0,0.0001,0,0,0.0001,0.0001,0.0001,0.0001,0,0,0,0,0,0.0001,0,0,0.2478,0.2642,0.2478,0.2642,1
0,0,1.03,0.515,1.03,0,0.515,0,0.515,0,0.515,1.03,1.5449,0.515,2.0599,0.515,1.03,0.515,0,0,0,0,0.0001,0.0001,0.0001,0,0.0001,0,0.0001,0,0.0001,0.0001,0.0002,0.0001,0.0003,0.0001,0.0001,0.0001,0,0,0.3287,0.1563,0.3287,0.1563,1
1.1905,1.1905,0,0.5953,0.5953,0.5953,0.5953,0,0.5953,1.1905,1.1905,1.1905,1.7858,0,0.5953,0,1.7858,0,1.1905,0.5953,0.0001,0.0001,0,0,0,0,0,0,0,0.0001,0.0001,0.0001,0.0001,0,0,0,0.0001,0,0.0001,0,0.2099,0.1949,0.2099,0.1949,1
0.6056,1.8167,0,0,1.2111,0,0,0.6056,0,3.0278,0.6056,1.8167,1.2111,0,1.8167,0,0.6056,1.2111,0,0.6056,0,0.0001,0,0,0.0001,0,0,0,0,0.0002,0,0.0001,0.0001,0,0.0001,0,0,0.0001,0,0,0.2058,0.1886,0.2058,0.1886,1
1.9202,3.2004,1.2802,0,0.6401,1.2802,1.2802,0,0,0.6401,1.2802,0.6401,0.6401,0,0,1.9202,1.2802,3.2004,0,0,0.0001,0.0001,0,0,0,0,0,0,0,0,0,0,0,0,0,0.0001,0,0.0001,0,0,0.1674,0.1925,0.1674,0.1925,1
0.9053,0,0.9053,0.4526,0.9053,0,0.4526,0.4526,0.9053,0,0.4526,1.8105,0.9053,0,1.3579,0,1.3579,0.9053,0,0.9053,0.0001,0,0.0001,0,0.0001,0,0,0,0.0001,0,0,0.0002,0.0001,0,0.0001,0,0.0001,0.0001,0,0.0001,0.2981,0.2492,0.2981,0.2492,1
0,0,1.608,0,0.536,0.536,0.536,0,1.608,2.144,0.536,0.536,1.072,0,0,0,0.536,0.536,0,1.072,0,0,0.0001,0,0,0,0,0,0.0001,0.0002,0,0,0.0001,0,0,0,0,0,0,0.0001,0.2193,0.2447,0.2193,0.2447,1
0,0,0.5348,1.0696,0,0.5348,0,1.6044,0.5348,1.0696,0,0,1.0696,0.5348,1.6044,0,0.5348,0,1.6044,0,0,0,0,0.0001,0,0,0,0.0001,0,0.0001,0,0,0.0001,0,0.0001,0,0,0,0.0001,0,0.2005,0.2647,0.2005,0.2647,1
0.6304,0,0,1.2608,1.8912,0,0,1.8912,1.2608,0.6304,0,0.6304,2.5216,0,0,0.6304,0,1.2608,0,0,0.0001,0,0,0.0001,0.0002,0,0,0.0002,0.0001,0.0001,0,0.0001,0.0002,0,0,0.0001,0,0.0001,0,0,0.2297,0.1399,0.2297,0.1399,1
0.8203,0,0.8203,0,2.4609,0,0,0,0,0.8203,0,0,2.4609,0,0,0,0,0.8203,1.6406,0,0.0001,0,0.0001,0,0.0003,0,0,0,0,0.0001,0,0,0.0003,0,0,0,0,0.0001,0.0002,0,0.088,0.0917,0.088,0.0917,1
2.6256,0,0,0,0,0,0,0.4376,1.3128,0,0,0,0,0,3.9384,0.4376,0,0,0.4376,0,0.0003,0,0,0,0,0,0,0.0001,0.0002,0,0,0,0,0,0.0005,0.0001,0,0,0.0001,0,0.226,0.3364,0.226,0.3364,1
1.0252,0,2.0504,0.5126,0,0,0.5126,1.0252,1.5378,1.0252,0,0.5126,0,0,0.5126,0.5126,1.5378,0,0.5126,0,0.0001,0,0.0002,0,0,0,0,0.0001,0.0001,0.0001,0,0,0,0,0,0,0.0001,0,0,0,0.2752,0.2122,0.2752,0.2122,1
1.3636,1.3636,0,0,0.6818,0,0.6818,0,2.0454,0,1.3636,0,0,0,1.3636,0,0,0,0,0,0.0001,0.0001,0,0,0.0001,0,0.0001,0,0.0002,0,0.0001,0,0,0,0.0001,0,0,0,0,0,0.2008,0.1174,0.2008,0.1174,1
0.6682,0,0.6682,0,0,1.3363,0,0,0.6682,0.6682,0.6682,0,0.6682,0,1.3363,0,1.3363,0.6682,0,0,0.0001,0,0.0001,0,0,0.0002,0,0,0.0001,0.0001,0.0001,0,0.0001,0,0.0002,0,0.0002,0.0001,0,0,0.1953,0.1365,0.1953,0.1365,1
0,0,0,0,0.8445,0,0,0.8445,3.3782,1.6891,0,0,0.8445,0,0,0,0.8445,1.6891,0,0.8445,0,0,0,0,0.0002,0,0,0.0002,0.0009,0.0004,0,0,0.0002,0,0,0,0.0002,0.0004,0,0.0002,0.0604,0.095,0.0604,0.095,1
1.17,0.585,1.17,0,0,1.17,0,0,0,1.7549,1.17,1.17,0.585,1.7549,1.17,0.585,0,0,0,0,0.0001,0,0.0001,0,0,0.0001,0,0,0,0.0001,0.0001,0.0001,0,0.0001,0.0001,0,0,0,0,0,0.1913,0.2237,0.1913,0.2237,1
1.0466,0,0,0,0.5233,0.5233,0,1.5699,0.5233,0,0.5233,0,0.5233,0,2.6165,0,0.5233,1.5699,0,1.0466,0.0001,0,0,0,0.0001,0.0001,0,0.0002,0.0001,0,0.0001,0,0.0001,0,0.0004,0,0.0001,0.0002,0,0.0001,0.297,0.1797,0.297,0.1797,1
0.6365,0.6365,0.6365,0.6365,2.5462,1.2731,0,1.2731,0.6365,0.6365,0,0,2.5462,0,0,0.6365,0,0.6365,0,0,0,0,0,0,0.0002,0.0001,0,0.0001,0,0,0,0,0.0002,0,0,0,0,0,0,0,0.2197,0.1438,0.2197,0.1438,1
0.6002,0,0,0,1.8007,0,0,0,1.2005,2.401,0,0,0,0,1.2005,0.6002,0,0,0,0,0.0001,0,0,0,0.0002,0,0,0,0.0002,0.0003,0,0,0,0,0.0002,0.0001,0,0,0,0,0.1668,0.2329,0.1668,0.2329,1
0,2.6999,0.675,0,0.675,0,0,1.3499,0,1.3499,0,0,0,0,2.6999,0,0,0,0,0.675,0,0.0002,0,0,0,0,0,0.0001,0,0.0001,0,0,0,0,0.0002,0,0,0,0,0,0.1585,0.1665,0.1585,0.1665,1
0,1.5211,1.014,0,2.0281,1.014,0.507,0.507,0.507,0.507,0,1.014,2.0281,1.014,1.014,0,1.5211,0.507,0,0,0,0.0001,0.0001,0,0.0001,0.0001,0,0,0,0,0,0.0001,0.0001,0.0001,0.0001,0,0.0001,0,0,0,0.2079,0.2851,0.2079,0.2851,1
0,1.1219,1.1219,0,0,1.1219,0,1.1219,1.6829,0,1.1219,0.561,1.1219,0,1.1219,0,0.561,1.1219,1.1219,0.561,0,0.0001,0.0001,0,0,0.0001,0,0.0001,0.0001,0,0.0001,0,0.0001,0,0.0001,0,0,0.0001,0.0001,0,0.2397,0.1994,0.2397,0.1994,1
0,0.7653,2.2959,0,0,0,0,0,0.7653,2.2959,0,0.7653,0.7653,0,0,0.7653,0,0,0,0,0,0.0001,0.0002,0,0,0,0,0,0.0001,0.0002,0,0.0001,0.0001,0,0,0.0001,0,0,0,0,0.146,0.0887,0.146,0.0887,1
0,4.1813,0.5973,0.5973,0.5973,2.9866,0,0,0,0.5973,0,1.1947,2.3893,0,0.5973,0,2.3893,1.1947,0.5973,0,0,0.0002,0,0,0,0.0001,0,0,0,0,0,0,0.0001,0,0,0,0.0001,0,0,0,0.2158,0.1868,0.2158,0.1868,1
0.4642,0,0,0.4642,0,0.4642,1.3926,0.4642,0.4642,0.4642,0,0.4642,0,0.9284,1.3926,0.4642,1.3926,1.3926,0.4642,1.3926,0.0001,0,0,0.0001,0,0.0001,0.0002,0.0001,0.0001,0.0001,0,0.0001,0,0.0001,0.0002,0.0001,0.0002,0.0002,0.0001,0.0002,0.2503,0.2855,0.2503,0.2855,1
0,2.0754,0,0,0,0.5189,0.5189,0,0.5189,0.5189,1.0377,0,0,0.5189,3.1131,0,0,0,0.5189,0.5189,0,0.0001,0,0,0,0,0,0,0,0,0.0001,0,0,0,0.0002,0,0,0,0,0,0.2256,0.2555,0.2256,0.2555,1
4.6303,0,1.323,0,0,0.6615,0.6615,0,0,0,1.323,0.6615,0,0,0.6615,0,1.323,1.323,0,0,0.0006,0,0.0002,0,0,0.0001,0.0001,0,0,0,0.0002,0.0001,0,0,0.0001,0,0.0002,0.0002,0,0,0.1699,0.1687,0.1699,0.1687,1
0,0,0,0,0,0,0,1.4023,0.7011,1.4023,0.7011,0.7011,0,0.7011,0.7011,0,0,0.7011,0,2.1034,0,0,0,0,0,0,0,0.0002,0.0001,0.0002,0.0001,0.0001,0,0.0001,0.0001,0,0,0.0001,0,0.0003,0.1463,0.1526,0.1463,0.1526,1
0,0.6002,1.2003,0.6002,0.6002,0,0,0,1.2003,0,0,0,3.0008,0.6002,1.8005,0,0.6002,0,0,0.6002,0,0.0001,0.0001,0.0001,0.0001,0,0,0,0.0001,0,0,0,0.0003,0.0001,0.0002,0,0.0001,0,0,0.0001,0.2175,0.1824,0.2175,0.1824,1
1.6729,0,0,0,0.8365,0,0,0,3.3458,1.6729,0,0,0,0,0,0,0.8365,1.6729,0,0.8365,0.0004,0,0,0,0.0002,0,0,0,0.0008,0.0004,0,0,0,0,0,0,0.0002,0.0004,0,0.0002,0.0618,0.1018,0.0618,0.1018,1
0,1.4309,0,0,0.7154,0.7154,0,0,1.4309,0,2.1463,0.7154,0,0.7154,0,1.4309,1.4309,0,0,0,0,0.0001,0,0,0.0001,0.0001,0,0,0.0001,0,0.0002,0.0001,0,0.0001,0,0.0001,0.0001,0,0,0,0.1706,0.114,0.1706,0.114,1
1.3079,0.654,0.654,0.654,0,0,0.654,0,0.654,0,1.9619,1.3079,1.9619,0,0,1.3079,0.654,1.3079,0,0,0.0001,0,0,0,0,0,0,0,0,0,0.0001,0.0001,0.0001,0,0,0.0001,0,0.0001,0,0,0.1911,0.155,0.1911,0.155,1
0,0,1.0894,1.0894,0.5447,2.1788,0.5447,0,0,1.6341,1.0894,0,1.0894,0,0.5447,0,0.5447,0.5447,0,0.5447,0,0,0.0001,0.0001,0.0001,0.0002,0.0001,0,0,0.0002,0.0001,0,0.0001,0,0.0001,0,0.0001,0.0001,0,0.0001,0.2476,0.2077,0.2476,0.2077,1
0.8192,0,0,0,0,0,0,0,0.8192,4.096,0,0.8192,2.4576,0,0,0,0.8192,0,0,0,0.0001,0,0,0,0,0,0,0,0.0001,0.0007,0,0.0001,0.0004,0,0,0,0.0001,0,0,0,0.09,0.0908,0.09,0.0908,1
1.3029,0.6514,0,0.6514,0,0.6514,0,0.6514,0.6514,0.6514,1.9543,0.6514,1.3029,0,0.6514,0,0.6514,1.3029,0,1.3029,0.0001,0,0,0,0,0,0,0,0,0,0.0001,0,0.0001,0,0,0,0,0.0001,0,0.0001,0.198,0.1505,0.198,0.1505,1
0.7368,1.4736,0,0.7368,0.7368,0,0.7368,0,0,0.7368,0.7368,0,0,0,0,2.9472,0,0,0.7368,0.7368,0,0.0001,0,0,0,0,0,0,0,0,0,0,0,0,0,0.0002,0,0,0,0,0.1729,0.0903,0.1729,0.0903,1
1.4292,1.4292,0,0.7146,2.8584,0,0,0.7146,0.7146,0.7146,0,0.7146,2.8584,0,0,0.7146,0,1.4292,0,0,0.0001,0.0001,0,0,0.0002,0,0,0,0,0,0,0,0.0002,0,0,0,0,0.0001,0,0,0.1455,0.1399,0.1455,0.1399,1
1.134,1.134,0,1.134,0,2.268,0.567,0,0.567,1.134,1.134,0.567,0.567,0,1.701,0.567,1.134,1.701,0,0.567,0.0001,0.0001,0,0.0001,0,0.0001,0,0,0,0.0001,0.0001,0,0,0,0.0001,0,0.0001,0.0001,0,0,0.2138,0.2192,0.2138,0.2192,1
0,0.7625,0,0,0,0.7625,0.7625,0,0,1.5249,0,0.7625,0,0,0.7625,0,1.5249,0,0.7625,0,0,0.0001,0,0,0,0.0001,0.0001,0,0,0.0002,0,0.0001,0,0,0.0001,0,0.0002,0,0.0001,0,0.1371,0.1004,0.1371,0.1004,1
0,0,1.2835,0,0.6417,0.6417,0,2.5669,0.6417,0.6417,0,0.6417,0,0.6417,0.6417,0,0.6417,0,0,0.6417,0,0,0.0001,0,0.0001,0.0001,0,0.0003,0.0001,0.0001,0,0.0001,0,0.0001,0.0001,0,0.0001,0,0,0.0001,0.1581,0.2002,0.1581,0.2002,1
0,0,0.5813,0,0,1.7438,0,0,0,0.5813,0,1.7438,0.5813,1.1626,1.7438,0.5813,0,0.5813,0.5813,0,0,0,0.0001,0,0,0.0002,0,0,0,0.0001,0,0.0002,0.0001,0.0001,0.0002,0.0001,0,0.0001,0.0001,0,0.2177,0.2011,0.2177,0.2011,1
1.304,0,0.652,0.652,0,2.608,0,1.304,0,3.912,0,0.652,0,0,0,0.652,1.304,0,0,0,0.0001,0,0,0,0,0.0002,0,0.0001,0,0.0003,0,0,0,0,0,0,0.0001,0,0,0,0.1599,0.1881,0.1599,0.1881,1
0.8559,0,0,0,1.7119,0,0,0,3.4238,1.7119,0,0,0.8559,0,0,0,0,2.5678,0,0,0.0002,0,0,0,0.0005,0,0,0,0.0009,0.0005,0,0,0.0002,0,0,0,0,0.0007,0,0,0.0497,0.0943,0.0497,0.0943,1
0,0,0,0,0.5367,0.5367,1.0734,0.5367,3.2201,0.5367,1.0734,0,0,0,3.2201,0,0.5367,0,1.0734,0,0,0,0,0,0.0001,0.0001,0.0002,0.0001,0.0005,0.0001,0.0002,0,0,0,0.0005,0,0.0001,0,0.0002,0,0.2559,0.2074,0.2559,0.2074,1
1.3941,0.4647,0.9294,0,0.4647,0.4647,0.4647,0.9294,0.4647,2.3236,0.9294,0.4647,0.4647,0.4647,1.3941,0.4647,0.9294,0.9294,0,0,0.0001,0,0.0001,0,0,0,0,0.0001,0,0.0001,0.0001,0,0,0,0.0001,0,0.0001,0.0001,0,0,0.2623,0.273,0.2623,0.273,1
1.5695,0.5232,0.5232,0,0.5232,0,0.5232,1.5695,1.5695,0,1.5695,0.5232,1.0463,0,0.5232,1.5695,2.6158,1.0463,0,0,0.0001,0,0,0,0,0,0,0.0001,0.0001,0,0.0001,0,0.0001,0,0,0.0001,0.0002,0.0001,0,0,0.2459,0.2309,0.2459,0.2309,1
3.9332,0,0,0,0,0.5619,1.1238,1.1238,0.5619,2.8094,1.1238,0.5619,0,0,0.5619,1.6856,1.6856,1.1238,0,0,0.0003,0,0,0,0,0,0.0001,0.0001,0,0.0002,0.0001,0,0,0,0,0.0001,0.0001,0.0001,0,0,0.2324,0.2057,0.2324,0.2057,1
1.2419,0.621,0.621,0,1.2419,0.621,1.2419,2.4838,0.621,1.2419,1.8629,0,0,0,1.2419,0.621,0.621,1.8629,0,0.621,0.0001,0,0,0,0.0001,0,0.0001,0.0002,0,0.0001,0.0001,0,0,0,0.0001,0,0,0.0001,0,0,0.1599,0.2192,0.1599,0.2192,1
0.4318,0,0,0,1.2953,1.2953,0.8636,0,4.7495,2.1589,0,0,0.8636,0.4318,0,0.4318,0,0,0,0,0,0,0,0,0.0001,0.0001,0.0001,0,0.0005,0.0002,0,0,0.0001,0,0,0,0,0,0,0,0.242,0.3262,0.242,0.3262,1
0,0,0.4257,3.4052,0,0,0,1.277,2.5539,0.4257,0,0.4257,0,0,0,0.4257,0.4257,0,0.8513,0.8513,0,0,0,0.0003,0,0,0,0.0001,0.0002,0,0,0,0,0,0,0,0,0,0.0001,0.0001,0.2555,0.3188,0.2555,0.3188,1
0,0.5756,0.5756,0.5756,0.5756,0.5756,0.5756,0.5756,1.7267,0.5756,0.5756,0.5756,0,0,1.1511,0,0.5756,0.5756,0,0,0,0,0,0,0,0,0,0,0.0001,0,0,0,0,0,0.0001,0,0,0,0,0,0.1884,0.2361,0.1884,0.2361,1
1.477,0,0,0,0,0.7385,0,0.7385,2.9541,2.2156,0.7385,0,1.477,0,1.477,0,0,3.6926,0,0,0.0002,0,0,0,0,0.0001,0,0.0001,0.0004,0.0003,0.0001,0,0.0002,0,0.0002,0,0,0.0005,0,0,0.0981,0.1634,0.0981,0.1634,1
2.1119,0,0,0,0,0,0.704,0,0,0.704,2.1119,0,0.704,0,0.704,0.704,0.704,1.4079,1.4079,1.4079,0.0002,0,0,0,0,0,0.0001,0,0,0.0001,0.0002,0,0.0001,0,0.0001,0.0001,0.0001,0.0002,0.0002,0.0002,0.1617,0.1343,0.1617,0.1343,1
0,0,0,0.5452,0.5452,0,2.1808,0,1.6356,0.5452,1.6356,1.6356,0,0.5452,0,0,0.5452,1.0904,0,0,0,0,0,0.0001,0.0001,0,0.0003,0,0.0002,0.0001,0.0002,0.0002,0,0.0001,0,0,0.0001,0.0001,0,0,0.2305,0.2243,0.2305,0.2243,1
1.0462,1.5692,0.5231,0.5231,0,1.0462,1.5692,0,0.5231,0.5231,1.5692,1.0462,1.0462,0,0.5231,0.5231,1.5692,2.0923,0,0,0.0001,0.0001,0,0,0,0.0001,0.0001,0,0,0,0.0001,0.0001,0.0001,0,0,0,0.0001,0.0001,0,0,0.2566,0.2204,0.2566,0.2204,1
0.6825,0,0,0.6825,0,0.6825,0,0.6825,0.6825,0,0.6825,2.0476,5.4603,0.6825,0,0,1.3651,1.3651,0.6825,0.6825,0.0001,0,0,0.0001,0,0.0001,0,0.0001,0.0001,0,0.0001,0.0002,0.0004,0.0001,0,0,0.0001,0.0001,0.0001,0.0001,0.1652,0.1523,0.1652,0.1523,1
2.1418,0.5354,1.0709,0.5354,0,0.5354,0.5354,0.5354,0.5354,0,0.5354,0.5354,1.6063,1.0709,1.0709,0.5354,1.0709,1.6063,0,0.5354,0.0002,0,0.0001,0,0,0,0,0,0,0,0,0,0.0001,0.0001,0.0001,0,0.0001,0.0001,0,0,0.2728,0.1918,0.2728,0.1918,1
0.9045,0.9045,0,1.3568,0.4523,0,0.4523,0,1.8091,0,0.9045,0,0,0.9045,1.8091,0,0.4523,0.4523,1.8091,0.4523,0.0001,0.0001,0,0.0001,0,0,0,0,0.0002,0,0.0001,0,0,0.0001,0.0002,0,0,0,0.0002,0,0.2464,0.3013,0.2464,0.3013,1
1.2741,0,0,0,0.637,0,0,0.637,1.9111,0.637,1.9111,1.9111,0.637,0,0.637,1.2741,0.637,0.637,0,0.637,0.0001,0,0,0,0.0001,0,0,0.0001,0.0002,0.0001,0.0002,0.0002,0.0001,0,0.0001,0.0001,0.0001,0.0001,0,0.0001,0.2111,0.1519,0.2111,0.1519,1
1.811,0,0.6037,0.6037,0.6037,1.811,0,0.6037,0,1.811,0.6037,0.6037,0.6037,0,0.6037,0.6037,0,0.6037,0.6037,0.6037,0.0001,0,0,0,0,0.0001,0,0,0,0.0001,0,0,0,0,0,0,0,0,0,0,0.1898,0.2065,0.1898,0.2065,1
0.4982,0,0.4982,0,0.9964,0.4982,0.4982,1.4946,0.4982,0,0,0.4982,0,0.9964,2.9891,0,0,0.4982,0,0,0.0001,0,0.0001,0,0.0001,0.0001,0.0001,0.0002,0.0001,0,0,0.0001,0,0.0001,0.0003,0,0,0.0001,0,0,0.3086,0.1932,0.3086,0.1932,1
1.1235,0,0,0.5617,0,1.1235,1.6852,0.5617,0.5617,2.8087,0,0,1.1235,0,1.1235,1.1235,0,3.3704,0,0,0.0001,0,0,0,0,0.0001,0.0001,0,0,0.0002,0,0,0.0001,0,0.0001,0.0001,0,0.0003,0,0,0.181,0.2573,0.181,0.2573,1
0,0,0,0,1.3671,0.6836,0.6836,0.6836,0,2.0507,0,0,0,1.3671,6.1522,0,0,0.6836,0,0,0,0,0,0,0.0002,0.0001,0.0001,0.0001,0,0.0003,0,0,0,0.0002,0.0009,0,0,0.0001,0,0,0.1639,0.1525,0.1639,0.1525,1
0,0,1.0484,0,1.5727,0,0.5242,0,1.5727,0,0,1.0484,2.0969,0,1.5727,2.0969,0,0.5242,0.5242,0,0,0,0.0001,0,0.0001,0,0,0,0.0001,0,0,0.0001,0.0002,0,0.0001,0.0002,0,0,0,0,0.243,0.2328,0.243,0.2328,1
0,1.2586,0.6293,0,0.6293,1.888,1.2586,0,1.888,0.6293,0.6293,0,0,0,3.1466,0,0.6293,2.5173,0,0,0,0.0001,0,0,0,0.0001,0.0001,0,0.0001,0,0,0,0,0,0.0002,0,0,0.0002,0,0,0.2277,0.143,0.2277,0.143,1
0.596,1.192,1.7879,0.596,0,0,0.596,0,1.7879,0.596,0,0.596,0.596,0,0,0,1.192,0.596,0,0.596,0,0.0001,0.0001,0,0,0,0,0,0.0001,0,0,0,0,0,0,0,0.0001,0,0,0,0.1975,0.2065,0.1975,0.2065,1
1.2278,0.6139,0.6139,0,0,0.6139,1.2278,3.0694,0,0.6139,0.6139,1.8416,0.6139,0,2.4555,0,2.4555,1.2278,0,0,0.0001,0,0,0,0,0,0.0001,0.0002,0,0,0,0.0001,0,0,0.0002,0,0.0002,0.0001,0,0,0.1877,0.1984,0.1877,0.1984,1
1.0704,1.0704,0,0,2.6761,0.5352,0.5352,0,0,1.6057,3.2113,0,0,0.5352,1.6057,0,0,0.5352,0.5352,0,0.0001,0.0001,0,0,0.0002,0,0,0,0,0.0001,0.0003,0,0,0,0.0001,0,0,0,0,0,0.2322,0.2325,0.2322,0.2325,1
0,2.2946,1.1473,0,2.2946,1.1473,0,1.7209,0.5736,1.7209,1.1473,0.5736,0,0,0.5736,0,0.5736,0.5736,0,0.5736,0,0.0001,0.0001,0,0.0001,0.0001,0,0.0001,0,0.0001,0.0001,0,0,0,0,0,0,0,0,0,0.1855,0.2409,0.1855,0.2409,1
0,1.1156,0.5578,0,0.5578,1.1156,0.5578,0,0,0,0.5578,0.5578,0,0,2.7891,0,0.5578,2.2313,1.1156,0,0,0.0001,0,0,0,0.0001,0,0,0,0,0,0,0,0,0.0002,0,0,0.0001,0.0001,0,0.2078,0.2344,0.2078,0.2344,1
0,0,0,0,0,1.8323,0,0,0,3.6647,0,0,0,0,3.2066,0,0,0.4581,0,0,0,0,0,0,0,0.0002,0,0,0,0.0004,0,0,0,0,0.0004,0,0,0.0001,0,0,0.2364,0.3055,0.2364,0.3055,1
1.16,0,0,0,0.58,0.58,0,0.58,1.74,0.58,0.58,0.58,0,0.58,1.74,1.16,1.16,0,0,0,0.0001,0,0,0,0.0001,0.0001,0,0.0001,0.0002,0.0001,0.0001,0.0001,0,0.0001,0.0002,0.0001,0.0001,0,0,0,0.2252,0.1948,0.2252,0.1948,1
1.182,0,0.591,1.182,1.182,1.182,0,0.591,0.591,2.955,1.182,0,0.591,0.591,0.591,0.591,0.591,1.773,0,0.591,0.0001,0,0,0.0001,0.0001,0.0001,0,0,0,0.0002,0.0001,0,0,0,0,0,0,0.0001,0,0,0.2116,0.1974,0.2116,0.1974,1
0,0,0.5956,0,0.5956,2.978,1.7868,0.5956,0,0,0,0,0,0.5956,0,0.5956,1.1912,1.1912,0,0,0,0,0.0001,0,0.0001,0.0004,0.0002,0.0001,0,0,0,0,0,0.0001,0,0.0001,0.0001,0.0001,0,0,0.2164,0.188,0.2164,0.188,1
0,0,0,0,0.7942,0.7942,0,0,1.5883,2.3825,0,0,0.7942,0,0,0,0.7942,1.5883,0,0.7942,0,0,0,0,0.0002,0.0002,0,0,0.0003,0.0005,0,0,0.0002,0,0,0,0.0002,0.0003,0,0.0002,0.1464,0.0595,0.1464,0.0595,1
2.4409,0,1.6273,0,0.8136,0,0,0,0,0,0.8136,0,0,0,0,3.2545,0,1.6273,0,0.8136,0.0002,0,0.0002,0,0.0001,0,0,0,0,0,0.0001,0,0,0,0,0.0003,0,0.0002,0,0.0001,0.104,0.0824,0.104,0.0824,1
1.1445,0,0.5722,0,0,1.7167,0.5722,0,0.5722,1.1445,0.5722,0,0,0,1.7167,1.1445,0,0,0,0,0.0001,0,0.0001,0,0,0.0002,0.0001,0,0.0001,0.0001,0.0001,0,0,0,0.0002,0.0001,0,0,0,0,0.2356,0.1922,0.2356,0.1922,1
0.6399,0.6399,0.6399,1.2797,0.6399,0.6399,0.6399,0.6399,0,0,0,0,0,0,0,0.6399,1.2797,0,0,1.9196,0.0001,0.0001,0.0001,0.0001,0.0001,0.0001,0.0001,0.0001,0,0,0,0,0,0,0,0.0001,0.0001,0,0,0.0002,0.1708,0.1893,0.1708,0.1893,1
1.3312,0,0,0.6656,1.3312,0,0.6656,0.6656,1.3312,0,0,0,0,0,0,0.6656,0,2.6624,0,0.6656,0.0002,0,0,0.0001,0.0002,0,0.0001,0.0001,0.0002,0,0,0,0,0,0,0.0001,0,0.0004,0,0.0001,0.1551,0.1794,0.1551,0.1794,1
3.015,0,0,0,0,0,0,0,3.015,1.5075,0.7538,0,0.7538,1.5075,0.7538,0.7538,0,3.015,0,0,0.0004,0,0,0,0,0,0,0,0.0004,0.0002,0.0001,0,0.0001,0.0002,0.0001,0.0001,0,0.0004,0,0,0.1177,0.1285,0.1177,0.1285,1
2.6683,0.6671,0,0,0.6671,1.3342,0,0,1.3342,0,0,0,0.6671,0,0.6671,0.6671,0.6671,1.3342,0.6671,0,0.0002,0.0001,0,0,0.0001,0.0001,0,0,0.0001,0,0,0,0.0001,0,0.0001,0.0001,0.0001,0.0001,0.0001,0,0.2033,0.1296,0.2033,0.1296,1
0.6911,0,0,0,0,2.7643,0.6911,0.6911,0.6911,0,0,1.3821,0.6911,0.6911,0.6911,0,0,0.6911,0,0,0.0001,0,0,0,0,0.0004,0.0001,0.0001,0.0001,0,0,0.0002,0.0001,0.0001,0.0001,0,0,0.0001,0,0,0.147,0.162,0.147,0.162,1
0,0.5325,1.5974,0,0.5325,0,0,0.5325,1.0649,1.5974,0,0,0,0,0.5325,1.0649,0,0.5325,1.5974,0,0,0,0.0001,0,0,0,0,0,0.0001,0.0001,0,0,0,0,0,0.0001,0,0,0.0001,0,0.2348,0.2328,0.2348,0.2328,1
1.8001,0,0,0,0,0.9,0,0,0,4.5002,0,0,0,0,0,0,0,2.7001,3.6001,0,0.0004,0,0,0,0,0.0002,0,0,0,0.0009,0,0,0,0,0,0,0,0.0006,0.0007,0,0.0675,0.0325,0.0675,0.0325,1
0,0,0.5669,0,0.5669,2.2676,0,0,0.5669,0.5669,3.4014,0.5669,0,0,2.2676,0.5669,0.5669,1.1338,1.1338,0,0,0,0,0,0,0.0002,0,0,0,0,0.0003,0,0,0,0.0002,0,0,0.0001,0.0001,0,0.2158,0.2173,0.2158,0.2173,1
1.2139,0.607,0,0.607,0.607,0,1.2139,0.607,0,0,0,0.607,1.2139,0.607,1.2139,0,1.2139,1.8209,0,1.2139,0.0001,0.0001,0,0.0001,0.0001,0,0.0001,0.0001,0,0,0,0.0001,0.0001,0.0001,0.0001,0,0.0001,0.0002,0,0.0001,0.1632,0.2298,0.1632,0.2298,1
0,0,0.4538,2.7226,0,0,0,1.3613,2.7226,0.4538,0.4538,0.4538,0,0,0,0,0.4538,0,0.9075,0.4538,0,0,0,0.0003,0,0,0,0.0001,0.0003,0,0,0,0,0,0,0,0,0,0.0001,0,0.2362,0.31,0.2362,0.31,1
1.2773,0,0,0,2.5546,0.6386,0,1.2773,0.6386,0,1.9159,0.6386,1.9159,0,0.6386,0,1.2773,1.2773,0,0,0.0001,0,0,0,0.0003,0.0001,0,0.0001,0.0001,0,0.0002,0.0001,0.0002,0,0.0001,0,0.0001,0.0001,0,0,0.1763,0.1851,0.1763,0.1851,1
0,1.0401,1.0401,0.52,1.0401,1.0401,0,0.52,0.52,0,1.5601,1.0401,1.5601,0,1.0401,0,0,0.52,0.52,1.0401,0,0.0001,0.0001,0,0.0001,0.0001,0,0,0,0,0.0001,0.0001,0.0001,0,0.0001,0,0,0,0,0.0001,0.282,0.198,0.282,0.198,1
0,0.5745,0,0.5745,1.7234,1.1489,0,1.1489,1.1489,0.5745,0,1.1489,0.5745,0.5745,0,1.1489,1.1489,0,0.5745,0.5745,0,0,0,0,0.0001,0.0001,0,0.0001,0.0001,0,0,0.0001,0,0,0,0.0001,0.0001,0,0,0,0.2139,0.2116,0.2139,0.2116,1
1.093,0,1.093,1.093,0,0,0,0,2.186,1.093,0,1.093,0,0,0,1.093,0.5465,1.6395,0,0,0.0001,0,0.0001,0.0001,0,0,0,0,0.0002,0.0001,0,0.0001,0,0,0,0.0001,0.0001,0.0002,0,0,0.2293,0.2242,0.2293,0.2242,1
0.4672,0.4672,0,0.9345,0.9345,0.9345,1.4017,0.9345,0.4672,0.4672,0.4672,0.4672,0,0,1.8689,0.4672,0.4672,0,0.9345,0.9345,0,0,0,0.0001,0.0001,0.0001,0.0001,0.0001,0,0,0,0,0,0,0.0001,0,0,0,0.0001,0.0001,0.2486,0.2841,0.2486,0.2841,1
0,3.7865,0,0.6311,0,3.1554,0.6311,0,0,0.6311,0,0.6311,1.8932,0,0.6311,1.2622,2.5243,1.8932,1.2622,0,0,0.0001,0,0,0,0.0001,0,0,0,0,0,0,0.0001,0,0,0,0.0001,0.0001,0,0,0.1802,0.1887,0.1802,0.1887,1
0.539,0,2.1559,0.539,0,2.1559,0,1.078,0.539,1.078,0,0,0,0,5.3898,0,0.539,0.539,0,0.539,0,0,0.0002,0,0,0.0002,0,0.0001,0,0.0001,0,0,0,0,0.0004,0,0,0,0,0,0.1975,0.2635,0.1975,0.2635,1
3.1102,0,0,0,0,0,0,0,3.1102,0,0,0,0,0,2.2215,0,0,0,0.8886,0,0.0004,0,0,0,0,0,0,0,0.0004,0,0,0,0,0,0.0003,0,0,0,0.0001,0,0.233,0.3227,0.233,0.3227,1
0,0,0.935,0.4675,0.4675,0.935,0.4675,0.4675,0,3.7401,0,0.4675,1.4025,0,1.4025,0,0.4675,1.4025,0.4675,0,0,0,0.0001,0,0,0.0001,0,0,0,0.0003,0,0,0.0001,0,0.0001,0,0,0.0001,0,0,0.2914,0.241,0.2914,0.241,1
0.9925,0.4963,0,0.9925,0.4963,0.4963,0,0.4963,0,0.4963,0.4963,0.4963,0.4963,0,2.4813,0,0.9925,0.4963,0.4963,0,0.0001,0,0,0.0001,0,0,0,0,0,0,0,0,0,0,0.0002,0,0.0001,0,0,0,0.2606,0.2432,0.2606,0.2432,1
0,0,0,0.6624,0.6624,0.6624,0,2.6495,1.3247,0,1.9871,0,0.6624,0.6624,1.3247,0,0.6624,0.6624,0.6624,0,0,0,0,0.0001,0.0001,0.0001,0,0.0005,0.0002,0,0.0003,0,0.0001,0.0001,0.0002,0,0.0001,0.0001,0.0001,0,0.1669,0.1708,0.1669,0.1708,1
0.5466,0.5466,1.0933,0.5466,0,1.6399,0,1.0933,0,2.1866,0,1.0933,4.9198,0,1.0933,0,0.5466,0.5466,0.5466,0,0,0,0.0001,0,0,0.0001,0,0.0001,0,0.0001,0,0.0001,0.0003,0,0.0001,0,0,0,0,0,0.2268,0.2265,0.2268,0.2265,1
2.5013,0,0,0.6253,0.6253,0.6253,1.2507,0.6253,0.6253,1.876,1.2507,0,0.6253,0,0,0,1.2507,3.1267,0,0.6253,0.0003,0,0,0.0001,0.0001,0.0001,0.0001,0.0001,0.0001,0.0002,0.0001,0,0.0001,0,0,0,0.0001,0.0004,0,0.0001,0.1666,0.2081,0.1666,0.2081,1
0.5977,0,0.5977,0.5977,0.5977,0.5977,0,1.1955,1.1955,0.5977,0.5977,1.1955,0.5977,0,0.5977,0,0,0,0,0,0.0001,0,0.0001,0.0001,0.0001,0.0001,0,0.0001,0.0001,0.0001,0.0001,0.0001,0.0001,0,0.0001,0,0,0,0,0,0.182,0.2202,0.182,0.2202,1
1.8843,0,0,0,0,1.2562,0.6281,0,1.8843,0.6281,0,0,0.6281,0,0,0,1.2562,0,1.2562,0,0.0002,0,0,0,0,0.0002,0.0001,0,0.0002,0.0001,0,0,0.0001,0,0,0,0.0002,0,0.0002,0,0.231,0.1409,0.231,0.1409,1
0,0,1.3781,0,0,0,0,0,0.6891,2.0672,0,1.3781,0,0,0,0.6891,0,0.6891,0.6891,0,0,0,0.0001,0,0,0,0,0,0.0001,0.0002,0,0.0001,0,0,0,0.0001,0,0.0001,0.0001,0,0.2022,0.1088,0.2022,0.1088,1
0,3.2332,0,0,1.2933,0.6466,0.6466,0.6466,1.2933,0.6466,0,0.6466,0,0,1.2933,0.6466,0.6466,0,0,0,0,0.0001,0,0,0.0001,0,0,0,0.0001,0,0,0,0,0,0.0001,0,0,0,0,0,0.2128,0.1406,0.2128,0.1406,1
1.601,0,0.8005,0,0,0,0,0,3.202,0.8005,0,0,0,0,0,0,0.8005,3.202,0,0.8005,0.0003,0,0.0002,0,0,0,0,0,0.0006,0.0002,0,0,0,0,0,0,0.0002,0.0006,0,0.0002,0.0803,0.1193,0.0803,0.1193,1
0.6173,0.6173,0.6173,0.6173,1.8518,0,0.6173,0.6173,0.6173,0.6173,0.6173,0,0,0,1.2345,0.6173,1.8518,1.2345,0,0,0.0001,0.0001,0.0001,0.0001,0.0002,0,0.0001,0.0001,0.0001,0.0001,0.0001,0,0,0,0.0001,0.0001,0.0002,0.0001,0,0,0.2371,0.1457,0.2371,0.1457,1
2.3202,1.1601,0,0,1.7402,1.7402,1.1601,0,0.5801,1.1601,0,0.5801,0,0.5801,1.1601,0.5801,0.5801,1.1601,0,0,0.0001,0.0001,0,0,0.0001,0.0001,0.0001,0,0,0.0001,0,0,0,0,0.0001,0,0,0.0001,0,0,0.2163,0.2036,0.2163,0.2036,1
0.7426,0.7426,0.7426,0,0.7426,0,0.7426,0.7426,0,0,1.4852,0.7426,0.7426,0,0,1.4852,1.4852,2.2277,0,0,0.0001,0.0001,0.0001,0,0.0001,0,0.0001,0.0001,0,0,0.0001,0.0001,0.0001,0,0,0.0001,0.0001,0.0002,0,0,0.1285,0.1289,0.1285,0.1289,1
0.5344,0,0.5344,1.6031,0.5344,0,0.5344,0.5344,0,4.8094,1.0688,1.0688,1.6031,0,1.0688,0,0.5344,1.0688,0,0,0.0001,0,0.0001,0.0002,0.0001,0,0.0001,0.0001,0,0.0005,0.0001,0.0001,0.0002,0,0.0001,0,0.0001,0.0001,0,0,0.2666,0.199,0.2666,0.199,1
1.442,1.442,0.721,0,1.442,0,0,0,0.721,0.721,0.721,0,1.442,0,0,0,0,0.721,0,1.442,0.0001,0.0001,0.0001,0,0.0001,0,0,0,0.0001,0.0001,0.0001,0,0.0001,0,0,0,0,0.0001,0,0.0001,0.1515,0.1275,0.1515,0.1275,1
0.5931,0.5931,0.5931,0.5931,0,1.1862,2.3724,0,0,0,0.5931,1.1862,0,1.1862,1.1862,0,0.5931,0,0,1.1862,0.0001,0.0001,0.0001,0.0001,0,0.0001,0.0003,0,0,0,0.0001,0.0001,0,0.0001,0.0001,0,0.0001,0,0,0.0001,0.2071,0.1998,0.2071,0.1998,1
0.6707,0.6707,1.3414,0.6707,0,0,0,2.012,0,0.6707,0.6707,0,0.6707,0.6707,0.6707,0.6707,0,1.3414,0,0,0.0001,0.0001,0.0001,0.0001,0,0,0,0.0002,0,0.0001,0.0001,0,0.0001,0.0001,0.0001,0.0001,0,0.0001,0,0,0.1459,0.1834,0.1459,0.1834,1
1.6886,0,0,0,2.5329,0,0,0,3.3772,0,0,0,0,0,0,0,0.8443,1.6886,0,0.8443,0.0005,0,0,0,0.0008,0,0,0,0.001,0,0,0,0,0,0,0,0.0003,0.0005,0,0.0003,0.0536,0.1021,0.0536,0.1021,1
1.7226,0,0,1.1484,1.7226,1.7226,1.1484,0.5742,0,1.7226,0,0,0.5742,0,0,0.5742,1.7226,1.7226,0,0,0.0001,0,0,0.0001,0.0001,0.0001,0.0001,0,0,0.0001,0,0,0,0,0,0,0.0001,0.0001,0,0,0.1893,0.2365,0.1893,0.2365,1
2.1464,0,0,0,0,1.4309,0.7155,0.7155,0.7155,1.4309,0,0,0.7155,0,0.7155,0,0,0,0,0,0.0003,0,0,0,0,0.0002,0.0001,0.0001,0.0001,0.0002,0,0,0.0001,0,0.0001,0,0,0,0,0,0.1631,0.1215,0.1631,0.1215,1
0,0,2.0895,1.0447,0,1.5671,0,0,0.5224,2.6119,0,0.5224,0,0,0,0.5224,1.5671,0,0.5224,0.5224,0,0,0.0002,0.0001,0,0.0001,0,0,0,0.0002,0,0,0,0,0,0,0.0001,0,0,0,0.2357,0.2419,0.2357,0.2419,1
3.1448,0.629,1.2579,0.629,0,1.2579,0,1.2579,0,0.629,0,0,0.629,0,0.629,1.2579,1.2579,0.629,0,0,0.0002,0,0.0001,0,0,0.0001,0,0.0001,0,0,0,0,0,0,0,0.0001,0.0001,0,0,0,0.19,0.1811,0.19,0.1811,1
1.8407,0,0.6136,0.6136,1.2272,0,0.6136,0,0,1.2272,0,1.2272,0.6136,0,0,0.6136,0.6136,1.2272,1.8407,0,0.0001,0,0,0,0.0001,0,0,0,0,0.0001,0,0.0001,0,0,0,0,0,0.0001,0.0001,0,0.1918,0.1946,0.1918,0.1946,1
0.697,0,0.697,0,0,2.091,0,0,0.697,3.485,0,0,0,0,0,0,0,0,0,0,0.0001,0,0.0001,0,0,0.0002,0,0,0.0001,0.0003,0,0,0,0,0,0,0,0,0,0,0.1478,0.1552,0.1478,0.1552,1
0,0,0,0,3.4734,0,0,0,3.4734,0,0,0,0.8684,0,0,0,0,2.6051,0,0.8684,0,0,0,0,0.0012,0,0,0,0.0012,0,0,0,0.0003,0,0,0,0,0.0009,0,0.0003,0.0477,0.0839,0.0477,0.0839,1
0.6105,3.6633,0.6105,0.6105,1.2211,3.0527,0,0,0,0.6105,0,1.2211,2.4422,0,0.6105,0,3.0527,0.6105,0,0,0,0.0001,0,0,0,0.0001,0,0,0,0,0,0,0.0001,0,0,0,0.0001,0,0,0,0.2098,0.1797,0.2098,0.1797,1
1.8765,0,1.8765,0.6255,0,0.6255,0,0.6255,0,0.6255,0,0,1.251,0,0.6255,0,0,1.251,0.6255,0,0.0002,0,0.0002,0.0001,0,0.0001,0,0.0001,0,0.0001,0,0,0.0001,0,0.0001,0,0,0.0001,0.0001,0,0.264,0.1105,0.264,0.1105,1
2.475,0,0,0,0,0,0,0,2.475,1.65,0,0,0.825,0.825,0,0,0.825,0.825,0,0.825,0.0005,0,0,0,0,0,0,0,0.0005,0.0003,0,0,0.0002,0.0002,0,0,0.0002,0.0002,0,0.0002,0.0718,0.1032,0.0718,0.1032,1
0.8442,0.4221,0.4221,2.5325,0.8442,0,0.4221,0.4221,1.6884,1.6884,0,0.4221,0,0.8442,0,0.8442,0.4221,0.4221,0,0.4221,0.0001,0,0,0.0002,0.0001,0,0,0,0.0001,0.0001,0,0,0,0.0001,0,0.0001,0,0,0,0,0.2635,0.3144,0.2635,0.3144,1
0.4387,0,0,0,2.1937,0.8775,0.4387,0.4387,0.4387,0.8775,0,0,0,0,3.5099,0,0.8775,0.8775,0,0,0.0001,0,0,0,0.0003,0.0001,0.0001,0.0001,0.0001,0.0001,0,0,0,0,0.0005,0,0.0001,0.0001,0,0,0.3715,0.1898,0.3715,0.1898,1
0.8445,0,0,0,1.6891,0,0,0,3.3782,0,0,0,0.8445,0,0,0,0.8445,2.5336,0,0.8445,0.0002,0,0,0,0.0005,0,0,0,0.001,0,0,0,0.0002,0,0,0,0.0002,0.0007,0,0.0002,0.0571,0.0983,0.0571,0.0983,1
3.451,0,0,0.6902,0,0.6902,0,0.6902,2.0706,1.3804,0.6902,0,1.3804,0,1.3804,0,0,2.0706,0,0,0.0004,0,0,0.0001,0,0.0001,0,0.0001,0.0003,0.0002,0.0001,0,0.0002,0,0.0002,0,0,0.0003,0,0,0.1414,0.1684,0.1414,0.1684,1
0,0,0,0,1.6305,1.6305,0,0,0.8152,1.6305,0,0,0.8152,0,0,1.6305,0,0.8152,1.6305,0,0,0,0,0,0.0002,0.0002,0,0,0.0001,0.0002,0,0,0.0001,0,0,0.0002,0,0.0001,0.0002,0,0.0921,0.0927,0.0921,0.0927,1
4.9723,0,0,0,0,0.5525,0,0,2.2099,4.4198,0,1.105,0,0,0,0,0.5525,1.105,0.5525,0,0.0004,0,0,0,0,0,0,0,0.0002,0.0004,0,0.0001,0,0,0,0,0,0.0001,0,0,0.1896,0.2579,0.1896,0.2579,1
0.5055,0.5055,0,0,0,0.5055,0.5055,0.5055,2.5276,0,1.5166,0.5055,2.0221,0.5055,2.5276,0.5055,1.011,0,0,0.5055,0,0,0,0,0,0,0,0,0.0002,0,0.0001,0,0.0002,0,0.0002,0,0.0001,0,0,0,0.2544,0.2401,0.2544,0.2401,1
0,0,1.064,0,0.532,0,0.532,0.532,2.128,0.532,2.128,0,1.064,0,1.596,0.532,1.064,0.532,0,0.532,0,0,0.0001,0,0.0001,0,0.0001,0.0001,0.0003,0.0001,0.0003,0,0.0001,0,0.0002,0.0001,0.0001,0.0001,0,0.0001,0.236,0.232,0.236,0.232,1
0,3.7807,0,0.6301,0,3.1506,0,0,0,0.6301,0,1.2602,1.8904,0,0.6301,0.6301,3.1506,1.8904,1.2602,0,0,0.0001,0,0,0,0.0001,0,0,0,0,0,0,0.0001,0,0,0,0.0001,0.0001,0,0,0.196,0.1739,0.196,0.1739,1
0,0,0,0,1.5001,0,0,0.75,1.5001,1.5001,1.5001,0.75,0.75,0.75,0,0.75,3.0002,1.5001,0,0.75,0,0,0,0,0.0002,0,0,0.0001,0.0002,0.0002,0.0002,0.0001,0.0001,0.0001,0,0.0001,0.0004,0.0002,0,0.0001,0.0935,0.1565,0.0935,0.1565,1
1.3672,0,0.6836,0,0.6836,0,0.6836,1.3672,0.6836,2.0508,0.6836,0,1.3672,0.6836,0,1.3672,1.3672,0.6836,0,0,0.0002,0,0.0001,0,0.0001,0,0.0001,0.0002,0.0001,0.0002,0.0001,0,0.0002,0.0001,0,0.0002,0.0002,0.0001,0,0,0.1869,0.1295,0.1869,0.1295,1
1.0241,0,1.0241,0,1.0241,0,0.512,0.512,2.0482,0.512,1.0241,0,0,0,1.5361,0,0.512,0.512,0,0,0.0001,0,0.0001,0,0.0001,0,0.0001,0.0001,0.0002,0.0001,0.0001,0,0,0,0.0002,0,0.0001,0.0001,0,0,0.2668,0.2212,0.2668,0.2212,1
1.7941,0.598,0,0,0,0.598,0.598,0,0.598,0,0.598,0.598,0.598,0,5.3823,1.1961,1.1961,2.9902,0,0,0.0001,0,0,0,0,0,0,0,0,0,0,0,0,0,0.0004,0.0001,0.0001,0.0002,0,0,0.1782,0.2238,0.1782,0.2238,1
1.2429,0.6214,0,0,0.6214,0.6214,1.2429,0.6214,0,0,1.2429,1.8643,1.2429,0,0.6214,0.6214,0.6214,0.6214,0.6214,0,0.0001,0,0,0,0,0,0.0001,0,0,0,0.0001,0.0001,0.0001,0,0,0,0,0,0,0,0.179,0.1995,0.179,0.1995,1
0.4865,0.4865,0.9729,1.9458,0.4865,0,0,0.9729,1.4594,0.9729,0.4865,0.9729,0,1.4594,0,0.9729,2.9187,0,0,0,0,0,0.0001,0.0001,0,0,0,0.0001,0.0001,0.0001,0,0.0001,0,0.0001,0,0.0001,0.0002,0,0,0,0.2396,0.274,0.2396,0.274,1
1.1973,0,1.1973,0,1.1973,0,0.5986,0,0.5986,0.5986,0.5986,0.5986,0,0,0.5986,0,0.5986,0.5986,0,0.5986,0.0001,0,0.0001,0,0.0001,0,0.0001,0,0.0001,0.0001,0.0001,0.0001,0,0,0.0001,0,0.0001,0.0001,0,0.0001,0.2527,0.1487,0.2527,0.1487,1
0.7032,0,1.4065,0.7032,0.7032,0,0,1.4065,0,0.7032,0,2.1097,0.7032,0,0.7032,0,0.7032,0.7032,0,0,0.0001,0,0.0001,0.0001,0.0001,0,0,0.0001,0,0.0001,0,0.0002,0.0001,0,0.0001,0,0.0001,0.0001,0,0,0.1464,0.1503,0.1464,0.1503,1
0.6073,0.6073,0.6073,0,1.8219,1.8219,0,0.6073,0.6073,0.6073,1.2146,0,0.6073,0.6073,0.6073,0.6073,1.2146,0.6073,0.6073,0.6073,0,0,0,0,0.0001,0.0001,0,0,0,0,0.0001,0,0,0,0,0,0.0001,0,0,0,0.2183,0.1744,0.2183,0.1744,1
1.1483,0,1.1483,0.5741,0.5741,3.4448,0,0.5741,0,1.1483,0.5741,0,1.1483,0,0.5741,0,1.1483,0.5741,0.5741,0,0.0001,0,0.0001,0,0,0.0003,0,0,0,0.0001,0,0,0.0001,0,0,0,0.0001,0,0,0,0.2191,0.2068,0.2191,0.2068,1
0,0.598,0.598,0.598,0,1.196,1.196,0,1.794,0,0,0,1.196,0.598,4.784,0,1.196,0,0,0,0,0.0001,0.0001,0.0001,0,0.0001,0.0001,0,0.0002,0,0,0,0.0001,0.0001,0.0006,0,0.0001,0,0,0,0.1903,0.2117,0.1903,0.2117,1
0,0.571,0,0,0.571,1.7129,0,0,1.1419,0,1.1419,0,0.571,0.571,2.2838,0,1.1419,0,0,0,0,0.0001,0,0,0.0001,0.0002,0,0,0.0001,0,0.0001,0,0.0001,0.0001,0.0002,0,0.0001,0,0,0,0.2266,0.2024,0.2266,0.2024,1
0,0,0.4479,3.5833,0,0,0,1.3437,1.7916,1.3437,0,0.4479,0,0.8958,0.4479,0.4479,0,0,0.8958,0,0,0,0,0.0003,0,0,0,0.0001,0.0001,0.0001,0,0,0,0.0001,0,0,0,0,0.0001,0,0.2597,0.2924,0.2597,0.2924,1
0.6125,0.6125,0.6125,0.6125,0,1.225,0.6125,0,0,1.225,0,0,1.225,0.6125,1.8376,0,0,0,0.6125,0.6125,0.0001,0.0001,0.0001,0.0001,0,0.0001,0.0001,0,0,0.0001,0,0,0.0001,0.0001,0.0002,0,0,0,0.0001,0.0001,0.1477,0.2398,0.1477,0.2398,1
0,0.5357,0.5357,0.5357,0,0.5357,1.0714,0,1.607,2.1427,0.5357,0.5357,3.2141,0,1.0714,0.5357,0,0.5357,0,0.5357,0,0,0,0,0,0,0.0001,0,0.0001,0.0002,0,0,0.0002,0,0.0001,0,0,0,0,0,0.2269,0.2374,0.2269,0.2374,1
0.7646,0,0,0.7646,0,0,0,0,3.0585,1.5293,0,0,0,0,0,0,0.7646,2.2939,0,0.7646,0.0002,0,0,0.0002,0,0,0,0,0.0007,0.0003,0,0,0,0,0,0,0.0002,0.0005,0,0.0002,0.1032,0.1322,0.1032,0.1322,1
1.1416,0,0,0.5708,0.5708,1.7124,1.1416,0.5708,1.1416,3.4248,0,0,1.1416,0,0,0.5708,0,2.2832,0,0,0.0001,0,0,0,0,0.0001,0.0001,0,0.0001,0.0003,0,0,0.0001,0,0,0,0,0.0002,0,0,0.1798,0.2494,0.1798,0.2494,1
0,0,0,0,0,3.3665,2.0199,0,0,0,0,0.6733,0,0.6733,0,0.6733,0,1.3466,0,0,0,0,0,0,0,0.0005,0.0003,0,0,0,0,0.0001,0,0.0001,0,0.0001,0,0.0002,0,0,0.1726,0.1541,0.1726,0.1541,1
0,0,0.4786,0,0,0.4786,0.4786,0,1.4358,5.2646,0,0,1.4358,0.4786,0.9572,0.4786,0.4786,0,0,0,0,0,0,0,0,0,0,0,0.0001,0.0005,0,0,0.0001,0,0.0001,0,0,0,0,0,0.234,0.2874,0.234,0.2874,1
1.5336,1.5336,1.0224,0,0.5112,1.0224,1.5336,0,1.0224,0.5112,1.0224,0,0,0,0,1.0224,2.556,0,0,0,0.0001,0.0001,0.0001,0,0,0.0001,0.0001,0,0.0001,0,0.0001,0,0,0,0,0.0001,0.0002,0,0,0,0.2171,0.2717,0.2171,0.2717,1
3.9208,0,0,0,0,0.7842,0,0.7842,1.5683,2.3525,0.7842,0.7842,1.5683,0,1.5683,0,0,1.5683,0,0,0.0005,0,0,0,0,0.0001,0,0.0001,0.0002,0.0003,0.0001,0.0001,0.0002,0,0.0002,0,0,0.0002,0,0,0.096,0.1199,0.096,0.1199,1
0.613,1.226,1.226,0,0.613,0,0.613,0.613,1.839,0,0,0,0,0,0,0.613,3.065,0.613,0,0,0.0001,0.0001,0.0001,0,0.0001,0,0.0001,0.0001,0.0002,0,0,0,0,0,0,0.0001,0.0003,0.0001,0,0,0.1918,0.1952,0.1918,0.1952,1
0.8504,0,0,0,2.5512,0,0,0,3.4017,3.4017,0,0,0.8504,0,0,0,0,0,0,0,0.0002,0,0,0,0.0006,0,0,0,0.0008,0.0008,0,0,0.0002,0,0,0,0,0,0,0,0.052,0.0976,0.052,0.0976,1
0.6786,1.3571,0.6786,1.3571,0,1.3571,0,0,0.6786,1.3571,0,0.6786,0.6786,0,0.6786,0,0.6786,0,0,0,0,0.0001,0,0.0001,0,0.0001,0,0,0,0.0001,0,0,0,0,0,0,0,0,0,0,0.1587,0.1628,0.1587,0.1628,1
2.5467,0.6367,0.6367,0.6367,0,1.2734,0.6367,0,1.2734,0,0.6367,0,0,0.6367,2.5467,0.6367,0.6367,0.6367,0,0,0.0002,0.0001,0.0001,0.0001,0,0.0001,0.0001,0,0.0001,0,0.0001,0,0,0.0001,0.0002,0.0001,0.0001,0.0001,0,0,0.1416,0.2217,0.1416,0.2217,1
2.5803,0.6451,0.6451,1.2902,0,1.2902,0.6451,1.2902,0,0.6451,0,0.6451,1.2902,0,0,1.9353,0,0.6451,0,0,0.0002,0,0,0.0001,0,0.0001,0,0.0001,0,0,0,0,0.0001,0,0,0.0001,0,0,0,0,0.177,0.178,0.177,0.178,1
0.5305,0.5305,0.5305,0,0,1.5915,1.061,1.061,2.6525,1.061,1.061,0,1.061,0,0,0,2.122,0.5305,0,1.061,0,0,0,0,0,0.0001,0.0001,0.0001,0.0002,0.0001,0.0001,0,0.0001,0,0,0,0.0002,0,0,0.0001,0.2632,0.2063,0.2632,0.2063,1
2.4167,0,0,1.2083,0,2.4167,0,0.6042,0,0.6042,0,0,3.0209,0,1.2083,0,0.6042,2.4167,0,0.6042,0.0003,0,0,0.0001,0,0.0003,0,0.0001,0,0.0001,0,0,0.0003,0,0.0001,0,0.0001,0.0003,0,0.0001,0.2379,0.1579,0.2379,0.1579,1
0.4816,0,0.4816,0,0,1.4447,0.9631,0.4816,1.4447,0.4816,0.4816,0.4816,1.4447,0,3.3709,0,0.4816,0.4816,0.4816,0,0,0,0,0,0,0.0001,0.0001,0,0.0001,0,0,0,0.0001,0,0.0003,0,0,0,0,0,0.2763,0.2422,0.2763,0.2422,1
4.3133,4.3133,0,0,0,1.7253,0,0,0,0.8627,3.4507,0,0.8627,0,0,0,1.7253,0.8627,0,0,0.0002,0.0002,0,0,0,0.0001,0,0,0,0,0.0001,0,0,0,0,0,0.0001,0,0,0,0.0751,0.0622,0.0751,0.0622,1
1.3843,2.7686,0.6922,0,1.3843,2.7686,0,0,0,1.3843,0,0.6922,0,0,0,0.6922,0.6922,1.3843,0.6922,0.6922,0.0001,0.0001,0,0,0.0001,0.0001,0,0,0,0.0001,0,0,0,0,0,0,0,0.0001,0,0,0.1755,0.1323,0.1755,0.1323,1
0,0,0,0,1.7312,0,0,0,3.4625,3.4625,0,0,0.8656,0,0,0,0,1.7312,0,0,0,0,0,0,0.0005,0,0,0,0.001,0.001,0,0,0.0003,0,0,0,0,0.0005,0,0,0.0523,0.0821,0.0523,0.0821,1
1.277,0.6385,0,1.9155,0,0.6385,0,0.6385,0.6385,1.9155,0,0,0.6385,0,0,0,1.9155,0,0.6385,0,0.0001,0.0001,0,0.0002,0,0.0001,0,0.0001,0.0001,0.0002,0,0,0.0001,0,0,0,0.0002,0,0.0001,0,0.1969,0.1646,0.1969,0.1646,1
1.3712,0.6856,0,1.3712,0,4.1137,0,0,0,3.4281,0,0,0,0,0,1.3712,2.0569,0.6856,0,0,0.0001,0.0001,0,0.0001,0,0.0003,0,0,0,0.0003,0,0,0,0,0,0.0001,0.0002,0.0001,0,0,0.1522,0.1622,0.1522,0.1622,1
2.2576,0.5644,0,1.1288,0,0,1.6932,2.2576,0.5644,1.1288,0,0,1.1288,0,0,1.1288,1.1288,1.1288,0,0,0.0002,0,0,0.0001,0,0,0.0001,0.0002,0,0.0001,0,0,0.0001,0,0,0.0001,0.0001,0.0001,0,0,0.1955,0.2401,0.1955,0.2401,1
1.8146,1.2097,1.2097,0,1.2097,0.6049,0,1.2097,0.6049,0.6049,0,0,0.6049,0,1.2097,1.2097,0,1.2097,0,0,0.0001,0.0001,0.0001,0,0.0001,0,0,0.0001,0,0,0,0,0,0,0.0001,0.0001,0,0.0001,0,0,0.2094,0.1858,0.2094,0.1858,1
0,0.6721,1.3442,0.6721,0.6721,0,0,2.0163,0,1.3442,0.6721,0.6721,0.6721,0,0,2.0163,0,0,0,0,0,0,0.0001,0,0,0,0,0.0001,0,0.0001,0,0,0,0,0,0.0001,0,0,0,0,0.1724,0.1555,0.1724,0.1555,1
0.5617,0,0,0.5617,2.2468,1.1234,0,0,0.5617,0.5617,0.5617,1.1234,0.5617,0,0.5617,0,1.1234,0.5617,0.5617,0.5617,0.0001,0,0,0.0001,0.0002,0.0001,0,0,0.0001,0.0001,0.0001,0.0001,0.0001,0,0.0001,0,0.0001,0.0001,0.0001,0.0001,0.2068,0.2315,0.2068,0.2315,1
1.3549,0.6774,0.6774,0,0,0,0,0.6774,0.6774,0.6774,0.6774,0.6774,2.0323,0,1.3549,0,0.6774,0,0,0,0.0001,0.0001,0.0001,0,0,0,0,0.0001,0.0001,0.0001,0.0001,0.0001,0.0002,0,0.0001,0,0.0001,0,0,0,0.1834,0.1391,0.1834,0.1391,1
0,0.4759,0,0.9518,0.4759,0.4759,0,1.4278,2.8555,0,2.3796,0.9518,0.4759,1.9037,0,0,0.4759,0.4759,0.4759,0,0,0,0,0.0001,0,0,0,0.0001,0.0002,0,0.0002,0.0001,0,0.0001,0,0,0,0,0,0,0.2417,0.2823,0.2417,0.2823,1
4.3284,0,0,0,0,0,0,0,2.1642,3.607,0,0,1.4428,0,1.4428,0,0,1.4428,0,0,0.0006,0,0,0,0,0,0,0,0.0003,0.0005,0,0,0.0002,0,0.0002,0,0,0.0002,0,0,0.1278,0.1508,0.1278,0.1508,1
2.1818,0,0,0,0,0,0,0.7273,4.3635,0,0,0,0,0,0,0,0.7273,1.4545,0,0.7273,0.0005,0,0,0,0,0,0,0.0002,0.0009,0,0,0,0,0,0,0,0.0002,0.0003,0,0.0002,0.1049,0.1678,0.1049,0.1678,1
0,0,0,0,0.7115,0,0,0.7115,1.4231,0,0,0,0,0.7115,1.4231,0.7115,0,0.7115,0.7115,0,0,0,0,0,0.0001,0,0,0.0001,0.0003,0,0,0,0,0.0001,0.0003,0.0001,0,0.0001,0.0001,0,0.2051,0.0834,0.2051,0.0834,1
3.424,0,0,0,0,0.4891,0,0,2.4457,2.9348,0,0.9783,0,0,0,0.9783,0.9783,1.4674,0.4891,0,0.0002,0,0,0,0,0,0,0,0.0002,0.0002,0,0.0001,0,0,0,0.0001,0.0001,0.0001,0,0,0.2413,0.2696,0.2413,0.2696,1
3.7301,0,1.492,0.746,0,0,0.746,0,0,1.492,0,0,0,0,0,0.746,0.746,2.2381,0,0,0.0005,0,0.0002,0.0001,0,0,0.0001,0,0,0.0002,0,0,0,0,0,0.0001,0.0001,0.0003,0,0,0.1028,0.1512,0.1028,0.1512,1
3.1705,0,1.5853,0,0.7926,0,0,0,0,1.5853,0,0,0,0,0,0.7926,0.7926,0.7926,0,0.7926,0.0004,0,0.0002,0,0.0001,0,0,0,0,0.0002,0,0,0,0,0,0.0001,0.0001,0.0001,0,0.0001,0.1485,0.0589,0.1485,0.0589,1
1.1822,0,1.1822,1.1822,0.5911,0.5911,0,0.5911,0,0.5911,0,0,0,1.1822,0.5911,0,0,0.5911,0,0.5911,0.0001,0,0.0001,0.0001,0.0001,0.0001,0,0.0001,0,0.0001,0,0,0,0.0001,0.0001,0,0,0.0001,0,0.0001,0.1859,0.223,0.1859,0.223,1
1.2298,0,0,0.6149,0,1.8447,0.6149,0,0.6149,1.2298,0,0,0,0,1.8447,0,1.8447,0.6149,0,0,0.0002,0,0,0.0001,0,0.0002,0.0001,0,0.0001,0.0002,0,0,0,0,0.0002,0,0.0002,0.0001,0,0,0.1893,0.1958,0.1893,0.1958,1
0,0.7559,0,0,0,1.5119,0,0,0.7559,1.5119,0,0,0.7559,0.7559,0,0.7559,0,0.7559,2.2678,0,0,0.0001,0,0,0,0.0001,0,0,0.0001,0.0001,0,0,0.0001,0.0001,0,0.0001,0,0.0001,0.0002,0,0.1096,0.1345,0.1096,0.1345,1
0,0.5351,2.1404,0,0.5351,0,0,1.0702,0.5351,1.0702,0,0,0,0.5351,0,1.0702,0,0.5351,1.6053,0,0,0,0.0001,0,0,0,0,0.0001,0,0.0001,0,0,0,0,0,0.0001,0,0,0.0001,0,0.2164,0.2485,0.2164,0.2485,1
1.2411,0,0,1.2411,1.8617,0,0,1.8617,1.2411,0.6206,0,0.6206,1.8617,0,0,0.6206,0,0.6206,0,0.6206,0.0001,0,0,0.0001,0.0002,0,0,0.0002,0.0001,0.0001,0,0.0001,0.0002,0,0,0.0001,0,0.0001,0,0.0001,0.2333,0.1461,0.2333,0.1461,1
0.5989,1.7967,0,0,0.5989,0.5989,1.1978,1.1978,1.1978,0,0,0,0,0,6.5877,0,0.5989,1.7967,0,0.5989,0,0.0001,0,0,0,0,0.0001,0.0001,0.0001,0,0,0,0,0,0.0004,0,0,0.0001,0,0,0.1882,0.2129,0.1882,0.2129,1
1.1632,0,0.5816,1.1632,0.5816,0.5816,0,0.5816,1.1632,0,0,0,0.5816,0,1.1632,0.5816,0,0.5816,0,0,0.0001,0,0.0001,0.0001,0.0001,0.0001,0,0.0001,0.0001,0,0,0,0.0001,0,0.0001,0.0001,0,0.0001,0,0,0.2676,0.1508,0.2676,0.1508,1
0.5324,1.0648,0,0,0,1.0648,0,0,1.0648,0.5324,0,1.0648,1.0648,0,2.662,0,1.0648,0.5324,0,0,0,0.0001,0,0,0,0.0001,0,0,0.0001,0,0,0.0001,0.0001,0,0.0002,0,0.0001,0,0,0,0.1923,0.2753,0.1923,0.2753,1
0.6097,0.6097,0,0,0,1.8292,0,1.2194,0.6097,0,2.4389,0,1.2194,0,1.8292,1.2194,0,0,0,0,0,0,0,0,0,0.0001,0,0.0001,0,0,0.0002,0,0.0001,0,0.0001,0.0001,0,0,0,0,0.1898,0.2005,0.1898,0.2005,1
1.2459,1.2459,0,0.623,1.2459,0.623,0,0,0.623,0.623,0.623,0.623,0,0,1.2459,0,2.4919,1.2459,0,0.623,0.0001,0.0001,0,0,0.0001,0,0,0,0,0,0,0,0,0,0.0001,0,0.0002,0.0001,0,0,0.1876,0.1895,0.1876,0.1895,1
0.4538,0,1.3613,2.2689,0.4538,0,0.4538,0.9075,0.4538,1.8151,0.4538,2.2689,0,0.4538,0,0.4538,0.4538,0.4538,0,0.9075,0,0,0.0001,0.0001,0,0,0,0.0001,0,0.0001,0,0.0001,0,0,0,0,0,0,0,0.0001,0.2634,0.2828,0.2634,0.2828,1
1.2024,0,0.6012,0,0.6012,0,0,1.2024,1.2024,0.6012,0,1.2024,0.6012,0,0,1.8036,0.6012,1.2024,1.2024,0,0.0001,0,0,0,0,0,0,0.0001,0.0001,0,0,0.0001,0,0,0,0.0001,0,0.0001,0.0001,0,0.1806,0.2182,0.1806,0.2182,1
0,0,0.4837,0,0.4837,0.4837,0,0,2.4184,2.4184,0,0.4837,0.4837,0,0.9674,0,0,0.4837,0.4837,0.4837,0,0,0,0,0,0,0,0,0.0002,0.0002,0,0,0,0,0.0001,0,0,0,0,0,0.2361,0.2802,0.2361,0.2802,1
0,0,0,0,1.0107,0.5054,0.5054,1.5161,0.5054,1.0107,0,0,0,0,2.5268,0.5054,0.5054,0,0,0,0,0,0,0,0.0001,0.0001,0.0001,0.0002,0.0001,0.0001,0,0,0,0,0.0004,0.0001,0.0001,0,0,0,0.2304,0.2642,0.2304,0.2642,1
2.0036,0.5009,1.5027,1.0018,0.5009,0,0,0,1.5027,1.0018,0.5009,0,0,0.5009,1.5027,0.5009,1.0018,1.0018,0,0,0.0001,0,0.0001,0.0001,0,0,0,0,0.0001,0.0001,0,0,0,0,0.0001,0,0.0001,0.0001,0,0,0.2728,0.2263,0.2728,0.2263,1
0,0,0,0,1.2879,0.6439,0.6439,0.6439,0,1.9318,0,0,0,1.2879,5.7954,0,0,1.2879,0,0,0,0,0,0,0.0002,0.0001,0.0001,0.0001,0,0.0003,0,0,0,0.0002,0.0009,0,0,0.0002,0,0,0.1814,0.1746,0.1814,0.1746,1
0,1.0197,1.0197,0.5098,0.5098,1.0197,0,1.5295,0.5098,0,0,0,0,0,1.5295,1.0197,2.5492,2.0393,0.5098,0,0,0.0001,0.0001,0,0,0.0001,0,0.0001,0,0,0,0,0,0,0.0001,0.0001,0.0002,0.0001,0,0,0.2469,0.2433,0.2469,0.2433,1
1.7163,0,0,0,0.8581,0.8581,0,0.8581,0,5.1488,0,0,0,0,0,0,0,0,2.5744,0.8581,0.0003,0,0,0,0.0001,0.0001,0,0.0001,0,0.0009,0,0,0,0,0,0,0,0,0.0004,0.0001,0.0813,0.0605,0.0813,0.0605,1
0.5679,0.5679,0.5679,0.5679,1.1358,1.7037,0,0,0.5679,1.1358,0,0.5679,2.8395,0,0,0.5679,1.1358,1.1358,1.1358,0,0,0,0,0,0.0001,0.0001,0,0,0,0.0001,0,0,0.0002,0,0,0,0.0001,0.0001,0.0001,0,0.2206,0.2115,0.2206,0.2115,1
1.0808,1.0808,0,0,1.6212,0,0.5404,1.0808,0.5404,2.7021,0,0,2.7021,0,1.6212,0.5404,1.0808,1.0808,0.5404,0,0.0001,0.0001,0,0,0.0001,0,0,0.0001,0,0.0002,0,0,0.0002,0,0.0001,0,0.0001,0.0001,0,0,0.2542,0.2054,0.2542,0.2054,1
0.8912,0,0,0.8912,0,0.4456,0,1.3367,3.5646,0,0,0.8912,0.4456,0.4456,0.4456,0.8912,0.4456,1.7823,0,0,0.0001,0,0,0.0001,0,0,0,0.0001,0.0003,0,0,0.0001,0,0,0,0.0001,0,0.0002,0,0,0.259,0.2954,0.259,0.2954,1
0,0.61,0,0.61,1.22,0.61,0.61,1.22,0,1.8299,0,1.8299,0,1.8299,1.22,0,0,0.61,0,0,0,0.0001,0,0.0001,0.0001,0.0001,0.0001,0.0001,0,0.0002,0,0.0002,0,0.0002,0.0001,0,0,0.0001,0,0,0.1888,0.2013,0.1888,0.2013,1
1.4409,0,0,0,0,0,0,0,4.3227,0,0,0,0,0,0,0,0.7204,2.8818,0,0.7204,0.0003,0,0,0,0,0,0,0,0.001,0,0,0,0,0,0,0,0.0002,0.0007,0,0.0002,0.099,0.1806,0.099,0.1806,1
0,0,0,0,1.9619,0.4905,0,0.4905,2.9428,0.4905,0,0,0.4905,0,1.4714,0.4905,0,0,0,0,0,0,0,0,0.0003,0.0001,0,0.0001,0.0004,0.0001,0,0,0.0001,0,0.0002,0.0001,0,0,0,0,0.2302,0.2793,0.2302,0.2793,1
0,0,0.5608,0.5608,2.2431,0.5608,0.5608,0,1.1216,0,0,2.2431,2.2431,0,0.5608,0.5608,0,0.5608,0,0,0,0,0.0001,0.0001,0.0002,0.0001,0.0001,0,0.0001,0,0,0.0002,0.0002,0,0.0001,0.0001,0,0.0001,0,0,0.2723,0.1669,0.2723,0.1669,1
0,0,0,0,1.2879,0.6439,0.6439,1.2879,0,1.9318,0,0,0,1.2879,5.7954,0,0,0.6439,0,0,0,0,0,0,0.0002,0.0001,0.0001,0.0002,0,0.0003,0,0,0,0.0002,0.0009,0,0,0.0001,0,0,0.1814,0.1746,0.1814,0.1746,1
0.5655,0,0,0,0.5655,1.6966,0,0.5655,1.1311,0,0,0,1.1311,0,4.5244,0,0,0.5655,0,0,0.0001,0,0,0,0.0001,0.0002,0,0.0001,0.0002,0,0,0,0.0002,0,0.0006,0,0,0.0001,0,0,0.2322,0.2022,0.2322,0.2022,1
1.5457,0,1.5457,0,0,0,0.7729,0,0,0.7729,0,0,0,0,0,0.7729,1.5457,3.0915,0,0.7729,0.0003,0,0.0003,0,0,0,0.0001,0,0,0.0001,0,0,0,0,0,0.0001,0.0003,0.0006,0,0.0001,0.1096,0.1175,0.1096,0.1175,1
2.474,0,0,0,1.6494,1.6494,0,0.8247,0,2.474,0.8247,0.8247,0,0,0,0,0.8247,1.6494,0,0,0.0003,0,0,0,0.0002,0.0002,0,0.0001,0,0.0003,0.0001,0.0001,0,0,0,0,0.0001,0.0002,0,0,0.0831,0.0922,0.0831,0.0922,1
0.4774,0.9548,0.4774,0,0.4774,1.9096,0.4774,0.9548,0.4774,0.4774,0.4774,0,0.4774,0,2.8643,0.4774,0,0.9548,0,1.4322,0,0.0001,0,0,0,0.0001,0,0.0001,0,0,0,0,0,0,0.0002,0,0,0.0001,0,0.0001,0.2326,0.29,0.2326,0.29,1
0,0.6114,0,0.6114,0.6114,1.8341,0.6114,0.6114,0,1.2227,0.6114,0,2.4454,0,3.0568,0,1.8341,0,0,0.6114,0,0,0,0,0,0.0001,0,0,0,0.0001,0,0,0.0002,0,0.0002,0,0.0001,0,0,0,0.2383,0.1503,0.2383,0.1503,1
0.5024,0,1.0048,1.0048,0.5024,0,0,0.5024,2.5119,1.0048,0,1.0048,0,0,0,1.0048,0.5024,1.5071,0,0,0,0,0.0001,0.0001,0,0,0,0,0.0002,0.0001,0,0.0001,0,0,0,0.0001,0,0.0001,0,0,0.2487,0.2489,0.2487,0.2489,1
0,0.5349,0,0,0.5349,0.5349,0,0,0.5349,1.6048,0.5349,0.5349,0.5349,0,2.1397,0.5349,0,0.5349,0.5349,0.5349,0,0,0,0,0,0,0,0,0,0.0001,0,0,0,0,0.0002,0,0,0,0,0,0.2325,0.2325,0.2325,0.2325,1
0.4622,0,0,3.6975,0,0,0.4622,0.4622,2.7731,1.3865,0,0.9244,0,0.4622,0.4622,0,0,0,0.4622,0.4622,0.0001,0,0,0.0004,0,0,0.0001,0.0001,0.0003,0.0002,0,0.0001,0,0.0001,0.0001,0,0,0,0.0001,0.0001,0.2471,0.2907,0.2471,0.2907,1
1.7012,0.5671,0,1.1342,0,0.5671,0,0,0.5671,0.5671,0,0.5671,1.1342,0,5.1037,1.1342,1.1342,1.7012,0,0,0.0001,0,0,0.0001,0,0,0,0,0,0,0,0,0.0001,0,0.0004,0.0001,0.0001,0.0001,0,0,0.2619,0.1711,0.2619,0.1711,1
1.3336,0,0,0,0,2.6671,1.3336,0,0.6668,0,0,0.6668,0,0,0,0.6668,0,0.6668,0.6668,0,0.0002,0,0,0,0,0.0003,0.0002,0,0.0001,0,0,0.0001,0,0,0,0.0001,0,0.0001,0.0001,0,0.1804,0.1529,0.1804,0.1529,1
1.1285,0,0.5643,0.5643,0,0,0.5643,1.1285,1.1285,0.5643,0.5643,0,0,0.5643,1.1285,0,1.1285,1.1285,0,0,0.0002,0,0.0001,0.0001,0,0,0.0001,0.0002,0.0002,0.0001,0.0001,0,0,0.0001,0.0002,0,0.0002,0.0002,0,0,0.2355,0.2003,0.2355,0.2003,1
0,0.5279,1.0559,1.0559,0,2.1118,0.5279,0.5279,0,2.1118,0,0.5279,1.0559,0,0.5279,0,0,0.5279,0,1.0559,0,0,0.0001,0.0001,0,0.0002,0,0,0,0.0002,0,0,0.0001,0,0,0,0,0,0,0.0001,0.2624,0.2096,0.2624,0.2096,1
2.1007,0,0.5252,0,0,1.5755,0,0,2.6259,1.0504,0.5252,1.0504,0.5252,0.5252,0,1.5755,2.1007,1.0504,0,0.5252,0.0002,0,0,0,0,0.0001,0,0,0.0002,0.0001,0,0.0001,0,0,0,0.0001,0.0002,0.0001,0,0,0.2491,0.2257,0.2491,0.2257,1
1.5625,0,0,0,0,0,0.7813,0,3.1251,0.7813,0,0,0,0,0,0,0,3.1251,0,0.7813,0.0005,0,0,0,0,0,0.0002,0,0.0009,0.0002,0,0,0,0,0,0,0,0.0009,0,0.0002,0.0882,0.1305,0.0882,0.1305,1
1.5234,0,0.7617,0,0,0,0,0,3.0469,0.7617,0,0,0,0,0,0,0.7617,2.2851,0,0.7617,0.0003,0,0.0001,0,0,0,0,0,0.0005,0.0001,0,0,0,0,0,0,0.0001,0.0004,0,0.0001,0.1084,0.1299,0.1084,0.1299,1
0.6768,3.384,0,0,0.6768,2.7072,0,0,0.6768,0.6768,0,1.3536,0,0,0,1.3536,5.4145,2.0304,0,1.3536,0,0.0001,0,0,0,0.0001,0,0,0,0,0,0.0001,0,0,0,0.0001,0.0002,0.0001,0,0.0001,0.1873,0.1359,0.1873,0.1359,1
0.6997,0.6997,0.6997,0.6997,0,0,0,0,0,0.6997,0,0.6997,0,0,0.6997,0,1.3993,0,0,0.6997,0.0001,0.0001,0.0001,0.0001,0,0,0,0,0,0.0001,0,0.0001,0,0,0.0001,0,0.0001,0,0,0.0001,0.1495,0.1509,0.1495,0.1509,1
0,0.6062,0.6062,1.2123,1.2123,1.8185,0.6062,0,1.2123,0,0.6062,0.6062,0.6062,0,0.6062,0.6062,0,0.6062,0,0,0,0,0,0.0001,0.0001,0.0001,0,0,0.0001,0,0,0,0,0,0,0,0,0,0,0,0.1937,0.2001,0.1937,0.2001,1
0.6119,0.6119,0.6119,0.6119,0.6119,0.6119,0.6119,1.2239,1.2239,0,0.6119,0.6119,0.6119,0,1.2239,0,1.8358,0.6119,0,0.6119,0,0,0,0,0,0,0,0.0001,0.0001,0,0,0,0,0,0.0001,0,0.0001,0,0,0,0.2037,0.1844,0.2037,0.1844,1
0,0,0.4973,0,0.4973,0.4973,0,0,1.4918,2.4864,0.4973,0,0,0.9945,1.4918,0,0.4973,0.4973,0,0,0,0,0.0001,0,0.0001,0.0001,0,0,0.0002,0.0003,0.0001,0,0,0.0001,0.0002,0,0.0001,0.0001,0,0,0.2359,0.2668,0.2359,0.2668,1
0.4797,0,0.4797,0.4797,0,1.9186,0,0,0.4797,0.4797,0,0.4797,0.4797,0,3.3576,0.4797,1.439,1.439,0.4797,0.4797,0,0,0,0,0,0.0002,0,0,0,0,0,0,0,0,0.0003,0,0.0001,0.0001,0,0,0.2616,0.2587,0.2616,0.2587,1
0.6712,0,0,0,3.3561,0.6712,0.6712,0.6712,2.0137,0,0.6712,0,0,0,3.3561,0,0,1.3425,0.6712,0,0.0001,0,0,0,0.0005,0.0001,0.0001,0.0001,0.0003,0,0.0001,0,0,0,0.0005,0,0,0.0002,0.0001,0,0.1504,0.1784,0.1504,0.1784,1
0,0,0,0,0,0.7482,0,0,0,1.4963,0.7482,0,5.9853,0,0,0,0.7482,2.2445,3.7408,0,0,0,0,0,0,0.0001,0,0,0,0.0001,0.0001,0,0.0005,0,0,0,0.0001,0.0002,0.0003,0,0.168,0.0838,0.168,0.0838,1
0.7051,0,0,0.7051,0,0,0,1.4101,0.7051,1.4101,2.1152,0.7051,0.7051,0.7051,0,0.7051,0.7051,1.4101,0,0,0.0001,0,0,0.0001,0,0,0,0.0001,0.0001,0.0001,0.0002,0.0001,0.0001,0.0001,0,0.0001,0.0001,0.0001,0,0,0.1548,0.1401,0.1548,0.1401,1
0.4444,0,0.4444,2.6665,0,0,0,1.3333,2.6665,0.4444,0.4444,0,0,0,0,0,1.3333,0,0.8888,0.4444,0,0,0,0.0002,0,0,0,0.0001,0.0002,0,0,0,0,0,0,0,0.0001,0,0.0001,0,0.2397,0.3159,0.2397,0.3159,1
1.229,0,0.6145,0,0,1.229,0,0,0.6145,1.229,1.229,1.229,0.6145,0,0.6145,0.6145,2.4579,0,0.6145,0.6145,0.0001,0,0,0,0,0.0001,0,0,0,0.0001,0.0001,0.0001,0,0,0,0,0.0002,0,0,0,0.2003,0.1852,0.2003,0.1852,1
0.4292,0.4292,0.8583,0,0.4292,1.2875,0.8583,0.8583,1.2875,0.8583,0,0,0.4292,0,0.8583,0.4292,0.8583,1.7166,0.4292,0,0,0,0.0001,0,0,0.0001,0.0001,0.0001,0.0001,0.0001,0,0,0,0,0.0001,0,0.0001,0.0001,0,0,0.2666,0.3043,0.2666,0.3043,1
0.5509,1.6527,0.5509,0,0,0.5509,0,0.5509,1.6527,0.5509,0.5509,0,0.5509,0,2.2036,1.1018,1.1018,1.6527,0,0.5509,0,0.0001,0,0,0,0,0,0,0.0001,0,0,0,0,0,0.0001,0.0001,0.0001,0.0001,0,0,0.2272,0.2219,0.2272,0.2219,1
1.1691,0,1.1691,0.5846,0.5846,0,0.5846,0.5846,1.7537,0.5846,0,0.5846,1.1691,0.5846,2.3382,1.1691,0,0.5846,0,0,0.0001,0,0.0001,0.0001,0.0001,0,0.0001,0.0001,0.0002,0.0001,0,0.0001,0.0001,0.0001,0.0003,0.0001,0,0.0001,0,0,0.1993,0.2161,0.1993,0.2161,1
1.581,0,1.054,0,0,0.527,1.054,0.527,0.527,1.054,0.527,1.054,0,0,1.581,1.054,0,0.527,0,0,0.0001,0,0.0001,0,0,0,0.0001,0,0,0.0001,0,0.0001,0,0,0.0001,0.0001,0,0,0,0,0.2113,0.2617,0.2113,0.2617,1
0,0,0,0,0,0,0,0,3.3901,1.6951,0,0,0.8475,0,0,0,0.8475,3.3901,0,0.8475,0,0,0,0,0,0,0,0,0.0009,0.0005,0,0,0.0002,0,0,0,0.0002,0.0009,0,0.0002,0.0594,0.093,0.0594,0.093,1
0.5454,1.6361,0,0.5454,0,0,0.5454,0,1.0907,0,1.0907,0.5454,0.5454,0,1.0907,0,1.6361,0,0,0,0,0.0001,0,0,0,0,0,0,0.0001,0,0.0001,0,0,0,0.0001,0,0.0001,0,0,0,0.2205,0.2341,0.2205,0.2341,1
1.9056,0.6352,0,0.6352,0.6352,1.2704,0,1.2704,0,0.6352,0,1.2704,1.2704,0.6352,0.6352,0.6352,0.6352,0.6352,0,0.6352,0.0001,0,0,0,0,0.0001,0,0.0001,0,0,0,0.0001,0.0001,0,0,0,0,0,0,0,0.1843,0.1805,0.1843,0.1805,1
0.5159,0,1.5478,0,0.5159,0,0.5159,1.0319,0.5159,2.0638,0,0,0.5159,0.5159,0.5159,1.0319,0.5159,0,1.0319,0,0,0,0.0001,0,0,0,0,0.0001,0,0.0001,0,0,0,0,0,0.0001,0,0,0.0001,0,0.2384,0.2456,0.2384,0.2456,1
0.5771,0,1.1543,0.5771,0,0.5771,0,0,1.7314,1.1543,0.5771,0,1.1543,0,0.5771,0,0,1.1543,0,0,0.0001,0,0.0001,0.0001,0,0.0001,0,0,0.0002,0.0001,0.0001,0,0.0001,0,0.0001,0,0,0.0001,0,0,0.2423,0.1806,0.2423,0.1806,1
0,0,0.5667,0,0,1.1333,0,0.5667,2.2667,1.7,0.5667,0.5667,0.5667,0,1.7,0.5667,0,1.1333,0,0.5667,0,0,0.0001,0,0,0.0001,0,0.0001,0.0002,0.0002,0.0001,0.0001,0.0001,0,0.0002,0.0001,0,0.0001,0,0.0001,0.2271,0.2062,0.2271,0.2062,1
0.6194,0,0.6194,0.6194,2.4775,0,0.6194,0,1.2387,0,0,1.8581,1.8581,0,0,0.6194,0,0,0,0,0.0001,0,0.0001,0.0001,0.0002,0,0.0001,0,0.0001,0,0,0.0002,0.0002,0,0,0.0001,0,0,0,0,0.2334,0.1473,0.2334,0.1473,1
0.6615,0,0,1.9845,0,1.323,0,0,0.6615,3.3074,0,0.6615,0,0,0.6615,0,1.323,0,0,0,0.0001,0,0,0.0002,0,0.0001,0,0,0.0001,0.0003,0,0.0001,0,0,0.0001,0,0.0001,0,0,0,0.1322,0.2063,0.1322,0.2063,1
0.7345,0,0,0,0,0.7345,0,1.4689,1.4689,0,0.7345,0,0,0,1.4689,0.7345,0.7345,0.7345,0,0,0.0001,0,0,0,0,0.0001,0,0.0003,0.0003,0,0.0001,0,0,0,0.0003,0.0001,0.0001,0.0001,0,0,0.1539,0.1117,0.1539,0.1117,1
0,0,0.4213,2.5277,0,0,0,1.2638,2.5277,0.4213,0,0.4213,0,1.2638,0.4213,0.8426,0.4213,0,1.2638,0.8426,0,0,0,0.0002,0,0,0,0.0001,0.0002,0,0,0,0,0.0001,0,0.0001,0,0,0.0001,0.0001,0.2501,0.3286,0.2501,0.3286,1
0.6219,0.6219,0.6219,1.2439,0,2.4878,0,0.6219,0,1.8658,0,0.6219,1.2439,0.6219,0.6219,0.6219,0,0.6219,0,0.6219,0.0001,0.0001,0.0001,0.0001,0,0.0002,0,0.0001,0,0.0002,0,0.0001,0.0001,0.0001,0.0001,0.0001,0,0.0001,0,0.0001,0.2109,0.1671,0.2109,0.1671,1
1.9586,0,1.3057,0,0.6529,0.6529,0,0,0.6529,1.9586,0.6529,0.6529,1.3057,0.6529,0.6529,0,0.6529,1.9586,0,0,0.0002,0,0.0001,0,0.0001,0.0001,0,0,0.0001,0.0002,0.0001,0.0001,0.0001,0.0001,0.0001,0,0.0001,0.0002,0,0,0.1974,0.1498,0.1974,0.1498,1
1.0553,0,0.5276,0.5276,0.5276,3.1659,0.5276,0,0.5276,1.5829,0,0.5276,0,0.5276,1.5829,0,0,0.5276,0.5276,0,0.0001,0,0,0,0,0.0003,0,0,0,0.0001,0,0,0,0,0.0001,0,0,0,0,0,0.2348,0.2376,0.2348,0.2376,1
0,0,0.5658,0.5658,0.5658,1.6973,0.5658,0,0,1.1315,0.5658,1.1315,0.5658,0,2.2631,0.5658,0,0,0,0,0,0,0.0001,0.0001,0.0001,0.0002,0.0001,0,0,0.0001,0.0001,0.0001,0.0001,0,0.0002,0.0001,0,0,0,0,0.2259,0.2083,0.2259,0.2083,1
0,0,0.6303,0.6303,0,0.6303,0.6303,0.6303,1.2607,0,0,1.2607,0,0.6303,0,1.2607,1.2607,0,0.6303,0,0,0,0.0001,0.0001,0,0.0001,0.0001,0.0001,0.0002,0,0,0.0002,0,0.0001,0,0.0002,0.0002,0,0.0001,0,0.1728,0.1969,0.1728,0.1969,1
1.0777,0.5389,0.5389,0.5389,0.5389,0.5389,0,0.5389,1.0777,1.0777,0.5389,1.0777,0.5389,1.0777,0.5389,1.0777,0,1.0777,0,1.0777,0.0001,0,0,0,0,0,0,0,0.0001,0.0001,0,0.0001,0,0.0001,0,0.0001,0,0.0001,0,0.0001,0.2252,0.236,0.2252,0.236,1
1.5357,0,0.5119,0,0,0.5119,0.5119,2.0476,1.5357,1.0238,1.0238,1.0238,0,0,0.5119,1.0238,0,0.5119,0.5119,0,0.0001,0,0,0,0,0,0,0.0001,0.0001,0.0001,0.0001,0.0001,0,0,0,0.0001,0,0,0,0,0.229,0.2591,0.229,0.2591,1
0.4938,0,0,0.4938,1.4813,0.4938,0,0,0.9875,1.975,0.4938,0,0,0,1.975,0,0,0.9875,0,0.4938,0.0001,0,0,0.0001,0.0002,0.0001,0,0,0.0001,0.0003,0.0001,0,0,0,0.0003,0,0,0.0001,0,0.0001,0.2344,0.2719,0.2344,0.2719,1
0.6797,0.6797,0.6797,0,0,1.3595,0,0.6797,0.6797,2.719,0,0,0,0,0,0.6797,0,1.3595,1.3595,0,0,0,0,0,0,0.0001,0,0,0,0.0002,0,0,0,0,0,0,0,0.0001,0.0001,0,0.1683,0.1519,0.1683,0.1519,1
0.5583,0,0,1.1166,2.2332,0,0,0.5583,1.6749,2.2332,0.5583,1.1166,0.5583,0.5583,2.2332,0,1.1166,0,0,0,0.0001,0,0,0.0001,0.0002,0,0,0.0001,0.0002,0.0002,0.0001,0.0001,0.0001,0.0001,0.0002,0,0.0001,0,0,0,0.2174,0.2243,0.2174,0.2243,1
1.1563,0,0.5782,0,0,1.7345,0.5782,0,0.5782,1.7345,0.5782,0,0,0,1.1563,0.5782,0,0,0,0,0.0001,0,0.0001,0,0,0.0002,0.0001,0,0.0001,0.0002,0.0001,0,0,0,0.0001,0.0001,0,0,0,0,0.2155,0.2064,0.2155,0.2064,1
0,0,1.0995,0,0,1.6492,0,0,0,1.0995,0,2.1989,0.5497,0,2.1989,0,0,1.0995,0,0,0,0,0.0001,0,0,0.0001,0,0,0,0.0001,0,0.0002,0,0,0.0002,0,0,0.0001,0,0,0.2276,0.2226,0.2276,0.2226,1
0.4721,0.4721,1.4164,0.4721,0.4721,0.9443,0,0.9443,0.4721,0.9443,0.4721,0,0.4721,0,1.4164,0.4721,0,0,1.4164,0,0,0,0.0001,0,0,0.0001,0,0.0001,0,0.0001,0,0,0,0,0.0001,0,0,0,0.0001,0,0.3223,0.2055,0.3223,0.2055,1
1.828,0.6093,0,0.6093,1.2186,2.4373,0,0.6093,0.6093,0,0,0.6093,1.828,0,1.828,0,0.6093,1.2186,0,0,0.0002,0.0001,0,0.0001,0.0001,0.0002,0,0.0001,0.0001,0,0,0.0001,0.0002,0,0.0002,0,0.0001,0.0001,0,0,0.1809,0.2098,0.1809,0.2098,1
0.685,0,0,0,0,0,0,0,2.0551,0,0.685,0.685,0.685,0,2.7402,0,0.685,0,0,0,0.0002,0,0,0,0,0,0,0,0.0005,0,0.0002,0.0002,0.0002,0,0.0006,0,0.0002,0,0,0,0.1839,0.131,0.1839,0.131,1
0.5846,0,0.5846,0,0,2.3382,0.5846,1.1691,1.7537,0.5846,0.5846,1.1691,0,0,0,1.1691,1.7537,0.5846,0,0,0.0001,0,0.0001,0,0,0.0002,0.0001,0.0001,0.0002,0.0001,0.0001,0.0001,0,0,0,0.0001,0.0002,0.0001,0,0,0.1869,0.2286,0.1869,0.2286,1
1.0948,0.5474,0.5474,0.5474,0.5474,0,1.0948,0,0,1.0948,0,0.5474,4.3792,0,2.1896,0,0.5474,2.1896,0,1.0948,0.0001,0,0,0,0,0,0.0001,0,0,0.0001,0,0,0.0003,0,0.0002,0,0,0.0002,0,0.0001,0.2452,0.2073,0.2452,0.2073,1
1.201,0,0.6005,0,0,1.8015,0,0,0.6005,1.8015,0.6005,0.6005,0,0,1.201,0.6005,0,0,0,0,0.0001,0,0.0001,0,0,0.0002,0,0,0.0001,0.0002,0.0001,0.0001,0,0,0.0001,0.0001,0,0,0,0,0.2203,0.1792,0.2203,0.1792,1
1.1844,0.5922,1.7766,0,0,0,0.5922,1.1844,0,0.5922,0,1.7766,1.1844,0,0.5922,0.5922,1.1844,0.5922,0,0.5922,0.0001,0,0.0001,0,0,0,0,0.0001,0,0,0,0.0001,0.0001,0,0,0,0.0001,0,0,0,0.2128,0.195,0.2128,0.195,1
0.8583,0,0,0,0.8583,0,0,0,3.4333,2.575,0,0,0.8583,0,0,0,0.8583,1.7167,0,0,0.0002,0,0,0,0.0002,0,0,0,0.0009,0.0007,0,0,0.0002,0,0,0,0.0002,0.0005,0,0,0.0504,0.0913,0.0504,0.0913,1
0.4472,0.4472,0,0,0.4472,1.3417,0,0.4472,0,0,0.8944,0,0.8944,0,3.1305,1.3417,0.8944,2.2361,0,0,0,0,0,0,0,0.0001,0,0,0,0,0.0001,0,0.0001,0,0.0003,0.0001,0.0001,0.0002,0,0,0.265,0.2877,0.265,0.2877,1
2.3278,0,0,0,1.5519,0,0,0.7759,2.3278,2.3278,0,0,0,0,0,0,0.7759,0.7759,0,0,0.0004,0,0,0,0.0003,0,0,0.0001,0.0004,0.0004,0,0,0,0,0,0,0.0001,0.0001,0,0,0.1226,0.1015,0.1226,0.1015,1
2.6901,0,0,0,0,1.345,0,0,1.7934,2.6901,0,0.8967,0,0,0.8967,0,0.4483,0.8967,0.4483,0.8967,0.0002,0,0,0,0,0.0001,0,0,0.0001,0.0002,0,0.0001,0,0,0.0001,0,0,0.0001,0,0.0001,0.2427,0.3089,0.2427,0.3089,1
0,0.4732,1.4195,2.3658,0,0.9463,0,0.9463,0.9463,1.4195,0.9463,0.4732,0,0,0.4732,0.4732,0,0.9463,0,0.4732,0,0,0.0001,0.0002,0,0.0001,0,0.0001,0.0001,0.0001,0.0001,0,0,0,0,0,0,0.0001,0,0,0.2859,0.2409,0.2859,0.2409,1
0.5721,0.5721,0.5721,0.5721,0.5721,1.7162,0,0,0,2.2882,0,0.5721,0,0,1.1441,0,0.5721,0,0,1.1441,0,0,0,0,0,0.0001,0,0,0,0.0002,0,0,0,0,0.0001,0,0,0,0,0.0001,0.2066,0.2214,0.2066,0.2214,1
0.6452,1.2905,0.6452,0.6452,0,1.9357,1.2905,0.6452,0,1.9357,0,1.2905,0,0,0,0,0.6452,1.9357,0,0,0,0.0001,0,0,0,0.0001,0.0001,0,0,0.0001,0,0.0001,0,0,0,0,0,0.0001,0,0,0.1449,0.2098,0.1449,0.2098,1
0,0.4906,0.4906,1.4719,0.4906,0,0,0,1.4719,0,0,0.9812,0.9812,0,0.4906,0.9812,0.9812,0.4906,1.4719,0,0,0,0,0.0001,0,0,0,0,0.0001,0,0,0.0001,0.0001,0,0,0.0001,0.0001,0,0.0001,0,0.2838,0.2256,0.2838,0.2256,1
1.1483,0,0,0.5741,0,0.5741,0.5741,0.5741,1.7224,0,1.1483,0,1.1483,1.7224,0,1.7224,2.2965,0.5741,0,1.1483,0.0001,0,0,0.0001,0,0.0001,0.0001,0.0001,0.0002,0,0.0001,0,0.0001,0.0002,0,0.0002,0.0002,0.0001,0,0.0001,0.2423,0.1835,0.2423,0.1835,1
0,0,0,0.6099,0.6099,2.4394,0.6099,0,0,0,1.2197,1.2197,1.8296,1.8296,1.8296,0,0.6099,0.6099,0.6099,0.6099,0,0,0,0.0001,0.0001,0.0003,0.0001,0,0,0,0.0001,0.0001,0.0002,0.0002,0.0002,0,0.0001,0.0001,0.0001,0.0001,0.194,0.1961,0.194,0.1961,1
2.5152,0,0,0,0,0,0,0,1.6768,2.5152,0,0,0.8384,0.8384,1.6768,0,0.8384,1.6768,0,0,0.0005,0,0,0,0,0,0,0,0.0004,0.0005,0,0,0.0002,0.0002,0.0004,0,0.0002,0.0004,0,0,0.0686,0.093,0.0686,0.093,1
1.2335,0.6168,1.8503,0.6168,0.6168,1.2335,0.6168,0.6168,0.6168,0.6168,1.2335,1.2335,0.6168,0,0,0.6168,0,0.6168,0,0,0.0001,0.0001,0.0002,0.0001,0.0001,0.0001,0.0001,0.0001,0.0001,0.0001,0.0001,0.0001,0.0001,0,0,0.0001,0,0.0001,0,0,0.1747,0.2085,0.1747,0.2085,1
2.1308,0.5327,1.0654,0,1.0654,0,0,0,1.5981,1.0654,1.5981,0.5327,1.5981,1.5981,0.5327,0.5327,0.5327,1.0654,0,0,0.0001,0,0.0001,0,0.0001,0,0,0,0.0001,0.0001,0.0001,0,0.0001,0.0001,0,0,0,0.0001,0,0,0.2522,0.2151,0.2522,0.2151,1
0.6927,0.6927,0.6927,0,0,0,0.6927,0,1.3854,0,2.7707,1.3854,1.3854,0,0,0,0,0,0,0.6927,0.0001,0.0001,0.0001,0,0,0,0.0001,0,0.0001,0,0.0003,0.0001,0.0001,0,0,0,0,0,0,0.0001,0.1587,0.1486,0.1587,0.1486,1
0,3.8103,0.635,0.635,0.635,3.1752,0.635,0,0,0.635,0,0.635,3.1752,0,0,0,3.1752,1.9051,0,0,0,0.0001,0,0,0,0.0001,0,0,0,0,0,0,0.0001,0,0,0,0.0001,0.0001,0,0,0.1901,0.1749,0.1901,0.1749,1
1.2455,0.8303,0.4152,0,0.4152,1.2455,1.2455,0,2.491,1.2455,0.8303,0.4152,0,0.4152,0.4152,0,0,0.4152,0.4152,0,0.0001,0.0001,0,0,0,0.0001,0.0001,0,0.0002,0.0001,0.0001,0,0,0,0,0,0,0,0,0,0.2576,0.3272,0.2576,0.3272,1
0,0.6686,1.3373,0.6686,0.6686,0,0.6686,2.0059,0,0.6686,1.3373,0,0.6686,0,0,2.0059,0,0,0,0,0,0.0001,0.0001,0.0001,0.0001,0,0.0001,0.0002,0,0.0001,0.0001,0,0.0001,0,0,0.0002,0,0,0,0,0.1656,0.1658,0.1656,0.1658,1
0,1.5393,1.5393,1.0262,0,0,0.5131,1.0262,2.0524,1.0262,1.0262,1.5393,1.5393,1.5393,0,0,0.5131,0,0.5131,0,0,0.0001,0.0001,0.0001,0,0,0,0.0001,0.0001,0.0001,0.0001,0.0001,0.0001,0.0001,0,0,0,0,0,0,0.2378,0.2491,0.2378,0.2491,1
0.6943,0,0.6943,0.6943,0.6943,1.3887,0,0.6943,0,1.3887,0,0.6943,0.6943,0,0,0,5.5547,0.6943,0,0,0.0001,0,0.0001,0.0001,0.0001,0.0001,0,0.0001,0,0.0001,0,0.0001,0.0001,0,0,0,0.0006,0.0001,0,0,0.1697,0.136,0.1697,0.136,1
0,1.3913,1.3913,0,1.3913,1.3913,0,0,0.6956,2.0869,0,0.6956,0,0,0.6956,0,0,0.6956,0.6956,0,0,0.0001,0.0001,0,0.0001,0.0001,0,0,0,0.0001,0,0,0,0,0,0,0,0,0,0,0.13,0.1744,0.13,0.1744,1
1.4818,0,0,0,0,0.7409,0.7409,0,2.9637,0.7409,0.7409,0.7409,0,0,0,0,0,2.2227,0,0,0.0002,0,0,0,0,0.0001,0.0001,0,0.0005,0.0001,0.0001,0.0001,0,0,0,0,0,0.0004,0,0,0.1214,0.1377,0.1214,0.1377,1
0.5588,0.5588,1.1177,0.5588,0,1.6765,0,0.5588,1.1177,1.1177,0,1.1177,0,0,0.5588,1.6765,0,0,0,0.5588,0,0,0.0001,0,0,0.0001,0,0,0.0001,0.0001,0,0.0001,0,0,0,0.0001,0,0,0,0,0.2044,0.2368,0.2044,0.2368,1
0.735,0,0,0,0,0,0,0,2.2049,0.735,0,0,0.735,0.735,7.3497,0,0,0,0.735,0,0.0002,0,0,0,0,0,0,0,0.0005,0.0002,0,0,0.0002,0.0002,0.0017,0,0,0,0.0002,0,0.1141,0.151,0.1141,0.151,1
1.3767,0,0,0,0,0,0.6884,0,3.4419,0,0,0,0,0,0,0,2.0651,1.3767,0,1.3767,0.0003,0,0,0,0,0,0.0001,0,0.0007,0,0,0,0,0,0,0,0.0004,0.0003,0,0.0003,0.182,0.1296,0.182,0.1296,1
1.6877,0,0,0,0,0,0,0,1.6877,0.8439,0,0,0.8439,0.8439,1.6877,0,0.8439,2.5316,0,0,0.0004,0,0,0,0,0,0,0,0.0004,0.0002,0,0,0.0002,0.0002,0.0004,0,0.0002,0.0006,0,0,0.0532,0.1029,0.0532,0.1029,1
0,0,0.6492,0.6492,0.6492,1.2985,0,0.6492,0,0,0.6492,0,1.2985,0.6492,0.6492,0.6492,1.9477,0,0.6492,0,0,0,0.0001,0.0001,0.0001,0.0001,0,0.0001,0,0,0.0001,0,0.0001,0.0001,0.0001,0.0001,0.0002,0,0.0001,0,0.2126,0.1382,0.2126,0.1382,1
0.6365,0.6365,1.9094,0,0.6365,1.2729,0.6365,0.6365,0.6365,1.2729,1.2729,0.6365,0.6365,0,0,0,1.2729,0.6365,0,0,0,0,0.0001,0,0,0.0001,0,0,0,0.0001,0.0001,0,0,0,0,0,0.0001,0,0,0,0.1606,0.203,0.1606,0.203,1
0.934,0.467,0.467,0.934,0.934,0.467,0,0,0.934,0,0.467,0,0.467,0.467,1.868,0.934,0,1.868,0.467,0.934,0.0001,0,0,0.0001,0.0001,0,0,0,0.0001,0,0,0,0,0,0.0001,0.0001,0,0.0001,0,0.0001,0.3017,0.2313,0.3017,0.2313,1
0,0,0.6197,0.6197,0.6197,0,0.6197,0.6197,0,0.6197,1.2394,0,0.6197,1.2394,0.6197,0,1.8592,1.2394,0,0.6197,0,0,0.0001,0.0001,0.0001,0,0.0001,0.0001,0,0.0001,0.0001,0,0.0001,0.0001,0.0001,0,0.0002,0.0001,0,0.0001,0.2073,0.173,0.2073,0.173,1
0.4008,0,0.4008,3.6074,0,0,0,1.2025,2.8058,0.4008,0,0.4008,0,0.8017,0,0.4008,0.4008,0,0.8017,0.4008,0,0,0,0.0003,0,0,0,0.0001,0.0003,0,0,0,0,0.0001,0,0,0,0,0.0001,0,0.2554,0.3438,0.2554,0.3438,1
1.2922,0,0,0,0.6461,1.9383,0,0,0,1.9383,0,0.6461,0,0.6461,1.2922,0.6461,0.6461,1.2922,0,0,0.0001,0,0,0,0.0001,0.0002,0,0,0,0.0002,0,0.0001,0,0.0001,0.0001,0.0001,0.0001,0.0001,0,0,0.1609,0.193,0.1609,0.193,1
0,0,0,0,1.6814,0,0,0,3.3629,0.8407,0,0,0.8407,0,0,0,0.8407,2.5222,0,0.8407,0,0,0,0,0.0004,0,0,0,0.0009,0.0002,0,0,0.0002,0,0,0,0.0002,0.0007,0,0.0002,0.0578,0.1015,0.0578,0.1015,1
0.6032,0,0,0,1.2063,1.2063,0.6032,0,0.6032,1.2063,0,0,0.6032,0.6032,0.6032,0.6032,1.8095,1.2063,1.2063,0,0.0001,0,0,0,0.0001,0.0001,0.0001,0,0.0001,0.0001,0,0,0.0001,0.0001,0.0001,0.0001,0.0002,0.0001,0.0001,0,0.1689,0.2279,0.1689,0.2279,1
0,0,0.4514,3.1596,0,0,0,0.9027,2.7082,0.4514,0,0.4514,0,0,0,0.4514,0.4514,0.4514,0.9027,0.4514,0,0,0,0.0003,0,0,0,0.0001,0.0003,0,0,0,0,0,0,0,0,0,0.0001,0,0.2563,0.2923,0.2563,0.2923,1
0,0,0,0,0.67,1.34,1.34,0.67,0,2.01,0,0.67,0,0,0,0,0,0.67,1.34,0,0,0,0,0,0.0001,0.0001,0.0001,0.0001,0,0.0002,0,0.0001,0,0,0,0,0,0.0001,0.0001,0,0.1795,0.1505,0.1795,0.1505,1
0.5036,0.5036,0.5036,0,2.0144,0,2.0144,0.5036,0.5036,0,0,0,2.0144,0,1.5108,0.5036,1.0072,0.5036,0,0.5036,0,0,0,0,0.0002,0,0.0002,0,0,0,0,0,0.0002,0,0.0001,0,0.0001,0,0,0,0.2316,0.2648,0.2316,0.2648,1
0,0.5781,0.5781,0,1.1562,1.7343,0.5781,0,1.1562,1.7343,0,0.5781,1.1562,0,0,0,0.5781,0,0.5781,1.1562,0,0,0,0,0.0001,0.0001,0,0,0.0001,0.0001,0,0,0.0001,0,0,0,0,0,0,0.0001,0.2197,0.2022,0.2197,0.2022,1
0.5602,3.3613,0,0.5602,0,1.1204,0,1.1204,1.1204,0.5602,1.1204,0.5602,1.1204,0.5602,0.5602,1.6807,1.1204,0.5602,0.5602,0.5602,0,0.0001,0,0,0,0,0,0,0,0,0,0,0,0,0,0.0001,0,0,0,0,0.2065,0.2333,0.2065,0.2333,1
0.5327,0.5327,0,0,1.0653,0.5327,0.5327,0,0.5327,0.5327,0.5327,1.0653,1.598,0.5327,2.6634,1.598,0,1.0653,0,1.0653,0,0,0,0,0.0001,0,0,0,0,0,0,0.0001,0.0001,0,0.0002,0.0001,0,0.0001,0,0.0001,0.1991,0.2683,0.1991,0.2683,1
1.4261,2.8522,0.7131,0,0,0,1.4261,0,0,0,0,0,0.7131,0,1.4261,0.7131,1.4261,0.7131,0,0.7131,0.0001,0.0002,0,0,0,0,0.0001,0,0,0,0,0,0,0,0.0001,0,0.0001,0,0,0,0.1309,0.1561,0.1309,0.1561,1
1.4347,0,0,0,0.7173,0,0,0,1.4347,0.7173,0,0,0,0.7173,1.4347,0.7173,0.7173,0.7173,0,0,0.0003,0,0,0,0.0001,0,0,0,0.0003,0.0001,0,0,0,0.0001,0.0003,0.0001,0.0001,0.0001,0,0,0.1905,0.0922,0.1905,0.0922,1
0.7156,0,0,0,0,1.4313,0.7156,0,0.7156,1.4313,0,0.7156,1.4313,0.7156,2.1469,0.7156,0.7156,0,0,0,0.0001,0,0,0,0,0.0002,0.0001,0,0.0001,0.0002,0,0.0001,0.0002,0.0001,0.0004,0.0001,0.0001,0,0,0,0.1147,0.1697,0.1147,0.1697,1
1.2472,0,0,0.6236,0,0.6236,1.8709,0.6236,0.6236,2.4945,0,0,1.2472,0,0,1.8709,0,3.7417,0,0,0.0001,0,0,0,0,0,0.0001,0,0,0.0002,0,0,0.0001,0,0,0.0001,0,0.0003,0,0,0.1564,0.2199,0.1564,0.2199,1
2.467,0,0.8223,0,0.8223,0.8223,0,0.8223,0,0,1.6447,0,0,0,0,2.467,0,1.6447,0,0,0.0002,0,0.0001,0,0.0001,0.0001,0,0.0001,0,0,0.0001,0,0,0,0,0.0002,0,0.0001,0,0,0.0948,0.0829,0.0948,0.0829,1
0.7082,1.4163,0.7082,0.7082,0,0.7082,0,2.1245,0,0.7082,0.7082,1.4163,0,0,0,0.7082,0,2.8327,0,0,0,0.0001,0,0,0,0,0,0.0001,0,0,0,0.0001,0,0,0,0,0,0.0002,0,0,0.145,0.1469,0.145,0.1469,1
0,0,0,0,0.695,1.3901,0.695,1.3901,0,1.3901,0,1.3901,0,0,0,0,0,0.695,1.3901,0,0,0,0,0,0.0001,0.0001,0.0001,0.0001,0,0.0001,0,0.0001,0,0,0,0,0,0.0001,0.0001,0,0.153,0.1519,0.153,0.1519,1
2.2364,0.5591,0.5591,0,1.6773,2.2364,0,0.5591,1.1182,1.6773,0.5591,0.5591,2.2364,0,0,0.5591,1.1182,0.5591,0,0.5591,0.0001,0,0,0,0.0001,0.0001,0,0,0.0001,0.0001,0,0,0.0001,0,0,0,0.0001,0,0,0,0.1947,0.2462,0.1947,0.2462,1
1.2275,0.6138,1.8413,0.6138,0.6138,0,0,1.8413,0,1.2275,0,0.6138,0.6138,0,0,1.8413,0,0.6138,0,0,0.0001,0,0.0001,0,0,0,0,0.0001,0,0.0001,0,0,0,0,0,0.0001,0,0,0,0,0.2021,0.1841,0.2021,0.1841,1
0,1.7307,0,0,0.5769,2.3076,0,0,0,1.7307,0.5769,0,0,0,3.4614,0,0,0,0,0,0,0.0001,0,0,0,0.0002,0,0,0,0.0001,0,0,0,0,0.0002,0,0,0,0,0,0.1848,0.2383,0.1848,0.2383,1
0,0,0.5977,0,0.5977,0.5977,0.5977,1.1955,1.7932,0.5977,0.5977,0,0,0,0,0,0,0.5977,0.5977,0,0,0,0.0001,0,0.0001,0.0001,0.0001,0.0001,0.0002,0.0001,0.0001,0,0,0,0,0,0,0.0001,0.0001,0,0.1548,0.2474,0.1548,0.2474,1
2.7882,1.3941,0.6971,0.6971,0.6971,3.4853,0,0,0,2.0912,0.6971,0.6971,0.6971,0,0,0.6971,0.6971,0.6971,0,0,0.0002,0.0001,0,0,0,0.0002,0,0,0,0.0001,0,0,0,0,0,0,0,0,0,0,0.1526,0.1504,0.1526,0.1504,1
0.575,0.575,1.15,0,2.875,1.725,0,0.575,0.575,0,1.725,0.575,0.575,0.575,0,2.3,2.875,0.575,0,0,0,0,0.0001,0,0.0002,0.0001,0,0,0,0,0.0001,0,0,0,0,0.0001,0.0002,0,0,0,0.1903,0.2347,0.1903,0.2347,1
1.4504,0.9669,0,0,0.9669,0.4835,0,0.4835,1.4504,0.9669,0,0,0.4835,0.4835,2.4173,0.4835,0,0.9669,0.9669,0,0.0001,0.0001,0,0,0.0001,0,0,0,0.0001,0.0001,0,0,0,0,0.0002,0,0,0.0001,0.0001,0,0.2698,0.2468,0.2698,0.2468,1
3.6393,0,0,0,0.7279,0.7279,0,0,0.7279,1.4557,0,0,0,0,0.7279,0,0,0,0.7279,0,0.0006,0,0,0,0.0001,0.0001,0,0,0.0001,0.0002,0,0,0,0,0.0001,0,0,0,0.0001,0,0.1349,0.1372,0.1349,0.1372,1
0,0.5278,0,0,0.5278,0,0,0,1.5835,2.1113,0,0,0,0,1.5835,1.0556,0,0.5278,1.5835,0,0,0,0,0,0,0,0,0,0.0001,0.0002,0,0,0,0,0.0001,0.0001,0,0,0.0001,0,0.236,0.2362,0.236,0.2362,1
0.7247,0,0.7247,0,0.7247,0,0,1.4494,0,2.1741,0,1.4494,0,0,0.7247,1.4494,0,0.7247,0,0,0.0001,0,0.0001,0,0.0001,0,0,0.0001,0,0.0002,0,0.0001,0,0,0.0001,0.0001,0,0.0001,0,0,0.1305,0.1448,0.1305,0.1448,1
0.6331,0,0.6331,0,0,3.1657,0,0.6331,0.6331,5.0651,0,0,0.6331,0,0,0,0.6331,0.6331,0,0,0,0,0,0,0,0.0002,0,0,0,0.0004,0,0,0,0,0,0,0,0,0,0,0.1689,0.198,0.1689,0.198,1
0.698,2.0939,0,0,3.4899,1.396,0,0,0.698,0.698,0,0,0,0,0,0.698,2.7919,2.0939,0,0,0,0.0001,0,0,0.0002,0.0001,0,0,0,0,0,0,0,0,0,0,0.0001,0.0001,0,0,0.1504,0.1516,0.1504,0.1516,1
1.664,0,0,0,1.664,0,0,0,3.3281,0.832,0,0,0,0,0,0,0,2.4961,0,0.832,0.0004,0,0,0,0.0004,0,0,0,0.0008,0.0002,0,0,0,0,0,0,0,0.0006,0,0.0002,0.0626,0.1054,0.0626,0.1054,1
0,0.6241,1.8722,0,0,0,0.6241,1.2481,0.6241,0.6241,0.6241,1.2481,0,0,0,0.6241,0.6241,0,0.6241,0,0,0,0.0001,0,0,0,0,0.0001,0,0,0,0.0001,0,0,0,0,0,0,0,0,0.2103,0.1657,0.2103,0.1657,1
2.2772,0,1.5181,0,0.7591,0,0,0,0,0.7591,0,0,0,0,0.7591,2.2772,0,2.2772,0,0.7591,0.0002,0,0.0002,0,0.0001,0,0,0,0,0.0001,0,0,0,0,0.0001,0.0002,0,0.0002,0,0.0001,0.1315,0.1095,0.1315,0.1095,1
0,0,0,0,0,1.4501,0,0,0.9667,4.3502,0,0,0,0,2.4168,0,0,0,0,0,0,0,0,0,0,0.0002,0,0,0.0001,0.0005,0,0,0,0,0.0003,0,0,0,0,0,0.2147,0.302,0.2147,0.302,1
0,0,0.5526,1.1053,0,0.5526,0,0,2.2105,0,0.5526,0.5526,0.5526,0.5526,0.5526,0.5526,1.1053,0,1.1053,1.1053,0,0,0.0001,0.0001,0,0.0001,0,0,0.0002,0,0.0001,0.0001,0.0001,0.0001,0.0001,0.0001,0.0001,0,0.0001,0.0001,0.2447,0.2026,0.2447,0.2026,1
2.3303,0.5826,0,0,1.7477,1.7477,1.1652,0,0,1.7477,0,1.1652,0,0.5826,1.1652,1.1652,0.5826,0.5826,0,0,0.0002,0,0,0,0.0001,0.0001,0.0001,0,0,0.0001,0,0.0001,0,0,0.0001,0.0001,0,0,0,0,0.1991,0.2183,0.1991,0.2183,1
2.972,2.3776,0,0,0,2.972,1.1888,0.5944,0.5944,0,1.1888,0,0,0,0.5944,0,4.1608,0.5944,0,0,0.0001,0.0001,0,0,0,0.0001,0.0001,0,0,0,0.0001,0,0,0,0,0,0.0002,0,0,0,0.2153,0.1903,0.2153,0.1903,1
0.6713,0,0.6713,0.6713,0,2.014,0.6713,0.6713,0,0.6713,0.6713,0.6713,2.6853,0,1.3426,0,0,1.3426,0.6713,0,0.0001,0,0.0001,0.0001,0,0.0002,0.0001,0.0001,0,0.0001,0.0001,0.0001,0.0003,0,0.0001,0,0,0.0001,0.0001,0,0.155,0.1737,0.155,0.1737,1
0.6627,0.6627,1.3254,0,0.6627,0,0.6627,1.3254,0,1.9881,0,0.6627,1.3254,0,0,1.9881,0.6627,1.3254,0,0.6627,0,0,0.0001,0,0,0,0,0.0001,0,0.0001,0,0,0.0001,0,0,0.0001,0,0.0001,0,0,0.1783,0.159,0.1783,0.159,1
0,0,0,0.6025,0,0,0,0,0,0.6025,0,1.205,3.615,1.8075,1.8075,0,0,0,0.6025,0.6025,0,0,0,0.0001,0,0,0,0,0,0.0001,0,0.0001,0.0004,0.0002,0.0002,0,0,0,0.0001,0.0001,0.1987,0.1988,0.1987,0.1988,1
3.1616,0,0,0,0,2.5293,0.6323,0,0,1.2647,1.2647,1.2647,0.6323,0.6323,1.2647,0.6323,1.897,0.6323,0,0,0.0003,0,0,0,0,0.0003,0.0001,0,0,0.0001,0.0001,0.0001,0.0001,0.0001,0.0001,0.0001,0.0002,0.0001,0,0,0.1578,0.2099,0.1578,0.2099,1
1.2174,0,0,0.6087,0.6087,0.6087,1.2174,1.2174,1.2174,2.4347,0,0,1.2174,0,0,0,0,4.8695,0,0,0.0001,0,0,0.0001,0.0001,0.0001,0.0001,0.0001,0.0001,0.0003,0,0,0.0001,0,0,0,0,0.0005,0,0,0.1659,0.2254,0.1659,0.2254,1
0.4821,0.4821,0.4821,1.4463,0.9642,0.4821,0.9642,0.9642,0.9642,1.4463,0,0.4821,0.4821,0,2.4104,0,0.4821,0,0,0,0,0,0,0.0001,0.0001,0,0.0001,0.0001,0.0001,0.0001,0,0,0,0,0.0002,0,0,0,0,0,0.2595,0.2584,0.2595,0.2584,1
1.1138,0,0,0,0.5569,0,0.5569,0.5569,2.2276,0.5569,0,0,0,0,1.6707,1.1138,1.6707,1.1138,0.5569,0,0.0001,0,0,0,0.0001,0,0.0001,0.0001,0.0003,0.0001,0,0,0,0,0.0002,0.0001,0.0002,0.0001,0.0001,0,0.2588,0.1843,0.2588,0.1843,1
0.5524,0.5524,0,0,0,0,0.5524,0.5524,1.6571,0,1.1047,0.5524,1.1047,0,1.6571,0,1.1047,1.6571,0.5524,0,0.0001,0.0001,0,0,0,0,0.0001,0.0001,0.0002,0,0.0001,0.0001,0.0001,0,0.0002,0,0.0001,0.0002,0.0001,0,0.2091,0.2386,0.2091,0.2386,1
1.8375,0.6125,1.225,0.6125,0.6125,1.8375,0,1.8375,0,0,1.225,0,0,0,0,3.0626,3.0626,1.8375,0,0.6125,0.0001,0,0.0001,0,0,0.0001,0,0.0001,0,0,0.0001,0,0,0,0,0.0002,0.0002,0.0001,0,0,0.184,0.2035,0.184,0.2035,1
1.091,0.5455,2.1821,0,0.5455,0,0.5455,1.091,0.5455,2.1821,0,0,0,0,0.5455,0.5455,1.091,1.091,0,0,0.0001,0,0.0001,0,0,0,0,0.0001,0,0.0001,0,0,0,0,0,0,0.0001,0.0001,0,0,0.1964,0.258,0.1964,0.258,1
2.408,0,0.602,0,0.602,0,1.204,0,0.602,1.204,0,0.602,0,0,0,1.204,1.806,0,0,0.602,0.0002,0,0.0001,0,0.0001,0,0.0001,0,0.0001,0.0001,0,0.0001,0,0,0,0.0001,0.0002,0,0,0.0001,0.1979,0.2001,0.1979,0.2001,1
1.2069,0,0,0,1.2069,1.2069,0,1.2069,1.2069,0.6034,0,0.6034,3.0171,0,1.2069,0.6034,1.2069,0,0,2.4137,0.0001,0,0,0,0.0001,0.0001,0,0.0001,0.0001,0.0001,0,0.0001,0.0003,0,0.0001,0.0001,0.0001,0,0,0.0002,0.1877,0.2089,0.1877,0.2089,1
1.5087,2.5146,0,1.0058,0.5029,1.5087,0,0.5029,0,2.0116,0.5029,0,0.5029,0,2.0116,1.0058,0,0,0.5029,1.0058,0.0001,0.0001,0,0,0,0.0001,0,0,0,0.0001,0,0,0,0,0.0001,0,0,0,0,0,0.2392,0.2579,0.2392,0.2579,1
2.4209,0,0,0,1.4525,0,0.9684,0,1.4525,0,0,0,0,0,2.9051,0,0.4842,0,0,1.4525,0.0003,0,0,0,0.0002,0,0.0001,0,0.0002,0,0,0,0,0,0.0004,0,0.0001,0,0,0.0002,0.2286,0.2872,0.2286,0.2872,1
1.1133,0.5567,1.67,0.5567,0.5567,0.5567,0,0.5567,1.1133,1.67,0,1.1133,0.5567,0,0,0.5567,0.5567,0,0,0.5567,0.0001,0,0.0001,0,0,0,0,0,0.0001,0.0001,0,0.0001,0,0,0,0,0,0,0,0,0.2206,0.2227,0.2206,0.2227,1
2.6977,0,0.6744,0.6744,0,0,0,0,0.6744,0,1.3488,0.6744,0,0,0,0,0.6744,2.0232,0,0.6744,0.0003,0,0.0001,0.0001,0,0,0,0,0.0001,0,0.0002,0.0001,0,0,0,0,0.0001,0.0002,0,0.0001,0.1766,0.1489,0.1766,0.1489,1
0.5479,0,0,0,0.5479,0.5479,0,0,1.6437,1.0958,0.5479,0.5479,0,0,2.1916,0,0,0,1.0958,0,0.0001,0,0,0,0.0001,0.0001,0,0,0.0002,0.0001,0.0001,0.0001,0,0,0.0003,0,0,0,0.0001,0,0.2682,0.1839,0.2682,0.1839,1
0,0.5584,0,0.5584,0,0,0,0,1.6751,0,0,0.5584,0.5584,1.1167,3.3501,1.1167,0,0.5584,0.5584,0,0,0.0001,0,0.0001,0,0,0,0,0.0002,0,0,0.0001,0.0001,0.0001,0.0004,0.0001,0,0.0001,0.0001,0,0.1938,0.2479,0.1938,0.2479,1
1.2677,0.6339,1.2677,1.2677,0.6339,0,0,0.6339,0,1.2677,0.6339,0,1.2677,0,1.2677,0.6339,0.6339,0,0,0,0.0001,0.0001,0.0001,0.0001,0.0001,0,0,0.0001,0,0.0001,0.0001,0,0.0001,0,0.0001,0.0001,0.0001,0,0,0,0.1953,0.1709,0.1953,0.1709,1
0,0,0,0,0,0,0,0,3.414,1.707,0,0,0,0,0,0,0.8535,4.2675,0,0.8535,0,0,0,0,0,0,0,0,0.0012,0.0006,0,0,0,0,0,0,0.0003,0.0015,0,0.0003,0.0592,0.0873,0.0592,0.0873,1
0,0,1.3859,0,2.0788,0,0,0.6929,0.6929,0.6929,0,0.6929,0.6929,0.6929,2.0788,0,0,0.6929,0,0,0,0,0.0002,0,0.0002,0,0,0.0001,0.0001,0.0001,0,0.0001,0.0001,0.0001,0.0002,0,0,0.0001,0,0,0.1499,0.1572,0.1499,0.1572,1
2.4948,0,0.499,0.499,0.499,1.4969,0,0.499,0.9979,0.499,0.499,0.499,0,0,0.9979,1.9959,0.499,0.9979,0.499,0.499,0.0002,0,0,0,0,0.0001,0,0,0.0001,0,0,0,0,0,0.0001,0.0001,0,0.0001,0,0,0.2613,0.2398,0.2613,0.2398,1
1.9607,0,0,0.6536,0.6536,0,0,0,3.2678,0.6536,0,0,0,0,1.3071,0,0.6536,1.3071,0,0.6536,0.0003,0,0,0.0001,0.0001,0,0,0,0.0005,0.0001,0,0,0,0,0.0002,0,0.0001,0.0002,0,0.0001,0.1963,0.1502,0.1963,0.1502,1
1.2927,0,1.9391,0,0,0,0,0.6464,0.6464,0.6464,0,1.2927,0,0,0.6464,0,1.2927,1.9391,0,0,0.0001,0,0.0002,0,0,0,0,0.0001,0.0001,0.0001,0,0.0001,0,0,0.0001,0,0.0001,0.0002,0,0,0.1483,0.2053,0.1483,0.2053,1
0.4843,0.4843,0.9686,0.9686,0,0.4843,0.4843,1.4529,2.4215,1.4529,0.9686,0.4843,0,0.4843,0.9686,1.4529,0.4843,0.4843,0,0,0,0,0.0001,0.0001,0,0,0,0.0001,0.0002,0.0001,0.0001,0,0,0,0.0001,0.0001,0,0,0,0,0.2744,0.2413,0.2744,0.2413,1
1.2704,0,0.6352,0.6352,0,0.6352,0,0,0,1.9056,0,0,0,0,0.6352,0,0.6352,0,1.2704,0,0.0001,0,0.0001,0.0001,0,0.0001,0,0,0,0.0002,0,0,0,0,0.0001,0,0.0001,0,0.0001,0,0.1567,0.2081,0.1567,0.2081,1
1.285,0,1.9275,0.6425,0.6425,0.6425,0,0,0.6425,0,0,0,0,0,0.6425,1.285,1.285,0.6425,0,0,0.0002,0,0.0002,0.0001,0.0001,0.0001,0,0,0.0001,0,0,0,0,0,0.0001,0.0002,0.0002,0.0001,0,0,0.1897,0.1678,0.1897,0.1678,1
0,0.5579,1.1158,0,1.1158,0,0.5579,1.1158,1.1158,0,0.5579,1.1158,0.5579,0.5579,1.6738,0,0,1.1158,0,0.5579,0,0,0.0001,0,0.0001,0,0,0.0001,0.0001,0,0,0.0001,0,0,0.0001,0,0,0.0001,0,0,0.214,0.2281,0.214,0.2281,1
2.2259,2.9678,0.742,0,0,3.7098,0,0.742,0,0.742,0,0.742,1.4839,0,0,0.742,4.4518,2.2259,0,0.742,0.0001,0.0001,0,0,0,0.0002,0,0,0,0,0,0,0.0001,0,0,0,0.0002,0.0001,0,0,0.1309,0.1272,0.1309,0.1272,1
1.4421,0.4807,0.9614,0,0,1.4421,0.4807,1.9229,1.4421,0.4807,0.4807,0.4807,0.4807,0,0.4807,0.4807,0.4807,1.9229,0,0,0.0001,0,0.0001,0,0,0.0001,0,0.0001,0.0001,0,0,0,0,0,0,0,0,0.0001,0,0,0.2767,0.2426,0.2767,0.2426,1
1.2569,0.6284,1.2569,0,0,0,0.6284,0.6284,0.6284,0,0,1.2569,0.6284,0,1.2569,0.6284,1.2569,0,0,0,0.0001,0.0001,0.0001,0,0,0,0.0001,0.0001,0.0001,0,0,0.0001,0.0001,0,0.0001,0.0001,0.0001,0,0,0,0.1796,0.1919,0.1796,0.1919,1
0.987,0,0.987,1.4805,0,0.4935,0.4935,1.974,1.4805,0.4935,0.987,0.4935,0,0.4935,0.4935,0.4935,1.4805,1.4805,0,0,0.0001,0,0.0001,0.0001,0,0,0,0.0001,0.0001,0,0.0001,0,0,0,0,0,0.0001,0.0001,0,0,0.3074,0.1991,0.3074,0.1991,1
1.4554,1.4554,0.7277,0,0,1.4554,0,0,1.4554,0.7277,0,0.7277,0,0,0,0,2.9109,0,0,0,0.0001,0.0001,0.0001,0,0,0.0001,0,0,0.0001,0.0001,0,0.0001,0,0,0,0,0.0002,0,0,0,0.1755,0.0968,0.1755,0.0968,1
0.4848,0,0,3.8785,0,0,0,0.4848,3.3937,1.9393,0,0.4848,0,0.9696,0,0,0,0,0,0,0.0001,0,0,0.0005,0,0,0,0.0001,0.0004,0.0002,0,0.0001,0,0.0001,0,0,0,0,0,0,0.2228,0.2924,0.2228,0.2924,1
0,0,0,0,0.7536,0,0,0,3.7681,0.7536,0,0,0,0,0,0,0.7536,3.0145,0,0.7536,0,0,0,0,0.0002,0,0,0,0.001,0.0002,0,0,0,0,0,0,0.0002,0.0008,0,0.0002,0.1202,0.1262,0.1202,0.1262,1
0,0,0.468,2.808,0,0,0,1.404,2.34,0.468,0.468,0,0,0,0.468,0,0.936,0,0.936,0.468,0,0,0,0.0003,0,0,0,0.0001,0.0002,0,0,0,0,0,0,0,0.0001,0,0.0001,0,0.2342,0.2978,0.2342,0.2978,1
0.5855,1.171,0,1.7564,0,0.5855,0,0.5855,0,1.171,0.5855,0.5855,1.171,0.5855,0.5855,0,1.7564,1.171,1.171,0,0,0.0001,0,0.0001,0,0,0,0,0,0.0001,0,0,0.0001,0,0,0,0.0001,0.0001,0.0001,0,0.2166,0.1979,0.2166,0.1979,1
0,0.5937,0,0.5937,0.5937,1.7811,0,0.5937,0.5937,2.3748,0,0.5937,0,0,1.1874,1.1874,0,1.7811,0,0,0,0,0,0,0,0.0001,0,0,0,0.0002,0,0,0,0,0.0001,0.0001,0,0.0001,0,0,0.2001,0.2062,0.2001,0.2062,1
0.7595,0,0,0,0,0.7595,0.7595,0.7595,0,2.2784,0,1.519,0,0,0.7595,0,0,0,0,0,0.0001,0,0,0,0,0.0001,0.0001,0.0001,0,0.0003,0,0.0002,0,0,0.0001,0,0,0,0,0,0.1061,0.1345,0.1061,0.1345,1
0,0,0.4897,0.4897,0.9793,0.4897,0,0,1.469,2.9379,0,0.4897,0,0.4897,1.469,0,0,0.4897,0,0,0,0,0,0,0.0001,0,0,0,0.0001,0.0003,0,0,0,0,0.0001,0,0,0,0,0,0.2329,0.2775,0.2329,0.2775,1
4.8097,0,0,0,0,0,0,0,1.6032,3.2065,0.8016,0,1.6032,0,1.6032,0,0.8016,1.6032,0,0,0.0007,0,0,0,0,0,0,0,0.0002,0.0005,0.0001,0,0.0002,0,0.0002,0,0.0001,0.0002,0,0,0.0871,0.1113,0.0871,0.1113,1
1.0416,0,0.5208,1.5625,0,0.5208,0.5208,1.5625,0,2.0833,0,2.0833,0,2.0833,0.5208,1.0416,0,0,0,0,0.0001,0,0,0.0001,0,0,0,0.0001,0,0.0002,0,0.0002,0,0.0002,0,0.0001,0,0,0,0,0.2468,0.2324,0.2468,0.2324,1
1.0906,3.2719,0,0.5453,0.5453,1.636,0,1.636,1.0906,0,0,1.0906,1.0906,0.5453,0.5453,0.5453,0.5453,1.0906,0.5453,0.5453,0,0.0001,0,0,0,0.0001,0,0.0001,0,0,0,0,0,0,0,0,0,0,0,0,0.2352,0.2195,0.2352,0.2195,1
0.509,0,0,1.018,0.509,0.509,0.509,1.527,1.018,3.054,0.509,0,1.527,0,0.509,1.018,0,1.527,0.509,0.509,0,0,0,0.0001,0,0,0,0.0001,0.0001,0.0003,0,0,0.0001,0,0,0.0001,0,0.0001,0,0,0.2347,0.2563,0.2347,0.2563,1
0,0.4496,1.3489,0.4496,0.8992,0,0,0.8992,0,0.8992,0,0,0.8992,0.4496,1.3489,1.3489,0.4496,0.4496,1.3489,0,0,0,0.0001,0,0.0001,0,0,0.0001,0,0.0001,0,0,0.0001,0,0.0001,0.0001,0,0,0.0001,0,0.272,0.2784,0.272,0.2784,1
0.5562,0,1.6685,0,0,0,0,2.7808,1.1123,0.5562,1.1123,0,0,0.5562,2.7808,0.5562,0.5562,1.1123,0.5562,0.5562,0.0001,0,0.0002,0,0,0,0,0.0003,0.0001,0.0001,0.0001,0,0,0.0001,0.0003,0.0001,0.0001,0.0001,0.0001,0.0001,0.2315,0.2124,0.2315,0.2124,1
1.3107,0,1.3107,0,0.6553,0,0.6553,0,0.6553,1.3107,0,0,0.6553,0,0.6553,0,0,0,0.6553,0,0.0002,0,0.0002,0,0.0001,0,0.0001,0,0.0001,0.0002,0,0,0.0001,0,0.0001,0,0,0,0.0001,0,0.186,0.1587,0.186,0.1587,1
1.0904,0,0,1.0904,0,1.6357,0.5452,1.6357,0,2.1809,0,2.1809,0,2.1809,1.0904,0.5452,0,0.5452,0,0,0.0001,0,0,0.0001,0,0.0001,0,0.0001,0,0.0002,0,0.0002,0,0.0002,0.0001,0,0,0,0,0,0.2092,0.2456,0.2092,0.2456,1
0,0.6423,0.6423,0.6423,0,0.6423,0,0.6423,0.6423,1.2846,0.6423,1.2846,0,0,0.6423,1.2846,0.6423,2.5692,0.6423,0,0,0,0,0,0,0,0,0,0,0.0001,0,0.0001,0,0,0,0.0001,0,0.0002,0,0,0.1765,0.1812,0.1765,0.1812,1
0,3.0501,0,0.61,0,2.4401,0,1.22,1.22,0.61,1.22,0.61,1.22,0,0,1.8301,0.61,1.8301,0.61,1.22,0,0.0001,0,0,0,0.0001,0,0,0,0,0,0,0,0,0,0.0001,0,0.0001,0,0,0.1961,0.1938,0.1961,0.1938,1
2.5584,0.6396,0,0,0.6396,0.6396,0,0.6396,1.2792,0.6396,0,0.6396,0,0,0.6396,0,0.6396,0,0.6396,0,0.0002,0.0001,0,0,0.0001,0.0001,0,0.0001,0.0001,0.0001,0,0.0001,0,0,0.0001,0,0.0001,0,0.0001,0,0.1531,0.2073,0.1531,0.2073,1
0.6313,0,0,1.2625,1.8938,0,0,1.2625,1.2625,0.6313,0.6313,0.6313,2.5251,0,0,0.6313,0,1.2625,0,0,0.0001,0,0,0.0001,0.0002,0,0,0.0001,0.0001,0.0001,0.0001,0.0001,0.0003,0,0,0.0001,0,0.0001,0,0,0.2285,0.1403,0.2285,0.1403,1
0.5641,1.1281,0,1.6922,0,0.5641,0,0,1.6922,0.5641,0.5641,0,1.1281,0.5641,1.1281,0,0,0.5641,0.5641,1.1281,0,0.0001,0,0.0001,0,0,0,0,0.0001,0,0,0,0.0001,0,0.0001,0,0,0,0,0.0001,0.2583,0.1776,0.2583,0.1776,1
0,0,0,0,0,1.3058,1.9588,0,1.9588,0,0,0.6529,0,0,0,0,0,2.6117,0,0,0,0,0,0,0,0.0002,0.0003,0,0.0003,0,0,0.0001,0,0,0,0,0,0.0004,0,0,0.2061,0.141,0.2061,0.141,1
1.5139,0,0,0,0,0,0,0.757,3.7849,0.757,0,0,0,0,0,0,0,2.2709,0,0.757,0.0004,0,0,0,0,0,0,0.0002,0.0009,0.0002,0,0,0,0,0,0,0,0.0006,0,0.0002,0.0995,0.1436,0.0995,0.1436,1
0,2.1263,0,0,1.4175,0.7088,1.4175,0.7088,0.7088,0,0,1.4175,0,0,0,1.4175,0.7088,0,0,0,0,0.0002,0,0,0.0001,0.0001,0.0001,0.0001,0.0001,0,0,0.0001,0,0,0,0.0001,0.0001,0,0,0,0.125,0.1662,0.125,0.1662,1
1.4748,0,0,0,0,0.7374,0.7374,0,0.7374,1.4748,1.4748,0,0,0,0,0,0.7374,0.7374,1.4748,1.4748,0.0003,0,0,0,0,0.0001,0.0001,0,0.0001,0.0003,0.0003,0,0,0,0,0,0.0001,0.0001,0.0003,0.0003,0.1113,0.1513,0.1113,0.1513,1
1.6833,0,0,0,0,0,0,0.8417,3.3667,0.8417,0,0,0,0,0,0,0.8417,2.525,0,0.8417,0.0005,0,0,0,0,0,0,0.0002,0.0009,0.0002,0,0,0,0,0,0,0.0002,0.0007,0,0.0002,0.0586,0.0997,0.0586,0.0997,1
0.6396,0.6396,0.6396,0,0.6396,0.6396,0.6396,1.9189,1.9189,0.6396,1.9189,0,0,0,3.8378,0,0.6396,3.1981,0,0,0,0,0,0,0,0,0,0.0001,0.0001,0,0.0001,0,0,0,0.0003,0,0,0.0002,0,0,0.1614,0.199,0.1614,0.199,1
0,0,0,0,0.8594,0,0,0,3.4378,1.7189,0,0,0.8594,0,0,0,0,3.4378,0,0.8594,0,0,0,0,0.0003,0,0,0,0.001,0.0005,0,0,0.0003,0,0,0,0,0.001,0,0.0003,0.0552,0.0854,0.0552,0.0854,1
0.6508,0,1.3015,0,0,1.3015,0,0,0.6508,3.9046,0,0.6508,0,0,0,0,0.6508,0.6508,0,0,0.0001,0,0.0001,0,0,0.0001,0,0,0.0001,0.0003,0,0.0001,0,0,0,0,0.0001,0.0001,0,0,0.1676,0.1817,0.1676,0.1817,1
0,0,0,0,0.6684,2.6734,0.6684,0,2.0051,0.6684,0,0,0,0,0,0.6684,0,1.3367,0,0,0,0,0,0,0.0001,0.0003,0.0001,0,0.0002,0.0001,0,0,0,0,0,0.0001,0,0.0002,0,0,0.1654,0.1663,0.1654,0.1663,1
3.0047,0,0,0,0,0,0,0.4292,3.8631,0,0,0,0,0,1.2877,0,0.4292,0.4292,0.4292,0,0.0004,0,0,0,0,0,0,0.0001,0.0005,0,0,0,0,0,0.0002,0,0.0001,0.0001,0.0001,0,0.2338,0.337,0.2338,0.337,1
0.6624,0,0.6624,0.6624,1.3247,0.6624,1.3247,0,0,1.3247,0.6624,0,0.6624,0,0,0.6624,1.3247,0.6624,0.6624,0.6624,0.0001,0,0.0001,0.0001,0.0001,0.0001,0.0001,0,0,0.0001,0.0001,0,0.0001,0,0,0.0001,0.0001,0.0001,0.0001,0.0001,0.166,0.1716,0.166,0.1716,1
0.8735,0,0.4368,0,1.3103,0.8735,0.8735,1.3103,1.747,0.4368,0,0.8735,0.4368,0,0.8735,0.4368,0.8735,0,1.3103,0.4368,0.0001,0,0,0,0.0001,0.0001,0.0001,0.0001,0.0001,0,0,0.0001,0,0,0.0001,0,0.0001,0,0.0001,0,0.2625,0.3007,0.2625,0.3007,1
1.9896,1.3264,0.6632,1.3264,0,2.6528,0,0.6632,0,1.9896,0,0.6632,0,0,0,1.3264,0,1.3264,0,0,0.0001,0.0001,0,0.0001,0,0.0002,0,0,0,0.0001,0,0,0,0,0,0.0001,0,0.0001,0,0,0.1623,0.1745,0.1623,0.1745,1
0.8645,0,0,0,2.5934,0,0,0,1.729,6.0514,0,0,0,0,1.729,0,0,0,0,0,0.0003,0,0,0,0.0009,0,0,0,0.0006,0.002,0,0,0,0,0.0006,0,0,0,0,0,0.0529,0.0827,0.0529,0.0827,1
0,0,0.516,0,0,0.516,1.5481,2.0641,0,0.516,0.516,0.516,1.0321,0.516,2.0641,0,1.0321,1.5481,0,0.516,0,0,0.0001,0,0,0.0001,0.0002,0.0002,0,0.0001,0.0001,0.0001,0.0001,0.0001,0.0002,0,0.0001,0.0002,0,0.0001,0.2919,0.1921,0.2919,0.1921,1
0,2.6035,0,0.6509,0.6509,3.2543,0,1.3017,0,0,1.3017,1.3017,1.3017,0,0.6509,0.6509,3.9052,1.3017,0.6509,0,0,0.0001,0,0,0,0.0001,0,0.0001,0,0,0.0001,0.0001,0.0001,0,0,0,0.0002,0.0001,0,0,0.1678,0.1813,0.1678,0.1813,1
0.9936,0,0.4968,0,0,0.9936,0.9936,0.9936,1.9873,0.4968,0,0.4968,1.9873,0.9936,0.4968,0,0.9936,0.4968,0,1.4905,0.0001,0,0.0001,0,0,0.0001,0.0001,0.0001,0.0002,0.0001,0,0.0001,0.0002,0.0001,0.0001,0,0.0001,0.0001,0,0.0002,0.2659,0.2373,0.2659,0.2373,1
2.3652,0,1.7739,0,0,0.5913,0,1.1826,0.5913,1.1826,0.5913,1.1826,1.1826,0,0,0,0.5913,0,0.5913,0,0.0002,0,0.0001,0,0,0,0,0.0001,0,0.0001,0,0.0001,0.0001,0,0,0,0,0,0,0,0.2018,0.2069,0.2018,0.2069,1
1.0675,0.5338,0.5338,0.5338,0,0.5338,0,0.5338,0.5338,0.5338,0.5338,1.0675,0.5338,0.5338,2.6688,0.5338,2.135,1.0675,0,1.0675,0.0001,0,0,0,0,0,0,0,0,0,0,0.0001,0,0,0.0002,0,0.0002,0.0001,0,0.0001,0.2421,0.2242,0.2421,0.2242,1
0,0,0,1.091,1.091,0.5455,0.5455,1.6365,0.5455,2.182,0,0,0,1.091,6.0004,0,0,0,0,0,0,0,0,0.0001,0.0001,0.0001,0.0001,0.0002,0.0001,0.0003,0,0,0,0.0001,0.0007,0,0,0,0,0,0.1976,0.2569,0.1976,0.2569,1
2.4871,1.2435,1.2435,0,0.6218,1.8653,0.6218,0,0,1.8653,0.6218,0,0,0,0.6218,0,0,0,0,0,0.0002,0.0001,0.0001,0,0,0.0001,0,0,0,0.0001,0,0,0,0,0,0,0,0,0,0,0.2251,0.1531,0.2251,0.1531,1
0,1.0993,1.0993,0.5496,0,0.5496,1.0993,0.5496,1.0993,1.0993,0,0,0,0,1.0993,1.6489,1.0993,0,0,0.5496,0,0.0001,0.0001,0,0,0,0.0001,0,0.0001,0.0001,0,0,0,0,0.0001,0.0001,0.0001,0,0,0,0.2458,0.2045,0.2458,0.2045,1
0.4792,0.9584,0.9584,1.4376,0,0.4792,0.9584,0.4792,0.9584,0,0.9584,0.4792,0,0.4792,0.4792,0,0.4792,1.4376,0.4792,0.4792,0,0.0001,0.0001,0.0001,0,0,0.0001,0,0.0001,0,0.0001,0,0,0,0,0,0,0.0001,0,0,0.2567,0.2641,0.2567,0.2641,1
1.2354,0,0,0,0.6177,0.6177,0.6177,2.4708,1.8531,0.6177,0,0.6177,0,1.8531,4.9415,0,0,0.6177,0,0.6177,0.0001,0,0,0,0.0001,0.0001,0.0001,0.0002,0.0002,0.0001,0,0.0001,0,0.0002,0.0005,0,0,0.0001,0,0.0001,0.1758,0.2065,0.1758,0.2065,1
0,0,0.4394,3.0758,0,0,0,1.3182,2.6364,0.4394,0,0,0,0.8788,0,0.4394,0.8788,0,0.8788,0.4394,0,0,0,0.0003,0,0,0,0.0001,0.0003,0,0,0,0,0.0001,0,0,0.0001,0,0.0001,0,0.2542,0.3064,0.2542,0.3064,1
1.3454,0,1.3454,0,0.6727,0,0.6727,0,0.6727,0.6727,0,0,0.6727,0,0,0,0,0,0.6727,0.6727,0.0002,0,0.0002,0,0.0001,0,0.0001,0,0.0001,0.0001,0,0,0.0001,0,0,0,0,0,0.0001,0.0001,0.1841,0.1432,0.1841,0.1432,1
0,0.7966,1.5932,0,0,0,0,0,0,4.7795,0,0,0,0,0,0,1.5932,0,0,0,0,0.0001,0.0002,0,0,0,0,0,0,0.0005,0,0,0,0,0,0,0.0002,0,0,0,0.1355,0.0679,0.1355,0.0679,1
1.5388,0,0,0,0,0,0,0,4.6165,0.7694,0,0,0,0,0,0,0.7694,2.3083,0,0.7694,0.0004,0,0,0,0,0,0,0,0.0011,0.0002,0,0,0,0,0,0,0.0002,0.0005,0,0.0002,0.0826,0.148,0.0826,0.148,1
0.4954,0,1.9815,3.4676,0,0,0.4954,0.9908,0,1.4861,0.4954,1.4861,0,1.9815,0,0.9908,0,0.9908,0,0,0,0,0.0002,0.0003,0,0,0,0.0001,0,0.0001,0,0.0001,0,0.0002,0,0.0001,0,0.0001,0,0,0.2305,0.2741,0.2305,0.2741,1
1.3893,0.6946,0,1.3893,0.6946,1.3893,0,0.6946,0.6946,0.6946,0,0.6946,0.6946,0,2.0839,0,0,0,0,0,0.0001,0.0001,0,0.0001,0.0001,0.0001,0,0.0001,0.0001,0.0001,0,0.0001,0.0001,0,0.0002,0,0,0,0,0,0.1553,0.15,0.1553,0.15,1
0.4813,0.4813,0,0,1.9253,0.4813,0.4813,0,1.444,0.4813,0,0,0,0.9627,1.444,1.444,0,0.4813,0.9627,0,0,0,0,0,0.0001,0,0,0,0.0001,0,0,0,0,0.0001,0.0001,0.0001,0,0,0.0001,0,0.2719,0.2468,0.2719,0.2468,1
0,1.4163,1.4163,0,0.7082,0.7082,0,0.7082,0.7082,0,2.1245,0.7082,0,0,0,0.7082,2.1245,1.4163,0,0,0,0.0001,0.0001,0,0,0,0,0,0,0,0.0001,0,0,0,0,0,0.0001,0.0001,0,0,0.1737,0.1182,0.1737,0.1182,1
1.0309,0.5155,2.5773,0.5155,0.5155,0,0,0.5155,0.5155,0,0,0.5155,0.5155,0,1.0309,1.5464,0.5155,1.5464,0,0,0.0001,0,0.0002,0,0,0,0,0,0,0,0,0,0,0,0.0001,0.0001,0,0.0001,0,0,0.222,0.2625,0.222,0.2625,1
0.9858,0,0.4929,0,1.4786,2.4644,0.4929,0.9858,0,0.4929,0.4929,0,0,0.4929,0.9858,0.9858,0.9858,1.9715,0.4929,0.4929,0.0001,0,0,0,0.0001,0.0002,0,0.0001,0,0,0,0,0,0,0.0001,0.0001,0.0001,0.0001,0,0,0.2577,0.2494,0.2577,0.2494,1
2.0609,0,0,1.3739,0,2.0609,0,0.687,0,2.7479,0,0.687,0,0,0,0.687,0.687,1.3739,0,0,0.0002,0,0,0.0001,0,0.0002,0,0.0001,0,0.0002,0,0.0001,0,0,0,0.0001,0.0001,0.0001,0,0,0.1581,0.1549,0.1581,0.1549,1
1.1406,0,0,0.5703,0.5703,1.7109,1.1406,0.5703,1.1406,2.2812,0,0,1.1406,0,0,0.5703,0,2.8515,0,0.5703,0.0001,0,0,0,0,0.0001,0.0001,0,0.0001,0.0002,0,0,0.0001,0,0,0,0,0.0002,0,0,0.1806,0.2491,0.1806,0.2491,1
1.27,0,0,0,0,1.27,0,0,1.9051,1.27,0.635,0,0,0,0.635,1.27,1.27,0,0,0,0.0002,0,0,0,0,0.0002,0,0,0.0003,0.0002,0.0001,0,0,0,0.0001,0.0002,0.0002,0,0,0,0.1965,0.1685,0.1965,0.1685,1
0,0.5312,0.5312,0.5312,1.0624,1.0624,0,0,1.0624,0,0.5312,0,0.5312,0.5312,1.5936,0,1.0624,1.5936,0.5312,0,0,0.0001,0.0001,0.0001,0.0001,0.0001,0,0,0.0001,0,0.0001,0,0.0001,0.0001,0.0002,0,0.0001,0.0002,0.0001,0,0.2135,0.2553,0.2135,0.2553,1
0.8367,0,0,0,2.51,0,0,0,3.3466,3.3466,0,0,0,0,0,0,0.8367,0,0,0,0.0002,0,0,0,0.0006,0,0,0,0.0008,0.0008,0,0,0,0,0,0,0.0002,0,0,0,0.0751,0.0882,0.0751,0.0882,1
1.2849,0.6424,0,1.2849,0,0.6424,0,0,0,1.9273,0,0,0,0,0.6424,0,0,0,1.2849,0,0.0001,0.0001,0,0.0001,0,0.0001,0,0,0,0.0002,0,0,0,0,0.0001,0,0,0,0.0001,0,0.1543,0.2033,0.1543,0.2033,1
1.67,2.2267,0.5567,0,0.5567,0,0.5567,0,2.2267,0,0,0,0,0,0.5567,0.5567,0,0.5567,0,0.5567,0.0001,0.0001,0,0,0,0,0,0,0.0001,0,0,0,0,0,0,0,0,0,0,0,0.2205,0.2229,0.2205,0.2229,1
1.1675,0,1.1675,0,0,1.7513,0,0,0.5838,0.5838,0.5838,0,0.5838,0,1.1675,1.1675,0,0,0,0,0.0001,0,0.0001,0,0,0.0002,0,0,0.0001,0.0001,0.0001,0,0.0001,0,0.0001,0.0001,0,0,0,0,0.2352,0.1811,0.2352,0.1811,1
0,0.6856,0,0.6856,0,0.6856,0,0,0.6856,1.3713,0,0,0.6856,0,0,0,1.3713,0,2.0569,0,0,0.0001,0,0.0001,0,0.0001,0,0,0.0001,0.0001,0,0,0.0001,0,0,0,0.0001,0,0.0002,0,0.1312,0.1832,0.1312,0.1832,1
4.8209,0,0,0,0,0,0,0,1.607,4.0175,0,0,1.607,0,1.607,0,0,2.4105,0,0,0.0007,0,0,0,0,0,0,0,0.0002,0.0006,0,0,0.0002,0,0.0002,0,0,0.0003,0,0,0.0747,0.1218,0.0747,0.1218,1
0.9165,0.4582,0,0,0.4582,1.3747,1.3747,0.9165,1.833,0,1.833,0.9165,0.4582,0.4582,0.4582,0.4582,0,1.3747,0,0.4582,0.0001,0,0,0,0,0.0001,0.0001,0.0001,0.0001,0,0.0001,0.0001,0,0,0,0,0,0.0001,0,0,0.2733,0.2684,0.2733,0.2684,1
1.1842,0,1.1842,1.1842,0.5921,0.5921,0.5921,0.5921,0,1.7763,1.1842,0,0.5921,0.5921,0,1.7763,0,0.5921,0,0,0.0001,0,0.0001,0.0001,0,0,0,0,0,0.0001,0.0001,0,0,0,0,0.0001,0,0,0,0,0.2134,0.1945,0.2134,0.1945,1
2.3416,0,0,0,0,0,0,0,1.561,0.7805,0.7805,0.7805,0.7805,0,0,0,1.561,3.1221,0,0,0.0004,0,0,0,0,0,0,0,0.0003,0.0001,0.0001,0.0001,0.0001,0,0,0,0.0003,0.0005,0,0,0.1451,0.0744,0.1451,0.0744,1
1.0374,0,0.5187,0.5187,0.5187,0.5187,0,0,1.0374,0.5187,1.0374,0.5187,0,0.5187,2.5935,0,0.5187,0,1.0374,0,0.0001,0,0.0001,0.0001,0.0001,0.0001,0,0,0.0001,0.0001,0.0001,0.0001,0,0.0001,0.0003,0,0.0001,0,0.0001,0,0.2794,0.2019,0.2794,0.2019,1
1.2114,0,0,0,0,0,1.2114,0,1.2114,0.6057,1.2114,0,1.8171,0,4.2399,0.6057,1.2114,2.4228,0,0,0.0002,0,0,0,0,0,0.0002,0,0.0002,0.0001,0.0002,0,0.0002,0,0.0006,0.0001,0.0002,0.0003,0,0,0.1893,0.205,0.1893,0.205,1
1.0044,0,2.0089,0.5022,1.0044,0.5022,1.0044,0.5022,1.0044,2.5111,0,0.5022,1.0044,0.5022,0.5022,0,0.5022,1.0044,0,0,0.0001,0,0.0002,0,0.0001,0,0.0001,0,0.0001,0.0002,0,0,0.0001,0,0,0,0,0.0001,0,0,0.2418,0.256,0.2418,0.256,1
0.5919,0,1.7756,0,0,0,1.7756,0.5919,2.9593,0.5919,0,0.5919,0.5919,0,3.5511,0.5919,0.5919,0.5919,0,0.5919,0.0001,0,0.0002,0,0,0,0.0002,0.0001,0.0003,0.0001,0,0.0001,0.0001,0,0.0004,0.0001,0.0001,0.0001,0,0.0001,0.1882,0.22,0.1882,0.22,1
0,0,0.6311,0.6311,0.6311,0,0.6311,1.2622,0,1.2622,0.6311,0.6311,0.6311,0.6311,1.2622,0,0.6311,1.2622,0,0,0,0,0.0001,0.0001,0.0001,0,0.0001,0.0002,0,0.0002,0.0001,0.0001,0.0001,0.0001,0.0002,0,0.0001,0.0002,0,0,0.2032,0.1657,0.2032,0.1657,1
1.5717,0,0,0,0,2.3575,0,1.5717,0,1.5717,1.5717,0,0.7858,0.7858,0,0.7858,0.7858,0.7858,0,1.5717,0.0002,0,0,0,0,0.0002,0,0.0002,0,0.0002,0.0002,0,0.0001,0.0001,0,0.0001,0.0001,0.0001,0,0.0002,0.1263,0.0879,0.1263,0.0879,1
0,1.9671,0.6557,0,0.6557,0.6557,0,1.3114,0,0.6557,1.3114,2.6228,0.6557,0,0.6557,0.6557,0,0.6557,0.6557,0.6557,0,0.0001,0,0,0,0,0,0.0001,0,0,0.0001,0.0001,0,0,0,0,0,0,0,0,0.1967,0.1476,0.1967,0.1476,1
0,0,1.1684,4.0893,0.5842,1.1684,0,0,0,1.7526,0.5842,0,0.5842,0,1.1684,0.5842,0,0,0,0,0,0,0.0001,0.0004,0.0001,0.0001,0,0,0,0.0002,0.0001,0,0.0001,0,0.0001,0.0001,0,0,0,0,0.1875,0.2283,0.1875,0.2283,1
0.6693,0,0,0.6693,0,0.6693,0,0,0,3.3464,0.6693,2.0078,0,0,0.6693,0.6693,0.6693,0.6693,0,0,0.0001,0,0,0.0001,0,0.0001,0,0,0,0.0003,0.0001,0.0002,0,0,0.0001,0.0001,0.0001,0.0001,0,0,0.1663,0.1644,0.1663,0.1644,1
0.8692,0,0.4346,1.3037,0.4346,0.8692,0.4346,1.3037,1.7383,2.6075,0,0.8692,0,0,0.4346,1.3037,0.4346,0,0,0,0.0001,0,0,0.0001,0,0.0001,0,0.0001,0.0001,0.0002,0,0.0001,0,0,0,0.0001,0,0,0,0,0.2426,0.3228,0.2426,0.3228,1
1.0353,0.5177,0,1.0353,1.0353,1.553,0,0,1.0353,2.0706,1.0353,1.0353,0.5177,0,0.5177,1.553,1.0353,1.553,0,0,0.0001,0,0,0.0001,0.0001,0.0001,0,0,0.0001,0.0001,0.0001,0.0001,0,0,0,0.0001,0.0001,0.0001,0,0,0.2639,0.2184,0.2639,0.2184,1
0,0,0.9974,0.4987,1.496,0.4987,0,0.9974,0.4987,0.4987,0,0.9974,0.9974,0,0.9974,0.4987,0,0.4987,0.4987,0.4987,0,0,0.0001,0,0.0001,0,0,0.0001,0,0,0,0.0001,0.0001,0,0.0001,0,0,0,0,0,0.2271,0.2742,0.2271,0.2742,1
2.3308,0,0.7769,0.7769,0,0,0,0,0,1.5538,0,0.7769,0,0,0,0,0.7769,3.1077,0,0.7769,0.0003,0,0.0001,0.0001,0,0,0,0,0,0.0002,0,0.0001,0,0,0,0,0.0001,0.0004,0,0.0001,0.1451,0.0779,0.1451,0.0779,1
1.9324,0,0,0,0.6441,0,0,0.6441,1.2882,1.2882,0,0,0,0,1.2882,0.6441,0,1.2882,0.6441,0,0.0002,0,0,0,0.0001,0,0,0.0001,0.0002,0.0002,0,0,0,0,0.0002,0.0001,0,0.0002,0.0001,0,0.2079,0.148,0.2079,0.148,1
1.9247,5.1325,0,0,0,1.2831,0,1.9247,1.2831,0,1.2831,0,1.9247,0,0.6416,2.5662,0,1.2831,0,0,0.0001,0.0002,0,0,0,0,0,0.0001,0,0,0,0,0.0001,0,0,0.0001,0,0,0,0,0.2103,0.1481,0.2103,0.1481,1
1.6635,0,0.5545,0.5545,0,0,1.6635,0.5545,1.109,0,0.5545,0,1.109,0,2.7726,0.5545,0.5545,0.5545,0,0.5545,0.0002,0,0.0001,0.0001,0,0,0.0002,0.0001,0.0001,0,0.0001,0,0.0001,0,0.0003,0.0001,0.0001,0.0001,0,0.0001,0.1792,0.2663,0.1792,0.2663,1
2.5377,0,1.0151,1.5226,0,0,0,1.0151,0.5075,2.0302,0,2.0302,0,0.5075,0.5075,0.5075,0,0.5075,0,0,0.0002,0,0.0001,0.0001,0,0,0,0.0001,0,0.0001,0,0.0001,0,0,0,0,0,0,0,0,0.2279,0.2646,0.2279,0.2646,1
1.3005,0.6503,0,0.6503,0.6503,1.3005,0,0.6503,0,1.9508,0,1.9508,0,0.6503,0.6503,1.9508,0,0.6503,0,0,0.0001,0,0,0,0,0.0001,0,0,0,0.0001,0,0.0001,0,0,0,0.0001,0,0,0,0,0.1821,0.1676,0.1821,0.1676,1
0,0.6105,1.221,0.6105,0,0,0,0.6105,0,1.221,0,0,0,0,0.6105,0.6105,0,0.6105,1.8314,0,0,0,0.0001,0,0,0,0,0,0,0.0001,0,0,0,0,0,0,0,0,0.0001,0,0.1858,0.2037,0.1858,0.2037,1
1.9493,1.2995,0,1.9493,0,1.2995,0,0.6498,0,1.9493,0.6498,0.6498,0.6498,0,0,0.6498,1.2995,0,0,0,0.0001,0.0001,0,0.0001,0,0.0001,0,0,0,0.0001,0,0,0,0,0,0,0.0001,0,0,0,0.1869,0.1634,0.1869,0.1634,1
0,0,0.631,0,0,0,0,0.631,3.1552,2.5242,1.8931,0.631,0.631,0,5.0484,0.631,1.2621,0,0,0.631,0,0,0.0001,0,0,0,0,0.0001,0.0004,0.0003,0.0002,0.0001,0.0001,0,0.0006,0.0001,0.0001,0,0,0.0001,0.1952,0.1738,0.1952,0.1738,1
1.5106,0,0,0,2.2659,0,0,0.7553,1.5106,3.0212,0,0.7553,0,0,0.7553,0,0.7553,0.7553,0.7553,0,0.0002,0,0,0,0.0004,0,0,0.0001,0.0002,0.0005,0,0.0001,0,0,0.0001,0,0.0001,0.0001,0.0001,0,0.0867,0.158,0.0867,0.158,1
1.0214,1.5321,0,0,0.5107,1.0214,2.0428,1.0214,1.5321,1.0214,0.5107,1.5321,0.5107,0.5107,0,1.0214,1.0214,0,0,0.5107,0.0001,0.0001,0,0,0,0.0001,0.0001,0.0001,0.0001,0.0001,0,0.0001,0,0,0,0.0001,0.0001,0,0,0,0.2214,0.2679,0.2214,0.2679,1
5.2926,0.7561,0,1.5122,0,1.5122,0,0,0,0.7561,0.7561,0.7561,0,0.7561,0,0,0.7561,0.7561,0,0,0.0005,0.0001,0,0.0001,0,0.0001,0,0,0,0.0001,0.0001,0.0001,0,0.0001,0,0,0.0001,0.0001,0,0,0.1037,0.1402,0.1037,0.1402,1
1.33,0.8867,0.4433,0,0,1.33,0.8867,0.8867,2.2167,0.8867,0.8867,0,0,0,0.4433,0,0.8867,0.8867,0.8867,0,0.0001,0.0001,0,0,0,0.0001,0.0001,0.0001,0.0001,0.0001,0.0001,0,0,0,0,0,0.0001,0.0001,0.0001,0,0.2778,0.2788,0.2778,0.2788,1
1.6206,0,0,0,0,0,0.8103,0,3.2412,0.8103,0,0,0,0,0,0,0.8103,2.4309,0,0.8103,0.0005,0,0,0,0,0,0.0002,0,0.0009,0.0002,0,0,0,0,0,0,0.0002,0.0007,0,0.0002,0.1001,0.0896,0.1001,0.0896,1
1.4768,0.7384,0,0.7384,0.7384,2.2151,0,0,0,5.1687,0,0,0,0,0,0.7384,1.4768,0,0,0,0.0001,0.0001,0,0.0001,0.0001,0.0002,0,0,0,0.0004,0,0,0,0,0,0.0001,0.0001,0,0,0,0.1624,0.0992,0.1624,0.0992,1
2.2262,0,0.7421,0.7421,0,0,0,0,0.7421,0.7421,0,0.7421,0,0,0,0,1.4841,2.2262,0,0.7421,0.0003,0,0.0001,0.0001,0,0,0,0,0.0001,0.0001,0,0.0001,0,0,0,0,0.0002,0.0003,0,0.0001,0.1624,0.0956,0.1624,0.0956,1
1.0078,0.5039,0.5039,1.0078,0,0.5039,0.5039,0,1.0078,0.5039,1.0078,1.5117,0.5039,0.5039,1.0078,0.5039,0.5039,1.5117,0.5039,0,0.0001,0,0,0.0001,0,0,0,0,0.0001,0,0.0001,0.0001,0,0,0.0001,0,0,0.0001,0,0,0.2622,0.2339,0.2622,0.2339,1
1.9005,0.4751,0.9503,0,0,0.9503,0.4751,0.4751,2.3757,0,1.4254,0,0,0,0.4751,1.9005,1.9005,0.4751,0,0.4751,0.0001,0,0.0001,0,0,0.0001,0,0,0.0002,0,0.0001,0,0,0,0,0.0001,0.0001,0,0,0,0.2411,0.2838,0.2411,0.2838,1
0,0.516,0.516,0.516,2.0642,2.5802,0.516,1.0321,0.516,1.0321,1.0321,0.516,0,0,0,1.5481,2.0642,0.516,0.516,0,0,0,0,0,0.0001,0.0001,0,0.0001,0,0.0001,0.0001,0,0,0,0,0.0001,0.0001,0,0,0,0.2389,0.2451,0.2389,0.2451,1
0,0.5977,0,1.1953,0,1.1953,0,0.5977,0.5977,1.793,0.5977,0.5977,1.1953,0,0.5977,0.5977,1.1953,1.1953,0,0,0,0.0001,0,0.0001,0,0.0001,0,0.0001,0.0001,0.0002,0.0001,0.0001,0.0001,0,0.0001,0.0001,0.0001,0.0001,0,0,0.2259,0.1764,0.2259,0.1764,1
3.2898,0,1.6449,0,0.5483,1.0966,0,0,0,1.6449,0.5483,0.5483,1.6449,0,0.5483,1.0966,0,1.6449,1.0966,0.5483,0.0002,0,0.0001,0,0,0.0001,0,0,0,0.0001,0,0,0.0001,0,0,0.0001,0,0.0001,0.0001,0,0.2106,0.2411,0.2106,0.2411,1
1.4074,0.4691,0,0,0.4691,0.4691,1.4074,0,1.4074,1.4074,0.4691,1.4074,0.4691,0,1.4074,0,1.4074,0.9383,0,0.4691,0.0001,0,0,0,0,0,0.0001,0,0.0001,0.0001,0,0.0001,0,0,0.0001,0,0.0001,0.0001,0,0,0.2399,0.2909,0.2399,0.2909,1
2.4898,0,0,0,0.8299,0,0,0,3.3197,0,0,0,0,0,0,0,0.8299,3.3197,0,0.8299,0.0006,0,0,0,0.0002,0,0,0,0.0008,0,0,0,0,0,0,0,0.0002,0.0008,0,0.0002,0.0641,0.106,0.0641,0.106,1
0.5202,1.5606,0.5202,0,0.5202,1.0404,1.0404,0,2.0808,1.5606,1.5606,1.0404,0.5202,0,0.5202,0,1.0404,1.5606,0,0,0,0.0001,0,0,0,0.0001,0.0001,0,0.0001,0.0001,0.0001,0.0001,0,0,0,0,0.0001,0.0001,0,0,0.2676,0.2122,0.2676,0.2122,1
1.7919,0,0,0,0.5973,1.1946,0,0,1.1946,1.1946,0,0,0,0,1.1946,0.5973,0,1.1946,0,0,0.0002,0,0,0,0.0001,0.0002,0,0,0.0002,0.0002,0,0,0,0,0.0002,0.0001,0,0.0002,0,0,0.2002,0.2025,0.2002,0.2025,1
1.7623,0,0,0,2.2029,0.4406,0,1.3217,2.2029,0.8811,0,0,0,0,1.7623,0,0,0.4406,0,0,0.0002,0,0,0,0.0003,0.0001,0,0.0002,0.0003,0.0001,0,0,0,0,0.0002,0,0,0.0001,0,0,0.234,0.3254,0.234,0.3254,1
0.6605,0.6605,0,0.6605,0,3.3026,0.6605,0.6605,0.6605,1.9816,0,0,0,0,0,1.321,0.6605,0.6605,0,0.6605,0,0,0,0,0,0.0002,0,0,0,0.0001,0,0,0,0,0,0.0001,0,0,0,0,0.1259,0.2136,0.1259,0.2136,1
0.6086,0,1.8257,1.2171,0,1.8257,0,1.2171,0.6086,0,0,0,0.6086,0.6086,1.2171,0,1.2171,0,0,0,0.0001,0,0.0002,0.0001,0,0.0002,0,0.0001,0.0001,0,0,0,0.0001,0.0001,0.0001,0,0.0001,0,0,0,0.2163,0.1751,0.2163,0.1751,1
1.7551,0,1.17,1.17,0,0.585,0,0,1.17,0.585,0.585,1.17,0.585,0.585,0,1.17,0,1.17,0,0,0.0002,0,0.0001,0.0001,0,0.0001,0,0,0.0001,0.0001,0.0001,0.0001,0.0001,0.0001,0,0.0001,0,0.0001,0,0,0.2324,0.1826,0.2324,0.1826,1
1.9354,0.6451,0,2.5806,0,0.6451,0,0.6451,0.6451,0,0,0,0.6451,0,0,0,1.2903,1.9354,0,0,0.0002,0.0001,0,0.0003,0,0.0001,0,0.0001,0.0001,0,0,0,0.0001,0,0,0,0.0001,0.0002,0,0,0.188,0.1669,0.188,0.1669,1
1.9186,0,0,0,0.6395,0,0,0.6395,0.6395,1.9186,0.6395,0.6395,0,0.6395,1.279,1.279,1.279,0,0,0,0.0002,0,0,0,0.0001,0,0,0.0001,0.0001,0.0002,0.0001,0.0001,0,0.0001,0.0001,0.0001,0.0001,0,0,0,0.1502,0.2103,0.1502,0.2103,1
0,0.6152,0,0,0,2.4607,1.2303,0,0,0,0,0.6152,0.6152,0,2.4607,1.2303,0,0.6152,0,0.6152,0,0.0001,0,0,0,0.0003,0.0001,0,0,0,0,0.0001,0.0001,0,0.0003,0.0001,0,0.0001,0,0.0001,0.1843,0.2005,0.1843,0.2005,1
0,1.278,1.278,0,0,1.278,0,1.278,0,1.278,0,1.278,1.278,0,0.639,0,0.639,0.639,1.917,0,0,0.0001,0.0001,0,0,0.0001,0,0.0001,0,0.0001,0,0.0001,0.0001,0,0,0,0,0,0.0001,0,0.1729,0.1881,0.1729,0.1881,1
1.3937,1.3937,0,0.9291,0.4646,0.4646,0.4646,0,1.3937,0.4646,0,0.4646,0,0,2.3228,0,0.9291,1.3937,0,0.4646,0.0001,0.0001,0,0.0001,0,0,0,0,0.0001,0,0,0,0,0,0.0001,0,0.0001,0.0001,0,0,0.2998,0.2357,0.2998,0.2357,1
1.3892,1.3892,0.6946,0,0,2.7784,0,0.6946,0.6946,2.0838,0,0.6946,0,0,0.6946,0.6946,2.0838,0,0.6946,0,0.0001,0.0001,0,0,0,0.0002,0,0,0,0.0001,0,0,0,0,0,0,0.0001,0,0,0,0.1299,0.1755,0.1299,0.1755,1
0,0.4736,0,0.4736,0.4736,0.9472,0,0.4736,0.4736,1.4208,0.4736,0,0.4736,0.4736,3.7889,0,0.9472,0.4736,0.4736,0,0,0,0,0,0,0.0001,0,0,0,0.0001,0,0,0,0,0.0004,0,0.0001,0,0,0,0.2691,0.2573,0.2691,0.2573,1
1.3885,0,0.6942,0,0,1.3885,0,0,0.6942,1.3885,0.6942,0,0.6942,0,0.6942,0.6942,0,0,0,0,0.0002,0,0.0001,0,0,0.0002,0,0,0.0001,0.0002,0.0001,0,0.0001,0,0.0001,0.0001,0,0,0,0,0.1781,0.1277,0.1781,0.1277,1
0,0,0,1.285,0,0.6425,0,0.6425,1.9275,2.57,0.6425,0,0,0,0,0,0,0,0.6425,0,0,0,0,0.0002,0,0.0001,0,0.0001,0.0002,0.0003,0.0001,0,0,0,0,0,0,0,0.0001,0,0.1804,0.1771,0.1804,0.1771,1
2.5382,0,1.9037,0,0,0.6346,0,0.6346,0,1.2691,0,0,1.2691,0,0.6346,0.6346,0,0,0.6346,0.6346,0.0002,0,0.0002,0,0,0.0001,0,0.0001,0,0.0001,0,0,0.0001,0,0.0001,0.0001,0,0,0.0001,0.0001,0.2454,0.1201,0.2454,0.1201,1
0.5341,1.0681,0,0.5341,1.6022,2.6703,0,2.1362,1.0681,0.5341,0.5341,1.0681,0,0,0,0.5341,1.6022,0.5341,0.5341,1.0681,0,0,0,0,0.0001,0.0001,0,0.0001,0,0,0,0,0,0,0,0,0.0001,0,0,0,0.2167,0.2492,0.2167,0.2492,1
0.6043,1.2087,1.813,0.6043,1.2087,0,0,1.2087,0,1.2087,0.6043,1.2087,0,0.6043,0,1.2087,1.2087,0.6043,0,0,0,0.0001,0.0001,0,0.0001,0,0,0.0001,0,0.0001,0,0.0001,0,0,0,0.0001,0.0001,0,0,0,0.2113,0.1844,0.2113,0.1844,1
0,0,0.9453,3.3084,0,0,0,1.8905,0.4726,0.9453,0,1.4179,0,0.9453,0.4726,1.4179,0.4726,0,0.9453,0.4726,0,0,0.0001,0.0002,0,0,0,0.0001,0,0.0001,0,0.0001,0,0.0001,0,0.0001,0,0,0.0001,0,0.2456,0.2818,0.2456,0.2818,1
3.0491,0,1.2197,0,0,0,0,0,0,1.8295,0,1.2197,0,0,1.8295,0.6098,0.6098,0.6098,0,0,0.0003,0,0.0001,0,0,0,0,0,0,0.0002,0,0.0001,0,0,0.0002,0.0001,0.0001,0.0001,0,0,0.1721,0.218,0.1721,0.218,1
0.6072,0,0,0,0,1.8215,0.6072,0.6072,0.6072,3.0359,0,0.6072,0,0,0.6072,1.2143,0.6072,1.8215,0,0,0.0001,0,0,0,0,0.0002,0.0001,0.0001,0.0001,0.0003,0,0.0001,0,0,0.0001,0.0001,0.0001,0.0002,0,0,0.1818,0.211,0.1818,0.211,1
1.1182,0,0.5591,0,1.1182,0,0.5591,0.5591,0.5591,1.6774,0,2.2365,1.6774,0,0.5591,0,0.5591,0.5591,0.5591,0,0.0001,0,0,0,0.0001,0,0,0,0,0.0001,0,0.0002,0.0001,0,0,0,0,0,0,0,0.2376,0.2033,0.2376,0.2033,1
1.0011,0,1.5017,0,1.5017,0.5006,0.5006,0.5006,1.5017,0,0,1.5017,1.5017,0,1.0011,0,0.5006,0.5006,0,0,0.0001,0,0.0001,0,0.0001,0,0,0,0.0001,0,0,0.0001,0.0001,0,0.0001,0,0,0,0,0,0.2774,0.2221,0.2774,0.2221,1
0,0.883,0,0,0.883,0.883,0.4415,0,2.6491,0,1.7661,0,0,0,2.2076,0,1.3246,0.4415,0.4415,0.4415,0,0.0001,0,0,0.0001,0.0001,0,0,0.0002,0,0.0001,0,0,0,0.0002,0,0.0001,0,0,0,0.3499,0.2086,0.3499,0.2086,1
0.7262,2.9047,0.7262,0.7262,0.7262,1.4523,0,0.7262,0,0.7262,0,0.7262,0,0.7262,0,0,2.1785,0.7262,0,0,0,0.0002,0,0,0,0.0001,0,0,0,0,0,0,0,0,0,0,0.0001,0,0,0,0.1446,0.1292,0.1446,0.1292,1
0,0,0,0,1.5478,1.0319,0,0,3.6116,0.5159,0,0,0,0,1.5478,0.5159,0,0.5159,0,0,0,0,0,0,0.0002,0.0001,0,0,0.0005,0.0001,0,0,0,0,0.0002,0.0001,0,0.0001,0,0,0.2335,0.2506,0.2335,0.2506,1
0.517,0,1.551,0,0.517,1.034,0,0,0,1.551,0,1.034,5.6869,0,2.068,1.034,0,0.517,0,0,0.0001,0,0.0002,0,0.0001,0.0001,0,0,0,0.0002,0,0.0001,0.0006,0,0.0002,0.0001,0,0.0001,0,0,0.2365,0.2465,0.2365,0.2465,1
2.1941,0.7314,0,0,2.9255,2.1941,0,1.4628,0.7314,1.4628,0,0,0,0,0,0.7314,0,3.6569,0,0,0.0002,0.0001,0,0,0.0002,0.0002,0,0.0001,0.0001,0.0001,0,0,0,0,0,0.0001,0,0.0003,0,0,0.1263,0.1424,0.1263,0.1424,1
1.0252,0,0.5126,1.0252,1.0252,0,0,0,0,3.5881,0.5126,0.5126,0.5126,0,1.5377,1.0252,1.0252,0.5126,0,0,0.0001,0,0,0.0001,0.0001,0,0,0,0,0.0003,0,0,0,0,0.0001,0.0001,0.0001,0,0,0,0.2591,0.2283,0.2591,0.2283,1
0,1.3852,0,0.6926,1.3852,0,0.6926,0,0,1.3852,2.0779,0.6926,0.6926,0,0,0.6926,2.0779,4.8484,0.6926,0,0,0.0001,0,0,0.0001,0,0,0,0,0.0001,0.0001,0,0,0,0,0,0.0001,0.0003,0,0,0.1493,0.158,0.1493,0.158,1
1.0641,0,0,1.0641,0.5321,0.5321,0,0.5321,1.5962,1.5962,1.0641,0,0.5321,0,1.0641,0,0,0,0.5321,0,0.0001,0,0,0.0001,0.0001,0.0001,0,0.0001,0.0002,0.0002,0.0001,0,0.0001,0,0.0001,0,0,0,0.0001,0,0.2268,0.2412,0.2268,0.2412,1
0,0,0,0,1.5385,1.0257,0.5128,2.0514,2.0514,1.5385,0.5128,0,0,0,3.5899,0,0.5128,1.0257,0,0,0,0,0,0,0.0002,0.0001,0.0001,0.0003,0.0003,0.0002,0.0001,0,0,0,0.0005,0,0.0001,0.0001,0,0,0.2133,0.2738,0.2133,0.2738,1
0,0,0.4773,0,1.432,0.4773,1.432,0,0.4773,0.4773,1.432,0,0,0,2.3867,0.9547,0.4773,0.4773,0,1.432,0,0,0.0001,0,0.0002,0.0001,0.0002,0,0.0001,0.0001,0.0002,0,0,0,0.0003,0.0001,0.0001,0.0001,0,0.0002,0.2616,0.2611,0.2616,0.2611,1
2.0237,0,0,0,0,0,0.6746,0.6746,1.3492,0,2.0237,0,0,0.6746,0.6746,0.6746,0.6746,0,0,0.6746,0.0003,0,0,0,0,0,0.0001,0.0001,0.0002,0,0.0003,0,0,0.0001,0.0001,0.0001,0.0001,0,0,0.0001,0.2111,0.1143,0.2111,0.1143,1
1.3775,1.3775,0,0,0.6888,2.755,0,2.0663,0,0.6888,1.3775,0.6888,0,0.6888,0,1.3775,0,2.0663,0.6888,0.6888,0.0001,0.0001,0,0,0,0.0001,0,0.0001,0,0,0.0001,0,0,0,0,0.0001,0,0.0001,0,0,0.1644,0.1468,0.1644,0.1468,1
2.8775,0.5755,0,1.151,0.5755,0.5755,0.5755,0.5755,0.5755,0.5755,0,0,0,0,1.151,0,1.151,0,0,0,0.0003,0.0001,0,0.0001,0.0001,0.0001,0.0001,0.0001,0.0001,0.0001,0,0,0,0,0.0001,0,0.0001,0,0,0,0.187,0.2375,0.187,0.2375,1
1.2239,0.6119,1.2239,1.8358,0.6119,0,0,1.2239,0,0,0.6119,0,0,0,1.8358,0.6119,0.6119,0.6119,0,0,0.0001,0,0.0001,0.0001,0,0,0,0.0001,0,0,0,0,0,0,0.0001,0,0,0,0,0,0.1573,0.2308,0.1573,0.2308,1
0,0,1.0255,0,1.0255,0,0.5127,0.5127,1.0255,1.0255,0.5127,1.0255,2.051,1.5382,0.5127,0.5127,2.051,1.0255,0,1.0255,0,0,0.0001,0,0.0001,0,0,0,0.0001,0.0001,0,0.0001,0.0002,0.0001,0,0,0.0002,0.0001,0,0.0001,0.2299,0.2574,0.2299,0.2574,1
0,3.7542,0,0,0.7508,1.5017,0.7508,1.5017,0,0.7508,0.7508,0,0.7508,0,0,0.7508,3.0033,0.7508,0,0.7508,0,0.0002,0,0,0,0.0001,0,0.0001,0,0,0,0,0,0,0,0,0.0001,0,0,0,0.1234,0.1257,0.1234,0.1257,1
1.7804,0.4451,0.8902,0,0,0.4451,0,0.4451,1.3353,0.8902,0.8902,0.4451,0.4451,0.8902,1.7804,0.4451,0.4451,0.4451,0,0,0.0001,0,0.0001,0,0,0,0,0,0.0001,0.0001,0.0001,0,0,0.0001,0.0001,0,0,0,0,0,0.2705,0.2844,0.2705,0.2844,1
1.6372,0,0,0,0,0,0,1.6372,0.8186,2.4558,0,0,1.6372,0,2.4558,0,0.8186,4.9117,0,0,0.0003,0,0,0,0,0,0,0.0003,0.0001,0.0004,0,0,0.0003,0,0.0004,0,0.0001,0.0009,0,0,0.0749,0.1065,0.0749,0.1065,1
0.6953,1.3907,0,0,0.6953,0,1.3907,0.6953,2.086,0.6953,0.6953,0,1.3907,0,1.3907,0,0,3.4766,0,0,0,0.0001,0,0,0,0,0.0001,0,0.0001,0,0,0,0.0001,0,0.0001,0,0,0.0002,0,0,0.1634,0.1413,0.1634,0.1413,1
0,0,0,0,0,0,0,0.6295,2.5181,0,0.6295,0.6295,0,0,5.0362,0,0,0.6295,1.8886,0,0,0,0,0,0,0,0,0.0001,0.0006,0,0.0001,0.0001,0,0,0.0012,0,0,0.0001,0.0004,0,0.1411,0.2294,0.1411,0.2294,1
2.4816,0,1.4889,0.4963,0,0.4963,0.4963,0,2.4816,0.9926,0.9926,0.9926,0,0.4963,0,0,0,1.4889,0,0.4963,0.0002,0,0.0001,0,0,0,0,0,0.0002,0.0001,0.0001,0.0001,0,0,0,0,0,0.0001,0,0,0.2252,0.2785,0.2252,0.2785,1
0,0.6293,1.2587,0,0,0,0.6293,0,0,0.6293,1.2587,0,0.6293,0,1.2587,1.2587,1.2587,1.888,0,0,0,0.0001,0.0001,0,0,0,0.0001,0,0,0.0001,0.0001,0,0.0001,0,0.0001,0.0001,0.0001,0.0002,0,0,0.1523,0.2184,0.1523,0.2184,1
0.53,4.2402,0,0.53,0.53,2.1201,0.53,0.53,0,1.0601,0.53,0.53,1.0601,0,2.6501,0,0,0.53,0.53,0,0,0.0002,0,0,0,0.0001,0,0,0,0,0,0,0,0,0.0001,0,0,0,0,0,0.236,0.234,0.236,0.234,1
0,0,0,0.5733,0,0.5733,0,0,1.7198,0,0,1.1465,1.7198,0.5733,3.4396,0,0.5733,0,0,0.5733,0,0,0,0.0001,0,0.0001,0,0,0.0003,0,0,0.0002,0.0003,0.0001,0.0006,0,0.0001,0,0,0.0001,0.257,0.1698,0.257,0.1698,1
1.5572,0.7786,0.7786,0,0,0.7786,0.7786,0,0,0.7786,0.7786,0,1.5572,0,0,1.5572,1.5572,0.7786,0,0,0.0002,0.0001,0.0001,0,0,0.0001,0.0001,0,0,0.0001,0.0001,0,0.0002,0,0,0.0002,0.0002,0.0001,0,0,0.1205,0.1009,0.1205,0.1009,1
0.5849,2.3395,0.5849,0.5849,0.5849,1.7546,0.5849,0.5849,0.5849,1.7546,0.5849,0.5849,0.5849,0,0,1.7546,0.5849,2.3395,1.1698,0,0,0.0001,0,0,0,0.0001,0,0,0,0.0001,0,0,0,0,0,0.0001,0,0.0001,0.0001,0,0.1943,0.2208,0.1943,0.2208,1
0.4902,0.4902,1.4706,0.4902,0.9804,0.4902,0,0,0.4902,0.4902,0,0,4.4117,0,1.4706,1.4706,0.9804,0.4902,0,0,0,0,0.0001,0,0.0001,0,0,0,0,0,0,0,0.0003,0,0.0001,0.0001,0.0001,0,0,0,0.2796,0.2302,0.2796,0.2302,1
0,1.7844,0.5948,0.5948,0,1.1896,0,0,0.5948,1.1896,1.1896,0.5948,0.5948,0,0.5948,0.5948,2.3792,0,0.5948,0,0,0.0001,0,0,0,0.0001,0,0,0,0.0001,0.0001,0,0,0,0,0,0.0001,0,0,0,0.2207,0.1845,0.2207,0.1845,1
1.8445,0,0,0,0,1.8445,0,0,0,0,0,1.2296,0,1.2296,2.4593,0.6148,0.6148,0.6148,0,0,0.0002,0,0,0,0,0.0002,0,0,0,0,0,0.0002,0,0.0002,0.0003,0.0001,0.0001,0.0001,0,0,0.1941,0.1911,0.1941,0.1911,1
0.7453,0,0,0,0,1.4905,0,0,0.7453,6.7073,0,0.7453,0.7453,0,0,1.4905,0,0,0,0,0.0001,0,0,0,0,0.0001,0,0,0.0001,0.0005,0,0.0001,0.0001,0,0,0.0001,0,0,0,0,0.1111,0.1436,0.1111,0.1436,1
1.4507,0.9671,0.4836,1.4507,0,0.4836,0.9671,0.4836,0,1.4507,0,0.4836,0,1.4507,0.9671,0.9671,0.9671,0,0,0.4836,0.0001,0.0001,0,0.0001,0,0,0.0001,0,0,0.0001,0,0,0,0.0001,0.0001,0.0001,0.0001,0,0,0,0.2534,0.263,0.2534,0.263,1
2.5027,0,0,0.6257,1.2514,1.2514,0,0.6257,0,1.2514,0.6257,1.877,1.2514,0,0.6257,0.6257,1.877,1.2514,0,0,0.0002,0,0,0,0.0001,0.0001,0,0,0,0.0001,0,0.0001,0.0001,0,0,0,0.0001,0.0001,0,0,0.2025,0.1718,0.2025,0.1718,1
0.5108,0,0,0,0,1.0215,0.5108,0.5108,1.0215,1.0215,1.0215,0.5108,1.0215,0,2.043,0.5108,0.5108,1.0215,0,0.5108,0.0001,0,0,0,0,0.0001,0.0001,0.0001,0.0001,0.0001,0.0001,0.0001,0.0001,0,0.0002,0.0001,0.0001,0.0001,0,0.0001,0.2787,0.2105,0.2787,0.2105,1
0,0.5435,0.5435,1.087,0,0.5435,0,0.5435,1.087,0,0,0,1.087,1.087,1.6306,1.087,1.6306,1.087,0,0.5435,0,0.0001,0.0001,0.0001,0,0.0001,0,0.0001,0.0001,0,0,0,0.0001,0.0001,0.0002,0.0001,0.0002,0.0001,0,0.0001,0.245,0.2115,0.245,0.2115,1
0.6514,0,0,0,0.6514,0,0.6514,0.6514,1.3027,0,1.3027,0.6514,0,0,0.6514,0,0,1.3027,0.6514,0.6514,0.0001,0,0,0,0.0001,0,0.0001,0.0001,0.0002,0,0.0002,0.0001,0,0,0.0001,0,0,0.0002,0.0001,0.0001,0.1796,0.1691,0.1796,0.1691,1
0.5145,0.5145,1.0291,1.0291,0,0.5145,0,0.5145,1.5436,0,1.5436,1.0291,0.5145,0,0.5145,0.5145,0.5145,0,0,1.5436,0,0,0.0001,0.0001,0,0,0,0,0.0001,0,0.0001,0.0001,0,0,0,0,0,0,0,0.0001,0.2289,0.2566,0.2289,0.2566,1
1.087,0,0,0.5435,0,1.087,0.5435,1.087,0,3.261,0.5435,1.087,0,4.348,1.087,0.5435,0,1.087,0,0,0.0001,0,0,0,0,0.0001,0,0.0001,0,0.0002,0,0.0001,0,0.0003,0.0001,0,0,0.0001,0,0,0.2147,0.2418,0.2147,0.2418,1
0,0,0,0,1.9988,1.4991,1.4991,0.4997,1.4991,1.9988,0,0,0,0,0.9994,0.9994,0,0.4997,0,0.9994,0,0,0,0,0.0002,0.0001,0.0001,0,0.0001,0.0002,0,0,0,0,0.0001,0.0001,0,0,0,0.0001,0.2275,0.2728,0.2275,0.2728,1
1.3274,0,0.8849,3.0972,0.4425,0,0,0.4425,1.7698,0.4425,1.7698,0.4425,0,0,0.4425,0,0.4425,1.7698,0,0,0.0001,0,0.0001,0.0003,0,0,0,0,0.0001,0,0.0001,0,0,0,0,0,0,0.0001,0,0,0.3117,0.2459,0.3117,0.2459,1
0,0,0.5604,0.5604,2.2418,0,0.5604,0,0.5604,0.5604,0,1.6813,2.2418,0,1.6813,0.5604,0,0.5604,0,0,0,0,0.0001,0.0001,0.0002,0,0.0001,0,0.0001,0.0001,0,0.0002,0.0002,0,0.0002,0.0001,0,0.0001,0,0,0.2431,0.1964,0.2431,0.1964,1
0,0.6213,1.2426,0,0,1.2426,0,1.2426,0.6213,0.6213,1.8639,0.6213,0,0,0.6213,0.6213,1.8639,0,0,0,0,0.0001,0.0001,0,0,0.0001,0,0.0001,0.0001,0.0001,0.0002,0.0001,0,0,0.0001,0.0001,0.0002,0,0,0,0.179,0.1997,0.179,0.1997,1
0,3.7964,0,0.6327,0,3.1637,0,0.6327,0,0.6327,0,1.2655,1.8982,0,0.6327,0.6327,3.1637,1.8982,0.6327,0,0,0.0001,0,0,0,0.0001,0,0,0,0,0,0,0.0001,0,0,0,0.0001,0.0001,0,0,0.1907,0.1766,0.1907,0.1766,1
0,0.745,0,0,0,1.4901,0,0,0.745,1.4901,0,0.745,0.745,0,0,0.745,0,0.745,2.2351,0,0,0,0,0,0,0.0001,0,0,0,0.0001,0,0,0,0,0,0,0,0,0.0001,0,0.1108,0.1442,0.1108,0.1442,1
0.6807,0,0.6807,0,0,0,0.6807,0.6807,0.6807,0.6807,2.0422,0,0.6807,0,1.3615,1.3615,3.4037,0,0,0.6807,0.0001,0,0.0001,0,0,0,0.0001,0.0001,0.0001,0.0001,0.0002,0,0.0001,0,0.0002,0.0002,0.0004,0,0,0.0001,0.1637,0.1556,0.1637,0.1556,1
0,0.6574,1.3147,0,1.3147,0,0.6574,0.6574,0.6574,0.6574,0,0.6574,0,0.6574,0.6574,0.6574,1.3147,0,0,0,0,0.0001,0.0001,0,0.0001,0,0.0001,0.0001,0.0001,0.0001,0,0.0001,0,0.0001,0.0001,0.0001,0.0001,0,0,0,0.1681,0.1746,0.1681,0.1746,1
0.7954,0.7954,0,0,0.7954,0.7954,0,0,0,1.5907,0.7954,0,0,0,0.7954,0,0.7954,0.7954,0.7954,0.7954,0.0001,0.0001,0,0,0.0001,0.0001,0,0,0,0.0002,0.0001,0,0,0,0.0001,0,0.0001,0.0001,0.0001,0.0001,0.1,0.1047,0.1,0.1047,1
2.4526,0,0.4905,0,1.9621,2.9432,0.4905,0,0.4905,2.4526,0,0,0.4905,0.4905,0.4905,0.4905,0.4905,0.9811,0,0,0.0002,0,0,0,0.0001,0.0002,0,0,0,0.0002,0,0,0,0,0,0,0,0.0001,0,0,0.2534,0.2561,0.2534,0.2561,1
0.504,0,0,0,0.504,0.504,0,0,1.5121,0.504,0.504,0,0,0,1.0081,0,0,0.504,3.0242,0.504,0.0001,0,0,0,0.0001,0.0001,0,0,0.0002,0.0001,0.0001,0,0,0,0.0001,0,0,0.0001,0.0004,0.0001,0.2645,0.2315,0.2645,0.2315,1
1.3062,0.4354,0.4354,0.8708,0.8708,0.4354,1.3062,0,1.7416,0.8708,0.8708,0.8708,1.3062,0,0.8708,0,0.8708,0,0,0,0.0001,0,0,0.0001,0.0001,0,0.0001,0,0.0001,0.0001,0.0001,0.0001,0.0001,0,0.0001,0,0.0001,0,0,0,0.29,0.2746,0.29,0.2746,1
0,0,1.5889,0.5296,0.5296,0,0,0.5296,0.5296,2.1185,0,0,0,0.5296,0.5296,1.0593,0,0,1.5889,0,0,0,0.0001,0,0,0,0,0,0,0.0001,0,0,0,0,0,0.0001,0,0,0.0001,0,0.2273,0.2431,0.2273,0.2431,1
0,0,0,0,0,1.4694,0,0,0.7347,2.204,0,0,0.7347,0.7347,0.7347,0.7347,0,0.7347,1.4694,0,0,0,0,0,0,0.0002,0,0,0.0001,0.0003,0,0,0.0001,0.0001,0.0001,0.0001,0,0.0001,0.0002,0,0.1351,0.1302,0.1351,0.1302,1
0,0,0.6888,0,0,1.3777,0,0,0,0.6888,0,1.3777,0.6888,0.6888,1.3777,0.6888,0,0.6888,0,0,0,0,0.0001,0,0,0.0002,0,0,0,0.0001,0,0.0002,0.0001,0.0001,0.0002,0.0001,0,0.0001,0,0,0.1662,0.145,0.1662,0.145,1
0.6304,0,0.6304,0,0.6304,1.2607,0,0.6304,1.8911,0.6304,1.2607,0,0,0.6304,1.8911,0,0.6304,1.2607,0,1.2607,0.0001,0,0.0001,0,0.0001,0.0002,0,0.0001,0.0003,0.0001,0.0002,0,0,0.0001,0.0003,0,0.0001,0.0002,0,0.0002,0.1688,0.2008,0.1688,0.2008,1
0,1.0805,1.0805,0,0,0.5403,0.5403,0,1.6208,0.5403,0,0.5403,0,0,2.1611,0,1.0805,0.5403,0,0.5403,0,0.0001,0.0001,0,0,0,0,0,0.0001,0,0,0,0,0,0.0002,0,0.0001,0,0,0,0.2208,0.239,0.2208,0.239,1
2.7533,0,0,0.4589,0,0,0,0,3.671,0,0,0,0,0,1.8355,0.4589,0,0.4589,0.4589,0,0.0003,0,0,0.0001,0,0,0,0,0.0004,0,0,0,0,0,0.0002,0.0001,0,0.0001,0.0001,0,0.219,0.3221,0.219,0.3221,1
1.308,0,1.962,0.654,0.654,0,0.654,0,0.654,1.308,0,0,0,0,1.308,0,1.308,0,0,1.308,0.0001,0,0.0002,0.0001,0.0001,0,0.0001,0,0.0001,0.0001,0,0,0,0,0.0001,0,0.0001,0,0,0.0001,0.1807,0.1653,0.1807,0.1653,1
0,0,1.2048,0,0,1.2048,0,0,1.2048,1.2048,0,0,0.6024,0,0.6024,0.6024,0,0.6024,0.6024,0,0,0,0.0001,0,0,0.0001,0,0,0.0001,0.0001,0,0,0.0001,0,0.0001,0.0001,0,0.0001,0.0001,0,0.1893,0.2083,0.1893,0.2083,1
1.3081,0.654,1.9621,0.654,0,0.654,0,0.654,0,0.654,0,0,0.654,0,0,1.9621,0.654,2.6162,0,0,0.0001,0,0.0001,0,0,0,0,0,0,0,0,0,0,0,0,0.0001,0,0.0002,0,0,0.1997,0.1463,0.1997,0.1463,1
0.5158,2.0632,1.0316,0,1.0316,1.0316,0,0.5158,1.5474,0,1.5474,0,1.5474,0,0.5158,0,1.5474,0.5158,0,0,0,0.0001,0.0001,0,0.0001,0.0001,0,0,0.0001,0,0.0001,0,0.0001,0,0,0,0.0001,0,0,0,0.2603,0.2239,0.2603,0.2239,1
1.9045,0.6348,1.2697,0.6348,0.6348,0,0,1.2697,0,1.2697,0,0.6348,0.6348,0,0.6348,1.9045,0,1.2697,0,0,0.0001,0,0.0001,0,0,0,0,0.0001,0,0.0001,0,0,0,0,0,0.0001,0,0.0001,0,0,0.1983,0.1668,0.1983,0.1668,1
2.1664,0,0,0.7221,0.7221,1.4443,0,0,0,4.3329,0.7221,0.7221,0.7221,0.7221,0,0,1.4443,0.7221,0,0,0.0002,0,0,0.0001,0.0001,0.0001,0,0,0,0.0004,0.0001,0.0001,0.0001,0.0001,0,0,0.0001,0.0001,0,0,0.145,0.1329,0.145,0.1329,1
0.4466,0,0.8933,0,0.4466,0.8933,0.8933,0.8933,1.3399,0.4466,0.4466,0.8933,0,0.8933,0.4466,0.4466,0.4466,1.3399,0.8933,0,0,0,0.0001,0,0,0.0001,0.0001,0.0001,0.0001,0,0,0.0001,0,0.0001,0,0,0,0.0001,0.0001,0,0.2348,0.3185,0.2348,0.3185,1
1.2351,0.6176,0.6176,0.6176,0,1.2351,0,0.6176,0,0.6176,0,0.6176,1.2351,0,1.2351,0.6176,0,1.8527,1.2351,0,0.0001,0,0,0,0,0.0001,0,0,0,0,0,0,0.0001,0,0.0001,0,0,0.0001,0.0001,0,0.2157,0.1667,0.2157,0.1667,1
0,0.7271,0,0,0,0,0.7271,1.4543,0,0.7271,2.1814,0,0,0.7271,1.4543,0,0.7271,0,0,0,0,0.0001,0,0,0,0,0.0001,0.0002,0,0.0001,0.0002,0,0,0.0001,0.0002,0,0.0001,0,0,0,0.1302,0.1427,0.1302,0.1427,1
1.2867,0,0,1.2867,3.2168,0.6434,0,1.2867,0.6434,0,1.2867,0,2.5734,0,0,0,0,0.6434,0,0,0.0001,0,0,0.0001,0.0003,0.0001,0,0.0001,0.0001,0,0.0001,0,0.0003,0,0,0,0,0.0001,0,0,0.2085,0.1481,0.2085,0.1481,1
2.2326,0.4465,0,0.4465,0,0,0,0.893,4.4652,0.4465,0,0.4465,0,0,0.893,0,0.4465,0.4465,0,0.4465,0.0002,0,0,0,0,0,0,0.0001,0.0004,0,0,0,0,0,0.0001,0,0,0,0,0,0.2674,0.2861,0.2674,0.2861,1
0,0,1.3873,2.0809,0,0,0,1.3873,0,1.3873,0.6936,0.6936,0,0,0,0.6936,0,2.0809,0,0,0,0,0.0001,0.0002,0,0,0,0.0001,0,0.0001,0.0001,0.0001,0,0,0,0.0001,0,0.0002,0,0,0.1992,0.1072,0.1992,0.1072,1
0.6316,0,0.6316,0,0,1.8947,0.6316,1.2631,1.8947,0,0.6316,0,0,1.2631,0.6316,1.2631,0,1.2631,0,0,0.0001,0,0.0001,0,0,0.0002,0.0001,0.0001,0.0002,0,0.0001,0,0,0.0001,0.0001,0.0001,0,0.0001,0,0,0.185,0.1834,0.185,0.1834,1
2.0136,0,1.5102,0.5034,1.0068,0.5034,0.5034,0,1.0068,0,0.5034,0,1.0068,0,1.0068,1.0068,1.0068,0,0,0,0.0002,0,0.0001,0,0.0001,0,0,0,0.0001,0,0,0,0.0001,0,0.0001,0.0001,0.0001,0,0,0,0.275,0.2216,0.275,0.2216,1
0.6269,0,0.6269,0.6269,0,0,1.2538,0,0,0.6269,0,0,2.5076,0,1.2538,1.2538,0,0.6269,0,0,0.0001,0,0.0001,0.0001,0,0,0.0002,0,0,0.0001,0,0,0.0004,0,0.0002,0.0002,0,0.0001,0,0,0.234,0.1391,0.234,0.1391,1
0,0,0.7635,0,0,0,0,2.2905,0,3.0541,0,0,0,0,0.7635,0.7635,0,0.7635,0.7635,0.7635,0,0,0.0001,0,0,0,0,0.0003,0,0.0004,0,0,0,0,0.0001,0.0001,0,0.0001,0.0001,0.0001,0.1227,0.1138,0.1227,0.1138,1
0,1.1427,0.5714,0.5714,1.1427,0.5714,0.5714,0,1.1427,0,0.5714,0,0.5714,1.1427,0,0.5714,0.5714,1.7141,0.5714,0,0,0.0001,0,0,0.0001,0,0,0,0.0001,0,0,0,0,0.0001,0,0,0,0.0001,0,0,0.2167,0.212,0.2167,0.212,1
2.1903,0.7301,0,2.1903,0,0,0,0,0,0.7301,0.7301,0.7301,0,0,0,1.4602,0.7301,0.7301,0,0,0.0002,0.0001,0,0.0002,0,0,0,0,0,0.0001,0.0001,0.0001,0,0,0,0.0001,0.0001,0.0001,0,0,0.1229,0.147,0.1229,0.147,1
0,0.6217,0,2.4868,0.6217,0.6217,0,0,0,1.8651,0.6217,1.2434,1.2434,0,0,0.6217,0.6217,1.2434,0.6217,0,0,0,0,0.0002,0,0,0,0,0,0.0001,0,0.0001,0.0001,0,0,0,0,0.0001,0,0,0.1938,0.1845,0.1938,0.1845,1
0.8774,0,0,0,1.7548,0,0,0.8774,0,2.6322,0.8774,0.8774,0,0.8774,0,0.8774,0,2.6322,0,0.8774,0.0001,0,0,0,0.0002,0,0,0.0001,0,0.0003,0.0001,0.0001,0,0.0001,0,0.0001,0,0.0003,0,0.0001,0.0922,0.0304,0.0922,0.0304,1
1.7926,0,0,0,1.7926,0.4481,0,0.8963,2.2407,1.3444,0,0,0,0,1.7926,0,0,0,0,0,0.0002,0,0,0,0.0002,0,0,0.0001,0.0002,0.0001,0,0,0,0,0.0002,0,0,0,0,0,0.2384,0.3135,0.2384,0.3135,1
3.8158,0,0.636,0,0.636,0.636,0,0,0,0.636,0,0,0.636,0,1.9079,0,0.636,0,0,0,0.0005,0,0.0001,0,0.0001,0.0001,0,0,0,0.0001,0,0,0.0001,0,0.0003,0,0.0001,0,0,0,0.1935,0.1705,0.1935,0.1705,1
0.4358,1.3075,0.4358,0,0.8717,1.3075,0.4358,0.8717,0,1.3075,0,0,0.8717,0,2.1791,0.8717,0,0,0.4358,0.4358,0,0.0001,0,0,0.0001,0.0001,0,0.0001,0,0.0001,0,0,0.0001,0,0.0001,0.0001,0,0,0,0,0.2739,0.2902,0.2739,0.2902,1
1.619,0,0,0,0,0.5397,1.0793,0,0.5397,1.0793,0,0.5397,0.5397,0,2.6983,0.5397,1.0793,0,0,0,0.0002,0,0,0,0,0.0001,0.0001,0,0.0001,0.0001,0,0.0001,0.0001,0,0.0004,0.0001,0.0001,0,0,0,0.2009,0.2594,0.2009,0.2594,1
1.6441,0.411,1.2331,0.8221,0.411,0.411,0,0.8221,1.6441,0.411,0,1.2331,0,0,0.411,0.411,0.411,1.2331,0.411,0.411,0.0001,0,0.0001,0.0001,0,0,0,0.0001,0.0001,0,0,0.0001,0,0,0,0,0,0.0001,0,0,0.2815,0.3075,0.2815,0.3075,1
0.7357,0,0.7357,0,2.2071,2.2071,0,0.7357,0,2.2071,0,0,0,0,0,0.7357,0,0,0.7357,0,0.0001,0,0.0001,0,0.0002,0.0002,0,0.0001,0,0.0002,0,0,0,0,0,0.0001,0,0,0.0001,0,0.1387,0.1255,0.1387,0.1255,1
0,0,1.2298,0,0.6149,0,0,0.6149,0.6149,2.4596,0,0.6149,0,0,2.4596,0,0,0,0,0.6149,0,0,0.0001,0,0.0001,0,0,0.0001,0.0001,0.0003,0,0.0001,0,0,0.0003,0,0,0,0,0.0001,0.2134,0.1717,0.2134,0.1717,1
0.6482,0,0.6482,0,1.2963,0,0,0.6482,1.2963,1.2963,0.6482,0.6482,0,0.6482,0,0,0.6482,0.6482,0.6482,0,0.0001,0,0.0001,0,0.0001,0,0,0.0001,0.0001,0.0001,0.0001,0.0001,0,0.0001,0,0,0.0001,0.0001,0.0001,0,0.1957,0.1562,0.1957,0.1562,1
0.6107,0,0.6107,0,0,0.6107,0,0.6107,2.4427,0.6107,1.2213,0,0,0,1.2213,0,0,0.6107,0,0.6107,0.0001,0,0.0001,0,0,0.0001,0,0.0001,0.0004,0.0001,0.0002,0,0,0,0.0002,0,0,0.0001,0,0.0001,0.1671,0.2222,0.1671,0.2222,1
1.2452,0,0.6226,0,0,0,1.2452,0.6226,0,1.2452,0,0.6226,0.6226,0.6226,0.6226,0,0,0.6226,1.2452,0,0.0001,0,0.0001,0,0,0,0.0001,0.0001,0,0.0001,0,0.0001,0.0001,0.0001,0.0001,0,0,0.0001,0.0001,0,0.1928,0.1846,0.1928,0.1846,1
0.6464,0,0,0,0.6464,1.2928,0,4.5246,0.6464,0,2.5855,0.6464,0.6464,0.6464,3.2319,0,1.9391,0,0,0.6464,0.0001,0,0,0,0.0001,0.0002,0,0.0006,0.0001,0,0.0003,0.0001,0.0001,0.0001,0.0004,0,0.0002,0,0,0.0001,0.1903,0.1634,0.1903,0.1634,1
1.8757,0.6252,0,0.6252,1.2504,1.2504,0,0.6252,0,1.2504,0,1.8757,0.6252,0.6252,0.6252,1.8757,0,0,0,0,0.0001,0,0,0,0.0001,0.0001,0,0,0,0.0001,0,0.0001,0,0,0,0.0001,0,0,0,0,0.1843,0.1904,0.1843,0.1904,1
1.2384,0,0.6192,0.6192,0.6192,0.6192,0,0,1.2384,0,0,0,1.2384,0.6192,1.2384,0,0,0,0.6192,0,0.0001,0,0.0001,0.0001,0.0001,0.0001,0,0,0.0001,0,0,0,0.0001,0.0001,0.0001,0,0,0,0.0001,0,0.1763,0.2045,0.1763,0.2045,1
0,0,1.6359,2.4539,0,0,0,1.2269,2.4539,0.409,0,0.818,0,1.2269,0,0.409,0.409,0,0.818,0.409,0,0,0.0002,0.0002,0,0,0,0.0001,0.0002,0,0,0.0001,0,0.0001,0,0,0,0,0.0001,0,0.2787,0.3124,0.2787,0.3124,1
0,0.5191,2.0765,0.5191,0.5191,0,0,0,0.5191,2.0765,0,0,0,0,0.5191,1.0382,0.5191,0,1.5574,0,0,0,0.0001,0,0,0,0,0,0,0.0001,0,0,0,0,0,0.0001,0,0,0.0001,0,0.2837,0.1971,0.2837,0.1971,1
0,0.6973,2.092,0,0.6973,0,0,2.092,0,1.3946,0,0,0.6973,0,0,2.092,0.6973,0.6973,0,0,0,0.0001,0.0002,0,0.0001,0,0,0.0002,0,0.0001,0,0,0.0001,0,0,0.0002,0.0001,0.0001,0,0,0.1658,0.1369,0.1658,0.1369,1
0,0,1.0827,1.0827,0,0,0,0,0.5414,0.5414,0,0.5414,0.5414,0,0.5414,2.7068,2.7068,2.1654,0,0.5414,0,0,0.0001,0.0001,0,0,0,0,0,0,0,0,0,0,0,0.0002,0.0002,0.0002,0,0,0.2398,0.2189,0.2398,0.2189,1
1.6902,0,1.6902,0.5634,0,0,0,0.5634,1.6902,0,0,0,0.5634,0,0.5634,0.5634,0,2.2536,0.5634,0.5634,0.0001,0,0.0001,0,0,0,0,0,0.0001,0,0,0,0,0,0,0,0,0.0002,0,0,0.1834,0.2532,0.1834,0.2532,1
0,0,0.6611,0,1.3222,0.6611,0.6611,0,0,1.3222,1.3222,1.3222,0,0,0.6611,0.6611,0,1.3222,0,0,0,0,0.0001,0,0.0001,0.0001,0.0001,0,0,0.0001,0.0001,0.0001,0,0,0.0001,0.0001,0,0.0001,0,0,0.1655,0.1734,0.1655,0.1734,1
0,1.1236,1.1236,0,1.1236,1.1236,0,0,0.5618,1.1236,1.6854,0.5618,0,0,1.1236,0.5618,0.5618,1.1236,0.5618,0.5618,0,0.0001,0.0001,0,0.0001,0.0001,0,0,0,0.0001,0.0001,0,0,0,0.0001,0,0,0.0001,0,0,0.242,0.1962,0.242,0.1962,1
2.1794,0,0,0.7265,0,0,0,0,3.6323,0.7265,0,0,0,0,0.7265,0,0.7265,2.1794,0,0.7265,0.0004,0,0,0.0001,0,0,0,0,0.0006,0.0001,0,0,0,0,0.0001,0,0.0001,0.0004,0,0.0001,0.1602,0.1134,0.1602,0.1134,1
1.0742,0.5371,0.5371,0.5371,0,0,1.6113,0.5371,0.5371,0.5371,0,0.5371,0,1.0742,1.6113,1.0742,1.0742,0,0,0,0.0001,0.0001,0.0001,0.0001,0,0,0.0002,0.0001,0.0001,0.0001,0,0.0001,0,0.0001,0.0002,0.0001,0.0001,0,0,0,0.2165,0.2464,0.2165,0.2464,1
0.5131,1.0262,0.5131,0,0.5131,0.5131,0,1.5393,1.0262,0,0.5131,1.0262,0,0,2.0523,0.5131,2.5654,1.0262,0,0.5131,0,0.0001,0,0,0,0,0,0.0001,0.0001,0,0,0.0001,0,0,0.0001,0,0.0002,0.0001,0,0,0.2227,0.2642,0.2227,0.2642,1
1.3542,0,0,0,0,2.7085,0,0.6771,1.3542,5.417,0,0.6771,0.6771,0,0,0,0,0.6771,0,0,0.0001,0,0,0,0,0.0002,0,0.0001,0.0001,0.0004,0,0.0001,0.0001,0,0,0,0,0.0001,0,0,0.1373,0.1856,0.1373,0.1856,1
0.5952,0,0,0.5952,0,1.7855,0.5952,0,0.5952,2.9759,0,1.7855,0,2.3807,0.5952,1.1903,0,0.5952,0,0,0,0,0,0,0,0.0001,0,0,0,0.0002,0,0.0001,0,0.0002,0,0.0001,0,0,0,0,0.1907,0.2141,0.1907,0.2141,1
1.2879,0.6439,0,0,0.6439,1.9318,0.6439,0,1.2879,1.9318,0.6439,0.6439,0.6439,0,0,0,0.6439,0,0.6439,0,0.0001,0.0001,0,0,0.0001,0.0002,0.0001,0,0.0001,0.0002,0.0001,0.0001,0.0001,0,0,0,0.0001,0,0.0001,0,0.1968,0.1593,0.1968,0.1593,1
1.2722,1.2722,0,2.5444,0,0.6361,0,0.6361,0.6361,1.2722,0,0,0.6361,0,0,0,1.2722,0.6361,0,0,0.0001,0.0001,0,0.0002,0,0.0001,0,0.0001,0.0001,0.0001,0,0,0.0001,0,0,0,0.0001,0.0001,0,0,0.1961,0.1678,0.1961,0.1678,1
0.8419,0,0,0,1.6839,0,0,0,3.3677,0.8419,0,0,0.8419,0,0,0,0.8419,1.6839,0,0.8419,0.0002,0,0,0,0.0004,0,0,0,0.0009,0.0002,0,0,0.0002,0,0,0,0.0002,0.0004,0,0.0002,0.0638,0.0942,0.0638,0.0942,1
0,0.4547,0.4547,0,0.4547,0.4547,0,0,0.4547,3.1826,0.4547,0,0.9093,0,2.2733,0,0.4547,0.9093,0.4547,0.4547,0,0,0,0,0,0,0,0,0,0.0002,0,0,0.0001,0,0.0002,0,0,0.0001,0,0,0.267,0.2784,0.267,0.2784,1
0.6369,0,0,1.2738,0,0,1.2738,0,0.6369,0,0,0,1.9107,0,0.6369,1.9107,0,1.2738,0,0,0.0001,0,0,0.0002,0,0,0.0002,0,0.0001,0,0,0,0.0003,0,0.0001,0.0003,0,0.0002,0,0,0.2315,0.1316,0.2315,0.1316,1
1.0447,0,0,0,0.5223,1.567,0.5223,0,0,1.0447,0,0,1.567,0,2.6116,0.5223,0,1.567,0,0,0.0001,0,0,0,0.0001,0.0002,0.0001,0,0,0.0001,0,0,0.0002,0,0.0003,0.0001,0,0.0002,0,0,0.2604,0.2173,0.2604,0.2173,1
0.5201,0.5201,1.5604,0.5201,0.5201,0,0,0,0.5201,1.5604,0,0,0,0,0.5201,1.0403,0.5201,0.5201,1.5604,0,0,0,0.0001,0,0,0,0,0,0,0.0001,0,0,0,0,0,0.0001,0,0,0.0001,0,0.2535,0.2264,0.2535,0.2264,1
0.4227,0,0.8454,2.9589,0,0,0,1.2681,1.2681,0.4227,0,0.8454,0,1.6908,0.4227,0.4227,0.4227,0,0.8454,0.8454,0,0,0.0001,0.0003,0,0,0,0.0001,0.0001,0,0,0.0001,0,0.0001,0,0,0,0,0.0001,0.0001,0.2477,0.3296,0.2477,0.3296,1
1.5497,0,0,0,0.7749,1.5497,0,2.3246,0.7749,4.6492,0,0,0.7749,0.7749,0,0.7749,0.7749,1.5497,0,0,0.0002,0,0,0,0.0001,0.0002,0,0.0003,0.0001,0.0006,0,0,0.0001,0.0001,0,0.0001,0.0001,0.0002,0,0,0.1113,0.1138,0.1113,0.1138,1
0.5896,3.5378,0,0.5896,0,2.9482,0,0.5896,1.7689,1.1793,0.5896,1.1793,1.7689,0,0,0,2.3585,0,0.5896,0,0,0.0001,0,0,0,0.0001,0,0,0.0001,0,0,0,0.0001,0,0,0,0.0001,0,0,0,0.2143,0.1961,0.2143,0.1961,1
0,3.7151,0,0.6192,0,3.0959,0,0.6192,0,1.2384,0,1.2384,1.8576,0,0.6192,1.2384,3.0959,0.6192,0.6192,0,0,0.0001,0,0,0,0.0001,0,0,0,0,0,0,0.0001,0,0,0,0.0001,0,0,0,0.1937,0.1871,0.1937,0.1871,1
0.5523,0.5523,0.5523,0,0,0.5523,0.5523,0.5523,1.1046,0,1.1046,0.5523,0.5523,0.5523,0.5523,0,1.6569,0.5523,0.5523,1.1046,0,0,0,0,0,0,0,0,0.0001,0,0.0001,0,0,0,0,0,0.0001,0,0,0.0001,0.2453,0.2025,0.2453,0.2025,1
2.0687,0,0.6896,1.3791,0,0,0,0.6896,0.6896,1.3791,0,0.6896,0,0,0,0,1.3791,2.0687,0,0,0.0002,0,0.0001,0.0002,0,0,0,0.0001,0.0001,0.0002,0,0.0001,0,0,0,0,0.0002,0.0002,0,0,0.1773,0.1331,0.1773,0.1331,1
0.5989,0.5989,0.5989,0,0.5989,0,0.5989,1.1978,0.5989,0.5989,2.3956,0,2.3956,0,0.5989,1.1978,1.1978,0,1.1978,0,0,0,0,0,0,0,0,0.0001,0,0,0.0001,0,0.0001,0,0,0.0001,0.0001,0,0.0001,0,0.1716,0.2294,0.1716,0.2294,1
0.6641,0.6641,0.6641,0,0,0,0,0.6641,0,0.6641,1.3283,0.6641,0,1.3283,1.3283,0,0.6641,1.9924,0,0.6641,0.0001,0.0001,0.0001,0,0,0,0,0.0001,0,0.0001,0.0001,0.0001,0,0.0001,0.0001,0,0.0001,0.0002,0,0.0001,0.1603,0.1756,0.1603,0.1756,1
0.5119,0,1.0238,1.5356,0,1.0238,0,0.5119,1.0238,1.0238,0,0,0,0,1.5356,0.5119,0,2.0475,0,0,0,0,0.0001,0.0001,0,0.0001,0,0,0.0001,0.0001,0,0,0,0,0.0001,0,0,0.0002,0,0,0.2335,0.2546,0.2335,0.2546,1
0.5284,2.1138,1.0569,0.5284,0.5284,1.0569,0.5284,1.5853,1.0569,0,1.0569,0,0,0.5284,0.5284,0.5284,0,1.5853,0,0,0,0.0001,0.0001,0,0,0.0001,0,0.0001,0.0001,0,0.0001,0,0,0,0,0,0,0.0001,0,0,0.2121,0.2595,0.2121,0.2595,1
0,0,0,0.7473,0.7473,0,0,0.7473,0.7473,0.7473,0,1.4945,3.7363,0.7473,0,0.7473,0,1.4945,0,0.7473,0,0,0,0.0001,0.0001,0,0,0.0001,0.0001,0.0001,0,0.0002,0.0004,0.0001,0,0.0001,0,0.0002,0,0.0001,0.1361,0.1166,0.1361,0.1166,1
0,0.5533,0,0,0,1.1066,0,4.4266,1.66,0,2.2133,0,0.5533,0,3.3199,0,1.1066,0.5533,0,0,0,0,0,0,0,0.0001,0,0.0004,0.0001,0,0.0002,0,0,0,0.0003,0,0.0001,0,0,0,0.1856,0.2611,0.1856,0.2611,1
1.0555,1.5832,0.5277,0.5277,0.5277,0.5277,0.5277,0.5277,1.5832,1.5832,1.0555,0,0.5277,0,1.0555,0,0.5277,1.5832,0,0.5277,0.0001,0.0001,0,0,0,0,0,0,0.0001,0.0001,0.0001,0,0,0,0.0001,0,0,0.0001,0,0,0.2783,0.1939,0.2783,0.1939,1
1.3849,0,1.3849,1.8466,0,0,0,0.4616,2.7699,0.4616,0.4616,0.4616,0,0.9233,0,1.3849,0.4616,0.9233,0,0.9233,0.0001,0,0.0001,0.0001,0,0,0,0,0.0002,0,0,0,0,0.0001,0,0.0001,0,0.0001,0,0.0001,0.2967,0.2417,0.2967,0.2417,1
1.1811,0.5905,0,0,0,4.1337,0.5905,0.5905,1.7716,1.1811,0.5905,0,1.1811,0,0,1.1811,2.3621,1.7716,0,0,0.0001,0,0,0,0,0.0003,0,0,0.0001,0.0001,0,0,0.0001,0,0,0.0001,0.0002,0.0001,0,0,0.2313,0.1781,0.2313,0.1781,1
0.546,0.546,1.6379,0.546,0,0,0,1.0919,1.0919,0.546,0.546,0.546,0.546,0.546,0,0.546,0.546,0.546,1.0919,0,0,0,0.0001,0,0,0,0,0.0001,0.0001,0,0,0,0,0,0,0,0,0,0.0001,0,0.2059,0.2482,0.2059,0.2482,1
2.9464,0,0,0,0.7366,0,0,0,2.9464,0.7366,0,0,0,0,0.7366,0.7366,0.7366,2.2098,0,0.7366,0.0005,0,0,0,0.0001,0,0,0,0.0005,0.0001,0,0,0,0,0.0001,0.0001,0.0001,0.0004,0,0.0001,0.1291,0.1343,0.1291,0.1343,1
1.0919,2.1838,1.0919,0,0,0.5459,0,0.5459,1.0919,2.1838,0.5459,0,0.5459,0.5459,2.1838,0,0.5459,1.0919,0,0,0.0001,0.0001,0.0001,0,0,0,0,0,0.0001,0.0001,0,0,0,0,0.0001,0,0,0.0001,0,0,0.2289,0.2251,0.2289,0.2251,1
2.1911,0,0.7304,0.7304,0,0,0,0,2.1911,0.7304,0,0,0,0,2.1911,0,0.7304,2.1911,0,0.7304,0.0003,0,0.0001,0.0001,0,0,0,0,0.0003,0.0001,0,0,0,0,0.0003,0,0.0001,0.0003,0,0.0001,0.155,0.1146,0.155,0.1146,1
1.2399,0.62,0.62,0.62,0.62,1.2399,0,1.2399,0.62,0.62,0,0.62,1.2399,0,0,0,1.2399,0,0.62,1.8599,0.0001,0,0,0,0,0.0001,0,0.0001,0,0,0,0,0.0001,0,0,0,0.0001,0,0,0.0001,0.1862,0.1938,0.1862,0.1938,1
3.3279,0,0,0,0,0.832,0,0,0,3.3279,0,0,0,0.832,0,0.832,0,4.1599,1.664,1.664,0.0004,0,0,0,0,0.0001,0,0,0,0.0004,0,0,0,0.0001,0,0.0001,0,0.0005,0.0002,0.0002,0.0915,0.0765,0.0915,0.0765,1
0.5223,0,0.5223,3.1337,0,0,0.5223,1.5669,0.5223,1.0446,1.5669,0,0,0,0,0,0,0,0.5223,0.5223,0,0,0,0.0003,0,0,0,0.0001,0,0.0001,0.0001,0,0,0,0,0,0,0,0,0,0.2286,0.2491,0.2286,0.2491,1
0,0.7028,0,0.7028,0,0.7028,0,0,0.7028,1.4057,0,0,0.7028,0,0,0,1.4057,0.7028,1.4057,0,0,0.0001,0,0.0001,0,0.0001,0,0,0.0001,0.0001,0,0,0.0001,0,0,0,0.0001,0.0001,0.0001,0,0.1366,0.1606,0.1366,0.1606,1
0.5834,0,0.5834,0,1.1668,1.1668,1.1668,0,1.7502,0,0.5834,0,2.9169,0,1.1668,0.5834,2.3335,0,0,1.1668,0.0001,0,0.0001,0,0.0001,0.0001,0.0001,0,0.0002,0,0.0001,0,0.0003,0,0.0001,0.0001,0.0003,0,0,0.0001,0.1735,0.2431,0.1735,0.2431,1
0.5487,0,1.0974,0.5487,0,0.5487,0,1.6462,0.5487,0.5487,0,0.5487,1.6462,1.0974,1.6462,0.5487,0,0.5487,0.5487,0.5487,0,0,0.0001,0,0,0,0,0.0001,0,0,0,0,0.0001,0.0001,0.0001,0,0,0,0,0,0.2198,0.2315,0.2198,0.2315,1
0.5954,0,1.7862,1.1908,0.5954,0,0.5954,1.1908,0,1.7862,0,0,0.5954,0,0,0.5954,1.7862,0.5954,0,0,0.0001,0,0.0002,0.0001,0.0001,0,0.0001,0.0001,0,0.0002,0,0,0.0001,0,0,0.0001,0.0002,0.0001,0,0,0.2253,0.1793,0.2253,0.1793,1
0.5351,3.7459,0.5351,0,0,2.6756,1.6054,0,0.5351,0.5351,0.5351,1.0702,1.6054,0,0,0.5351,1.6054,0,0,0.5351,0,0.0001,0,0,0,0.0001,0.0001,0,0,0,0,0,0.0001,0,0,0,0.0001,0,0,0,0.2418,0.223,0.2418,0.223,1
0,1.4696,0,0,3.674,0.7348,0,0,0.7348,0.7348,0.7348,0,2.2044,0,0,0.7348,1.4696,1.4696,0,0.7348,0,0.0001,0,0,0.0002,0,0,0,0,0,0,0,0.0001,0,0,0,0.0001,0.0001,0,0,0.1242,0.141,0.1242,0.141,1
0.6512,0,0,0.6512,0,0.6512,0,1.3024,0,0.6512,0.6512,0,0,0,0.6512,1.3024,0,0,1.3024,0,0.0001,0,0,0.0001,0,0.0001,0,0.0001,0,0.0001,0.0001,0,0,0,0.0001,0.0001,0,0,0.0001,0,0.1577,0.1911,0.1577,0.1911,1
0.4884,0.4884,0.4884,0,0,0.4884,0.9767,0.4884,0.9767,0.4884,0,0.4884,0.4884,0,1.9535,0.4884,0.9767,0,0.4884,0,0,0,0,0,0,0,0.0001,0,0.0001,0,0,0,0,0,0.0002,0,0.0001,0,0,0,0.2646,0.247,0.2646,0.247,1
1.6606,1.6606,1.1071,0,0.5535,2.2141,0,0.5535,0.5535,1.6606,0.5535,0.5535,1.1071,0,1.1071,0.5535,2.2141,0,0.5535,0,0.0001,0.0001,0.0001,0,0,0.0001,0,0,0,0.0001,0,0,0.0001,0,0.0001,0,0.0001,0,0,0,0.1951,0.2514,0.1951,0.2514,1
0.7389,0.7389,0,0.7389,0,0.7389,0,0.7389,0.7389,1.4777,0,0,0.7389,0,0,0,2.2166,0.7389,0,0,0.0001,0.0001,0,0.0001,0,0.0001,0,0.0001,0.0001,0.0002,0,0,0.0001,0,0,0,0.0003,0.0001,0,0,0.1314,0.1297,0.1314,0.1297,1
0,0,1.079,1.079,0,2.158,0.5395,0.5395,0,2.158,0,0,1.079,0,0.5395,0,0.5395,0.5395,0,1.079,0,0,0.0001,0.0001,0,0.0002,0,0,0,0.0002,0,0,0.0001,0,0,0,0,0,0,0.0001,0.2481,0.2124,0.2481,0.2124,1
0.8484,0,0,0,0.8484,0,0,0.8484,0,3.3936,1.6968,0.8484,0,0,0.8484,0,0,0,0.8484,0,0.0002,0,0,0,0.0002,0,0,0.0002,0,0.0007,0.0004,0.0002,0,0,0.0002,0,0,0,0.0002,0,0.0962,0.0554,0.0962,0.0554,1
0.6023,0.6023,0.6023,1.2047,0,2.4094,0,0,0,1.807,0.6023,0.6023,1.2047,0,0.6023,0,0,1.2047,0,1.2047,0,0,0,0.0001,0,0.0002,0,0,0,0.0001,0,0,0.0001,0,0,0,0,0.0001,0,0.0001,0.223,0.1747,0.223,0.1747,1
0,0,0,0,2.455,1.473,1.964,0.491,0.982,0.982,0,0,0,0,0.491,0,0.982,1.473,0,0,0,0,0,0,0.0003,0.0002,0.0002,0.0001,0.0001,0.0001,0,0,0,0,0.0001,0,0.0001,0.0002,0,0,0.2232,0.2858,0.2232,0.2858,1
1.054,0.527,0.527,1.054,1.054,0,0,0.527,1.054,0.527,0,0.527,1.054,0,0.527,0.527,0,0.527,1.054,0,0.0001,0,0,0.0001,0.0001,0,0,0,0.0001,0,0,0,0.0001,0,0,0,0,0,0.0001,0,0.2299,0.243,0.2299,0.243,1
0.893,0.893,0,1.3395,0.893,0,0.893,0.4465,0.893,1.3395,0,0.4465,1.3395,0.4465,1.786,0,0.893,0.4465,0,0,0.0001,0.0001,0,0.0001,0.0001,0,0.0001,0,0.0001,0.0001,0,0,0.0001,0,0.0001,0,0.0001,0,0,0,0.2601,0.2934,0.2601,0.2934,1
0.6124,0.6124,0,0,0,0,0,0.6124,1.8373,0,0,0.6124,1.8373,0.6124,1.2248,1.2248,1.2248,1.2248,0,0.6124,0.0001,0.0001,0,0,0,0,0,0.0001,0.0002,0,0,0.0001,0.0002,0.0001,0.0001,0.0001,0.0001,0.0001,0,0.0001,0.1925,0.1951,0.1925,0.1951,1
0,0.5127,0,0,0.5127,0.5127,0,0,0.5127,2.0508,0,0,0.5127,0,2.5635,0,1.0254,1.5381,0.5127,0.5127,0,0.0001,0,0,0.0001,0.0001,0,0,0.0001,0.0002,0,0,0.0001,0,0.0003,0,0.0001,0.0002,0.0001,0.0001,0.2436,0.2437,0.2436,0.2437,1
3.8636,0,0.4829,0,0.4829,0,0.9659,0,1.9318,0.9659,0.4829,0,0,0,0.9659,0.4829,0,1.4488,0,0,0.0004,0,0,0,0,0,0.0001,0,0.0002,0.0001,0,0,0,0,0.0001,0,0,0.0001,0,0,0.2376,0.2794,0.2376,0.2794,1
0.6898,0,1.3797,0,0,0,0,1.3797,0.6898,0.6898,0,0,0.6898,0,0,2.7594,1.3797,0,0,0,0.0001,0,0.0002,0,0,0,0,0.0002,0.0001,0.0001,0,0,0.0001,0,0,0.0003,0.0002,0,0,0,0.1563,0.1539,0.1563,0.1539,1
0,0.6037,0,0,0.6037,0,0.6037,0.6037,1.2074,1.2074,2.4148,0,1.2074,1.2074,0.6037,0.6037,0.6037,0.6037,0.6037,0.6037,0,0.0001,0,0,0.0001,0,0.0001,0.0001,0.0001,0.0001,0.0002,0,0.0001,0.0001,0.0001,0.0001,0.0001,0.0001,0.0001,0.0001,0.2105,0.1858,0.2105,0.1858,1
0.8349,0,0,0,0,0.8349,0,0,3.3396,0.8349,0,0,0,0,0,0.8349,0,3.3396,0,0.8349,0.0002,0,0,0,0,0.0002,0,0,0.0006,0.0002,0,0,0,0,0,0.0002,0,0.0006,0,0.0002,0.0653,0.0998,0.0653,0.0998,1
1.4499,0,0.725,0,0.725,0,0,0,0.725,2.1749,0.725,2.1749,1.4499,0,0,0.725,0.725,2.1749,0,0,0.0001,0,0.0001,0,0.0001,0,0,0,0.0001,0.0002,0.0001,0.0002,0.0001,0,0,0.0001,0.0001,0.0002,0,0,0.1509,0.1242,0.1509,0.1242,1
1.598,0,1.0653,1.598,0.5327,0.5327,0,0,0.5327,0.5327,0.5327,0,0.5327,0.5327,1.0653,0,0.5327,1.0653,0,0,0.0002,0,0.0001,0.0002,0.0001,0.0001,0,0,0.0001,0.0001,0.0001,0,0.0001,0.0001,0.0001,0,0.0001,0.0001,0,0,0.2517,0.2157,0.2517,0.2157,1
0.8417,0,0,0,0,0,0,0,3.367,2.5252,0,0,0.8417,0,0,0,0.8417,1.6835,0,0.8417,0.0002,0,0,0,0,0,0,0,0.0008,0.0006,0,0,0.0002,0,0,0,0.0002,0.0004,0,0.0002,0.0622,0.0961,0.0622,0.0961,1
0,0,1.2779,2.5559,0,0,0,1.7039,2.5559,0.426,0,0.426,0,1.2779,0,0.426,0.852,0,0.852,0.426,0,0,0.0001,0.0002,0,0,0,0.0001,0.0002,0,0,0,0,0.0001,0,0,0.0001,0,0.0001,0,0.2651,0.3089,0.2651,0.3089,1
1.8758,0.6253,0.6253,0.6253,0,0.6253,0,0,0.6253,1.8758,0,1.2505,0,0,1.2505,0,0,0.6253,0,0,0.0001,0,0,0,0,0,0,0,0,0.0001,0,0.0001,0,0,0.0001,0,0,0,0,0,0.1854,0.1893,0.1854,0.1893,1
1.5036,0.7518,0.7518,0.7518,0,0,0,0,0,0.7518,0.7518,0,0,0.7518,0,2.2555,1.5036,0.7518,0,2.2555,0.0001,0.0001,0.0001,0.0001,0,0,0,0,0,0.0001,0.0001,0,0,0.0001,0,0.0002,0.0001,0.0001,0,0.0002,0.1556,0.0926,0.1556,0.0926,1
1.7278,0,1.1519,0.5759,0.5759,1.1519,0,1.1519,1.1519,1.7278,0,0,0,0,0,0,1.1519,1.1519,0,0,0.0001,0,0.0001,0,0,0.0001,0,0.0001,0.0001,0.0001,0,0,0,0,0,0,0.0001,0.0001,0,0,0.206,0.2181,0.206,0.2181,1
0,0.5373,1.6119,0.5373,0.5373,0,0,0,0.5373,1.6119,0,0,0,0,0.5373,1.0746,0,1.0746,1.6119,0,0,0,0.0001,0,0,0,0,0,0,0.0001,0,0,0,0,0,0.0001,0,0.0001,0.0001,0,0.2334,0.2293,0.2334,0.2293,1
3.1149,0.623,0.623,0,2.4919,0,0,0.623,1.246,0,1.246,0.623,0,0,0.623,0,0,1.246,0,0,0.0002,0,0,0,0.0002,0,0,0,0.0001,0,0.0001,0,0,0,0,0,0,0.0001,0,0,0.1822,0.1948,0.1822,0.1948,1
0.5424,2.7118,1.6271,0.5424,0.5424,0.5424,0.5424,0.5424,0,1.0847,1.0847,1.0847,0.5424,0,0.5424,2.1695,0.5424,1.0847,0,0.5424,0,0.0001,0.0001,0,0,0,0,0,0,0,0,0,0,0,0,0.0001,0,0,0,0,0.2816,0.176,0.2816,0.176,1
1.1285,0,0,0.5643,0.5643,0.5643,0.5643,1.1285,1.6928,1.1285,0.5643,0.5643,2.257,0,0.5643,0.5643,2.8213,0,0,0,0.0001,0,0,0.0001,0.0001,0.0001,0.0001,0.0001,0.0002,0.0001,0.0001,0.0001,0.0002,0,0.0001,0.0001,0.0003,0,0,0,0.2145,0.2212,0.2145,0.2212,1
0.7085,0,0,0,0,0,0,2.8342,0.7085,1.4171,0,0.7085,0,0,0.7085,0,0,0,0,1.4171,0.0001,0,0,0,0,0,0,0.0005,0.0001,0.0003,0,0.0001,0,0,0.0001,0,0,0,0,0.0003,0.1455,0.146,0.1455,0.146,1
1.0848,1.6272,0.5424,0,0,0.5424,0,0,1.0848,0.5424,0,1.0848,1.0848,0,2.712,0,0.5424,0.5424,0,0,0.0001,0.0001,0,0,0,0,0,0,0.0001,0,0,0.0001,0.0001,0,0.0002,0,0,0,0,0,0.1977,0.2599,0.1977,0.2599,1
2.1614,0,0,0,0.7205,1.441,0.7205,0.7205,0,3.6024,0,0.7205,2.8819,0.7205,0,0.7205,1.441,2.1614,0,0,0.0002,0,0,0,0.0001,0.0001,0.0001,0.0001,0,0.0003,0,0.0001,0.0002,0.0001,0,0.0001,0.0001,0.0002,0,0,0.1271,0.1524,0.1271,0.1524,1
3.25,0.65,0,0,0,1.3,0,0,0,0.65,0,1.3,0.65,0,0.65,0,0,0,2.6,0,0.0002,0,0,0,0,0.0001,0,0,0,0,0,0.0001,0,0,0,0,0,0,0.0002,0,0.217,0.133,0.217,0.133,1
2.4833,0,0,0,0.8278,0,0,0,3.3111,0.8278,0,0,0,0,0,0,0.8278,2.4833,0,0.8278,0.0006,0,0,0,0.0002,0,0,0,0.0008,0.0002,0,0,0,0,0,0,0.0002,0.0006,0,0.0002,0.0687,0.1035,0.0687,0.1035,1
1.3208,1.3208,0,0.6604,0.6604,1.3208,0,1.3208,1.3208,0,0.6604,0.6604,0.6604,0.6604,2.6415,0,1.3208,1.9811,0,0,0.0001,0.0001,0,0,0,0.0001,0,0.0001,0.0001,0,0,0,0,0,0.0002,0,0.0001,0.0001,0,0,0.2089,0.1307,0.2089,0.1307,1
0.5995,0,1.199,0.5995,0.5995,0,0,1.199,0,0.5995,1.199,0,0.5995,0,1.199,1.7985,1.7985,2.398,0,0,0,0,0.0001,0,0,0,0,0.0001,0,0,0.0001,0,0,0,0.0001,0.0001,0.0001,0.0002,0,0,0.1969,0.2036,0.1969,0.2036,1
0.5016,1.5048,0,0,1.5048,0.5016,0,1.5048,1.5048,2.508,0,0,0,0,2.0064,0,1.0032,0.5016,0,0,0,0.0001,0,0,0.0001,0,0,0.0001,0.0001,0.0002,0,0,0,0,0.0001,0,0.0001,0,0,0,0.2753,0.2232,0.2753,0.2232,1
3.131,0,0.7828,0.7828,0.7828,0,0,0,0,2.3483,0,0,0,0,0,0,0.7828,1.5655,0,0.7828,0.0004,0,0.0001,0.0001,0.0001,0,0,0,0,0.0003,0,0,0,0,0,0,0.0001,0.0002,0,0.0001,0.1396,0.0776,0.1396,0.0776,1
1.1632,0,0.5816,0,0.5816,0.5816,0.5816,1.7447,0.5816,0,1.1632,0,0.5816,0.5816,0.5816,0,1.7447,0,0,0,0.0001,0,0.0001,0,0.0001,0.0001,0.0001,0.0002,0.0001,0,0.0001,0,0.0001,0.0001,0.0001,0,0.0002,0,0,0,0.2051,0.2133,0.2051,0.2133,1
1.3212,0.6606,0.6606,1.9818,0.6606,0,0.6606,0,0,0.6606,0.6606,0,0.6606,0,0,0.6606,0,0,0,0.6606,0.0001,0.0001,0.0001,0.0002,0.0001,0,0.0001,0,0,0.0001,0.0001,0,0.0001,0,0,0.0001,0,0,0,0.0001,0.1606,0.1788,0.1606,0.1788,1
0,0.579,0.579,0,0.579,1.158,0.579,0.579,2.3161,0.579,0,0,0.579,0,4.6321,0.579,0.579,2.8951,0,0,0,0,0,0,0,0.0001,0,0,0.0002,0,0,0,0,0,0.0004,0,0,0.0002,0,0,0.1852,0.2358,0.1852,0.2358,1
1.2222,1.2222,0.6111,0.6111,0.6111,3.0556,0,0,0.6111,0,1.2222,0,0.6111,0.6111,0,0,1.2222,2.4445,0,1.2222,0.0001,0.0001,0,0,0,0.0002,0,0,0,0,0.0001,0,0,0,0,0,0.0001,0.0001,0,0.0001,0.1938,0.1951,0.1938,0.1951,1
2.5741,0.6435,1.2871,0.6435,0.6435,0,0,0,0,1.9306,0,0,0.6435,0.6435,0.6435,0.6435,1.2871,1.9306,0,0,0.0002,0,0.0001,0,0,0,0,0,0,0.0001,0,0,0,0,0,0,0.0001,0.0001,0,0,0.1999,0.1566,0.1999,0.1566,1
0,0,0,0,2.3287,0,0.7762,0,1.5524,3.1049,0,0,0,0.7762,5.4336,0,0,1.5524,0,0,0,0,0,0,0.0005,0,0.0002,0,0.0003,0.0007,0,0,0,0.0002,0.0012,0,0,0.0003,0,0,0.1024,0.1213,0.1024,0.1213,1
1.4608,0,0.4869,0,1.9477,3.4086,0.4869,0.9739,0.4869,0,0,0,0,0.4869,0.4869,0.9739,0.4869,2.4347,0.4869,0,0.0001,0,0,0,0.0001,0.0002,0,0.0001,0,0,0,0,0,0,0,0.0001,0,0.0002,0,0,0.2615,0.2515,0.2615,0.2515,1
0,0.8426,0,0,0.8426,0,0.8426,0,0,0.8426,0,0,0.8426,0,0.8426,0,1.6852,1.6852,0,0,0,0.0001,0,0,0.0001,0,0.0001,0,0,0.0001,0,0,0.0001,0,0.0001,0,0.0002,0.0002,0,0,0.065,0.0924,0.065,0.0924,1
1.5523,0,0.5174,0,2.0697,3.1046,0.5174,1.0349,0.5174,0.5174,0.5174,0.5174,0,0.5174,0,1.5523,0,2.0697,0.5174,0,0.0001,0,0,0,0.0001,0.0002,0,0.0001,0,0,0,0,0,0,0,0.0001,0,0.0001,0,0,0.2429,0.2397,0.2429,0.2397,1
1.5218,0.7609,0,0,1.5218,0,0,1.5218,1.5218,2.2827,0.7609,0.7609,0.7609,0,0,1.5218,0.7609,1.5218,0,0,0.0001,0.0001,0,0,0.0001,0,0,0.0001,0.0001,0.0002,0.0001,0.0001,0.0001,0,0,0.0001,0.0001,0.0001,0,0,0.0946,0.1445,0.0946,0.1445,1
0,0,0.472,0.472,0.9441,0.472,0.472,0,0.9441,2.3601,0,0.472,0.472,0.472,1.8881,0,0.472,0.472,0,0,0,0,0,0,0.0001,0,0,0,0.0001,0.0002,0,0,0,0,0.0002,0,0,0,0,0,0.2472,0.2808,0.2472,0.2808,1
0,0,0.605,1.2101,0,0,0.605,0.605,1.8151,1.2101,0,0.605,0.605,0,0.605,0,1.2101,1.2101,0,0,0,0,0.0001,0.0002,0,0,0.0001,0.0001,0.0002,0.0002,0,0.0001,0.0001,0,0.0001,0,0.0002,0.0002,0,0,0.1809,0.2141,0.1809,0.2141,1
1.1453,0,0,0.5727,0.5727,1.718,1.1453,0.5727,1.1453,2.2906,0,0,1.1453,0,0,0.5727,0,3.4359,0,0,0.0001,0,0,0,0,0.0001,0.0001,0,0.0001,0.0002,0,0,0.0001,0,0,0,0,0.0003,0,0,0.1806,0.2468,0.1806,0.2468,1
0,0.5061,1.5182,1.0121,0.5061,0,0,0,0.5061,1.5182,0,0,0,0,0.5061,1.0121,0.5061,0.5061,2.0243,0,0,0,0.0001,0.0001,0,0,0,0,0,0.0001,0,0,0,0,0,0.0001,0,0,0.0001,0,0.2859,0.2081,0.2859,0.2081,1
0.6604,0,0.6604,0,0,1.3208,0,0,1.3208,5.2833,0,0,0.6604,0,0,0,0,0,0,0,0.0001,0,0.0001,0,0,0.0001,0,0,0.0001,0.0005,0,0,0.0001,0,0,0,0,0,0,0,0.1499,0.1897,0.1499,0.1897,1
1.5138,0,0,0,0,1.5138,0.7569,0,0.7569,1.5138,0.7569,0,1.5138,0,0,0.7569,0,0,0.7569,0,0.0002,0,0,0,0,0.0002,0.0001,0,0.0001,0.0002,0.0001,0,0.0002,0,0,0.0001,0,0,0.0001,0,0.1313,0.1118,0.1313,0.1118,1
1.8342,0,1.2228,1.2228,0.6114,0,0,0.6114,0.6114,1.2228,1.2228,0,0.6114,0,0.6114,1.8342,0,0,0.6114,0,0.0001,0,0.0001,0.0001,0,0,0,0,0,0.0001,0.0001,0,0,0,0,0.0001,0,0,0,0,0.1743,0.2143,0.1743,0.2143,1
0,0,0.9832,1.9663,0.9832,0,0.9832,0.4916,0.4916,0.4916,0,0.4916,0,0.4916,0.9832,1.4747,1.4747,1.9663,0,0,0,0,0.0001,0.0002,0.0001,0,0.0001,0,0,0,0,0,0,0,0.0001,0.0001,0.0001,0.0002,0,0,0.2246,0.2838,0.2246,0.2838,1
2.7114,2.0335,0.6778,0,0.6778,2.7114,0.6778,0,0,2.0335,0,0.6778,0,0,0,1.3557,0,0.6778,0.6778,0.6778,0.0001,0.0001,0,0,0,0.0001,0,0,0,0.0001,0,0,0,0,0,0.0001,0,0,0,0,0.162,0.1602,0.162,0.1602,1
0.8436,0.4218,0.4218,0.8436,0.8436,0.4218,0,0,1.6871,2.5307,2.1089,0.4218,0,0,0.4218,0.4218,0,0.4218,0.4218,0.4218,0.0001,0,0,0.0001,0.0001,0,0,0,0.0001,0.0002,0.0001,0,0,0,0,0,0,0,0,0,0.2738,0.3044,0.2738,0.3044,1
3.1855,0,0,0,0,0,0,0,1.5927,1.5927,0,0,0.7964,0,1.5927,0,0.7964,3.9818,0.7964,1.5927,0.0005,0,0,0,0,0,0,0,0.0003,0.0003,0,0,0.0001,0,0.0003,0,0.0001,0.0007,0.0001,0.0003,0.096,0.1077,0.096,0.1077,1
0.5193,0,0,0.5193,1.558,2.0773,1.0387,1.0387,1.0387,0,0,0.5193,0,0.5193,0,1.558,0.5193,2.5966,0,1.558,0,0,0,0,0.0001,0.0001,0.0001,0.0001,0.0001,0,0,0,0,0,0,0.0001,0,0.0002,0,0.0001,0.2422,0.2385,0.2422,0.2385,1
0,0.4699,0.4699,0,1.8795,0.4699,0,0.9397,0.4699,1.4096,0,0,0.4699,0,2.3494,0,0.9397,0,0.4699,0,0,0,0,0,0.0002,0,0,0.0001,0,0.0001,0,0,0,0,0.0002,0,0.0001,0,0,0,0.2765,0.2537,0.2765,0.2537,1
1.4844,0,0,0,0,0,0,0,3.711,0,0,0,0,0.7422,0,0.7422,0.7422,2.2266,0,0.7422,0.0003,0,0,0,0,0,0,0,0.0008,0,0,0,0,0.0002,0,0.0002,0.0002,0.0005,0,0.0002,0.1152,0.1426,0.1152,0.1426,1
1.1295,0,0,0.5648,1.1295,1.6943,0,0.5648,1.1295,0,1.1295,0,2.2591,0,1.1295,0.5648,1.6943,1.1295,0,0,0.0001,0,0,0.0001,0.0001,0.0002,0,0.0001,0.0001,0,0.0001,0,0.0002,0,0.0001,0.0001,0.0002,0.0001,0,0,0.1904,0.2449,0.1904,0.2449,1
0,0,0,1.0438,1.5657,1.0438,0,0.5219,1.5657,0.5219,1.5657,0,1.0438,0.5219,2.0875,0,0.5219,1.0438,0,0,0,0,0,0.0001,0.0002,0.0001,0,0.0001,0.0002,0.0001,0.0002,0,0.0001,0.0001,0.0002,0,0.0001,0.0001,0,0,0.2534,0.2247,0.2534,0.2247,1
1.1213,0,0,0.5606,1.1213,0.5606,0.5606,0.5606,1.6819,1.1213,0,0.5606,0.5606,0.5606,3.9244,0.5606,0.5606,0.5606,0,0,0.0001,0,0,0.0001,0.0001,0.0001,0.0001,0.0001,0.0002,0.0001,0,0.0001,0.0001,0.0001,0.0004,0.0001,0.0001,0.0001,0,0,0.2259,0.2134,0.2259,0.2134,1
1.0496,0.5248,0,0,0,1.0496,1.5743,0,1.0496,0,0,0.5248,0.5248,0.5248,2.0991,0.5248,1.0496,0,0,0,0.0001,0.0001,0,0,0,0.0001,0.0002,0,0.0001,0,0,0.0001,0.0001,0.0001,0.0003,0.0001,0.0001,0,0,0,0.2013,0.2739,0.2013,0.2739,1
1.166,0,0,0,0,2.332,1.166,0,1.166,3.498,0,0,1.166,0,0,0.583,0.583,2.915,0,0,0.0001,0,0,0,0,0.0002,0.0001,0,0.0001,0.0003,0,0,0.0001,0,0,0,0,0.0002,0,0,0.1822,0.2348,0.1822,0.2348,1
0,0,1.3009,2.1681,0,0.4336,0.8672,0,2.1681,0,2.1681,0.4336,0.4336,1.3009,0,0.4336,0.4336,0,0,0.8672,0,0,0.0001,0.0002,0,0,0.0001,0,0.0002,0,0.0002,0,0,0.0001,0,0,0,0,0,0.0001,0.2873,0.2791,0.2873,0.2791,1
3.9354,0,0,0,0,0,0,0,2.6236,3.2795,0,0,0.6559,0,1.3118,0,0,1.3118,0,0,0.0006,0,0,0,0,0,0,0,0.0004,0.0005,0,0,0.0001,0,0.0002,0,0,0.0002,0,0,0.1568,0.1873,0.1568,0.1873,1
0.4829,0.4829,0,2.4147,0.4829,1.4488,0.9659,0.9659,0,2.8976,0,0.4829,0.9659,0,0.9659,0.4829,0.4829,0.4829,0.4829,0,0,0,0,0.0001,0,0.0001,0.0001,0.0001,0,0.0002,0,0,0.0001,0,0.0001,0,0,0,0,0,0.2605,0.2566,0.2605,0.2566,1
1.5021,0,0,0,0.7511,0,0,0.7511,3.0042,0.7511,0,0,0,0,0.7511,0,0,3.0042,0,0.7511,0.0003,0,0,0,0.0002,0,0,0.0002,0.0006,0.0002,0,0,0,0,0.0002,0,0,0.0006,0,0.0002,0.1217,0.1273,0.1217,0.1273,1
1.3872,0,0.6936,0.6936,0.6936,0.6936,0,0,0,2.0808,0,0,5.5488,0.6936,0,2.0808,0.6936,0,0.6936,0.6936,0.0001,0,0.0001,0.0001,0.0001,0.0001,0,0,0,0.0002,0,0,0.0005,0.0001,0,0.0002,0.0001,0,0.0001,0.0001,0.1355,0.1709,0.1355,0.1709,1
0.5454,0.5454,0,0,0.5454,0,0,0,0.5454,1.6361,0,0,0.5454,0,2.1815,0,1.0907,1.0907,0.5454,0.5454,0.0001,0.0001,0,0,0.0001,0,0,0,0.0001,0.0002,0,0,0.0001,0,0.0002,0,0.0001,0.0001,0.0001,0.0001,0.2303,0.2244,0.2303,0.2244,1
0.5583,0,1.6748,0,1.1166,1.6748,0,0,0.5583,1.6748,0,0,3.3497,0,0.5583,0.5583,1.1166,0,0.5583,0,0,0,0.0001,0,0.0001,0.0001,0,0,0,0.0001,0,0,0.0003,0,0,0,0.0001,0,0,0,0.2455,0.1962,0.2455,0.1962,1
0.5137,0,1.0275,1.5412,0,0.5137,0,0,0.5137,1.5412,0,0.5137,0.5137,0,1.0275,0.5137,0.5137,1.5412,0,0,0,0,0.0001,0.0001,0,0,0,0,0,0.0001,0,0,0,0,0.0001,0,0,0.0001,0,0,0.2428,0.2434,0.2428,0.2434,1
0,1.0187,1.0187,0.5093,0.5093,0.5093,0.5093,0.5093,0.5093,1.0187,2.5467,1.528,0,0,1.0187,1.0187,1.528,0.5093,0,0,0,0.0001,0.0001,0,0,0,0,0,0,0.0001,0.0001,0.0001,0,0,0.0001,0.0001,0.0001,0,0,0,0.2898,0.2008,0.2898,0.2008,1
0.8077,0,0,0,0.8077,0.8077,0,0,3.231,0.8077,0,0,0,0,0,0,0.8077,2.4232,0,0.8077,0.0002,0,0,0,0.0002,0.0002,0,0,0.0006,0.0002,0,0,0,0,0,0,0.0002,0.0005,0,0.0002,0.08,0.1122,0.08,0.1122,1
0,0,0,0,0.5354,1.0708,0.5354,1.6063,0.5354,0,1.0708,0,0.5354,1.0708,2.1417,0,0.5354,0.5354,1.0708,0,0,0,0,0,0.0001,0.0001,0.0001,0.0002,0.0001,0,0.0001,0,0.0001,0.0001,0.0003,0,0.0001,0.0001,0.0001,0,0.2459,0.2186,0.2459,0.2186,1
2.5072,1.2536,0,0.6268,0,0.6268,0,0,1.2536,1.2536,0,1.2536,1.2536,0,0.6268,0,1.2536,0,0.6268,0,0.0002,0.0001,0,0,0,0,0,0,0.0001,0.0001,0,0.0001,0.0001,0,0,0,0.0001,0,0,0,0.1543,0.2189,0.1543,0.2189,1
1.2753,0.6376,0,1.2753,0,2.5506,0,0,0,2.5506,0,0,0,0.6376,0,0.6376,0.6376,0.6376,0.6376,0.6376,0.0001,0,0,0.0001,0,0.0002,0,0,0,0.0002,0,0,0,0,0,0,0,0,0,0,0.1573,0.205,0.1573,0.205,1
1.1154,3.3463,0.5577,0.5577,0,1.6731,0,1.1154,0.5577,1.1154,0,0.5577,1.1154,0,1.1154,2.2309,0,0.5577,0.5577,0.5577,0,0.0001,0,0,0,0.0001,0,0,0,0,0,0,0,0,0,0.0001,0,0,0,0,0.1973,0.2449,0.1973,0.2449,1
1.1758,3.5273,0,0.5879,0.5879,1.7637,0,1.1758,2.3516,0.5879,0,0,1.1758,0,0,1.7637,0.5879,1.1758,0,1.1758,0,0.0001,0,0,0,0.0001,0,0,0.0001,0,0,0,0,0,0,0.0001,0,0,0,0,0.2174,0.1947,0.2174,0.1947,1
1.806,0.602,1.806,0,0.602,0,0,0,0,1.204,0,0.602,0,0,1.806,0,0,0,0.602,0,0.0001,0,0.0001,0,0,0,0,0,0,0.0001,0,0,0,0,0.0001,0,0,0,0,0,0.2174,0.1806,0.2174,0.1806,1
2.5203,0,0.8401,0,0,0,0,0,3.3604,0,0,0,0.8401,0,0,0,0.8401,1.6802,0,0,0.0007,0,0.0002,0,0,0,0,0,0.001,0,0,0,0.0002,0,0,0,0.0002,0.0005,0,0,0.0612,0.0987,0.0612,0.0987,1
1.3892,0,0,0,0.6946,0.6946,0,2.0837,1.3892,1.3892,0.6946,0.6946,0,0,0,0,0,0,0,0,0.0002,0,0,0,0.0001,0.0001,0,0.0003,0.0002,0.0002,0.0001,0.0001,0,0,0,0,0,0,0,0,0.1549,0.1505,0.1549,0.1505,1
0,0.5419,2.1676,0.5419,0.5419,0,0,0,0.5419,2.1676,0,0,0,0,0.5419,0.5419,0,0.5419,1.6257,0,0,0,0.0001,0,0,0,0,0,0,0.0001,0,0,0,0,0,0,0,0,0.0001,0,0.2938,0.1643,0.2938,0.1643,1
1.0447,0,1.0447,0,2.0894,1.0447,0,0,2.0894,2.0894,0,0,0.5223,0,0,0,0,0.5223,0,0,0.0001,0,0.0001,0,0.0002,0.0001,0,0,0.0002,0.0002,0,0,0,0,0,0,0,0,0,0,0.2258,0.2518,0.2258,0.2518,1
2.2226,0,0.5556,1.1113,0.5556,0,0,0,2.2226,1.1113,0.5556,0.5556,0,0,0.5556,0.5556,0,1.6669,0,0,0.0002,0,0.0001,0.0001,0.0001,0,0,0,0.0002,0.0001,0.0001,0.0001,0,0,0.0001,0.0001,0,0.0002,0,0,0.2116,0.2328,0.2116,0.2328,1
0,0.6736,1.3471,0,0.6736,0,0,0.6736,0,0,0.6736,0,0.6736,0,0.6736,1.3471,0,0.6736,0.6736,0.6736,0,0.0001,0.0001,0,0.0001,0,0,0.0001,0,0,0.0001,0,0.0001,0,0.0001,0.0001,0,0.0001,0.0001,0.0001,0.1876,0.1388,0.1876,0.1388,1
0.8072,0,0.8072,0,1.6145,0,0,0.8072,0,1.6145,0,0.8072,0.8072,0,0.8072,0,0,0.8072,0.8072,0,0.0001,0,0.0001,0,0.0003,0,0,0.0001,0,0.0003,0,0.0001,0.0001,0,0.0001,0,0,0.0001,0.0001,0,0.0886,0.1041,0.0886,0.1041,1
1.0954,1.0954,1.0954,0.5477,0.5477,0,0.5477,1.0954,1.0954,1.6431,0,1.0954,1.0954,0,0,0.5477,0,1.0954,0,0.5477,0.0001,0.0001,0.0001,0,0,0,0,0.0001,0.0001,0.0001,0,0.0001,0.0001,0,0,0,0,0.0001,0,0,0.2221,0.2302,0.2221,0.2302,1
1.1231,1.1231,0,0,0.5616,0.5616,1.6847,2.2462,0.5616,0.5616,0.5616,0.5616,1.1231,0.5616,0.5616,1.1231,0.5616,2.8078,0,0,0.0001,0.0001,0,0,0,0,0.0001,0.0001,0,0,0,0,0.0001,0,0,0.0001,0,0.0002,0,0,0.2133,0.2252,0.2133,0.2252,1
0,0.5835,0,1.7505,1.167,0.5835,0.5835,0.5835,0.5835,1.7505,0,2.334,1.167,0,0,1.167,0,1.167,0,0,0,0,0,0.0001,0.0001,0,0,0,0,0.0001,0,0.0001,0.0001,0,0,0.0001,0,0.0001,0,0,0.2145,0.202,0.2145,0.202,1
1.6545,1.6545,0,0,0,0,0.8273,0,0,0,0.8273,0.8273,0.8273,0,0,1.6545,4.1363,0.8273,0,0,0.0001,0.0001,0,0,0,0,0.0001,0,0,0,0.0001,0.0001,0.0001,0,0,0.0001,0.0003,0.0001,0,0,0.0905,0.0823,0.0905,0.0823,1
0.697,0,0,0,0.697,0,0,0,2.0909,0.697,0,0,0,0,0.697,0.697,0,1.3939,0,1.3939,0.0001,0,0,0,0.0001,0,0,0,0.0003,0.0001,0,0,0,0,0.0001,0.0001,0,0.0002,0,0.0002,0.1929,0.1102,0.1929,0.1102,1
0.7118,0.7118,0.7118,0,0.7118,1.4236,0,0,0,2.8472,0,1.4236,0,0.7118,0.7118,0,1.4236,1.4236,0,0,0.0001,0.0001,0.0001,0,0.0001,0.0001,0,0,0,0.0002,0,0.0001,0,0.0001,0.0001,0,0.0001,0.0001,0,0,0.1535,0.1347,0.1535,0.1347,1
0,3.3041,0.5507,0.5507,0.5507,2.7534,0,0,0.5507,1.6521,0,1.1014,1.6521,0,0.5507,0,2.2027,0.5507,0.5507,0,0,0.0001,0,0,0,0.0001,0,0,0,0.0001,0,0,0.0001,0,0,0,0.0001,0,0,0,0.2439,0.2054,0.2439,0.2054,1
1.9154,0,0.6385,1.2769,0,0,0.6385,0.6385,0.6385,0,0.6385,0.6385,0,0.6385,1.2769,0,0.6385,0.6385,0,0,0.0002,0,0.0001,0.0002,0,0,0.0001,0.0001,0.0001,0,0.0001,0.0001,0,0.0001,0.0002,0,0.0001,0.0001,0,0,0.1596,0.2019,0.1596,0.2019,1
0.5522,1.1043,1.1043,1.6565,0.5522,0.5522,0,0,1.1043,1.6565,0,0,0.5522,0.5522,0.5522,0,0,1.1043,0,0,0,0.0001,0.0001,0.0001,0,0,0,0,0.0001,0.0001,0,0,0,0,0,0,0,0.0001,0,0,0.2392,0.2086,0.2392,0.2086,1
0.7269,0,1.4537,0,0.7269,2.1806,0,0.7269,0,0.7269,0,0,0,0,0.7269,0,0,0,0,0.7269,0.0001,0,0.0002,0,0.0001,0.0003,0,0.0001,0,0.0001,0,0,0,0,0.0001,0,0,0,0,0.0001,0.155,0.1182,0.155,0.1182,1
1.043,1.5646,0.5215,1.043,0,0.5215,2.0861,0.5215,3.1291,0,0.5215,1.5646,0,0.5215,0,1.043,0.5215,0.5215,0,0.5215,0.0001,0.0001,0,0.0001,0,0,0.0001,0,0.0002,0,0,0.0001,0,0,0,0.0001,0,0,0,0,0.2242,0.2543,0.2242,0.2543,1
0.5571,0,0,0.5571,0,0,0,0,2.7855,0,0.5571,0.5571,0.5571,0.5571,1.6713,0.5571,1.1142,0.5571,0.5571,1.6713,0.0001,0,0,0.0001,0,0,0,0,0.0003,0,0.0001,0.0001,0.0001,0.0001,0.0002,0.0001,0.0001,0.0001,0.0001,0.0002,0.2514,0.1915,0.2514,0.1915,1
0,1.0217,0,0.5109,0.5109,1.0217,1.0217,1.0217,1.0217,0,2.0435,0.5109,1.0217,0,3.5761,0,0.5109,0,0,0.5109,0,0.0001,0,0,0,0.0001,0.0001,0.0001,0.0001,0,0.0002,0,0.0001,0,0.0003,0,0,0,0,0,0.2187,0.2704,0.2187,0.2704,1
0,0,0.5427,1.628,0,0,1.0853,1.0853,1.0853,1.0853,1.0853,1.0853,0,0.5427,0,0.5427,0,0,0,1.0853,0,0,0.0001,0.0002,0,0,0.0001,0.0001,0.0001,0.0001,0.0001,0.0001,0,0.0001,0,0.0001,0,0,0,0.0001,0.2089,0.2484,0.2089,0.2484,1
0.6861,0,0,0,0,0,0.6861,1.3722,0,0.6861,1.3722,0,0,0.6861,2.0584,0,0.6861,0,0,0,0.0002,0,0,0,0,0,0.0002,0.0003,0,0.0002,0.0003,0,0,0.0002,0.0005,0,0.0002,0,0,0,0.1848,0.1291,0.1848,0.1291,1
0.4756,0,0.4756,0.9513,0.4756,0.9513,0,0.9513,0.4756,0.4756,0.9513,0.9513,0,0,2.3782,0.4756,0.4756,0.4756,0.4756,0.4756,0,0,0,0.0001,0,0.0001,0,0.0001,0,0,0.0001,0.0001,0,0,0.0002,0,0,0,0,0,0.2677,0.2567,0.2677,0.2567,1
0,0,0,0,0,0,0.694,0.694,2.7762,0,0,0,0,0,1.3881,0,0,3.4702,0,0,0,0,0,0,0,0,0.0002,0.0002,0.0007,0,0,0,0,0,0.0004,0,0,0.0009,0,0,0.1415,0.1644,0.1415,0.1644,1
1.8082,1.2055,0,1.8082,0,0.6027,0.6027,1.2055,0.6027,0.6027,0,0,0,0,0,0,1.2055,0.6027,0,0,0.0001,0.0001,0,0.0001,0,0,0,0.0001,0,0,0,0,0,0,0,0,0.0001,0,0,0,0.2301,0.1671,0.2301,0.1671,1
1.3215,0,0,1.3215,0,0,0,1.3215,0,0.6607,0.6607,0.6607,0,0,0.6607,0.6607,0,2.6429,0,1.3215,0.0002,0,0,0.0002,0,0,0,0.0002,0,0.0001,0.0001,0.0001,0,0,0.0001,0.0001,0,0.0003,0,0.0002,0.1912,0.1481,0.1912,0.1481,1
2.5772,0.6443,0.6443,0,0,1.2886,0.6443,0.6443,0,1.9329,0.6443,0,0,0,0.6443,0,1.9329,0,0,0,0.0002,0.0001,0.0001,0,0,0.0001,0.0001,0.0001,0,0.0002,0.0001,0,0,0,0.0001,0,0.0002,0,0,0,0.1754,0.1803,0.1754,0.1803,1
1.3421,0,0.6711,0.6711,0.6711,0.6711,0.6711,0,0,2.6843,0,0,0,0,0,0.6711,0,0,0.6711,0,0.0001,0,0.0001,0.0001,0.0001,0.0001,0.0001,0,0,0.0002,0,0,0,0,0,0.0001,0,0,0.0001,0,0.1435,0.1854,0.1435,0.1854,1
0.6888,0,0,0,0,0.6888,0,0.6888,0.6888,3.4438,2.0663,0,0,0.6888,0.6888,0,0.6888,0.6888,0,1.3775,0.0001,0,0,0,0,0.0001,0,0.0001,0.0001,0.0004,0.0003,0,0,0.0001,0.0001,0,0.0001,0.0001,0,0.0002,0.1669,0.1444,0.1669,0.1444,1
0.5142,0,1.0284,0.5142,0.5142,0,0,1.0284,1.0284,0.5142,0.5142,0,0,0,0.5142,1.0284,0.5142,1.0284,1.0284,0.5142,0,0,0.0001,0,0,0,0,0.0001,0.0001,0,0,0,0,0,0,0.0001,0,0.0001,0.0001,0,0.2149,0.2709,0.2149,0.2709,1
0,0,0,0,3.4568,0,0,0,3.4568,2.5926,0,0,0.8642,0,0,0,0,0,0,0.8642,0,0,0,0,0.001,0,0,0,0.001,0.0007,0,0,0.0002,0,0,0,0,0,0,0.0002,0.0507,0.0851,0.0507,0.0851,1
0.8899,0.8899,0,0,0,0.8899,0,1.7799,0,4.4497,0,0,0,0,0,0.8899,0,0.8899,2.6698,0,0.0001,0.0001,0,0,0,0.0001,0,0.0001,0,0.0003,0,0,0,0,0,0.0001,0,0.0001,0.0002,0,0.0648,0.0453,0.0648,0.0453,1
1.1069,0,0,0.5534,0,0,0,0,0.5534,2.7672,0.5534,1.1069,0.5534,0,2.2137,0,2.2137,1.1069,0,1.1069,0.0001,0,0,0.0001,0,0,0,0,0.0001,0.0003,0.0001,0.0001,0.0001,0,0.0002,0,0.0002,0.0001,0,0.0001,0.171,0.2756,0.171,0.2756,1
0.5697,0.5697,0,1.1394,1.1394,0.5697,0.5697,0.5697,1.1394,0.5697,0,0.5697,0,0.5697,1.7091,0.5697,0.5697,0.5697,0,0,0.0001,0.0001,0,0.0001,0.0001,0.0001,0.0001,0.0001,0.0001,0.0001,0,0.0001,0,0.0001,0.0002,0.0001,0.0001,0.0001,0,0,0.2463,0.184,0.2463,0.184,1
2.1435,0,0,0,1.429,2.858,0,0,0,4.287,0.7145,0.7145,0,0.7145,0,0,0,0.7145,0.7145,0,0.0001,0,0,0,0.0001,0.0002,0,0,0,0.0003,0,0,0,0,0,0,0,0,0,0,0.1427,0.1428,0.1427,0.1428,1
2.7883,0,2.3235,0.4647,0,1.3941,0,0,0.4647,1.3941,0.4647,0.9294,0,0.4647,0,0.4647,0,0.9294,0,1.8588,0.0002,0,0.0001,0,0,0.0001,0,0,0,0.0001,0,0.0001,0,0,0,0,0,0.0001,0,0.0001,0.2534,0.2819,0.2534,0.2819,1
1.2752,0.6376,0,1.9129,0,0.6376,0,0.6376,0.6376,1.2752,0,0,0.6376,0,0,0.6376,1.9129,0.6376,0,0,0.0001,0.0001,0,0.0002,0,0.0001,0,0.0001,0.0001,0.0001,0,0,0.0001,0,0,0.0001,0.0002,0.0001,0,0,0.1901,0.1723,0.1901,0.1723,1
1.0802,0,0.5401,2.1605,1.0802,0,0,0,0,0.5401,1.6204,0,2.1605,0,0.5401,1.6204,0.5401,0,0,0.5401,0.0001,0,0,0.0002,0.0001,0,0,0,0,0,0.0001,0,0.0002,0,0,0.0001,0,0,0,0,0.2357,0.2242,0.2357,0.2242,1
0.6226,0.6226,1.2452,0.6226,0.6226,0.6226,0,0.6226,1.2452,0,0.6226,0.6226,0.6226,0,0,0,0.6226,0,0,0.6226,0.0001,0.0001,0.0001,0.0001,0.0001,0.0001,0,0.0001,0.0001,0,0.0001,0.0001,0.0001,0,0,0,0.0001,0,0,0.0001,0.2028,0.1746,0.2028,0.1746,1
1.5234,0.5078,0.5078,0.5078,1.5234,1.5234,1.0156,0.5078,1.0156,0.5078,0.5078,0.5078,0,1.0156,0.5078,1.5234,0.5078,0.5078,0,0,0.0001,0,0,0,0.0001,0.0001,0.0001,0,0.0001,0,0,0,0,0.0001,0,0.0001,0,0,0,0,0.25,0.2422,0.25,0.2422,1
1.1016,0.5508,0,0,1.6523,1.1016,0,0.5508,1.1016,0.5508,0,0,1.1016,0.5508,0.5508,0.5508,0.5508,2.7539,0.5508,0.5508,0.0001,0,0,0,0.0001,0.0001,0,0,0.0001,0,0,0,0.0001,0,0,0,0,0.0002,0,0,0.2353,0.2139,0.2353,0.2139,1
0,0,0,0,0,3.1862,1.9117,0.6372,0.6372,0,0,0,0,0.6372,0,0.6372,0,0.6372,0,0,0,0,0,0,0,0.0005,0.0003,0.0001,0.0001,0,0,0,0,0.0001,0,0.0001,0,0.0001,0,0,0.1919,0.1709,0.1919,0.1709,1
0,3.7974,0,0.6329,0,3.1645,0,0.6329,0,0.6329,0,1.2658,1.8987,0,0.6329,0.6329,3.7974,1.2658,0.6329,0,0,0.0001,0,0,0,0.0001,0,0,0,0,0,0,0.0001,0,0,0,0.0001,0,0,0,0.1911,0.176,0.1911,0.176,1
1.3474,0,0.6737,0,1.3474,0,0,0.6737,0.6737,2.0211,0.6737,1.3474,2.0211,0.6737,0,0.6737,2.6948,1.3474,0,0.6737,0.0001,0,0.0001,0,0.0001,0,0,0.0001,0.0001,0.0002,0.0001,0.0001,0.0002,0.0001,0,0.0001,0.0002,0.0001,0,0.0001,0.1878,0.1385,0.1878,0.1385,1
0.9045,0,0.4522,1.3567,0,0.9045,0.4522,0.9045,1.3567,1.809,0,0.9045,0,0.4522,0.9045,1.3567,1.3567,0.4522,0,0,0.0001,0,0,0.0001,0,0.0001,0,0.0001,0.0001,0.0002,0,0.0001,0,0,0.0001,0.0001,0.0001,0,0,0,0.2375,0.3103,0.2375,0.3103,1
0.7557,0,1.5114,0.7557,0,0.7557,0,0,0.7557,0,0.7557,0,0,0,0.7557,0.7557,0.7557,0,0,0,0.0001,0,0.0003,0.0001,0,0.0001,0,0,0.0001,0,0.0001,0,0,0,0.0001,0.0001,0.0001,0,0,0,0.1368,0.1075,0.1368,0.1075,1
0.5061,0,1.5184,0,1.0123,0.5061,0.5061,1.0123,0.5061,0,1.0123,0,0,0,0.5061,0.5061,0.5061,0,2.0245,0,0,0,0.0001,0,0.0001,0,0,0.0001,0,0,0.0001,0,0,0,0,0,0,0,0.0002,0,0.2087,0.2852,0.2087,0.2852,1
1.55,0.5167,1.0333,1.0333,1.55,0.5167,0.5167,1.0333,1.0333,0,1.0333,0.5167,3.6166,0,0.5167,0,0,0.5167,0,0.5167,0.0001,0,0.0001,0.0001,0.0001,0,0,0.0001,0.0001,0,0.0001,0,0.0003,0,0,0,0,0,0,0,0.2881,0.1953,0.2881,0.1953,1
0.4797,0.9595,0,0,1.4392,0.9595,0,0,1.9189,0.4797,0,0.4797,0,0.4797,1.4392,0.4797,0.9595,0.9595,0,0.4797,0,0.0001,0,0,0.0001,0.0001,0,0,0.0001,0,0,0,0,0,0.0001,0,0.0001,0.0001,0,0,0.247,0.2733,0.247,0.2733,1
0.515,0,1.0299,1.5449,0,1.5449,0,1.5449,0.515,1.0299,0,3.0898,0,1.5449,0.515,0.515,0,1.0299,0,1.0299,0,0,0.0001,0.0001,0,0.0001,0,0.0001,0,0.0001,0,0.0002,0,0.0001,0,0,0,0.0001,0,0.0001,0.2448,0.2403,0.2448,0.2403,1
1.3916,0,0,0,3.247,0,0,0,2.7831,0,0.9277,0,0.4639,0,2.3193,0,0,0.4639,0,0,0.0002,0,0,0,0.0004,0,0,0,0.0004,0,0.0001,0,0.0001,0,0.0003,0,0,0.0001,0,0,0.4606,0.0756,0.4606,0.0756,1
0.6955,0.6955,0.6955,0,0,0,2.0865,1.391,0,1.391,0,0.6955,0,0,0,0,0.6955,1.391,0,0.6955,0.0001,0.0001,0.0001,0,0,0,0.0002,0.0001,0,0.0001,0,0.0001,0,0,0,0,0.0001,0.0001,0,0.0001,0.1783,0.1262,0.1783,0.1262,1
2.1543,0,0,0.7181,0,0.7181,0,0.7181,0,4.3086,0,0,0,0,2.1543,0,0,1.4362,0,0,0.0003,0,0,0.0001,0,0.0001,0,0.0001,0,0.0006,0,0,0,0,0.0003,0,0,0.0002,0,0,0.1466,0.1353,0.1466,0.1353,1
0,0.489,1.4669,0,0,1.9558,0,0.9779,0.489,0.9779,0.489,0,0.9779,0,1.9558,1.4669,0.9779,1.9558,0,0.489,0,0,0.0001,0,0,0.0001,0,0.0001,0,0.0001,0,0,0.0001,0,0.0001,0.0001,0.0001,0.0001,0,0,0.2546,0.2564,0.2546,0.2564,1
1.4155,0.7078,0,0,0.7078,1.4155,0,0.7078,0,1.4155,0,0,0,0,0.7078,0.7078,1.4155,0,0.7078,0.7078,0.0001,0.0001,0,0,0.0001,0.0001,0,0.0001,0,0.0001,0,0,0,0,0.0001,0.0001,0.0001,0,0.0001,0.0001,0.1295,0.1628,0.1295,0.1628,1
1.6249,0.5416,1.0833,0,0.5416,0.5416,0,0.5416,1.0833,0,0,1.6249,0,0.5416,0.5416,0,1.6249,0,0.5416,1.0833,0.0001,0,0.0001,0,0,0,0,0,0.0001,0,0,0.0001,0,0,0,0,0.0001,0,0,0.0001,0.2394,0.219,0.2394,0.219,1
1.2255,0,1.2255,0,0,0,0,1.2255,0.6128,0.6128,0,0,0.6128,0,1.8383,1.2255,0.6128,0,0,0,0.0001,0,0.0001,0,0,0,0,0.0001,0.0001,0.0001,0,0,0.0001,0,0.0002,0.0001,0.0001,0,0,0,0.1898,0.1974,0.1898,0.1974,1
0.9844,1.9688,0.4922,0,0,0.9844,0.4922,0.4922,0,2.461,0,0.9844,0.9844,0,2.461,0,0,0.9844,0,0.4922,0.0001,0.0001,0,0,0,0.0001,0,0,0,0.0001,0,0.0001,0.0001,0,0.0001,0,0,0.0001,0,0,0.2184,0.2894,0.2184,0.2894,1
0.7922,0,0,0,0,0,0,0,3.9611,0.7922,0,0,0.7922,0,0,0.7922,0.7922,1.5844,0,0.7922,0.0002,0,0,0,0,0,0,0,0.0008,0.0002,0,0,0.0002,0,0,0.0002,0.0002,0.0003,0,0.0002,0.1177,0.0901,0.1177,0.0901,1
0,0.6209,0.6209,0,0.6209,0,0,0,0.6209,2.4837,0.6209,1.2419,0,0.6209,1.8628,0,0,0,0,0.6209,0,0.0001,0.0001,0,0.0001,0,0,0,0.0001,0.0002,0.0001,0.0001,0,0.0001,0.0002,0,0,0,0,0.0001,0.2263,0.1528,0.2263,0.1528,1
0.4886,0.4886,0.9772,0.4886,0.4886,0,0.4886,0,0.9772,0.4886,0.4886,0,0.4886,0,1.4657,0,2.4429,0.4886,0,1.4657,0.0001,0.0001,0.0001,0.0001,0.0001,0,0.0001,0,0.0001,0.0001,0.0001,0,0.0001,0,0.0002,0,0.0003,0.0001,0,0.0002,0.2656,0.2458,0.2656,0.2458,1
0.4386,0,0.4386,1.3157,0,0,0,0.8772,1.3157,0.8772,1.7543,0,0.4386,0,3.0701,0.4386,0.8772,0,0,0.4386,0,0,0,0.0001,0,0,0,0.0001,0.0001,0.0001,0.0002,0,0,0,0.0003,0,0.0001,0,0,0,0.2538,0.3077,0.2538,0.3077,1
0,0,0.6446,1.2892,0.6446,0,0,0,1.2892,0,1.2892,0.6446,0,0,0.6446,1.2892,1.2892,0.6446,0,0,0,0,0.0001,0.0002,0.0001,0,0,0,0.0002,0,0.0002,0.0001,0,0,0.0001,0.0002,0.0002,0.0001,0,0,0.2003,0.1551,0.2003,0.1551,1
0.6205,0.6205,1.8615,1.8615,0.6205,0,0.6205,0.6205,0,0,0,0,1.241,0.6205,1.241,1.241,1.241,1.8615,0,0,0.0001,0.0001,0.0002,0.0002,0.0001,0,0.0001,0.0001,0,0,0,0,0.0001,0.0001,0.0001,0.0001,0.0001,0.0002,0,0,0.2457,0.1338,0.2457,0.1338,1
1.5313,0,0.5104,0.5104,0.5104,0.5104,1.5313,0,2.0417,0,0.5104,1.0209,0.5104,0,1.5313,0,1.0209,0,0.5104,0.5104,0.0002,0,0.0001,0.0001,0.0001,0.0001,0.0002,0,0.0002,0,0.0001,0.0001,0.0001,0,0.0002,0,0.0001,0,0.0001,0.0001,0.2342,0.2554,0.2342,0.2554,1
0.777,1.554,0.777,0,0,0,1.554,0,0,0,0,0,0.777,0,0,0.777,3.8851,1.554,0,0,0.0001,0.0001,0.0001,0,0,0,0.0001,0,0,0,0,0,0.0001,0,0,0.0001,0.0003,0.0001,0,0,0.086,0.137,0.086,0.137,1
0.804,0,0,0,0,0.804,0,0.804,0,2.4119,0,0,0,0,0.804,0,1.608,2.4119,0,0.804,0.0002,0,0,0,0,0.0002,0,0.0002,0,0.0005,0,0,0,0,0.0002,0,0.0003,0.0005,0,0.0002,0.1081,0.0879,0.1081,0.0879,1
1.4555,0,1.4555,0.4852,0,0.4852,0.9703,1.4555,0.9703,0.4852,0,3.3962,0,0,0,1.9407,0,0.9703,0,0.4852,0.0001,0,0.0001,0,0,0,0.0001,0.0001,0.0001,0,0,0.0002,0,0,0,0.0001,0,0.0001,0,0,0.2503,0.2645,0.2503,0.2645,1
0.5482,0,0,0.5482,0,0,0.5482,0,1.0963,0,0,0.5482,0,0,4.9335,1.6445,0.5482,0.5482,0.5482,0,0.0001,0,0,0.0001,0,0,0.0001,0,0.0002,0,0,0.0001,0,0,0.0007,0.0002,0.0001,0.0001,0.0001,0,0.2239,0.228,0.2239,0.228,1
2.8083,0,0.7021,0.7021,0,0,0,0,0.7021,0.7021,0,0.7021,0,0,0,0,0.7021,2.1062,0,0.7021,0.0004,0,0.0001,0.0001,0,0,0,0,0.0001,0.0001,0,0.0001,0,0,0,0,0.0001,0.0003,0,0.0001,0.1797,0.1182,0.1797,0.1182,1
1.4015,0,0.7008,0,0,0,0,0,1.4015,0.7008,0,0.7008,0,0.7008,0,0.7008,0.7008,2.1023,0,0.7008,0.0002,0,0.0001,0,0,0,0,0,0.0002,0.0001,0,0.0001,0,0.0001,0,0.0001,0.0001,0.0003,0,0.0001,0.1257,0.1735,0.1257,0.1735,1
1.2132,0,0.6066,0,0,1.8199,0,0,0.6066,1.2132,0.6066,0.6066,0,0,1.2132,0.6066,0,0.6066,0,0,0.0001,0,0.0001,0,0,0.0002,0,0,0.0001,0.0001,0.0001,0.0001,0,0,0.0001,0.0001,0,0.0001,0,0,0.2151,0.1783,0.2151,0.1783,1
2.0049,0,0.5012,0,2.5062,1.0025,0.5012,0,1.0025,0.5012,0,0,0,0.5012,1.5037,1.5037,0,0.5012,0.5012,0,0.0002,0,0,0,0.0002,0.0001,0,0,0.0001,0,0,0,0,0,0.0001,0.0001,0,0,0,0,0.2948,0.2039,0.2948,0.2039,1
1.2834,0,0,1.2834,0,3.2084,0,1.9251,0,1.2834,0.6417,0.6417,0,0,1.2834,0.6417,1.2834,0.6417,0,0,0.0001,0,0,0.0001,0,0.0003,0,0.0002,0,0.0001,0.0001,0.0001,0,0,0.0001,0.0001,0.0001,0.0001,0,0,0.1699,0.1884,0.1699,0.1884,1
3.737,1.6016,0,0.5339,1.0677,1.6016,0,0,1.0677,0.5339,1.0677,1.0677,1.0677,0.5339,0.5339,0,0.5339,0.5339,0,0,0.0002,0.0001,0,0,0.0001,0.0001,0,0,0.0001,0,0.0001,0.0001,0.0001,0,0,0,0,0,0,0,0.2289,0.2373,0.2289,0.2373,1
0,0.7874,0,0,0,1.5748,0,0,0.7874,0.7874,1.5748,0,0.7874,0,0,1.5748,0,0.7874,0.7874,0.7874,0,0.0001,0,0,0,0.0001,0,0,0.0001,0.0001,0.0001,0,0.0001,0,0,0.0001,0,0.0001,0.0001,0.0001,0.102,0.1106,0.102,0.1106,1
0.7416,0,0,0,0,0,0,2.9666,0,0.7416,0,0.7416,0,0,0.7416,1.4833,0,0.7416,0,1.4833,0.0001,0,0,0,0,0,0,0.0003,0,0.0001,0,0.0001,0,0,0.0001,0.0002,0,0.0001,0,0.0002,0.1257,0.1327,0.1257,0.1327,1
0.714,0,0,0,0,0,0,1.4279,2.8559,2.1419,0.714,0,0,0,0.714,0,0,0.714,0,0,0.0002,0,0,0,0,0,0,0.0003,0.0006,0.0005,0.0002,0,0,0,0.0002,0,0,0.0002,0,0,0.1577,0.1283,0.1577,0.1283,1
0,0,1.8171,0.6057,0.6057,0,0,1.2114,0,0.6057,1.2114,0,0.6057,0,0.6057,1.8171,1.2114,1.8171,0,0,0,0,0.0002,0.0001,0.0001,0,0,0.0001,0,0.0001,0.0001,0,0.0001,0,0.0001,0.0002,0.0001,0.0002,0,0,0.2083,0.186,0.2083,0.186,1
1.4403,0.7202,0,0,0,0,0,2.1605,0,0.7202,0,0.7202,0,0,1.4403,0,0.7202,0,0.7202,0,0.0001,0.0001,0,0,0,0,0,0.0002,0,0.0001,0,0.0001,0,0,0.0001,0,0.0001,0,0.0001,0,0.1671,0.1128,0.1671,0.1128,1
0.4988,0,0.4988,0,0,0.9975,0.9975,0.9975,0,0.4988,0.9975,0,0.9975,0,1.4963,0.4988,0.9975,0.4988,0,0.4988,0.0001,0,0.0001,0,0,0.0001,0.0001,0.0001,0,0.0001,0.0001,0,0.0001,0,0.0002,0.0001,0.0001,0.0001,0,0.0001,0.2686,0.2326,0.2686,0.2326,1
0,0,0,0,0,1.4718,0,0.7359,0.7359,1.4718,0,0.7359,0.7359,0,0.7359,0.7359,0,0.7359,1.4718,0,0,0,0,0,0,0.0002,0,0.0001,0.0001,0.0002,0,0.0001,0.0001,0,0.0001,0.0001,0,0.0001,0.0002,0,0.1383,0.1258,0.1383,0.1258,1
0,0,0,0,0,3.2798,1.9679,0,0,0,0,0,0,0.656,0,0.656,0,1.3119,0.656,0,0,0,0,0,0,0.0005,0.0003,0,0,0,0,0,0,0.0001,0,0.0001,0,0.0002,0.0001,0,0.1914,0.1527,0.1914,0.1527,1
1.1414,0,1.1414,0.5707,0,0,0,1.7121,0.5707,0.5707,1.1414,0,0.5707,1.1414,0.5707,0.5707,0.5707,0,0,0,0.0001,0,0.0001,0.0001,0,0,0,0.0002,0.0001,0.0001,0.0001,0,0.0001,0.0001,0.0001,0.0001,0.0001,0,0,0,0.2174,0.2119,0.2174,0.2119,1
0.6542,0,0,0,0.6542,0.6542,0,0.6542,2.617,0.6542,0,0,1.3085,0,3.9255,0.6542,0.6542,1.3085,0,0,0.0001,0,0,0,0.0001,0.0001,0,0.0001,0.0003,0.0001,0,0,0.0002,0,0.0005,0.0001,0.0001,0.0002,0,0,0.1612,0.1845,0.1612,0.1845,1
0.6251,0,0.6251,0,0,1.2502,1.2502,0,0,1.2502,0,1.2502,0.6251,0,1.2502,0,0.6251,0,0.6251,0,0.0001,0,0.0001,0,0,0.0001,0.0001,0,0,0.0001,0,0.0001,0.0001,0,0.0001,0,0.0001,0,0.0001,0,0.2116,0.1633,0.2116,0.1633,1
0,0.4987,0.4987,0,0.9974,0.4987,0.4987,0.9974,0.9974,0.9974,1.496,0,0,0,4.4881,0,1.496,0,0.4987,0,0,0,0,0,0.0001,0,0,0.0001,0.0001,0.0001,0.0001,0,0,0,0.0004,0,0.0001,0,0,0,0.2246,0.2767,0.2246,0.2767,1
0.5518,0,0.5518,0,0,1.6553,0,0,0.5518,0.5518,0.5518,0.5518,1.6553,0,0.5518,1.6553,0,0,2.2071,0,0,0,0,0,0,0.0001,0,0,0,0,0,0,0.0001,0,0,0.0001,0,0,0.0002,0,0.2292,0.219,0.2292,0.219,1
0.5271,0,0,0,0,0.5271,0.5271,1.0542,3.1625,0,1.0542,0.5271,0,0,3.6896,0.5271,1.0542,0.5271,0,1.5813,0.0001,0,0,0,0,0.0001,0.0001,0.0001,0.0004,0,0.0001,0.0001,0,0,0.0004,0.0001,0.0001,0.0001,0,0.0002,0.2611,0.2118,0.2611,0.2118,1
0.6715,0,0,0,0.6715,0.6715,0.6715,1.3431,0.6715,0.6715,0,0,0.6715,0,3.3577,0,0,0.6715,0,0,0.0001,0,0,0,0.0001,0.0001,0.0001,0.0003,0.0001,0.0001,0,0,0.0001,0,0.0007,0,0,0.0001,0,0,0.1411,0.1874,0.1411,0.1874,1
1.6865,0,0.5622,0.5622,0.5622,1.1243,0,1.6865,1.6865,1.1243,0,0,0,0,0,0,0.5622,1.6865,0,0.5622,0.0002,0,0.0001,0.0001,0.0001,0.0001,0,0.0002,0.0002,0.0001,0,0,0,0,0,0,0.0001,0.0002,0,0.0001,0.1969,0.241,0.1969,0.241,1
2.9012,0,0,0,0.7253,0.7253,0,0,0.7253,1.4506,0,0,0,0,0.7253,0,0,0.7253,0.7253,0,0.0005,0,0,0,0.0001,0.0001,0,0,0.0001,0.0002,0,0,0,0,0.0001,0,0,0.0001,0.0001,0,0.137,0.1377,0.137,0.1377,1
2.3846,0,0,0,0,0.5962,0,0.5962,1.1923,1.7885,0,0,0,0,1.7885,1.1923,0,0,0,0,0.0003,0,0,0,0,0.0001,0,0.0001,0.0001,0.0002,0,0,0,0,0.0002,0.0001,0,0,0,0,0.257,0.1468,0.257,0.1468,1
1.6465,0,1.0977,0.5488,0.5488,0.5488,0.5488,0,1.0977,1.0977,0.5488,0,0.5488,0,1.0977,0,0,0,0,0,0.0002,0,0.0001,0.0001,0.0001,0.0001,0.0001,0,0.0001,0.0001,0.0001,0,0.0001,0,0.0001,0,0,0,0,0,0.239,0.2122,0.239,0.2122,1
1.6657,0,0,0,0.8329,0,0,0,3.3315,1.6657,0,0,0,0,0,0,0.8329,1.6657,0,0.8329,0.0004,0,0,0,0.0002,0,0,0,0.0008,0.0004,0,0,0,0,0,0,0.0002,0.0004,0,0.0002,0.0589,0.1082,0.0589,0.1082,1
0,0.6112,0,0.6112,0,0,0,0,1.2223,1.2223,0.6112,1.2223,1.2223,0,0.6112,0,0.6112,0.6112,1.8335,0.6112,0,0.0001,0,0.0001,0,0,0,0,0.0001,0.0001,0.0001,0.0001,0.0001,0,0.0001,0,0.0001,0.0001,0.0002,0.0001,0.2422,0.1466,0.2422,0.1466,1
1.7296,0,0.5765,0,0,0.5765,0.5765,1.153,1.7296,0.5765,0,0,1.153,0.5765,1.153,0,0,0.5765,0.5765,0,0.0002,0,0.0001,0,0,0.0001,0.0001,0.0001,0.0002,0.0001,0,0,0.0001,0.0001,0.0001,0,0,0.0001,0.0001,0,0.2059,0.2176,0.2059,0.2176,1
1.1436,0,0,0.5718,0.5718,1.1436,1.1436,0.5718,1.1436,1.7154,0,0,1.1436,0,0.5718,0.5718,0,3.4309,0,0,0.0001,0,0,0.0001,0.0001,0.0001,0.0001,0.0001,0.0001,0.0002,0,0,0.0001,0,0.0001,0.0001,0,0.0003,0,0,0.1806,0.2476,0.1806,0.2476,1
0,0,0,0,1.089,0.5445,2.178,0.5445,0,2.7225,0.5445,0,3.8116,0,1.089,0.5445,1.6335,1.089,0,0.5445,0,0,0,0,0.0001,0.0001,0.0003,0.0001,0,0.0004,0.0001,0,0.0005,0,0.0001,0.0001,0.0002,0.0001,0,0.0001,0.2541,0.2014,0.2541,0.2014,1
1.7107,1.1405,0,0.5702,0.5702,1.1405,0,1.1405,0.5702,1.1405,0.5702,1.7107,0,0,0.5702,1.1405,0.5702,0.5702,0,1.7107,0.0001,0.0001,0,0,0,0.0001,0,0.0001,0,0.0001,0,0.0001,0,0,0,0.0001,0,0,0,0.0001,0.2167,0.2131,0.2167,0.2131,1
0,0,0.679,0,1.358,0,0,1.358,0,1.358,0.679,0.679,1.358,0,1.358,0.679,0.679,0,0,0,0,0,0.0001,0,0.0002,0,0,0.0002,0,0.0002,0.0001,0.0001,0.0002,0,0.0002,0.0001,0.0001,0,0,0,0.1769,0.1441,0.1769,0.1441,1
1.5563,0,0.5188,0.5188,1.0375,0,0,0.5188,1.0375,0,0.5188,0.5188,0,1.5563,0.5188,0.5188,1.5563,1.5563,0.5188,0.5188,0.0001,0,0,0,0.0001,0,0,0,0.0001,0,0,0,0,0.0001,0,0,0.0001,0.0001,0,0,0.2256,0.2556,0.2256,0.2556,1
1.1937,0,1.1937,1.1937,0.5969,0.5969,0.5969,0.5969,0,0,0,0,0,0,1.7906,0,0,1.1937,0,0.5969,0.0001,0,0.0001,0.0001,0.0001,0.0001,0.0001,0.0001,0,0,0,0,0,0,0.0002,0,0,0.0001,0,0.0001,0.2005,0.2026,0.2005,0.2026,1
0.4885,0,0.977,1.4655,0,0.977,0,0.977,0,0,0,0.4885,4.8849,0.4885,1.4655,0,0.4885,0.977,0.4885,0.4885,0,0,0.0001,0.0001,0,0.0001,0,0.0001,0,0,0,0,0.0004,0,0.0001,0,0,0.0001,0,0,0.2504,0.2611,0.2504,0.2611,1
0.5117,0,0,1.0234,1.0234,0.5117,0.5117,1.0234,0.5117,2.0468,0,0,0,0.5117,5.6288,0,0,0.5117,0,0,0.0001,0,0,0.0001,0.0001,0.0001,0.0001,0.0001,0.0001,0.0002,0,0,0,0.0001,0.0007,0,0,0.0001,0,0,0.2287,0.2596,0.2287,0.2596,1
0.6147,0,0.6147,0.6147,0.6147,0.6147,0,0,1.2293,2.4587,0,0,0,0,0,0.6147,0,0,0.6147,0,0.0001,0,0.0001,0.0001,0.0001,0.0001,0,0,0.0001,0.0002,0,0,0,0,0,0.0001,0,0,0.0001,0,0.1741,0.2113,0.1741,0.2113,1
0,3.2722,0,0,1.0907,1.0907,0,0,0,1.0907,0,0,0,0,2.7269,0,0.5454,0,0,0,0,0.0002,0,0,0.0001,0.0001,0,0,0,0.0001,0,0,0,0,0.0001,0,0,0,0,0,0.2146,0.2401,0.2146,0.2401,1
0.554,0,0.554,0,0,0.554,0,0.554,2.7701,1.108,3.3241,0,0.554,0,1.662,0,1.108,2.216,0,0.554,0.0001,0,0.0001,0,0,0.0001,0,0.0001,0.0003,0.0001,0.0004,0,0.0001,0,0.0002,0,0.0001,0.0002,0,0.0001,0.2535,0.1925,0.2535,0.1925,1
2.5024,0,0,0,0.8341,0,0,0,3.3365,3.3365,0,0,0,0,0,0,0.8341,0.8341,0,0,0.0006,0,0,0,0.0002,0,0,0,0.0007,0.0007,0,0,0,0,0,0,0.0002,0.0002,0,0,0.0644,0.1015,0.0644,0.1015,1
1.3005,0,0,2.1674,0,0.867,0.4335,0.867,1.734,3.0344,0,0.867,0,0,0.4335,0.867,0.4335,0,0,0,0.0001,0,0,0.0002,0,0.0001,0,0.0001,0.0001,0.0002,0,0.0001,0,0,0,0.0001,0,0,0,0,0.2582,0.3083,0.2582,0.3083,1
0.6147,1.2295,0.6147,1.2295,0.6147,1.2295,0.6147,0,1.2295,0,0,0.6147,0,0,0,0.6147,0,0.6147,0,0,0,0.0001,0,0.0001,0,0.0001,0,0,0.0001,0,0,0,0,0,0,0,0,0,0,0,0.2218,0.1635,0.2218,0.1635,1
0.5461,0.5461,0.5461,0.5461,0,0.5461,0,1.0921,0.5461,0.5461,0.5461,0.5461,0.5461,0,2.7303,0.5461,1.6382,0.5461,1.0921,0,0,0,0,0,0,0,0,0.0001,0,0,0,0,0,0,0.0002,0,0.0001,0,0.0001,0,0.2911,0.1629,0.2911,0.1629,1
0,0,0,0,0,0,0.6472,1.9415,1.2943,1.2943,0,0,0.6472,0,0.6472,0.6472,0,0,0,0.6472,0,0,0,0,0,0,0.0001,0.0004,0.0002,0.0002,0,0,0.0001,0,0.0001,0.0001,0,0,0,0.0001,0.1735,0.1793,0.1735,0.1793,1
0,0.4916,0,0,0,0.9831,0.9831,0.4916,1.4747,0.4916,0.4916,0,0.4916,0,2.9494,0.4916,1.9662,0.9831,0.4916,0.4916,0,0,0,0,0,0.0001,0.0001,0,0.0001,0,0,0,0,0,0.0003,0,0.0002,0.0001,0,0,0.2148,0.2936,0.2148,0.2936,1
1.0197,0.5098,1.0197,0,0,2.0394,0,0.5098,1.5295,1.5295,1.0197,0.5098,0.5098,0,0.5098,0.5098,0,3.0591,0,0,0.0001,0,0.0001,0,0,0.0001,0,0,0.0001,0.0001,0.0001,0,0,0,0,0,0,0.0002,0,0,0.247,0.2432,0.247,0.2432,1
2.3353,0.7784,1.5568,0,0,0,0.7784,0,0,0,0.7784,0,0,0,0,2.3353,0,1.5568,0,0.7784,0.0002,0.0001,0.0001,0,0,0,0.0001,0,0,0,0.0001,0,0,0,0,0.0002,0,0.0001,0,0.0001,0.1211,0.1005,0.1211,0.1005,1
1.0933,1.0933,0.5467,0.5467,0.5467,1.0933,0,0.5467,2.1867,0.5467,0.5467,0.5467,0,0,1.0933,0,0.5467,1.0933,0,0.5467,0.0001,0.0001,0,0,0,0.0001,0,0,0.0001,0,0,0,0,0,0.0001,0,0,0.0001,0,0,0.2491,0.2042,0.2491,0.2042,1
1.8593,0.6198,1.2395,0,0.6198,1.2395,0,0,0.6198,0,1.8593,0.6198,0.6198,0,1.2395,0.6198,1.2395,0.6198,0,0,0.0001,0,0.0001,0,0,0.0001,0,0,0,0,0.0001,0,0,0,0.0001,0,0.0001,0,0,0,0.1899,0.1903,0.1899,0.1903,1
1.3175,0,0,0,0,0.6587,0.6587,0.6587,0.6587,0.6587,0,0.6587,0,0,1.9762,0.6587,1.3175,0,0.6587,0,0.0002,0,0,0,0,0.0001,0.0001,0.0001,0.0001,0.0001,0,0.0001,0,0,0.0002,0.0001,0.0002,0,0.0001,0,0.1582,0.1831,0.1582,0.1831,1
1.703,3.4061,0.5677,0.5677,0,1.1354,0,0,2.2707,0.5677,0.5677,0.5677,0,1.1354,0,1.1354,1.1354,2.2707,0,0,0.0001,0.0001,0,0,0,0,0,0,0.0001,0,0,0,0,0,0,0,0,0.0001,0,0,0.2594,0.1729,0.2594,0.1729,1
0,3.4576,0.5763,0.5763,0.5763,2.8814,0,0,0.5763,1.1525,0,0.5763,1.7288,0,0.5763,0,2.8814,1.1525,0.5763,0,0,0.0001,0,0,0,0.0001,0,0,0,0,0,0,0.0001,0,0,0,0.0001,0,0,0,0.2056,0.2181,0.2056,0.2181,1
1.2339,0.6169,1.8508,0.6169,0.6169,0,0,1.2339,0,1.2339,0,0.6169,0.6169,0,0,1.8508,0,1.2339,0,0,0.0001,0,0.0001,0,0,0,0,0.0001,0,0.0001,0,0,0,0,0,0.0001,0,0.0001,0,0,0.2032,0.1799,0.2032,0.1799,1
0.5886,0,0.5886,0.5886,0,1.7659,0,0,0,1.1773,0,0.5886,0.5886,0,2.3545,0,0,0,0,0,0.0001,0,0.0001,0.0001,0,0.0002,0,0,0,0.0001,0,0.0001,0.0001,0,0.0003,0,0,0,0,0,0.2183,0.1931,0.2183,0.1931,1
0.4855,0.9711,0.4855,0,0.9711,0.4855,1.4566,0.9711,0.9711,0,0.9711,0.4855,1.4566,0,0.4855,0.4855,0.9711,0.4855,0,0,0,0.0001,0,0,0.0001,0,0.0001,0.0001,0.0001,0,0.0001,0,0.0001,0,0,0,0.0001,0,0,0,0.2477,0.2668,0.2477,0.2668,1
0.4797,0.4797,0.4797,0,0.4797,0.4797,0.4797,0.9595,0.9595,1.9189,0,0,0.4797,0,1.4392,0,1.4392,0.9595,0.4797,0.4797,0,0,0,0,0,0,0,0.0001,0.0001,0.0002,0,0,0,0,0.0001,0,0.0001,0.0001,0,0,0.2573,0.263,0.2573,0.263,1
2.1578,0,1.0789,1.0789,0.5395,0,0.5395,0,0,1.0789,0.5395,0,0,0,1.6184,0,1.0789,0,0,0,0.0003,0,0.0001,0.0001,0.0001,0,0.0001,0,0,0.0001,0.0001,0,0,0,0.0002,0,0.0001,0,0,0,0.2218,0.2388,0.2218,0.2388,1
0.4819,0,0.4819,0,0.4819,0,0.4819,0,0.9638,0.4819,1.4456,0.4819,0,0,1.9275,0,0.4819,0.9638,1.4456,0,0.0001,0,0.0001,0,0.0001,0,0.0001,0,0.0001,0.0001,0.0002,0.0001,0,0,0.0002,0,0.0001,0.0001,0.0002,0,0.2533,0.2648,0.2533,0.2648,1
1.2542,1.2542,0,0.6271,0.6271,0.6271,0,1.8813,1.2542,1.2542,0.6271,1.2542,0,0,0,0,2.5084,1.8813,0.6271,0,0.0001,0.0001,0,0,0,0,0,0.0001,0.0001,0.0001,0,0.0001,0,0,0,0,0.0002,0.0001,0,0,0.1751,0.1978,0.1751,0.1978,1
1.0615,0.5307,1.5922,0.5307,0,1.0615,1.0615,1.0615,0.5307,1.0615,0,0,2.123,0,0.5307,1.0615,2.123,0,1.0615,0.5307,0.0001,0,0.0001,0,0,0.0001,0.0001,0.0001,0,0.0001,0,0,0.0001,0,0,0.0001,0.0001,0,0.0001,0,0.2382,0.231,0.2382,0.231,1
0.9434,0,0,0,0.9434,0.9434,0.4717,0,1.415,0,0.9434,0.4717,0.4717,0,3.3018,0,1.415,0,0.9434,0.9434,0.0001,0,0,0,0.0001,0.0001,0,0,0.0001,0,0.0001,0,0,0,0.0003,0,0.0001,0,0.0001,0.0001,0.282,0.2463,0.282,0.2463,1
0,1.0852,0,0,0,1.0852,0,0.5426,1.0852,0.5426,1.0852,0,0,0,2.1704,1.0852,1.0852,0.5426,0.5426,0.5426,0,0.0001,0,0,0,0.0001,0,0,0.0001,0,0.0001,0,0,0,0.0001,0.0001,0.0001,0,0,0,0.2364,0.221,0.2364,0.221,1
0,0,0,0,1.1978,0.5989,1.1978,0.5989,0.5989,0,0,0.5989,0.5989,0.5989,1.1978,0,2.3957,0,0,0.5989,0,0,0,0,0.0002,0.0001,0.0002,0.0001,0.0001,0,0,0.0001,0.0001,0.0001,0.0002,0,0.0004,0,0,0.0001,0.2065,0.1945,0.2065,0.1945,1
1.2741,3.1853,0.6371,0.6371,1.9112,2.5482,0,0,0,0,1.9112,1.9112,2.5482,0,0,0.6371,1.2741,0.6371,0,0,0,0.0001,0,0,0.0001,0.0001,0,0,0,0,0.0001,0.0001,0.0001,0,0,0,0,0,0,0,0.1551,0.2078,0.1551,0.2078,1
1.0008,0,1.0008,2.0017,1.5013,0.5004,0,0.5004,1.0008,1.0008,0.5004,1.0008,0,0,0.5004,0.5004,0.5004,0,0,0.5004,0.0001,0,0.0001,0.0001,0.0001,0,0,0,0.0001,0.0001,0,0.0001,0,0,0,0,0,0,0,0,0.3131,0.1865,0.3131,0.1865,1
0.475,0,0.95,3.8,0,0,0,0.95,2.375,0.95,0,0,0,0.95,1.425,0,0,0.475,0,0.475,0,0,0.0001,0.0004,0,0,0,0.0001,0.0002,0.0001,0,0,0,0.0001,0.0001,0,0,0,0,0,0.2211,0.3039,0.2211,0.3039,1
1.1943,0,0,0.5971,1.1943,0,2.3885,0,0.5971,0,0.5971,0,1.1943,0,0.5971,0,2.9856,1.7914,0,0,0.0002,0,0,0.0001,0.0002,0,0.0004,0,0.0001,0,0.0001,0,0.0002,0,0.0001,0,0.0005,0.0003,0,0,0.1936,0.2092,0.1936,0.2092,1
0.5966,2.9828,0,0,0,0.5966,0,0,0.5966,2.3863,0,1.1931,0,0,1.7897,0,0,0.5966,0,0,0,0.0001,0,0,0,0,0,0,0,0.0001,0,0.0001,0,0,0.0001,0,0,0,0,0,0.1958,0.2077,0.1958,0.2077,1
0.6718,0.6718,2.0153,0,0.6718,0,0,2.0153,0,1.3435,0.6718,0.6718,0.6718,0,0,2.0153,0.6718,0.6718,0,0,0,0,0.0001,0,0,0,0,0.0001,0,0.0001,0,0,0,0,0,0.0001,0,0,0,0,0.1779,0.1503,0.1779,0.1503,1
2.463,0.6157,0.6157,0.6157,0.6157,1.2315,0.6157,0.6157,0,0.6157,1.2315,0.6157,1.2315,0,0,0,0.6157,1.2315,0.6157,1.2315,0.0002,0,0,0,0,0.0001,0,0,0,0,0.0001,0,0.0001,0,0,0,0,0.0001,0,0.0001,0.2151,0.1691,0.2151,0.1691,1
0.6503,1.3006,0,0.6503,1.9509,0,0,1.3006,1.3006,0.6503,0,0.6503,2.6013,0,0,0.6503,0,1.3006,0,0,0,0.0001,0,0,0.0001,0,0,0.0001,0.0001,0,0,0,0.0002,0,0,0,0,0.0001,0,0,0.1902,0.1595,0.1902,0.1595,1
2.7146,0,0.5429,1.0858,0.5429,0,0.5429,0,0,1.0858,0.5429,0,0,0.5429,1.6288,0.5429,0.5429,0.5429,0,0,0.0003,0,0.0001,0.0001,0.0001,0,0.0001,0,0,0.0001,0.0001,0,0,0.0001,0.0002,0.0001,0.0001,0.0001,0,0,0.1987,0.2584,0.1987,0.2584,1
1.2032,1.2032,0,0,0.6016,0.6016,0.6016,0,0,0,0.6016,1.2032,0.6016,0,1.8048,0.6016,1.8048,1.8048,0,0,0.0001,0.0001,0,0,0.0001,0.0001,0.0001,0,0,0,0.0001,0.0001,0.0001,0,0.0002,0.0001,0.0002,0.0002,0,0,0.2049,0.1935,0.2049,0.1935,1
0.5157,1.5472,1.0314,0,1.5472,0.5157,0,0.5157,1.5472,0.5157,1.5472,1.0314,0,0,0,0,1.0314,0,0.5157,1.0314,0,0.0001,0,0,0.0001,0,0,0,0.0001,0,0.0001,0,0,0,0,0,0,0,0,0,0.297,0.1873,0.297,0.1873,1
0.6008,1.2016,0.6008,0.6008,0.6008,0,0.6008,0,0.6008,1.2016,1.2016,0.6008,1.8024,0,0.6008,0.6008,3.0041,0.6008,0,0,0,0.0001,0,0,0,0,0,0,0,0.0001,0.0001,0,0.0001,0,0,0,0.0002,0,0,0,0.1829,0.2162,0.1829,0.2162,1
0.8505,0,0,0,2.5516,0,0,0,3.4021,0.8505,0,0,0,0,0,0,0,2.5516,0,0.8505,0.0003,0,0,0,0.0008,0,0,0,0.0011,0.0003,0,0,0,0,0,0,0,0.0008,0,0.0003,0.0585,0.091,0.0585,0.091,1
0.6214,0.6214,1.8641,0,0.6214,0.6214,0,1.8641,0.6214,0.6214,0,0.6214,0.6214,0,0.6214,0,1.8641,0.6214,0.6214,0,0,0,0.0001,0,0,0,0,0.0001,0,0,0,0,0,0,0,0,0.0001,0,0,0,0.2178,0.1608,0.2178,0.1608,1
0,0.543,0,0.543,0,1.6289,0,0,0.543,1.086,0,0,1.086,0.543,2.1719,0.543,2.1719,0,0.543,0,0,0.0001,0,0.0001,0,0.0002,0,0,0.0001,0.0001,0,0,0.0001,0.0001,0.0002,0.0001,0.0002,0,0.0001,0,0.2323,0.2247,0.2323,0.2247,1
0,0,1.5523,0,0,1.5523,0,0,0,2.0697,1.0349,0,0,0,1.5523,0.5174,1.0349,1.5523,0,0,0,0,0.0001,0,0,0.0001,0,0,0,0.0002,0.0001,0,0,0,0.0001,0,0.0001,0.0001,0,0,0.2451,0.2374,0.2451,0.2374,1
1.5833,0,0,0,0,1.0555,0.5278,0.5278,2.6388,0,0,1.0555,0,0,0.5278,0,1.0555,1.5833,1.0555,0,0.0002,0,0,0,0,0.0001,0.0001,0.0001,0.0003,0,0,0.0001,0,0,0.0001,0,0.0001,0.0002,0.0001,0,0.2221,0.2502,0.2221,0.2502,1
0,0,1.1904,0,0.5952,1.1904,0,0,1.1904,1.7856,0,0.5952,0,0,0.5952,0.5952,1.1904,2.976,0,0,0,0,0.0001,0,0.0001,0.0001,0,0,0.0001,0.0002,0,0.0001,0,0,0.0001,0.0001,0.0001,0.0003,0,0,0.1479,0.2569,0.1479,0.2569,1
0.9603,0.9603,0,0.9603,0.9603,0,0.4801,0,0.4801,1.4404,0.9603,0.4801,0.4801,0.4801,2.4007,0.9603,1.4404,0,0,0.9603,0.0001,0.0001,0,0.0001,0.0001,0,0,0,0,0.0001,0.0001,0,0,0,0.0002,0.0001,0.0001,0,0,0.0001,0.2202,0.2996,0.2202,0.2996,1
0.6558,0.6558,0,0,0,1.3116,0.6558,0.6558,0.6558,1.3116,1.9674,0.6558,0,0,0.6558,0,0,1.9674,0.6558,0,0,0,0,0,0,0.0001,0,0,0,0.0001,0.0001,0,0,0,0,0,0,0.0001,0,0,0.1979,0.1463,0.1979,0.1463,1
4.0898,0,0,0.818,0,0,0,1.6359,0,0.818,0.818,0.818,0,0.818,0,0.818,0,0.818,0,0,0.0005,0,0,0.0001,0,0,0,0.0002,0,0.0001,0.0001,0.0001,0,0.0001,0,0.0001,0,0.0001,0,0,0.1016,0.0804,0.1016,0.0804,1
1.5326,0.5109,0,0,0.5109,0.5109,2.0434,0.5109,1.0217,1.0217,0,0.5109,0,0,0.5109,1.5326,1.5326,1.5326,0,1.0217,0.0001,0,0,0,0,0,0.0001,0,0.0001,0.0001,0,0,0,0,0,0.0001,0.0001,0.0001,0,0.0001,0.2485,0.2406,0.2485,0.2406,1
0.6014,0,0,1.2029,1.2029,0.6014,0,0,0,1.2029,0,0.6014,1.2029,0,1.2029,1.2029,0,0,0,0,0.0001,0,0,0.0001,0.0001,0.0001,0,0,0,0.0001,0,0.0001,0.0001,0,0.0001,0.0001,0,0,0,0,0.193,0.2056,0.193,0.2056,1
0.7418,0,0,0,0.7418,0.7418,0.7418,0.7418,0.7418,1.4835,0,0,2.2253,0,0,0,0,2.2253,2.967,0,0.0001,0,0,0,0.0001,0.0001,0.0001,0.0001,0.0001,0.0002,0,0,0.0002,0,0,0,0,0.0002,0.0003,0,0.1185,0.1397,0.1185,0.1397,1
1.4814,0,1.4814,0,0,0,0,0.7407,0,0.7407,1.4814,0,0.7407,0,0,1.4814,0.7407,0,0,0.7407,0.0002,0,0.0002,0,0,0,0,0.0001,0,0.0001,0.0002,0,0.0001,0,0,0.0002,0.0001,0,0,0.0001,0.1301,0.1293,0.1301,0.1293,1
1.1491,0.5746,2.2982,0.5746,0.5746,0.5746,0,1.1491,0.5746,1.1491,1.1491,2.2982,0.5746,0.5746,0,0.5746,2.8728,0,0,0.5746,0.0001,0,0.0001,0,0,0,0,0.0001,0,0.0001,0.0001,0.0001,0,0,0,0,0.0002,0,0,0,0.2001,0.2253,0.2001,0.2253,1
0.7297,0.7297,1.4593,0,1.4593,0,0,1.4593,0,1.4593,0.7297,0,0.7297,0,0,2.9187,0,0,0,0,0,0,0.0001,0,0.0001,0,0,0.0001,0,0.0001,0,0,0,0,0,0.0002,0,0,0,0,0.1518,0.1186,0.1518,0.1186,1
1.7363,0,0.5788,0,1.1575,1.1575,0,0,1.7363,1.1575,0,0,1.1575,0,0.5788,0.5788,0.5788,1.1575,0,0,0.0002,0,0.0001,0,0.0001,0.0001,0,0,0.0002,0.0001,0,0,0.0001,0,0.0001,0.0001,0.0001,0.0001,0,0,0.2331,0.1881,0.2331,0.1881,1
1.38,0,0.69,1.38,0,0.69,0,0,0.69,2.07,0,0,0,0,0,1.38,0.69,0,0,0,0.0002,0,0.0001,0.0002,0,0.0001,0,0,0.0001,0.0002,0,0,0,0,0,0.0002,0.0001,0,0,0,0.1426,0.1674,0.1426,0.1674,1
0.5085,1.5256,0,0,1.0171,0.5085,0.5085,1.0171,2.5427,1.0171,0.5085,1.0171,0,0.5085,0.5085,0,1.5256,0.5085,0,0,0,0.0001,0,0,0.0001,0,0,0.0001,0.0002,0.0001,0,0.0001,0,0,0,0,0.0001,0,0,0,0.2627,0.2288,0.2627,0.2288,1
2.3467,0,0,0.4693,0,2.3467,0,0,2.3467,3.2854,0,0.4693,0,0,0,0.4693,0.4693,0.9387,0,0.4693,0.0002,0,0,0,0,0.0002,0,0,0.0002,0.0002,0,0,0,0,0,0,0,0.0001,0,0,0.242,0.2887,0.242,0.2887,1
0.6045,0,1.8135,1.209,0.6045,0,0,0,1.209,1.8135,0,0.6045,0,0,1.209,0,0,0,0,0,0.0001,0,0.0002,0.0001,0.0001,0,0,0,0.0001,0.0002,0,0.0001,0,0,0.0001,0,0,0,0,0,0.2136,0.1819,0.2136,0.1819,1
2.9074,0,0.5815,0,0,0,1.163,0,0.5815,0.5815,1.163,1.7444,0,0,0.5815,0,2.3259,1.7444,0,1.163,0.0003,0,0.0001,0,0,0,0.0001,0,0.0001,0.0001,0.0001,0.0002,0,0,0.0001,0,0.0002,0.0002,0,0.0001,0.1829,0.2356,0.1829,0.2356,1
0.9546,0,0,0.9546,0.4773,0.4773,0,0,0.9546,0,0.9546,0.4773,2.3865,0,1.4319,0,0.4773,0.9546,1.9092,0.9546,0.0001,0,0,0.0001,0,0,0,0,0.0001,0,0.0001,0,0.0002,0,0.0001,0,0,0.0001,0.0002,0.0001,0.3161,0.2066,0.3161,0.2066,1
0.6837,0.6837,0,0,0.6837,0.6837,0,1.3673,0.6837,1.3673,0.6837,0.6837,0,0.6837,0.6837,0,0,4.102,0.6837,0,0.0001,0.0001,0,0,0.0001,0.0001,0,0.0001,0.0001,0.0001,0.0001,0.0001,0,0.0001,0.0001,0,0,0.0003,0.0001,0,0.1508,0.1655,0.1508,0.1655,1
2.0875,0,0,0,0,0.6958,0,0,0.6958,1.3917,0,0.6958,2.0875,0,2.7834,0,0,0,0,0,0.0003,0,0,0,0,0.0001,0,0,0.0001,0.0002,0,0.0001,0.0003,0,0.0004,0,0,0,0,0,0.1713,0.1329,0.1713,0.1329,1
0.575,0.575,1.15,0.575,0.575,0.575,0,0,1.15,0.575,0.575,0.575,0.575,0,0.575,0.575,1.725,1.15,0,0.575,0.0001,0.0001,0.0001,0.0001,0.0001,0.0001,0,0,0.0001,0.0001,0.0001,0.0001,0.0001,0,0.0001,0.0001,0.0002,0.0001,0,0.0001,0.2458,0.1792,0.2458,0.1792,1
4.0726,0,0,0,0,0,0,0,1.6291,4.8872,0,0,0.8145,0,1.6291,0,0,1.6291,0,0.8145,0.0006,0,0,0,0,0,0,0,0.0003,0.0008,0,0,0.0001,0,0.0003,0,0,0.0003,0,0.0001,0.0719,0.1136,0.0719,0.1136,1
2.081,0.5202,1.0405,1.5607,0,2.081,0.5202,0,1.0405,0,0.5202,1.0405,0,0,0,0.5202,1.0405,1.5607,0,1.0405,0.0002,0,0.0001,0.0001,0,0.0002,0,0,0.0001,0,0,0.0001,0,0,0,0,0.0001,0.0001,0,0.0001,0.2423,0.2375,0.2423,0.2375,1
0.6388,0.6388,0,0.6388,0,0,0,1.2775,0.6388,0,1.9163,0,1.2775,0.6388,0.6388,0.6388,1.9163,0.6388,0.6388,1.2775,0,0,0,0,0,0,0,0.0001,0,0,0.0001,0,0.0001,0,0,0,0.0001,0,0,0.0001,0.179,0.1823,0.179,0.1823,1
0.558,0,1.1161,0,0.558,1.1161,0,0,0.558,2.2322,0.558,0,0,0.558,2.2322,1.1161,0.558,0.558,0,0,0,0,0.0001,0,0,0.0001,0,0,0,0.0002,0,0,0,0,0.0002,0.0001,0,0,0,0,0.2045,0.2374,0.2045,0.2374,1
0.5279,1.0557,1.0557,0.5279,0.5279,1.0557,0,1.5836,1.5836,0.5279,1.0557,0.5279,0.5279,0,1.0557,0,1.0557,0.5279,0,1.5836,0,0.0001,0.0001,0,0,0.0001,0,0.0001,0.0001,0,0.0001,0,0,0,0.0001,0,0.0001,0,0,0.0001,0.2926,0.1795,0.2926,0.1795,1
0.96,0,1.44,1.44,0,0.48,0.96,0.48,0.48,1.44,1.44,1.92,0.48,0,0.48,1.44,0.48,0,0,0.48,0.0001,0,0.0001,0.0001,0,0,0.0001,0,0,0.0001,0.0001,0.0001,0,0,0,0.0001,0,0,0,0,0.2484,0.2716,0.2484,0.2716,1
1.8907,1.2605,0.6302,0,0,1.2605,0,0,0.6302,0.6302,0,0.6302,0,0.6302,1.2605,0.6302,0,0,0,0,0.0001,0.0001,0,0,0,0.0001,0,0,0,0,0,0,0,0,0.0001,0,0,0,0,0,0.1928,0.177,0.1928,0.177,1
1.2584,0.6292,0.6292,1.2584,0.6292,0,0.6292,0,0,1.2584,0,0.6292,0.6292,1.2584,0.6292,0,0.6292,0,0,0.6292,0.0001,0.0001,0.0001,0.0001,0.0001,0,0.0001,0,0,0.0001,0,0.0001,0.0001,0.0001,0.0001,0,0.0001,0,0,0.0001,0.172,0.1987,0.172,0.1987,1
0.5061,0.5061,0,0.5061,1.0122,2.0245,0.5061,0.5061,0,0.5061,1.0122,0.5061,1.0122,1.5184,1.5184,1.0122,2.0245,0,0.5061,0,0,0,0,0,0.0001,0.0001,0,0,0,0,0.0001,0,0.0001,0.0001,0.0001,0.0001,0.0001,0,0,0,0.2171,0.2768,0.2171,0.2768,1
2.025,1.35,1.35,0,0.675,0,0.675,0.675,0,0,0,0.675,0.675,0.675,0,0.675,1.35,2.025,0,0,0.0001,0.0001,0.0001,0,0,0,0,0,0,0,0,0,0,0,0,0,0.0001,0.0001,0,0,0.164,0.161,0.164,0.161,1
1.309,1.309,0,0.6545,0,1.9635,0,0,0.6545,0.6545,0,1.309,0.6545,0.6545,0.6545,0,3.2725,2.618,0,0.6545,0.0001,0.0001,0,0,0,0.0001,0,0,0,0,0,0.0001,0,0,0,0,0.0002,0.0002,0,0,0.1638,0.1817,0.1638,0.1817,1
0,3.7964,0,0.6327,0,3.1636,0,0,0,1.2655,0,1.2655,1.8982,0,0.6327,0.6327,3.1636,1.8982,0.6327,0,0,0.0001,0,0,0,0.0001,0,0,0,0,0,0,0.0001,0,0,0,0.0001,0.0001,0,0,0.1907,0.1766,0.1907,0.1766,1
0.7735,0.7735,0,0,0.7735,0.7735,0,0.7735,3.0941,0,0,0,2.3206,0,0.7735,0,0,2.3206,0,0,0.0001,0.0001,0,0,0.0001,0.0001,0,0.0001,0.0004,0,0,0,0.0003,0,0.0001,0,0,0.0003,0,0,0.0846,0.1418,0.0846,0.1418,1
0.9193,0,2.2983,0,0.9193,0.9193,0.9193,0,0.4597,0,0.9193,0,0,0.4597,0.4597,0.4597,1.8386,2.2983,0.9193,0,0.0001,0,0.0001,0,0.0001,0.0001,0.0001,0,0,0,0.0001,0,0,0,0,0,0.0001,0.0001,0.0001,0,0.2838,0.2565,0.2838,0.2565,1
1.6052,0,0,0,1.6052,0,0,0,1.6052,2.4078,0,0.8026,0,0,1.6052,0.8026,0,2.4078,0,0,0.0003,0,0,0,0.0003,0,0,0,0.0003,0.0004,0,0.0001,0,0,0.0003,0.0001,0,0.0004,0,0,0.0756,0.1218,0.0756,0.1218,1
0.732,0.732,0.732,0,0.732,0,0,1.464,0.732,0.732,0.732,1.464,0.732,0,0.732,1.464,0.732,2.196,0,0,0,0,0,0,0,0,0,0.0001,0,0,0,0.0001,0,0,0,0.0001,0,0.0001,0,0,0.1396,0.1284,0.1396,0.1284,1
1.2184,0,0,0.6092,0.6092,1.2184,0,0,1.2184,1.8277,0,0,0,0.6092,2.4369,0.6092,1.8277,0,0,0.6092,0.0002,0,0,0.0001,0.0001,0.0002,0,0,0.0002,0.0003,0,0,0,0.0001,0.0004,0.0001,0.0003,0,0,0.0001,0.2257,0.1651,0.2257,0.1651,1
1.3146,0.6573,0,1.3146,1.972,0,0,1.3146,0.6573,0.6573,0,0.6573,2.6293,0,0,0.6573,0,1.3146,0,0,0.0001,0,0,0.0001,0.0001,0,0,0.0001,0,0,0,0,0.0002,0,0,0,0,0.0001,0,0,0.1894,0.1533,0.1894,0.1533,1
0.8502,0,0,0,2.5507,0,0,0,3.401,2.5507,0,0,0.8502,0,0,0,0.8502,0,0,0,0.0002,0,0,0,0.0006,0,0,0,0.0008,0.0006,0,0,0.0002,0,0,0,0.0002,0,0,0,0.0515,0.0983,0.0515,0.0983,1
2.155,0,0,0,0,0,0,0,5.0284,0,0,0,0,0,0.7183,0,0.7183,1.4367,0,0.7183,0.0005,0,0,0,0,0,0,0,0.0011,0,0,0,0,0,0.0002,0,0.0002,0.0003,0,0.0002,0.1291,0.1525,0.1291,0.1525,1
1.1812,1.1812,0.5906,0,0.5906,1.1812,1.1812,0,0.5906,1.1812,1.1812,1.7719,2.9531,0,0,1.1812,1.1812,1.1812,0,0.5906,0.0001,0.0001,0,0,0,0.0001,0.0001,0,0,0.0001,0.0001,0.0001,0.0002,0,0,0.0001,0.0001,0.0001,0,0,0.241,0.1684,0.241,0.1684,1
1.3693,0,0,1.3693,0.6846,2.0539,0.6846,0,0,0.6846,2.0539,0,1.3693,0,0,0.6846,1.3693,2.0539,0,0,0.0002,0,0,0.0002,0.0001,0.0003,0.0001,0,0,0.0001,0.0003,0,0.0002,0,0,0.0001,0.0002,0.0003,0,0,0.1719,0.1435,0.1719,0.1435,1
1.5266,0.7633,0,0.7633,0.7633,2.2899,0,0.7633,0.7633,0,0,0.7633,0,0,0.7633,0,0,0,0,0,0.0002,0.0001,0,0.0001,0.0001,0.0002,0,0.0001,0.0001,0,0,0.0001,0,0,0.0001,0,0,0,0,0,0.1643,0.0724,0.1643,0.0724,1
0,0,0,0,0,2.9517,0,0,1.771,3.5421,1.771,0.5903,0,0.5903,0,0.5903,0.5903,0,0,0,0,0,0,0,0,0.0002,0,0,0.0001,0.0003,0.0001,0,0,0,0,0,0,0,0,0,0.186,0.2236,0.186,0.2236,1
0.6102,0.6102,0.6102,0,0.6102,2.4406,0.6102,0,0,1.8305,1.2203,1.2203,0,0,0.6102,1.2203,2.4406,1.8305,0,0.6102,0,0,0,0,0,0.0002,0,0,0,0.0001,0.0001,0.0001,0,0,0,0.0001,0.0002,0.0001,0,0,0.1879,0.2019,0.1879,0.2019,1
0.7338,0,0.7338,0,0.7338,0,0,0.7338,0,0,2.2013,1.4675,0.7338,0.7338,0,0,1.4675,0.7338,1.4675,0,0.0001,0,0.0001,0,0.0001,0,0,0.0001,0,0,0.0002,0.0001,0.0001,0.0001,0,0,0.0001,0.0001,0.0001,0,0.1618,0.1044,0.1618,0.1044,1
1.2282,0,0.6141,0,0,0,0,1.8423,2.4563,1.8423,1.2282,0.6141,0.6141,0,1.8423,0.6141,0,2.4563,0,0,0.0001,0,0.0001,0,0,0,0,0.0002,0.0002,0.0002,0.0001,0.0001,0.0001,0,0.0002,0.0001,0,0.0002,0,0,0.2289,0.157,0.2289,0.157,1
0,0,0.5788,0,1.1576,1.1576,0.5788,0,0,0,0.5788,0.5788,1.1576,0,2.8939,1.1576,0,1.7364,0,1.1576,0,0,0.0001,0,0.0001,0.0001,0.0001,0,0,0,0.0001,0.0001,0.0001,0,0.0003,0.0001,0,0.0002,0,0.0001,0.1942,0.227,0.1942,0.227,1
1.247,0,1.8706,0.6235,0,0,0.6235,0.6235,0,0.6235,0.6235,0.6235,0.6235,0,1.247,1.247,0,0,0,0,0.0001,0,0.0002,0.0001,0,0,0.0001,0.0001,0,0.0001,0.0001,0.0001,0.0001,0,0.0001,0.0001,0,0,0,0,0.2232,0.1532,0.2232,0.1532,1
1.1351,0,0.5675,1.1351,0.5675,0.5675,0.5675,0.5675,1.1351,1.1351,0.5675,1.7026,0.5675,1.7026,1.1351,0,0.5675,1.1351,0,0,0.0001,0,0.0001,0.0001,0.0001,0.0001,0.0001,0.0001,0.0001,0.0001,0.0001,0.0002,0.0001,0.0002,0.0001,0,0.0001,0.0001,0,0,0.188,0.2444,0.188,0.2444,1
1.2403,0,0,0,0,2.4805,1.2403,0.6201,0.6201,3.1007,0,0.6201,1.2403,0,0,1.2403,0,3.7208,0,0,0.0001,0,0,0,0,0.0002,0.0001,0,0,0.0002,0,0,0.0001,0,0,0.0001,0,0.0003,0,0,0.1713,0.2086,0.1713,0.2086,1
0.9943,0,1.9885,0,0.4971,0.4971,0.4971,0.4971,0.4971,1.4914,0.4971,0.9943,0.9943,0.4971,0.4971,0,1.4914,0,0.9943,0.9943,0.0001,0,0.0001,0,0,0,0,0,0,0.0001,0,0.0001,0.0001,0,0,0,0.0001,0,0.0001,0.0001,0.2259,0.277,0.2259,0.277,1
1.6118,0.5373,1.0745,1.0745,0.5373,1.0745,1.6118,0,0.5373,0.5373,0.5373,0,0.5373,0,1.0745,0,0,0,0,0,0.0001,0,0.0001,0.0001,0,0.0001,0.0001,0,0,0,0,0,0,0,0.0001,0,0,0,0,0,0.2217,0.241,0.2217,0.241,1
0.6681,0.6681,1.3363,0,0.6681,1.3363,0,0,0.6681,2.0044,0,1.3363,0.6681,0,0,0.6681,0.6681,0.6681,0,0.6681,0.0001,0.0001,0.0001,0,0.0001,0.0001,0,0,0.0001,0.0002,0,0.0001,0.0001,0,0,0.0001,0.0001,0.0001,0,0.0001,0.1831,0.1487,0.1831,0.1487,1
1.2064,0,0.6032,0,1.8096,0,0,0,1.2064,1.2064,0.6032,0,0.6032,1.2064,0,0,1.8096,0.6032,0,1.2064,0.0001,0,0.0001,0,0.0002,0,0,0,0.0001,0.0001,0.0001,0,0.0001,0.0001,0,0,0.0002,0.0001,0,0.0001,0.2035,0.1933,0.2035,0.1933,1
0,0.9794,0.9794,0.4897,0.4897,0.4897,0,0,1.4692,3.4281,0,0.9794,0,0,1.9589,0.4897,0,0.9794,0,0,0,0.0001,0.0001,0,0,0,0,0,0.0001,0.0003,0,0.0001,0,0,0.0001,0,0,0.0001,0,0,0.2679,0.2424,0.2679,0.2424,1
1.3997,0,2.7994,0.9331,0.4666,0,0.4666,0.9331,3.266,0.4666,0,0,0,0.4666,0.9331,0,0,0.9331,0,0,0.0001,0,0.0002,0.0001,0,0,0,0.0001,0.0003,0,0,0,0,0,0.0001,0,0,0.0001,0,0,0.2331,0.3003,0.2331,0.3003,1
1.6565,1.1043,0.5522,0.5522,0.5522,0.5522,0.5522,0.5522,0,0.5522,0.5522,0.5522,1.1043,0.5522,1.1043,1.1043,1.6565,0,0,0.5522,0.0001,0.0001,0,0,0,0,0,0,0,0,0,0,0.0001,0,0.0001,0.0001,0.0001,0,0,0,0.2006,0.2473,0.2006,0.2473,1
0.7015,0,0.7015,0.7015,0,0.7015,0,0,0.7015,0.7015,0.7015,0,1.403,0,0.7015,0.7015,0,0.7015,0,0,0.0001,0,0.0001,0.0001,0,0.0001,0,0,0.0001,0.0001,0.0001,0,0.0002,0,0.0001,0.0001,0,0.0001,0,0,0.1292,0.1693,0.1292,0.1693,1
0,0.572,0.572,0.572,0.572,1.1439,1.1439,1.1439,0,1.1439,0.572,1.1439,1.7159,0,0,1.7159,0.572,1.1439,2.2879,0,0,0,0,0,0,0.0001,0.0001,0.0001,0,0.0001,0,0.0001,0.0001,0,0,0.0001,0,0.0001,0.0001,0,0.2012,0.2268,0.2012,0.2268,1
3.0264,0.7566,0.7566,0,0.7566,0.7566,0,0,0.7566,0,0,0,3.0264,0,0.7566,0.7566,0.7566,0,0,0,0.0003,0.0001,0.0001,0,0.0001,0.0001,0,0,0.0001,0,0,0,0.0003,0,0.0001,0.0001,0.0001,0,0,0,0.1482,0.0952,0.1482,0.0952,1
2.0159,0.672,0.672,1.3439,0.672,2.6878,0,0,0,3.3598,0,0,0.672,0,0,0,0.672,0.672,0,0,0.0001,0,0,0.0001,0,0.0002,0,0,0,0.0002,0,0,0,0,0,0,0,0,0,0,0.1504,0.1776,0.1504,0.1776,1
0,0.5249,0,0,1.5748,0,1.0499,0.5249,2.6247,0.5249,1.0499,0,0.5249,0,0.5249,1.0499,1.5748,1.0499,0,0,0,0,0,0,0.0001,0,0.0001,0,0.0002,0,0.0001,0,0,0,0,0.0001,0.0001,0.0001,0,0,0.2217,0.2534,0.2217,0.2534,1
0,0,0,0,3.4627,0,0,0,3.4627,1.7313,0,0,0.8657,0,0,0,0,0.8657,0,0.8657,0,0,0,0,0.0011,0,0,0,0.0011,0.0005,0,0,0.0003,0,0,0,0,0.0003,0,0.0003,0.0524,0.082,0.0524,0.082,1
0.5006,0.5006,1.5019,0.5006,1.0013,1.0013,0,1.0013,0.5006,1.5019,0,1.5019,0.5006,1.5019,0.5006,0,1.0013,2.0025,0,0,0,0,0.0001,0,0.0001,0.0001,0,0.0001,0,0.0001,0,0.0001,0,0.0001,0,0,0.0001,0.0001,0,0,0.2875,0.2119,0.2875,0.2119,1
1.8546,0,0,0.6182,0,0,0,0.6182,1.8546,0.6182,0.6182,1.2364,0,0,0.6182,0.6182,0.6182,1.2364,0,0.6182,0.0002,0,0,0.0001,0,0,0,0.0001,0.0002,0.0001,0.0001,0.0001,0,0,0.0001,0.0001,0.0001,0.0001,0,0.0001,0.1742,0.2076,0.1742,0.2076,1
1.729,0,0,0,0.8645,0,0,0.8645,1.729,0.8645,0,0,0.8645,0,1.729,0,0,3.4581,0,0,0.0006,0,0,0,0.0003,0,0,0.0003,0.0006,0.0003,0,0,0.0003,0,0.0006,0,0,0.0012,0,0,0.0455,0.0899,0.0455,0.0899,1
0,0.5842,0.5842,0,1.1684,1.7526,0,0,0,0,0,0.5842,0,0.5842,2.3368,1.1684,1.1684,1.1684,0,0.5842,0,0.0001,0.0001,0,0.0001,0.0002,0,0,0,0,0,0.0001,0,0.0001,0.0002,0.0001,0.0001,0.0001,0,0.0001,0.2219,0.1939,0.2219,0.1939,1
0,0.6976,0,0,0,1.3953,0,0,0.6976,1.3953,0,0,0.6976,0,0.6976,0.6976,0,0.6976,2.0929,0,0,0.0001,0,0,0,0.0001,0,0,0.0001,0.0001,0,0,0.0001,0,0.0001,0.0001,0,0.0001,0.0002,0,0.1448,0.1575,0.1448,0.1575,1
0.6954,1.3908,0,0.6954,2.7817,0.6954,0,1.3908,0.6954,0.6954,0,0,2.7817,0,0,0.6954,0,1.3908,0,0,0,0.0001,0,0,0.0002,0,0,0.0001,0,0,0,0,0.0002,0,0,0,0,0.0001,0,0,0.1609,0.1437,0.1609,0.1437,1
0.6227,0,0.6227,0.6227,1.8681,0,0.6227,0,1.2454,0,0,1.8681,1.8681,0,0,0.6227,0,0.6227,0,0,0.0001,0,0.0001,0.0001,0.0002,0,0.0001,0,0.0001,0,0,0.0002,0.0002,0,0,0.0001,0,0.0001,0,0,0.2247,0.1526,0.2247,0.1526,1
0.6275,0,2.5101,0,1.8825,0,0,0,0,0,0,0,0,0,0.6275,0,1.255,2.5101,0,0,0.0001,0,0.0002,0,0.0002,0,0,0,0,0,0,0,0,0,0.0001,0,0.0001,0.0002,0,0,0.1472,0.2253,0.1472,0.2253,1
2.2926,0,0,0,0,1.5284,0,0,0,0.7642,0,0,0,0,0.7642,1.5284,0,0,0.7642,0.7642,0.0003,0,0,0,0,0.0002,0,0,0,0.0001,0,0,0,0,0.0001,0.0002,0,0,0.0001,0.0001,0.1209,0.1149,0.1209,0.1149,1
0,0.5382,0,0,1.0764,0.5382,0,0,0.5382,2.1527,0.5382,0,0,0,2.1527,0,1.0764,0.5382,0.5382,0,0,0.0001,0,0,0.0001,0.0001,0,0,0.0001,0.0002,0.0001,0,0,0,0.0002,0,0.0001,0.0001,0.0001,0,0.2312,0.2306,0.2312,0.2306,1
1.1816,0,1.1816,0.5908,0,1.7724,0.5908,0.5908,0,0,0,0.5908,1.1816,0,0.5908,0,0.5908,1.1816,0.5908,0,0.0001,0,0.0001,0.0001,0,0.0002,0.0001,0.0001,0,0,0,0.0001,0.0001,0,0.0001,0,0.0001,0.0001,0.0001,0,0.2291,0.1801,0.2291,0.1801,1
0.4615,0,0,0,0.4615,0.9231,0.9231,0,0.4615,0,0.4615,0.9231,0,0,2.7692,0.4615,1.8461,1.8461,0,1.3846,0.0001,0,0,0,0.0001,0.0001,0.0001,0,0.0001,0,0.0001,0.0001,0,0,0.0003,0.0001,0.0002,0.0002,0,0.0002,0.2704,0.2681,0.2704,0.2681,1
0.739,0,0.739,0,1.478,0,0,0.739,0.739,2.2171,0,0.739,1.478,0.739,0,0,0,1.478,0,0,0.0001,0,0.0001,0,0.0002,0,0,0.0001,0.0001,0.0003,0,0.0001,0.0002,0.0001,0,0,0,0.0002,0,0,0.1482,0.1128,0.1482,0.1128,1
0,0.7293,0.7293,0,1.4587,0.7293,0.7293,0.7293,0.7293,2.188,0.7293,0,0,0,0,0,0.7293,1.4587,0,0,0,0.0001,0.0001,0,0.0001,0.0001,0.0001,0.0001,0.0001,0.0002,0.0001,0,0,0,0,0,0.0001,0.0001,0,0,0.1699,0.1007,0.1699,0.1007,1
0.7437,0,0,0.7437,0.7437,0,0,0,1.4875,0,0.7437,0,0,0,1.4875,1.4875,0.7437,0,0.7437,0,0.0001,0,0,0.0001,0.0001,0,0,0,0.0002,0,0.0001,0,0,0,0.0002,0.0002,0.0001,0,0.0001,0,0.1366,0.1197,0.1366,0.1197,1
0,0,0.5637,0,1.1273,2.8183,0,0.5637,0.5637,1.1273,0,0.5637,1.1273,1.1273,2.2546,0,0,1.691,0,0.5637,0,0,0.0001,0,0.0001,0.0003,0,0.0001,0.0001,0.0001,0,0.0001,0.0001,0.0001,0.0002,0,0,0.0002,0,0.0001,0.1918,0.2445,0.1918,0.2445,1
1.426,0,0.713,0,0,2.8519,0,0,0,0.713,0.713,2.1389,0,0,0.713,1.426,0,0,0,0,0.0002,0,0.0001,0,0,0.0003,0,0,0,0.0001,0.0001,0.0002,0,0,0.0001,0.0002,0,0,0,0,0.1457,0.1413,0.1457,0.1413,1
0.6734,0.6734,2.0203,0,0.6734,0,0,1.3469,0,1.3469,1.3469,0,2.0203,0,0,2.6938,1.3469,0,0,0,0,0,0.0001,0,0,0,0,0.0001,0,0.0001,0.0001,0,0.0001,0,0,0.0002,0.0001,0,0,0,0.1781,0.1485,0.1781,0.1485,1
1.3641,1.3641,0.682,0.682,0.682,0.682,0,0.682,0,1.3641,0,0.682,2.0461,0,0,0.682,0,1.3641,1.3641,0,0.0001,0.0001,0,0,0,0,0,0,0,0.0001,0,0,0.0001,0,0,0,0,0.0001,0.0001,0,0.1444,0.1735,0.1444,0.1735,1
0.611,0,0,0.611,1.222,0,0.611,0.611,1.222,2.444,0.611,0.611,0.611,0.611,1.833,0.611,0.611,0,0,0,0.0001,0,0,0.0001,0.0001,0,0.0001,0.0001,0.0001,0.0003,0.0001,0.0001,0.0001,0.0001,0.0002,0.0001,0.0001,0,0,0,0.2545,0.1345,0.2545,0.1345,1
1.0674,0,0,0.5337,0.5337,0,0.5337,0.5337,0,1.0674,0.5337,0,0.5337,0,1.6012,0,1.6012,0.5337,1.0674,0,0.0001,0,0,0.0001,0.0001,0,0.0001,0.0001,0,0.0001,0.0001,0,0.0001,0,0.0002,0,0.0002,0.0001,0.0001,0,0.247,0.2193,0.247,0.2193,1
0.5642,0,0.5642,0,0.5642,0.5642,0,0.5642,1.1283,1.1283,0,0.5642,0,0,1.1283,0,0,0.5642,0.5642,0,0.0001,0,0.0001,0,0.0001,0.0001,0,0.0001,0.0001,0.0001,0,0.0001,0,0,0.0001,0,0,0.0001,0.0001,0,0.1822,0.2536,0.1822,0.2536,1
1.5019,0,1.0013,0.5006,0,1.0013,0.5006,0.5006,1.5019,0.5006,0.5006,0.5006,0,1.0013,0.5006,0.5006,1.5019,1.5019,0,0,0.0001,0,0.0001,0,0,0.0001,0,0,0.0001,0,0,0,0,0.0001,0,0,0.0001,0.0001,0,0,0.2633,0.236,0.2633,0.236,1
0,0,0,0,0,0,0,0.7551,0.7551,1.5102,0.7551,1.5102,0,0,0,1.5102,0,0.7551,0.7551,0,0,0,0,0,0,0,0,0.0001,0.0001,0.0001,0.0001,0.0001,0,0,0,0.0001,0,0.0001,0.0001,0,0.1263,0.1186,0.1263,0.1186,1
1.273,0,0,0.6365,0.6365,1.273,0,0,0.6365,1.273,0,1.273,0,0,1.273,0,0,0.6365,0.6365,0,0.0001,0,0,0.0001,0.0001,0.0001,0,0,0.0001,0.0001,0,0.0001,0,0,0.0001,0,0,0.0001,0.0001,0,0.1503,0.2132,0.1503,0.2132,1
4.7837,0,0,2.0501,0,1.3668,0,0,0,1.3668,1.3668,0,1.3668,0.6834,0,0.6834,1.3668,0.6834,0,0,0.0005,0,0,0.0002,0,0.0001,0,0,0,0.0001,0.0001,0,0.0001,0.0001,0,0.0001,0.0001,0.0001,0,0,0.1568,0.1599,0.1568,0.1599,1
0,0,0,0,0.6698,1.3396,1.3396,1.3396,0,1.3396,0,0.6698,0,0,0,0,0,0.6698,1.3396,0,0,0,0,0,0.0001,0.0001,0.0001,0.0001,0,0.0001,0,0.0001,0,0,0,0,0,0.0001,0.0001,0,0.1794,0.1508,0.1794,0.1508,1
0.6411,0.6411,0,1.2823,1.9234,0,0.6411,1.2823,0.6411,0,0.6411,0.6411,2.5646,0,0,0.6411,0,1.2823,0,0,0.0001,0.0001,0,0.0001,0.0002,0,0.0001,0.0001,0.0001,0,0.0001,0.0001,0.0002,0,0,0.0001,0,0.0001,0,0,0.2091,0.1498,0.2091,0.1498,1
2.657,0,0,0,0,0,0,0,2.657,0,0,0.5314,0,0,5.8454,0,0,0,0,0,0.0004,0,0,0,0,0,0,0,0.0004,0,0,0.0001,0,0,0.0009,0,0,0,0,0,0.2296,0.239,0.2296,0.239,1
0,0,0,1.1841,0,1.1841,0,0,1.1841,0.592,0,1.1841,2.3681,0.592,2.3681,0,0.592,0,0.592,0,0,0,0,0.0002,0,0.0002,0,0,0.0002,0.0001,0,0.0002,0.0003,0.0001,0.0003,0,0.0001,0,0.0001,0,0.2206,0.1874,0.2206,0.1874,1
1.462,0,0,0,1.9494,0,0.9747,1.462,2.9241,0.4873,0,0.4873,0,0,0.4873,0,0.4873,0.4873,0,0,0.0002,0,0,0,0.0002,0,0.0001,0.0002,0.0004,0.0001,0,0.0001,0,0,0.0001,0,0.0001,0.0001,0,0,0.2322,0.2805,0.2322,0.2805,1
1.3621,0.6811,0,0.6811,0.6811,1.3621,1.3621,2.7243,0,1.3621,0,0.6811,0,0,0,1.3621,1.3621,0,0,0,0.0001,0.0001,0,0.0001,0.0001,0.0001,0.0001,0.0002,0,0.0001,0,0.0001,0,0,0,0.0001,0.0001,0,0,0,0.1824,0.1366,0.1824,0.1366,1
3.5658,0,0,0,0,0.7132,0,0,2.1395,2.8527,0,0,1.4263,0,1.4263,0,0,2.1395,0,0,0.0005,0,0,0,0,0.0001,0,0,0.0003,0.0004,0,0,0.0002,0,0.0002,0,0,0.0003,0,0,0.1224,0.1644,0.1224,0.1644,1
1.0838,0.5419,0,0,1.0838,1.0838,1.0838,0,0.5419,1.0838,1.0838,1.0838,0.5419,0,1.0838,0.5419,1.6257,0.5419,0,1.6257,0.0001,0,0,0,0.0001,0.0001,0.0001,0,0,0.0001,0.0001,0.0001,0,0,0.0001,0,0.0001,0,0,0.0001,0.2637,0.1944,0.2637,0.1944,1
0.8391,0,0,0,0,0,0,0,3.3563,1.6782,0,0,0,0,0,0,0.8391,3.3563,0,0.8391,0.0002,0,0,0,0,0,0,0,0.0009,0.0005,0,0,0,0,0,0,0.0002,0.0009,0,0.0002,0.062,0.0989,0.062,0.0989,1
0.4801,0.4801,0.4801,0.9603,0.9603,0.9603,0.4801,0.9603,1.4404,0.4801,0.4801,0.9603,0.4801,0,0,0.9603,0.9603,2.4007,0.4801,0,0,0,0,0.0001,0.0001,0.0001,0,0.0001,0.0001,0,0,0.0001,0,0,0,0.0001,0.0001,0.0001,0,0,0.2894,0.2304,0.2894,0.2304,1
0,0,1.0742,0,0.5371,2.6854,0,0,0.5371,1.6113,0.5371,0,0.5371,0,1.0742,0,0,1.6113,0.5371,0,0,0,0.0001,0,0,0.0002,0,0,0,0.0001,0,0,0,0,0.0001,0,0,0.0001,0,0,0.2238,0.2391,0.2238,0.2391,1
0,0.5934,0,1.1869,0.5934,0,0.5934,0.5934,1.1869,0.5934,0,0,0.5934,0,1.1869,0.5934,0.5934,2.3737,0,0,0,0.0001,0,0.0001,0.0001,0,0.0001,0.0001,0.0001,0.0001,0,0,0.0001,0,0.0001,0.0001,0.0001,0.0002,0,0,0.2213,0.1853,0.2213,0.1853,1
0.5433,1.0866,1.0866,0.5433,0.5433,0,0,0,1.0866,1.0866,0.5433,0.5433,0,0,0.5433,0,0.5433,0,1.6299,0,0,0.0001,0.0001,0,0,0,0,0,0.0001,0.0001,0,0,0,0,0,0,0,0,0.0001,0,0.2375,0.2192,0.2375,0.2192,1
1.92,0,0.96,0.48,0.48,1.92,0.48,0.48,0.96,0.96,0.96,0.96,0.48,0.96,0,0.96,0.48,0.48,0,0.48,0.0001,0,0.0001,0,0,0.0001,0,0,0.0001,0.0001,0.0001,0.0001,0,0.0001,0,0.0001,0,0,0,0,0.2533,0.2667,0.2533,0.2667,1
0,0.5312,1.5935,0.5312,0.5312,0.5312,0,0.5312,0.5312,1.0623,0,0,0,0,0.5312,1.0623,0,0.5312,1.5935,0,0,0,0.0001,0,0,0,0,0,0,0.0001,0,0,0,0,0,0.0001,0,0,0.0001,0,0.2494,0.2195,0.2494,0.2195,1
0,0,0.6806,0,0,2.7224,0.6806,1.3612,0,0,1.3612,0,1.3612,0.6806,0.6806,0,0.6806,1.3612,0.6806,0,0,0,0.0001,0,0,0.0003,0.0001,0.0002,0,0,0.0002,0,0.0002,0.0001,0.0001,0,0.0001,0.0002,0.0001,0,0.1462,0.1732,0.1462,0.1732,1
0.5595,0,0.5595,0,0,1.1191,2.2381,0.5595,0,0.5595,0.5595,0.5595,0.5595,0.5595,0.5595,1.1191,3.9167,0.5595,0,1.6786,0.0001,0,0.0001,0,0,0.0001,0.0002,0.0001,0,0.0001,0.0001,0.0001,0.0001,0.0001,0.0001,0.0001,0.0004,0.0001,0,0.0002,0.1843,0.2562,0.1843,0.2562,1
0.6122,0,0,0.6122,0.6122,0.6122,1.2244,0,1.2244,0,0.6122,1.8365,1.2244,0,0,0.6122,0.6122,1.2244,0,0,0.0001,0,0,0.0001,0.0001,0.0001,0.0001,0,0.0001,0,0.0001,0.0002,0.0001,0,0,0.0001,0.0001,0.0001,0,0,0.1852,0.2026,0.1852,0.2026,1
1.5064,0,0,0.7532,0.7532,0,0,0,3.7659,0,0,0,0,0,0,0,0.7532,2.2595,0,0.7532,0.0003,0,0,0.0002,0.0002,0,0,0,0.0008,0,0,0,0,0,0,0,0.0002,0.0005,0,0.0002,0.1332,0.1136,0.1332,0.1136,1
0.8849,0.4425,1.3274,1.3274,0,0.4425,0.4425,1.3274,0.8849,1.7698,0.4425,0.8849,0.4425,1.3274,0,0.8849,0,0,0.4425,0,0.0001,0,0.0001,0.0001,0,0,0,0.0001,0.0001,0.0001,0,0.0001,0,0.0001,0,0.0001,0,0,0,0,0.2693,0.2882,0.2693,0.2882,1
0.4222,0,0.4222,3.3779,0,0.4222,0,1.6889,2.5334,0.4222,0,0.4222,0,0.4222,0,0.4222,0.4222,0,0.8445,0.4222,0,0,0,0.0003,0,0,0,0.0001,0.0002,0,0,0,0,0,0,0,0,0,0.0001,0,0.2515,0.3262,0.2515,0.3262,1
0,0,1.2065,0,2.4129,0.6032,1.2065,0.6032,0.6032,1.2065,0,0,0,0,0.6032,0,0,0.6032,0,0,0,0,0.0001,0,0.0003,0.0001,0.0001,0.0001,0.0001,0.0001,0,0,0,0,0.0001,0,0,0.0001,0,0,0.1669,0.2298,0.1669,0.2298,1
0.6052,1.2103,0,0.6052,1.8155,1.8155,0.6052,0.6052,0.6052,0,1.2103,0,0,0,0.6052,0.6052,1.2103,1.2103,0,0.6052,0,0.0001,0,0,0.0001,0.0001,0,0,0,0,0.0001,0,0,0,0,0,0.0001,0.0001,0,0,0.2061,0.1888,0.2061,0.1888,1
1.1939,1.1939,1.1939,0,0.597,1.1939,0.597,0,0,0.597,0.597,0.597,0.597,0,1.1939,1.1939,1.7909,1.7909,0,0.597,0.0001,0.0001,0.0001,0,0,0.0001,0,0,0,0,0,0,0,0,0.0001,0.0001,0.0001,0.0001,0,0,0.1921,0.211,0.1921,0.211,1
3.2776,0.5463,0,0.5463,0,0,0,0,0,0,0,1.0925,0,0.5463,5.4626,0,0,0,0.5463,0,0.0004,0.0001,0,0.0001,0,0,0,0,0,0,0,0.0001,0,0.0001,0.0007,0,0,0,0.0001,0,0.2413,0.2124,0.2413,0.2124,1
2.2868,0,0,0,0,2.2868,0,0,0,4.5735,0,1.5245,0.7623,0,0,0,0,0.7623,0,0.7623,0.0002,0,0,0,0,0.0002,0,0,0,0.0003,0,0.0001,0.0001,0,0,0,0,0.0001,0,0.0001,0.1029,0.1349,0.1029,0.1349,1
2.209,0,0.7363,0,0,0.7363,0,0,0.7363,0.7363,0,0,2.209,0,1.4727,1.4727,0,0,0,0.7363,0.0003,0,0.0001,0,0,0.0001,0,0,0.0001,0.0001,0,0,0.0003,0,0.0002,0.0002,0,0,0,0.0001,0.1503,0.1133,0.1503,0.1133,1
0,0.4609,0.9218,0.4609,0.9218,0,0.4609,0.4609,0,0,1.8437,0.4609,0.4609,0.4609,1.8437,0.4609,0.9218,0.9218,0.9218,0.4609,0,0,0.0001,0,0.0001,0,0,0,0,0,0.0001,0,0,0,0.0001,0,0.0001,0.0001,0.0001,0,0.2799,0.2592,0.2799,0.2592,1
0.8615,0,0,0,3.4461,0,0,0,3.4461,3.4461,0,0,0,0,0,0,0,0,0,0,0.0003,0,0,0,0.001,0,0,0,0.001,0.001,0,0,0,0,0,0,0,0,0,0,0.0541,0.0843,0.0541,0.0843,1
0,1.4128,0,0.7064,0,2.1193,0,0.7064,0.7064,1.4128,0,0.7064,0.7064,0.7064,2.1193,0,3.5321,1.4128,0,0,0,0.0001,0,0,0,0.0001,0,0,0,0.0001,0,0,0,0,0.0001,0,0.0002,0.0001,0,0,0.1233,0.1703,0.1233,0.1703,1
0.6624,1.3249,0,0,1.3249,1.9873,0,0.6624,0,0,0.6624,1.3249,2.6497,0,0,1.9873,0,1.9873,1.3249,0.6624,0,0.0001,0,0,0.0001,0.0001,0,0,0,0,0,0.0001,0.0001,0,0,0.0001,0,0.0001,0.0001,0,0.1634,0.1742,0.1634,0.1742,1
0.9082,0,0.9082,0.9082,1.3623,0.4541,0.9082,0.4541,0.9082,1.3623,0.9082,0.4541,0.9082,0,1.3623,0,1.3623,0,0.4541,0,0.0001,0,0.0001,0.0001,0.0001,0,0.0001,0,0.0001,0.0001,0.0001,0,0.0001,0,0.0001,0,0.0001,0,0,0,0.2573,0.2886,0.2573,0.2886,1
0,0,0.9883,0,0.4941,0.4941,0,0.4941,0.9883,0.4941,0.4941,0.4941,3.459,0,1.9765,0,0.4941,0,0,0.4941,0,0,0.0001,0,0.0001,0.0001,0,0.0001,0.0001,0.0001,0.0001,0.0001,0.0004,0,0.0002,0,0.0001,0,0,0.0001,0.2588,0.247,0.2588,0.247,1
1.4575,0,0,0.7288,0.7288,0.7288,0,0.7288,0.7288,0,0.7288,0.7288,2.1863,0,0,1.4575,1.4575,2.9151,0,0,0.0001,0,0,0.0001,0.0001,0.0001,0,0.0001,0.0001,0,0.0001,0.0001,0.0002,0,0,0.0001,0.0001,0.0003,0,0,0.1844,0.0868,0.1844,0.0868,1
0,0,0,0,0.7591,0,1.5182,0.7591,1.5182,1.5182,0,0,0,0,0,0.7591,0.7591,0,0.7591,0,0,0,0,0,0.0001,0,0.0003,0.0001,0.0003,0.0003,0,0,0,0,0,0.0001,0.0001,0,0.0001,0,0.1195,0.1214,0.1195,0.1214,1
4.6914,0.6702,0.6702,1.3404,0.6702,0.6702,0,0,0,0,1.3404,0,1.3404,0.6702,0,1.3404,1.3404,2.0106,0,0,0.0003,0,0,0.0001,0,0,0,0,0,0,0.0001,0,0.0001,0,0,0.0001,0.0001,0.0001,0,0,0.1381,0.1918,0.1381,0.1918,1
2.0819,1.041,0.5205,0.5205,0.5205,1.5614,0,0,0.5205,0,0.5205,0,1.041,0.5205,2.0819,1.5614,0.5205,0.5205,0,0.5205,0.0001,0.0001,0,0,0,0.0001,0,0,0,0,0,0,0.0001,0,0.0001,0.0001,0,0,0,0,0.2446,0.235,0.2446,0.235,1
0.4878,0.4878,0.9755,0.4878,0,0.9755,0.9755,1.4633,0,0,0,0,0.4878,0.4878,1.4633,0,0.4878,1.4633,0.9755,1.4633,0,0,0.0001,0,0,0.0001,0.0001,0.0001,0,0,0,0,0,0,0.0001,0,0,0.0001,0.0001,0.0001,0.2589,0.2533,0.2589,0.2533,1
0,0,1.6001,0,0.5334,0.5334,0.5334,0,0,1.0667,1.0667,0.5334,0,0.5334,0.5334,0.5334,0,0.5334,1.6001,0,0,0,0.0001,0,0,0,0,0,0,0.0001,0.0001,0,0,0,0,0,0,0,0.0001,0,0.1919,0.2747,0.1919,0.2747,1
4.3519,0,0,0,0,0,0,0,2.176,2.9013,0.7253,0,1.4506,0,1.4506,0,0,1.4506,0,0,0.0006,0,0,0,0,0,0,0,0.0003,0.0004,0.0001,0,0.0002,0,0.0002,0,0,0.0002,0,0,0.1201,0.1546,0.1201,0.1546,1
0,0.563,0.563,1.6889,0.563,0,0,0.563,0.563,1.6889,0.563,0,0,0,0.563,0.563,0,0.563,1.6889,0,0,0,0,0.0001,0,0,0,0,0,0.0001,0,0,0,0,0,0,0,0,0.0001,0,0.2296,0.2074,0.2296,0.2074,1
1.2646,0,0,0,1.8969,1.8969,0,1.2646,0.6323,1.2646,1.2646,0.6323,0,0,0.6323,0.6323,1.8969,1.8969,0,0,0.0001,0,0,0,0.0002,0.0002,0,0.0001,0.0001,0.0001,0.0001,0.0001,0,0,0.0001,0.0001,0.0002,0.0002,0,0,0.1851,0.1826,0.1851,0.1826,1
1.4133,4.2399,0,0.7067,0,2.12,0,1.4133,0,0,2.12,2.12,1.4133,0,0,2.8266,0.7067,1.4133,0,0.7067,0,0.0001,0,0,0,0.0001,0,0,0,0,0.0001,0.0001,0,0,0,0.0001,0,0,0,0,0.1407,0.1527,0.1407,0.1527,1
0.6554,1.9661,0.6554,0,0.6554,2.6215,0.6554,0.6554,0,0,0,0.6554,1.3107,0,0,0,1.9661,2.6215,0,1.9661,0,0.0001,0,0,0,0.0002,0,0,0,0,0,0,0.0001,0,0,0,0.0001,0.0002,0,0.0001,0.1817,0.163,0.1817,0.163,1
0.7352,0,0.7352,0,0.7352,0.7352,0,0,0.7352,2.2055,0.7352,0.7352,1.4703,0.7352,0,0,0.7352,1.4703,0,0,0.0001,0,0.0001,0,0.0001,0.0001,0,0,0.0001,0.0003,0.0001,0.0001,0.0002,0.0001,0,0,0.0001,0.0002,0,0,0.1532,0.1116,0.1532,0.1116,1
0.4793,0,0.4793,1.4379,0,0.4793,0.4793,0.9586,0.9586,2.8757,0,0.9586,0,2.8757,0.4793,0.4793,0.4793,0,0,0,0,0,0,0.0001,0,0,0,0.0001,0.0001,0.0002,0,0.0001,0,0.0002,0,0,0,0,0,0,0.2682,0.2525,0.2682,0.2525,1
1.0952,0,0,1.0952,0,0.5476,0.5476,1.0952,0,3.2856,0,2.1904,0,2.1904,1.0952,0.5476,0,0.5476,0,0,0.0001,0,0,0.0001,0,0,0,0.0001,0,0.0002,0,0.0002,0,0.0002,0.0001,0,0,0,0,0,0.2089,0.2435,0.2089,0.2435,1
0,0,0.8612,3.0142,0,0,0,1.2918,2.5836,0.4306,0,0,0,0.8612,0,0.4306,0.4306,0,0.8612,0.4306,0,0,0.0001,0.0003,0,0,0,0.0001,0.0002,0,0,0,0,0.0001,0,0,0,0,0.0001,0,0.2488,0.3206,0.2488,0.3206,1
0,1.2051,0,0,0.6025,1.2051,1.8076,0.6025,0.6025,0,0.6025,0,0.6025,0,3.0127,0,1.2051,3.0127,0,1.8076,0,0.0001,0,0,0,0.0001,0.0001,0,0,0,0,0,0,0,0.0002,0,0.0001,0.0002,0,0.0001,0.2142,0.1833,0.2142,0.1833,1
1.0399,0,0,0,0.52,0.52,1.5599,0.52,1.5599,1.5599,0,0.52,0,0,0.52,0,0.52,1.0399,0.52,0,0.0001,0,0,0,0.0001,0.0001,0.0002,0.0001,0.0002,0.0002,0,0.0001,0,0,0.0001,0,0.0001,0.0001,0.0001,0,0.2081,0.2719,0.2081,0.2719,1
0,0,1.8368,0,0,2.4491,0,0,1.2246,1.2246,1.2246,0.6123,0.6123,1.2246,0.6123,1.8368,1.2246,0.6123,0,0,0,0,0.0002,0,0,0.0002,0,0,0.0001,0.0001,0.0001,0.0001,0.0001,0.0001,0.0001,0.0002,0.0001,0.0001,0,0,0.2173,0.1704,0.2173,0.1704,1
1.3202,0,0.6601,0,0,0.6601,0,0.6601,1.9802,0,0,0,1.9802,0,1.9802,0.6601,0,1.3202,0,0.6601,0.0002,0,0.0001,0,0,0.0001,0,0.0001,0.0003,0,0,0,0.0003,0,0.0003,0.0001,0,0.0002,0,0.0001,0.204,0.1359,0.204,0.1359,1
3.1235,0.6247,0,1.2494,0.6247,3.1235,1.2494,1.2494,0,0.6247,0.6247,0,2.4988,0,0,0,0,0.6247,0,0,0.0002,0,0,0.0001,0,0.0002,0.0001,0.0001,0,0,0,0,0.0002,0,0,0,0,0,0,0,0.1759,0.1994,0.1759,0.1994,1
0.5029,0,0.5029,0,0.5029,0.5029,0.5029,1.0059,1.5088,1.5088,1.0059,0,0.5029,0,5.0293,0,0,0,0,1.0059,0.0001,0,0.0001,0,0.0001,0.0001,0.0001,0.0001,0.0002,0.0002,0.0001,0,0.0001,0,0.0005,0,0,0,0,0.0001,0.2614,0.2357,0.2614,0.2357,1
0.5352,0.5352,1.0705,0.5352,1.0705,1.0705,0,1.0705,0.5352,1.0705,0.5352,1.0705,0.5352,0,0.5352,1.0705,1.0705,0.5352,0.5352,1.0705,0,0,0.0001,0,0.0001,0.0001,0,0.0001,0,0.0001,0,0.0001,0,0,0,0.0001,0.0001,0,0,0.0001,0.2291,0.2357,0.2291,0.2357,1
1.6255,1.0837,0.5418,1.6255,0.5418,2.1673,0.5418,0.5418,0,1.6255,0.5418,1.6255,0,0,0.5418,1.0837,1.0837,1.0837,0,0,0.0001,0.0001,0,0.0001,0,0.0001,0,0,0,0.0001,0,0.0001,0,0,0,0.0001,0.0001,0.0001,0,0,0.2045,0.2536,0.2045,0.2536,1
0,0,0,0,1.4376,0,0.7188,0,0.7188,0.7188,1.4376,0,0,0,1.4376,1.4376,0.7188,1.4376,0,0.7188,0,0,0,0,0.0003,0,0.0002,0,0.0002,0.0002,0.0003,0,0,0,0.0003,0.0003,0.0002,0.0003,0,0.0002,0.1366,0.1446,0.1366,0.1446,1
0,1.3644,0.6822,0.6822,2.0466,1.3644,0,0.6822,0,0,1.3644,0,1.3644,0,0,0.6822,0.6822,0.6822,0,0.6822,0,0.0001,0,0,0.0001,0.0001,0,0,0,0,0.0001,0,0.0001,0,0,0,0,0,0,0,0.1531,0.1647,0.1531,0.1647,1
1.9483,0,0.4871,0.9741,0.9741,0.4871,0,0.4871,1.9483,0.9741,0,1.4612,0,0,0.4871,0.4871,0,0.9741,0,0,0.0002,0,0,0.0001,0.0001,0,0,0,0.0002,0.0001,0,0.0001,0,0,0,0,0,0.0001,0,0,0.2353,0.2777,0.2353,0.2777,1
0,0,0,0,0,0.9147,0,0,2.7441,0,0,0,0,0,5.4881,0,0,0,0,0,0,0,0,0,0,0.0005,0,0,0.0016,0,0,0,0,0,0.0032,0,0,0,0,0,0.0434,0.0419,0.0434,0.0419,1
0.5701,3.4204,0,0,0.5701,1.7102,0,0.5701,0,1.1401,0,0,0,0,2.2803,0,0,0,0,0,0,0.0002,0,0,0,0.0001,0,0,0,0.0001,0,0,0,0,0.0001,0,0,0,0,0,0.2259,0.204,0.2259,0.204,1
0.6141,1.2281,0.6141,1.2281,1.2281,0,0,0.6141,0,1.2281,0.6141,1.8422,0.6141,0,0.6141,0.6141,0,0,0.6141,0.6141,0,0.0001,0,0.0001,0.0001,0,0,0,0,0.0001,0,0.0001,0,0,0,0,0,0,0,0,0.1786,0.2074,0.1786,0.2074,1
0.5715,1.143,2.8574,0,0.5715,1.143,0,0.5715,0,1.143,0.5715,1.7144,0.5715,0,0,0.5715,1.143,0.5715,0,1.143,0,0.0001,0.0002,0,0,0.0001,0,0,0,0.0001,0,0.0001,0,0,0,0,0.0001,0,0,0.0001,0.2069,0.2216,0.2069,0.2216,1
0.4661,0,0.4661,0.4661,0.4661,0,0.4661,0.4661,1.3983,0,0,0,0.4661,0,4.195,1.3983,0,1.8645,0,0.9322,0,0,0,0,0,0,0,0,0.0001,0,0,0,0,0,0.0004,0.0001,0,0.0002,0,0.0001,0.3273,0.2065,0.3273,0.2065,1
0,0,0,0,2.6076,0,0,0,3.4769,4.3461,0,0,0.8692,0,0,0,0,0,0,0,0,0,0,0,0.0008,0,0,0,0.001,0.0013,0,0,0.0003,0,0,0,0,0,0,0,0.051,0.0798,0.051,0.0798,1
2.7043,0.5409,0,0.5409,0,0.5409,0.5409,0,1.6226,1.6226,1.6226,0,0,1.0817,0.5409,0,1.0817,2.1635,0.5409,0,0.0002,0,0,0,0,0,0,0,0.0001,0.0001,0.0001,0,0,0.0001,0,0,0.0001,0.0002,0,0,0.2511,0.2081,0.2511,0.2081,1
1.1316,0.5658,1.1316,0,1.1316,0,0,0.5658,0.5658,0.5658,0,0,0,0,1.1316,1.1316,0.5658,0.5658,1.6975,0,0.0001,0,0.0001,0,0.0001,0,0,0,0,0,0,0,0,0,0.0001,0.0001,0,0,0.0001,0,0.2275,0.2067,0.2275,0.2067,1
0.9608,0.4804,1.4412,0,0,0,0.4804,0.9608,0.4804,1.9216,0,0,0,0,2.8824,0.4804,0,0.4804,0,0,0.0001,0,0.0001,0,0,0,0,0.0001,0,0.0002,0,0,0,0,0.0003,0,0,0,0,0,0.2399,0.2797,0.2399,0.2797,1
1.7708,0,0,0.5903,0.5903,1.1805,1.1805,0.5903,1.1805,2.361,0,0,1.1805,0,0,0.5903,0,3.5415,0,0,0.0002,0,0,0.0001,0.0001,0.0001,0.0001,0.0001,0.0001,0.0002,0,0,0.0001,0,0,0.0001,0,0.0003,0,0,0.1696,0.2401,0.1696,0.2401,1
0,0,0.9483,1.4225,0,0.4742,0.4742,0,1.4225,2.8449,0.4742,2.8449,0.9483,0.4742,0,0.4742,0,0.9483,0,0,0,0,0.0001,0.0001,0,0,0,0,0.0001,0.0002,0,0.0002,0.0001,0,0,0,0,0.0001,0,0,0.2384,0.2874,0.2384,0.2874,1
1.6412,0,0,0,0,0,0,0,3.2823,0,0,0.8206,0,0,0,0,0.8206,3.2823,0,0.8206,0.0003,0,0,0,0,0,0,0,0.0006,0,0,0.0002,0,0,0,0,0.0002,0.0006,0,0.0002,0.071,0.1084,0.071,0.1084,1
1.2613,0.6306,0,1.2613,0.6306,2.5225,0.6306,2.5225,0,0,0,0,1.2613,0.6306,0,0.6306,1.2613,1.2613,0,0.6306,0.0001,0,0,0.0001,0,0.0002,0,0.0002,0,0,0,0,0.0001,0,0,0,0.0001,0.0001,0,0,0.1775,0.1918,0.1775,0.1918,1
0.9016,0,0,0.4508,1.3524,2.254,0.9016,0,1.8032,2.254,0,0,0,0,0.4508,0.4508,0,0.4508,0,0,0.0001,0,0,0,0.0001,0.0002,0.0001,0,0.0001,0.0002,0,0,0,0,0,0,0,0,0,0,0.2656,0.2836,0.2656,0.2836,1
1.2449,0,0.6224,0,0,0.6224,0,0,0,0.6224,0.6224,0.6224,2.4897,0,1.2449,0,1.2449,0,1.2449,0,0.0001,0,0.0001,0,0,0.0001,0,0,0,0.0001,0.0001,0.0001,0.0003,0,0.0001,0,0.0001,0,0.0001,0,0.2158,0.1617,0.2158,0.1617,1
3.0441,0,0,0,0.761,0,0,0,0,0,0,0,3.0441,0,1.5221,1.5221,0.761,0,0,0,0.0005,0,0,0,0.0001,0,0,0,0,0,0,0,0.0005,0,0.0002,0.0002,0.0001,0,0,0,0.1222,0.1167,0.1222,0.1167,1
1.7495,0.5832,1.1663,0,0,0,0.5832,0,0,1.1663,0,0.5832,0,0,1.7495,0,0.5832,0,0.5832,0,0.0001,0,0.0001,0,0,0,0,0,0,0.0001,0,0,0,0,0.0001,0,0,0,0,0,0.2361,0.1807,0.2361,0.1807,1
2.7151,0,0.543,0.543,0.543,0,0.543,0,0,1.086,0,0.543,0,0,1.629,0,1.629,0,0,0,0.0003,0,0.0001,0.0001,0.0001,0,0.0001,0,0,0.0001,0,0.0001,0,0,0.0002,0,0.0002,0,0,0,0.2017,0.2553,0.2017,0.2553,1
0,1.1035,0.5517,0,0,0,0,0,0.5517,1.6552,1.1035,0.5517,1.1035,0,3.3105,0,0.5517,3.8622,0.5517,0,0,0.0001,0,0,0,0,0,0,0,0.0001,0.0001,0,0.0001,0,0.0002,0,0,0.0002,0,0,0.185,0.2633,0.185,0.2633,1
0,0,0.4275,2.9926,0,0,0,1.7101,2.5651,0.4275,0.4275,0,0,0.4275,0,0.4275,0.855,0,0.855,0.4275,0,0,0,0.0003,0,0,0,0.0001,0.0002,0,0,0,0,0,0,0,0.0001,0,0.0001,0,0.2645,0.308,0.2645,0.308,1
0.8166,0,0,0,2.4498,0.8166,0,0,3.2664,0,0,0,0,0,0,0,0,2.4498,0,0.8166,0.0002,0,0,0,0.0005,0.0002,0,0,0.0007,0,0,0,0,0,0,0,0,0.0005,0,0.0002,0.0647,0.1187,0.0647,0.1187,1
3.7146,0.5307,0,1.0613,0,0.5307,0,0,0.5307,1.0613,0,0,2.1226,0,2.1226,0.5307,0.5307,0.5307,0,1.592,0.0003,0,0,0.0001,0,0,0,0,0,0.0001,0,0,0.0002,0,0.0002,0,0,0,0,0.0001,0.2959,0.1735,0.2959,0.1735,1
0.6241,0,0.6241,0,0,1.2481,0.6241,0.6241,0,0,0.6241,1.8722,2.4963,0.6241,1.2481,0.6241,1.8722,1.2481,0,0,0.0001,0,0.0001,0,0,0.0001,0.0001,0.0001,0,0,0.0001,0.0002,0.0003,0.0001,0.0001,0.0001,0.0002,0.0001,0,0,0.1743,0.2016,0.1743,0.2016,1
0.6638,0.6638,0,1.9914,0.6638,0,0.6638,0,0,0.6638,0.6638,0,0.6638,0,0,1.9914,0,0,0,0.6638,0.0001,0.0001,0,0.0002,0.0001,0,0.0001,0,0,0.0001,0.0001,0,0.0001,0,0,0.0002,0,0,0,0.0001,0.1627,0.1735,0.1627,0.1735,1
1.7022,0,0,0,0,0,0,0,3.4044,0.8511,0,0.8511,0,0,0,0,1.7022,2.5533,0,0,0.0004,0,0,0,0,0,0,0,0.0007,0.0002,0,0.0002,0,0,0,0,0.0004,0.0005,0,0,0.0551,0.0938,0.0551,0.0938,1
0.5376,0,0,0,0,2.1502,0,0,0.5376,0.5376,0,0.5376,0.5376,0,4.3004,0,0,0.5376,0,0,0.0001,0,0,0,0,0.0003,0,0,0.0001,0.0001,0,0.0001,0.0001,0,0.0006,0,0,0.0001,0,0,0.3162,0.1462,0.3162,0.1462,1
3.8759,0,0.4845,0,0,0.969,0.4845,2.4224,1.4535,0.969,0,0.969,0,0.4845,0.4845,0.4845,0.969,0,0.4845,0,0.0003,0,0,0,0,0.0001,0,0.0002,0.0001,0.0001,0,0.0001,0,0,0,0,0.0001,0,0,0,0.2518,0.2638,0.2518,0.2638,1
3.6521,0.7304,0,0.7304,0,1.4608,0,0,0.7304,0,0,1.4608,0.7304,0.7304,0,0,0.7304,1.4608,0,0.7304,0.0004,0.0001,0,0.0001,0,0.0001,0,0,0.0001,0,0,0.0001,0.0001,0.0001,0,0,0.0001,0.0001,0,0.0001,0.1079,0.1616,0.1079,0.1616,1
2.4063,0,0,0,0.8021,0,0,0,3.2084,0.8021,0,0.8021,0,0,0,0,0.8021,1.6042,0,0.8021,0.0004,0,0,0,0.0001,0,0,0,0.0005,0.0001,0,0.0001,0,0,0,0,0.0001,0.0002,0,0.0001,0.0867,0.1112,0.0867,0.1112,1
0,0.5391,0,0,0.5391,0.5391,0,0.5391,0.5391,1.6172,0,0,0.5391,0,2.1563,0,1.0782,0.5391,0.5391,0.5391,0,0.0001,0,0,0.0001,0.0001,0,0.0001,0.0001,0.0002,0,0,0.0001,0,0.0002,0,0.0001,0.0001,0.0001,0.0001,0.2312,0.2297,0.2312,0.2297,1
1.0997,1.0997,0.5498,1.0997,0.5498,0.5498,0.5498,0,1.0997,1.6495,0.5498,2.1993,0.5498,0.5498,0.5498,0.5498,1.0997,1.6495,0,0.5498,0.0001,0.0001,0,0.0001,0,0,0,0,0.0001,0.0001,0,0.0001,0,0,0,0,0.0001,0.0001,0,0,0.2031,0.2471,0.2031,0.2471,1
2.0827,2.0827,0,0,0,3.4712,0,1.3885,0,2.0827,0,0,0,0,0,3.4712,0.6942,0.6942,1.3885,0,0.0001,0.0001,0,0,0,0.0001,0,0.0001,0,0.0001,0,0,0,0,0,0.0001,0,0,0.0001,0,0.1457,0.1601,0.1457,0.1601,1
0,0,0,0,0.5702,1.1405,0.5702,1.1405,1.7107,0,1.1405,0.5702,1.1405,0.5702,2.2809,0.5702,2.2809,0.5702,0,1.7107,0,0,0,0,0.0001,0.0001,0.0001,0.0001,0.0002,0,0.0001,0.0001,0.0001,0.0001,0.0002,0.0001,0.0002,0.0001,0,0.0002,0.2099,0.2198,0.2099,0.2198,1
2.1392,0.7131,0,0,0.7131,0.7131,0,0.7131,0.7131,0,0,0,0,0.7131,0,0.7131,0,0,1.4261,0,0.0002,0.0001,0,0,0.0001,0.0001,0,0.0001,0.0001,0,0,0,0,0.0001,0,0.0001,0,0,0.0001,0,0.1295,0.1574,0.1295,0.1574,1
0,1.0583,1.0583,0.5292,1.0583,0.5292,0.5292,0.5292,1.0583,0,1.5875,1.0583,2.1167,0.5292,0,0,1.5875,1.5875,0.5292,0,0,0.0001,0.0001,0,0.0001,0,0,0,0.0001,0,0.0001,0.0001,0.0001,0,0,0,0.0001,0.0001,0,0,0.253,0.2178,0.253,0.2178,1
1.5512,0,0.5171,0.5171,1.0341,0,1.0341,0.5171,0,2.5854,0,1.0341,1.0341,0,1.0341,0.5171,0,0.5171,1.0341,0,0.0001,0,0,0,0.0001,0,0.0001,0,0,0.0002,0,0.0001,0.0001,0,0.0001,0,0,0,0.0001,0,0.202,0.2809,0.202,0.2809,1
2.6549,0,0.531,0,0.531,1.062,0,0,1.062,1.062,0.531,0,0,0,1.062,0,0,0.531,1.062,0,0.0002,0,0,0,0,0.0001,0,0,0.0001,0.0001,0,0,0,0,0.0001,0,0,0,0.0001,0,0.2809,0.1881,0.2809,0.1881,1
2.458,0.8193,1.6387,0,0.8193,0,0,0,0,0,0.8193,0,0,0,0,2.458,0,1.6387,0,0.8193,0.0002,0.0001,0.0001,0,0.0001,0,0,0,0,0,0.0001,0,0,0,0,0.0002,0,0.0001,0,0.0001,0.1012,0.0795,0.1012,0.0795,1
0,0,0.6455,0,0.6455,0,0.6455,0.6455,1.9365,0,0,0,0.6455,0,1.9365,1.291,2.582,0,0,0,0,0,0.0001,0,0.0001,0,0.0001,0.0001,0.0003,0,0,0,0.0001,0,0.0003,0.0002,0.0004,0,0,0,0.1727,0.1818,0.1727,0.1818,1
0,0,0.6647,0,0.6647,0.6647,0.6647,1.3295,0.6647,0.6647,1.9942,0.6647,0.6647,0.6647,0,0,1.3295,0,0.6647,0,0,0,0.0001,0,0.0001,0.0001,0.0001,0.0001,0.0001,0.0001,0.0002,0.0001,0.0001,0.0001,0,0,0.0001,0,0.0001,0,0.1568,0.1785,0.1568,0.1785,1
0.614,0.614,0,0.614,0,0.614,0.614,0.614,1.842,0.614,0,0,0,0,1.228,0,0.614,1.228,1.228,0,0.0001,0.0001,0,0.0001,0,0.0001,0.0001,0.0001,0.0002,0.0001,0,0,0,0,0.0001,0,0.0001,0.0001,0.0001,0,0.1693,0.2167,0.1693,0.2167,1
2.1234,0,0,0.7078,0,1.4156,0.7078,2.1234,0,0,0.7078,0.7078,0,0,0,0,1.4156,2.1234,0,0.7078,0.0002,0,0,0.0001,0,0.0002,0.0001,0.0002,0,0,0.0001,0.0001,0,0,0,0,0.0002,0.0002,0,0.0001,0.1573,0.1349,0.1573,0.1349,1
0,0,1.4322,1.9096,0,0.4774,0,0.9548,0.9548,0.4774,1.4322,2.8643,0.4774,0.4774,0,1.4322,0.4774,0.9548,0,0,0,0,0.0001,0.0001,0,0,0,0.0001,0.0001,0,0.0001,0.0002,0,0,0,0.0001,0,0.0001,0,0,0.2383,0.2843,0.2383,0.2843,1
1.3423,0,1.3423,0,0.6711,1.3423,0,0.6711,0,0.6711,1.3423,0,0.6711,0,0.6711,0,1.3423,2.0134,0,1.3423,0.0001,0,0.0001,0,0.0001,0.0001,0,0.0001,0,0.0001,0.0001,0,0.0001,0,0.0001,0,0.0001,0.0002,0,0.0001,0.2081,0.1207,0.2081,0.1207,1
0.5363,0.5363,0.5363,1.0725,0,0.5363,0.5363,0.5363,1.6088,1.0725,1.0725,2.6813,0,0,0,1.0725,1.0725,1.0725,0,0.5363,0,0,0,0.0001,0,0,0,0,0.0001,0.0001,0.0001,0.0002,0,0,0,0.0001,0.0001,0.0001,0,0,0.2763,0.1874,0.2763,0.1874,1
0,0.636,0.636,0,1.908,1.908,0,0,0.636,1.272,0.636,0.636,0.636,0,1.272,1.272,0.636,0.636,0,0,0,0,0,0,0.0001,0.0001,0,0,0,0.0001,0,0,0,0,0.0001,0.0001,0,0,0,0,0.1647,0.1993,0.1647,0.1993,1
0,0,1.0858,0.5429,0,0,0,1.6287,0.5429,1.6287,0,1.0858,0,0,1.0858,0.5429,0,1.6287,1.0858,0,0,0,0.0001,0,0,0,0,0.0001,0,0.0001,0,0.0001,0,0,0.0001,0,0,0.0001,0.0001,0,0.2159,0.2412,0.2159,0.2412,1
0.5907,0,1.1814,0.5907,0,1.1814,0,0,0,0.5907,0,0.5907,0.5907,0,1.1814,0.5907,0.5907,0.5907,1.1814,0,0.0001,0,0.0001,0.0001,0,0.0001,0,0,0,0.0001,0,0.0001,0.0001,0,0.0001,0.0001,0.0001,0.0001,0.0001,0,0.2822,0.1271,0.2822,0.1271,1
1.9404,0.9702,1.4553,0.4851,0,0.4851,1.4553,0.4851,0.9702,0.4851,0.4851,1.4553,0,0,0.4851,0.9702,0.4851,0.9702,0,0,0.0001,0.0001,0.0001,0,0,0,0.0001,0,0.0001,0,0,0.0001,0,0,0,0.0001,0,0.0001,0,0,0.2421,0.2728,0.2421,0.2728,1
1.8745,0,1.8745,0.6248,0.6248,1.2497,0,0,0,1.8745,0,0,0,0.6248,0,0,0,0,0.6248,0,0.0002,0,0.0002,0.0001,0.0001,0.0001,0,0,0,0.0002,0,0,0,0.0001,0,0,0,0,0.0001,0,0.1732,0.202,0.1732,0.202,1
0,0.4677,0.4677,1.403,0,1.8707,0.9354,0.9354,0.9354,1.8707,0,0.9354,1.8707,0,0,0.9354,0,1.403,0,0,0,0,0,0.0001,0,0.0001,0.0001,0.0001,0.0001,0.0001,0,0.0001,0.0001,0,0,0.0001,0,0.0001,0,0,0.2735,0.2588,0.2735,0.2588,1
2.211,0.5528,0,1.1055,0,0,0,0,0.5528,0,0,0.5528,0,0,4.9748,0,0.5528,1.1055,0.5528,0,0.0003,0.0001,0,0.0001,0,0,0,0,0.0001,0,0,0.0001,0,0,0.0006,0,0.0001,0.0001,0.0001,0,0.2397,0.2076,0.2397,0.2076,1
1.0876,0,0.5438,1.6314,0,1.0876,1.0876,0.5438,0.5438,1.6314,0.5438,1.0876,0,0,0.5438,0,1.6314,1.0876,0.5438,0,0.0001,0,0,0.0001,0,0.0001,0.0001,0,0,0.0001,0,0.0001,0,0,0,0,0.0001,0.0001,0,0,0.2112,0.245,0.2112,0.245,1
0.5302,0,1.0604,3.7114,0,0,0,1.0604,1.0604,1.0604,1.5906,1.0604,0,2.1208,0,2.1208,0,0.5302,0,0,0,0,0.0001,0.0003,0,0,0,0.0001,0.0001,0.0001,0.0001,0.0001,0,0.0002,0,0.0002,0,0,0,0,0.2181,0.2517,0.2181,0.2517,1
0,0,0.4853,0.4853,0.9707,0.4853,0,0.9707,0.9707,1.9414,0,0.4853,0,0.4853,1.9414,0,0,0.4853,0,0,0,0,0,0,0.0001,0,0,0.0001,0.0001,0.0002,0,0,0,0,0.0002,0,0,0,0,0,0.2332,0.2815,0.2332,0.2815,1
1.9078,0,1.4308,1.4308,0,0,1.4308,0.4769,0.4769,0,0,0,0,0.9539,0.4769,1.4308,0,1.9078,0,0.4769,0.0002,0,0.0001,0.0001,0,0,0.0001,0,0,0,0,0,0,0.0001,0,0.0001,0,0.0002,0,0,0.2436,0.2794,0.2436,0.2794,1
1.6892,0,0,0,1.6892,0,0,0,3.3784,0.8446,0,0,0,0,0,0,0,2.5338,0,0.8446,0.0005,0,0,0,0.0005,0,0,0,0.0009,0.0002,0,0,0,0,0,0,0,0.0007,0,0.0002,0.0521,0.1033,0.0521,0.1033,1
0,0,0.4165,3.7484,0,0,0,1.6659,2.4989,0.4165,0,0,0,0.833,0,0.4165,0.4165,0,0.833,0.4165,0,0,0,0.0004,0,0,0,0.0002,0.0002,0,0,0,0,0.0001,0,0,0,0,0.0001,0,0.2628,0.3207,0.2628,0.3207,1
0,1.9033,0.6344,0.6344,0.6344,2.5377,0,0.6344,0.6344,0,0.6344,0.6344,1.2689,0,1.2689,1.2689,0,2.5377,0,0,0,0.0001,0,0,0,0.0001,0,0,0,0,0,0,0.0001,0,0.0001,0.0001,0,0.0001,0,0,0.2234,0.1421,0.2234,0.1421,1
1.1026,0,0,0,0.5513,0.5513,0,1.6539,2.2052,0.5513,2.2052,0,0.5513,0,3.8591,0,1.1026,0,1.1026,0,0.0001,0,0,0,0.0001,0.0001,0,0.0002,0.0003,0.0001,0.0003,0,0.0001,0,0.0005,0,0.0001,0,0.0001,0,0.2704,0.1783,0.2704,0.1783,1
0.8399,0,2.0997,0,0.4199,0.8399,0.4199,0.8399,0.8399,0.4199,0.4199,0,0,0,2.5196,0.8399,0.4199,0.4199,0.4199,0,0.0001,0,0.0002,0,0,0.0001,0,0.0001,0.0001,0,0,0,0,0,0.0002,0.0001,0,0,0,0,0.2426,0.3375,0.2426,0.3375,1
0,0,1.0471,0,1.5707,0.5236,0.5236,0.5236,0.5236,0,0,1.0471,1.0471,0,2.6178,0,0.5236,1.0471,2.0942,0.5236,0,0,0.0001,0,0.0001,0,0,0,0,0,0,0.0001,0.0001,0,0.0002,0,0,0.0001,0.0002,0,0.2749,0.2015,0.2749,0.2015,1
0,0.6122,1.2243,0,1.2243,0.6122,0,0.6122,0,0,1.2243,0.6122,1.2243,0,1.2243,0.6122,1.2243,1.2243,0,0.6122,0,0.0001,0.0001,0,0.0001,0.0001,0,0.0001,0,0,0.0001,0.0001,0.0001,0,0.0001,0.0001,0.0001,0.0001,0,0.0001,0.2105,0.1773,0.2105,0.1773,1
1.5805,0,2.1073,0,1.5805,1.5805,0,0,0.5268,2.1073,0,1.0537,0,0,0.5268,0.5268,1.0537,0,0,0,0.0001,0,0.0001,0,0.0001,0.0001,0,0,0,0.0001,0,0.0001,0,0,0,0,0.0001,0,0,0,0.2087,0.2644,0.2087,0.2644,1
1.3427,0.6713,1.3427,0.6713,0.6713,0,0,0.6713,0,1.3427,0.6713,0,0.6713,0,0,2.014,2.6854,0.6713,0,0,0.0001,0,0.0001,0,0,0,0,0,0,0.0001,0,0,0,0,0,0.0001,0.0002,0,0,0,0.1778,0.1509,0.1778,0.1509,1
0.6183,0.6183,2.4732,0,1.2366,0,0.6183,0,0,0,0,1.2366,0,0,1.2366,0,0,0.6183,0,0.6183,0,0,0.0002,0,0.0001,0,0,0,0,0,0,0.0001,0,0,0.0001,0,0,0,0,0,0.2396,0.1421,0.2396,0.1421,1
0,0.5227,0,0,0,0.5227,0.5227,1.5682,0.5227,0.5227,2.091,0,0,0.5227,6.2729,0,0.5227,0.5227,0,0.5227,0,0.0001,0,0,0,0.0001,0.0001,0.0002,0.0001,0.0001,0.0002,0,0,0.0001,0.0006,0,0.0001,0.0001,0,0.0001,0.2306,0.2466,0.2306,0.2466,1
0,0.5529,1.1058,0,0,2.2115,0.5529,1.6586,1.1058,0,0.5529,2.2115,0.5529,0.5529,0,0.5529,0,0.5529,0,0,0,0,0.0001,0,0,0.0002,0,0.0001,0.0001,0,0,0.0002,0,0,0,0,0,0,0,0,0.2152,0.2319,0.2152,0.2319,1
1.1705,0.3902,0.3902,1.5606,0.3902,0,0,0.7803,1.9508,1.5606,0.3902,0.3902,0,0,1.9508,0.3902,0,0,0,0.3902,0.0001,0,0,0.0001,0,0,0,0.0001,0.0002,0.0001,0,0,0,0,0.0002,0,0,0,0,0,0.3131,0.2968,0.3131,0.2968,1
2.0808,0,0,1.3872,0,2.0808,0,0,0,2.0808,1.3872,0,0,0,0,0.6936,0,2.7744,0,0.6936,0.0002,0,0,0.0001,0,0.0002,0,0,0,0.0002,0.0001,0,0,0,0,0.0001,0,0.0003,0,0.0001,0.1647,0.1417,0.1647,0.1417,1
2.091,0,0,1.0455,0.5227,0.5227,1.0455,0,0.5227,3.6592,0,0.5227,3.1365,0.5227,0.5227,0,0.5227,0,0.5227,0,0.0002,0,0,0.0001,0,0,0.0001,0,0,0.0003,0,0,0.0003,0,0,0,0,0,0,0,0.2759,0.2013,0.2759,0.2013,1
1.4564,0.7282,0,0,0,2.1845,0,1.4564,0,1.4564,1.4564,0,0.7282,0,0.7282,2.1845,0,3.6409,0,0,0.0001,0,0,0,0,0.0001,0,0.0001,0,0.0001,0.0001,0,0,0,0,0.0001,0,0.0002,0,0,0.1296,0.1422,0.1296,0.1422,1
1.8638,0,0.6213,1.8638,0,1.8638,0.6213,0,0,3.1064,0,0,0.6213,0,0,1.2425,0.6213,1.2425,0,0,0.0002,0,0.0001,0.0002,0,0.0002,0.0001,0,0,0.0003,0,0,0.0001,0,0,0.0001,0.0001,0.0001,0,0,0.1691,0.2096,0.1691,0.2096,1
2.5551,0,0,1.2775,0.6388,0.6388,0,0.6388,0,0.6388,0,0.6388,0,0,1.2775,0.6388,1.2775,0.6388,0,0.6388,0.0003,0,0,0.0001,0.0001,0.0001,0,0.0001,0,0.0001,0,0.0001,0,0,0.0001,0.0001,0.0001,0.0001,0,0.0001,0.151,0.2102,0.151,0.2102,1
1.3397,1.3397,0,0.6699,0,1.3397,0,0.6699,0,1.3397,1.3397,0,0.6699,0,1.3397,0.6699,2.0096,2.0096,0,0,0.0001,0.0001,0,0,0,0.0001,0,0,0,0.0001,0.0001,0,0,0,0.0001,0,0.0001,0.0001,0,0,0.1559,0.1743,0.1559,0.1743,1
1.8655,0,0,0,0,1.2437,0,1.2437,1.2437,1.8655,0.6218,1.2437,0.6218,0,0.6218,0,1.2437,0,0.6218,0,0.0002,0,0,0,0,0.0001,0,0.0001,0.0001,0.0002,0.0001,0.0001,0.0001,0,0.0001,0,0.0001,0,0.0001,0,0.1613,0.2168,0.1613,0.2168,1
0,0,1.8897,0.6299,0,1.8897,0,0.6299,0,0.6299,1.2598,0,1.8897,0,0.6299,0.6299,0,1.2598,1.2598,0,0,0,0.0002,0.0001,0,0.0002,0,0.0001,0,0.0001,0.0001,0,0.0002,0,0.0001,0.0001,0,0.0001,0.0001,0,0.2357,0.1344,0.2357,0.1344,1
1.1204,0,0.5602,0,1.6806,1.6806,0.5602,0,1.1204,3.3613,0,0,0.5602,0.5602,0,0.5602,0,0.5602,0,0,0.0001,0,0,0,0.0001,0.0001,0,0,0.0001,0.0002,0,0,0,0,0,0,0,0,0,0,0.2131,0.2266,0.2131,0.2266,1
0.4722,0,0.9443,0,0.9443,1.8887,0.4722,0.4722,1.4165,0.9443,0,0.4722,0,0,0.4722,0.9443,0,0.9443,0.4722,0.9443,0,0,0.0001,0,0.0001,0.0001,0,0,0.0001,0.0001,0,0,0,0,0,0.0001,0,0.0001,0,0.0001,0.2423,0.2855,0.2423,0.2855,1
5.663,0,0,0,0,0,0,0.809,1.618,3.236,0,0,1.618,0,1.618,0,0,1.618,0,0,0.0009,0,0,0,0,0,0,0.0001,0.0002,0.0005,0,0,0.0002,0,0.0002,0,0,0.0002,0,0,0.0816,0.1094,0.0816,0.1094,1
0.5339,0,0.5339,0.5339,0,1.6017,0.5339,1.6017,1.0678,0.5339,0.5339,0,0.5339,0,0.5339,0.5339,1.6017,0.5339,0,1.0678,0.0001,0,0.0001,0.0001,0,0.0002,0.0001,0.0002,0.0001,0.0001,0.0001,0,0.0001,0,0.0001,0.0001,0.0002,0.0001,0,0.0001,0.1971,0.269,0.1971,0.269,1
0.6574,0,0.6574,0.6574,1.3148,0.6574,0.6574,0,0.6574,0,0.6574,0,0.6574,0,0.6574,0,1.3148,0.6574,0,0.6574,0.0001,0,0.0001,0.0001,0.0002,0.0001,0.0001,0,0.0001,0,0.0001,0,0.0001,0,0.0001,0,0.0002,0.0001,0,0.0001,0.1557,0.1869,0.1557,0.1869,1
0.5884,0,2.3535,0,0,2.9419,0,0,0.5884,0.5884,0,0.5884,0,0.5884,1.7652,0,0,0.5884,0,0,0.0001,0,0.0002,0,0,0.0003,0,0,0.0001,0.0001,0,0.0001,0,0.0001,0.0002,0,0,0.0001,0,0,0.2198,0.1918,0.2198,0.1918,1
0.4943,0,0.4943,2.4716,0,0.4943,0.9886,0.4943,0.9886,0,0.4943,0.4943,0,0,0.4943,0,1.4829,1.9773,0,0.9886,0,0,0,0.0002,0,0,0.0001,0,0.0001,0,0,0,0,0,0,0,0.0001,0.0002,0,0.0001,0.2199,0.2858,0.2199,0.2858,1
1.7098,0.8549,0,0,0,0,0,0,3.4196,0.8549,0,0,0,0,0,0,0,3.4196,0,0.8549,0.0002,0.0001,0,0,0,0,0,0,0.0004,0.0001,0,0,0,0,0,0,0,0.0004,0,0.0001,0.0529,0.0922,0.0529,0.0922,1
2.5455,0,0,0,0,0,0,0,3.394,0.8485,0,0,0,0,0,0,0.8485,2.5455,0,0.8485,0.0008,0,0,0,0,0,0,0,0.001,0.0003,0,0,0,0,0,0,0.0003,0.0008,0,0.0003,0.0581,0.0934,0.0581,0.0934,1
0,0,0,0,0.5252,0,1.0504,0.5252,1.0504,1.0504,3.1513,1.0504,1.5757,0,2.6261,0,1.0504,0,0.5252,0.5252,0,0,0,0,0.0001,0,0.0001,0.0001,0.0001,0.0001,0.0004,0.0001,0.0002,0,0.0004,0,0.0001,0,0.0001,0.0001,0.2253,0.2495,0.2253,0.2495,1
2.0544,0,0.6848,0,0.6848,0,0.6848,0.6848,0.6848,0,0,0,0,0,0.6848,1.3696,2.0544,0,0,0.6848,0.0003,0,0.0001,0,0.0001,0,0.0001,0.0001,0.0001,0,0,0,0,0,0.0001,0.0002,0.0003,0,0,0.0001,0.1644,0.1508,0.1644,0.1508,1
0,0,0,0,0.6682,0,0,0,1.3364,0.6682,0,0,0,0,2.0046,0,0,0.6682,3.3409,0,0,0,0,0,0.0002,0,0,0,0.0003,0.0002,0,0,0,0,0.0005,0,0,0.0002,0.0008,0,0.2843,0.0475,0.2843,0.0475,1
1.1484,0,0,0,0.5742,0,1.1484,0,2.8709,0,1.1484,0,0,0,0.5742,0.5742,0.5742,0,0,0,0.0002,0,0,0,0.0001,0,0.0002,0,0.0005,0,0.0002,0,0,0,0.0001,0.0001,0.0001,0,0,0,0.1685,0.2573,0.1685,0.2573,1
0.5613,1.1227,0.5613,0,0.5613,0.5613,0.5613,1.1227,1.684,0.5613,1.684,0.5613,1.1227,0,0,1.1227,3.3681,0,0,0.5613,0,0.0001,0,0,0,0,0,0.0001,0.0001,0,0.0001,0,0.0001,0,0,0.0001,0.0002,0,0,0,0.1823,0.2564,0.1823,0.2564,1
1.8684,0,1.2456,0,0.6228,0.6228,0.6228,0,0.6228,0.6228,0.6228,0.6228,0.6228,0,0.6228,0,0.6228,0.6228,0,0.6228,0.0002,0,0.0001,0,0.0001,0.0001,0.0001,0,0.0001,0.0001,0.0001,0.0001,0.0001,0,0.0001,0,0.0001,0.0001,0,0.0001,0.1357,0.2415,0.1357,0.2415,1
1.9646,0,0,0,0.6549,0,0,0.6549,0.6549,0.6549,0.6549,0.6549,2.6195,0.6549,1.3097,1.3097,0,1.3097,0,0,0.0002,0,0,0,0.0001,0,0,0.0001,0.0001,0.0001,0.0001,0.0001,0.0003,0.0001,0.0002,0.0002,0,0.0002,0,0,0.1964,0.1487,0.1964,0.1487,1
4.7551,0,0,0.6793,0.6793,0.6793,0,0,1.3586,2.0379,0,0,2.7172,0,1.3586,0,0.6793,2.0379,0,0,0.0005,0,0,0.0001,0.0001,0.0001,0,0,0.0001,0.0002,0,0,0.0003,0,0.0001,0,0.0001,0.0002,0,0,0.135,0.1857,0.135,0.1857,1
1.1157,0.5579,0.5579,0,1.1157,1.6736,0.5579,0,1.1157,0.5579,2.7893,0.5579,0.5579,0,0,1.6736,0.5579,2.2314,0,1.1157,0.0001,0,0,0,0.0001,0.0001,0,0,0.0001,0,0.0002,0,0,0,0,0.0001,0,0.0001,0,0.0001,0.2133,0.2289,0.2133,0.2289,1
0.9965,0.9965,0.4982,0.4982,0.4982,0.9965,0.4982,0,1.4947,0.4982,0,0,0.4982,0,1.4947,0.9965,1.4947,0.9965,0.4982,0.4982,0.0001,0.0001,0,0,0,0.0001,0,0,0.0001,0,0,0,0,0,0.0001,0.0001,0.0001,0.0001,0,0,0.2467,0.255,0.2467,0.255,1
2.1587,0,0,0,0.7196,0,0,0,4.3173,0,0,0,0,0,0,0,0.7196,1.4391,0,0.7196,0.0005,0,0,0,0.0002,0,0,0,0.0009,0,0,0,0,0,0,0,0.0002,0.0003,0,0.0002,0.1072,0.1732,0.1072,0.1732,1
0,0.5883,0.5883,0.5883,0,1.7649,0,0,1.1766,0.5883,1.7649,0.5883,0.5883,0.5883,0,0,1.7649,0.5883,0.5883,0,0,0,0,0,0,0.0001,0,0,0.0001,0,0.0001,0,0,0,0,0,0.0001,0,0,0,0.2238,0.1879,0.2238,0.1879,1
0,0,0,0,2.7745,2.0809,0,0.6936,1.3872,1.3872,0,0,0,0,0,0.6936,0,0,0,0,0,0,0,0,0.0003,0.0002,0,0.0001,0.0001,0.0001,0,0,0,0,0,0.0001,0,0,0,0,0.1117,0.1947,0.1117,0.1947,1
2.2385,0,1.4924,0.7462,0,0,0,0,0,2.2385,0,0,0,0,0,0,1.4924,1.4924,0,0.7462,0.0003,0,0.0002,0.0001,0,0,0,0,0,0.0003,0,0,0,0,0,0,0.0002,0.0002,0,0.0001,0.1567,0.0971,0.1567,0.0971,1
2.3541,1.177,1.7655,1.177,0.5885,1.177,0,0,0,1.177,0,0,0.5885,0,0.5885,0,0,0.5885,0.5885,0,0.0001,0.0001,0.0001,0.0001,0,0.0001,0,0,0,0.0001,0,0,0,0,0,0,0,0,0,0,0.2336,0.1779,0.2336,0.1779,1
0.8318,0,0,0,0.8318,0,0,0,3.3274,2.4955,0,0,0,0,0,0,0.8318,1.6637,0,0.8318,0.0002,0,0,0,0.0002,0,0,0,0.0008,0.0006,0,0,0,0,0,0,0.0002,0.0004,0,0.0002,0.0843,0.0838,0.0843,0.0838,1
0,0,0,0.5451,0,0,1.6354,0.5451,0.5451,0,1.0903,0,0.5451,0.5451,2.1806,2.1806,0,1.6354,0,1.0903,0,0,0,0.0001,0,0,0.0002,0.0001,0.0001,0,0.0001,0,0.0001,0.0001,0.0002,0.0002,0,0.0002,0,0.0001,0.2301,0.2248,0.2301,0.2248,1
1.8085,0,0.6028,0,0,0,1.2057,1.2057,0.6028,0.6028,1.8085,1.8085,0.6028,0,0.6028,0,0.6028,1.2057,0,0,0.0002,0,0.0001,0,0,0,0.0001,0.0001,0.0001,0.0001,0.0002,0.0002,0.0001,0,0.0001,0,0.0001,0.0001,0,0,0.2066,0.1906,0.2066,0.1906,1
0,0,1.0802,0.5401,0,3.2405,0,0.5401,0,0.5401,0,1.0802,0,0,2.1604,0.5401,0.5401,0.5401,0,0.5401,0,0,0.0001,0.0001,0,0.0003,0,0.0001,0,0.0001,0,0.0001,0,0,0.0002,0.0001,0.0001,0.0001,0,0.0001,0.2339,0.226,0.2339,0.226,1
0,3.5677,0,0.5946,0,2.9731,0.5946,0,0,1.1892,0,1.1892,1.7838,0,0.5946,0.5946,2.9731,1.1892,0.5946,0,0,0.0001,0,0,0,0.0001,0,0,0,0,0,0,0.0001,0,0,0,0.0001,0,0,0,0.2104,0.195,0.2104,0.195,1
4.0733,0,0.5092,0,0,1.0183,0,0.5092,1.5275,3.5641,0,1.5275,0,0.5092,0,0,0.5092,0.5092,0.5092,0,0.0003,0,0,0,0,0.0001,0,0,0.0001,0.0002,0,0.0001,0,0,0,0,0,0,0,0,0.2395,0.2514,0.2395,0.2514,1
0,0,0.6892,0,0,2.0675,0,0,0,0.6892,0,0,1.3783,0,2.0675,0.6892,0,0.6892,0,0,0,0,0.0001,0,0,0.0003,0,0,0,0.0001,0,0,0.0002,0,0.0003,0.0001,0,0.0001,0,0,0.2242,0.0866,0.2242,0.0866,1
0,0,0.6348,0,0.6348,1.2696,0,0,1.2696,1.2696,0.6348,0,0.6348,0.6348,0,1.2696,0.6348,0.6348,0.6348,0.6348,0,0,0.0001,0,0.0001,0.0001,0,0,0.0001,0.0001,0.0001,0,0.0001,0.0001,0,0.0001,0.0001,0.0001,0.0001,0.0001,0.1695,0.1957,0.1695,0.1957,1
1.9495,0,0,1.2996,1.2996,0,0,0.6498,1.2996,0.6498,0.6498,0.6498,2.5993,0,0,0.6498,0,1.2996,0,0,0.0002,0,0,0.0001,0.0001,0,0,0.0001,0.0001,0.0001,0.0001,0.0001,0.0003,0,0,0.0001,0,0.0001,0,0,0.21,0.1401,0.21,0.1401,1
1.3145,0,0.6572,0.6572,1.9717,0,0,1.3145,0.6572,0.6572,0.6572,0.6572,2.6289,0,0,0.6572,0,1.3145,0,0,0.0001,0,0.0001,0.0001,0.0002,0,0,0.0001,0.0001,0.0001,0.0001,0.0001,0.0002,0,0,0.0001,0,0.0001,0,0,0.197,0.1458,0.197,0.1458,1
0.6649,0,0.6649,0,0.6649,1.3297,0,0,0,0.6649,0.6649,0.6649,1.3297,0.6649,0,1.3297,1.9946,0.6649,1.3297,1.3297,0.0001,0,0.0001,0,0.0001,0.0001,0,0,0,0.0001,0.0001,0.0001,0.0001,0.0001,0,0.0001,0.0002,0.0001,0.0001,0.0001,0.1668,0.1683,0.1668,0.1683,1
0.5351,1.0701,1.0701,0,0.5351,0,0,0.5351,0.5351,1.0701,0,1.6052,0.5351,0,1.6052,0.5351,0.5351,0.5351,0,0,0,0.0001,0.0001,0,0,0,0,0,0,0.0001,0,0.0001,0,0,0.0001,0,0,0,0,0,0.2463,0.2187,0.2463,0.2187,1
0,0,0.7543,0,0,0.7543,0,0,0,1.5086,0,0.7543,0.7543,0.7543,0.7543,1.5086,0,0.7543,0,0.7543,0,0,0.0001,0,0,0.0001,0,0,0,0.0002,0,0.0001,0.0001,0.0001,0.0001,0.0002,0,0.0001,0,0.0001,0.1372,0.1085,0.1372,0.1085,1
1.8336,0.6112,0.6112,1.2224,0,1.2224,0,0,1.2224,1.2224,1.2224,0,0,0,0,0,1.2224,0,0,0.6112,0.0002,0.0001,0.0001,0.0001,0,0.0001,0,0,0.0001,0.0001,0.0001,0,0,0,0,0,0.0001,0,0,0.0001,0.2038,0.185,0.2038,0.185,1
0.606,0,0.606,0,0,0.606,1.2119,0.606,2.4238,0,0.606,0.606,0,0,0,1.8179,1.2119,1.2119,0.606,0,0.0001,0,0.0001,0,0,0.0001,0.0001,0.0001,0.0003,0,0.0001,0.0001,0,0,0,0.0002,0.0001,0.0001,0.0001,0,0.1783,0.2157,0.1783,0.2157,1
0.5713,0,1.7138,0,0,1.7138,0,0,0.5713,1.7138,0,1.1425,5.1414,0.5713,0.5713,0.5713,1.1425,1.1425,0,0.5713,0,0,0.0001,0,0,0.0001,0,0,0,0.0001,0,0.0001,0.0004,0,0,0,0.0001,0.0001,0,0,0.1958,0.2329,0.1958,0.2329,1
0.7332,0.7332,0.7332,0,1.4663,0,1.4663,0.7332,0,1.4663,0,0.7332,0.7332,0,0,0,0,2.1995,0,0,0.0001,0.0001,0.0001,0,0.0001,0,0.0001,0.0001,0,0.0001,0,0.0001,0.0001,0,0,0,0,0.0002,0,0,0.1443,0.1225,0.1443,0.1225,1
0.4431,0,0.4431,3.9881,0,0,0,0.4431,1.7725,2.2156,0.4431,0.4431,0,0,0.4431,0.8862,0.4431,0.4431,0.4431,0,0,0,0,0.0003,0,0,0,0,0.0001,0.0002,0,0,0,0,0,0.0001,0,0,0,0,0.2458,0.3111,0.2458,0.3111,1
0,0,0,0,3.3343,0.8336,0,0,3.3343,3.3343,0,0,0,0,0,0,0,0,0,0,0,0,0,0,0.0007,0.0002,0,0,0.0007,0.0007,0,0,0,0,0,0,0,0,0,0,0.0692,0.0973,0.0692,0.0973,1
2.2598,0,0,0,0,1.5065,0,0,0.7533,0.7533,0,0,2.2598,0,1.5065,0,0,0,0,0,0.0004,0,0,0,0,0.0003,0,0,0.0001,0.0001,0,0,0.0004,0,0.0003,0,0,0,0,0,0.1973,0.0495,0.1973,0.0495,1
0.6728,0,0,0,0,0,0,0.6728,0,0.6728,1.3456,0,0,0.6728,2.0184,0,0.6728,0.6728,0,0.6728,0.0001,0,0,0,0,0,0,0.0001,0,0.0001,0.0003,0,0,0.0001,0.0004,0,0.0001,0.0001,0,0.0001,0.1973,0.1299,0.1973,0.1299,1
0.9838,0,0.4919,3.4433,0,0,0.4919,1.9676,0.4919,0.9838,0,1.9676,0,0.9838,0,0.9838,0.9838,0.9838,0,0,0.0001,0,0,0.0002,0,0,0,0.0001,0,0.0001,0,0.0001,0,0.0001,0,0.0001,0.0001,0.0001,0,0,0.2671,0.241,0.2671,0.241,1
1.5063,0.7532,0,0,0.7532,0.7532,0.7532,0.7532,0.7532,0.7532,0.7532,0,0.7532,0,0,0.7532,0,0,0,0,0.0002,0.0001,0,0,0.0001,0.0001,0.0001,0.0001,0.0001,0.0001,0.0001,0,0.0001,0,0,0.0001,0,0,0,0,0.095,0.1518,0.095,0.1518,1
4.8576,0,0,0,0,0.4858,0,0.4858,2.9146,1.943,0,0,0,0,0,0.4858,0.4858,1.4573,0.4858,0,0.0004,0,0,0,0,0,0,0,0.0003,0.0002,0,0,0,0,0,0,0,0.0001,0,0,0.2353,0.279,0.2353,0.279,1
1.9675,0,0.4919,0,1.9675,2.9512,0.4919,0.4919,0.4919,0.4919,0,0,0,0.4919,0.4919,0.9837,0.4919,1.9675,0.4919,0,0.0001,0,0,0,0.0001,0.0002,0,0,0,0,0,0,0,0,0,0.0001,0,0.0001,0,0,0.26,0.2482,0.26,0.2482,1
2.362,0,0,1.181,0.5905,0,0.5905,0,0,1.181,0,0,0,0,1.7715,0.5905,1.7715,0.5905,0,0,0.0003,0,0,0.0002,0.0001,0,0.0001,0,0,0.0002,0,0,0,0,0.0003,0.0001,0.0003,0.0001,0,0,0.1728,0.2367,0.1728,0.2367,1
1.7128,0,0,0,0,0,0,0,3.4255,1.7128,0,0,0.8564,0,0,0,0.8564,2.5692,0,0,0.0004,0,0,0,0,0,0,0,0.0009,0.0004,0,0,0.0002,0,0,0,0.0002,0.0007,0,0,0.0568,0.0868,0.0568,0.0868,1
0.5056,1.5169,0.5056,0.5056,0.5056,1.0113,0,0.5056,1.0113,1.5169,0,0,1.0113,0,1.0113,0,0.5056,0.5056,0.5056,0,0,0.0001,0,0,0,0.0001,0,0,0.0001,0.0001,0,0,0.0001,0,0.0001,0,0,0,0,0,0.274,0.2203,0.274,0.2203,1
2.4773,0,0,0,0,3.0966,0.6193,0,1.2386,3.7159,0,0,1.2386,0,0,1.2386,0.6193,1.2386,0,0,0.0002,0,0,0,0,0.0002,0,0,0.0001,0.0003,0,0,0.0001,0,0,0.0001,0,0.0001,0,0,0.192,0.1886,0.192,0.1886,1
0.6244,0.6244,0.6244,0,0,1.8732,0,1.2488,0,1.8732,0.6244,0,0.6244,0,1.2488,0.6244,1.2488,1.2488,0,0.6244,0,0,0,0,0,0.0001,0,0.0001,0,0.0001,0,0,0,0,0.0001,0,0.0001,0.0001,0,0,0.1879,0.1877,0.1879,0.1877,1
0,0,0.6562,0,0.6562,0,0.6562,3.9373,0.6562,0,0,0.6562,0.6562,0,1.3124,0.6562,0.6562,1.3124,0,0,0,0,0.0001,0,0.0001,0,0.0001,0.0004,0.0001,0,0,0.0001,0.0001,0,0.0001,0.0001,0.0001,0.0001,0,0,0.1856,0.1582,0.1856,0.1582,1
1.2318,1.2318,0,0.6159,0,0.6159,0,1.2318,0.6159,0,2.4636,1.2318,1.8477,0,0,1.2318,0.6159,1.2318,1.8477,0,0.0001,0.0001,0,0,0,0,0,0.0001,0,0,0.0001,0.0001,0.0001,0,0,0.0001,0,0.0001,0.0001,0,0.1979,0.1862,0.1979,0.1862,1
4.6487,0,0,0,0,0,0,0,1.5496,3.0991,0,0,1.5496,0,2.3243,0,0,3.0991,0,0,0.0007,0,0,0,0,0,0,0,0.0002,0.0005,0,0,0.0002,0,0.0004,0,0,0.0005,0,0,0.0966,0.1287,0.0966,0.1287,1
2.2455,0,0,0,0,0,0,0,3.7425,0,0,0,0,0,0,0,0.7485,2.994,0,0.7485,0.0005,0,0,0,0,0,0,0,0.0009,0,0,0,0,0,0,0,0.0002,0.0007,0,0.0002,0.1114,0.1401,0.1114,0.1401,1
2.1392,0.7131,0.7131,0,0,0,0.7131,0,0.7131,0.7131,1.4261,0,0,0,0,0,0.7131,0.7131,0,0.7131,0.0002,0.0001,0.0001,0,0,0,0.0001,0,0.0001,0.0001,0.0001,0,0,0,0,0,0.0001,0.0001,0,0.0001,0.1524,0.1345,0.1524,0.1345,1
0.7297,0,0,0,0,2.1892,0,0.7297,1.4595,1.4595,0,0,0,0.7297,0,1.4595,0,0,0,0,0.0001,0,0,0,0,0.0002,0,0.0001,0.0002,0.0002,0,0,0,0.0001,0,0.0002,0,0,0,0,0.1481,0.1222,0.1481,0.1222,1
1.1597,3.479,0,0.5798,0,1.1597,0,1.1597,1.1597,0.5798,0,2.3193,1.1597,0,0.5798,1.1597,0,1.7395,0.5798,0.5798,0,0.0001,0,0,0,0,0,0,0,0,0,0.0001,0,0,0,0,0,0.0001,0,0,0.2377,0.1825,0.2377,0.1825,1
0.4766,0.9532,0.4766,0.4766,0.4766,1.4299,0.4766,0,0.4766,0,0.4766,0.4766,1.4299,0,1.4299,0.4766,0.9532,0.9532,0,0.9532,0,0.0001,0,0,0,0.0001,0,0,0,0,0,0,0.0001,0,0.0001,0,0.0001,0.0001,0,0.0001,0.2799,0.2435,0.2799,0.2435,1
0.6245,0,0.6245,0,1.2489,0,2.4979,2.4979,1.2489,0,4.3713,0,0.6245,0.6245,0,0,1.8734,0.6245,0,0,0.0001,0,0.0001,0,0.0001,0,0.0003,0.0003,0.0001,0,0.0005,0,0.0001,0.0001,0,0,0.0002,0.0001,0,0,0.1787,0.1969,0.1787,0.1969,1
1.3788,0,1.3788,0,0,0,0,0.6894,0.6894,0.6894,0,1.3788,0,0,0,0.6894,0,0,0.6894,0,0.0001,0,0.0001,0,0,0,0,0.0001,0.0001,0.0001,0,0.0001,0,0,0,0.0001,0,0,0.0001,0,0.1921,0.1185,0.1921,0.1185,1
1.5224,1.5224,0.5075,0,1.5224,3.5522,1.0149,0,0.5075,0.5075,0.5075,0.5075,0,0,0,1.0149,0.5075,1.0149,0.5075,0.5075,0.0001,0.0001,0,0,0.0001,0.0002,0,0,0,0,0,0,0,0,0,0,0,0,0,0,0.2424,0.2501,0.2424,0.2501,1
2.5699,0,1.0279,0.514,0.514,1.0279,0.514,0,1.0279,0,0.514,0.514,0,0,1.5419,1.0279,0.514,1.0279,0,0.514,0.0002,0,0.0001,0,0,0.0001,0,0,0.0001,0,0,0,0,0,0.0001,0.0001,0,0.0001,0,0,0.2564,0.2296,0.2564,0.2296,1
0,0,0,0,0,0.5898,1.1796,0.5898,1.7693,1.7693,0,0.5898,1.1796,0.5898,0,0.5898,0,0.5898,0,0.5898,0,0,0,0,0,0.0001,0.0001,0.0001,0.0002,0.0002,0,0.0001,0.0001,0.0001,0,0.0001,0,0.0001,0,0.0001,0.2226,0.1876,0.2226,0.1876,1
1.7013,0,0,0,0.8506,0,0,0,3.4026,1.7013,0,0,0,0,0,0,0.8506,2.5519,0,0,0.0004,0,0,0,0.0002,0,0,0,0.0009,0.0004,0,0,0,0,0,0,0.0002,0.0007,0,0,0.0573,0.0921,0.0573,0.0921,1
0,1.7978,1.7978,1.1985,0.5993,2.3971,0,0.5993,0.5993,1.1985,0,0,0,0,0,0.5993,0,1.1985,0,0.5993,0,0.0001,0.0001,0.0001,0,0.0001,0,0,0,0.0001,0,0,0,0,0,0,0,0.0001,0,0,0.1827,0.218,0.1827,0.218,1
1.2674,0.6337,0,0.6337,1.2674,0,0,0.6337,0.6337,0,1.9011,0.6337,0.6337,0,0.6337,1.2674,3.8022,0.6337,0.6337,0.6337,0.0001,0,0,0,0.0001,0,0,0,0,0,0.0001,0,0,0,0,0.0001,0.0003,0,0,0,0.198,0.1683,0.198,0.1683,1
0.5895,0,0.5895,1.7686,0,1.7686,0,0.5895,1.1791,1.7686,0,0,1.1791,0,1.1791,0.5895,1.1791,0,0,0,0.0001,0,0.0001,0.0002,0,0.0002,0,0.0001,0.0002,0.0002,0,0,0.0002,0,0.0002,0.0001,0.0002,0,0,0,0.2085,0.202,0.2085,0.202,1
0,0.4814,2.4069,0.9627,0.4814,0,1.9255,0.4814,0.4814,0.4814,0.9627,0,0,1.4441,0,0.4814,1.4441,0.4814,0,0.4814,0,0,0.0002,0.0001,0,0,0.0001,0,0,0,0.0001,0,0,0.0001,0,0,0.0001,0,0,0,0.261,0.2576,0.261,0.2576,1
1.6449,0,0.5483,1.0966,0,1.0966,0,0,0.5483,1.0966,1.0966,0.5483,0.5483,0,1.0966,0.5483,0.5483,1.0966,0,1.0966,0.0001,0,0,0.0001,0,0.0001,0,0,0,0.0001,0.0001,0,0,0,0.0001,0,0,0.0001,0,0.0001,0.2171,0.2346,0.2171,0.2346,1
0,0,1.2544,3.3449,0,0,0,1.2544,3.3449,0.4181,0,0,0,0.8362,0,0.4181,0.4181,0,0.8362,0.4181,0,0,0.0001,0.0003,0,0,0,0.0001,0.0003,0,0,0,0,0.0001,0,0,0,0,0.0001,0,0.2518,0.3301,0.2518,0.3301,1
0,3.6,0,0,0,0.5143,0.5143,1.0286,1.0286,0,1.0286,0.5143,0,0.5143,1.0286,0,3.0857,2.0572,0.5143,0,0,0.0002,0,0,0,0,0,0,0,0,0,0,0,0,0,0,0.0001,0.0001,0,0,0.263,0.2227,0.263,0.2227,1
0.6105,0,0,0.6105,1.8315,0,0,1.221,1.8315,0,0.6105,0.6105,3.0525,0,0,1.221,1.221,0,0,0,0.0001,0,0,0.0001,0.0002,0,0,0.0001,0.0002,0,0.0001,0.0001,0.0003,0,0,0.0001,0.0001,0,0,0,0.2353,0.1542,0.2353,0.1542,1
0,0,0.561,1.1221,0,0,0.561,0,0.561,2.8052,0,1.1221,0,0,1.1221,0.561,0.561,0,0,0,0,0,0.0001,0.0001,0,0,0.0001,0,0.0001,0.0003,0,0.0001,0,0,0.0001,0.0001,0.0001,0,0,0,0.2297,0.2092,0.2297,0.2092,1
0,0,0,0,0,0,0,0.7155,1.4309,0.7155,0,0,0,0.7155,1.4309,0.7155,0,0.7155,0.7155,0,0,0,0,0,0,0,0,0.0001,0.0003,0.0001,0,0,0,0.0001,0.0003,0.0001,0,0.0001,0.0001,0,0.2004,0.0841,0.2004,0.0841,1
1.157,0.5785,0.5785,2.314,0,0.5785,0,0.5785,1.157,0.5785,0,0,0.5785,0,4.6281,0,1.7355,1.157,0,0.5785,0.0001,0.0001,0.0001,0.0002,0,0.0001,0,0.0001,0.0001,0.0001,0,0,0.0001,0,0.0004,0,0.0002,0.0001,0,0.0001,0.2364,0.1851,0.2364,0.1851,1
0,0,0.8139,2.8486,0,0,0,1.2208,2.8486,0.4069,0,0,0,0.8139,0,0.8139,0.4069,0,1.2208,0.4069,0,0,0.0001,0.0002,0,0,0,0.0001,0.0002,0,0,0,0,0.0001,0,0.0001,0,0,0.0001,0,0.2678,0.3253,0.2678,0.3253,1
0.8445,0,0,0,2.5336,0,0,0,3.3781,2.5336,0,0,0.8445,0,0,0,0,0.8445,0,0,0.0002,0,0,0,0.0006,0,0,0,0.0007,0.0006,0,0,0.0002,0,0,0,0,0.0002,0,0,0.0544,0.1011,0.0544,0.1011,1
0,0,0.6348,0.6348,0.6348,0.6348,0,0,0.6348,0.6348,1.2697,0.6348,1.2697,0,0,1.2697,1.2697,1.2697,0.6348,1.9045,0,0,0,0,0,0,0,0,0,0,0.0001,0,0.0001,0,0,0.0001,0.0001,0.0001,0,0.0001,0.1836,0.1816,0.1836,0.1816,1
2.4461,0,0.9784,0,0,0.9784,0.4892,0.9784,2.4461,0.9784,1.4676,0.9784,0,0,0.4892,0.9784,0,0.4892,0,0.4892,0.0002,0,0.0001,0,0,0.0001,0,0.0001,0.0002,0.0001,0.0001,0.0001,0,0,0,0.0001,0,0,0,0,0.2755,0.2353,0.2755,0.2353,1
0,0,0,0,0,0,0,0.7231,4.3387,0.7231,0,0,0,0,0,0,0.7231,2.1693,0,0.7231,0,0,0,0,0,0,0,0.0002,0.0012,0.0002,0,0,0,0,0,0,0.0002,0.0006,0,0.0002,0.1006,0.1762,0.1006,0.1762,1
0,0,0,0,0.6288,0,0,1.8863,0.6288,2.5151,0,0,0.6288,0,1.8863,0.6288,0.6288,1.2575,0,0.6288,0,0,0,0,0.0001,0,0,0.0002,0.0001,0.0003,0,0,0.0001,0,0.0002,0.0001,0.0001,0.0002,0,0.0001,0.1903,0.1809,0.1903,0.1809,1
0,0,0,0,0.8844,0,0,0,0,0,0.8844,0.8844,5.3064,0,0,0,0.8844,1.7688,0.8844,0,0,0,0,0,0.0001,0,0,0,0,0,0.0001,0.0001,0.0007,0,0,0,0.0001,0.0002,0.0001,0,0.0765,0.0391,0.0765,0.0391,1
1.2683,0,0.6342,0,0,0,0,0.6342,0.6342,0.6342,0,1.2683,0,0,1.9025,0,1.2683,0.6342,0,0.6342,0.0002,0,0.0001,0,0,0,0,0.0001,0.0001,0.0001,0,0.0002,0,0,0.0003,0,0.0002,0.0001,0,0.0001,0.2059,0.16,0.2059,0.16,1
1.4618,0.7309,2.1927,0,0,0,0,0,0,0.7309,0,0.7309,0,0.7309,0,0,0,0,0,0.7309,0.0001,0.0001,0.0002,0,0,0,0,0,0,0.0001,0,0.0001,0,0.0001,0,0,0,0,0,0.0001,0.1208,0.1483,0.1208,0.1483,1
0.8407,0,0,0,0.8407,0,0,0,3.3628,0.8407,0,0,0,0,0,0,0.8407,3.3628,0,0.8407,0.0002,0,0,0,0.0002,0,0,0,0.001,0.0002,0,0,0,0,0,0,0.0002,0.001,0,0.0002,0.055,0.1043,0.055,0.1043,1
0.5687,1.1374,0,0,0,1.1374,0,0,0,0,1.1374,1.706,0,0.5687,3.4121,0,0,0.5687,0.5687,0,0,0.0001,0,0,0,0.0001,0,0,0,0,0.0001,0.0001,0,0,0.0003,0,0,0,0,0,0.213,0.2183,0.213,0.2183,1
2.2517,0,0,0,1.5011,0,0,1.5011,0.7506,1.5011,0,1.5011,0,0,0,1.5011,0,0.7506,0,0,0.0002,0,0,0,0.0001,0,0,0.0001,0.0001,0.0001,0,0.0001,0,0,0,0.0001,0,0.0001,0,0,0.136,0.1134,0.136,0.1134,1
0,0,0,0,0.6508,1.3015,1.3015,1.3015,0.6508,1.3015,0.6508,0,2.6031,0,0,1.9523,1.3015,3.9046,0,0,0,0,0,0,0,0.0001,0.0001,0.0001,0,0.0001,0,0,0.0002,0,0,0.0001,0.0001,0.0003,0,0,0.147,0.2023,0.147,0.2023,1
0.7445,0,0,0,0,1.4889,0,0,0.7445,0.7445,0,0,2.2334,0,1.4889,0.7445,0,0.7445,0,0,0.0001,0,0,0,0,0.0002,0,0,0.0001,0.0001,0,0,0.0004,0,0.0002,0.0001,0,0.0001,0,0,0.2141,0.0415,0.2141,0.0415,1
0,1.1304,1.1304,0,0,0,0.5652,0,1.1304,0.5652,0,0.5652,1.6957,0.5652,2.8261,0,1.1304,0,0,0,0,0.0001,0.0001,0,0,0,0.0001,0,0.0001,0.0001,0,0.0001,0.0002,0.0001,0.0003,0,0.0001,0,0,0,0.193,0.2418,0.193,0.2418,1
0.7066,0,0,0.7066,1.4132,1.4132,0,0,1.4132,1.4132,0,0,0.7066,0,0,0,0.7066,0.7066,0,0,0.0001,0,0,0.0001,0.0002,0.0002,0,0,0.0002,0.0002,0,0,0.0001,0,0,0,0.0001,0.0001,0,0,0.1726,0.1208,0.1726,0.1208,1
0.4962,0.4962,0,0.4962,0.4962,0.4962,1.4887,0,0.4962,0,0.4962,0.4962,1.985,0,0.9925,0.9925,0.4962,1.4887,0.4962,1.4887,0,0,0,0,0,0,0.0001,0,0,0,0,0,0.0002,0,0.0001,0.0001,0,0.0001,0,0.0001,0.2493,0.2544,0.2493,0.2544,1
0.9098,0,0,3.6391,0.4549,0,0,1.3647,4.094,0.4549,0.4549,0.4549,0,0.4549,0.9098,0,0,0.4549,0,0,0.0001,0,0,0.0004,0,0,0,0.0001,0.0004,0,0,0,0,0,0.0001,0,0,0,0,0,0.2927,0.2524,0.2927,0.2524,1
0.5742,0,1.1485,1.7227,0,0,0.5742,0.5742,1.1485,0,1.1485,0,0,0,0.5742,0,0.5742,0.5742,0.5742,0,0.0001,0,0.0001,0.0002,0,0,0.0001,0.0001,0.0001,0,0.0001,0,0,0,0.0001,0,0.0001,0.0001,0.0001,0,0.1893,0.2364,0.1893,0.2364,1
2.6101,0,0.522,1.044,0,1.044,0,1.044,1.044,0.522,0.522,0.522,0.522,1.5661,0,0,0,0,0.522,1.5661,0.0002,0,0,0.0001,0,0.0001,0,0.0001,0.0001,0,0,0,0,0.0001,0,0,0,0,0,0.0001,0.2542,0.2237,0.2542,0.2237,1
0.471,0.471,0.942,0,0,0.942,0.471,0.942,1.8841,0.471,1.4131,0.942,0,0,0.471,0.471,0.942,1.4131,0.471,0.942,0,0,0.0001,0,0,0.0001,0,0.0001,0.0001,0,0.0001,0.0001,0,0,0,0,0.0001,0.0001,0,0.0001,0.2526,0.2764,0.2526,0.2764,1
1.0471,0,0,0.5236,0.5236,1.0471,1.0471,0.5236,1.5707,2.0943,0,0,1.0471,0,1.0471,0.5236,0,3.1414,0,0,0.0001,0,0,0,0,0.0001,0.0001,0,0.0001,0.0002,0,0,0.0001,0,0.0001,0,0,0.0003,0,0,0.2077,0.2688,0.2077,0.2688,1
0.6197,0,0.6197,0,0,0.6197,0,0,1.2395,1.8592,0,1.2395,0,0,1.2395,1.2395,0,0.6197,0,0.6197,0.0001,0,0.0001,0,0,0.0001,0,0,0.0001,0.0002,0,0.0001,0,0,0.0001,0.0001,0,0.0001,0,0.0001,0.1943,0.1859,0.1943,0.1859,1
0.5616,3.3696,0,0.5616,0,0.5616,0,1.1232,1.6848,0.5616,0,2.2464,1.1232,0,0.5616,1.1232,0,2.2464,0.5616,0.5616,0,0.0001,0,0,0,0,0,0,0.0001,0,0,0.0001,0,0,0,0,0,0.0001,0,0,0.2616,0.1768,0.2616,0.1768,1
0.5885,0.5885,0.5885,0,0.5885,0.5885,0,0,0.5885,1.7655,0,0.5885,1.7655,0,1.177,1.7655,0,0,0.5885,0.5885,0,0,0,0,0,0,0,0,0,0.0001,0,0,0.0001,0,0.0001,0.0001,0,0,0,0,0.1992,0.2123,0.1992,0.2123,1
2.0741,0,0,0,0,2.0741,1.3827,2.0741,0,0.6914,0,1.3827,0,0.6914,0,0.6914,0.6914,2.0741,0,0.6914,0.0002,0,0,0,0,0.0002,0.0001,0.0002,0,0.0001,0,0.0001,0,0.0001,0,0.0001,0.0001,0.0002,0,0.0001,0.1587,0.15,0.1587,0.15,1
1.2418,0,0,1.2418,1.8627,0,0,1.2418,1.2418,0.6209,0.6209,0.6209,2.4837,0,0,0.6209,0,1.2418,0,0,0.0001,0,0,0.0001,0.0002,0,0,0.0001,0.0001,0.0001,0.0001,0.0001,0.0002,0,0,0.0001,0,0.0001,0,0,0.2355,0.1436,0.2355,0.1436,1
0,0.6598,0,0.6598,0.6598,2.639,0,0.6598,0,0.6598,1.3195,0.6598,0,0.6598,0,1.3195,1.3195,0,1.3195,0,0,0,0,0,0,0.0002,0,0,0,0,0.0001,0,0,0,0,0.0001,0.0001,0,0.0001,0,0.1967,0.1435,0.1967,0.1435,1
0.7098,0,0,0,1.4196,0,1.4196,0.7098,0.7098,2.8393,0.7098,0.7098,0,0,0,0.7098,0.7098,0,0,0,0.0001,0,0,0,0.0002,0,0.0002,0.0001,0.0001,0.0003,0.0001,0.0001,0,0,0,0.0001,0.0001,0,0,0,0.1713,0.1189,0.1713,0.1189,1
0,0,0.5333,0.5333,1.0666,0.5333,0.5333,1.5999,0,2.1332,0,0.5333,0,0.5333,6.3997,0,0,0,0,0,0,0,0.0001,0.0001,0.0001,0.0001,0.0001,0.0002,0,0.0002,0,0.0001,0,0.0001,0.0007,0,0,0,0,0,0.2039,0.2628,0.2039,0.2628,1
1.6864,0.5621,0.5621,0.5621,0.5621,0.5621,0,0.5621,0.5621,0.5621,0,1.6864,0,0,1.6864,0.5621,0.5621,0.5621,0,0.5621,0.0001,0,0,0,0,0,0,0,0,0,0,0.0001,0,0,0.0001,0,0,0,0,0,0.1902,0.2476,0.1902,0.2476,1
0.7105,0,0.7105,0,0,0,0,0,1.421,2.1315,0.7105,0.7105,0.7105,0,0,1.421,1.421,0,0,0.7105,0.0001,0,0.0001,0,0,0,0,0,0.0002,0.0003,0.0001,0.0001,0.0001,0,0,0.0002,0.0002,0,0,0.0001,0.129,0.1605,0.129,0.1605,1
0.625,0,1.875,0,0.625,1.25,0.625,1.25,0,0.625,1.25,0,0,0,1.25,0,1.25,0,0,0,0.0001,0,0.0002,0,0.0001,0.0002,0.0001,0.0002,0,0.0001,0.0002,0,0,0,0.0002,0,0.0002,0,0,0,0.1918,0.1832,0.1918,0.1832,1
0,0.5203,1.5608,0.5203,0.5203,0,0,0.5203,0.5203,1.5608,0,0,0,0,0.5203,1.0405,0,0,2.081,0,0,0,0.0001,0,0,0,0,0,0,0.0001,0,0,0,0,0,0.0001,0,0,0.0001,0,0.2226,0.2571,0.2226,0.2571,1
0,0.5586,0,0,0,0.5586,0.5586,0.5586,1.1172,0,0.5586,1.1172,0.5586,0,2.2345,0.5586,1.1172,0.5586,0,1.1172,0,0,0,0,0,0,0,0,0.0001,0,0,0.0001,0,0,0.0002,0,0.0001,0,0,0.0001,0.2419,0.1995,0.2419,0.1995,1
0.6059,0,0.6059,0,0.6059,1.2118,0.6059,1.2118,0.6059,0,1.2118,1.2118,1.2118,0,0,0.6059,0.6059,0,0.6059,1.8177,0,0,0,0,0,0.0001,0,0.0001,0,0,0.0001,0.0001,0.0001,0,0,0,0,0,0,0.0001,0.1996,0.1945,0.1996,0.1945,1
0.5686,0,0.5686,0,0.5686,1.1373,0.5686,1.1373,1.7059,0.5686,0.5686,1.1373,0,0,2.8432,1.1373,1.1373,1.7059,0,0.5686,0,0,0,0,0,0.0001,0,0.0001,0.0001,0,0,0.0001,0,0,0.0002,0.0001,0.0001,0.0001,0,0,0.2014,0.2299,0.2014,0.2299,1
3.3408,0.8352,0,0,0,0,0,1.6704,1.6704,0.8352,0,0,0.8352,0,1.6704,0,0,4.176,0,0,0.0003,0.0001,0,0,0,0,0,0.0002,0.0002,0.0001,0,0,0.0001,0,0.0002,0,0,0.0004,0,0,0.0603,0.1045,0.0603,0.1045,1
2.9893,0.7473,0,0.7473,0.7473,0,0,0,0.7473,0,0,0,0,0.7473,0,0,0,0,1.4947,0,0.0003,0.0001,0,0.0001,0.0001,0,0,0,0.0001,0,0,0,0,0.0001,0,0,0,0,0.0001,0,0.136,0.1167,0.136,0.1167,1
0.7115,1.4231,0,0.7115,2.1346,0,0,2.1346,0.7115,0.7115,0,0.7115,2.8461,0,0,0.7115,0,1.4231,0,0,0,0.0001,0,0,0.0001,0,0,0.0001,0,0,0,0,0.0002,0,0,0,0,0.0001,0,0,0.1526,0.1359,0.1526,0.1359,1
0.5161,0,0.5161,1.5482,0.5161,0,0,0,1.0322,0.5161,1.5482,0,0.5161,0,2.5804,0.5161,1.0322,1.5482,0,1.0322,0.0001,0,0.0001,0.0002,0.0001,0,0,0,0.0001,0.0001,0.0002,0,0.0001,0,0.0003,0.0001,0.0001,0.0002,0,0.0001,0.2939,0.19,0.2939,0.19,1
1.1645,0,0.5822,0,0,1.7467,0,0,0,1.1645,0,0.5822,0.5822,1.1645,2.3289,0.5822,0,0,0,0,0.0001,0,0.0001,0,0,0.0002,0,0,0,0.0001,0,0.0001,0.0001,0.0001,0.0003,0.0001,0,0,0,0,0.2054,0.2124,0.2054,0.2124,1
0,4.0438,0,0,0,2.3107,0,0.5777,0,1.1554,0,0,0,0,2.3107,0,0,0,0,0,0,0.0002,0,0,0,0.0001,0,0,0,0.0001,0,0,0,0,0.0001,0,0,0,0,0,0.2202,0.2022,0.2202,0.2022,1
0,2.7145,0,0,0.5429,1.6287,0,0,0,1.6287,0.5429,0,0,0,2.7145,0,0,0,0,0,0,0.0001,0,0,0,0.0001,0,0,0,0.0001,0,0,0,0,0.0001,0,0,0,0,0,0.2059,0.2512,0.2059,0.2512,1
0.6891,0,0,0,0,0,0.6891,0.6891,0,0.6891,2.0674,0,0,0,2.0674,0.6891,0.6891,0,0,0,0.0001,0,0,0,0,0,0.0001,0.0001,0,0.0001,0.0004,0,0,0,0.0004,0.0001,0.0001,0,0,0,0.1811,0.1297,0.1811,0.1297,1
0,0.5012,0.5012,0.5012,1.0025,1.5037,0.5012,1.0025,1.0025,1.0025,0.5012,0,0,0,2.5061,0.5012,0.5012,1.5037,0.5012,0.5012,0,0,0,0,0.0001,0.0001,0,0.0001,0.0001,0.0001,0,0,0,0,0.0002,0,0,0.0001,0,0,0.2179,0.2808,0.2179,0.2808,1
1.8877,0.6292,0.6292,1.2585,0,0.6292,0,1.2585,0.6292,0,0.6292,0,0.6292,0,0,0,1.2585,1.2585,0,0,0.0002,0.0001,0.0001,0.0001,0,0.0001,0,0.0001,0.0001,0,0.0001,0,0.0001,0,0,0,0.0001,0.0001,0,0,0.1967,0.1741,0.1967,0.1741,1
1.3678,1.3678,1.3678,0,0.6839,0,0.6839,0.6839,0,1.3678,0.6839,1.3678,0.6839,0,0,1.3678,0,1.3678,0,0,0.0001,0.0001,0.0001,0,0,0,0,0,0,0.0001,0,0.0001,0,0,0,0.0001,0,0.0001,0,0,0.1873,0.1288,0.1873,0.1288,1
4.3796,0,0,0.7299,0,0,0,0,1.4599,3.6497,0,0,1.4599,0,1.4599,0,0,1.4599,0,0,0.0005,0,0,0.0001,0,0,0,0,0.0002,0.0005,0,0,0.0002,0,0.0002,0,0,0.0002,0,0,0.1237,0.1464,0.1237,0.1464,1
0.7166,0,0,0.7166,0,1.4331,0,2.1497,0.7166,1.4331,0.7166,2.8662,2.1497,0,0,1.4331,0.7166,0,0,0,0.0001,0,0,0.0001,0,0.0001,0,0.0002,0.0001,0.0001,0.0001,0.0002,0.0002,0,0,0.0001,0.0001,0,0,0,0.135,0.1485,0.135,0.1485,1
0,0.6079,0,0,0,2.4317,1.8238,0.6079,0.6079,1.2159,0.6079,0.6079,1.2159,0,0,2.4317,0.6079,1.8238,0,0.6079,0,0,0,0,0,0.0001,0.0001,0,0,0.0001,0,0,0.0001,0,0,0.0001,0,0.0001,0,0,0.2297,0.1624,0.2297,0.1624,1
2.5607,0,0,0,0,0,0,0,3.4142,1.7071,0,0,0.8536,0,0,0,0.8536,1.7071,0,0,0.0007,0,0,0,0,0,0,0,0.0009,0.0004,0,0,0.0002,0,0,0,0.0002,0.0004,0,0,0.0579,0.0886,0.0579,0.0886,1
0,0,0.4918,1.4753,1.4753,0.4918,0,0,1.4753,1.9671,0,0.4918,0,0,1.4753,0,0,0.4918,0,0,0,0,0,0.0001,0.0001,0,0,0,0.0001,0.0002,0,0,0,0,0.0001,0,0,0,0,0,0.2377,0.2705,0.2377,0.2705,1
0.6631,0,0,0,0,1.3263,0.6631,0.6631,0.6631,3.9788,0,0.6631,0.6631,0,0,0.6631,0,1.3263,0,0.6631,0.0001,0,0,0,0,0.0001,0.0001,0.0001,0.0001,0.0003,0,0.0001,0.0001,0,0,0.0001,0,0.0001,0,0.0001,0.1625,0.1743,0.1625,0.1743,1
0.5342,3.2051,0.5342,0.5342,0.5342,0.5342,0,1.0684,1.6025,0.5342,0.5342,1.0684,1.0684,0,0.5342,1.0684,0.5342,1.6025,0,0.5342,0,0.0001,0,0,0,0,0,0,0.0001,0,0,0,0,0,0,0,0,0.0001,0,0,0.2473,0.2186,0.2473,0.2186,1
1.0941,0,1.0941,0,0,1.6412,0,0,1.6412,4.3765,0.5471,0,0.5471,0.5471,0,0.5471,0,0.5471,0,0.5471,0.0001,0,0.0001,0,0,0.0001,0,0,0.0001,0.0003,0,0,0,0,0,0,0,0,0,0,0.2128,0.2401,0.2128,0.2401,1
2.0252,0.5063,0,0.5063,0,1.0126,0,0.5063,0.5063,1.5189,0.5063,0.5063,0,0.5063,2.5315,0.5063,0,0.5063,0,1.0126,0.0002,0,0,0,0,0.0001,0,0,0,0.0001,0,0,0,0,0.0002,0,0,0,0,0.0001,0.245,0.2487,0.245,0.2487,1
0.4773,0.4773,0.4773,0.4773,0.9547,0.4773,0,0,1.432,0.4773,0.4773,0.9547,0,0,1.9094,0.9547,1.432,1.432,0,0.9547,0,0,0,0,0.0001,0,0,0,0.0001,0,0,0.0001,0,0,0.0001,0.0001,0.0001,0.0001,0,0.0001,0.2337,0.2889,0.2337,0.2889,1
0,0,0.5552,0.5552,2.2209,0,1.1105,0,1.6657,0,0,2.2209,2.2209,0,0,0.5552,0,1.1105,0,0,0,0,0.0001,0.0001,0.0002,0,0.0001,0,0.0002,0,0,0.0002,0.0002,0,0,0.0001,0,0.0001,0,0,0.2535,0.1913,0.2535,0.1913,1
0,0,0.7016,0.7016,0,0,0.7016,0,0,4.9109,0.7016,0.7016,0,0,0,1.4031,0,0.7016,0.7016,0,0,0,0.0001,0.0001,0,0,0.0001,0,0,0.0005,0.0001,0.0001,0,0,0,0.0001,0,0.0001,0.0001,0,0.1633,0.1352,0.1633,0.1352,1
0,0.735,0.735,0,0.735,0.735,0.735,0,0,2.2049,0.735,0,0.735,0,0,0,1.4699,0.735,0.735,1.4699,0,0.0001,0.0001,0,0.0001,0.0001,0.0001,0,0,0.0002,0.0001,0,0.0001,0,0,0,0.0001,0.0001,0.0001,0.0001,0.13,0.1351,0.13,0.1351,1
1.1692,1.1692,1.1692,1.1692,0.5846,0.5846,0,0,0.5846,1.7537,0,0,0,0,1.1692,0,1.1692,0.5846,0,0,0.0001,0.0001,0.0001,0.0001,0,0,0,0,0,0.0001,0,0,0,0,0.0001,0,0.0001,0,0,0,0.2236,0.1918,0.2236,0.1918,1
0.5631,0,0,0.5631,1.1261,1.6892,0.5631,0.5631,1.1261,0,0,0,1.6892,0,0.5631,0,0.5631,0.5631,0.5631,0.5631,0.0001,0,0,0.0001,0.0001,0.0002,0.0001,0.0001,0.0001,0,0,0,0.0002,0,0.0001,0,0.0001,0.0001,0.0001,0.0001,0.2008,0.2361,0.2008,0.2361,1
0,0,0.4522,2.7134,0,0,0,0.9045,2.7134,0.9045,0.4522,0.4522,0,0,0,0,0.9045,0,0.9045,0.4522,0,0,0,0.0002,0,0,0,0.0001,0.0002,0.0001,0,0,0,0,0,0,0.0001,0,0.0001,0,0.2435,0.3042,0.2435,0.3042,1
0,0,0,0,1.9027,0.6342,1.9027,0.6342,1.9027,1.2685,0.6342,0.6342,0,0,4.4397,0,0,1.9027,0,0,0,0,0,0,0.0004,0.0001,0.0004,0.0001,0.0004,0.0003,0.0001,0.0001,0,0,0.0009,0,0,0.0004,0,0,0.1796,0.1862,0.1796,0.1862,1
2.4963,0.6241,0,0,0,1.8723,0,0,0.6241,1.8723,1.2482,1.2482,0,0,1.2482,0,0,0,0,0,0.0002,0.0001,0,0,0,0.0002,0,0,0.0001,0.0002,0.0001,0.0001,0,0,0.0001,0,0,0,0,0,0.2081,0.1678,0.2081,0.1678,1
1.1855,0,0,0,1.1855,1.1855,1.1855,0.5928,1.1855,0.5928,0.5928,0.5928,0,0,0,0,1.1855,3.5566,0,0,0.0001,0,0,0,0.0001,0.0001,0.0001,0.0001,0.0001,0.0001,0.0001,0.0001,0,0,0,0,0.0001,0.0004,0,0,0.2151,0.1921,0.2151,0.1921,1
0.5211,1.5633,0,0.5211,0,2.0844,0,0,0.5211,2.6055,1.5633,0,2.6055,1.0422,1.0422,0,0.5211,0,0.5211,0.5211,0,0.0001,0,0,0,0.0001,0,0,0,0.0002,0.0001,0,0.0002,0.0001,0.0001,0,0,0,0,0,0.2354,0.2435,0.2354,0.2435,1
0.6302,0.6302,0,0.6302,0,0,1.8907,1.8907,0.6302,0.6302,1.2605,0,0,0,0,0,1.8907,1.2605,0.6302,0.6302,0.0001,0.0001,0,0.0001,0,0,0.0002,0.0002,0.0001,0.0001,0.0001,0,0,0,0,0,0.0002,0.0001,0.0001,0.0001,0.159,0.2107,0.159,0.2107,1
0,0,0,1.0845,0.5423,0,0,1.0845,1.0845,1.6268,0,1.6268,0,0,2.1691,0,0.5423,0,0,0,0,0,0,0.0001,0.0001,0,0,0.0001,0.0001,0.0002,0,0.0002,0,0,0.0002,0,0.0001,0,0,0,0.2072,0.2506,0.2072,0.2506,1
1.3946,2.3243,0.4649,0,0,0,0.9297,0.9297,0.4649,0.4649,0.9297,0.4649,0.9297,0.4649,2.3243,0.4649,0.9297,0,0,0.4649,0.0001,0.0001,0,0,0,0,0.0001,0.0001,0,0,0.0001,0,0.0001,0,0.0001,0,0.0001,0,0,0,0.2508,0.2843,0.2508,0.2843,1
1.399,0.6995,0,0,0,0,0,0,1.399,1.399,2.7981,0.6995,0.6995,0,0,0,1.399,0,0,0.6995,0.0001,0.0001,0,0,0,0,0,0,0.0001,0.0001,0.0003,0.0001,0.0001,0,0,0,0.0001,0,0,0.0001,0.1496,0.1509,0.1496,0.1509,1
1.8342,0.6114,0,0,0,0,0,0,1.2228,0.6114,0.6114,0,0.6114,0,1.2228,1.8342,1.2228,1.2228,0.6114,0,0.0001,0,0,0,0,0,0,0,0.0001,0,0,0,0,0,0.0001,0.0001,0.0001,0.0001,0,0,0.1873,0.2013,0.1873,0.2013,1
0.8892,0.4446,1.3338,0.4446,0.4446,1.3338,0.4446,0.4446,0.4446,0,0.8892,0.4446,0,0.4446,0.8892,0.4446,0,0.8892,1.3338,0.4446,0.0001,0,0.0001,0,0,0.0001,0,0,0,0,0.0001,0,0,0,0.0001,0,0,0.0001,0.0001,0,0.268,0.2874,0.268,0.2874,1
0.5726,1.1453,1.1453,1.1453,0,2.8632,0.5726,0.5726,0,2.2906,0,0.5726,0,0.5726,0,1.7179,0,0.5726,0,0,0,0.0001,0.0001,0.0001,0,0.0002,0,0,0,0.0001,0,0,0,0,0,0.0001,0,0,0,0,0.2044,0.2229,0.2044,0.2229,1
0.9631,0,0,0.4815,0,2.4077,0.4815,0.4815,2.4077,1.4446,0.9631,1.4446,0,0,0,0.9631,0,0.9631,0,0.4815,0.0001,0,0,0,0,0.0002,0,0,0.0002,0.0001,0.0001,0.0001,0,0,0,0.0001,0,0.0001,0,0,0.2562,0.2623,0.2562,0.2623,1
0.5363,0.5363,0.5363,0,1.0725,1.0725,0.5363,0.5363,0,1.0725,0.5363,0.5363,1.0725,0,2.6813,1.6088,0.5363,1.6088,0,0,0,0,0,0,0.0001,0.0001,0,0,0,0.0001,0,0,0.0001,0,0.0002,0.0001,0,0.0001,0,0,0.1949,0.2689,0.1949,0.2689,1
0.596,0,1.1919,0,0,0.596,0.596,1.1919,1.7879,1.1919,0,0,0.596,0,5.3637,0,1.7879,0.596,0.596,0.596,0.0001,0,0.0001,0,0,0.0001,0.0001,0.0001,0.0002,0.0001,0,0,0.0001,0,0.0007,0,0.0002,0.0001,0.0001,0.0001,0.2117,0.1923,0.2117,0.1923,1
1.2461,0,0,1.2461,1.8692,0,0,1.2461,1.2461,0.6231,0,0.6231,3.1153,0,0,0.6231,0,1.2461,0,0,0.0001,0,0,0.0001,0.0002,0,0,0.0001,0.0001,0.0001,0,0.0001,0.0003,0,0,0.0001,0,0.0001,0,0,0.2266,0.1503,0.2266,0.1503,1
2.0352,0,0.6784,0,0,2.0352,0,0,0,1.3568,0.6784,0,0,0,1.3568,0,0,0,0,0,0.0003,0,0.0001,0,0,0.0003,0,0,0,0.0002,0.0001,0,0,0,0.0002,0,0,0,0,0,0.1838,0.1378,0.1838,0.1378,1
0,2.5349,0.6337,0,0,0.6337,0,0,1.2675,0.6337,0.6337,0,1.2675,0,0,0.6337,3.1686,2.5349,1.2675,0,0,0.0001,0,0,0,0,0,0,0.0001,0,0,0,0.0001,0,0,0,0.0001,0.0001,0.0001,0,0.2092,0.157,0.2092,0.157,1
0.5525,0,0,0,0,0.5525,0,0,1.1049,1.1049,0,0,2.2098,0,2.2098,0,0,0,2.7623,0.5525,0.0001,0,0,0,0,0.0001,0,0,0.0001,0.0001,0,0,0.0002,0,0.0002,0,0,0,0.0003,0.0001,0.2226,0.225,0.2226,0.225,1
0.5002,1.0004,1.0004,0,0,0.5002,1.0004,0.5002,0.5002,2.0007,1.0004,0.5002,1.5006,0,1.5006,0,1.0004,1.5006,0,0,0,0.0001,0.0001,0,0,0,0.0001,0,0,0.0001,0.0001,0,0.0001,0,0.0001,0,0.0001,0.0001,0,0,0.2935,0.2063,0.2935,0.2063,1
0.8704,0.8704,0,0,0.4352,1.3056,0.4352,1.3056,3.0464,0.4352,0.4352,0.4352,0.4352,0,1.3056,0,0,0.8704,0,0,0.0001,0.0001,0,0,0,0.0001,0,0.0001,0.0002,0,0,0,0,0,0.0001,0,0,0.0001,0,0,0.2553,0.3095,0.2553,0.3095,1
0,0.5285,1.5856,0.5285,0.5285,0.5285,0,0,0.5285,2.1141,0,0,0,0,0.5285,1.0571,0,0,1.5856,0,0,0,0.0001,0,0,0,0,0,0,0.0001,0,0,0,0,0,0.0001,0,0,0.0001,0,0.2489,0.2226,0.2489,0.2226,1
3.4139,0,0,0,1.3656,0,0,0.6828,0.6828,0,0.6828,0,0.6828,0,0.6828,2.0483,2.7311,2.0483,0,0.6828,0.0003,0,0,0,0.0001,0,0,0.0001,0.0001,0,0.0001,0,0.0001,0,0.0001,0.0002,0.0003,0.0002,0,0.0001,0.1624,0.1549,0.1624,0.1549,1
0,0.5943,1.1886,0.5943,0,0,0,1.1886,0,0.5943,0,0,0,0,1.1886,0.5943,0,0.5943,1.7828,0,0,0,0.0001,0,0,0,0,0.0001,0,0,0,0,0,0,0.0001,0,0,0,0.0001,0,0.2056,0.2001,0.2056,0.2001,1
2.2208,0,2.961,0.7403,0,0,0,0,0,0.7403,0,0,0,0,0,0,0.7403,2.2208,0,0.7403,0.0003,0,0.0004,0.0001,0,0,0,0,0,0.0001,0,0,0,0,0,0,0.0001,0.0003,0,0.0001,0.1511,0.1086,0.1511,0.1086,1
0,0.6165,1.233,0.6165,0.6165,0,0,1.233,0,1.8495,0.6165,1.233,0.6165,0,0.6165,1.8495,0,0,0,0,0,0,0.0001,0,0,0,0,0.0001,0,0.0001,0,0.0001,0,0,0,0.0001,0,0,0,0,0.2149,0.1686,0.2149,0.1686,1
1.7703,0,0,0.5901,1.1802,0,0,0,1.7703,2.3604,1.1802,0,0,0,0,0.5901,0.5901,0,0,0.5901,0.0002,0,0,0.0001,0.0001,0,0,0,0.0002,0.0003,0.0001,0,0,0,0,0.0001,0.0001,0,0,0.0001,0.2124,0.1975,0.2124,0.1975,1
0,0,2.0821,0.5205,0,1.041,0.5205,0.5205,0,3.1231,0,1.5616,0,0,0.5205,0,0,0.5205,0,0,0,0,0.0001,0,0,0.0001,0,0,0,0.0002,0,0.0001,0,0,0,0,0,0,0,0,0.21,0.2695,0.21,0.2695,1
1.5031,0,1.0021,0,0.501,0.501,0.501,1.5031,0.501,0.501,1.5031,0,1.5031,0,1.0021,0,0.501,2.0041,0.501,0.501,0.0001,0,0.0001,0,0,0,0,0.0001,0,0,0.0001,0,0.0001,0,0.0001,0,0,0.0002,0,0,0.2543,0.2446,0.2543,0.2446,1
1.0185,0,0,1.0185,0,1.0185,0.5093,1.5278,0,3.0556,0,1.5278,0,3.0556,1.0185,0.5093,0,0.5093,0.5093,0,0.0001,0,0,0.0001,0,0.0001,0,0.0001,0,0.0002,0,0.0001,0,0.0002,0.0001,0,0,0,0,0,0.2282,0.2626,0.2282,0.2626,1
0.4806,0,1.4417,0,0,0.9611,0.9611,0.9611,0.4806,2.4028,0.4806,0.4806,0.4806,0,0.4806,0.9611,1.4417,1.4417,0,0.4806,0,0,0.0001,0,0,0.0001,0.0001,0.0001,0,0.0002,0,0,0,0,0,0.0001,0.0001,0.0001,0,0,0.2683,0.2511,0.2683,0.2511,1
0,0,2.7803,0,0.6951,0,0,0.6951,0.6951,4.1705,0,2.0852,1.3902,0,0,0,0,0.6951,0.6951,0,0,0,0.0002,0,0,0,0,0,0,0.0003,0,0.0001,0.0001,0,0,0,0,0,0,0,0.1391,0.1658,0.1391,0.1658,1
0.9721,2.4303,0.9721,0.4861,0.4861,0.9721,0,0.9721,0.9721,0,0.9721,0.9721,0.4861,0,0.4861,0.9721,0.9721,0.4861,0,0.9721,0,0.0001,0,0,0,0,0,0,0,0,0,0,0,0,0,0,0,0,0,0,0.2634,0.2505,0.2634,0.2505,1
2.0798,0,0,0,0,0.6933,0.6933,0,0.6933,0.6933,1.3865,0,2.773,0,0.6933,1.3865,0.6933,0,0,0,0.0003,0,0,0,0,0.0001,0.0001,0,0.0001,0.0001,0.0002,0,0.0004,0,0.0001,0.0002,0.0001,0,0,0,0.1873,0.1195,0.1873,0.1195,1
0.6973,1.3946,0,0.6973,2.7893,0.6973,0,1.3946,0.6973,1.3946,0,0,2.7893,0,0,0.6973,0,0.6973,0,0,0,0.0001,0,0,0.0002,0,0,0.0001,0,0.0001,0,0,0.0002,0,0,0,0,0,0,0,0.1651,0.1376,0.1651,0.1376,1
0,0,0.8732,0,1.3099,3.0564,0.8732,0.8732,0.4366,0.4366,0,0,0,0.4366,0.8732,0.8732,0,1.3099,1.7465,0,0,0,0.0001,0,0.0001,0.0002,0.0001,0.0001,0,0,0,0,0,0,0.0001,0.0001,0,0.0001,0.0001,0,0.2911,0.2723,0.2911,0.2723,1
0,0.6439,0,0,0,0.6439,0.6439,0.6439,2.5755,0.6439,1.9316,0,0.6439,0,0.6439,0.6439,0.6439,1.9316,0,1.2877,0,0.0001,0,0,0,0.0001,0.0001,0.0001,0.0002,0.0001,0.0002,0,0.0001,0,0.0001,0.0001,0.0001,0.0002,0,0.0001,0.184,0.1721,0.184,0.1721,1
1.211,0,0.6055,1.8164,0,0,0.6055,0,2.4219,1.8164,0,0.6055,0,0,0,1.211,0.6055,1.211,0,0,0.0001,0,0.0001,0.0002,0,0,0.0001,0,0.0002,0.0002,0,0.0001,0,0,0,0.0001,0.0001,0.0001,0,0,0.2561,0.1384,0.2561,0.1384,1
1.1893,0,0,0,0.5947,0,1.1893,0,0.5947,0,0.5947,0,0,0,1.784,0.5947,0,0.5947,1.1893,0.5947,0.0002,0,0,0,0.0001,0,0.0002,0,0.0001,0,0.0001,0,0,0,0.0003,0.0001,0,0.0001,0.0002,0.0001,0.1953,0.21,0.1953,0.21,1
1.2737,1.9105,0.6368,0,0,1.9105,0.6368,0,1.9105,0,0.6368,0,0,0,0,0.6368,1.9105,0,0,1.2737,0.0001,0.0001,0,0,0,0.0001,0,0,0.0001,0,0,0,0,0,0,0,0.0001,0,0,0.0001,0.189,0.1741,0.189,0.1741,1
0.5356,1.0711,0,1.0711,0.5356,2.1422,1.0711,1.6067,0.5356,1.0711,0,1.0711,0,0,0.5356,0.5356,1.0711,1.6067,0,0,0,0.0001,0,0.0001,0,0.0002,0.0001,0.0001,0,0.0001,0,0.0001,0,0,0,0,0.0001,0.0001,0,0,0.2534,0.211,0.2534,0.211,1
0.5679,0.5679,2.2715,0.5679,0.5679,0,0.5679,0,1.1358,0.5679,2.2715,1.1358,0.5679,1.1358,1.1358,0.5679,0,0.5679,0,0.5679,0,0,0.0001,0,0,0,0,0,0.0001,0,0.0001,0.0001,0,0.0001,0.0001,0,0,0,0,0,0.1832,0.2489,0.1832,0.2489,1
0.6771,0,0,0,2.0314,0.6771,0,1.3543,0.6771,0,0,0,0,1.3543,0.6771,1.3543,0,1.3543,0,0,0.0001,0,0,0,0.0002,0.0001,0,0.0001,0.0001,0,0,0,0,0.0001,0.0001,0.0001,0,0.0001,0,0,0.1339,0.1889,0.1339,0.1889,1
0.5141,0.5141,0.5141,0,0,0.5141,1.0282,0.5141,0.5141,1.5422,0,0,0.5141,0,3.0845,0.5141,0,0.5141,0.5141,0.5141,0,0,0,0,0,0,0.0001,0,0,0.0001,0,0,0,0,0.0003,0,0,0,0,0,0.2438,0.2421,0.2438,0.2421,1
1.4218,1.4218,0,0.7109,2.1327,0,0,1.4218,0.7109,0.7109,0,0.7109,2.8436,0,0,0.7109,0,1.4218,0,0,0.0001,0.0001,0,0,0.0001,0,0,0.0001,0,0,0,0,0.0002,0,0,0,0,0.0001,0,0,0.1631,0.126,0.1631,0.126,1
1.9138,0,0,0,0,1.2759,0,0,1.9138,1.2759,0.6379,0,0,0.6379,0,0,0.6379,0,0.6379,0,0.0002,0,0,0,0,0.0002,0,0,0.0002,0.0002,0.0001,0,0,0.0001,0,0,0.0001,0,0.0001,0,0.1527,0.2094,0.1527,0.2094,1
0,0,0.5249,2.0996,0,0,0,1.0498,5.774,0.5249,0.5249,0.5249,0,1.5747,0.5249,1.0498,0.5249,0.5249,0,0,0,0,0.0001,0.0003,0,0,0,0.0001,0.0007,0.0001,0.0001,0.0001,0,0.0002,0.0001,0.0001,0.0001,0.0001,0,0,0.2449,0.2302,0.2449,0.2302,1
1.4653,0,0,0.7327,0.7327,0,0,0.7327,0.7327,2.198,0.7327,0.7327,1.4653,0.7327,0,0,0,2.9306,0,0,0.0002,0,0,0.0001,0.0001,0,0,0.0001,0.0001,0.0003,0.0001,0.0001,0.0002,0.0001,0,0,0,0.0004,0,0,0.1494,0.1179,0.1494,0.1179,1
0.6966,1.3932,0,0,0.6966,0.6966,0,0.6966,0.6966,0.6966,0.6966,0,0.6966,0.6966,1.3932,0.6966,0.6966,1.3932,0,0,0.0001,0.0001,0,0,0.0001,0.0001,0,0.0001,0.0001,0.0001,0.0001,0,0.0001,0.0001,0.0001,0.0001,0.0001,0.0001,0,0,0.1238,0.1796,0.1238,0.1796,1
0,0.5363,0.5363,0.5363,0.5363,0,0,0.5363,1.609,1.609,0,0,0,0,0.5363,1.0726,0,0.5363,1.609,0,0,0,0,0,0,0,0,0,0.0001,0.0001,0,0,0,0,0,0.0001,0,0,0.0001,0,0.2302,0.2335,0.2302,0.2335,1
2.8924,0,0.7231,0,2.1693,0.7231,0,0,0.7231,2.8924,0,0,0,0,0,0,0,0,0,0.7231,0.0003,0,0.0001,0,0.0002,0.0001,0,0,0.0001,0.0003,0,0,0,0,0,0,0,0,0,0.0001,0.1626,0.1143,0.1626,0.1143,1
1.5427,0,0,0,1.5427,0.5142,0,1.0285,1.0285,1.5427,0,0.5142,1.0285,0,2.0569,0.5142,0.5142,0.5142,0,0.5142,0.0001,0,0,0,0.0001,0,0,0.0001,0.0001,0.0001,0,0,0.0001,0,0.0002,0,0,0,0,0,0.2486,0.2371,0.2486,0.2371,1
0.4748,0.4748,0.9497,0.4748,0.4748,1.4245,0.4748,0,0.4748,0.9497,0,0.4748,0,0.9497,1.4245,0.4748,0.4748,0.4748,0.4748,1.4245,0,0,0.0001,0,0,0.0001,0,0,0,0.0001,0,0,0,0.0001,0.0001,0,0,0,0,0.0001,0.2549,0.2702,0.2549,0.2702,1
0.74,0,0,0,0.74,0,0,0.74,0,1.4801,1.4801,0,0,0,2.2201,0.74,0,0.74,0.74,0.74,0.0001,0,0,0,0.0001,0,0,0.0001,0,0.0002,0.0002,0,0,0,0.0003,0.0001,0,0.0001,0.0001,0.0001,0.1319,0.1281,0.1319,0.1281,1
1.4821,0,0,0.494,0,0,0.988,0,1.9761,0.494,1.4821,0,0.494,0,1.4821,0,1.9761,0,0,0.494,0.0002,0,0,0.0001,0,0,0.0002,0,0.0003,0.0001,0.0002,0,0.0001,0,0.0002,0,0.0003,0,0,0.0001,0.246,0.26,0.246,0.26,1
1.188,3.5641,0,0.594,0.594,1.782,0,1.188,1.188,0.594,0,1.188,1.188,0,0.594,1.782,0,1.782,0,0.594,0,0.0001,0,0,0,0.0001,0,0,0,0,0,0,0,0,0,0.0001,0,0.0001,0,0,0.2295,0.1765,0.2295,0.1765,1
0,0,0.8989,0.8989,0.4494,0.8989,0.4494,0.8989,0,0.4494,0.4494,0.4494,0.4494,0.4494,2.6967,0.4494,1.3483,0,0,1.3483,0,0,0.0001,0.0001,0,0.0001,0,0.0001,0,0,0,0,0,0,0.0003,0,0.0001,0,0,0.0001,0.2809,0.2697,0.2809,0.2697,1
0,0.505,0,2.0199,0,0.505,0.505,0.505,0.505,0.505,2.0199,0,0.505,0,2.5249,0.505,1.5149,1.5149,0,0,0,0,0,0.0002,0,0,0,0,0,0,0.0002,0,0,0,0.0002,0,0.0001,0.0001,0,0,0.2581,0.2369,0.2581,0.2369,1
0,0.6275,0.6275,0,1.8826,0,0,0,0.6275,0,0.6275,2.5101,0,0,0.6275,0,5.0202,1.255,0,1.8826,0,0.0001,0.0001,0,0.0002,0,0,0,0.0001,0,0.0001,0.0002,0,0,0.0001,0,0.0004,0.0001,0,0.0002,0.2145,0.158,0.2145,0.158,1
0.7637,0,0,0,0.7637,0,0,0,3.8184,2.291,0,0,0,0,0,0,0.7637,1.5274,0,0,0.0002,0,0,0,0.0002,0,0,0,0.0009,0.0006,0,0,0,0,0,0,0.0002,0.0004,0,0,0.1016,0.1347,0.1016,0.1347,1
0,0,1.3677,0,1.3677,0,0,0,0,5.4707,0,2.0515,0.6838,0,0,0.6838,0,0.6838,0,0.6838,0,0,0.0001,0,0.0001,0,0,0,0,0.0004,0,0.0001,0,0,0,0,0,0,0,0,0.1504,0.1658,0.1504,0.1658,1
2.8652,0,1.4326,0.7163,0.7163,0,0,0,0,0.7163,0,0,0,0,0,0,0.7163,2.8652,0,0,0.0003,0,0.0002,0.0001,0.0001,0,0,0,0,0.0001,0,0,0,0,0,0,0.0001,0.0003,0,0,0.1749,0.1088,0.1749,0.1088,1
1.6972,0,0.5657,1.1314,0,1.1314,0.5657,0,0.5657,1.6972,0.5657,0.5657,0.5657,0,0,0.5657,1.1314,0.5657,0,0,0.0002,0,0.0001,0.0001,0,0.0001,0.0001,0,0.0001,0.0002,0.0001,0.0001,0.0001,0,0,0.0001,0.0001,0.0001,0,0,0.2281,0.2061,0.2281,0.2061,1
0.8017,0,0.8017,0,0.8017,0.8017,0,0,0,1.6034,0,0.8017,0.8017,0,0,0,1.6034,0,0,0,0.0001,0,0.0001,0,0.0001,0.0001,0,0,0,0.0002,0,0.0001,0.0001,0,0,0,0.0002,0,0,0,0.1048,0.0935,0.1048,0.0935,1
0.7395,0,0.7395,0,0.7395,0,0,0,0.7395,2.2186,0.7395,0.7395,2.2186,0.7395,0,0,0.7395,1.479,0,0,0.0001,0,0.0001,0,0.0001,0,0,0,0.0001,0.0003,0.0001,0.0001,0.0003,0.0001,0,0,0.0001,0.0002,0,0,0.148,0.1125,0.148,0.1125,1
0.6571,0,0,0,0,0.6571,0,0,1.9714,0.6571,0,1.3142,0,0,0,3.2856,3.9427,0.6571,0,0,0.0001,0,0,0,0,0.0001,0,0,0.0002,0.0001,0,0.0002,0,0,0,0.0004,0.0005,0.0001,0,0,0.1683,0.1745,0.1683,0.1745,1
0,0.6721,0,0,0.6721,0,0,0.6721,2.0164,0.6721,0.6721,0,0,0,3.3607,0,0,0,0,0,0,0.0001,0,0,0.0001,0,0,0.0001,0.0003,0.0001,0.0001,0,0,0,0.0005,0,0,0,0,0,0.1216,0.2063,0.1216,0.2063,1
0.9701,0.485,0.485,0.9701,0.485,0,1.4551,0.485,0.9701,1.9402,0.485,0,0,0,0,0,3.8804,0.9701,0,0.9701,0.0001,0,0,0.0001,0,0,0.0001,0,0.0001,0.0001,0,0,0,0,0,0,0.0003,0.0001,0,0.0001,0.2208,0.2942,0.2208,0.2942,1
0,0,0.4921,0,0.4921,0.4921,0,0.4921,0.4921,2.9525,0,0,0.4921,0,1.9683,0,0.9842,0.4921,0.9842,0.4921,0,0,0,0,0,0,0,0,0,0.0003,0,0,0,0,0.0002,0,0.0001,0,0.0001,0,0.2491,0.2588,0.2491,0.2588,1
1.2873,0,0,1.2873,1.2873,0.6437,0,1.2873,0.6437,1.2873,0,3.2183,0,0,0,0,1.2873,0.6437,0,0,0.0001,0,0,0.0001,0.0001,0.0001,0,0.0001,0.0001,0.0001,0,0.0003,0,0,0,0,0.0001,0.0001,0,0,0.1838,0.1726,0.1838,0.1726,1
0,0,0,0,0.7384,1.4768,0,1.4768,0,3.6921,0,0,0.7384,0,0.7384,0.7384,0,0,0,0,0,0,0,0,0.0001,0.0001,0,0.0001,0,0.0004,0,0,0.0001,0,0.0001,0.0001,0,0,0,0,0.1127,0.1489,0.1127,0.1489,1
0.5552,0.5552,0.5552,0.5552,0,0,0,0,1.1104,0,0,1.6656,1.1104,0,3.3313,0.5552,0.5552,0.5552,0,0,0.0001,0.0001,0.0001,0.0001,0,0,0,0,0.0001,0,0,0.0002,0.0001,0,0.0003,0.0001,0.0001,0.0001,0,0,0.1983,0.2465,0.1983,0.2465,1
0.9697,0,1.9394,0.9697,0,0,0.4848,1.9394,1.4545,0.9697,0.9697,0.9697,0,0.4848,0,0.9697,0.4848,0.4848,0,0,0.0001,0,0.0001,0.0001,0,0,0,0.0001,0.0001,0.0001,0.0001,0.0001,0,0,0,0.0001,0,0,0,0,0.2604,0.2548,0.2604,0.2548,1
1.3987,0,0,0,0,0.6993,0.6993,0.6993,0.6993,1.3987,0.6993,0,0,2.098,0.6993,0,1.3987,0,0,0,0.0003,0,0,0,0,0.0001,0.0001,0.0001,0.0001,0.0003,0.0001,0,0,0.0004,0.0001,0,0.0003,0,0,0,0.1715,0.1291,0.1715,0.1291,1
1.4669,0.978,0.978,0.489,0.489,0.489,0.489,0.978,0.978,1.4669,0,0.489,0,0.489,0.978,0.489,1.4669,1.4669,0.489,0,0.0001,0.0001,0.0001,0,0,0,0,0.0001,0.0001,0.0001,0,0,0,0,0.0001,0,0.0001,0.0001,0,0,0.3094,0.2016,0.3094,0.2016,1
1.789,0.5963,0,0.5963,0.5963,0.5963,1.789,0,0.5963,2.9816,0.5963,0,1.1927,0,0,0.5963,0,2.9816,0,0,0.0001,0,0,0,0,0,0.0001,0,0,0.0002,0,0,0.0001,0,0,0,0,0.0002,0,0,0.167,0.2367,0.167,0.2367,1
0,0.6329,0,0,0,0.6329,0,0,0.6329,1.2658,0,0,1.2658,0,1.8987,1.8987,0,0.6329,0.6329,0,0,0.0001,0,0,0,0.0001,0,0,0.0001,0.0001,0,0,0.0001,0,0.0002,0.0002,0,0.0001,0.0001,0,0.1972,0.1699,0.1972,0.1699,1
0.7076,0,0,0,1.4152,2.1228,0,0,0.7076,1.4152,0,0,0.7076,0,0.7076,0,1.4152,1.4152,0,0,0.0001,0,0,0,0.0002,0.0003,0,0,0.0001,0.0002,0,0,0.0001,0,0.0001,0,0.0002,0.0002,0,0,0.1614,0.131,0.1614,0.131,1
0.6249,0,0,1.2497,0.6249,0.6249,0,0.6249,0.6249,1.2497,0,0,0.6249,0,0,0,3.1244,0,1.2497,0,0.0001,0,0,0.0001,0.0001,0.0001,0,0.0001,0.0001,0.0001,0,0,0.0001,0,0,0,0.0003,0,0.0001,0,0.1641,0.2111,0.1641,0.2111,1
0,0.6569,0,0,0,1.9707,0,0,0,1.9707,1.3138,0,0,0,1.3138,0,0.6569,0.6569,0.6569,0,0,0.0001,0,0,0,0.0002,0,0,0,0.0002,0.0001,0,0,0,0.0001,0,0.0001,0.0001,0.0001,0,0.1784,0.1648,0.1784,0.1648,1
2.481,0,0,0,1.654,0,0,0,3.308,0.827,0,0,0,0,0,0,0.827,1.654,0,0.827,0.0006,0,0,0,0.0004,0,0,0,0.0008,0.0002,0,0,0,0,0,0,0.0002,0.0004,0,0.0002,0.0601,0.1129,0.0601,0.1129,1
0.6715,0.6715,0.6715,0.6715,0.6715,0.6715,0,0.6715,0.6715,0.6715,0.6715,1.3431,0.6715,0,0,0.6715,0.6715,3.3577,0,0,0.0001,0.0001,0.0001,0.0001,0.0001,0.0001,0,0.0001,0.0001,0.0001,0.0001,0.0001,0.0001,0,0,0.0001,0.0001,0.0003,0,0,0.2312,0.0972,0.2312,0.0972,1
0.5816,0.5816,1.1632,0,0.5816,1.1632,0,0,0.5816,0,0,0,0,1.1632,0.5816,0,1.1632,0.5816,0.5816,1.1632,0,0,0.0001,0,0,0.0001,0,0,0,0,0,0,0,0.0001,0,0,0.0001,0,0,0.0001,0.2248,0.1936,0.2248,0.1936,1
0,0.6278,1.2556,0,1.2556,0,1.2556,1.2556,0,0,0,2.5113,1.8834,0,0.6278,0,0.6278,0.6278,0,0.6278,0,0.0001,0.0001,0,0.0001,0,0.0001,0.0001,0,0,0,0.0002,0.0002,0,0.0001,0,0.0001,0.0001,0,0.0001,0.1908,0.1813,0.1908,0.1813,1
1.2557,0,1.8835,0,0,1.8835,0,0,1.2557,1.2557,1.2557,0,0,0,0.6278,0.6278,0.6278,0,0,0.6278,0.0001,0,0.0002,0,0,0.0002,0,0,0.0001,0.0001,0.0001,0,0,0,0.0001,0.0001,0.0001,0,0,0.0001,0.1798,0.1923,0.1798,0.1923,1
1.7185,0.5728,0,0,1.1457,0,0.5728,0.5728,2.8642,1.7185,0.5728,1.1457,0,0,0,1.1457,1.7185,0.5728,0,0.5728,0.0001,0,0,0,0.0001,0,0,0,0.0002,0.0001,0,0.0001,0,0,0,0.0001,0.0001,0,0,0,0.2022,0.225,0.2022,0.225,1
0.8202,0,0,0,1.6404,0,0,0.8202,1.6404,4.9213,0,0,1.6404,0,0,0,1.6404,0.8202,0,0,0.0001,0,0,0,0.0003,0,0,0.0001,0.0003,0.0009,0,0,0.0003,0,0,0,0.0003,0.0001,0,0,0.0902,0.0895,0.0902,0.0895,1
1.7588,0.5863,0.5863,0,0.5863,0.5863,0,1.7588,0.5863,0.5863,0.5863,1.1725,0.5863,0,1.1725,0,0,0.5863,0,0.5863,0.0001,0,0,0,0,0,0,0.0001,0,0,0,0.0001,0,0,0.0001,0,0,0,0,0,0.2455,0.1682,0.2455,0.1682,1
0,0,0,3.3893,0,0,0,0,2.8244,1.1298,0,0.5649,0,0,1.1298,0.5649,0.5649,0.5649,0,1.1298,0,0,0,0.0005,0,0,0,0,0.0004,0.0002,0,0.0001,0,0,0.0002,0.0001,0.0001,0.0001,0,0.0002,0.1911,0.244,0.1911,0.244,1
0,0,0,0,3.9276,0,0,0.7855,0,2.3566,0,0,0,0,2.3566,0,0,1.571,0.7855,0,0,0,0,0,0.0015,0,0,0.0003,0,0.0009,0,0,0,0,0.0009,0,0,0.0006,0.0003,0,0.0876,0.1269,0.0876,0.1269,1
0,0.5104,1.0208,1.0208,0,2.0417,0,0.5104,0.5104,2.0417,0,0.5104,2.0417,0,1.5312,0,0,0.5104,0,0.5104,0,0,0.0001,0.0001,0,0.0002,0,0,0,0.0002,0,0,0.0002,0,0.0001,0,0,0,0,0,0.2598,0.2298,0.2598,0.2298,1
2.0443,0,1.5333,0,1.0222,2.0443,0,0.5111,0,0,0,0.5111,1.0222,0,2.0443,1.5333,0.5111,0.5111,0.5111,0.5111,0.0002,0,0.0001,0,0.0001,0.0002,0,0,0,0,0,0,0.0001,0,0.0002,0.0001,0,0,0,0,0.1985,0.2904,0.1985,0.2904,1
0,0,0,0,0.8275,0.8275,0,0,3.3098,3.3098,0,0,0,0,0,0,0.8275,1.6549,0,0,0,0,0,0,0.0002,0.0002,0,0,0.0006,0.0006,0,0,0,0,0,0,0.0002,0.0003,0,0,0.0644,0.1082,0.0644,0.1082,1
1.2293,0.6146,0,1.2293,0,1.2293,0,0,0,1.8439,0,0.6146,0.6146,0,1.2293,0.6146,0,0,0,0,0.0001,0.0001,0,0.0001,0,0.0001,0,0,0,0.0002,0,0.0001,0.0001,0,0.0001,0.0001,0,0,0,0,0.1877,0.1977,0.1877,0.1977,1
0.5932,0,0.5932,0,0.5932,1.1864,0.5932,1.1864,1.1864,0.5932,0,0.5932,0,0,0.5932,0,0,0,0.5932,0,0.0001,0,0.0001,0,0.0001,0.0001,0.0001,0.0001,0.0001,0.0001,0,0.0001,0,0,0.0001,0,0,0,0.0001,0,0.1746,0.2322,0.1746,0.2322,1
0.6538,0,0,0,0,1.3076,0,0.6538,1.9614,1.3076,0,0.6538,0.6538,0,0.6538,0,0,0.6538,0.6538,0.6538,0.0001,0,0,0,0,0.0002,0,0.0001,0.0002,0.0002,0,0.0001,0.0001,0,0.0001,0,0,0.0001,0.0001,0.0001,0.1465,0.1997,0.1465,0.1997,1
2.7122,3.3902,0.678,0.678,0,1.3561,0,0.678,0,2.0341,1.3561,0,1.3561,0.678,0,1.3561,3.3902,0,0.678,0,0.0001,0.0001,0,0,0,0.0001,0,0,0,0.0001,0.0001,0,0.0001,0,0,0.0001,0.0001,0,0,0,0.1641,0.1578,0.1641,0.1578,1
1.9401,0,0.6467,0,0,1.2934,0,0,0.6467,1.2934,0.6467,0,0,0,1.2934,0,0,0,0,0,0.0002,0,0.0001,0,0,0.0002,0,0,0.0001,0.0002,0.0001,0,0,0,0.0002,0,0,0,0,0,0.1811,0.1722,0.1811,0.1722,1
1.2675,0.6337,0,1.2675,0.6337,0,0.6337,0,1.2675,0.6337,1.2675,0.6337,1.9012,0,0,0.6337,0,1.9012,0,0,0.0001,0.0001,0,0.0001,0.0001,0,0.0001,0,0.0001,0.0001,0.0001,0.0001,0.0002,0,0,0.0001,0,0.0002,0,0,0.2003,0.1659,0.2003,0.1659,1
1.029,1.029,0,1.029,0.5145,1.5436,0,0,1.029,0.5145,0.5145,0,0.5145,1.029,0.5145,0.5145,0.5145,1.5436,0,1.5436,0.0001,0.0001,0,0.0001,0,0.0001,0,0,0.0001,0,0,0,0,0.0001,0,0,0,0.0001,0,0.0001,0.2641,0.2214,0.2641,0.2214,1
0,0.4766,1.9066,0.9533,0.4766,0.4766,0,0.9533,0.4766,2.3832,0.4766,0.9533,0.9533,0.4766,0.4766,0.4766,0.4766,0.9533,0.4766,0.4766,0,0,0.0001,0.0001,0,0,0,0.0001,0,0.0001,0,0.0001,0.0001,0,0,0,0,0.0001,0,0,0.2884,0.235,0.2884,0.235,1
0.5403,0.5403,1.0807,0,1.0807,1.621,1.621,0,0.5403,0,1.621,0.5403,1.621,0,0,0,2.7017,1.621,0,1.0807,0,0,0.0001,0,0.0001,0.0001,0.0001,0,0,0,0.0001,0,0.0001,0,0,0,0.0002,0.0001,0,0.0001,0.2102,0.2495,0.2102,0.2495,1
2.503,0.6257,0.6257,1.8772,0,3.1287,0,0.6257,0,1.8772,0.6257,0,0.6257,0,0,0.6257,0.6257,1.2515,0,0.6257,0.0002,0,0,0.0001,0,0.0002,0,0,0,0.0001,0,0,0,0,0,0,0,0.0001,0,0,0.177,0.1973,0.177,0.1973,1
0,0.5337,0,0,0.5337,0.5337,0,0,0.5337,2.1346,0,0.5337,0.5337,0.5337,2.1346,0.5337,0,0.5337,0.5337,0,0,0,0,0,0,0,0,0,0,0.0002,0,0,0,0,0.0002,0,0,0,0,0,0.2387,0.2276,0.2387,0.2276,1
1.2893,0,0,0,0,0,0,1.2893,1.2893,0.6446,0.6446,0.6446,0,0,0.6446,0,0,0,0.6446,0.6446,0.0002,0,0,0,0,0,0,0.0002,0.0002,0.0001,0.0001,0.0001,0,0,0.0001,0,0,0,0.0001,0.0001,0.1998,0.1556,0.1998,0.1556,1
1.1193,1.1193,0.5597,0,1.679,0.5597,0,0,0.5597,0,1.679,0,0.5597,0,1.1193,0.5597,0.5597,0,1.1193,0,0.0001,0.0001,0,0,0.0001,0,0,0,0,0,0.0001,0,0,0,0.0001,0,0,0,0.0001,0,0.2367,0.2036,0.2367,0.2036,1
0,0,0.7522,0,0,1.5045,0,0,0.7522,0.7522,0,0,0.7522,0,0,0.7522,0.7522,0.7522,3.0089,0,0,0,0.0001,0,0,0.0002,0,0,0.0001,0.0001,0,0,0.0001,0,0,0.0001,0.0001,0.0001,0.0004,0,0.1209,0.1269,0.1209,0.1269,1
1.111,0,0,0.5555,0,0.5555,0,0,0.5555,0,0,1.111,0,0,4.9994,0,0.5555,0,0.5555,0,0.0002,0,0,0.0001,0,0.0001,0,0,0.0001,0,0,0.0002,0,0,0.0009,0,0.0001,0,0.0001,0,0.232,0.2125,0.232,0.2125,1
0,0,0.6113,1.2227,0,1.834,0,0.6113,0,0.6113,0,0.6113,2.4453,0,2.4453,1.2227,0.6113,0,0,0,0,0,0.0001,0.0001,0,0.0002,0,0.0001,0,0.0001,0,0.0001,0.0003,0,0.0003,0.0001,0.0001,0,0,0,0.2217,0.167,0.2217,0.167,1
0.8366,0.4183,0,0,0.8366,0,1.2549,0.4183,1.6732,0.4183,2.0915,0.4183,0,0,2.0915,0,0,0.8366,0,0.4183,0.0001,0,0,0,0.0001,0,0.0001,0,0.0002,0,0.0002,0,0,0,0.0002,0,0,0.0001,0,0,0.2677,0.314,0.2677,0.314,1
0.6421,0.6421,0,0.6421,0.6421,1.2843,0,1.9264,0,1.9264,0,1.9264,0,0.6421,0.6421,1.9264,0,0,0,0,0,0,0,0,0,0.0001,0,0.0001,0,0.0001,0,0.0001,0,0,0,0.0001,0,0,0,0,0.1748,0.1831,0.1748,0.1831,1
0.9225,0,0.4612,0,2.3062,3.2287,0.4612,0.4612,0.4612,0.4612,0,0.9225,0,0,0.4612,0.4612,0.9225,0.9225,0.4612,0.4612,0.0001,0,0,0,0.0001,0.0002,0,0,0,0,0,0.0001,0,0,0,0,0.0001,0.0001,0,0,0.2755,0.2632,0.2755,0.2632,1
3.5087,0,0.5012,1.0025,0,0,1.0025,1.5037,2.005,0.5012,0,1.5037,0,0.5012,0,0.5012,1.0025,1.0025,0,0,0.0003,0,0,0.0001,0,0,0.0001,0.0001,0.0002,0,0,0.0001,0,0,0,0,0.0001,0.0001,0,0,0.2365,0.2622,0.2365,0.2622,1
0.6734,0.6734,0.6734,0,0,0,1.3467,1.3467,0,0,0,0.6734,1.3467,0,0,0,2.0201,0.6734,0.6734,0,0.0001,0.0001,0.0001,0,0,0,0.0001,0.0001,0,0,0,0.0001,0.0001,0,0,0,0.0002,0.0001,0.0001,0,0.1639,0.1627,0.1639,0.1627,1
1.3401,2.6802,0.6701,0.6701,1.3401,2.6802,0,0,0,2.0102,0,0.6701,0,0,0,0.6701,0,0.6701,0.6701,0.6701,0.0001,0.0001,0,0,0.0001,0.0001,0,0,0,0.0001,0,0,0,0,0,0,0,0,0,0,0.1847,0.1453,0.1847,0.1453,1
1.7481,0.5827,1.1654,0,0,2.9135,0,0.5827,0.5827,0.5827,2.3308,0.5827,0,0,0.5827,0.5827,0,0,0.5827,0,0.0001,0,0.0001,0,0,0.0002,0,0,0,0,0.0001,0,0,0,0,0,0,0,0,0,0.1914,0.2259,0.1914,0.2259,1
0,0.5968,0.5968,0.5968,0.5968,0.5968,3.5806,0.5968,0,0,0,0.5968,0,0.5968,0.5968,0.5968,0.5968,0.5968,0,0,0,0.0001,0.0001,0.0001,0.0001,0.0001,0.0004,0.0001,0,0,0,0.0001,0,0.0001,0.0001,0.0001,0.0001,0.0001,0,0,0.1765,0.2267,0.1765,0.2267,1
0,0,0.482,2.8923,0,0,0,0.9641,2.8923,0.9641,0,0,0,0,0,0,0.482,0,0.9641,0.482,0,0,0,0.0003,0,0,0,0.0001,0.0003,0.0001,0,0,0,0,0,0,0,0,0.0001,0,0.2268,0.2911,0.2268,0.2911,1
0.476,0,1.4279,0,0.476,1.4279,0.476,0.476,0.9519,0.9519,0.476,0.476,0,0.476,2.3798,0.476,1.4279,0.476,0,0.476,0,0,0.0001,0,0,0.0001,0,0,0.0001,0.0001,0,0,0,0,0.0002,0,0.0001,0,0,0,0.2364,0.2876,0.2364,0.2876,1
0.5448,3.2685,0,0.5448,0,1.6343,0,0,1.6343,0.5448,0.5448,0.5448,0,0,1.0895,0,1.0895,1.6343,0,0,0,0.0002,0,0,0,0.0001,0,0,0.0001,0,0,0,0,0,0.0001,0,0.0001,0.0001,0,0,0.2445,0.2108,0.2445,0.2108,1
1.7471,0.5824,0.5824,0,0.5824,0.5824,0,1.7471,1.1647,1.1647,0,0,0,0,1.7471,0,0.5824,0,0,0,0.0001,0,0,0,0,0,0,0.0001,0.0001,0.0001,0,0,0,0,0.0001,0,0,0,0,0,0.2492,0.1684,0.2492,0.1684,1
0,0,0,0,1.4073,0.7036,1.4073,2.8145,0,2.1109,0,0,0,1.4073,0.7036,0,0,2.1109,0,0,0,0,0,0,0.0002,0.0001,0.0002,0.0004,0,0.0003,0,0,0,0.0002,0.0001,0,0,0.0003,0,0,0.1933,0.1031,0.1933,0.1031,1
0.5346,0,0,0,0,1.0693,1.0693,1.0693,1.6039,1.6039,0.5346,0.5346,0.5346,0,0,0.5346,1.0693,3.7425,0,1.0693,0,0,0,0,0,0.0001,0.0001,0.0001,0.0001,0.0001,0,0,0,0,0,0,0.0001,0.0003,0,0.0001,0.2566,0.2087,0.2566,0.2087,1
1.2387,0,1.858,0.6193,0.6193,0.6193,0,0.6193,0,1.2387,0.6193,0.6193,0.6193,0,0,1.2387,1.2387,0.6193,0,0,0.0001,0,0.0002,0.0001,0.0001,0.0001,0,0.0001,0,0.0001,0.0001,0.0001,0.0001,0,0,0.0001,0.0001,0.0001,0,0,0.1974,0.1833,0.1974,0.1833,1
0.5647,0,0,0,0.5647,0.5647,0.5647,2.8233,1.1293,1.1293,3.3879,0,0.5647,0,2.2586,0,1.1293,1.1293,0,0,0.0001,0,0,0,0.0001,0.0001,0.0001,0.0004,0.0002,0.0002,0.0005,0,0.0001,0,0.0003,0,0.0002,0.0002,0,0,0.2292,0.2062,0.2292,0.2062,1
0.77,1.5399,0,0,0,0.77,0,0.77,0,1.5399,0.77,0.77,2.3099,0,0.77,0.77,0.77,2.3099,0.77,1.5399,0,0.0001,0,0,0,0,0,0,0,0.0001,0,0,0.0001,0,0,0,0,0.0001,0,0.0001,0.1193,0.1107,0.1193,0.1107,1
3.3093,0,0,0,0,0,0,0,0,0,0,0,0,0,4.9639,0.4137,0,0,0.4137,0,0.0004,0,0,0,0,0,0,0,0,0,0,0,0,0,0.0006,0.0001,0,0,0.0001,0,0.2411,0.3453,0.2411,0.3453,1
0.5912,0,0.5912,0,1.1824,0.5912,0,0.5912,2.3647,1.1824,0,0,0,0,0,0,0,0,0.5912,0,0.0001,0,0.0001,0,0.0001,0.0001,0,0.0001,0.0003,0.0001,0,0,0,0,0,0,0,0,0.0001,0,0.173,0.2359,0.173,0.2359,1
2.9138,0,0,1.1655,0.5828,0.5828,0.5828,0,0,1.1655,0.5828,0,0,0,1.7483,0,1.1655,0,0,0,0.0004,0,0,0.0002,0.0001,0.0001,0.0001,0,0,0.0002,0.0001,0,0,0,0.0003,0,0.0002,0,0,0,0.1797,0.2376,0.1797,0.2376,1
1.9101,0,1.2734,0.6367,0,0,0.6367,0,0.6367,1.2734,1.2734,0,0.6367,0.6367,0,0,0.6367,0,0,0,0.0002,0,0.0001,0.0001,0,0,0.0001,0,0.0001,0.0001,0.0001,0,0.0001,0.0001,0,0,0.0001,0,0,0,0.1766,0.1867,0.1766,0.1867,1
1.3323,0,0,0,1.3323,0.6662,0,1.3323,1.3323,3.3308,0.6662,0.6662,0.6662,0,0,1.3323,0.6662,0,0,0,0.0001,0,0,0,0.0001,0.0001,0,0.0001,0.0001,0.0003,0.0001,0.0001,0.0001,0,0,0.0001,0.0001,0,0,0,0.1951,0.1388,0.1951,0.1388,1
1.2248,0.6124,0.6124,0,0,1.8372,1.2248,0,1.8372,1.2248,0,0,0,0.6124,3.062,1.8372,0,2.4496,0,0,0.0001,0,0,0,0,0.0001,0.0001,0,0.0001,0.0001,0,0,0,0,0.0002,0.0001,0,0.0002,0,0,0.1934,0.1942,0.1934,0.1942,1
0.6559,1.3119,0,0.6559,0,0,0,0.6559,0.6559,0.6559,0,0,0.6559,0,1.3119,0,0.6559,0.6559,1.3119,0.6559,0,0.0001,0,0,0,0,0,0,0,0,0,0,0,0,0.0001,0,0,0,0.0001,0,0.1455,0.1985,0.1455,0.1985,1
3.8958,0,0.7792,0,0,0,0,0,1.5583,3.8958,0,0,1.5583,0,1.5583,0,0,2.3375,0,0,0.0005,0,0.0001,0,0,0,0,0,0.0002,0.0005,0,0,0.0002,0,0.0002,0,0,0.0003,0,0,0.1002,0.1206,0.1002,0.1206,1
0,1.1803,1.1803,0.5902,0.5902,0,0,1.1803,0,0.5902,0,0,0,0,0.5902,0.5902,0,0,1.7705,0,0,0.0001,0.0001,0,0,0,0,0.0001,0,0,0,0,0,0,0,0,0,0,0.0001,0,0.1879,0.222,0.1879,0.222,1
0,0,0.5933,0.5933,0,1.1866,0,1.1866,1.1866,2.3732,0,0,0,0,0,0,0,0,0.5933,0,0,0,0.0001,0.0001,0,0.0001,0,0.0001,0.0001,0.0002,0,0,0,0,0,0,0,0,0.0001,0,0.1706,0.2361,0.1706,0.2361,1
0,0.5222,1.5667,0.5222,0.5222,0,0,0.5222,0.5222,1.0445,1.0445,0,0,0,0.5222,1.0445,0,0.5222,1.5667,0,0,0,0.0001,0,0,0,0,0,0,0.0001,0.0001,0,0,0,0,0.0001,0,0,0.0001,0,0.2477,0.23,0.2477,0.23,1
1.9711,0.657,0,1.3141,0,3.2852,0,0,0,3.2852,1.3141,0,0,0,0,0.657,0.657,0,0,0.657,0.0001,0,0,0.0001,0,0.0002,0,0,0,0.0002,0.0001,0,0,0,0,0,0,0,0,0,0.1594,0.1836,0.1594,0.1836,1
2.4971,0,0,0,0,0,0,0,3.3294,0.8324,0,0,0,0,0,0,0.8324,2.4971,0,0.8324,0.0006,0,0,0,0,0,0,0,0.0008,0.0002,0,0,0,0,0,0,0.0002,0.0006,0,0.0002,0.0718,0.0959,0.0718,0.0959,1
1.7704,0.5901,2.3606,0,0,0,1.1803,0.5901,0,1.7704,0.5901,0.5901,0.5901,0,0,0.5901,1.1803,0,0,0,0.0001,0,0.0002,0,0,0,0.0001,0,0,0.0001,0,0,0,0,0,0,0.0001,0,0,0,0.2053,0.2045,0.2053,0.2045,1
0,1.9462,0,0,1.9462,1.4597,0.9731,0.9731,0.4866,0.9731,0.4866,0,0.4866,0,1.4597,0,0,0.9731,0,0,0,0.0001,0,0,0.0001,0.0001,0.0001,0.0001,0,0.0001,0,0,0,0,0.0001,0,0,0.0001,0,0,0.2512,0.2623,0.2512,0.2623,1
0.8321,0,0,0,0.8321,0,0,0,3.3284,0.8321,0,0,0,0,0,0.8321,0.8321,2.4963,0,0.8321,0.0002,0,0,0,0.0002,0,0,0,0.0007,0.0002,0,0,0,0,0,0.0002,0.0002,0.0005,0,0.0002,0.0603,0.1076,0.0603,0.1076,1
0,3.3016,0,0,0.5503,1.1005,0,0.5503,0,1.1005,0,0,0,0,2.7513,0,0.5503,0,0,0,0,0.0002,0,0,0,0.0001,0,0,0,0.0001,0,0,0,0,0.0001,0,0,0,0,0,0.2105,0.2393,0.2105,0.2393,1
0.7111,0.7111,0,0,0.7111,1.4221,0,1.4221,0,0.7111,2.1332,1.4221,0.7111,0.7111,2.1332,0.7111,3.5554,1.4221,0,0.7111,0,0,0,0,0,0.0001,0,0.0001,0,0,0.0001,0.0001,0,0,0.0001,0,0.0002,0.0001,0,0,0.1458,0.1431,0.1458,0.1431,1
0,0,0,0,0.6693,0.6693,0,0.6693,0,3.3466,0.6693,0,0,0.6693,1.3387,0,2.008,0,1.3387,0.6693,0,0,0,0,0.0001,0.0001,0,0.0001,0,0.0004,0.0001,0,0,0.0001,0.0002,0,0.0003,0,0.0002,0.0001,0.1376,0.193,0.1376,0.193,1
0.5707,0.5707,0.5707,0,1.7122,2.283,0.5707,0,0,0.5707,0,0.5707,0,0.5707,0.5707,0.5707,0.5707,2.283,0.5707,0,0,0,0,0,0.0001,0.0001,0,0,0,0,0,0,0,0,0,0,0,0.0001,0,0,0.2308,0.1985,0.2308,0.1985,1
1.1266,1.1266,1.1266,0.5633,0.5633,0,0,1.6899,1.1266,1.1266,0.5633,0,0.5633,0,0,0.5633,0.5633,0.5633,0,0,0.0001,0.0001,0.0001,0,0,0,0,0.0001,0.0001,0.0001,0,0,0,0,0,0,0,0,0,0,0.1944,0.2423,0.1944,0.2423,1
1.6536,0.5512,0,0.5512,1.1024,1.6536,0.5512,0,2.2048,0,0,0.5512,0,0.5512,1.1024,0.5512,2.2048,1.6536,0,0.5512,0.0001,0,0,0,0.0001,0.0001,0,0,0.0002,0,0,0,0,0,0.0001,0,0.0002,0.0001,0,0,0.2366,0.2122,0.2366,0.2122,1
4.9338,0,0,0,0,0.5482,0,0.5482,2.1928,4.3856,0,1.0964,0,0,0,0.5482,0.5482,0.5482,0.5482,0,0.0004,0,0,0,0,0,0,0,0.0002,0.0004,0,0.0001,0,0,0,0,0,0,0,0,0.1916,0.2602,0.1916,0.2602,1
0.7351,0,0.7351,0,0.7351,0,0,0,0.7351,2.2054,0.7351,0.7351,1.4702,1.4702,0,0,0.7351,1.4702,0,0,0.0001,0,0.0001,0,0.0001,0,0,0,0.0001,0.0003,0.0001,0.0001,0.0002,0.0002,0,0,0.0001,0.0002,0,0,0.1452,0.1197,0.1452,0.1197,1
0.6245,0,1.8735,0.6245,0,0,0.6245,1.8735,0,0,1.249,0,0.6245,0,0,1.249,0.6245,2.4981,0,0,0.0001,0,0.0002,0.0001,0,0,0.0001,0.0002,0,0,0.0001,0,0.0001,0,0,0.0001,0.0001,0.0003,0,0,0.2026,0.1729,0.2026,0.1729,1
0,4.5299,0.5662,0.5662,0.5662,3.3974,0,0,1.1325,1.1325,0,0.5662,1.1325,0,0,0,2.2649,0.5662,0.5662,0,0,0.0002,0,0,0,0.0001,0,0,0,0,0,0,0,0,0,0,0.0001,0,0,0,0.2108,0.223,0.2108,0.223,1
0.5879,0,0,0,0,2.3515,0,0,0,1.1757,0,0.5879,1.7636,0,1.1757,1.1757,0,0,1.7636,0,0,0,0,0,0,0.0002,0,0,0,0.0001,0,0,0.0001,0,0.0001,0.0001,0,0,0.0001,0,0.2175,0.1946,0.2175,0.1946,1
0,1.2961,0.6481,0.6481,0,0,0.6481,0.6481,0,0,2.5923,0,0.6481,0,0,0.6481,3.8884,0,1.2961,0,0,0.0001,0,0,0,0,0,0,0,0,0.0002,0,0,0,0,0,0.0003,0,0.0001,0,0.1867,0.1653,0.1867,0.1653,1
1.2666,0,0,0,0,0.6333,0,0.6333,2.5332,0.6333,0.6333,0,0,0,0.6333,0,0.6333,1.2666,0.6333,0,0.0002,0,0,0,0,0.0001,0,0.0001,0.0004,0.0001,0.0001,0,0,0,0.0001,0,0.0001,0.0002,0.0001,0,0.1513,0.2154,0.1513,0.2154,1
0,0,1.8196,2.7294,0,0,0.4549,1.3647,0,1.3647,0,0.9098,0,1.3647,0.4549,1.3647,0.4549,0,0.9098,0.4549,0,0,0.0002,0.0002,0,0,0,0.0001,0,0.0001,0,0.0001,0,0.0001,0,0.0001,0,0,0.0001,0,0.263,0.2821,0.263,0.2821,1
2.9354,0.5871,0.5871,0.5871,0.5871,0,0.5871,0,0,0.5871,0.5871,0.5871,0,0,1.7612,0.5871,0,0.5871,0,0,0.0003,0.0001,0.0001,0.0001,0.0001,0,0.0001,0,0,0.0001,0.0001,0.0001,0,0,0.0002,0.0001,0,0.0001,0,0,0.1855,0.2275,0.1855,0.2275,1
1.6326,0,0,0.5442,0.5442,1.0884,1.0884,0.5442,1.6326,2.721,0,0,1.0884,0,0,0.5442,0,2.1768,0,0,0.0001,0,0,0,0,0.0001,0.0001,0,0.0001,0.0002,0,0,0.0001,0,0,0,0,0.0002,0,0,0.1942,0.2616,0.1942,0.2616,1
1.337,0.6685,0,0.6685,0,1.337,0,0.6685,0.6685,1.337,0,0,0,0,1.337,0,0,0,0,0,0.0001,0.0001,0,0.0001,0,0.0001,0,0.0001,0.0001,0.0001,0,0,0,0,0.0001,0,0,0,0,0,0.184,0.1475,0.184,0.1475,1
1.5068,0,0,0,0,0,0,0,3.7671,0.7534,0,0,0,0,0,0,0.7534,2.2602,0,0.7534,0.0004,0,0,0,0,0,0,0,0.0009,0.0002,0,0,0,0,0,0,0.0002,0.0006,0,0.0002,0.1113,0.1353,0.1113,0.1353,1
0.557,0,0.557,1.6709,0,1.1139,0.557,0.557,0.557,2.2279,0.557,1.1139,0,0,0,0,1.1139,0.557,0,0,0.0001,0,0.0001,0.0002,0,0.0001,0.0001,0.0001,0.0001,0.0002,0.0001,0.0001,0,0,0,0,0.0001,0.0001,0,0,0.1964,0.2467,0.1964,0.2467,1
1.6306,0.8153,0,0,0.8153,0.8153,0,0.8153,0.8153,1.6306,0,0,0,0,0,0,0.8153,0.8153,0,0.8153,0.0002,0.0001,0,0,0.0001,0.0001,0,0.0001,0.0001,0.0002,0,0,0,0,0,0,0.0001,0.0001,0,0.0001,0.0869,0.0978,0.0869,0.0978,1
2.2357,1.1179,0.5589,0.5589,0,0.5589,1.1179,0.5589,0,0,0.5589,0,0.5589,1.6768,1.1179,1.6768,0.5589,0,0,0,0.0002,0.0001,0,0,0,0,0.0001,0,0,0,0,0,0,0.0001,0.0001,0.0001,0,0,0,0,0.2089,0.2321,0.2089,0.2321,1
0,0,0,0,1.836,0,0,1.836,1.224,0.612,0,0,0,0,1.836,0,0,0,0,0.612,0,0,0,0,0.0004,0,0,0.0004,0.0003,0.0001,0,0,0,0,0.0004,0,0,0,0,0.0001,0.1671,0.2209,0.1671,0.2209,1
0,0,1.6435,0.5478,0,3.287,0,0,0,1.6435,1.0957,0,0.5478,0.5478,0.5478,0.5478,1.0957,1.0957,0,0,0,0,0.0001,0,0,0.0003,0,0,0,0.0001,0.0001,0,0,0,0,0,0.0001,0.0001,0,0,0.2349,0.2172,0.2349,0.2172,1
0,0.7541,0.7541,0,1.5083,0.7541,0,0.7541,0,0.7541,0,1.5083,0.7541,0,0.7541,0.7541,0,2.2624,0,0,0,0,0,0,0.0001,0,0,0,0,0,0,0.0001,0,0,0,0,0,0.0001,0,0,0.1363,0.1096,0.1363,0.1096,1
1.6877,0,0,0.8439,0,0,0,0,3.3755,0.8439,0,0.8439,0,0,0,0,0,2.5316,0,0.8439,0.0003,0,0,0.0002,0,0,0,0,0.0006,0.0002,0,0.0002,0,0,0,0,0,0.0005,0,0.0002,0.0599,0.0962,0.0599,0.0962,1
1.417,0,1.417,0,0.7085,0,0,1.417,0,0.7085,0.7085,0.7085,0,0,0.7085,0.7085,1.417,0.7085,0,0,0.0001,0,0.0001,0,0.0001,0,0,0.0001,0,0.0001,0.0001,0.0001,0,0,0.0001,0.0001,0.0001,0.0001,0,0,0.1644,0.1271,0.1644,0.1271,1
0.5646,0,0.5646,0,0.5646,0.5646,1.1292,0,0,1.1292,0,2.2584,6.2106,0,1.1292,1.1292,0.5646,0.5646,0.5646,0,0.0001,0,0.0001,0,0.0001,0.0001,0.0001,0,0,0.0001,0,0.0002,0.0006,0,0.0001,0.0001,0.0001,0.0001,0.0001,0,0.2069,0.2285,0.2069,0.2285,1
0.5792,0.5792,0,0,0.5792,0,0.5792,1.7376,1.1584,0.5792,0.5792,0.5792,0.5792,1.1584,1.1584,0,1.7376,0.5792,0.5792,0,0,0,0,0,0,0,0,0.0001,0.0001,0,0,0,0,0.0001,0.0001,0,0.0001,0,0,0,0.2226,0.1982,0.2226,0.1982,1
1.3387,0,0.6694,0,0,0.6694,0,0,0.6694,1.3387,0,0.6694,0.6694,0,0,0,0.6694,0,1.3387,0,0.0001,0,0.0001,0,0,0.0001,0,0,0.0001,0.0001,0,0.0001,0.0001,0,0,0,0.0001,0,0.0001,0,0.1469,0.1838,0.1469,0.1838,1
0.5848,0.5848,0.5848,0,0.5848,2.9242,0.5848,0,0,0.5848,1.7545,0,0,0.5848,3.5091,1.1697,1.7545,0.5848,0,0,0,0,0,0,0,0.0002,0,0,0,0,0.0001,0,0,0,0.0003,0.0001,0.0001,0,0,0,0.183,0.2322,0.183,0.2322,1
1.9856,0,0,0.6619,0.6619,1.3237,0,0,0,0,0,0.6619,1.9856,0,0.6619,0,0.6619,0,0.6619,0.6619,0.0002,0,0,0.0001,0.0001,0.0001,0,0,0,0,0,0.0001,0.0002,0,0.0001,0,0.0001,0,0.0001,0.0001,0.1692,0.169,0.1692,0.169,1
1.0702,0,0.5351,0.5351,0,0.5351,0.5351,0,1.0702,2.1403,0,0.5351,0,0,0.5351,1.0702,0,0.5351,1.6052,0,0.0001,0,0,0,0,0,0,0,0.0001,0.0002,0,0,0,0,0,0.0001,0,0,0.0001,0,0.2575,0.2074,0.2575,0.2074,1
0.6889,0,0,0,0.6889,0,0,0.6889,0.6889,0.6889,0,0,0,0,1.3779,0,0,1.3779,1.3779,1.3779,0.0001,0,0,0,0.0001,0,0,0.0001,0.0001,0.0001,0,0,0,0,0.0003,0,0,0.0003,0.0003,0.0003,0.1888,0.1223,0.1888,0.1223,1
0.6862,0,0,0,0,0,0.6862,1.3724,0,0.6862,1.3724,0,0,0.6862,2.0586,0,0.6862,0,0,0,0.0002,0,0,0,0,0,0.0002,0.0003,0,0.0002,0.0003,0,0,0.0002,0.0005,0,0.0002,0,0,0,0.1813,0.1325,0.1813,0.1325,1
2.2997,0,0,0.7666,0,0,0,0,2.2997,0.7666,0.7666,0,0.7666,0,0,0,0.7666,2.2997,0,0,0.0004,0,0,0.0001,0,0,0,0,0.0004,0.0001,0.0001,0,0.0001,0,0,0,0.0001,0.0004,0,0,0.102,0.1314,0.102,0.1314,1
1.7981,0.5994,0,1.1988,0.5994,0,0.5994,0,0,0.5994,0,0.5994,0,0,1.1988,0.5994,1.1988,0,0.5994,1.1988,0.0002,0.0001,0,0.0001,0.0001,0,0.0001,0,0,0.0001,0,0.0001,0,0,0.0001,0.0001,0.0001,0,0.0001,0.0001,0.1954,0.2052,0.1954,0.2052,1
0.6088,0,0,0.6088,1.2177,1.2177,0,1.8265,1.2177,0.6088,0,0,0,0,0,0,0,0,0.6088,0,0.0001,0,0,0.0001,0.0001,0.0001,0,0.0002,0.0001,0.0001,0,0,0,0,0,0,0,0,0.0001,0,0.1835,0.2077,0.1835,0.2077,1
0.554,1.108,0.554,1.108,0,0,0.554,1.108,1.108,0,0.554,0,0,0.554,1.108,0.554,0.554,0.554,0.554,0.554,0,0.0001,0,0.0001,0,0,0,0.0001,0.0001,0,0,0,0,0,0.0001,0,0,0,0,0,0.2044,0.2416,0.2044,0.2416,1
0,0,0,0,2.5873,0,0,0,3.4497,3.4497,0,0,0.8624,0,0,0,0,0.8624,0,0,0,0,0,0,0.0007,0,0,0,0.0009,0.0009,0,0,0.0002,0,0,0,0,0.0002,0,0,0.0518,0.0857,0.0518,0.0857,1
1.1734,0,0.5867,0.5867,0,0,1.1734,0,1.1734,0.5867,0.5867,0.5867,0.5867,0,2.3468,0,0,0,0,0,0.0002,0,0.0001,0.0001,0,0,0.0002,0,0.0002,0.0001,0.0001,0.0001,0.0001,0,0.0003,0,0,0,0,0,0.2078,0.2055,0.2078,0.2055,1
0.6626,0,0,0,0,3.313,0,0.6626,1.3252,5.3007,0,0.6626,0.6626,0,0,0,0,0.6626,0,0,0,0,0,0,0,0.0002,0,0,0.0001,0.0004,0,0,0,0,0,0,0,0,0,0,0.144,0.1934,0.144,0.1934,1
0.3992,0,0,0,1.9959,0.3992,0.7983,0,1.9959,2.395,0,0,0,0.3992,2.395,0,0,0.3992,0,0,0,0,0,0,0.0002,0,0.0001,0,0.0002,0.0003,0,0,0,0,0.0003,0,0,0,0,0,0.243,0.3578,0.243,0.3578,1
0.6074,0,1.2147,0.6074,0,0.6074,0,0,0.6074,2.4295,0,0,1.2147,0,1.8221,1.2147,0,0,0,0.6074,0.0001,0,0.0001,0.0001,0,0.0001,0,0,0.0001,0.0002,0,0,0.0001,0,0.0002,0.0001,0,0,0,0.0001,0.1931,0.1995,0.1931,0.1995,1
0,0,0.4041,3.6365,0,0,0,1.2122,2.8284,0.4041,0,0.4041,0,0.8081,0.4041,0.4041,0.4041,0,0.8081,0.4041,0,0,0,0.0004,0,0,0,0.0001,0.0003,0,0,0,0,0.0001,0,0,0,0,0.0001,0,0.265,0.3309,0.265,0.3309,1
0,0,0,0,2.634,0,0,0.878,3.512,2.634,0,0,0,0,0,0,0,1.756,0,0,0,0,0,0,0.0012,0,0,0.0004,0.0016,0.0012,0,0,0,0,0,0,0,0.0008,0,0,0.043,0.079,0.043,0.079,1
0.5652,0.5652,0.5652,0,0,3.3909,0,1.1303,1.1303,3.3909,0,0,0.5652,0,1.6955,0.5652,0,0.5652,0,0,0,0,0,0,0,0.0002,0,0.0001,0.0001,0.0002,0,0,0,0,0.0001,0,0,0,0,0,0.1855,0.2493,0.1855,0.2493,1
0.7423,0,0.7423,0,0.7423,0,0,0,0.7423,2.2268,0.7423,0.7423,1.4845,0.7423,0,0,0.7423,1.4845,0,0,0.0001,0,0.0001,0,0.0001,0,0,0,0.0001,0.0003,0.0001,0.0001,0.0002,0.0001,0,0,0.0001,0.0002,0,0,0.1466,0.1111,0.1466,0.1111,1
0.4983,0.4983,0,0,0.4983,0,1.495,0,0.9966,0.9966,0,0.4983,0,0,1.9933,0.4983,0.4983,1.495,0.4983,0.4983,0.0001,0.0001,0,0,0.0001,0,0.0002,0,0.0001,0.0001,0,0.0001,0,0,0.0002,0.0001,0.0001,0.0002,0.0001,0.0001,0.2269,0.2748,0.2269,0.2748,1
1.2335,0,2.467,0,1.8503,0,0,0,0,1.8503,0,0.6168,1.8503,0,0,0,0,0,0,0,0.0001,0,0.0002,0,0.0001,0,0,0,0,0.0001,0,0,0.0001,0,0,0,0,0,0,0,0.1988,0.1844,0.1988,0.1844,1
0.6203,0,3.1015,0,0,0.6203,0.6203,0.6203,0,1.2406,0.6203,0,1.2406,0,0,0,1.8609,1.2406,0,0.6203,0.0001,0,0.0003,0,0,0.0001,0.0001,0.0001,0,0.0001,0.0001,0,0.0001,0,0,0,0.0002,0.0001,0,0.0001,0.192,0.1877,0.192,0.1877,1
0.6249,0,0,1.2497,1.8746,0,0,1.2497,1.2497,0.6249,0.6249,0.6249,3.1243,0,0,0.6249,0,1.2497,0,0,0.0001,0,0,0.0001,0.0002,0,0,0.0001,0.0001,0.0001,0.0001,0.0001,0.0003,0,0,0.0001,0,0.0001,0,0,0.2344,0.1407,0.2344,0.1407,1
1.6861,0,0,0,0.8431,0,0,0,3.3723,0.8431,0,0,0,0,0,0,0.8431,3.3723,0,0.8431,0.0005,0,0,0,0.0002,0,0,0,0.001,0.0002,0,0,0,0,0,0,0.0002,0.001,0,0.0002,0.0604,0.0965,0.0604,0.0965,1
0,1.3077,1.3077,0.6539,0.6539,0,0,0,0.6539,0.6539,0,1.3077,0,0,0.6539,0.6539,0.6539,0.6539,0,0.6539,0,0.0001,0.0001,0.0001,0.0001,0,0,0,0.0001,0.0001,0,0.0001,0,0,0.0001,0.0001,0.0001,0.0001,0,0.0001,0.1711,0.1751,0.1711,0.1751,1
0.5052,1.5155,1.0103,0.5052,0.5052,0,0.5052,0.5052,1.0103,0,0.5052,0,0,0,1.5155,0,1.5155,2.5258,0,1.5155,0,0.0001,0.0001,0,0,0,0,0,0.0001,0,0,0,0,0,0.0001,0,0.0001,0.0001,0,0.0001,0.2225,0.2723,0.2225,0.2723,1
0.6883,0,0.6883,0,0,0,0.6883,2.753,1.3765,0.6883,0,0,0.6883,0,0,0.6883,0,0,0,0,0.0001,0,0.0001,0,0,0,0.0001,0.0003,0.0002,0.0001,0,0,0.0001,0,0,0.0001,0,0,0,0,0.1535,0.1583,0.1535,0.1583,1
1.8495,0,1.233,0.6165,0.6165,0,0,0,1.233,1.233,0,0,0,0,0,0.6165,0.6165,1.233,0,0,0.0002,0,0.0001,0.0001,0.0001,0,0,0,0.0001,0.0001,0,0,0,0,0,0.0001,0.0001,0.0001,0,0,0.1843,0.1992,0.1843,0.1992,1
0.8539,0,0.4269,3.8425,0,0,0,0.8539,2.9886,1.7078,0,0.8539,0,0.4269,0,0,0,0.8539,0,0,0.0001,0,0,0.0004,0,0,0,0.0001,0.0003,0.0002,0,0.0001,0,0,0,0,0,0.0001,0,0,0.2745,0.2985,0.2745,0.2985,1
0.7809,0,0.7809,0.7809,0,0,0,0.7809,3.1235,0.7809,0.7809,0,0,0,0,0,0.7809,1.5617,0,0,0.0002,0,0.0002,0.0002,0,0,0,0.0002,0.0006,0.0002,0.0002,0,0,0,0,0,0.0002,0.0003,0,0,0.0961,0.123,0.0961,0.123,1
0,0,0.5851,1.1701,1.1701,0.5851,0,0.5851,1.1701,0.5851,0,0,0.5851,0,1.7552,0,0,0.5851,0,0,0,0,0.0001,0.0001,0.0001,0.0001,0,0.0001,0.0001,0.0001,0,0,0.0001,0,0.0002,0,0,0.0001,0,0,0.1918,0.2231,0.1918,0.2231,1
0.5758,0,0,0.5758,1.1516,0.5758,0,0.5758,0,0.5758,0,0,0.5758,0.5758,1.7275,0.5758,0,1.7275,0,0.5758,0.0001,0,0,0.0001,0.0001,0.0001,0,0.0001,0,0.0001,0,0,0.0001,0.0001,0.0002,0.0001,0,0.0002,0,0.0001,0.2082,0.216,0.2082,0.216,1
1.6112,0.5371,0.5371,0,0.5371,1.0741,0.5371,0.5371,0.5371,1.6112,0.5371,0.5371,0,0.5371,1.0741,0,2.1483,1.0741,0,0.5371,0.0001,0,0,0,0,0.0001,0,0,0,0.0001,0,0,0,0,0.0001,0,0.0002,0.0001,0,0,0.2136,0.2493,0.2136,0.2493,1
0,0,0,0,0,0.7233,0,0,2.17,0,0,0,0.7233,0.7233,3.6167,0,0.7233,0,0,0,0,0,0,0,0,0.0003,0,0,0.0009,0,0,0,0.0003,0.0003,0.0015,0,0.0003,0,0,0,0.1359,0.1408,0.1359,0.1408,1
2.106,0,1.053,0.5265,0,0,0,0,2.106,0.5265,0,1.053,0,0.5265,0.5265,1.053,0.5265,1.053,0,0,0.0002,0,0.0001,0.0001,0,0,0,0,0.0002,0.0001,0,0.0001,0,0.0001,0.0001,0.0001,0.0001,0.0001,0,0,0.2334,0.2401,0.2334,0.2401,1
0.6841,0,1.3683,0,0,0.6841,0,0,0.6841,2.0524,0,0,0.6841,0,0.6841,0,0,0,0.6841,0,0.0001,0,0.0002,0,0,0.0001,0,0,0.0001,0.0002,0,0,0.0001,0,0.0001,0,0,0,0.0001,0,0.2144,0.1014,0.2144,0.1014,1
2.1815,0,0.5454,1.0907,0.5454,0,0.5454,0,0,1.0907,0,0.5454,0,0,1.0907,1.0907,0.5454,0,0,0.5454,0.0003,0,0.0001,0.0001,0.0001,0,0.0001,0,0,0.0001,0,0.0001,0,0,0.0001,0.0001,0.0001,0,0,0.0001,0.2022,0.2524,0.2022,0.2524,1
1.0448,0.5224,2.0896,0.5224,0,0.5224,0.5224,0.5224,0,0,0.5224,0,0,0.5224,2.0896,1.0448,0,2.612,0,0.5224,0.0001,0,0.0001,0,0,0,0,0,0,0,0,0,0,0,0.0001,0.0001,0,0.0002,0,0,0.2544,0.2233,0.2544,0.2233,1
0.4892,0.4892,1.4677,0.4892,0,0,0,0.4892,2.4462,0.4892,0,1.957,0,0.4892,0,2.4462,0.4892,2.4462,0,0,0,0,0.0001,0,0,0,0,0,0.0002,0,0,0.0001,0,0,0,0.0002,0,0.0002,0,0,0.236,0.2747,0.236,0.2747,1
0.561,0,1.1221,0.561,0.561,0.561,0,0,0.561,2.2442,0.561,0.561,0,0.561,1.1221,1.1221,0.561,0,0,0.561,0,0,0.0001,0,0,0,0,0,0,0.0002,0,0,0,0,0.0001,0.0001,0,0,0,0,0.2642,0.1748,0.2642,0.1748,1
0.4871,0,0.9741,0,0.9741,0,0.4871,1.4612,0.9741,0,1.4612,0.4871,0.4871,0.4871,3.4094,0,0.9741,0,0.4871,0.4871,0.0001,0,0.0001,0,0.0001,0,0.0001,0.0002,0.0001,0,0.0002,0.0001,0.0001,0.0001,0.0004,0,0.0001,0,0.0001,0.0001,0.2165,0.2964,0.2165,0.2964,1
0,3.2703,0,0,0,1.0901,0,1.0901,0.5451,1.0901,0,0,0,0,2.7253,0,0,0,0,0,0,0.0002,0,0,0,0.0001,0,0.0001,0,0.0001,0,0,0,0,0.0001,0,0,0,0,0,0.2039,0.251,0.2039,0.251,1
2.4714,2.4714,0,0,0,3.2952,0,0,0,2.4714,0,0.8238,0.8238,0,0,0,2.4714,2.4714,0.8238,0,0.0001,0.0001,0,0,0,0.0002,0,0,0,0.0001,0,0,0,0,0,0,0.0001,0.0001,0,0,0.098,0.0782,0.098,0.0782,1
1.1261,0,1.1261,2.2522,0.5631,0.5631,0,0,1.1261,0.5631,0,1.1261,0.5631,0,2.2522,0,0,0,0,0,0.0001,0,0.0001,0.0003,0.0001,0.0001,0,0,0.0001,0.0001,0,0.0001,0.0001,0,0.0003,0,0,0,0,0,0.2364,0.2005,0.2364,0.2005,1
1.5264,0.7632,0.7632,0.7632,0,0,0,0,0.7632,2.2895,0.7632,0,1.5264,0,0,1.5264,0,0.7632,0,0,0.0001,0.0001,0.0001,0.0001,0,0,0,0,0.0001,0.0002,0.0001,0,0.0001,0,0,0.0001,0,0.0001,0,0,0.0991,0.1378,0.0991,0.1378,1
4.2789,0,0,0,0,0,0,0,2.1395,3.5658,0,0.7132,0.7132,0,1.4263,0,0,1.4263,0,0,0.0005,0,0,0,0,0,0,0,0.0003,0.0004,0,0.0001,0.0001,0,0.0002,0,0,0.0002,0,0,0.1304,0.1565,0.1304,0.1565,1
1.7512,1.7512,1.1675,0,0.5837,0.5837,0,0.5837,0,1.1675,0,0.5837,1.1675,0,0.5837,1.1675,1.7512,1.7512,1.1675,0.5837,0.0001,0.0001,0.0001,0,0,0,0,0,0,0.0001,0,0,0.0001,0,0,0.0001,0.0001,0.0001,0.0001,0,0.2148,0.2015,0.2148,0.2015,1
1.2079,0,1.2079,0,0,0,0,0,0.6039,2.4158,0,0,0,0,1.2079,0,0.6039,0.6039,1.2079,0,0.0001,0,0.0001,0,0,0,0,0,0.0001,0.0002,0,0,0,0,0.0001,0,0.0001,0.0001,0.0001,0,0.1638,0.2323,0.1638,0.2323,1
0.56,0,0,0,0.56,0,0,0,1.6799,2.7999,0,0.56,0,0,0.56,1.1199,0.56,0,1.6799,0,0.0001,0,0,0,0.0001,0,0,0,0.0002,0.0003,0,0.0001,0,0,0.0001,0.0001,0.0001,0,0.0002,0,0.2265,0.2135,0.2265,0.2135,1
0.6421,0.6421,0.6421,0,1.2842,0.6421,0.6421,1.2842,1.9264,0,0,0,0,0,0,0,0.6421,1.2842,0,0,0.0001,0.0001,0.0001,0,0.0001,0.0001,0.0001,0.0001,0.0002,0,0,0,0,0,0,0,0.0001,0.0001,0,0,0.2327,0.1252,0.2327,0.1252,1
1.0879,1.6318,0.5439,0,0.5439,0,1.6318,1.0879,1.0879,1.6318,1.0879,1.0879,0,1.0879,0,0.5439,1.0879,1.0879,0,1.0879,0.0001,0.0001,0,0,0,0,0.0001,0.0001,0.0001,0.0001,0.0001,0.0001,0,0.0001,0,0,0.0001,0.0001,0,0.0001,0.2104,0.2457,0.2104,0.2457,1
0.649,0.649,0.649,0,0.649,0,0.649,0.649,0.649,0,1.298,0.649,1.947,1.298,0.649,0,0.649,1.298,0,0.649,0.0001,0.0001,0.0001,0,0.0001,0,0.0001,0.0001,0.0001,0,0.0001,0.0001,0.0002,0.0001,0.0001,0,0.0001,0.0001,0,0.0001,0.2162,0.1348,0.2162,0.1348,1
0.6459,1.9376,1.2917,0,1.9376,0,0.6459,1.2917,0,0.6459,1.2917,0.6459,0.6459,0,0,0.6459,0,1.2917,0,0,0,0.0001,0.0001,0,0.0001,0,0,0.0001,0,0,0.0001,0,0,0,0,0,0,0.0001,0,0,0.1665,0.1876,0.1665,0.1876,1
0.8277,0,0,0,2.4832,0.8277,0,0,0.8277,2.4832,0,0.8277,0,0,0,0.8277,0,0,1.6555,0,0.0001,0,0,0,0.0003,0.0001,0,0,0.0001,0.0003,0,0.0001,0,0,0,0.0001,0,0,0.0002,0,0.0858,0.0865,0.0858,0.0865,1
1.1118,0,0,1.1118,1.1118,1.1118,0,0.5559,1.6678,0.5559,0,0,1.6678,0,1.6678,0.5559,0.5559,0.5559,0.5559,0,0.0001,0,0,0.0001,0.0001,0.0001,0,0.0001,0.0002,0.0001,0,0,0.0002,0,0.0002,0.0001,0.0001,0.0001,0.0001,0,0.2004,0.2437,0.2004,0.2437,1
0,0,0.4314,3.4509,0,0,0,1.2941,2.5882,0.4314,0,0,0,0.8627,0,0.4314,0.4314,0,0.8627,0.4314,0,0,0,0.0003,0,0,0,0.0001,0.0003,0,0,0,0,0.0001,0,0,0,0,0.0001,0,0.2473,0.3213,0.2473,0.3213,1
0.6426,1.2851,1.9277,0.6426,0,0,0,1.2851,0.6426,0,1.2851,0.6426,0,0,0.6426,0.6426,0,0.6426,0,0,0,0.0001,0.0001,0,0,0,0,0.0001,0,0,0.0001,0,0,0,0,0,0,0,0,0,0.2331,0.1243,0.2331,0.1243,1
0.4362,0.4362,0.4362,1.3087,0.4362,0.8724,0,1.3087,1.3087,2.1811,0,1.3087,0,0.8724,0.8724,0.8724,0,0.4362,0,0,0,0,0,0.0001,0,0.0001,0,0.0001,0.0001,0.0001,0,0.0001,0,0.0001,0.0001,0.0001,0,0,0,0,0.255,0.3088,0.255,0.3088,1
0.5575,0,0.5575,0,1.115,0,1.6726,1.115,0.5575,0.5575,2.2301,0,0.5575,0,3.3451,0,0,0,0,1.6726,0.0001,0,0.0001,0,0.0001,0,0.0002,0.0001,0.0001,0.0001,0.0003,0,0.0001,0,0.0004,0,0,0,0,0.0002,0.2612,0.1813,0.2612,0.1813,1
0.4843,0,0,0,1.9373,1.453,2.4216,1.9373,0.4843,0.9686,0,0,0,0,0.9686,0,0,0.4843,0,0,0.0001,0,0,0,0.0002,0.0002,0.0003,0.0002,0.0001,0.0001,0,0,0,0,0.0001,0,0,0.0001,0,0,0.2393,0.2764,0.2393,0.2764,1
0.7428,0.7428,0.7428,0,0,2.2284,0,0.7428,0,2.2284,0.7428,0,1.4856,0.7428,0,0,2.2284,0.7428,1.4856,0,0.0001,0.0001,0.0001,0,0,0.0002,0,0.0001,0,0.0002,0.0001,0,0.0001,0.0001,0,0,0.0002,0.0001,0.0001,0,0.1361,0.1211,0.1361,0.1211,1
0,0.7409,0,1.4818,0.7409,0.7409,0,1.4818,0,0,0,0.7409,0.7409,0,0,0.7409,1.4818,0.7409,0,0.7409,0,0.0001,0,0.0001,0.0001,0.0001,0,0.0001,0,0,0,0.0001,0.0001,0,0,0.0001,0.0001,0.0001,0,0.0001,0.1214,0.1377,0.1214,0.1377,1
1.1211,0,0,0,1.6816,0,0,0,0,1.6816,0,0,0,0,2.8026,0,0,0,0,0,0.0002,0,0,0,0.0003,0,0,0,0,0.0003,0,0,0,0,0.0005,0,0,0,0,0,0.1701,0.2694,0.1701,0.2694,1
1.6729,0,0,0,2.5094,0,0,0,3.3458,0.8365,0,0,0,0,0,0,0,1.6729,0,0.8365,0.0004,0,0,0,0.0006,0,0,0,0.0008,0.0002,0,0,0,0,0,0,0,0.0004,0,0.0002,0.0576,0.106,0.0576,0.106,1
1.1708,0.5854,0.5854,0.5854,1.1708,0,1.1708,1.7562,0.5854,0,0,0.5854,0,0,0,0,1.7562,1.1708,0.5854,0,0.0001,0.0001,0.0001,0.0001,0.0001,0,0.0001,0.0002,0.0001,0,0,0.0001,0,0,0,0,0.0002,0.0001,0.0001,0,0.2357,0.1789,0.2357,0.1789,1
0,0,0,0,0.6351,0.6351,0,0.6351,1.9052,1.9052,0,1.2701,0,0.6351,0,0.6351,0,0,0.6351,0.6351,0,0,0,0,0.0001,0.0001,0,0.0001,0.0002,0.0002,0,0.0001,0,0.0001,0,0.0001,0,0,0.0001,0.0001,0.1842,0.1807,0.1842,0.1807,1
1.6739,0,0.558,0,1.116,0.558,0,0.558,0.558,0.558,0,0,0,0.558,1.6739,0.558,1.6739,0,0,0,0.0002,0,0.0001,0,0.0001,0.0001,0,0.0001,0.0001,0.0001,0,0,0,0.0001,0.0002,0.0001,0.0002,0,0,0,0.1825,0.2595,0.1825,0.2595,1
0,0.5954,0,0,1.1908,0,0.5954,2.3816,2.3816,0,1.1908,0,1.1908,0,3.5724,0,2.3816,0.5954,0.5954,0,0,0.0001,0,0,0.0001,0,0.0001,0.0003,0.0003,0,0.0001,0,0.0001,0,0.0004,0,0.0003,0.0001,0.0001,0,0.2032,0.2014,0.2032,0.2014,1
1.8632,0,0.6211,0.6211,0.6211,1.2421,0.6211,1.8632,0.6211,0.6211,0,1.8632,0,0.6211,0,0.6211,0,0,0,0.6211,0.0001,0,0,0,0,0.0001,0,0.0001,0,0,0,0.0001,0,0,0,0,0,0,0,0,0.188,0.1909,0.188,0.1909,1
0,0,0.6222,0.6222,0.6222,1.8666,0,0,0,0,0.6222,0,1.2444,0.6222,3.1109,0.6222,1.8666,2.4887,0,0.6222,0,0,0.0001,0.0001,0.0001,0.0002,0,0,0,0,0.0001,0,0.0001,0.0001,0.0004,0.0001,0.0002,0.0003,0,0.0001,0.182,0.1958,0.182,0.1958,1
0,0.5351,1.6054,0.5351,0.5351,0,0,0.5351,1.0702,1.0702,0,0,0,0,0.5351,1.0702,0,0.5351,1.6054,0,0,0,0.0001,0,0,0,0,0,0.0001,0.0001,0,0,0,0,0,0.0001,0,0,0.0001,0,0.2735,0.1914,0.2735,0.1914,1
0,1.0829,0,0,1.6243,0.5414,1.0829,0,1.6243,0,0,0,0,0,1.6243,0,0.5414,0.5414,0.5414,0.5414,0,0.0001,0,0,0.0001,0,0.0001,0,0.0001,0,0,0,0,0,0.0001,0,0,0,0,0,0.2111,0.2475,0.2111,0.2475,1
0.5493,3.2958,0.5493,0,0,1.0986,0.5493,1.0986,0.5493,0,2.1972,1.0986,0,0,0.5493,0.5493,2.1972,1.0986,1.0986,0,0,0.0001,0,0,0,0,0,0,0,0,0.0001,0,0,0,0,0,0.0001,0,0,0,0.2419,0.2088,0.2419,0.2088,1
0,3.2032,0,0.6406,0,3.2032,0,0,0.6406,0.6406,0.6406,0.6406,1.9219,0,0,0.6406,4.4844,1.2813,0.6406,0.6406,0,0.0001,0,0,0,0.0001,0,0,0,0,0,0,0.0001,0,0,0,0.0002,0.0001,0,0,0.1852,0.1741,0.1852,0.1741,1
2.5368,0,1.2684,0.6342,0,1.2684,0,1.2684,0,0.6342,0,0,1.2684,0,0.6342,0,0,0.6342,0.6342,0,0.0002,0,0.0001,0.0001,0,0.0001,0,0.0001,0,0.0001,0,0,0.0001,0,0.0001,0,0,0.0001,0.0001,0,0.25,0.1158,0.25,0.1158,1
1.2777,0,0,1.2777,0.6389,0,0,1.2777,1.2777,0.6389,1.2777,0.6389,3.1943,0,0,0.6389,0,1.2777,0,0,0.0001,0,0,0.0001,0.0001,0,0,0.0001,0.0001,0.0001,0.0001,0.0001,0.0003,0,0,0.0001,0,0.0001,0,0,0.2211,0.14,0.2211,0.14,1
1.693,0,0,0,1.693,0,0,0,3.3861,2.5395,0,0,0,0,0,0,0,1.693,0,0,0.0004,0,0,0,0.0004,0,0,0,0.0009,0.0006,0,0,0,0,0,0,0,0.0004,0,0,0.0552,0.0983,0.0552,0.0983,1
0,0.5442,0,0,0.5442,0.5442,0,0,1.0884,1.6326,0,0,0.5442,0,2.1768,0,1.0884,0.5442,0.5442,0.5442,0,0.0001,0,0,0.0001,0.0001,0,0,0.0001,0.0002,0,0,0.0001,0,0.0002,0,0.0001,0.0001,0.0001,0.0001,0.2734,0.1824,0.2734,0.1824,1
0,0,0.9644,0,0.9644,0.4822,0,0,1.4466,2.411,0,0,0,0.9644,1.4466,0,0,0.9644,0,0,0,0,0.0001,0,0.0001,0,0,0,0.0001,0.0002,0,0,0,0.0001,0.0001,0,0,0.0001,0,0,0.2245,0.2933,0.2245,0.2933,1
0,0,0,0,0,0,0,0,0.9957,0,0,0,0,0,8.9609,0,0,0,0,0,0,0,0,0,0,0,0,0,0.0073,0,0,0,0,0,0.0661,0,0,0,0,0,0.0022,0.0022,0.0022,0.0022,1
1.5596,0,0,0.7798,0,0.7798,0,0,3.1192,0.7798,0,0,0,0,0,0,0.7798,2.3394,0,0,0.0003,0,0,0.0002,0,0.0002,0,0,0.0007,0.0002,0,0,0,0,0,0,0.0002,0.0005,0,0,0.0922,0.128,0.0922,0.128,1
2.5999,0,1.9499,0,0,0.65,0,0.65,0,0.65,0,0,1.3,0,0.65,0.65,0,0.65,0.65,0,0.0002,0,0.0002,0,0,0.0001,0,0.0001,0,0.0001,0,0,0.0001,0,0.0001,0.0001,0,0.0001,0.0001,0,0.2378,0.1122,0.2378,0.1122,1
1.4308,0,0.4769,0,1.9077,2.8616,0.4769,0.9539,0.4769,0.4769,0.4769,0.4769,0,0.4769,0.4769,1.4308,0,1.4308,0.4769,0,0.0001,0,0,0,0.0001,0.0002,0,0.0001,0,0,0,0,0,0,0,0.0001,0,0.0001,0,0,0.2649,0.2581,0.2649,0.2581,1
0.5561,0,0.5561,0.5561,0.5561,2.2246,0.5561,0,0.5561,2.2246,0,1.1123,0,0,0.5561,0,0,1.1123,0.5561,0,0,0,0,0,0,0.0002,0,0,0,0.0002,0,0.0001,0,0,0,0,0,0.0001,0,0,0.1919,0.2519,0.1919,0.2519,1
2.1758,0,0.7253,0,0,0,0,0,2.1758,0.7253,0,0,0,0,0,0,0.7253,2.1758,0,1.4505,0.0004,0,0.0001,0,0,0,0,0,0.0004,0.0001,0,0,0,0,0,0,0.0001,0.0004,0,0.0002,0.1588,0.1159,0.1588,0.1159,1
0.9493,0.9493,0.9493,0,0,0.9493,0.4747,0,0.9493,0.9493,0,1.8986,0.4747,0.9493,0.4747,0.4747,0.9493,0.9493,1.424,0.4747,0.0001,0.0001,0.0001,0,0,0.0001,0,0,0.0001,0.0001,0,0.0001,0,0.0001,0,0,0.0001,0.0001,0.0001,0,0.2325,0.2928,0.2325,0.2928,1
0.9474,0.4737,0.4737,1.4211,0.4737,0.9474,0,0,0,0.4737,0.4737,0.4737,0.4737,0,2.3686,0,0.4737,0.4737,0.4737,0,0.0001,0,0,0.0001,0,0.0001,0,0,0,0,0,0,0,0,0.0002,0,0,0,0,0,0.2876,0.2387,0.2876,0.2387,1
2.5043,0.6261,0,1.8782,0,3.1304,0,0.6261,0,1.2522,0,0,0,0,0.6261,1.2522,0.6261,1.8782,0,0,0.0002,0,0,0.0001,0,0.0002,0,0,0,0.0001,0,0,0,0,0,0.0001,0,0.0001,0,0,0.2202,0.1537,0.2202,0.1537,1
1.9274,0,0,0,0.6425,0,0,1.2849,0,1.9274,0.6425,0,0,0,1.9274,0,0.6425,0,0,1.2849,0.0004,0,0,0,0.0001,0,0,0.0003,0,0.0004,0.0001,0,0,0,0.0004,0,0.0001,0,0,0.0003,0.1978,0.1597,0.1978,0.1597,1
1.3528,0.6764,0.6764,0,0,1.3528,0.6764,0,0.6764,0,2.0292,0,0.6764,0,0.6764,0.6764,0,0.6764,0,0,0.0001,0.0001,0.0001,0,0,0.0001,0.0001,0,0.0001,0,0.0002,0,0.0001,0,0.0001,0.0001,0,0.0001,0,0,0.1887,0.1349,0.1887,0.1349,1
2.4616,0.8205,1.641,0,0,0,0,0,0,1.641,0.8205,0,0,0,0,2.4616,0.8205,1.641,0,0.8205,0.0002,0.0001,0.0001,0,0,0,0,0,0,0.0001,0.0001,0,0,0,0,0.0002,0.0001,0.0001,0,0.0001,0.0761,0.1033,0.0761,0.1033,1
0.6231,0.6231,0.6231,0,3.1155,3.1155,1.2462,0.6231,0,0.6231,0.6231,0,0.6231,0,0,0,0.6231,1.2462,0,0.6231,0,0,0,0,0.0002,0.0002,0.0001,0,0,0,0,0,0,0,0,0,0,0.0001,0,0,0.1748,0.2021,0.1748,0.2021,1
1.8888,0,0.4722,0.9444,0.4722,0.9444,0.9444,0,0.4722,0,0,0.9444,0.9444,0,0.9444,0.4722,0.9444,0.4722,0,1.8888,0.0002,0,0,0.0001,0,0.0001,0.0001,0,0,0,0,0.0001,0.0001,0,0.0001,0,0.0001,0,0,0.0002,0.2891,0.2387,0.2891,0.2387,1
0.8357,0,0,0,0.8357,0,0,0,3.3429,0.8357,0,0,0,0,0,0.8357,0,3.3429,0,0.8357,0.0002,0,0,0,0.0002,0,0,0,0.0006,0.0002,0,0,0,0,0,0.0002,0,0.0006,0,0.0002,0.0842,0.08,0.0842,0.08,1
0,0.5765,0.5765,0.5765,0,1.153,0.5765,0,2.3061,0,0,0,0.5765,0,2.8826,0,0.5765,0.5765,0.5765,0,0,0.0001,0.0001,0.0001,0,0.0001,0.0001,0,0.0002,0,0,0,0.0001,0,0.0003,0,0.0001,0.0001,0.0001,0,0.1841,0.2394,0.1841,0.2394,1
0.4956,0,0.9911,1.4867,0,0.4956,0.4956,0.9911,0.4956,0.9911,0,0.9911,0,0.4956,0.4956,0.4956,1.9822,0.4956,0,0,0.0001,0,0.0001,0.0002,0,0.0001,0.0001,0.0001,0.0001,0.0001,0,0.0001,0,0.0001,0.0001,0.0001,0.0002,0.0001,0,0,0.2672,0.2373,0.2672,0.2373,1
0.5803,0,0.5803,0,0,0.5803,0.5803,1.7409,0.5803,1.7409,0.5803,0,1.7409,0,1.1606,0,1.7409,0,0,0,0.0001,0,0.0001,0,0,0.0001,0.0001,0.0002,0.0001,0.0002,0.0001,0,0.0002,0,0.0001,0,0.0002,0,0,0,0.176,0.2437,0.176,0.2437,1
1.0657,0,1.5985,1.0657,0,0,0,0.5328,0,2.1313,0,1.0657,1.0657,0,0.5328,2.6642,0.5328,0.5328,0,0.5328,0.0001,0,0.0001,0.0001,0,0,0,0,0,0.0001,0,0.0001,0.0001,0,0,0.0002,0,0,0,0,0.2216,0.2456,0.2216,0.2456,1
0,0,2.0135,1.0068,0.5034,0.5034,0.5034,1.0068,1.5101,1.0068,0.5034,0,0,1.5101,1.0068,0,1.0068,0,0,0,0,0,0.0002,0.0001,0,0,0,0.0001,0.0001,0.0001,0,0,0,0.0001,0.0001,0,0.0001,0,0,0,0.2889,0.2077,0.2889,0.2077,1
0,0,0,0.6256,0,1.8768,0,0,0,1.2512,0,1.8768,0.6256,0,2.5024,0,0,0,0,0,0,0,0,0.0001,0,0.0002,0,0,0,0.0001,0,0.0002,0.0001,0,0.0003,0,0,0,0,0,0.1988,0.1756,0.1988,0.1756,1
0,0.4665,1.3996,0.4665,0.9331,0.4665,0,0.9331,0.9331,1.8662,0.4665,1.3996,0,0.4665,0.4665,0,2.3327,0,0,1.3996,0,0,0.0001,0,0.0001,0,0,0.0001,0.0001,0.0001,0,0.0001,0,0,0,0,0.0002,0,0,0.0001,0.2431,0.2903,0.2431,0.2903,1
0,3.6651,0.6108,0.6108,0,3.0542,0,0.6108,0,1.2217,0,0.6108,1.8325,0,0.6108,1.2217,3.0542,0.6108,0.6108,0,0,0.0001,0,0,0,0.0001,0,0,0,0,0,0,0.0001,0,0,0,0.0001,0,0,0,0.1754,0.2137,0.1754,0.2137,1
1.0785,1.0785,0.5393,0.5393,0.5393,0.5393,1.0785,1.0785,0.5393,0,0,0.5393,0,1.0785,1.0785,1.0785,1.0785,1.0785,0,0.5393,0.0001,0.0001,0,0,0,0,0.0001,0.0001,0,0,0,0,0,0.0001,0.0001,0.0001,0.0001,0.0001,0,0,0.2503,0.2104,0.2503,0.2104,1
1.4897,0.4966,0,0,0,0.4966,0,1.4897,1.9862,0,0.4966,0,0,0,1.4897,0,0.4966,0.9931,0.4966,0,0.0001,0,0,0,0,0,0,0.0001,0.0002,0,0,0,0,0,0.0001,0,0,0.0001,0,0,0.23,0.2735,0.23,0.2735,1
0.5174,0,0.5174,0.5174,0,0.5174,0.5174,1.0348,1.5522,0.5174,0.5174,0.5174,0.5174,1.5522,2.0696,0,2.587,0.5174,0.5174,0,0.0001,0,0.0001,0.0001,0,0.0001,0.0001,0.0001,0.0002,0.0001,0.0001,0.0001,0.0001,0.0002,0.0002,0,0.0003,0.0001,0.0001,0,0.2723,0.2103,0.2723,0.2103,1
0.6921,0,0,0,0,0.6921,0.6921,2.0764,0,0.6921,0,0,0,0,1.3843,0,1.3843,0,0.6921,0,0.0001,0,0,0,0,0.0001,0.0001,0.0003,0,0.0001,0,0,0,0,0.0002,0,0.0002,0,0.0001,0,0.1471,0.1608,0.1471,0.1608,1
1.9218,0,0,0.6406,0.6406,0,0.6406,0,1.2812,0.6406,0,0,0,0.6406,1.9218,0,0,0,0,0,0.0004,0,0,0.0001,0.0001,0,0.0001,0,0.0002,0.0001,0,0,0,0.0001,0.0004,0,0,0,0,0,0.2424,0.117,0.2424,0.117,1
0.451,0,0.902,0.902,0,0,0.902,1.8039,3.1568,0,0.451,0,0,0.902,1.8039,0.451,0.451,0.451,0,0,0,0,0.0001,0.0001,0,0,0.0001,0.0002,0.0003,0,0,0,0,0.0001,0.0002,0,0,0,0,0,0.2777,0.2713,0.2777,0.2713,1
1.67,0,0,0,0,0,0,0,3.34,0.835,0,0.835,0,0,0,0,0.835,2.505,0,0.835,0.0004,0,0,0,0,0,0,0,0.0007,0.0002,0,0.0002,0,0,0,0,0.0002,0.0005,0,0.0002,0.0689,0.0961,0.0689,0.0961,1
0.6677,0,1.3355,0,0.6677,0.6677,0.6677,0.6677,0,1.3355,0,0.6677,1.3355,0,0,0,0,1.3355,0.6677,0,0.0001,0,0.0001,0,0.0001,0.0001,0.0001,0.0001,0,0.0001,0,0.0001,0.0001,0,0,0,0,0.0001,0.0001,0,0.1937,0.1386,0.1937,0.1386,1
0.5884,0,0.5884,0.5884,0.5884,1.7653,0.5884,0.5884,0,0,0,1.1768,0,0.5884,1.7653,0.5884,0,0.5884,0,0,0.0001,0,0.0001,0.0001,0.0001,0.0002,0.0001,0.0001,0,0,0,0.0001,0,0.0001,0.0002,0.0001,0,0.0001,0,0,0.168,0.2436,0.168,0.2436,1
0,0.5389,0,0,0.5389,0.5389,0,0.5389,0.5389,1.6166,0,0,0.5389,0.5389,2.1555,0,1.0777,0.5389,0.5389,0,0,0.0001,0,0,0.0001,0.0001,0,0.0001,0.0001,0.0002,0,0,0.0001,0.0001,0.0002,0,0.0001,0.0001,0.0001,0,0.234,0.2272,0.234,0.2272,1
3.7356,1.4942,0,1.4942,0,1.4942,0,0.7471,0,0,0.7471,0,0.7471,0.7471,0,0,0.7471,1.4942,0,0,0.0002,0.0001,0,0.0001,0,0.0001,0,0,0,0,0,0,0,0,0,0,0,0.0001,0,0,0.1163,0.1365,0.1163,0.1365,1
0.4418,0.4418,0.8835,2.2088,0.4418,0,0,0.4418,0.8835,0.8835,0,1.3253,0,0.8835,0.4418,0.4418,0.8835,1.7671,0.4418,0.4418,0,0,0.0001,0.0002,0,0,0,0,0.0001,0.0001,0,0.0001,0,0.0001,0,0,0.0001,0.0001,0,0,0.2821,0.2761,0.2821,0.2761,1
1.7616,0,0,0.5872,1.1744,1.7616,1.1744,0.5872,0.5872,3.5232,0,0,0.5872,0,0,0.5872,0,0,0,0,0.0001,0,0,0,0.0001,0.0001,0.0001,0,0,0.0003,0,0,0,0,0,0,0,0,0,0,0.1894,0.2234,0.1894,0.2234,1
0.6481,0,0,0,1.9443,0.6481,0,0,0.6481,0.6481,0.6481,0.6481,4.5367,0.6481,0.6481,1.9443,0.6481,0.6481,0.6481,0,0.0001,0,0,0,0.0002,0.0001,0,0,0.0001,0.0001,0.0001,0.0001,0.0004,0.0001,0.0001,0.0002,0.0001,0.0001,0.0001,0,0.1709,0.181,0.1709,0.181,1
2.4226,0,0,0,0,0.8075,0.8075,0,0,1.6151,1.6151,0,0.8075,0,0,2.4226,2.4226,1.6151,0,0,0.0003,0,0,0,0,0.0001,0.0001,0,0,0.0002,0.0002,0,0.0001,0,0,0.0003,0.0003,0.0002,0,0,0.098,0.0945,0.098,0.0945,1
0,1.1961,1.1961,1.1961,0,0,0,2.3922,0,2.3922,0,0.5981,0.5981,0,1.1961,1.7942,0,1.1961,0,0,0,0.0001,0.0001,0.0001,0,0,0,0.0002,0,0.0002,0,0,0,0,0.0001,0.0001,0,0.0001,0,0,0.2291,0.1728,0.2291,0.1728,1
1.3683,0.6842,0,1.3683,0,0,0,0.6842,0.6842,2.0525,0,0,0.6842,0,0,0,0,0,1.3683,0,0.0001,0.0001,0,0.0001,0,0,0,0.0001,0.0001,0.0002,0,0,0.0001,0,0,0,0,0,0.0001,0,0.1505,0.1654,0.1505,0.1654,1
0.431,0,0.431,3.0168,0,0,0.431,0.8619,1.2929,2.1549,0,1.2929,0,0.431,0.431,0,0.8619,0.431,0,0,0,0,0,0.0003,0,0,0,0.0001,0.0001,0.0002,0,0.0001,0,0,0,0,0.0001,0,0,0,0.2758,0.2933,0.2758,0.2933,1
2.051,1.3674,1.3674,0,0.6837,0.6837,0.6837,0,0,1.3674,2.051,0,0.6837,0,0,0,1.3674,1.3674,0,0,0.0001,0.0001,0.0001,0,0,0,0,0,0,0.0001,0.0001,0,0,0,0,0,0.0001,0.0001,0,0,0.1273,0.189,0.1273,0.189,1
0.5397,0.5397,1.6192,0.5397,0,0,0,1.0795,0,1.6192,0,0,0,0,1.0795,0.5397,0,0.5397,1.6192,0,0,0,0.0001,0,0,0,0,0.0001,0,0.0001,0,0,0,0,0.0001,0,0,0,0.0001,0,0.2304,0.2299,0.2304,0.2299,1
1.5453,0,0,0,0,0,0,1.5453,1.5453,0.7727,0,0,0.7727,0.7727,0.7727,0,0,0,0,0,0.0004,0,0,0,0,0,0,0.0004,0.0004,0.0002,0,0,0.0002,0.0002,0.0002,0,0,0,0,0,0.1336,0.0937,0.1336,0.0937,1
0.4777,0.4777,1.4331,0.4777,0.4777,0.9554,0,0.9554,1.4331,1.4331,0,0.4777,1.4331,0.4777,0.9554,0.9554,1.4331,0,0.4777,0,0,0,0.0001,0,0,0.0001,0,0.0001,0.0001,0.0001,0,0,0.0001,0,0.0001,0.0001,0.0001,0,0,0,0.2286,0.2938,0.2286,0.2938,1
1.223,0.6115,0,0.6115,0,0,1.223,1.223,1.223,0,0.6115,0,1.223,1.223,0.6115,0.6115,1.223,0,0,0.6115,0.0001,0.0001,0,0.0001,0,0,0.0001,0.0001,0.0001,0,0.0001,0,0.0001,0.0001,0.0001,0.0001,0.0001,0,0,0.0001,0.2374,0.151,0.2374,0.151,1
0,0,0.7454,0,0.7454,0,0,0,0.7454,2.2362,0.7454,0.7454,1.4908,0.7454,0,0,0.7454,2.2362,0,0,0,0,0.0001,0,0.0001,0,0,0,0.0001,0.0003,0.0001,0.0001,0.0002,0.0001,0,0,0.0001,0.0003,0,0,0.1458,0.1088,0.1458,0.1088,1
2.2201,0.74,1.48,0,0,2.2201,0,0.74,0.74,1.48,0.74,0,0,0,0,0.74,2.9601,0.74,0,0,0.0002,0.0001,0.0001,0,0,0.0002,0,0.0001,0.0001,0.0001,0.0001,0,0,0,0,0.0001,0.0002,0.0001,0,0,0.101,0.159,0.101,0.159,1
1.3859,0.693,0,0.693,0.693,1.3859,0,0.693,0.693,0,0,0,0,0.693,0,0,0,0,1.3859,0,0.0001,0.0001,0,0.0001,0.0001,0.0001,0,0.0001,0.0001,0,0,0,0,0.0001,0,0,0,0,0.0001,0,0.1586,0.1484,0.1586,0.1484,1
1.499,0.7495,1.499,0,0,0.7495,0,0,0,1.499,0,0.7495,0,0,0,0,2.2485,2.2485,0,0,0.0001,0.0001,0.0001,0,0,0.0001,0,0,0,0.0001,0,0.0001,0,0,0,0,0.0002,0.0002,0,0,0.1434,0.107,0.1434,0.107,1
0.9854,0,1.9707,0,0.4927,0.4927,0,0.4927,1.478,1.478,0.4927,0.4927,0,0.4927,0.4927,0,0,0,0.4927,0,0.0001,0,0.0001,0,0,0,0,0,0.0001,0.0001,0,0,0,0,0,0,0,0,0,0,0.2286,0.2787,0.2286,0.2787,1
0.5358,0,0.5358,0,1.6075,1.0717,1.0717,0,1.0717,0,1.0717,0.5358,0,0,1.0717,0,1.0717,0,1.0717,0,0.0001,0,0.0001,0,0.0002,0.0001,0.0001,0,0.0001,0,0.0001,0.0001,0,0,0.0001,0,0.0001,0,0.0001,0,0.2298,0.2344,0.2298,0.2344,1
0.6325,0,0,0,0.6325,0,0,0.6325,0.6325,1.2649,0.6325,1.2649,1.2649,0,1.2649,0.6325,0,1.8974,0,0.6325,0.0001,0,0,0,0.0001,0,0,0.0001,0.0001,0.0002,0.0001,0.0002,0.0002,0,0.0002,0.0001,0,0.0002,0,0.0001,0.1868,0.1807,0.1868,0.1807,1
1.2415,0,0.6207,0.6207,1.8622,0.6207,0.6207,0,0,0.6207,0.6207,1.2415,1.2415,0,0,0.6207,1.2415,2.4829,1.2415,0,0.0001,0,0.0001,0.0001,0.0002,0.0001,0.0001,0,0,0.0001,0.0001,0.0001,0.0001,0,0,0.0001,0.0001,0.0002,0.0001,0,0.1995,0.1798,0.1995,0.1798,1
1.7943,1.1962,1.1962,0,0,0.5981,0,1.1962,0.5981,0.5981,0.5981,0,0,0,1.1962,0.5981,2.3924,2.3924,0,0.5981,0.0001,0.0001,0.0001,0,0,0,0,0.0001,0,0,0,0,0,0,0.0001,0,0.0001,0.0001,0,0,0.1977,0.2042,0.1977,0.2042,1
0.7517,3.0066,0,0.7517,0,1.5033,0,0.7517,0,1.5033,0,0,0,0,2.255,0,1.5033,1.5033,0.7517,1.5033,0,0.0001,0,0,0,0.0001,0,0,0,0.0001,0,0,0,0,0.0001,0,0.0001,0.0001,0,0.0001,0.1079,0.1405,0.1079,0.1405,1
0,0.5386,0,0,0.5386,0.5386,0,1.6158,0.5386,0.5386,0,0,0.5386,0,2.1545,0,1.0772,0.5386,0.5386,0.5386,0,0.0001,0,0,0.0001,0.0001,0,0.0002,0.0001,0.0001,0,0,0.0001,0,0.0002,0,0.0001,0.0001,0.0001,0.0001,0.2314,0.23,0.2314,0.23,1
0.8862,0,0.4431,1.3293,0.4431,0.8862,0.4431,0.8862,1.7724,2.2155,0,0.8862,0,0.8862,0.4431,0.8862,0.4431,0.4431,0,0,0.0001,0,0,0.0001,0,0.0001,0,0.0001,0.0001,0.0002,0,0.0001,0,0.0001,0,0.0001,0,0,0,0,0.2527,0.3042,0.2527,0.3042,1
1.9614,0,0,0,0,0,0.9807,0.4904,3.9228,0.4904,2.4518,0,0,0,0.9807,0.4904,0.9807,0.9807,0,0,0.0002,0,0,0,0,0,0.0001,0.0001,0.0005,0.0001,0.0003,0,0,0,0.0001,0.0001,0.0001,0.0001,0,0,0.2116,0.2981,0.2116,0.2981,1
0,0,0.6359,0.6359,0.6359,0.6359,0.6359,0,0,3.8154,0,0,1.9077,0,0.6359,0.6359,0,0,1.2718,0.6359,0,0,0.0001,0.0001,0.0001,0.0001,0.0001,0,0,0.0003,0,0,0.0002,0,0.0001,0.0001,0,0,0.0001,0.0001,0.1578,0.2063,0.1578,0.2063,1
2.1294,0.4259,2.5553,0.4259,0.4259,0,0.4259,0.8518,0.8518,0.8518,0.4259,0.4259,0.4259,0,0.4259,0.8518,1.2776,0,0,0,0.0001,0,0.0002,0,0,0,0,0.0001,0.0001,0.0001,0,0,0,0,0,0.0001,0.0001,0,0,0,0.2786,0.2955,0.2786,0.2955,1
1.5148,0,0.5049,0,1.5148,2.5247,1.0099,0.5049,0.5049,1.5148,0,0.5049,0,0,0,1.5148,0.5049,2.0198,0.5049,0.5049,0.0001,0,0,0,0.0001,0.0001,0.0001,0,0,0.0001,0,0,0,0,0,0.0001,0,0.0001,0,0,0.2552,0.2399,0.2552,0.2399,1
1.9098,0,0.4775,0.4775,0,0.9549,0.9549,2.3873,1.9098,0.9549,0,0,0,0,0,0,1.9098,0.9549,0.4775,0,0.0002,0,0,0,0,0.0001,0.0001,0.0002,0.0002,0.0001,0,0,0,0,0,0,0.0002,0.0001,0,0,0.2369,0.2856,0.2369,0.2856,1
2.758,0,0,0.5516,0,0,1.1032,0,1.1032,1.1032,1.6548,1.1032,0.5516,0.5516,1.1032,2.758,1.1032,0,0,0,0.0002,0,0,0,0,0,0.0001,0,0.0001,0.0001,0.0001,0.0001,0,0,0.0001,0.0002,0.0001,0,0,0,0.2163,0.2321,0.2163,0.2321,1
1.344,0,0,0,0,3.3599,0,0,1.344,5.3759,0,0,0.672,0,0,0,0,0.672,0,0.672,0.0001,0,0,0,0,0.0003,0,0,0.0001,0.0004,0,0,0.0001,0,0,0,0,0.0001,0,0.0001,0.1314,0.1966,0.1314,0.1966,1
0,0.5159,0,0,1.0318,0,0,0,2.5795,1.0318,0,0,0,0,2.0636,0.5159,0,0.5159,1.0318,0,0,0.0001,0,0,0.0001,0,0,0,0.0003,0.0001,0,0,0,0,0.0002,0.0001,0,0.0001,0.0001,0,0.2852,0.1989,0.2852,0.1989,1
1.7922,0,1.7922,0.5974,0,0.5974,0,1.1948,0.5974,0,0,0,0,0,1.1948,0,0,1.1948,0,0,0.0002,0,0.0002,0.0001,0,0.0001,0,0.0001,0.0001,0,0,0,0,0,0.0001,0,0,0.0001,0,0,0.178,0.2246,0.178,0.2246,1
1.0045,0,1.5068,1.0045,0.5023,0.5023,0,0.5023,1.0045,3.0136,0,1.0045,0,1.0045,0.5023,0,0,0.5023,0,0,0.0001,0,0.0001,0.0001,0,0,0,0,0.0001,0.0002,0,0.0001,0,0.0001,0,0,0,0,0,0,0.2402,0.2575,0.2402,0.2575,1
0,0.5394,0,0,0.5394,0.5394,0,0,0.5394,2.1575,0,0,0.5394,0,2.1575,0,1.0788,0.5394,0.5394,0.5394,0,0.0001,0,0,0.0001,0.0001,0,0,0.0001,0.0002,0,0,0.0001,0,0.0002,0,0.0001,0.0001,0.0001,0.0001,0.2312,0.2294,0.2312,0.2294,1
0,0,0,0,1.3149,0,0,0.6575,0.6575,0.6575,0,0,1.3149,0.6575,1.9724,0.6575,0.6575,1.3149,0.6575,0,0,0,0,0,0.0002,0,0,0.0001,0.0001,0.0001,0,0,0.0002,0.0001,0.0003,0.0001,0.0001,0.0002,0.0001,0,0.1651,0.1775,0.1651,0.1775,1
1.7024,0.5675,0,0.5675,0.5675,0.5675,0.5675,0.5675,2.2699,1.135,0.5675,0.5675,1.7024,0,0,0,0,2.8374,0,0,0.0001,0,0,0,0,0,0,0,0.0002,0.0001,0,0,0.0001,0,0,0,0,0.0002,0,0,0.2199,0.2126,0.2199,0.2126,1
2.1471,0,0.7157,0.7157,0,0,0,0,1.4314,0.7157,0,0,0,0.7157,0,0,0.7157,2.1471,0,0.7157,0.0003,0,0.0001,0.0001,0,0,0,0,0.0002,0.0001,0,0,0,0.0001,0,0,0.0001,0.0003,0,0.0001,0.1936,0.0907,0.1936,0.0907,1
1.1547,0,0,0,1.1547,1.1547,1.1547,1.1547,0,2.8867,0,1.1547,3.4641,0,1.732,1.1547,0.5773,0,0,0.5773,0.0001,0,0,0,0.0001,0.0001,0.0001,0.0001,0,0.0003,0,0.0001,0.0004,0,0.0002,0.0001,0.0001,0,0,0.0001,0.2081,0.2146,0.2081,0.2146,1
3.5099,0,0,0,0.8775,0,0,0.8775,0,2.6324,0,0.8775,0,0,0,0.8775,0,0,0,0.8775,0.0005,0,0,0,0.0001,0,0,0.0001,0,0.0003,0,0.0001,0,0,0,0.0001,0,0,0,0.0001,0.0781,0.0444,0.0781,0.0444,1
1.0587,0.5294,1.5881,0,0,0.5294,0.5294,0,0.5294,2.1175,0,1.5881,0,0,1.0587,0,1.0587,0.5294,0,0.5294,0.0001,0,0.0001,0,0,0,0,0,0,0.0001,0,0.0001,0,0,0.0001,0,0.0001,0,0,0,0.2687,0.2019,0.2687,0.2019,1
0.5045,1.009,1.009,0,0.5045,0.5045,0.5045,0.5045,0,1.5135,0.5045,1.009,1.5135,0,1.5135,0.5045,0,1.5135,1.5135,0,0,0.0001,0.0001,0,0,0,0,0,0,0.0001,0,0.0001,0.0001,0,0.0001,0,0,0.0001,0.0001,0,0.2403,0.2552,0.2403,0.2552,1
0,0,0.5547,0.5547,0.5547,0,0,0,1.6641,2.2188,0.5547,1.1094,0.5547,0,1.6641,0,0,0,0,0.5547,0,0,0.0001,0.0001,0.0001,0,0,0,0.0002,0.0002,0.0001,0.0001,0.0001,0,0.0002,0,0,0,0,0.0001,0.2291,0.2162,0.2291,0.2162,1
0,0,0.6178,0.6178,1.8533,1.2355,0,1.8533,1.2355,0,0,0,2.471,0,0,0.6178,0,1.8533,0,0,0,0,0.0001,0.0001,0.0002,0.0001,0,0.0002,0.0001,0,0,0,0.0002,0,0,0.0001,0,0.0002,0,0,0.235,0.1473,0.235,0.1473,1
0.7695,0,0,0.7695,0,0,0,0,3.078,0.7695,0,0,0,0,0,0,0.7695,3.078,0,0.7695,0.0002,0,0,0.0002,0,0,0,0,0.0008,0.0002,0,0,0,0,0,0,0.0002,0.0008,0,0.0002,0.0997,0.1308,0.0997,0.1308,1
1.1337,0,0,0.5668,0,1.7005,1.7005,0.5668,0.5668,2.8342,0,0,1.1337,0,0.5668,0.5668,0,3.401,0,0,0.0001,0,0,0,0,0.0001,0.0001,0,0,0.0002,0,0,0.0001,0,0,0,0,0.0003,0,0,0.1895,0.2437,0.1895,0.2437,1
1.0641,0,1.5961,0.532,0.532,0,0.532,2.1282,0,0.532,2.1282,1.0641,0,1.5961,0,0,1.0641,0.532,0.532,1.0641,0.0001,0,0.0001,0,0,0,0,0.0001,0,0,0.0001,0.0001,0,0.0001,0,0,0.0001,0,0,0.0001,0.2192,0.2488,0.2192,0.2488,1
0.5551,0,0,1.1101,0,0,0,0,0.5551,0,0.5551,0.5551,0.5551,0.5551,5.5507,0,0,0,1.6652,0.5551,0.0001,0,0,0.0002,0,0,0,0,0.0001,0,0.0001,0.0001,0.0001,0.0001,0.0008,0,0,0,0.0002,0.0001,0.1857,0.2592,0.1857,0.2592,1
1.0594,0.5297,1.0594,0,0,0.5297,0,0,0.5297,1.0594,0,0,0,0,2.1188,0,0.5297,1.0594,0,1.0594,0.0001,0.0001,0.0001,0,0,0.0001,0,0,0.0001,0.0001,0,0,0,0,0.0002,0,0.0001,0.0001,0,0.0001,0.2236,0.2467,0.2236,0.2467,1
0,0,1.5496,0.5165,0.5165,0,0,1.033,0.5165,1.033,0,0,0,0,0.5165,1.033,1.033,0.5165,1.5496,0,0,0,0.0001,0,0,0,0,0.0001,0,0.0001,0,0,0,0,0,0.0001,0.0001,0,0.0001,0,0.2415,0.242,0.2415,0.242,1
2.8708,0.7177,0,0.7177,0,0.7177,0,0,0.7177,1.4354,0,0,0.7177,0,0,0,0,0,0.7177,0,0.0003,0.0001,0,0.0001,0,0.0001,0,0,0.0001,0.0002,0,0,0.0001,0,0,0,0,0,0.0001,0,0.1576,0.1247,0.1576,0.1247,1
0,0.7295,0.7295,0,0,1.4589,0.7295,0.7295,0,0.7295,0,0.7295,0,0,0.7295,0,1.4589,0,0.7295,0,0,0.0001,0.0001,0,0,0.0001,0.0001,0.0001,0,0.0001,0,0.0001,0,0,0.0001,0,0.0001,0,0.0001,0,0.1709,0.0996,0.1709,0.0996,1
0.537,0.537,1.6111,1.0741,1.0741,0.537,0.537,0,0,1.0741,0.537,1.6111,1.6111,0,0.537,0,1.0741,0,0,1.0741,0,0,0.0001,0.0001,0.0001,0,0,0,0,0.0001,0,0.0001,0.0001,0,0,0,0.0001,0,0,0.0001,0.2685,0.1944,0.2685,0.1944,1
0.8425,0,0,0,1.6849,0,0,0,3.3699,3.3699,0,0,0,0,0,0,0.8425,0.8425,0,0,0.0002,0,0,0,0.0004,0,0,0,0.0008,0.0008,0,0,0,0,0,0,0.0002,0.0002,0,0,0.0536,0.1039,0.0536,0.1039,1
1.1176,0,0.5588,0.5588,0,1.1176,0.5588,0,1.1176,1.1176,0.5588,0.5588,0,0,1.1176,0.5588,0,0.5588,0.5588,0,0.0001,0,0.0001,0.0001,0,0.0001,0.0001,0,0.0001,0.0001,0.0001,0.0001,0,0,0.0001,0.0001,0,0.0001,0.0001,0,0.2508,0.1904,0.2508,0.1904,1
0,0,0,0,2.5934,0,0,0,3.4579,1.729,0,0,0.8645,0,0,0,0,1.729,0,0.8645,0,0,0,0,0.0008,0,0,0,0.0011,0.0005,0,0,0.0003,0,0,0,0,0.0005,0,0.0003,0.0528,0.0827,0.0528,0.0827,1
0.4879,0,0.4879,0.4879,1.4636,0.4879,1.4636,0,2.4393,0,0.9757,0.4879,0.9757,0,1.9514,0.4879,0.4879,0.9757,0,0,0.0001,0,0.0001,0.0001,0.0002,0.0001,0.0002,0,0.0003,0,0.0001,0.0001,0.0001,0,0.0002,0.0001,0.0001,0.0001,0,0,0.2702,0.242,0.2702,0.242,1
1.1155,0.5577,0,0,0.5577,0.5577,0,0.5577,2.231,0,0,0,0,0,1.6732,0.5577,0,0,1.1155,0,0.0001,0.0001,0,0,0.0001,0.0001,0,0.0001,0.0002,0,0,0,0,0,0.0002,0.0001,0,0,0.0001,0,0.2519,0.1904,0.2519,0.1904,1
0.5043,0.5043,2.5216,0.5043,2.5216,0,0,0,0.5043,1.0086,0.5043,1.0086,0,0.5043,0.5043,1.0086,0.5043,0.5043,0,0,0,0,0.0001,0,0.0001,0,0,0,0,0.0001,0,0.0001,0,0,0,0.0001,0,0,0,0,0.3109,0.1847,0.3109,0.1847,1
1.4342,0.4781,1.9122,0,0,0.4781,0,0.4781,1.4342,0.4781,0,0.4781,0.4781,0,0.9561,0,1.4342,0.9561,0.9561,0.9561,0.0001,0,0.0001,0,0,0,0,0,0.0001,0,0,0,0,0,0.0001,0,0.0001,0.0001,0.0001,0.0001,0.2825,0.2394,0.2825,0.2394,1
1.9581,0,0,0,0.6527,0,0,0,0.6527,0,0,0.6527,1.9581,0,2.6108,0.6527,0.6527,0,1.3054,0,0.0003,0,0,0,0.0001,0,0,0,0.0001,0,0,0.0001,0.0003,0,0.0004,0.0001,0.0001,0,0.0002,0,0.2049,0.1424,0.2049,0.1424,1
0,1.082,0,0,0.541,0,0,0,0.541,2.7051,0,0.541,0.541,0,2.1641,0,0.541,1.082,0.541,0.541,0,0.0001,0,0,0,0,0,0,0,0.0002,0,0,0,0,0.0002,0,0,0.0001,0,0,0.2231,0.2358,0.2231,0.2358,1
0,1.1635,1.1635,0,1.1635,0,0.5818,0.5818,1.7453,0,1.1635,1.1635,1.1635,0,1.7453,0,1.1635,1.1635,0,0,0,0.0001,0.0001,0,0.0001,0,0,0,0.0001,0,0.0001,0.0001,0.0001,0,0.0001,0,0.0001,0.0001,0,0,0.2491,0.1691,0.2491,0.1691,1
0.7387,0,0.7387,0,2.216,0,0,0,0.7387,1.4773,0.7387,0.7387,1.4773,0.7387,0,0,0,1.4773,0,0,0.0001,0,0.0001,0,0.0003,0,0,0,0.0001,0.0002,0.0001,0.0001,0.0002,0.0001,0,0,0,0.0002,0,0,0.1464,0.115,0.1464,0.115,1
0.6922,0.6922,0,0.6922,0,0.6922,0,0.6922,0.6922,1.3843,0,0,0.6922,0,0,0,0.6922,0,1.3843,0,0.0001,0.0001,0,0.0001,0,0.0001,0,0.0001,0.0001,0.0001,0,0,0.0001,0,0,0,0.0001,0,0.0001,0,0.1286,0.1793,0.1286,0.1793,1
1.1767,0,0.5883,0.5883,0.5883,1.765,0,0,0.5883,1.765,0,0.5883,1.765,0,2.9417,0,0,0,0,0,0.0001,0,0.0001,0.0001,0.0001,0.0002,0,0,0.0001,0.0002,0,0.0001,0.0002,0,0.0003,0,0,0,0,0,0.2093,0.2024,0.2093,0.2024,1
0,0,0,0,0,1.3219,0,0,2.6438,0,0,0,0.661,0,1.9829,0,0.661,0.661,0,0.661,0,0,0,0,0,0.0003,0,0,0.0005,0,0,0,0.0001,0,0.0004,0,0.0001,0.0001,0,0.0001,0.1461,0.1929,0.1461,0.1929,1
0,0,0,0,0.6699,0.6699,0.6699,2.0098,0.6699,0.6699,0,0.6699,0,0,0,1.3399,0,0,0.6699,0.6699,0,0,0,0,0.0001,0.0001,0.0001,0.0002,0.0001,0.0001,0,0.0001,0,0,0,0.0001,0,0,0.0001,0.0001,0.1505,0.1796,0.1505,0.1796,1
0,2.8668,0,0,0,1.1467,0,0.5734,1.7201,1.1467,0.5734,0,0,0,1.7201,0,0.5734,0,0,0,0,0.0002,0,0,0,0.0001,0,0,0.0001,0.0001,0,0,0,0,0.0001,0,0,0,0,0,0.213,0.2136,0.213,0.2136,1
0,0,0.5978,0,0.5978,0.5978,1.1956,1.1956,1.1956,0,1.1956,0,1.1956,0,0,0,0,0,0.5978,0,0,0,0.0001,0,0.0001,0.0001,0.0001,0.0001,0.0001,0,0.0001,0,0.0001,0,0,0,0,0,0.0001,0,0.1572,0.245,0.1572,0.245,1
0,2.6387,1.0555,0.5277,0,2.6387,0,0,1.0555,0,0,0.5277,2.1109,0,1.0555,1.5832,1.5832,0.5277,0,0,0,0.0001,0.0001,0,0,0.0001,0,0,0.0001,0,0,0,0.0001,0,0.0001,0.0001,0.0001,0,0,0,0.2529,0.2194,0.2529,0.2194,1
1.2945,0.6473,3.2363,0,0.6473,0,0,1.2945,0,0.6473,0.6473,0.6473,0.6473,0.6473,0,1.2945,0.6473,0.6473,0,0,0.0001,0,0.0002,0,0,0,0,0.0001,0,0,0,0,0,0,0,0.0001,0,0,0,0,0.1722,0.1805,0.1722,0.1805,1
0.5712,3.4271,0,0.5712,0,1.7135,0,0.5712,1.1424,0,0,1.1424,1.1424,0,0.5712,1.7135,0.5712,2.8559,0.5712,0.5712,0,0.0001,0,0,0,0.0001,0,0,0,0,0,0,0,0,0,0.0001,0,0.0001,0,0,0.2205,0.2083,0.2205,0.2083,1
3.0048,0,0,0,1.0016,1.5024,1.0016,0.5008,1.5024,2.0032,0.5008,0.5008,0,0.5008,0,1.0016,0.5008,1.0016,0,0,0.0002,0,0,0,0.0001,0.0001,0.0001,0,0.0001,0.0001,0,0,0,0,0,0.0001,0,0.0001,0,0,0.2489,0.2503,0.2489,0.2503,1
0,0,0.6132,0.6132,0.6132,0.6132,0.6132,0.6132,0,3.0661,0.6132,0.6132,1.8396,0.6132,0.6132,0,0,0,1.8396,0,0,0,0.0001,0.0001,0.0001,0.0001,0.0001,0.0001,0,0.0003,0.0001,0.0001,0.0002,0.0001,0.0001,0,0,0,0.0002,0,0.1768,0.2099,0.1768,0.2099,1
0,1.1888,0,0,1.1888,1.1888,0,0.5944,1.1888,1.1888,1.1888,0,1.1888,0.5944,3.5663,0,1.1888,0.5944,0,1.1888,0,0.0001,0,0,0.0001,0.0001,0,0,0.0001,0.0001,0.0001,0,0.0001,0,0.0002,0,0.0001,0,0,0.0001,0.1717,0.2339,0.1717,0.2339,1
0,0,0.4408,2.645,0,0,0,1.3225,2.645,0.4408,0.4408,0.4408,0,0.4408,0,0.4408,0.8817,0,0.8817,0.4408,0,0,0,0.0002,0,0,0,0.0001,0.0002,0,0,0,0,0,0,0,0.0001,0,0.0001,0,0.2427,0.3165,0.2427,0.3165,1
0.6772,0,0,0,0,2.7087,1.3543,0,0,0.6772,0,1.3543,0,0.6772,0,0,0.6772,0,0.6772,0,0.0001,0,0,0,0,0.0003,0.0002,0,0,0.0001,0,0.0002,0,0.0001,0,0,0.0001,0,0.0001,0,0.1663,0.1565,0.1663,0.1565,1
2.2191,5.178,0.7397,0,0.7397,2.2191,0,0,0,0,2.2191,1.4794,0.7397,0,0,2.2191,3.6985,0.7397,0,0,0.0001,0.0002,0,0,0,0.0001,0,0,0,0,0.0001,0.0001,0,0,0,0.0001,0.0001,0,0,0,0.1359,0.1244,0.1359,0.1244,1
0,0.6218,0,0,0,3.7309,0,0.6218,1.2436,3.1091,0.6218,0,0,0,0.6218,1.2436,0,1.2436,0,0,0,0,0,0,0,0.0002,0,0,0.0001,0.0002,0,0,0,0,0,0.0001,0,0.0001,0,0,0.1654,0.2128,0.1654,0.2128,1
0,0,0,0,1.7195,0,0,0,3.439,3.439,0,0,0.8598,0,0,0,0,0.8598,0,0.8598,0,0,0,0,0.0005,0,0,0,0.0009,0.0009,0,0,0.0002,0,0,0,0,0.0002,0,0.0002,0.0521,0.0882,0.0521,0.0882,1
1.6805,0,1.1203,0.5602,0,0.5602,0,1.6805,1.6805,0,0.5602,0,0.5602,0.5602,0.5602,1.1203,1.1203,0,0,0,0.0002,0,0.0001,0.0001,0,0.0001,0,0.0002,0.0002,0,0.0001,0,0.0001,0.0001,0.0001,0.0001,0.0001,0,0,0,0.181,0.2588,0.181,0.2588,1
0.68,0,0,0,0,0,0,0.68,1.36,1.36,0,0,0.68,0,2.72,0.68,0,3.4001,1.36,0.68,0.0001,0,0,0,0,0,0,0.0001,0.0002,0.0002,0,0,0.0001,0,0.0004,0.0001,0,0.0005,0.0002,0.0001,0.147,0.173,0.147,0.173,1
2.3768,0.5942,1.1884,0,0,1.1884,0.5942,0,0.5942,1.1884,0.5942,0.5942,0,0,0,0.5942,0,1.7826,1.1884,0.5942,0.0002,0,0.0001,0,0,0.0001,0,0,0,0.0001,0,0,0,0,0,0,0,0.0001,0.0001,0,0.1986,0.2072,0.1986,0.2072,1
0.4723,0,0.4723,0.4723,0.4723,0.4723,1.4169,0,0.9446,0.4723,0,1.4169,0,0,1.4169,2.3615,0.4723,0.4723,0,0.4723,0,0,0,0,0,0,0.0001,0,0.0001,0,0,0.0001,0,0,0.0001,0.0002,0,0,0,0,0.2411,0.2866,0.2411,0.2866,1
0,0,0.6309,0,0,0,0,1.2619,0.6309,1.2619,0.6309,0,0,0.6309,1.2619,1.2619,0.6309,1.8928,0,0.6309,0,0,0.0001,0,0,0,0,0.0001,0.0001,0.0001,0.0001,0,0,0.0001,0.0001,0.0001,0.0001,0.0002,0,0.0001,0.1886,0.1805,0.1886,0.1805,1
0,2.5584,0.5117,0,1.535,0.5117,0,1.0234,1.0234,0,1.0234,0,0,0,1.0234,2.0467,1.535,2.0467,0.5117,0,0,0.0001,0,0,0.0001,0,0,0,0,0,0,0,0,0,0,0.0001,0.0001,0.0001,0,0,0.2837,0.2046,0.2837,0.2046,1
0,0,0,0,1.5635,1.5635,2.0847,1.0423,1.0423,1.5635,0,0.5212,0,0,0,0,1.5635,1.0423,0,0,0,0,0,0,0.0001,0.0001,0.0002,0.0001,0.0001,0.0001,0,0,0,0,0,0,0.0001,0.0001,0,0,0.2158,0.2631,0.2158,0.2631,1
3.3157,1.3263,0,0.6631,0,0,0,0,1.3263,1.9894,0.6631,0,1.9894,1.3263,0,0,0,1.3263,0,0,0.0002,0.0001,0,0,0,0,0,0,0.0001,0.0001,0,0,0.0001,0.0001,0,0,0,0.0001,0,0,0.1417,0.1951,0.1417,0.1951,1
1.1698,0.5849,0.5849,0.5849,0,1.7548,0,0,1.1698,1.1698,0.5849,0.5849,0.5849,0.5849,0.5849,1.7548,0.5849,0,0,0,0.0001,0.0001,0.0001,0.0001,0,0.0002,0,0,0.0001,0.0001,0.0001,0.0001,0.0001,0.0001,0.0001,0.0002,0.0001,0,0,0,0.2494,0.1657,0.2494,0.1657,1
0,0,0.5922,0,0,2.3688,0,0.5922,1.7766,1.1844,0.5922,0.5922,0,0,0.5922,0.5922,0.5922,1.7766,0,0.5922,0,0,0.0001,0,0,0.0002,0,0.0001,0.0002,0.0001,0.0001,0.0001,0,0,0.0001,0.0001,0.0001,0.0002,0,0.0001,0.1946,0.2132,0.1946,0.2132,1
0.7187,0,0,0,1.4374,1.4374,0,2.1561,0.7187,0.7187,0.7187,1.4374,1.4374,0,0,0,0,0.7187,0.7187,0,0.0001,0,0,0,0.0001,0.0001,0,0.0002,0.0001,0.0001,0.0001,0.0001,0.0001,0,0,0,0,0.0001,0.0001,0,0.1354,0.1459,0.1354,0.1459,1
0.7013,0,0.7013,0,0,0,0,0,0.7013,0.7013,1.4026,0.7013,0.7013,0,0.7013,0.7013,0.7013,0,0,0.7013,0.0001,0,0.0001,0,0,0,0,0,0.0001,0.0001,0.0002,0.0001,0.0001,0,0.0001,0.0001,0.0001,0,0,0.0001,0.1353,0.1634,0.1353,0.1634,1
2.4589,0,0,0,0.8196,0,0,0,3.2786,0,0,0,0,0,0,0,0.8196,2.4589,0,0.8196,0.0005,0,0,0,0.0002,0,0,0,0.0007,0,0,0,0,0,0,0,0.0002,0.0005,0,0.0002,0.0671,0.1132,0.0671,0.1132,1
0,0,1.4301,0,0,0.715,0,0,0.715,0,0.715,0.715,1.4301,0,0.715,0,0,0,0.715,0,0,0,0.0002,0,0,0.0001,0,0,0.0001,0,0.0001,0.0001,0.0002,0,0.0001,0,0,0,0.0001,0,0.1245,0.1605,0.1245,0.1605,1
0,0,1.223,0,0.6115,0,0.6115,0.6115,0.6115,0,0.6115,1.223,0.6115,0.6115,1.223,0.6115,0.6115,0,0,0.6115,0,0,0.0002,0,0.0001,0,0.0001,0.0001,0.0001,0,0.0001,0.0002,0.0001,0.0001,0.0002,0.0001,0.0001,0,0,0.0001,0.1793,0.2092,0.1793,0.2092,1
0,0,0.5243,0,0,0.5243,0.5243,0,1.0486,5.7672,0,0.5243,0,0,1.0486,0,0.5243,0,0,0.5243,0,0,0.0001,0,0,0.0001,0.0001,0,0.0001,0.0006,0,0.0001,0,0,0.0001,0,0.0001,0,0,0.0001,0.2029,0.2728,0.2029,0.2728,1
1.7522,0,0,0,0.438,0.438,0.8761,0,3.5044,2.6283,0.438,0,0.438,0,0,0.438,0.8761,0.438,0,0,0.0002,0,0,0,0,0,0.0001,0,0.0004,0.0003,0,0,0,0,0,0,0.0001,0,0,0,0.2829,0.2791,0.2829,0.2791,1
0,0,0.4359,3.0514,0.4359,0,0,1.3078,2.6155,0.4359,0,0.4359,0,0,0,0.4359,0.4359,0,0.8718,0.8718,0,0,0,0.0003,0,0,0,0.0001,0.0002,0,0,0,0,0,0,0,0,0,0.0001,0.0001,0.2562,0.3078,0.2562,0.3078,1
0,2.8189,0,0,0.5638,1.1275,0.5638,0.5638,0.5638,0.5638,0.5638,0,0,0,3.3826,0,0,0,0,1.1275,0,0.0001,0,0,0,0.0001,0,0,0,0,0,0,0,0,0.0002,0,0,0,0,0.0001,0.2163,0.2199,0.2163,0.2199,1
0,0,1.1175,1.1175,0,1.1175,0,0.5587,0,1.1175,1.1175,0,0.5587,0,1.1175,0.5587,0.5587,0,1.1175,0,0,0,0.0001,0.0001,0,0.0001,0,0,0,0.0001,0.0001,0,0,0,0.0001,0,0,0,0.0001,0,0.2247,0.2166,0.2247,0.2166,1
3.2499,0,0,0,1.3,2.5999,0,0.65,0,5.1998,0,0.65,0,0.65,0.65,0,0,0,0.65,0,0.0002,0,0,0,0.0001,0.0002,0,0,0,0.0003,0,0,0,0,0,0,0,0,0,0,0.1709,0.1791,0.1709,0.1791,1
0.5689,0,0.5689,0,0.5689,0,0.5689,0.5689,0.5689,3.982,0,0,0,0,1.1377,0,0.5689,1.1377,0,0,0.0001,0,0.0001,0,0.0001,0,0.0001,0.0001,0.0001,0.0005,0,0,0,0,0.0001,0,0.0001,0.0001,0,0,0.2402,0.1909,0.2402,0.1909,1
0.4314,0.4314,0,0.8627,0.8627,0.4314,2.1568,0,1.2941,0.4314,0.8627,0,1.2941,0,1.2941,0,1.7254,0,0.4314,0.4314,0,0,0,0.0001,0.0001,0,0.0002,0,0.0001,0,0.0001,0,0.0001,0,0.0001,0,0.0002,0,0,0,0.2721,0.2965,0.2721,0.2965,1
0.4634,0,2.3172,0,0.9269,1.3903,0.9269,0.4634,0.4634,0.4634,0,0.4634,0.4634,0.4634,1.3903,0,1.3903,0.4634,0.9269,0,0,0,0.0002,0,0.0001,0.0001,0.0001,0,0,0,0,0,0,0,0.0001,0,0.0001,0,0.0001,0,0.2876,0.249,0.2876,0.249,1
0,0.6202,0,0,0.6202,1.2404,0,1.2404,1.2404,1.2404,0,0,0,0,0.6202,0.6202,0.6202,1.2404,0.6202,0.6202,0,0,0,0,0,0.0001,0,0.0001,0.0001,0.0001,0,0,0,0,0,0,0,0.0001,0,0,0.1863,0.1934,0.1863,0.1934,1
0.5424,0.5424,0,0,0,2.1694,0,0,0,0,0,0,1.6271,1.0847,2.1694,1.6271,1.0847,1.0847,0.5424,1.0847,0,0,0,0,0,0.0002,0,0,0,0,0,0,0.0001,0.0001,0.0002,0.0001,0.0001,0.0001,0,0.0001,0.2577,0.2,0.2577,0.2,1
2.1391,0.5348,1.0695,0.5348,0.5348,0,0,0.5348,0.5348,1.6043,0,0,0.5348,0,1.6043,0,0.5348,0.5348,0,0.5348,0.0002,0,0.0001,0,0,0,0,0,0,0.0001,0,0,0,0,0.0001,0,0,0,0,0,0.2224,0.2428,0.2224,0.2428,1
2.6906,0,0,1.3453,0,2.018,0,0.6727,2.018,2.6906,0,0,1.3453,0,0,0,0,0.6727,0,0,0.0003,0,0,0.0002,0,0.0002,0,0.0001,0.0002,0.0003,0,0,0.0002,0,0,0,0,0.0001,0,0,0.1441,0.1832,0.1441,0.1832,1
1.0301,0,0,0.5151,1.5452,0.5151,0,1.0301,1.5452,0,0,0.5151,0,0,3.0904,0.5151,1.0301,0,0,0.5151,0.0001,0,0,0.0001,0.0002,0.0001,0,0.0001,0.0002,0,0,0.0001,0,0,0.0003,0.0001,0.0001,0,0,0.0001,0.2547,0.2302,0.2547,0.2302,1
0,0.6249,1.8747,0.6249,0.6249,0,0,1.8747,0,1.2498,0.6249,0.6249,0.6249,0,0,1.8747,0.6249,0.6249,0,0,0,0,0.0001,0,0,0,0,0.0001,0,0.0001,0,0,0,0,0,0.0001,0,0,0,0,0.1993,0.1758,0.1993,0.1758,1
0,0,0,0.5256,0.5256,1.5767,0.5256,1.0511,2.1023,0,0.5256,0.5256,1.5767,1.0511,1.5767,0,1.0511,0,0,0.5256,0,0,0,0.0001,0.0001,0.0002,0.0001,0.0001,0.0003,0,0.0001,0.0001,0.0002,0.0001,0.0002,0,0.0001,0,0,0.0001,0.2433,0.2311,0.2433,0.2311,1
0.7233,0,0,0,0,2.1699,0,0,0,0,0.7233,0.7233,4.3398,0,2.1699,0,0.7233,0.7233,0,0,0.0001,0,0,0,0,0.0003,0,0,0,0,0.0001,0.0001,0.0007,0,0.0003,0,0.0001,0.0001,0,0,0.1328,0.1439,0.1328,0.1439,1
0,0.5501,0.5501,0.5501,0.5501,1.1002,0.5501,0,0,1.1002,0,0,2.2004,0.5501,2.2004,0.5501,0.5501,0,0.5501,0,0,0.0001,0.0001,0.0001,0.0001,0.0001,0.0001,0,0,0.0001,0,0,0.0002,0.0001,0.0002,0.0001,0.0001,0,0.0001,0,0.2346,0.2153,0.2346,0.2153,1
1.2372,0.6186,0,0,0.6186,1.2372,0,0.6186,1.2372,0,0.6186,1.2372,0,1.2372,0.6186,0.6186,0.6186,1.8558,0,0,0.0001,0,0,0,0,0.0001,0,0,0.0001,0,0,0.0001,0,0.0001,0,0,0,0.0001,0,0,0.1893,0.1921,0.1893,0.1921,1
3.4026,0,0,0,0,0,0,0,1.7013,1.7013,0,0,0.8507,0,1.7013,0,0,1.7013,0,0,0.0008,0,0,0,0,0,0,0,0.0004,0.0004,0,0,0.0002,0,0.0004,0,0,0.0004,0,0,0.06,0.0894,0.06,0.0894,1
1.775,0,0,0.5917,0.5917,1.1834,1.775,0.5917,0.5917,2.3667,0,0,1.1834,0,0,0.5917,0,3.5501,0,0,0.0002,0,0,0.0001,0.0001,0.0001,0.0002,0.0001,0.0001,0.0002,0,0,0.0001,0,0,0.0001,0,0.0003,0,0,0.1672,0.2411,0.1672,0.2411,1
0.4887,0,0,0,1.9547,1.4661,1.9547,0,0.4887,2.4434,0,0,0,0,0.9774,0,0.4887,0.4887,0,0,0.0001,0,0,0,0.0002,0.0002,0.0002,0,0.0001,0.0003,0,0,0,0,0.0001,0,0.0001,0.0001,0,0,0.2186,0.2928,0.2186,0.2928,1
0.7499,0,0,1.4997,0,0,0,0,0,1.4997,1.4997,0,0,0,0,1.4997,4.4992,1.4997,0,0,0.0001,0,0,0.0002,0,0,0,0,0,0.0002,0.0002,0,0,0,0,0.0002,0.0006,0.0002,0,0,0.1286,0.1215,0.1286,0.1215,1
1.2065,0,0,0,0.6033,0.6033,0.6033,0.6033,0.6033,1.8098,0,0,0.6033,0.6033,0.6033,0,1.8098,0.6033,0.6033,0,0.0001,0,0,0,0.0001,0.0001,0.0001,0.0001,0.0001,0.0002,0,0,0.0001,0.0001,0.0001,0,0.0002,0.0001,0.0001,0,0.1984,0.1983,0.1984,0.1983,1
2.9372,0,0,0,0,0,0,0,0.7343,1.4686,1.4686,1.4686,0,0.7343,0.7343,0,0,0.7343,0,0.7343,0.0003,0,0,0,0,0,0,0,0.0001,0.0002,0.0002,0.0002,0,0.0001,0.0001,0,0,0.0001,0,0.0001,0.1459,0.1198,0.1459,0.1198,1
2.1639,0.7213,0,0.7213,0.7213,0.7213,0,0.7213,0.7213,0,0,0,0,0.7213,0,0,0.7213,0,0.7213,0,0.0002,0.0001,0,0.0001,0.0001,0.0001,0,0.0001,0.0001,0,0,0,0,0.0001,0,0,0.0001,0,0.0001,0,0.1679,0.1108,0.1679,0.1108,1
0,0,1.2581,0,0,0,0,0.629,0.629,0.629,0,1.2581,0.629,0,1.8871,0.629,0,1.2581,0.629,0,0,0,0.0001,0,0,0,0,0.0001,0.0001,0.0001,0,0.0001,0.0001,0,0.0002,0.0001,0,0.0001,0.0001,0,0.2034,0.1676,0.2034,0.1676,1
0.9471,0,0.4735,0.4735,0,1.8941,0.9471,0.9471,1.8941,0.9471,0.9471,0.9471,0.4735,0,0,1.4206,0.9471,0.4735,0,0.4735,0.0001,0,0,0,0,0.0001,0.0001,0.0001,0.0001,0.0001,0.0001,0.0001,0,0,0,0.0001,0.0001,0,0,0,0.2512,0.2753,0.2512,0.2753,1
2.0543,0,2.7391,0.6848,0.6848,0,0,0,0,1.3695,0,0,0,0,0,0,0.6848,1.3695,0,0.6848,0.0002,0,0.0002,0.0001,0.0001,0,0,0,0,0.0001,0,0,0,0,0,0,0.0001,0.0001,0,0.0001,0.1742,0.141,0.1742,0.141,1
0,0,0,0,0,0,0,2.1246,0.7082,1.4164,0,0.7082,0,0.7082,0.7082,0,0,0.7082,0,1.4164,0,0,0,0,0,0,0,0.0004,0.0001,0.0002,0,0.0001,0,0.0001,0.0001,0,0,0.0001,0,0.0002,0.1441,0.1477,0.1441,0.1477,1
0.513,0,0.513,0.513,2.0521,0,0,0,1.5391,0.513,0,2.0521,1.5391,0,1.0261,1.0261,0.513,0.513,0,0.513,0,0,0,0,0.0002,0,0,0,0.0001,0,0,0.0002,0.0001,0,0.0001,0.0001,0,0,0,0,0.3155,0.1715,0.3155,0.1715,1
0.6985,1.397,0.6985,0,0,0.6985,0,2.0955,0,0.6985,1.397,0,1.397,0,0.6985,1.397,2.0955,0.6985,0.6985,0,0,0.0001,0,0,0,0,0,0.0001,0,0,0.0001,0,0.0001,0,0,0.0001,0.0001,0,0,0,0.1697,0.1318,0.1697,0.1318,1
0,0,0.6735,0,0.6735,0.6735,0.6735,0.6735,0,4.0407,0,0,2.0204,0,0.6735,0.6735,0,1.3469,0,0,0,0,0.0001,0,0.0001,0.0001,0.0001,0.0001,0,0.0004,0,0,0.0002,0,0.0001,0.0001,0,0.0001,0,0,0.1688,0.1577,0.1688,0.1577,1
1.1885,0,0,1.9808,0,0.3962,0,0.7923,3.9616,0.7923,0.3962,0,0,0.3962,0,0,0.3962,0.7923,0.3962,0.3962,0.0001,0,0,0.0002,0,0,0,0.0001,0.0004,0.0001,0,0,0,0,0,0,0,0.0001,0,0,0.3017,0.3021,0.3017,0.3021,1
0.7685,0.7685,2.3054,0,0,0,0,0.7685,0,0,0.7685,0.7685,0,0,0,0.7685,0.7685,0,0,0,0.0001,0.0001,0.0002,0,0,0,0,0.0001,0,0,0.0001,0.0001,0,0,0,0.0001,0.0001,0,0,0,0.1031,0.1285,0.1031,0.1285,1
0.6269,0,1.2538,0.6269,1.2538,0,0,0.6269,0.6269,0,1.8807,0,0,0,1.2538,0,0.6269,0,0.6269,0,0.0001,0,0.0001,0.0001,0.0001,0,0,0.0001,0.0001,0,0.0002,0,0,0,0.0001,0,0.0001,0,0.0001,0,0.2083,0.1648,0.2083,0.1648,1
1.5599,0,0,0.52,0.52,1.0399,1.0399,0.52,1.5599,2.5998,0,0,1.0399,0,1.0399,0.52,0,2.0798,0,0,0.0001,0,0,0,0,0.0001,0.0001,0,0.0001,0.0002,0,0,0.0001,0,0.0001,0,0,0.0002,0,0,0.2076,0.2725,0.2076,0.2725,1
0.5373,0,0.5373,0,0,2.1493,0,0,0.5373,0.5373,0.5373,1.612,0,0,2.1493,0,0,0,0,0.5373,0.0001,0,0.0001,0,0,0.0002,0,0,0.0001,0.0001,0.0001,0.0002,0,0,0.0002,0,0,0,0,0.0001,0.2442,0.2184,0.2442,0.2184,1
2.8367,0,0,0.7092,0,0,0,0,2.1276,2.8367,0,0.7092,1.4184,0,1.4184,0.7092,0,1.4184,0,0,0.0003,0,0,0.0001,0,0,0,0,0.0002,0.0003,0,0.0001,0.0001,0,0.0001,0.0001,0,0.0001,0,0,0.1221,0.1687,0.1221,0.1687,1
0,0.6274,1.8821,0.6274,0.6274,0,0,0.6274,0,1.8821,0.6274,0.6274,0.6274,0,0,1.8821,0.6274,1.2548,0,0,0,0,0.0001,0,0,0,0,0,0,0.0001,0,0,0,0,0,0.0001,0,0.0001,0,0,0.1984,0.1742,0.1984,0.1742,1
0.6105,0,0,0,0,1.2209,0.6105,0.6105,0.6105,0,1.2209,0,1.8314,0.6105,1.8314,1.2209,1.8314,1.8314,0.6105,0.6105,0.0001,0,0,0,0,0.0001,0.0001,0.0001,0.0001,0,0.0001,0,0.0002,0.0001,0.0002,0.0001,0.0002,0.0002,0.0001,0.0001,0.2297,0.1598,0.2297,0.1598,1
1.464,0.488,0,0.976,0.488,0,0.976,0.488,0.488,2.44,0.488,0.488,1.464,0,1.464,0.976,0,0.976,0,0.488,0.0001,0,0,0.0001,0,0,0.0001,0,0,0.0002,0,0,0.0001,0,0.0001,0.0001,0,0.0001,0,0,0.269,0.243,0.269,0.243,1
1.2786,0,0,0,1.2786,0.6393,0,1.2786,1.9179,1.2786,0,0,0,0,0,0,0,0,0.6393,0,0.0002,0,0,0,0.0002,0.0001,0,0.0002,0.0002,0.0002,0,0,0,0,0,0,0,0,0.0001,0,0.1453,0.2155,0.1453,0.2155,1
0,1.3539,0.677,0,1.3539,1.3539,0,0.677,0.677,0,0,0,0,0,0.677,0.677,0.677,2.0309,0,0,0,0.0001,0,0,0.0001,0.0001,0,0,0,0,0,0,0,0,0,0,0,0.0001,0,0,0.189,0.1341,0.189,0.1341,1
1.6133,0,0,0,3.2266,0,0,0,3.2266,2.4199,0,0.8066,0,0,0,0,0,0,0,0,0.0003,0,0,0,0.0005,0,0,0,0.0005,0.0004,0,0.0001,0,0,0,0,0,0,0,0,0.0744,0.119,0.0744,0.119,1
2.1511,0,0,0,1.4341,2.1511,0,0,0,4.3022,0.717,0.717,0,0.717,0,0.717,0.717,0,0.717,0,0.0002,0,0,0,0.0001,0.0002,0,0,0,0.0003,0.0001,0.0001,0,0.0001,0,0.0001,0.0001,0,0.0001,0,0.1532,0.1297,0.1532,0.1297,1
0,0,0,0,2.5626,0,0,0,3.4167,3.4167,0,0,0.8542,0,0,0,0.8542,0,0,0,0,0,0,0,0.0006,0,0,0,0.0009,0.0009,0,0,0.0002,0,0,0,0.0002,0,0,0,0.048,0.0978,0.048,0.0978,1
2.5149,0.8383,0,0.8383,0.8383,0,0,0,0,2.5149,0.8383,0,0,2.5149,0,0,0,0,0,0,0.0002,0.0001,0,0.0001,0.0001,0,0,0,0,0.0002,0.0001,0,0,0.0002,0,0,0,0,0,0,0.0713,0.0904,0.0713,0.0904,1
0,0,0,0.6852,2.7409,2.0557,0,0.6852,0,1.3705,0.6852,0,0.6852,0,0,1.3705,0.6852,0.6852,0,0.6852,0,0,0,0,0.0002,0.0001,0,0,0,0.0001,0,0,0,0,0,0.0001,0,0,0,0,0.1295,0.1853,0.1295,0.1853,1
1.0892,0,0,0,0,0,0,1.0892,2.723,1.0892,0.5446,0,0,0,2.1784,0,0.5446,0,0.5446,0,0.0002,0,0,0,0,0,0,0.0002,0.0004,0.0002,0.0001,0,0,0,0.0003,0,0.0001,0,0.0001,0,0.1745,0.2809,0.1745,0.2809,1
0,0,0.4032,3.2253,0,0,0,1.2095,2.8222,0.4032,0,0.4032,0,0.8063,0,0.4032,0.4032,0.4032,0.8063,0.8063,0,0,0,0.0003,0,0,0,0.0001,0.0003,0,0,0,0,0.0001,0,0,0,0,0.0001,0.0001,0.2671,0.3298,0.2671,0.3298,1
1.1279,0.564,0,0,0,0,0,1.1279,1.6919,0,2.2559,0.564,0.564,0,1.6919,0,0.564,0.564,0,0.564,0.0001,0.0001,0,0,0,0,0,0.0001,0.0002,0,0.0002,0.0001,0.0001,0,0.0002,0,0.0001,0.0001,0,0.0001,0.2514,0.1847,0.2514,0.1847,1
1.4935,0,0.7468,0,0,2.2403,0,0,0,2.2403,0.7468,0,1.4935,0,0,0.7468,1.4935,1.4935,0.7468,0,0.0001,0,0.0001,0,0,0.0002,0,0,0,0.0002,0.0001,0,0.0001,0,0,0.0001,0.0001,0.0001,0.0001,0,0.1257,0.1275,0.1257,0.1275,1
0.4123,0.4123,1.649,0.8245,0,0.8245,0.4123,1.649,1.2368,0.8245,0.8245,0,0,0.8245,0.8245,0.4123,0.8245,0.4123,0,0,0,0,0.0001,0.0001,0,0.0001,0,0.0001,0.0001,0.0001,0.0001,0,0,0.0001,0.0001,0,0.0001,0,0,0,0.269,0.3187,0.269,0.3187,1
0,0.6158,0.6158,0,0,1.2317,0,0,1.8475,0,0.6158,0.6158,1.2317,0.6158,1.2317,1.2317,0.6158,0,1.2317,0.6158,0,0.0001,0.0001,0,0,0.0001,0,0,0.0002,0,0.0001,0.0001,0.0001,0.0001,0.0001,0.0001,0.0001,0,0.0001,0.0001,0.2049,0.1793,0.2049,0.1793,1
0.7083,2.1249,0,0,0.7083,0,0,0.7083,0,1.4166,0.7083,0,3.5416,0,0.7083,0.7083,0.7083,0.7083,0.7083,1.4166,0,0.0001,0,0,0,0,0,0,0,0.0001,0,0,0.0002,0,0,0,0,0,0,0.0001,0.1562,0.1355,0.1562,0.1355,1
0.9957,0.4978,0.4978,0.4978,0,0.9957,0.4978,0.4978,0.4978,0,0.9957,0.4978,0,0,1.9914,0,0.9957,0.9957,0,0.4978,0.0001,0,0,0,0,0.0001,0,0,0,0,0.0001,0,0,0,0.0002,0,0.0001,0.0001,0,0,0.3072,0.1949,0.3072,0.1949,1
0,0,0.4896,0.4896,0.9792,0.4896,0,0,1.4688,2.9376,0,0.4896,0,0.4896,1.4688,0,0,0.4896,0,0,0,0,0,0,0.0001,0,0,0,0.0001,0.0003,0,0,0,0,0.0001,0,0,0,0,0,0.2341,0.2763,0.2341,0.2763,1
0,0,0,0,3.7464,0,0,0.7493,0,2.9971,0,0,0,0,2.2479,0.7493,0,0.7493,0.7493,0,0,0,0,0,0.001,0,0,0.0002,0,0.0008,0,0,0,0,0.0006,0.0002,0,0.0002,0.0002,0,0.0922,0.1585,0.0922,0.1585,1
3.326,0,0,0,0,0,0,0,1.663,1.663,0,0,0.8315,0,1.663,0,0,1.663,0,0.8315,0.0007,0,0,0,0,0,0,0,0.0003,0.0003,0,0,0.0002,0,0.0003,0,0,0.0003,0,0.0002,0.0615,0.107,0.0615,0.107,1
1.0825,0.5413,0.5413,0,0.5413,1.6238,0,1.0825,0,0.5413,1.0825,1.6238,0.5413,0,2.165,0.5413,0.5413,0.5413,0,0,0.0001,0,0,0,0,0.0001,0,0.0001,0,0,0.0001,0.0001,0,0,0.0001,0,0,0,0,0,0.2193,0.2394,0.2193,0.2394,1
0,0.5612,0,1.1224,0,0,1.6836,0,0,0.5612,1.1224,0,2.2448,0,1.1224,1.1224,2.2448,1.6836,0,1.1224,0,0.0001,0,0.0001,0,0,0.0002,0,0,0.0001,0.0001,0,0.0002,0,0.0001,0.0001,0.0002,0.0002,0,0.0001,0.1892,0.2496,0.1892,0.2496,1
0.631,0.631,0,1.2621,0.631,1.2621,0,0,0,1.8931,0,0.631,0.631,0.631,0.631,0.631,0.631,1.2621,0,0,0.0001,0.0001,0,0.0001,0.0001,0.0001,0,0,0,0.0002,0,0.0001,0.0001,0.0001,0.0001,0.0001,0.0001,0.0001,0,0,0.1833,0.1856,0.1833,0.1856,1
0,0,1.3789,0,0.6894,1.3789,0,0,0.6894,0.6894,1.3789,1.3789,1.3789,0,0.6894,0.6894,2.0683,2.0683,0,0,0,0,0.0001,0,0.0001,0.0001,0,0,0.0001,0.0001,0.0001,0.0001,0.0001,0,0.0001,0.0001,0.0002,0.0002,0,0,0.1504,0.1601,0.1504,0.1601,1
2.4554,0,0,0.4911,0.4911,0.9822,0.4911,0,0.9822,3.9286,0.4911,0.4911,0,0,1.4732,0,0,0.4911,0,0.4911,0.0002,0,0,0,0,0.0001,0,0,0.0001,0.0003,0,0,0,0,0.0001,0,0,0,0,0,0.2047,0.3043,0.2047,0.3043,1
0,1.8367,0,0,1.2244,1.2244,0.6122,0,0,0.6122,1.2244,0,0,0,4.2855,0.6122,0,1.2244,0,0,0,0.0001,0,0,0.0001,0.0001,0,0,0,0,0.0001,0,0,0,0.0003,0,0,0.0001,0,0,0.1692,0.2186,0.1692,0.2186,1
0,0,0.546,0.546,0,2.7302,0,0.546,0,0,0.546,0.546,0,0.546,3.2762,0.546,0,0,0,0,0,0,0.0001,0.0001,0,0.0003,0,0.0001,0,0,0.0001,0.0001,0,0.0001,0.0004,0.0001,0,0,0,0,0.264,0.19,0.264,0.19,1
1.3396,0,0,0.6698,0.6698,0,0,1.3396,0,2.0093,0.6698,2.0093,0,0,1.3396,0.6698,0.6698,1.3396,0,0.6698,0.0001,0,0,0.0001,0.0001,0,0,0.0001,0,0.0002,0.0001,0.0002,0,0,0.0001,0.0001,0.0001,0.0001,0,0.0001,0.1617,0.1686,0.1617,0.1686,1
1.8176,0,0,0,1.3632,0,0,0.9088,2.7263,0.9088,0,0,0.4544,0,1.3632,0,0,1.3632,0,0,0.0002,0,0,0,0.0002,0,0,0.0001,0.0003,0.0001,0,0,0.0001,0,0.0002,0,0,0.0002,0,0,0.2262,0.3194,0.2262,0.3194,1
0.5176,0,2.0705,1.0353,0,0.5176,1.0353,0,1.5529,0,1.0353,0,1.0353,1.5529,0.5176,1.5529,1.0353,1.5529,0,0.5176,0,0,0.0002,0.0001,0,0,0.0001,0,0.0001,0,0.0001,0,0.0001,0.0001,0,0.0001,0.0001,0.0001,0,0,0.2272,0.2552,0.2272,0.2552,1
1.0317,0.5159,0.5159,0.5159,1.0317,0.5159,0.5159,0.5159,3.0952,0,1.0317,0.5159,0,0.5159,0.5159,0.5159,0.5159,1.0317,0,0,0.0001,0,0,0,0.0001,0,0,0,0.0003,0,0.0001,0,0,0,0,0,0,0.0001,0,0,0.2243,0.2599,0.2243,0.2599,1
1.1536,0,0.5768,0,0,2.8839,0,0,0.5768,1.1536,1.1536,0.5768,0,0.5768,4.6142,0,1.7303,0,0.5768,0.5768,0.0001,0,0.0001,0,0,0.0003,0,0,0.0001,0.0001,0.0001,0.0001,0,0.0001,0.0004,0,0.0002,0,0.0001,0.0001,0.2025,0.2207,0.2025,0.2207,1
2.6046,0,1.3023,0,0,1.3023,0,1.3023,1.3023,0,0,0,0.6512,0,0,0.6512,0,1.3023,0,0,0.0002,0,0.0001,0,0,0.0001,0,0.0001,0.0001,0,0,0,0.0001,0,0,0.0001,0,0.0001,0,0,0.1958,0.1531,0.1958,0.1531,1
0,4.2462,1.2132,0,0,0.6066,0,0,0,0.6066,1.2132,2.4264,1.2132,0,0.6066,1.2132,2.4264,1.8198,0,0.6066,0,0.0002,0,0,0,0,0,0,0,0,0,0.0001,0,0,0,0,0.0001,0.0001,0,0,0.1914,0.202,0.1914,0.202,1
2.6864,1.0746,0,0,0,1.6119,1.0746,0.5373,0.5373,0,1.0746,0.5373,1.6119,0.5373,0.5373,0,2.6864,1.0746,0.5373,0,0.0002,0.0001,0,0,0,0.0001,0.0001,0,0,0,0.0001,0,0.0001,0,0,0,0.0002,0.0001,0,0,0.2229,0.2398,0.2229,0.2398,1
2.4623,0,2.4623,0.8208,0,0,0,0.8208,0,0,0,0,0,0,0,0.8208,0.8208,2.4623,0,0.8208,0.0003,0,0.0003,0.0001,0,0,0,0.0001,0,0,0,0,0,0,0,0.0001,0.0001,0.0003,0,0.0001,0.0685,0.1107,0.0685,0.1107,1
0,0.4433,0.8865,0.4433,0.8865,0.4433,0.4433,0.8865,0,0.8865,0,0,1.7731,0.4433,2.2163,0,0.8865,1.7731,0.4433,0,0,0,0.0001,0,0.0001,0,0,0.0001,0,0.0001,0,0,0.0002,0,0.0002,0,0.0001,0.0002,0,0,0.2731,0.2836,0.2731,0.2836,1
1.2307,1.2307,2.4615,0.6154,0.6154,0,0,0,0,1.2307,0,0.6154,2.4615,0,0.6154,0,0,0,1.2307,0,0.0001,0.0001,0.0001,0,0,0,0,0,0,0.0001,0,0,0.0001,0,0,0,0,0,0.0001,0,0.2107,0.1739,0.2107,0.1739,1
0,0,0,0,1.1703,0,0.5851,1.1703,1.1703,0.5851,1.1703,0.5851,0.5851,0,3.5108,0,2.9257,1.7554,0,1.1703,0,0,0,0,0.0001,0,0.0001,0.0001,0.0001,0.0001,0.0001,0.0001,0.0001,0,0.0004,0,0.0003,0.0002,0,0.0001,0.2074,0.2075,0.2074,0.2075,1
2.3075,0.7692,1.5383,0,0,0,0.7692,0,0,0,0,0,0,0,0,0.7692,1.5383,2.3075,0,0.7692,0.0002,0.0001,0.0002,0,0,0,0.0001,0,0,0,0,0,0,0,0,0.0001,0.0002,0.0002,0,0.0001,0.097,0.1339,0.097,0.1339,1
1.3433,0.6716,0,0.6716,1.3433,1.3433,0,0,0,1.3433,0.6716,0,2.0149,0,1.3433,0,2.0149,0.6716,0,0,0.0001,0.0001,0,0.0001,0.0001,0.0001,0,0,0,0.0001,0.0001,0,0.0002,0,0.0001,0,0.0002,0.0001,0,0,0.2189,0.1095,0.2189,0.1095,1
0.6259,0,0.6259,0,0.6259,3.1296,0,0,0.6259,1.8778,0.6259,0.6259,1.2519,0,1.2519,0,0.6259,0.6259,0,0,0.0001,0,0.0001,0,0.0001,0.0003,0,0,0.0001,0.0002,0.0001,0.0001,0.0001,0,0.0001,0,0.0001,0.0001,0,0,0.1749,0.1992,0.1749,0.1992,1
0,0,0,0,0,2.6529,1.3264,0,0.6632,0.6632,0,0,0,0,0,1.9896,0,0.6632,0.6632,0,0,0,0,0,0,0.0003,0.0001,0,0.0001,0.0001,0,0,0,0,0,0.0002,0,0.0001,0.0001,0,0.1907,0.1461,0.1907,0.1461,1
2.0571,0,0,1.3714,0,3.4285,0,0.6857,0,2.7428,0.6857,0,0,0,0,0.6857,0.6857,0.6857,0,0,0.0002,0,0,0.0001,0,0.0003,0,0.0001,0,0.0002,0.0001,0,0,0,0,0.0001,0.0001,0.0001,0,0,0.1596,0.1547,0.1596,0.1547,1
0.594,0,1.7819,0.594,0,0,0,0,0.594,2.3759,0,0.594,0,0,0.594,0.594,0,1.1879,0.594,0,0,0,0.0001,0,0,0,0,0,0,0.0002,0,0,0,0,0,0,0,0.0001,0,0,0.2316,0.1744,0.2316,0.1744,1
0.912,0,0.912,2.28,0,0.456,0,0.456,0.912,3.192,0,2.28,0,0,0.456,0.456,0.456,0.456,0,0,0.0001,0,0.0001,0.0001,0,0,0,0,0.0001,0.0002,0,0.0001,0,0,0,0,0,0,0,0,0.2586,0.2854,0.2586,0.2854,1
0,0,1.8065,0,1.8065,0.6022,0,0.6022,0.6022,0.6022,0.6022,0,0,0,0.6022,0,1.8065,0,0,0,0,0,0.0002,0,0.0002,0.0001,0,0.0001,0.0001,0.0001,0.0001,0,0,0,0.0001,0,0.0002,0,0,0,0.2015,0.1963,0.2015,0.1963,1
1.148,1.148,0.574,0.574,0,0,1.148,0.574,0,0.574,0,0,0,1.722,1.148,1.148,0.574,0,0,0,0.0001,0.0001,0.0001,0.0001,0,0,0.0001,0.0001,0,0.0001,0,0,0,0.0002,0.0001,0.0001,0.0001,0,0,0,0.2034,0.2226,0.2034,0.2226,1
2.8298,0.7074,0,0,0.7074,0,0.7074,2.1223,0.7074,0.7074,0.7074,1.4149,1.4149,0,0.7074,0.7074,0.7074,0.7074,0,0,0.0002,0.0001,0,0,0.0001,0,0.0001,0.0002,0.0001,0.0001,0.0001,0.0001,0.0001,0,0.0001,0.0001,0.0001,0.0001,0,0,0.1416,0.1509,0.1416,0.1509,1
1.1357,1.7035,0.5678,0,1.1357,1.7035,0.5678,0.5678,0.5678,0.5678,0.5678,0.5678,0.5678,0,0.5678,1.1357,2.8392,1.1357,0,0.5678,0.0001,0.0001,0,0,0.0001,0.0001,0,0,0,0,0,0,0,0,0,0.0001,0.0001,0.0001,0,0,0.1884,0.2438,0.1884,0.2438,1
2.7915,0,0,0,2.2332,3.3498,0.5583,0,0.5583,1.1166,0,0,0,0.5583,0.5583,1.1166,0.5583,0.5583,0,0,0.0002,0,0,0,0.0002,0.0003,0,0,0,0.0001,0,0,0,0,0,0.0001,0,0,0,0,0.2158,0.2259,0.2158,0.2259,1
0.5215,2.6075,0,0,2.086,1.043,1.043,0.5215,0,0.5215,0.5215,0,0,0,1.5645,0,1.043,0,0.5215,0.5215,0,0.0001,0,0,0.0001,0.0001,0.0001,0,0,0,0,0,0,0,0.0001,0,0.0001,0,0,0,0.2732,0.2053,0.2732,0.2053,1
0,0,0,0.6035,0,1.8106,0,0,0,1.207,0,0,1.207,0,1.8106,1.8106,0.6035,0,1.8106,0,0,0,0,0.0001,0,0.0002,0,0,0,0.0001,0,0,0.0001,0,0.0002,0.0002,0.0001,0,0.0002,0,0.2008,0.1957,0.2008,0.1957,1
2.6959,0.674,0,2.6959,0,0.674,0,0.674,0,1.348,0,0,0.674,0.674,0,0,2.022,0.674,0,0,0.0002,0.0001,0,0.0002,0,0.0001,0,0.0001,0,0.0001,0,0,0.0001,0.0001,0,0,0.0002,0.0001,0,0,0.1688,0.1572,0.1688,0.1572,1
0.8567,0.4283,0.8567,0.4283,0.4283,0,0.4283,2.1416,1.285,0.8567,1.285,0,0.8567,0,0.8567,0.8567,0.4283,0,0.4283,0.4283,0.0001,0,0.0001,0,0,0,0,0.0001,0.0001,0.0001,0.0001,0,0.0001,0,0.0001,0.0001,0,0,0,0,0.2503,0.3213,0.2503,0.3213,1
1.3344,0,0,0.8896,0.8896,0.8896,0.4448,0.4448,1.3344,1.7793,0,0,0,0,3.5585,0.8896,0,0,0,0,0.0001,0,0,0.0001,0.0001,0.0001,0,0,0.0001,0.0002,0,0,0,0,0.0004,0.0001,0,0,0,0,0.2575,0.2977,0.2575,0.2977,1
2.0782,0,0,1.3855,0,0,0,0,0,0.6927,0.6927,0,0,0.6927,0.6927,0.6927,0.6927,2.0782,0,0.6927,0.0003,0,0,0.0002,0,0,0,0,0,0.0001,0.0001,0,0,0.0001,0.0001,0.0001,0.0001,0.0003,0,0.0001,0.1804,0.1268,0.1804,0.1268,1
0.7238,0,0,0,0.7238,0,0,0.7238,2.1714,0,0,0,0,0.7238,0.7238,0.7238,0,0.7238,0,0,0.0002,0,0,0,0.0002,0,0,0.0002,0.0005,0,0,0,0,0.0002,0.0002,0.0002,0,0.0002,0,0,0.1788,0.0974,0.1788,0.0974,1
0,0,0,0,0,0,0,0,1.8936,1.2624,0.6312,0,3.156,0,1.2624,0,0,0,1.2624,1.2624,0,0,0,0,0,0,0,0,0.0002,0.0001,0.0001,0,0.0004,0,0.0001,0,0,0,0.0001,0.0001,0.1925,0.1763,0.1925,0.1763,1
1.3775,0,0,0,1.3775,0,0,1.3775,2.755,0.6887,1.3775,0,0.6887,0,1.3775,0,1.3775,2.0662,0,0,0.0003,0,0,0,0.0003,0,0,0.0003,0.0005,0.0001,0.0003,0,0.0001,0,0.0003,0,0.0003,0.0004,0,0,0.1392,0.172,0.1392,0.172,1
1.2339,1.2339,0,0.6169,1.2339,0,0.6169,0,1.2339,0,3.0847,1.2339,0,0,0,0,1.2339,0.6169,0,0.6169,0.0001,0.0001,0,0,0.0001,0,0,0,0.0001,0,0.0002,0.0001,0,0,0,0,0.0001,0,0,0,0.2265,0.1566,0.2265,0.1566,1
0.8631,0,0,0,3.4524,0,0,0,3.4524,1.7262,0.8631,0,0,0,0,0,0,0.8631,0,0,0.0003,0,0,0,0.0011,0,0,0,0.0011,0.0006,0.0003,0,0,0,0,0,0,0.0003,0,0,0.0569,0.08,0.0569,0.08,1
0.9185,0,0,0,1.8369,1.3777,1.8369,0.4592,0.4592,1.8369,0,0,0,0,2.2962,0,0.4592,0,0,0,0.0001,0,0,0,0.0002,0.0001,0.0002,0,0,0.0002,0,0,0,0,0.0002,0,0,0,0,0,0.2252,0.3156,0.2252,0.3156,1
0.9676,0.9676,1.9352,1.4514,1.4514,0,0.9676,1.4514,0.4838,0.4838,0.4838,0.4838,0,0.9676,0,0.4838,0.4838,0,0.4838,0.9676,0.0001,0.0001,0.0001,0.0001,0.0001,0,0.0001,0.0001,0,0,0,0,0,0.0001,0,0,0,0,0,0.0001,0.2494,0.2668,0.2494,0.2668,1
1.5559,0,0.7779,0,0,0,0,0,3.1118,0,0,0,0,0,0,0,0.7779,3.1118,0,0.7779,0.0003,0,0.0001,0,0,0,0,0,0.0005,0,0,0,0,0,0,0,0.0001,0.0005,0,0.0001,0.1081,0.1139,0.1081,0.1139,1
0.5507,1.1015,1.1015,0.5507,0.5507,0,0.5507,0.5507,1.6522,0.5507,0.5507,0,0,0,0.5507,0.5507,0,0.5507,0.5507,0,0,0.0001,0.0001,0,0,0,0,0,0.0001,0,0,0,0,0,0,0,0,0,0,0,0.2124,0.2369,0.2124,0.2369,1
0.9925,0,0,1.4887,0,0,0.9925,0.4962,0,3.4737,0,0,3.4737,0,1.4887,0.4962,0,1.4887,0,0,0.0001,0,0,0.0002,0,0,0.0001,0.0001,0,0.0004,0,0,0.0004,0,0.0002,0.0001,0,0.0002,0,0,0.2742,0.2295,0.2742,0.2295,1
0.528,0.528,0,0,1.584,1.056,1.056,1.056,1.056,1.056,1.056,1.056,0,0,1.056,0,0.528,1.056,0,0.528,0,0,0,0,0.0001,0.0001,0.0001,0.0001,0.0001,0.0001,0.0001,0.0001,0,0,0.0001,0,0,0.0001,0,0,0.232,0.24,0.232,0.24,1
0.5389,0,1.0779,0,1.6168,1.0779,0,0.5389,1.6168,1.6168,0,1.0779,0.5389,0,0,0,0,0,1.0779,0,0,0,0.0001,0,0.0001,0.0001,0,0,0.0001,0.0001,0,0.0001,0,0,0,0,0,0,0.0001,0,0.2316,0.2294,0.2316,0.2294,1
0,0.5333,1.5998,0.5333,0.5333,0,0,0,0.5333,2.6664,0,0,0,0,0.5333,1.0665,0,0,1.5998,0,0,0,0.0001,0,0,0,0,0,0,0.0001,0,0,0,0,0,0.0001,0,0,0.0001,0,0.2312,0.2355,0.2312,0.2355,1
0.9429,0.9429,0.9429,0,1.4144,1.4144,0.9429,0.4715,0.4715,1.4144,0,0.4715,1.4144,0,0.4715,0,0.9429,1.4144,0.4715,0,0.0001,0.0001,0.0001,0,0.0001,0.0001,0.0001,0,0,0.0001,0,0,0.0001,0,0,0,0.0001,0.0001,0,0,0.2628,0.2657,0.2628,0.2657,1
0,0,0,1.3203,1.3203,0.6601,0.6601,0,1.9804,0,1.9804,0,0,0,1.9804,0,0.6601,0.6601,0,0,0,0,0,0.0002,0.0002,0.0001,0.0001,0,0.0003,0,0.0003,0,0,0,0.0003,0,0.0001,0.0001,0,0,0.1308,0.209,0.1308,0.209,1
0.5964,0,0.5964,1.7891,1.7891,0,0,0.5964,0,0.5964,0,1.1927,0,0,0.5964,0,0.5964,2.3854,0,1.1927,0.0001,0,0.0001,0.0002,0.0002,0,0,0.0001,0,0.0001,0,0.0001,0,0,0.0001,0,0.0001,0.0002,0,0.0001,0.1918,0.2119,0.1918,0.2119,1
2.5161,0,0,0.629,0.629,2.5161,0.629,0,0.629,5.0322,0,0.629,1.2581,0,0,0,0,1.2581,0,0,0.0002,0,0,0,0,0.0002,0,0,0,0.0003,0,0,0.0001,0,0,0,0,0.0001,0,0,0.1576,0.2133,0.1576,0.2133,1
1.2558,4.3953,0,1.2558,0.6279,1.8837,0,1.2558,0.6279,1.2558,0.6279,0,1.8837,0.6279,0,1.2558,0,1.2558,0,0.6279,0,0.0002,0,0,0,0.0001,0,0,0,0,0,0,0.0001,0,0,0,0,0,0,0,0.1678,0.2043,0.1678,0.2043,1
0.6135,0.6135,1.8404,0.6135,0,0,1.2269,0,1.2269,0.6135,0.6135,0,1.2269,0,0,1.2269,1.2269,1.2269,0,0,0.0001,0.0001,0.0002,0.0001,0,0,0.0001,0,0.0001,0.0001,0.0001,0,0.0001,0,0,0.0001,0.0001,0.0001,0,0,0.2323,0.1542,0.2323,0.1542,1
1.5899,0,1.5899,0,0,0,0,0,0,0.795,0,0,0,0,0,3.9748,0,2.3849,0,1.5899,0.0001,0,0.0001,0,0,0,0,0,0,0.0001,0,0,0,0,0,0.0003,0,0.0002,0,0.0001,0.1064,0.0986,0.1064,0.0986,1
0.4254,0.4254,0,0,1.7016,0,0,0,3.4032,0.8508,0.8508,0.4254,0,0,0.8508,0.4254,0.4254,0.8508,0,0.8508,0,0,0,0,0.0002,0,0,0,0.0003,0.0001,0.0001,0,0,0,0.0001,0,0,0.0001,0,0.0001,0.2305,0.3441,0.2305,0.3441,1
0,0.5281,1.0563,0.5281,0.5281,0,0,1.0563,0.5281,1.5844,0,0.5281,0,0.5281,0.5281,1.0563,0,0,1.5844,0,0,0,0.0001,0,0,0,0,0.0001,0,0.0001,0,0,0,0,0,0.0001,0,0,0.0001,0,0.2525,0.2194,0.2525,0.2194,1
0,1.123,0.5615,0.5615,0,0,1.123,1.123,1.123,0.5615,1.6846,1.123,0.5615,1.123,0.5615,1.123,0,0.5615,0.5615,0.5615,0,0.0001,0,0,0,0,0.0001,0.0001,0.0001,0,0.0001,0.0001,0,0.0001,0,0.0001,0,0,0,0,0.2126,0.2259,0.2126,0.2259,1
1.4994,0.7497,0,0,2.2491,0,1.4994,0.7497,0,2.9988,0.7497,1.4994,0,0,0,2.2491,0,0.7497,0,0,0.0001,0.0001,0,0,0.0002,0,0.0001,0.0001,0,0.0002,0.0001,0.0001,0,0,0,0.0002,0,0.0001,0,0,0.1657,0.0846,0.1657,0.0846,1
1.6831,0,0,0,2.5247,0,0,0,3.3662,2.5247,0,0,0,0,0,0,0,0.8416,0,0,0.0004,0,0,0,0.0006,0,0,0,0.0008,0.0006,0,0,0,0,0,0,0,0.0002,0,0,0.0559,0.1025,0.0559,0.1025,1
0,0.4441,0.4441,2.6645,0,0,0,1.3322,2.6645,0.4441,0.4441,0,0,0,0,0.4441,0.8882,0,0.8882,0.4441,0,0,0,0.0002,0,0,0,0.0001,0.0002,0,0,0,0,0,0,0,0.0001,0,0.0001,0,0.2398,0.3161,0.2398,0.3161,1
4.4236,0,0.7373,0,0,0,0,0,1.4745,2.9491,0,0.7373,1.4745,0,1.4745,0,0,1.4745,0,0,0.0005,0,0.0001,0,0,0,0,0,0.0002,0.0004,0,0.0001,0.0002,0,0.0002,0,0,0.0002,0,0,0.1079,0.1548,0.1079,0.1548,1
0.5634,3.3802,0,0.5634,0,1.6901,0,1.1267,1.1267,0.5634,0,1.1267,1.1267,0,0.5634,2.2535,0,1.6901,0.5634,0.5634,0,0.0001,0,0,0,0.0001,0,0,0,0,0,0,0,0,0,0.0001,0,0.0001,0,0,0.2269,0.2097,0.2269,0.2097,1
1.0782,1.0782,2.1565,0,1.0782,1.6174,0,0.5391,1.0782,1.0782,1.0782,0,1.0782,0,0,0,0.5391,1.0782,0,0.5391,0.0001,0.0001,0.0001,0,0.0001,0.0001,0,0,0.0001,0.0001,0.0001,0,0.0001,0,0,0,0,0.0001,0,0,0.2321,0.2288,0.2321,0.2288,1
0.9367,0,0.9367,0,0.4683,0.4683,0.9367,0.4683,1.405,0,0.9367,0,1.405,0,2.3416,0,1.405,0.9367,0,0.4683,0.0001,0,0.0001,0,0,0,0.0001,0,0.0001,0,0.0001,0,0.0001,0,0.0002,0,0.0001,0.0001,0,0,0.2354,0.2962,0.2354,0.2962,1
1.2607,0,0,1.2607,1.8911,0,0,1.2607,1.2607,0.6304,0.6304,0,2.5215,0,0,0.6304,0,1.2607,0,0,0.0001,0,0,0.0001,0.0002,0,0,0.0001,0.0001,0.0001,0.0001,0,0.0003,0,0,0.0001,0,0.0001,0,0,0.2297,0.1399,0.2297,0.1399,1
2.1069,0.5267,0.5267,0.5267,0.5267,0,0.5267,0,0,3.6871,0,0,5.7939,0,1.5802,0,0,0,0,0,0.0002,0.0001,0.0001,0.0001,0.0001,0,0.0001,0,0,0.0004,0,0,0.0006,0,0.0002,0,0,0,0,0,0.2503,0.2229,0.2503,0.2229,1
0.6581,0.6581,0,1.3161,1.9742,0,0,1.3161,0.6581,0.6581,0.6581,0.6581,2.6323,0,0,0.6581,0,1.3161,0,0,0,0,0,0.0001,0.0001,0,0,0.0001,0,0,0,0,0.0002,0,0,0,0,0.0001,0,0,0.18,0.1619,0.18,0.1619,1
0,0,0.5572,1.6715,1.6715,1.1144,1.1144,0,0.5572,0,0.5572,2.2287,1.6715,0.5572,0.5572,0.5572,0,0.5572,0,0,0,0,0.0001,0.0002,0.0002,0.0001,0.0001,0,0.0001,0,0.0001,0.0002,0.0002,0.0001,0.0001,0.0001,0,0.0001,0,0,0.3016,0.1413,0.3016,0.1413,1
0.5756,0,0.5756,0,1.1512,0,0.5756,0.5756,1.7268,1.1512,0,0.5756,1.1512,1.1512,0,0,0,1.7268,1.1512,0.5756,0.0001,0,0.0001,0,0.0001,0,0.0001,0.0001,0.0002,0.0001,0,0.0001,0.0001,0.0001,0,0,0,0.0002,0.0001,0.0001,0.1738,0.2506,0.1738,0.2506,1
0,0,0.7131,0.7131,0.7131,0,0,2.1393,0.7131,3.5655,1.4262,0,0,0,0,0,0,0.7131,0,0,0,0,0.0001,0.0001,0.0001,0,0,0.0003,0.0001,0.0005,0.0002,0,0,0,0,0,0,0.0001,0,0,0.1702,0.1167,0.1702,0.1167,1
0,0,0.5859,0,0,2.3437,0.5859,1.7578,0,0.5859,0.5859,1.1718,0,0,2.3437,0.5859,0.5859,1.1718,0,0,0,0,0.0001,0,0,0.0002,0.0001,0.0002,0,0.0001,0.0001,0.0001,0,0,0.0002,0.0001,0.0001,0.0001,0,0,0.208,0.2061,0.208,0.2061,1
0,0,0,0,0,0.662,0,0.662,0.662,0,0,1.3241,3.9722,0,1.3241,0.662,0.662,1.9861,0,0.662,0,0,0,0,0,0.0001,0,0.0001,0.0001,0,0,0.0001,0.0004,0,0.0001,0.0001,0.0001,0.0002,0,0.0001,0.1541,0.1839,0.1541,0.1839,1
0.5436,0,0.5436,0,1.0872,0.5436,0,1.0872,1.0872,1.0872,0.5436,0.5436,0.5436,0.5436,2.1744,0,0,1.0872,0,0,0.0001,0,0.0001,0,0.0001,0.0001,0,0.0001,0.0001,0.0001,0.0001,0.0001,0.0001,0.0001,0.0002,0,0,0.0001,0,0,0.2172,0.2392,0.2172,0.2392,1
0.5188,0,0,0,0,2.0753,0,0,0.5188,0.5188,0.5188,0.5188,1.0377,0,4.1506,0.5188,0,0,0,0,0.0001,0,0,0,0,0.0003,0,0,0.0001,0.0001,0.0001,0.0001,0.0001,0,0.0005,0.0001,0,0,0,0,0.3068,0.1743,0.3068,0.1743,1
2.0948,1.5711,1.0474,0,0.5237,1.0474,1.0474,0,0,0.5237,0.5237,0.5237,1.0474,0.5237,0.5237,0.5237,0.5237,2.0948,0.5237,1.0474,0.0001,0.0001,0.0001,0,0,0.0001,0.0001,0,0,0,0,0,0.0001,0,0,0,0,0.0001,0,0.0001,0.2245,0.2518,0.2245,0.2518,1
1.9306,0,0,0.6435,0.6435,1.2871,0.6435,1.2871,0.6435,1.2871,0.6435,0,0.6435,0,0,0.6435,1.9306,1.9306,0,0,0.0002,0,0,0.0001,0.0001,0.0001,0.0001,0.0001,0.0001,0.0001,0.0001,0,0.0001,0,0,0.0001,0.0002,0.0002,0,0,0.1687,0.1878,0.1687,0.1878,1
2.9435,1.1774,0,0,1.7661,1.7661,1.1774,0,0,1.7661,0,0.5887,0,1.1774,1.1774,0,0.5887,0.5887,0,0,0.0002,0.0001,0,0,0.0001,0.0001,0.0001,0,0,0.0001,0,0,0,0.0001,0.0001,0,0,0,0,0,0.1926,0.2187,0.1926,0.2187,1
0,1.3266,1.3266,0,0.6633,0,0,0,0,3.3165,0,0,0,1.9899,0.6633,0.6633,1.3266,1.9899,0.6633,0,0,0.0001,0.0001,0,0,0,0,0,0,0.0002,0,0,0,0.0001,0,0,0.0001,0.0001,0,0,0.1824,0.1542,0.1824,0.1542,1
0.5993,0.5993,1.1986,0,0,0.5993,0,1.7979,0,1.7979,0,1.1986,0.5993,0,0.5993,0,0.5993,0,1.7979,1.1986,0,0,0.0001,0,0,0,0,0.0001,0,0.0001,0,0.0001,0,0,0,0,0,0,0.0001,0.0001,0.1799,0.2208,0.1799,0.2208,1
0,0,0.5394,0.5394,1.0787,0.5394,1.0787,0.5394,2.1575,0,0.5394,0,1.0787,0,0,1.0787,0.5394,1.6181,0,0,0,0,0.0001,0.0001,0.0001,0.0001,0.0001,0.0001,0.0002,0,0.0001,0,0.0001,0,0,0.0001,0.0001,0.0002,0,0,0.2057,0.2549,0.2057,0.2549,1
2.3238,0,1.1619,0.581,0.581,0.581,0,0.581,0.581,0.581,0.581,1.1619,0,1.1619,0,1.1619,0.581,0,0.581,0,0.0002,0,0.0001,0,0,0,0,0,0,0,0,0.0001,0,0.0001,0,0.0001,0,0,0,0,0.2279,0.1911,0.2279,0.1911,1
0.4893,0,0.4893,0.9786,1.9573,0,0.4893,0,0.9786,0,1.468,0,0,0,2.4466,0.4893,1.468,0.4893,0.9786,0.4893,0,0,0,0.0001,0.0002,0,0,0,0.0001,0,0.0001,0,0,0,0.0002,0,0.0001,0,0.0001,0,0.2758,0.2349,0.2758,0.2349,1
1.6459,0,0.5486,0.5486,1.0973,0,0.5486,0,1.0973,0,0.5486,0.5486,0,0,3.2918,0.5486,0.5486,1.0973,0,2.1945,0.0002,0,0.0001,0.0001,0.0001,0,0.0001,0,0.0001,0,0.0001,0.0001,0,0,0.0004,0.0001,0.0001,0.0001,0,0.0003,0.2621,0.1893,0.2621,0.1893,1
0,0,0.5907,0.5907,0,0.5907,0.5907,0,4.1347,0.5907,0,0,0,0,2.9534,0,0,0.5907,0.5907,1.1813,0,0,0.0001,0.0001,0,0.0001,0.0001,0,0.0006,0.0001,0,0,0,0,0.0004,0,0,0.0001,0.0001,0.0002,0.2165,0.1928,0.2165,0.1928,1
0.503,0,2.0121,0.503,0.503,1.0061,0.503,0,0,3.5212,0,1.5091,0.503,0.503,0.503,0,0.503,0,0,0.503,0,0,0.0001,0,0,0.0001,0,0,0,0.0002,0,0.0001,0,0,0,0,0,0,0,0,0.24,0.257,0.24,0.257,1
1.8302,0,0,0,0,0,0,1.2201,2.4402,1.2201,0.6101,0,0,0,0,0.6101,0.6101,0.6101,0.6101,0.6101,0.0002,0,0,0,0,0,0,0.0002,0.0003,0.0002,0.0001,0,0,0,0,0.0001,0.0001,0.0001,0.0001,0.0001,0.1686,0.2214,0.1686,0.2214,1
1.0154,1.0154,0,0,1.5231,0.5077,1.0154,0,3.5539,0,1.0154,0,0,0.5077,2.0308,0,1.5231,0,0.5077,0,0.0001,0.0001,0,0,0.0001,0,0.0001,0,0.0003,0,0.0001,0,0,0,0.0002,0,0.0001,0,0,0,0.2212,0.2711,0.2212,0.2711,1
2.5783,0,0,0,0.8594,0,0,0,3.4377,0.8594,0,0,0.8594,0,0,0,0,2.5783,0,0,0.0008,0,0,0,0.0003,0,0,0,0.001,0.0003,0,0,0.0003,0,0,0,0,0.0008,0,0,0.0538,0.0868,0.0538,0.0868,1
3.2019,0,0.5337,0,0,1.0673,0,1.601,0.5337,0.5337,0,0,1.0673,0.5337,1.601,0.5337,0,1.0673,0.5337,0.5337,0.0002,0,0,0,0,0.0001,0,0.0001,0,0,0,0,0.0001,0,0.0001,0,0,0.0001,0,0,0.2189,0.2474,0.2189,0.2474,1
0,0.7689,0,0,0,0.7689,0.7689,0.7689,0.7689,0.7689,0,0.7689,0.7689,0.7689,0,0.7689,1.5378,2.3067,0,0,0,0.0001,0,0,0,0.0001,0.0001,0.0001,0.0001,0.0001,0,0.0001,0.0001,0.0001,0,0.0001,0.0002,0.0003,0,0,0.0949,0.1362,0.0949,0.1362,1
0,0.5904,0,0.5904,0.5904,0.5904,0,0,1.1807,0,0.5904,1.1807,0.5904,0,1.1807,0,0.5904,0.5904,0.5904,0,0,0.0001,0,0.0001,0.0001,0.0001,0,0,0.0001,0,0.0001,0.0001,0.0001,0,0.0001,0,0.0001,0.0001,0.0001,0,0.2611,0.1486,0.2611,0.1486,1
0,0,0,0,0,2.8592,1.7155,0,0.5718,0,0,0,0.5718,0.5718,1.1437,0.5718,0,1.1437,0,0,0,0,0,0,0,0.0004,0.0002,0,0.0001,0,0,0,0.0001,0.0001,0.0002,0.0001,0,0.0002,0,0,0.2185,0.2096,0.2185,0.2096,1
1.9011,0,0.6337,0.6337,0.6337,3.1685,0,0,0,2.5348,0.6337,0.6337,0.6337,0,0,1.9011,1.2674,0.6337,0.6337,0,0.0001,0,0,0,0,0.0002,0,0,0,0.0002,0,0,0,0,0,0.0001,0.0001,0,0,0,0.1802,0.1861,0.1802,0.1861,1
0,0.5359,1.6078,0.5359,0.5359,0,0,0.5359,0.5359,1.6078,0,0,0,0,0.5359,1.0719,0,0.5359,1.6078,0,0,0,0.0001,0,0,0,0,0,0,0.0001,0,0,0,0,0,0.0001,0,0,0.0001,0,0.2316,0.2325,0.2316,0.2325,1
0,0.5522,0,0,0.5522,0,0,0,0.5522,2.2088,0,0,0.5522,0,2.2088,0,1.1044,1.1044,0.5522,0.5522,0,0.0001,0,0,0.0001,0,0,0,0.0001,0.0003,0,0,0.0001,0,0.0003,0,0.0001,0.0001,0.0001,0.0001,0.2269,0.2209,0.2269,0.2209,1
0.6209,0.6209,0.6209,0.6209,0,0.6209,0,0,0.6209,0.6209,0.6209,0.6209,0,0,1.2418,1.2418,0,0,0,0,0.0001,0.0001,0.0001,0.0001,0,0.0001,0,0,0.0001,0.0001,0.0001,0.0001,0,0,0.0001,0.0001,0,0,0,0,0.176,0.2031,0.176,0.2031,1
2.3253,0.5813,0,0,0,0.5813,2.3253,0,1.1626,0.5813,1.1626,0,1.1626,0,1.744,0,0.5813,3.4879,0,0,0.0002,0.0001,0,0,0,0.0001,0.0002,0,0.0001,0.0001,0.0001,0,0.0001,0,0.0002,0,0.0001,0.0003,0,0,0.2599,0.1588,0.2599,0.1588,1
0,0.4263,0.8526,2.9841,0,0,0,1.2789,2.5578,0.4263,0.4263,0.4263,0,0.8526,0,0.4263,0.8526,0,0.8526,0.4263,0,0,0.0001,0.0002,0,0,0,0.0001,0.0002,0,0,0,0,0.0001,0,0,0.0001,0,0.0001,0,0.2467,0.327,0.2467,0.327,1
0,0,0.7073,0,0.7073,1.4146,0.7073,0.7073,0,0,2.122,0.7073,2.122,0,0.7073,0,0.7073,2.122,0,1.4146,0,0,0.0001,0,0.0001,0.0002,0.0001,0.0001,0,0,0.0002,0.0001,0.0002,0,0.0001,0,0.0001,0.0002,0,0.0002,0.1582,0.1345,0.1582,0.1345,1
0.5883,1.1765,1.1765,0,0,0.5883,0.5883,0,0.5883,1.1765,0.5883,1.1765,0,0,1.1765,0.5883,0.5883,1.7648,0,0.5883,0,0.0001,0.0001,0,0,0,0,0,0,0.0001,0,0.0001,0,0,0.0001,0,0,0.0001,0,0,0.191,0.2208,0.191,0.2208,1
0,1.3123,0,0.6562,0,0.6562,0,0.6562,0.6562,1.3123,0,0,0.6562,0,0.6562,0,1.3123,1.3123,0.6562,0,0,0.0001,0,0.0001,0,0.0001,0,0.0001,0.0001,0.0001,0,0,0.0001,0,0.0001,0,0.0001,0.0001,0.0001,0,0.1694,0.1745,0.1694,0.1745,1
1.5541,0,0,0,1.0361,2.5902,1.0361,0.518,1.0361,1.0361,0,0.518,1.0361,0.518,0,1.0361,0.518,2.5902,0.518,0,0.0001,0,0,0,0.0001,0.0002,0.0001,0,0.0001,0.0001,0,0,0.0001,0,0,0.0001,0,0.0002,0,0,0.2533,0.2286,0.2533,0.2286,1
0.5556,0,0.5556,0.5556,1.1112,0.5556,0.5556,0,1.6669,1.1112,0,2.2225,1.1112,0,0,0,0,0,0,1.1112,0,0,0,0,0.0001,0,0,0,0.0001,0.0001,0,0.0002,0.0001,0,0,0,0,0,0,0.0001,0.2304,0.214,0.2304,0.214,1
3.8792,0,0,0,0,2.3275,0,0.7758,0.7758,1.5517,0,0,0.7758,0,1.5517,1.5517,0.7758,2.3275,0,0,0.0004,0,0,0,0,0.0002,0,0.0001,0.0001,0.0001,0,0,0.0001,0,0.0001,0.0001,0.0001,0.0002,0,0,0.089,0.1352,0.089,0.1352,1
0.5593,1.6779,0.5593,0,1.1186,0.5593,0,0,0,0.5593,1.6779,0,0.5593,0.5593,1.6779,0.5593,2.7965,0.5593,0.5593,0,0,0.0001,0,0,0.0001,0,0,0,0,0,0.0001,0,0,0,0.0001,0,0.0001,0,0,0,0.273,0.1677,0.273,0.1677,1
1.3786,0,0,0,0,0.6893,0,0,2.0678,0,0.6893,0,0.6893,0,0.6893,0.6893,0,0,0,1.3786,0.0003,0,0,0,0,0.0001,0,0,0.0004,0,0.0001,0,0.0001,0,0.0001,0.0001,0,0,0,0.0003,0.1805,0.1302,0.1805,0.1302,1
0,1.1877,0.5938,0,0.5938,0.5938,0.5938,0,1.7815,1.1877,0.5938,0.5938,0,0.5938,0,0,1.1877,1.7815,0,0,0,0.0001,0,0,0,0,0,0,0.0001,0.0001,0,0,0,0,0,0,0.0001,0.0001,0,0,0.248,0.1581,0.248,0.1581,1
2.866,0,0,0,0.4777,0,0,0.4777,4.299,1.433,0,0,0,0,0,0,0,1.433,0,0,0.0003,0,0,0,0.0001,0,0,0.0001,0.0005,0.0002,0,0,0,0,0,0,0,0.0002,0,0,0.217,0.3054,0.217,0.3054,1
0.7156,2.1467,1.4311,0.7156,0,1.4311,0,0.7156,0,1.4311,0.7156,0.7156,0,0,0,1.4311,2.8622,0.7156,0,0,0,0.0001,0.0001,0,0,0.0001,0,0,0,0.0001,0,0,0,0,0,0.0001,0.0002,0,0,0,0.1243,0.1602,0.1243,0.1602,1
1.0425,0,1.5637,0.5212,0,0.5212,0,0,0,2.0849,0,1.5637,0.5212,0.5212,1.5637,0.5212,0,0,0,0,0.0001,0,0.0001,0,0,0,0,0,0,0.0002,0,0.0001,0,0,0.0001,0,0,0,0,0,0.2266,0.2522,0.2266,0.2522,1
1.1174,0,1.1174,0,0.5587,0.5587,0.5587,0,1.676,0.5587,1.676,0.5587,0.5587,0,0.5587,0.5587,0.5587,1.1174,0,0,0.0001,0,0.0001,0,0.0001,0.0001,0.0001,0,0.0002,0.0001,0.0002,0.0001,0.0001,0,0.0001,0.0001,0.0001,0.0001,0,0,0.2376,0.2037,0.2376,0.2037,1
0,0,0,0,0,1.4759,0,0.738,0.738,2.2139,0,0,0.738,0,0.738,0.738,0,0.738,1.4759,0,0,0,0,0,0,0.0002,0,0.0001,0.0001,0.0003,0,0,0.0001,0,0.0001,0.0001,0,0.0001,0.0002,0,0.1257,0.1363,0.1257,0.1363,1
0.5846,3.5079,0,0.5846,1.1693,1.7539,0,1.1693,1.7539,0.5846,0,1.1693,1.1693,0,0,2.3386,0,1.1693,0,0.5846,0,0.0001,0,0,0,0.0001,0,0,0.0001,0,0,0,0,0,0,0.0001,0,0,0,0,0.2334,0.182,0.2334,0.182,1
0.8462,0,0,0,1.6923,0,0,0,3.3847,3.3847,0,0,0.8462,0,0,0,0,0.8462,0,0,0.0002,0,0,0,0.0004,0,0,0,0.0008,0.0008,0,0,0.0002,0,0,0,0,0.0002,0,0,0.0533,0.1006,0.0533,0.1006,1
1.0387,0.5193,0.5193,0,0,0,0.5193,0,1.0387,1.0387,0.5193,0.5193,0,0.5193,2.0773,0.5193,1.0387,2.5967,0.5193,1.0387,0.0001,0,0,0,0,0,0,0,0.0001,0.0001,0,0,0,0,0.0002,0,0.0001,0.0002,0,0.0001,0.2566,0.2241,0.2566,0.2241,1
0,0,0,0,2.8713,1.4357,1.9142,0.9571,0.9571,0.9571,0,0,0,0,0.4786,0,0.9571,0.9571,0,0,0,0,0,0,0.0003,0.0002,0.0002,0.0001,0.0001,0.0001,0,0,0,0,0.0001,0,0.0001,0.0001,0,0,0.2431,0.2783,0.2431,0.2783,1
2.2934,1.72,0.5733,0,0,1.1467,0,0.5733,0.5733,1.1467,0.5733,0,1.72,0,1.1467,1.1467,0.5733,1.1467,0.5733,0.5733,0.0001,0.0001,0,0,0,0.0001,0,0,0,0.0001,0,0,0.0001,0,0.0001,0.0001,0,0.0001,0,0,0.1881,0.2385,0.1881,0.2385,1
0,0,0,0,1.7235,0,0,0,3.447,1.7235,0,0,0.8618,0,0,0,0,2.5853,0,0.8618,0,0,0,0,0.0005,0,0,0,0.001,0.0005,0,0,0.0003,0,0,0,0,0.0008,0,0.0003,0.0527,0.0856,0.0527,0.0856,1
0,0,0.5317,0,0,0.5317,0.5317,0,1.0634,0,2.1268,2.1268,0.5317,0.5317,1.0634,0.5317,1.5951,1.5951,0,1.5951,0,0,0,0,0,0,0,0,0.0001,0,0.0002,0.0002,0,0,0.0001,0,0.0001,0.0001,0,0.0001,0.2069,0.2614,0.2069,0.2614,1
0,0,0,0,0.5698,0,0,0.5698,2.2793,0,0,0.5698,0.5698,0,3.419,0.5698,1.1397,0,0.5698,0,0,0,0,0,0.0001,0,0,0.0001,0.0003,0,0,0.0001,0.0001,0,0.0005,0.0001,0.0002,0,0.0001,0,0.205,0.2252,0.205,0.2252,1
0.6584,0.6584,0.6584,0,0.6584,0.6584,0.6584,0,0.6584,1.9752,0.6584,0,0,0.6584,0,0,1.9752,0,0,0,0.0001,0.0001,0.0001,0,0.0001,0.0001,0.0001,0,0.0001,0.0002,0.0001,0,0,0.0001,0,0,0.0002,0,0,0,0.1656,0.176,0.1656,0.176,1
1.0201,0,0.51,1.0201,0,0.51,0.51,0.51,1.5301,0.51,1.0201,0.51,0,1.5301,0.51,0.51,1.5301,1.0201,0,0,0.0001,0,0,0.0001,0,0,0,0,0.0001,0,0.0001,0,0,0.0001,0,0,0.0001,0.0001,0,0,0.2832,0.2067,0.2832,0.2067,1
0,0,0,0,1.3628,0.9086,1.3628,0,0.4543,1.3628,0,0.4543,0,0.4543,1.3628,0,1.3628,1.3628,0.4543,0,0,0,0,0,0.0002,0.0001,0.0002,0,0.0001,0.0002,0,0.0001,0,0.0001,0.0002,0,0.0002,0.0002,0.0001,0,0.2568,0.2889,0.2568,0.2889,1
0.7484,0,0,0,0.7484,0,0,0,3.7418,1.4967,0,0,0,0,0,0,0.7484,1.4967,0,0.7484,0.0002,0,0,0,0.0002,0,0,0,0.0009,0.0003,0,0,0,0,0,0,0.0002,0.0003,0,0.0002,0.1086,0.1431,0.1086,0.1431,1
1.1343,0,0,0.5672,0.5672,0,0.5672,0,1.1343,0,1.7015,0.5672,0,0,1.1343,0.5672,1.7015,0,0,0.5672,0.0002,0,0,0.0001,0.0001,0,0.0001,0,0.0002,0,0.0002,0.0001,0,0,0.0002,0.0001,0.0002,0,0,0.0001,0.2038,0.229,0.2038,0.229,1
0,0,0.6851,0.6851,0.6851,0.6851,1.3702,0.6851,0,0,0,0.6851,1.3702,0,0,0.6851,1.3702,0,0,0,0,0,0.0001,0.0001,0.0001,0.0001,0.0003,0.0001,0,0,0,0.0001,0.0003,0,0,0.0001,0.0003,0,0,0,0.1537,0.1612,0.1537,0.1612,1
0.6466,0.6466,0,0.6466,0.6466,1.2932,0,0,0.6466,1.2932,0,0,0.6466,0,2.5865,0,0.6466,2.5865,0,1.2932,0.0001,0.0001,0,0.0001,0.0001,0.0001,0,0,0.0001,0.0001,0,0,0.0001,0,0.0002,0,0.0001,0.0002,0,0.0001,0.1236,0.2298,0.1236,0.2298,1
0,0,0,0,0,0.7186,0,0,1.4371,0,0.7186,0,0,0.7186,4.3114,0,0.7186,0,0,0,0,0,0,0,0,0.0003,0,0,0.0006,0,0.0003,0,0,0.0003,0.0017,0,0.0003,0,0,0,0.1262,0.1552,0.1262,0.1552,1
1.9561,0,0.978,0.489,0.489,0.978,0.978,0,0.489,0,0,0.489,2.4451,0.489,0.489,0,0.489,0.489,0.489,0.978,0.0002,0,0.0001,0,0,0.0001,0.0001,0,0,0,0,0,0.0002,0,0,0,0,0,0,0.0001,0.2466,0.2644,0.2466,0.2644,1
0,0,0,1.1067,1.1067,0.5533,0,1.1067,0.5533,2.7667,0,0.5533,0,1.1067,5.5333,0,0,0,0,0,0,0,0,0.0001,0.0001,0.0001,0,0.0001,0.0001,0.0003,0,0.0001,0,0.0001,0.0006,0,0,0,0,0,0.1866,0.2601,0.1866,0.2601,1
1.3718,0,0,0.6859,0.6859,0,0.6859,0.6859,0,1.3718,0.6859,0,0,0,1.3718,0.6859,0,0,0,0,0.0002,0,0,0.0001,0.0001,0,0.0001,0.0001,0,0.0002,0.0001,0,0,0,0.0002,0.0001,0,0,0,0,0.1806,0.1335,0.1806,0.1335,1
1.3158,0.6579,0,1.3158,0,3.2894,0,0.6579,0,2.6315,0,1.3158,0.6579,0,0,1.3158,0.6579,0,0.6579,0,0.0001,0,0,0.0001,0,0.0002,0,0,0,0.0002,0,0.0001,0,0,0,0.0001,0,0,0,0,0.1707,0.1714,0.1707,0.1714,1
0.4639,0.4639,0.4639,0,0.4639,0.4639,0,0,0.4639,2.7832,0,0,0.4639,0,2.3194,0,0.4639,0.9277,0.4639,0.4639,0,0,0,0,0,0,0,0,0,0.0002,0,0,0,0,0.0002,0,0,0.0001,0,0,0.273,0.2631,0.273,0.2631,1
0,0,0,0,0,1.1296,0,1.1296,1.1296,1.6944,0.5648,0.5648,0.5648,0.5648,0.5648,1.1296,1.1296,1.1296,0.5648,0.5648,0,0,0,0,0,0.0001,0,0.0001,0.0001,0.0001,0,0,0,0,0,0.0001,0.0001,0.0001,0,0,0.2039,0.2313,0.2039,0.2313,1
1.004,0,0.502,0,0.502,0,1.5061,1.004,2.0081,0.502,1.004,0.502,1.5061,0,2.0081,0,0.502,1.004,0,0,0.0001,0,0.0001,0,0.0001,0,0.0002,0.0001,0.0002,0.0001,0.0001,0.0001,0.0002,0,0.0002,0,0.0001,0.0001,0,0,0.3025,0.1955,0.3025,0.1955,1
0,0,0.8627,3.0196,0,0,0,1.2941,2.5882,0.4314,0,0.4314,0,0.4314,0,0.4314,0.4314,0,0.8627,0.4314,0,0,0.0001,0.0003,0,0,0,0.0001,0.0002,0,0,0,0,0,0,0,0,0,0.0001,0,0.2499,0.3187,0.2499,0.3187,1
4.7609,0,0,0,0,0,0,0,1.587,3.9674,0,0.7935,1.587,0,1.587,0,0,1.587,0,0,0.0006,0,0,0,0,0,0,0,0.0002,0.0005,0,0.0001,0.0002,0,0.0002,0,0,0.0002,0,0,0.0885,0.118,0.0885,0.118,1
1.1066,2.2132,0.5533,0,0.5533,0.5533,0,0,1.1066,1.6599,1.6599,1.6599,0.5533,0,1.1066,0.5533,0.5533,2.2132,0,0.5533,0.0001,0.0001,0,0,0,0,0,0,0.0001,0.0001,0.0001,0.0001,0,0,0.0001,0,0,0.0001,0,0,0.2252,0.2215,0.2252,0.2215,1
0,0.579,0.579,0,0.579,1.158,0,0,0.579,0.579,0,0.579,0,1.158,1.737,0.579,0,1.737,0,0,0,0,0,0,0,0.0001,0,0,0,0,0,0,0,0.0001,0.0001,0,0,0.0001,0,0,0.2265,0.1945,0.2265,0.1945,1
2.1073,0.7024,1.4049,0,0,1.4049,0,0.7024,0,1.4049,2.1073,1.4049,0,0,0.7024,2.1073,0,0,0,0,0.0001,0,0.0001,0,0,0.0001,0,0,0,0.0001,0.0001,0.0001,0,0,0,0.0001,0,0,0,0,0.1171,0.1804,0.1171,0.1804,1
2.3062,0,0,0,0.7687,2.3062,0,0,0,4.6124,0.7687,0.7687,0,0.7687,0,0,0,0.7687,0.7687,0,0.0002,0,0,0,0.0001,0.0002,0,0,0,0.0004,0.0001,0.0001,0,0.0001,0,0,0,0.0001,0.0001,0,0.135,0.0962,0.135,0.0962,1
0.9294,0.9294,0.4647,0,0,0.9294,0,0,0.4647,1.8588,0.4647,0,0.4647,0,2.3235,0,0.4647,0.9294,0.4647,0.4647,0.0001,0.0001,0,0,0,0.0001,0,0,0,0.0001,0,0,0,0,0.0002,0,0,0.0001,0,0,0.2605,0.2748,0.2605,0.2748,1
1.5707,0,0,0,1.5707,0.7854,0,0,0,2.3561,0,0,0,0,0.7854,0,0.7854,0,0.7854,0.7854,0.0002,0,0,0,0.0002,0.0001,0,0,0,0.0004,0,0,0,0,0.0001,0,0.0001,0,0.0001,0.0001,0.1019,0.1128,0.1019,0.1128,1
0.6739,0,0,0.6739,0,0,1.3477,0.6739,1.3477,0.6739,0,0,0,0,0.6739,1.3477,0.6739,1.3477,0,0,0.0001,0,0,0.0001,0,0,0.0002,0.0001,0.0002,0.0001,0,0,0,0,0.0001,0.0002,0.0001,0.0002,0,0,0.1475,0.1786,0.1475,0.1786,1
1.2203,3.6608,0,0,1.2203,1.2203,1.2203,1.2203,0.6101,0.6101,0.6101,0.6101,1.8304,1.2203,0,0.6101,0.6101,1.2203,0,0,0,0.0001,0,0,0,0,0,0,0,0,0,0,0.0001,0,0,0,0,0,0,0,0.211,0.1788,0.211,0.1788,1
0,0.5204,1.5612,0.5204,0.5204,0,0,0.5204,0.5204,1.5612,0,0,0,0,0.5204,1.0408,0.5204,0.5204,1.5612,0,0,0,0.0001,0,0,0,0,0,0,0.0001,0,0,0,0,0,0.0001,0,0,0.0001,0,0.2445,0.2351,0.2445,0.2351,1
0,0,0.5332,0.5332,0,0,1.0664,0,0,3.1991,0.5332,0,0,0,2.1327,0,0,0.5332,0.5332,0.5332,0,0,0.0001,0.0001,0,0,0.0001,0,0,0.0004,0.0001,0,0,0,0.0003,0,0,0.0001,0.0001,0.0001,0.224,0.2429,0.224,0.2429,1
2.3626,0.5907,0.5907,0,0,2.9533,0.5907,0,0.5907,2.3626,0,0,1.1813,0,0,1.772,0.5907,2.3626,0.5907,0,0.0001,0,0,0,0,0.0002,0,0,0,0.0001,0,0,0.0001,0,0,0.0001,0,0.0001,0,0,0.2048,0.2046,0.2048,0.2046,1
0.5697,0.5697,0,0.5697,0.5697,0.5697,0.5697,0.5697,0,0.5697,0.5697,0,0,0,1.7091,0,1.7091,0,0,1.1394,0.0001,0.0001,0,0.0001,0.0001,0.0001,0.0001,0.0001,0,0.0001,0.0001,0,0,0,0.0002,0,0.0002,0,0,0.0001,0.2205,0.2098,0.2205,0.2098,1
0.6818,0.6818,0.6818,0.6818,2.727,0,0,1.3635,0.6818,0.6818,0,0,2.727,0,0,0.6818,0.6818,1.3635,0,0,0,0,0,0,0.0002,0,0,0.0001,0,0,0,0,0.0002,0,0,0,0,0.0001,0,0,0.1539,0.1644,0.1539,0.1644,1
0.5436,0.5436,1.6309,1.6309,0,1.0873,0,0,0,1.6309,0,0.5436,0,0,0.5436,1.0873,0,0.5436,1.0873,0,0,0,0.0001,0.0001,0,0.0001,0,0,0,0.0001,0,0,0,0,0,0.0001,0,0,0.0001,0,0.2688,0.1875,0.2688,0.1875,1
0.5802,0,0.5802,0,0.5802,0.5802,0,0,0,1.7406,0,0,0,0,2.3208,0,0,0.5802,0.5802,0.5802,0.0001,0,0.0001,0,0.0001,0.0001,0,0,0,0.0002,0,0,0,0,0.0003,0,0,0.0001,0.0001,0.0001,0.2093,0.2105,0.2093,0.2105,1
1.025,0,0,0,0,1.5374,0.5125,0,3.0749,2.0499,0,0.5125,0,0,1.025,0.5125,0,0,0,0,0.0001,0,0,0,0,0.0002,0.0001,0,0.0004,0.0002,0,0.0001,0,0,0.0001,0.0001,0,0,0,0,0.2339,0.2536,0.2339,0.2536,1
1.2503,0,0.6252,0,0.6252,0.6252,0,1.2503,0.6252,1.2503,0,0,0,0.6252,0.6252,0,0,0,0.6252,0,0.0001,0,0.0001,0,0.0001,0.0001,0,0.0001,0.0001,0.0001,0,0,0,0.0001,0.0001,0,0,0,0.0001,0,0.1883,0.1865,0.1883,0.1865,1
3.2297,0,0,0,0,0,0,0,0.8074,4.0371,0,0,1.6149,0,2.4223,0,0,2.4223,0,0,0.0005,0,0,0,0,0,0,0,0.0001,0.0006,0,0,0.0003,0,0.0004,0,0,0.0004,0,0,0.0729,0.1197,0.0729,0.1197,1
0.6255,0,0.6255,0.6255,0.6255,1.251,0,0,0.6255,2.5019,0,1.251,0,0,0,0,0,0,0,0,0.0001,0,0.0001,0.0001,0.0001,0.0001,0,0,0.0001,0.0002,0,0.0001,0,0,0,0,0,0,0,0,0.1698,0.2047,0.1698,0.2047,1
0,0,1.2703,2.5406,0,0,0,1.6938,2.5406,0.8469,0,0.4234,0,1.2703,0,0.4234,0.4234,0,0.8469,0.4234,0,0,0.0001,0.0002,0,0,0,0.0001,0.0002,0.0001,0,0,0,0.0001,0,0,0,0,0.0001,0,0.2739,0.3027,0.2739,0.3027,1
2.3937,0,0,0,1.1969,1.1969,0,0,1.1969,0.5984,0,0,0.5984,0.5984,0.5984,0,1.1969,0,0.5984,0.5984,0.0003,0,0,0,0.0001,0.0001,0,0,0.0001,0.0001,0,0,0.0001,0.0001,0.0001,0,0.0001,0,0.0001,0.0001,0.1798,0.2217,0.1798,0.2217,1
0.5071,0.5071,1.5212,0,1.0141,1.0141,0.5071,0.5071,0.5071,0,2.0283,0.5071,0,0,1.0141,0.5071,2.5353,1.5212,0,0,0,0,0.0001,0,0.0001,0.0001,0,0,0,0,0.0001,0,0,0,0.0001,0,0.0002,0.0001,0,0,0.2602,0.2328,0.2602,0.2328,1
0.4864,0.9728,0,0,0.4864,0.4864,1.4592,0,1.9456,0.4864,0,0.9728,0,0,1.9456,0.4864,0,1.4592,0,0,0,0.0001,0,0,0,0,0.0001,0,0.0001,0,0,0.0001,0,0,0.0001,0,0,0.0001,0,0,0.2608,0.2528,0.2608,0.2528,1
0.6145,0,0,0,0.6145,0.6145,1.8436,1.8436,0.6145,0.6145,0,0.6145,0,0,2.4582,0,0,1.2291,0.6145,0,0.0001,0,0,0,0.0001,0.0001,0.0002,0.0002,0.0001,0.0001,0,0.0001,0,0,0.0003,0,0,0.0001,0.0001,0,0.1824,0.203,0.1824,0.203,1
0,0,0,0,0,0,0,1.319,0.6595,0.6595,0,1.9785,0,0,2.638,0,0,0,0,0,0,0,0,0,0,0,0,0.0003,0.0001,0.0001,0,0.0004,0,0,0.0005,0,0,0,0,0,0.2244,0.1161,0.2244,0.1161,1
1.7059,0,1.1372,0,1.1372,1.1372,0,0.5686,0,0.5686,0.5686,0.5686,0.5686,0.5686,1.1372,0.5686,0,0,0.5686,1.1372,0.0001,0,0.0001,0,0.0001,0.0001,0,0,0,0,0,0,0,0,0.0001,0,0,0,0,0.0001,0.2092,0.2221,0.2092,0.2221,1
0,0,0,0,0.6377,2.5506,0.6377,0.6377,0.6377,1.2753,0.6377,0,1.913,0,0.6377,1.2753,0,0.6377,0.6377,0.6377,0,0,0,0,0.0001,0.0002,0.0001,0.0001,0.0001,0.0001,0.0001,0,0.0002,0,0.0001,0.0001,0,0.0001,0.0001,0.0001,0.1837,0.1787,0.1837,0.1787,1
1.1238,0.5619,0.5619,2.2475,0,0,0.5619,1.1238,0.5619,2.2475,0,0,0.5619,0,0,0.5619,0.5619,0.5619,0,0,0.0001,0,0,0.0002,0,0,0,0.0001,0,0.0002,0,0,0,0,0,0,0,0,0,0,0.2294,0.2087,0.2294,0.2087,1
0,0,1.6137,0,0,0.5379,0,0,1.6137,2.1516,0.5379,0,0,0,1.6137,0,0,0.5379,0,0.5379,0,0,0.0001,0,0,0,0,0,0.0001,0.0002,0,0,0,0,0.0001,0,0,0,0,0,0.2263,0.2358,0.2263,0.2358,1
0,0,0,0,0,1.4654,0,0,0.7327,2.1982,0,0,0.7327,0,0.7327,0.7327,0,1.4654,1.4654,0,0,0,0,0,0,0.0002,0,0,0.0001,0.0003,0,0,0.0001,0,0.0001,0.0001,0,0.0002,0.0002,0,0.128,0.1393,0.128,0.1393,1
1.2994,1.9492,0.6497,0,0.6497,1.9492,0.6497,2.5989,0,0.6497,0.6497,0,0,0.6497,0,0.6497,1.9492,0.6497,0,0,0.0001,0.0001,0,0,0,0.0001,0,0.0001,0,0,0,0,0,0,0,0,0.0001,0,0,0,0.1698,0.1805,0.1698,0.1805,1
0.7314,0,0.7314,0,0.7314,0,0.7314,1.4628,0,1.4628,0,1.4628,2.1942,0.7314,0,0,0,1.4628,0,0.7314,0.0001,0,0.0001,0,0.0001,0,0.0001,0.0002,0,0.0002,0,0.0002,0.0002,0.0001,0,0,0,0.0002,0,0.0001,0.1507,0.1179,0.1507,0.1179,1
1.8882,0,0.472,0,1.8882,2.8323,0.472,0.472,0.472,0.472,0,0,0,0.472,0.9441,0.9441,0.472,1.8882,0.472,0,0.0001,0,0,0,0.0001,0.0002,0,0,0,0,0,0,0,0,0.0001,0.0001,0,0.0001,0,0,0.2699,0.2581,0.2699,0.2581,1
1.5954,0,0,0,0,0,0,0,1.5954,1.5954,0,0.7977,0.7977,0,0,0,0,2.3932,1.5954,0,0.0002,0,0,0,0,0,0,0,0.0002,0.0002,0,0.0001,0.0001,0,0,0,0,0.0003,0.0002,0,0.0835,0.1188,0.0835,0.1188,1
2.9824,1.193,0,0,0,0.5965,0,0,1.7895,0,0.5965,0,1.193,0.5965,1.193,0,1.7895,0.5965,0,0.5965,0.0003,0.0001,0,0,0,0.0001,0,0,0.0002,0,0.0001,0,0.0001,0.0001,0.0001,0,0.0002,0.0001,0,0.0001,0.2674,0.1361,0.2674,0.1361,1
0,0,0.9693,0.4847,0.9693,0.4847,0,0,0.4847,2.4233,0,0.9693,0.4847,0,1.454,0,0.4847,0.4847,0,0.4847,0,0,0.0001,0,0.0001,0,0,0,0,0.0002,0,0.0001,0,0,0.0001,0,0,0,0,0,0.233,0.2823,0.233,0.2823,1
0.5479,0.5479,1.0958,0,0,0,0,0,0.5479,2.1916,2.1916,0,1.0958,0,3.8353,0,0.5479,2.7395,0,0,0,0,0.0001,0,0,0,0,0,0,0.0002,0.0002,0,0.0001,0,0.0003,0,0,0.0002,0,0,0.2306,0.2215,0.2306,0.2215,1
0.9582,0.4791,0,0,0.9582,0,0,1.4373,1.9164,0.9582,1.4373,0.4791,0.4791,0,2.3955,0,1.9164,0,0.4791,0.4791,0.0001,0,0,0,0.0001,0,0,0.0001,0.0002,0.0001,0.0001,0,0,0,0.0002,0,0.0002,0,0,0,0.253,0.2679,0.253,0.2679,1
0,0,1.5301,3.5703,0.51,0,0.51,1.5301,0.51,1.5301,1.0201,1.5301,0,0.51,0,0.51,2.0402,0,0,0,0,0,0.0001,0.0003,0,0,0,0.0001,0,0.0001,0.0001,0.0001,0,0,0,0,0.0002,0,0,0,0.2407,0.2492,0.2407,0.2492,1
1.4781,0,0,0,1.4781,0.7391,0,0,0,2.9562,0,0,1.4781,0,0.7391,0,0.7391,0.7391,0,0,0.0002,0,0,0,0.0002,0.0001,0,0,0,0.0004,0,0,0.0002,0,0.0001,0,0.0001,0.0001,0,0,0.1187,0.1423,0.1187,0.1423,1
0,0,0.5944,1.1889,0,0.5944,0.5944,0,2.9722,0,1.1889,0,2.3778,0,0,0,0,0.5944,0,0,0,0,0.0001,0.0002,0,0.0001,0.0001,0,0.0005,0,0.0002,0,0.0004,0,0,0,0,0.0001,0,0,0.2596,0.146,0.2596,0.146,1
0.6557,0,0.6557,0,0,0.6557,0,0,0.6557,0.6557,0,0.6557,1.967,0.6557,1.3114,0,0.6557,1.3114,0.6557,0,0.0001,0,0.0001,0,0,0.0001,0,0,0.0001,0.0001,0,0.0001,0.0002,0.0001,0.0001,0,0.0001,0.0001,0.0001,0,0.1795,0.1648,0.1795,0.1648,1
0,1.6244,0.5415,0,0.5415,0.5415,2.1659,1.0829,0.5415,0.5415,1.6244,0,1.0829,0.5415,1.6244,0,2.1659,1.6244,0,0,0,0.0001,0,0,0,0,0.0001,0.0001,0,0,0.0001,0,0.0001,0,0.0001,0,0.0001,0.0001,0,0,0.2091,0.2494,0.2091,0.2494,1
0.7243,0,0,0,0,1.4486,0,0,0.7243,1.4486,0,0,0.7243,0,0.7243,0.7243,0,0.7243,1.4486,0.7243,0.0001,0,0,0,0,0.0002,0,0,0.0001,0.0002,0,0,0.0001,0,0.0001,0.0001,0,0.0001,0.0002,0.0001,0.1344,0.1413,0.1344,0.1413,1
1.6773,3.3547,0,0.5591,0,2.2365,0,0.5591,0,1.1182,0.5591,0,1.1182,0.5591,1.6773,1.1182,0,0.5591,1.1182,0.5591,0.0001,0.0001,0,0,0,0.0001,0,0,0,0,0,0,0,0,0.0001,0,0,0,0,0,0.2005,0.2404,0.2005,0.2404,1
1.8302,0,1.8302,0.6101,0.6101,0,0,1.2201,0.6101,0.6101,0,0.6101,1.8302,0,0,0.6101,1.2201,0.6101,0,0,0.0002,0,0.0002,0.0001,0.0001,0,0,0.0001,0.0001,0.0001,0,0.0001,0.0002,0,0,0.0001,0.0001,0.0001,0,0,0.2048,0.1852,0.2048,0.1852,1
0.6237,0,1.2474,0.6237,0,0.6237,0,0.6237,1.2474,0.6237,1.8711,0.6237,0.6237,0,0,1.8711,1.8711,0,0,0,0.0001,0,0.0001,0.0001,0,0.0001,0,0.0001,0.0001,0.0001,0.0002,0.0001,0.0001,0,0,0.0002,0.0002,0,0,0,0.1732,0.2031,0.1732,0.2031,1
0,1.0286,1.5428,0,1.0286,0.5143,0,1.0286,1.0286,0,0.5143,0,0.5143,0.5143,1.0286,0,0,0.5143,0,1.5428,0,0.0001,0.0001,0,0.0001,0,0,0.0001,0.0001,0,0,0,0,0,0.0001,0,0,0,0,0.0001,0.2805,0.2052,0.2805,0.2052,1
0.7006,1.4013,0,0,1.4013,1.4013,0,0,0.7006,1.4013,0,2.1019,0.7006,0.7006,0,0.7006,1.4013,0.7006,0,0.7006,0,0.0001,0,0,0.0001,0.0001,0,0,0,0.0001,0,0.0001,0,0,0,0,0.0001,0,0,0,0.1384,0.161,0.1384,0.161,1
0.5403,0.5403,2.1613,0,0.5403,0,0,0,0.5403,1.621,1.0806,0,0,0,1.0806,0,0.5403,0.5403,1.0806,0,0,0,0.0001,0,0,0,0,0,0,0.0001,0.0001,0,0,0,0.0001,0,0,0,0.0001,0,0.2549,0.2047,0.2549,0.2047,1
1.2324,0,0.6162,0,0,3.0811,0.6162,0,0,1.8486,1.2324,0,0,0,0.6162,0.6162,1.2324,0,0,0.6162,0.0001,0,0.0001,0,0,0.0003,0.0001,0,0,0.0002,0.0001,0,0,0,0.0001,0.0001,0.0001,0,0,0.0001,0.2014,0.1824,0.2014,0.1824,1
0,2.1782,0,0,0.5445,1.6336,0,0.5445,0,0.5445,0,0,0,0.5445,3.2673,0,0.5445,1.0891,0,0,0,0.0001,0,0,0,0.0001,0,0,0,0,0,0,0,0,0.0002,0,0,0.0001,0,0,0.2016,0.2539,0.2016,0.2539,1
0.888,0,0,0,0.444,0.888,0.888,0.444,1.7761,0,0.888,0,0,0,3.5522,0.444,0,0.888,0.444,0.444,0.0001,0,0,0,0,0.0001,0.0001,0,0.0002,0,0.0001,0,0,0,0.0004,0,0,0.0001,0,0,0.3051,0.2509,0.3051,0.2509,1
1.1818,0.5909,0.5909,1.1818,0,0.5909,0,0.5909,1.7727,0,0,0.5909,0,0.5909,1.7727,0.5909,1.7727,0.5909,0,0.5909,0.0001,0.0001,0.0001,0.0001,0,0.0001,0,0.0001,0.0002,0,0,0.0001,0,0.0001,0.0002,0.0001,0.0002,0.0001,0,0.0001,0.1846,0.2245,0.1846,0.2245,1
0.4955,0.4955,0.4955,0.4955,0,2.4777,0.9911,0.9911,0,0,0.4955,0,0.9911,0,1.4866,0.4955,0,1.4866,0,0.9911,0,0,0,0,0,0.0002,0.0001,0.0001,0,0,0,0,0.0001,0,0.0001,0,0,0.0001,0,0.0001,0.2399,0.2646,0.2399,0.2646,1
1.9843,0.6614,1.3228,0,0,3.3071,0,0,0,3.3071,0.6614,1.3228,0,0,0.6614,0,0,0,0,0,0.0001,0,0.0001,0,0,0.0002,0,0,0,0.0002,0,0.0001,0,0,0,0,0,0,0,0,0.1581,0.1805,0.1581,0.1805,1
0.5525,1.6575,0.5525,0,1.105,0.5525,1.6575,1.105,0.5525,0.5525,2.7625,1.6575,2.21,0,0.5525,0,0,0.5525,0,0.5525,0,0.0001,0,0,0.0001,0,0.0001,0.0001,0,0,0.0001,0.0001,0.0001,0,0,0,0,0,0,0,0.2344,0.2131,0.2344,0.2131,1
1.2269,0,0,0.6135,0,2.4538,1.2269,0.6135,0,3.6807,0,1.8404,0.6135,0,0,0.6135,0,1.8404,0,0.6135,0.0001,0,0,0,0,0.0002,0.0001,0,0,0.0002,0,0.0001,0,0,0,0,0,0.0001,0,0,0.167,0.2196,0.167,0.2196,1
3.0305,0.6061,0.6061,0.6061,0.6061,1.2122,0,0,0.6061,0.6061,0.6061,0,0,0.6061,1.2122,0,0.6061,1.2122,0,0.6061,0.0002,0,0,0,0,0.0001,0,0,0,0,0,0,0,0,0.0001,0,0,0.0001,0,0,0.1627,0.2312,0.1627,0.2312,1
1.2397,0,1.8595,0.6198,0,0,0.6198,0,0.6198,0.6198,0,0.6198,0,0.6198,0,1.2397,1.8595,2.4793,0,0,0.0001,0,0.0002,0.0001,0,0,0.0001,0,0.0001,0.0001,0,0.0001,0,0.0001,0,0.0001,0.0002,0.0003,0,0,0.2074,0.1728,0.2074,0.1728,1
1.3865,0,0,0.6932,0,0,0,0,0.6932,2.0797,0,1.3865,0,0,0,0.6932,0,1.3865,0.6932,0,0.0001,0,0,0.0001,0,0,0,0,0.0001,0.0002,0,0.0001,0,0,0,0.0001,0,0.0001,0.0001,0,0.1707,0.1361,0.1707,0.1361,1
0.6343,0,0,1.2686,0.6343,0,0,0.6343,0.6343,0.6343,0.6343,0.6343,0.6343,0,1.9029,0.6343,0.6343,0.6343,0,0.6343,0.0001,0,0,0.0001,0.0001,0,0,0.0001,0.0001,0.0001,0.0001,0.0001,0.0001,0,0.0002,0.0001,0.0001,0.0001,0,0.0001,0.2076,0.1581,0.2076,0.1581,1
1.6119,0,0,0.5373,0.5373,1.0746,1.0746,0,1.6119,3.7612,0,0,1.0746,0,0,0.5373,0,1.6119,0,0,0.0001,0,0,0,0,0.0001,0.0001,0,0.0001,0.0003,0,0,0.0001,0,0,0,0,0.0001,0,0,0.1979,0.2648,0.1979,0.2648,1
0,1.9658,0,0.9829,0.4914,1.4743,0,0.9829,1.4743,1.9658,0.4914,0.4914,0,0,1.4743,0,0.4914,0,0,0.4914,0,0.0001,0,0,0,0.0001,0,0,0.0001,0.0001,0,0,0,0,0.0001,0,0,0,0,0,0.2331,0.2755,0.2331,0.2755,1
1.0717,0.5359,0.5359,0.5359,0,0.5359,0.5359,2.1434,0.5359,0.5359,0.5359,0.5359,1.0717,0,0.5359,0.5359,0.5359,1.0717,0,0,0.0001,0,0,0,0,0,0,0.0002,0,0,0,0,0.0001,0,0,0,0,0.0001,0,0,0.2285,0.2356,0.2285,0.2356,1
0.5328,0,0.5328,0,1.0656,0,0,1.0656,0,0.5328,0,0.5328,0,0,2.1313,1.0656,1.5985,0.5328,0,0,0.0001,0,0.0001,0,0.0001,0,0,0.0001,0,0.0001,0,0.0001,0,0,0.0002,0.0001,0.0002,0.0001,0,0,0.2165,0.2506,0.2165,0.2506,1
3.5708,0,0,0,0,1.4283,0,0,0.7142,2.8567,2.1425,0.7142,0,0.7142,0,0,0,0,0.7142,0,0.0003,0,0,0,0,0.0001,0,0,0.0001,0.0003,0.0002,0.0001,0,0.0001,0,0,0,0,0.0001,0,0.1541,0.1317,0.1541,0.1317,1
1.5473,0,0,0,0,0,0,0,3.8682,0,0,0,0,0,0,0,0.7736,3.0946,0,0.7736,0.0004,0,0,0,0,0,0,0,0.001,0,0,0,0,0,0,0,0.0002,0.0008,0,0.0002,0.1123,0.1141,0.1123,0.1141,1
4.7327,0,0,0,0,0,0,0,1.5776,3.9439,0,0.7888,1.5776,0,1.5776,0,0,1.5776,0,0,0.0005,0,0,0,0,0,0,0,0.0002,0.0004,0,0.0001,0.0002,0,0.0002,0,0,0.0002,0,0,0.0935,0.1177,0.0935,0.1177,1
0.5566,2.7831,1.1132,1.1132,0,1.1132,0.5566,0,0,1.1132,0.5566,0.5566,1.6698,0,0,1.1132,1.6698,2.7831,0,0,0,0.0001,0,0,0,0,0,0,0,0,0,0,0.0001,0,0,0,0.0001,0.0001,0,0,0.2228,0.2206,0.2228,0.2206,1
0.8719,0,0,0,0.8719,0,0,0,0,0,0,0,3.4877,0,0.8719,0.8719,1.7438,1.7438,0,0,0.0002,0,0,0,0.0002,0,0,0,0,0,0,0,0.0007,0,0.0002,0.0002,0.0003,0.0003,0,0,0.0613,0.0668,0.0613,0.0668,1
0.5651,0.5651,1.1302,0.5651,0,0,0.5651,0,0.5651,0.5651,0.5651,0.5651,0,0,2.2604,0.5651,1.1302,0.5651,0,0,0.0001,0.0001,0.0001,0.0001,0,0,0.0001,0,0.0001,0.0001,0.0001,0.0001,0,0,0.0002,0.0001,0.0001,0.0001,0,0,0.2282,0.2068,0.2282,0.2068,1
0,0,0.5813,0.5813,2.3251,0.5813,1.1626,0,1.1626,0.5813,0,1.7439,1.7439,0,0,0,0.5813,1.1626,0,0,0,0,0.0001,0.0001,0.0002,0.0001,0.0001,0,0.0001,0.0001,0,0.0002,0.0002,0,0,0,0.0001,0.0001,0,0,0.2504,0.1683,0.2504,0.1683,1
0.6961,0,0,0,0,0,0,0,1.3922,1.3922,0,0,0,0,1.3922,0.6961,0,0.6961,0.6961,0,0.0001,0,0,0,0,0,0,0,0.0003,0.0003,0,0,0,0,0.0003,0.0001,0,0.0001,0.0001,0,0.1988,0.105,0.1988,0.105,1
0,0,0,0,0.8506,0,0,0.8506,3.4024,3.4024,0,0,0.8506,0,0,0,0.8506,0.8506,0,0,0,0,0,0,0.0002,0,0,0.0002,0.0008,0.0008,0,0,0.0002,0,0,0,0.0002,0.0002,0,0,0.0496,0.0998,0.0496,0.0998,1
0.6384,1.9153,0,0,1.2769,2.5537,0,1.2769,0,0.6384,0.6384,1.9153,1.9153,0.6384,0.6384,0,3.1921,0.6384,1.2769,0,0,0.0001,0,0,0.0001,0.0001,0,0.0001,0,0,0,0.0001,0.0001,0,0,0,0.0001,0,0.0001,0,0.1809,0.1806,0.1809,0.1806,1
1.7917,0.5972,0,0,0.5972,0.5972,0.5972,1.1945,1.1945,0.5972,0,0.5972,1.1945,0,1.1945,0.5972,0.5972,1.1945,0,0.5972,0.0002,0.0001,0,0,0.0001,0.0001,0.0001,0.0001,0.0001,0.0001,0,0.0001,0.0001,0,0.0001,0.0001,0.0001,0.0001,0,0.0001,0.2136,0.1892,0.2136,0.1892,1
1.6718,0,1.1145,1.1145,0,0,0,0,0.5573,3.3435,0,0.5573,0.5573,0.5573,0.5573,0.5573,0.5573,0,0,0,0.0001,0,0.0001,0.0001,0,0,0,0,0,0.0003,0,0,0,0,0,0,0,0,0,0,0.2248,0.2179,0.2248,0.2179,1
2.5337,0.8446,0,0,0,0,0,0.8446,3.3782,0,0.8446,0,0,0.8446,0,0,0.8446,2.5337,0,0,0.0003,0.0001,0,0,0,0,0,0.0001,0.0004,0,0.0001,0,0,0.0001,0,0,0.0001,0.0003,0,0,0.0615,0.0939,0.0615,0.0939,1
0.6203,0,1.2405,0.6203,0,1.2405,0,0,1.2405,2.4811,0.6203,0,0.6203,0,0,0,0.6203,0,0,0,0.0001,0,0.0001,0.0001,0,0.0001,0,0,0.0001,0.0003,0.0001,0,0.0001,0,0,0,0.0001,0,0,0,0.175,0.2047,0.175,0.2047,1
1.0423,0,1.0423,0,0,0.5212,0.5212,0.5212,0.5212,0.5212,0,0.5212,0.5212,0.5212,1.5635,0,1.0423,1.0423,0,0.5212,0.0001,0,0.0001,0,0,0.0001,0.0001,0.0001,0.0001,0.0001,0,0.0001,0.0001,0.0001,0.0002,0,0.0001,0.0001,0,0.0001,0.2042,0.2746,0.2042,0.2746,1
1.2261,0,1.2261,0,0,0,0.613,0,1.8391,2.4521,0,0,0,0,3.0652,0.613,0.613,0,0,0,0.0001,0,0.0001,0,0,0,0.0001,0,0.0002,0.0003,0,0,0,0,0.0003,0.0001,0.0001,0,0,0,0.2513,0.1357,0.2513,0.1357,1
0,0.9575,0.4787,1.4362,0.4787,0.4787,1.915,0.4787,0.4787,0,0,0.9575,0.4787,0.4787,0.9575,0,1.4362,1.4362,0,0.4787,0,0.0001,0,0.0001,0,0,0.0001,0,0,0,0,0.0001,0,0,0.0001,0,0.0001,0.0001,0,0,0.2639,0.2574,0.2639,0.2574,1
0,0.4627,0.4627,0,0.4627,0.4627,0,0,0.4627,3.2391,0,0,0.4627,0,2.3136,0.4627,0.4627,0.4627,0.4627,0.4627,0,0,0,0,0,0,0,0,0,0.0002,0,0,0,0,0.0002,0,0,0,0,0,0.2721,0.2652,0.2721,0.2652,1
1.5029,0.501,0.501,0,1.002,0,1.002,0.501,1.002,0.501,1.002,0,0.501,0,0.501,1.002,3.0059,1.5029,0,1.002,0.0001,0,0,0,0.0001,0,0.0001,0,0.0001,0,0.0001,0,0,0,0,0.0001,0.0002,0.0001,0,0.0001,0.2325,0.2665,0.2325,0.2665,1
0,0.4821,1.9285,0.4821,0.9643,0.4821,0,0.4821,0.4821,0.4821,0,0.4821,2.8928,0,0.9643,0,1.4464,0.4821,0.4821,0,0,0,0.0001,0,0.0001,0,0,0,0,0,0,0,0.0002,0,0.0001,0,0.0001,0,0,0,0.261,0.2569,0.261,0.2569,1
0,0,0,0.6386,0,1.2773,0,0,1.2773,0.6386,0,0,0.6386,0,1.2773,0,0.6386,0,0,1.2773,0,0,0,0.0001,0,0.0002,0,0,0.0002,0.0001,0,0,0.0001,0,0.0002,0,0.0001,0,0,0.0002,0.2094,0.152,0.2094,0.152,1
1.1908,0,0.5954,0.5954,1.7862,0.5954,0.5954,0.5954,1.1908,0,0,0,1.7862,0,0,1.7862,0,1.1908,0,0,0.0001,0,0.0001,0.0001,0.0002,0.0001,0.0001,0.0001,0.0001,0,0,0,0.0002,0,0,0.0002,0,0.0001,0,0,0.2318,0.1728,0.2318,0.1728,1
0.9542,0,0.4771,0.9542,0.4771,1.9084,0.9542,0,0.4771,1.4313,0,0,0,0,0.9542,0,0.9542,0,0.9542,0,0.0001,0,0,0.0001,0,0.0002,0.0001,0,0,0.0001,0,0,0,0,0.0001,0,0.0001,0,0.0001,0,0.2486,0.2743,0.2486,0.2743,1
0,1.1967,1.1967,0.5984,0,1.7951,0.5984,1.1967,0,0.5984,1.1967,0,1.1967,0.5984,0,0,1.1967,0.5984,0.5984,1.1967,0,0.0001,0.0001,0,0,0.0001,0,0.0001,0,0,0.0001,0,0.0001,0,0,0,0.0001,0,0,0.0001,0.203,0.1987,0.203,0.1987,1
0.6126,1.8378,0.6126,0,0.6126,0.6126,0.6126,1.8378,1.8378,0.6126,0.6126,1.2252,0.6126,0,4.2883,0.6126,0,0.6126,0,0,0,0.0001,0,0,0,0,0,0.0001,0.0001,0,0,0.0001,0,0,0.0002,0,0,0,0,0,0.2731,0.1143,0.2731,0.1143,1
2.7385,0,0,0,0.6846,0,0,0.6846,2.0539,0.6846,1.3692,0.6846,0,0,0.6846,0,0,0.6846,0,0,0.0005,0,0,0,0.0001,0,0,0.0001,0.0004,0.0001,0.0002,0.0001,0,0,0.0001,0,0,0.0001,0,0,0.1657,0.1497,0.1657,0.1497,1
0,0.7472,0,0,0.7472,0,0,0.7472,0.7472,0.7472,0,1.4945,2.2417,0,0.7472,1.4945,1.4945,0,0.7472,0,0,0.0001,0,0,0.0001,0,0,0.0001,0.0001,0.0001,0,0.0001,0.0002,0,0.0001,0.0001,0.0001,0,0.0001,0,0.1611,0.0917,0.1611,0.0917,1
2.5952,0,0,0,0.6488,1.9464,1.2976,1.2976,0,3.244,0,0,0.6488,0,0,1.2976,0.6488,1.9464,0,0,0.0002,0,0,0,0,0.0001,0.0001,0.0001,0,0.0002,0,0,0,0,0,0.0001,0,0.0001,0,0,0.1615,0.1897,0.1615,0.1897,1
0.6272,0,0,0.6272,0.6272,1.2545,0,0,0,1.2545,0,2.5089,6.8996,0.6272,0.6272,2.5089,0,0,0.6272,0,0,0,0,0,0,0.0001,0,0,0,0.0001,0,0.0002,0.0005,0,0,0.0002,0,0,0,0,0.187,0.1858,0.187,0.1858,1
0.5357,0.5357,1.607,0.5357,0.5357,0,0,0,0.5357,1.607,0,0,0,0,0.5357,1.0713,0,0.5357,1.607,0,0,0,0.0001,0,0,0,0,0,0,0.0001,0,0,0,0,0,0.0001,0,0,0.0001,0,0.241,0.2234,0.241,0.2234,1
0,0,0,0,2.046,0.5115,0,0.5115,3.5804,0.5115,0,0,0,0,1.5345,0.5115,0,0,0,0,0,0,0,0,0.0003,0.0001,0,0.0001,0.0005,0.0001,0,0,0,0,0.0002,0.0001,0,0,0,0,0.2368,0.2517,0.2368,0.2517,1
0.5431,0,1.0862,0.5431,0,1.0862,0.5431,0,1.0862,0.5431,0,1.0862,0,0,1.0862,1.0862,1.0862,1.6293,0,0,0.0001,0,0.0001,0.0001,0,0.0001,0.0001,0,0.0001,0.0001,0,0.0001,0,0,0.0001,0.0001,0.0001,0.0002,0,0,0.2218,0.2351,0.2218,0.2351,1
1.4655,0,0.4885,0.4885,0.4885,0,0.977,0.977,2.4425,0,0.4885,0,0,0.4885,0.977,0.977,0,0,0,0,0.0002,0,0.0001,0.0001,0.0001,0,0.0001,0.0001,0.0003,0,0.0001,0,0,0.0001,0.0001,0.0001,0,0,0,0,0.2343,0.2772,0.2343,0.2772,1
0.5728,0,1.1456,0,0.5728,1.7184,0,0,0.5728,0.5728,0.5728,1.1456,0.5728,0,0.5728,0,0.5728,1.1456,0.5728,0,0,0,0.0001,0,0,0.0001,0,0,0,0,0,0.0001,0,0,0,0,0,0.0001,0,0,0.1962,0.231,0.1962,0.231,1
0,0,0,1.6791,0,1.6791,0.5597,0,0,1.1194,0.5597,2.2388,2.2388,0,0.5597,1.1194,0,0.5597,0.5597,0,0,0,0,0.0001,0,0.0001,0,0,0,0.0001,0,0.0002,0.0002,0,0,0.0001,0,0,0,0,0.2465,0.1938,0.2465,0.1938,1
0,0,0,0,0.8576,0,0,0,3.4305,4.2881,0,0,0,0,0,0,0.8576,1.7152,0,0,0,0,0,0,0.0003,0,0,0,0.0011,0.0014,0,0,0,0,0,0,0.0003,0.0006,0,0,0.0596,0.0827,0.0596,0.0827,1
0.5293,1.0587,0.5293,0.5293,0.5293,0,0.5293,1.588,0,0.5293,0,1.0587,0,0,2.1174,1.0587,0.5293,0.5293,0,0,0,0.0001,0,0,0,0,0,0.0001,0,0,0,0.0001,0,0,0.0001,0.0001,0,0,0,0,0.2662,0.2044,0.2662,0.2044,1
0,0.7021,0.7021,0,0,0,0,0.7021,1.4041,1.4041,0,0,0.7021,0,0,0,0.7021,0.7021,2.1062,0,0,0.0001,0.0001,0,0,0,0,0.0001,0.0001,0.0001,0,0,0.0001,0,0,0,0.0001,0.0001,0.0002,0,0.2076,0.0903,0.2076,0.0903,1
1.8845,0.6282,1.8845,0.6282,0.6282,0.6282,0,0,0.6282,1.2563,0,0,0,0,0,0,0.6282,0.6282,0,0,0.0001,0,0.0001,0,0,0,0,0,0,0.0001,0,0,0,0,0,0,0,0,0,0,0.1822,0.1897,0.1822,0.1897,1
0.562,1.124,0,0,0.562,0,0,0.562,2.2479,0,1.124,1.124,0,0,4.4959,0,1.124,1.686,0,0.562,0,0.0001,0,0,0,0,0,0,0.0002,0,0.0001,0.0001,0,0,0.0003,0,0.0001,0.0001,0,0,0.2633,0.1747,0.2633,0.1747,1
1.0411,0.5206,0.5206,0.5206,0,1.0411,1.0411,0.5206,2.0823,0,1.0411,0,0,0,1.5617,0,1.5617,1.5617,0,0,0.0001,0,0,0,0,0.0001,0.0001,0,0.0002,0,0.0001,0,0,0,0.0001,0,0.0001,0.0001,0,0,0.2304,0.249,0.2304,0.249,1
0,0.5664,0.5664,0,1.1329,1.6993,0.5664,1.6993,0.5664,0,0,0.5664,1.6993,0,1.1329,0.5664,1.1329,0,0,0,0,0,0,0,0.0001,0.0001,0,0.0001,0,0,0,0,0.0001,0,0.0001,0,0.0001,0,0,0,0.2404,0.1932,0.2404,0.1932,1
1.983,0,0,0,1.322,0.661,0,0,1.983,0.661,1.322,0,1.983,0,0.661,0,0,1.322,0,0,0.0003,0,0,0,0.0002,0.0001,0,0,0.0003,0.0001,0.0002,0,0.0003,0,0.0001,0,0,0.0002,0,0,0.1368,0.2022,0.1368,0.2022,1
0,0,0,0,0.5482,0,0,0,0.5482,2.1926,0,0,0.5482,0,2.1926,1.0963,0.5482,1.0963,0.5482,0.5482,0,0,0,0,0.0001,0,0,0,0.0001,0.0003,0,0,0.0001,0,0.0003,0.0001,0.0001,0.0001,0.0001,0.0001,0.2302,0.2216,0.2302,0.2216,1
2.1655,0,0,0.7218,0,0,0,0,2.8873,0.7218,0,0.7218,0.7218,0,0,0,0.7218,1.4437,0,0.7218,0.0003,0,0,0.0001,0,0,0,0,0.0004,0.0001,0,0.0001,0.0001,0,0,0,0.0001,0.0002,0,0.0001,0.1371,0.1411,0.1371,0.1411,1
1.0908,0,1.0908,1.0908,0.5454,0,0.5454,1.0908,1.6361,1.6361,0,1.0908,1.0908,0,0,0,0.5454,0.5454,0,0,0.0001,0,0.0001,0.0001,0,0,0,0.0001,0.0001,0.0001,0,0.0001,0.0001,0,0,0,0,0,0,0,0.1822,0.2724,0.1822,0.2724,1
1.7257,0.5752,1.1505,0.5752,0,0.5752,0,0.5752,0,1.1505,1.7257,1.1505,1.1505,0,1.7257,0,1.7257,0,0,0,0.0001,0,0.0001,0,0,0,0,0,0,0.0001,0.0001,0.0001,0.0001,0,0.0001,0,0.0001,0,0,0,0.2073,0.2174,0.2073,0.2174,1
0,0,0,0,1.1025,0.5513,0.5513,1.1025,1.6538,1.1025,1.1025,1.1025,0.5513,0,0,1.1025,1.1025,2.2051,0.5513,0,0,0,0,0,0.0001,0,0,0.0001,0.0001,0.0001,0.0001,0.0001,0,0,0,0.0001,0.0001,0.0002,0,0,0.213,0.2357,0.213,0.2357,1
4.0554,0,0,0,0,0,0,0,1.6222,3.2443,0,0,0.8111,0,1.6222,0.8111,0,1.6222,0,0,0.0005,0,0,0,0,0,0,0,0.0002,0.0004,0,0,0.0001,0,0.0002,0.0001,0,0.0002,0,0,0.0725,0.1165,0.0725,0.1165,1
3.4279,0,0,0.6856,0.6856,0,0.6856,0,0.6856,0,0,0,0.6856,0,0.6856,0.6856,0.6856,1.3711,0,0.6856,0.0006,0,0,0.0001,0.0001,0,0.0001,0,0.0001,0,0,0,0.0001,0,0.0001,0.0001,0.0001,0.0003,0,0.0001,0.1606,0.1538,0.1606,0.1538,1
0,0,0,0,0,0,0,0,0.7566,1.5131,0,0,2.2697,0,0,0,1.5131,2.2697,1.5131,0,0,0,0,0,0,0,0,0,0.0001,0.0002,0,0,0.0003,0,0,0,0.0002,0.0003,0.0002,0,0.1037,0.1398,0.1037,0.1398,1
1.9461,0,0,0,1.4596,0.973,0.973,1.4596,0.4865,0.4865,0.4865,0,1.4596,0.973,1.4596,0,0.4865,0.973,0,0.4865,0.0002,0,0,0,0.0001,0.0001,0.0001,0.0001,0,0,0,0,0.0001,0.0001,0.0001,0,0,0.0001,0,0,0.2475,0.266,0.2475,0.266,1
0,0,0.6092,1.2184,0,0,0,0.6092,0.6092,1.8276,0.6092,0,0,0,1.8276,0,1.2184,0.6092,0.6092,0,0,0,0.0001,0.0001,0,0,0,0.0001,0.0001,0.0002,0.0001,0,0,0,0.0002,0,0.0001,0.0001,0.0001,0,0.2034,0.1874,0.2034,0.1874,1
0,0.6435,0.6435,0,1.287,0.6435,0,0,1.9305,0.6435,1.287,0.6435,0,0,1.287,0,1.287,0,0,0.6435,0,0.0001,0.0001,0,0.0001,0.0001,0,0,0.0002,0.0001,0.0001,0.0001,0,0,0.0001,0,0.0001,0,0,0.0001,0.1797,0.1768,0.1797,0.1768,1
2.44,0.61,0.61,0,1.22,1.22,0.61,0,0.61,1.22,0.61,0,0.61,0,0,1.22,0.61,3.05,0,0.61,0.0001,0,0,0,0.0001,0.0001,0,0,0,0.0001,0,0,0,0,0,0.0001,0,0.0002,0,0,0.2105,0.1795,0.2105,0.1795,1
0,1.5676,0.5225,0,0,0.5225,1.5676,0.5225,1.0451,0,1.5676,1.0451,0.5225,0,1.0451,0,2.0901,0.5225,0,0.5225,0,0.0001,0,0,0,0,0.0001,0,0.0001,0,0.0001,0.0001,0,0,0.0001,0,0.0001,0,0,0,0.246,0.2314,0.246,0.2314,1
0.9678,0.4839,0.9678,0,0.4839,0,1.4517,0.9678,2.4195,0.4839,0.4839,1.9356,0,0.4839,0,0.4839,1.4517,0.4839,0,0.9678,0.0001,0,0.0001,0,0,0,0.0001,0.0001,0.0002,0,0,0.0001,0,0,0,0,0.0001,0,0,0.0001,0.2574,0.2587,0.2574,0.2587,1
1.4916,1.4916,0,0.4972,0.9944,0.9944,0,0.4972,0.9944,0.4972,1.4916,0.4972,0,0,0.9944,0.4972,0,0,0.4972,0.9944,0.0001,0.0001,0,0,0.0001,0.0001,0,0,0.0001,0,0.0001,0,0,0,0.0001,0,0,0,0,0.0001,0.2422,0.2605,0.2422,0.2605,1
0.5712,0,1.1424,0.5712,0.5712,0.5712,0,0.5712,1.1424,0.5712,0.5712,0.5712,0.5712,1.1424,0.5712,0,1.1424,1.1424,0.5712,0,0.0001,0,0.0001,0.0001,0.0001,0.0001,0,0.0001,0.0001,0.0001,0.0001,0.0001,0.0001,0.0001,0.0001,0,0.0001,0.0001,0.0001,0,0.2081,0.2207,0.2081,0.2207,1
3.3763,0,2.5322,0.8441,0,0,0,0.8441,0,0,0,0,0,0,0,0,0.8441,2.5322,0,0.8441,0.0007,0,0.0005,0.0002,0,0,0,0.0002,0,0,0,0,0,0,0,0,0.0002,0.0005,0,0.0002,0.0572,0.0987,0.0572,0.0987,1
3.3543,0.6709,0.6709,2.0126,0.6709,0,0,0,0,0.6709,0,0,0,0,0,0,0.6709,1.3417,0,0.6709,0.0003,0.0001,0.0001,0.0002,0.0001,0,0,0,0,0.0001,0,0,0,0,0,0,0.0001,0.0001,0,0.0001,0.218,0.1112,0.218,0.1112,1
0,0.5441,1.6324,0.5441,0,0,0,1.0883,0,1.0883,0,0.5441,0,0.5441,0.5441,1.0883,0,0.5441,1.6324,0,0,0,0.0001,0,0,0,0,0.0001,0,0.0001,0,0,0,0,0,0.0001,0,0,0.0001,0,0.2042,0.2516,0.2042,0.2516,1
0,0,0,0,1.6854,0,0,0,3.3708,2.5281,0,0,0.8427,0,0,0,0.8427,0.8427,0,0.8427,0,0,0,0,0.0004,0,0,0,0.0008,0.0006,0,0,0.0002,0,0,0,0.0002,0.0002,0,0.0002,0.0598,0.0975,0.0598,0.0975,1
2.4856,1.657,1.657,0,0.8285,0,0,0,0,0,0.8285,0,0,0,0,1.657,0,1.657,0,0.8285,0.0001,0.0001,0.0001,0,0,0,0,0,0,0,0,0,0,0,0,0.0001,0,0.0001,0,0,0.0897,0.0818,0.0897,0.0818,1
1.1564,1.1564,0,0,0,1.1564,0.5782,1.1564,0.5782,1.7346,0.5782,0.5782,0.5782,0.5782,1.1564,0.5782,1.7346,1.1564,0,0,0.0001,0.0001,0,0,0,0.0001,0,0.0001,0,0.0001,0,0,0,0,0.0001,0,0.0001,0.0001,0,0,0.1936,0.2282,0.1936,0.2282,1
0.7363,1.4726,0,0,0.7363,1.4726,0,0,0.7363,0,0.7363,0,1.4726,0.7363,0,1.4726,1.4726,2.9452,0.7363,0,0,0.0001,0,0,0,0.0001,0,0,0,0,0,0,0.0001,0,0,0.0001,0.0001,0.0002,0,0,0.1254,0.1383,0.1254,0.1383,1
2.8227,0,0.7057,0.7057,0,2.8227,0,0.7057,0,2.8227,1.4114,0.7057,0,0,0,0,0.7057,0,0,0,0.0003,0,0.0001,0.0001,0,0.0003,0,0.0001,0,0.0003,0.0001,0.0001,0,0,0,0,0.0001,0,0,0,0.1481,0.1463,0.1481,0.1463,1
0.7702,0,0.7702,0,0,1.5403,0,0,0,3.8508,0,0.7702,0,0,0,0,0,0,0,0,0.0001,0,0.0001,0,0,0.0001,0,0,0,0.0004,0,0.0001,0,0,0,0,0,0,0,0,0.1063,0.1235,0.1063,0.1235,1
0.8653,0.4326,0.8653,2.1631,0,0,0,0.8653,1.2979,3.0284,0,1.2979,0,0,0,0.4326,1.2979,0.4326,0,0,0.0001,0,0.0001,0.0001,0,0,0,0.0001,0.0001,0.0002,0,0.0001,0,0,0,0,0.0001,0,0,0,0.2572,0.3101,0.2572,0.3101,1
1.0048,0,1.0048,2.512,1.5072,0.5024,0.5024,0,0.5024,0.5024,0.5024,0.5024,0,0.5024,0,0.5024,2.0096,2.0096,0,0,0.0001,0,0.0001,0.0002,0.0001,0,0,0,0,0,0,0,0,0,0,0,0.0001,0.0001,0,0,0.2952,0.2024,0.2952,0.2024,1
3.5251,0,0.5875,0.5875,0.5875,2.35,0,0.5875,0.5875,2.35,0,1.175,0.5875,0,0,1.7625,0.5875,0.5875,0,0.5875,0.0002,0,0,0,0,0.0001,0,0,0,0.0001,0,0.0001,0,0,0,0.0001,0,0,0,0,0.1827,0.2298,0.1827,0.2298,1
0.6008,0,0,0.6008,0,0.6008,0.6008,0,0.6008,3.6047,0,1.2016,0,0.6008,0.6008,0.6008,1.2016,0.6008,0.6008,0,0.0001,0,0,0.0001,0,0.0001,0.0001,0,0.0001,0.0003,0,0.0001,0,0.0001,0.0001,0.0001,0.0001,0.0001,0.0001,0,0.2032,0.196,0.2032,0.196,1
1.9537,0,0,0.4884,0,1.9537,0,0.4884,2.4421,1.9537,0,0.9769,0,0,0,1.9537,0,0.9769,0,0.4884,0.0001,0,0,0,0,0.0001,0,0,0.0002,0.0001,0,0.0001,0,0,0,0.0001,0,0.0001,0,0,0.2589,0.2526,0.2589,0.2526,1
0.698,0,1.3959,1.3959,0,1.3959,0,0.698,1.3959,1.3959,0,0,0,0,0,0,0,1.3959,0,0.698,0.0001,0,0.0002,0.0002,0,0.0002,0,0.0001,0.0002,0.0002,0,0,0,0,0,0,0,0.0002,0,0.0001,0.16,0.1421,0.16,0.1421,1
0,0.5665,1.1329,0.5665,0.5665,1.1329,0,0.5665,0.5665,0.5665,0,1.1329,1.1329,0.5665,0.5665,0.5665,0.5665,0.5665,0,0.5665,0,0,0.0001,0,0,0.0001,0,0,0,0,0,0.0001,0.0001,0,0,0,0,0,0,0,0.209,0.2246,0.209,0.2246,1
0,1.0537,0,0,0.5269,0.5269,0.5269,0.5269,0.5269,1.0537,1.0537,0,0,0,2.6343,0.5269,0.5269,1.0537,0.5269,0,0,0.0001,0,0,0,0,0,0,0,0.0001,0.0001,0,0,0,0.0002,0,0,0.0001,0,0,0.2355,0.2377,0.2355,0.2377,1
0.4942,0.4942,0.4942,0.4942,0.9884,0.4942,0.4942,0.9884,0.4942,0.4942,0.4942,0.4942,0,1.9768,0.9884,0,0.9884,0.4942,0.9884,1.4826,0,0,0,0,0.0001,0,0,0.0001,0,0,0,0,0,0.0001,0.0001,0,0.0001,0,0.0001,0.0001,0.27,0.2357,0.27,0.2357,1
2.3258,0,0,1.1629,0,1.1629,0.5814,0,0.5814,1.1629,0.5814,0,0,0.5814,1.1629,0.5814,1.7443,0,0,0,0.0003,0,0,0.0002,0,0.0002,0.0001,0,0.0001,0.0002,0.0001,0,0,0.0001,0.0002,0.0001,0.0002,0,0,0,0.1875,0.2311,0.1875,0.2311,1
1.3433,0,0,0,0,1.3433,0,0.6716,1.3433,1.3433,0,0,0.6716,0,0,0,1.3433,2.6866,1.3433,0,0.0002,0,0,0,0,0.0002,0,0.0001,0.0002,0.0002,0,0,0.0001,0,0,0,0.0002,0.0003,0.0002,0,0.1716,0.1568,0.1716,0.1568,1
0.8465,0,0,0,2.5396,0,0,0,3.3861,2.5396,0,0,0.8465,0,0,0,0,0.8465,0,0,0.0002,0,0,0,0.0006,0,0,0,0.0008,0.0006,0,0,0.0002,0,0,0,0,0.0002,0,0,0.0549,0.0986,0.0549,0.0986,1
0.4648,0,0,1.3943,0,0,0,0.4648,1.3943,0.4648,1.8591,1.3943,0.4648,0,0.9295,0,0.9295,1.3943,0.9295,0.9295,0,0,0,0.0001,0,0,0,0,0.0001,0,0.0002,0.0001,0,0,0.0001,0,0.0001,0.0001,0.0001,0.0001,0.2296,0.3057,0.2296,0.3057,1
1.7748,3.5496,1.1832,0,1.1832,2.3664,0,0.5916,0.5916,0,0.5916,1.1832,0,0,0.5916,1.7748,1.1832,1.1832,0,0,0.0001,0.0001,0,0,0,0.0001,0,0,0,0,0,0,0,0,0,0.0001,0,0,0,0,0.2248,0.1836,0.2248,0.1836,1
0.4713,2.8276,0.4713,0,1.4138,0.9425,0,0.4713,0,0.9425,0.4713,0,0.4713,0.4713,2.8276,0.4713,0.9425,0,0.4713,0.4713,0,0.0001,0,0,0.0001,0,0,0,0,0,0,0,0,0,0.0001,0,0,0,0,0,0.2549,0.2739,0.2549,0.2739,1
1.3696,0,0,0.6848,0,0.6848,0,0.6848,0,3.4241,0.6848,0,0,0,0.6848,0,1.3696,2.0544,0.6848,0,0.0002,0,0,0.0001,0,0.0001,0,0.0001,0,0.0004,0.0001,0,0,0,0.0001,0,0.0002,0.0003,0.0001,0,0.1735,0.1417,0.1735,0.1417,1
0.7116,0,0,0,0,0,0.7116,0.7116,0.7116,1.4233,0.7116,0,0,0.7116,0.7116,0.7116,0.7116,0,0,1.4233,0.0001,0,0,0,0,0,0.0001,0.0001,0.0001,0.0002,0.0001,0,0,0.0001,0.0001,0.0001,0.0001,0,0,0.0002,0.1709,0.1175,0.1709,0.1175,1
2.0093,0,0,0.6698,0,0,0.6698,0.6698,0.6698,0,0.6698,0,2.0093,0.6698,0.6698,2.0093,1.3395,0.6698,0.6698,0.6698,0.0002,0,0,0.0001,0,0,0.0001,0.0001,0.0001,0,0.0001,0,0.0002,0.0001,0.0001,0.0002,0.0001,0.0001,0.0001,0.0001,0.1358,0.1944,0.1358,0.1944,1
4.2996,0,0,0,0,0,0,0.7166,2.1498,0.7166,0.7166,0,0,0,0.7166,0,0,2.8664,0.7166,0,0.0007,0,0,0,0,0,0,0.0001,0.0003,0.0001,0.0001,0,0,0,0.0001,0,0,0.0004,0.0001,0,0.1503,0.1331,0.1503,0.1331,1
1.1971,0,0.5986,0,0,1.7957,0,0,0.5986,2.3943,0,0.5986,0,0,1.1971,0.5986,0,0,0,0,0.0001,0,0.0001,0,0,0.0002,0,0,0.0001,0.0002,0,0.0001,0,0,0.0001,0.0001,0,0,0,0,0.2207,0.1808,0.2207,0.1808,1
0.6333,0,0,0.6333,1.2666,1.2666,0.6333,0,0,0.6333,0.6333,0,0.6333,0,1.2666,0,1.8998,2.5331,1.2666,0,0.0001,0,0,0.0001,0.0001,0.0001,0.0001,0,0,0.0001,0.0001,0,0.0001,0,0.0001,0,0.0002,0.0003,0.0001,0,0.1622,0.2045,0.1622,0.2045,1
0,5.4059,0,0.6007,0,1.802,0,1.2013,1.2013,0,0.6007,1.2013,1.802,0,0.6007,0.6007,1.802,0.6007,0,0.6007,0,0.0002,0,0,0,0.0001,0,0,0,0,0,0,0.0001,0,0,0,0.0001,0,0,0,0.2303,0.1691,0.2303,0.1691,1
1.4674,0,0.9783,0,0,0.9783,0,1.4674,1.9565,0,0.9783,0.4891,0,0,1.4674,0,0,0,0,0,0.0001,0,0.0001,0,0,0.0001,0,0.0001,0.0002,0,0.0001,0,0,0,0.0001,0,0,0,0,0,0.2371,0.2737,0.2371,0.2737,1
1.0008,0,0,0.5004,0.5004,0,0.5004,0,2.0016,0,0.5004,1.0008,0.5004,0.5004,1.5012,0,1.5012,0,0,1.5012,0.0001,0,0,0.0001,0.0001,0,0.0001,0,0.0003,0,0.0001,0.0001,0.0001,0.0001,0.0002,0,0.0002,0,0,0.0002,0.3066,0.193,0.3066,0.193,1
1.9017,0,0.4754,0,1.9017,2.8526,0.4754,0,0,1.4263,0,0,0,0.4754,0.9509,0.9509,0.4754,1.4263,0.4754,0.4754,0.0001,0,0,0,0.0001,0.0002,0,0,0,0.0001,0,0,0,0,0.0001,0.0001,0,0.0001,0,0,0.264,0.2606,0.264,0.2606,1
1.9953,0,0,0,1.9953,1.3302,1.3302,0,0,3.3256,0,1.3302,1.9953,0.6651,0,0.6651,0,0,0.6651,0,0.0002,0,0,0,0.0002,0.0001,0.0001,0,0,0.0003,0,0.0001,0.0002,0.0001,0,0.0001,0,0,0.0001,0,0.1793,0.1556,0.1793,0.1556,1
1.2968,0.6484,0.6484,0,1.9452,0.6484,0,0,0,0.6484,0,0,0.6484,0,1.2968,0.6484,0,0.6484,0.6484,0,0.0001,0.0001,0.0001,0,0.0002,0.0001,0,0,0,0.0001,0,0,0.0001,0,0.0001,0.0001,0,0.0001,0.0001,0,0.1641,0.1875,0.1641,0.1875,1
0,2.5324,0.8441,0,0,0,0,0,0,2.5324,3.3766,0.8441,0.8441,0,0,0,0,0.8441,0,0,0,0.0001,0,0,0,0,0,0,0,0.0001,0.0002,0,0,0,0,0,0,0,0,0,0.0892,0.0667,0.0892,0.0667,1
0.404,0,0.404,3.2317,0,0,0.404,1.2119,3.2317,0.404,0,0,0,0.8079,0,0.404,0.404,0,0.8079,0.404,0,0,0,0.0003,0,0,0,0.0001,0.0003,0,0,0,0,0.0001,0,0,0,0,0.0001,0,0.2561,0.3399,0.2561,0.3399,1
0,0.5348,1.6045,1.0696,0.5348,0,0,1.0696,0,1.6045,0,0,0,0.5348,0,1.0696,0,0,1.6045,0,0,0,0.0001,0.0001,0,0,0,0.0001,0,0.0001,0,0,0,0,0,0.0001,0,0,0.0001,0,0.2143,0.2509,0.2143,0.2509,1
1.3907,2.086,0.6953,0,0.6953,0.6953,0.6953,1.3907,0,0.6953,1.3907,0.6953,2.086,0,0,0,0.6953,0,0.6953,0,0.0001,0.0001,0,0,0,0,0,0.0001,0,0,0.0001,0,0.0001,0,0,0,0,0,0,0,0.1706,0.1341,0.1706,0.1341,1
0,0,0,0,0,2.9763,2.381,0.5953,0,0,0,0.5953,0,0,1.1905,0.5953,0,1.1905,0,0,0,0,0,0,0,0.0004,0.0003,0.0001,0,0,0,0.0001,0,0,0.0002,0.0001,0,0.0002,0,0,0.244,0.1608,0.244,0.1608,1
0,0.5172,1.0345,0,0,0.5172,0.5172,0,0,1.5517,0,0.5172,1.0345,1.5517,0.5172,1.0345,1.0345,1.5517,1.5517,1.5517,0,0,0.0001,0,0,0,0,0,0,0.0001,0,0,0.0001,0.0001,0,0.0001,0.0001,0.0001,0.0001,0.0001,0.2396,0.2432,0.2396,0.2432,1
2.8526,0,0,0,0.4754,0,0,1.4263,4.2789,0.9509,0,0,0,0,0,0,0,0.9509,0,0,0.0003,0,0,0,0.0001,0,0,0.0002,0.0005,0.0001,0,0,0,0,0,0,0,0.0001,0,0,0.2187,0.3059,0.2187,0.3059,1
0.7343,2.2029,0.7343,0,0.7343,0,0,1.4686,0,0.7343,1.4686,2.2029,0.7343,0,0,0.7343,1.4686,0.7343,0.7343,0,0,0.0001,0,0,0,0,0,0.0001,0,0,0.0001,0.0001,0,0,0,0,0.0001,0,0,0,0.1504,0.1153,0.1504,0.1153,1
1.4568,0,0,0,0,0,0,0,4.3704,0.7284,0,0,0,0,0,0,0.7284,2.1852,0,0.7284,0.0003,0,0,0,0,0,0,0,0.0009,0.0002,0,0,0,0,0,0,0.0002,0.0005,0,0.0002,0.1349,0.1367,0.1349,0.1367,1
0,0,0,0.8005,0,0,0.8005,0,0,0.8005,0,1.601,0,0,0.8005,0,3.202,0,0.8005,0,0,0,0,0.0002,0,0,0.0002,0,0,0.0002,0,0.0003,0,0,0.0002,0,0.0006,0,0.0002,0,0.0945,0.105,0.0945,0.105,1
0,0,0.5654,0,0,1.1308,0,1.6962,0,1.1308,0,1.1308,0.5654,0,1.6962,0.5654,0,2.2616,0,0.5654,0,0,0,0,0,0.0001,0,0.0001,0,0.0001,0,0.0001,0,0,0.0001,0,0,0.0002,0,0,0.2212,0.2134,0.2212,0.2134,1
0.671,0,0,0.671,3.355,0.671,0.671,0.671,0.671,0,0,0.671,0.671,0,0.671,0.671,0,0,0,0,0.0001,0,0,0.0001,0.0006,0.0001,0.0001,0.0001,0.0001,0,0,0.0001,0.0001,0,0.0001,0.0001,0,0,0,0,0.1704,0.1586,0.1704,0.1586,1
0.5416,0,0,0.5416,0.5416,2.1664,0,0,0.5416,2.708,0.5416,0.5416,1.0832,1.0832,1.6248,0,0,0.5416,0,0.5416,0,0,0,0,0,0.0002,0,0,0,0.0002,0,0,0.0001,0.0001,0.0001,0,0,0,0,0,0.2143,0.2441,0.2143,0.2441,1
3.0142,0,0,0.6028,0,1.2057,0.6028,0,0.6028,1.8085,0.6028,0.6028,0,0,0.6028,0,1.2057,0,0,0,0.0004,0,0,0.0001,0,0.0002,0.0001,0,0.0001,0.0002,0.0001,0.0001,0,0,0.0001,0,0.0002,0,0,0,0.1978,0.1994,0.1978,0.1994,1
1.2267,0,0.6133,0,0,1.84,0,0,0.6133,1.2267,0.6133,0.6133,0,0,1.2267,1.2267,0,0,0,0,0.0001,0,0.0001,0,0,0.0002,0,0,0.0001,0.0001,0.0001,0.0001,0,0,0.0001,0.0001,0,0,0,0,0.211,0.1757,0.211,0.1757,1
1.1133,1.1133,0,0.5566,1.6699,1.6699,0,0.5566,0.5566,0.5566,1.1133,1.1133,1.1133,0.5566,0.5566,0,0.5566,2.7832,0.5566,0.5566,0.0001,0.0001,0,0,0.0001,0.0001,0,0,0,0,0.0001,0.0001,0.0001,0,0,0,0,0.0001,0,0,0.2008,0.2425,0.2008,0.2425,1
1.4364,0,1.4364,1.4364,0,0.4788,0.9576,1.9152,0,1.4364,0.4788,0.9576,0,0.4788,0.4788,0,1.4364,0.4788,0.4788,0,0.0001,0,0.0001,0.0001,0,0,0.0001,0.0001,0,0.0001,0,0.0001,0,0,0,0,0.0001,0,0,0,0.2019,0.3193,0.2019,0.3193,1
2.2487,0.5622,0,1.1244,0,0,0,0,0,0,0.5622,0.5622,0,0,5.0597,0,1.1244,0,0.5622,0,0.0003,0.0001,0,0.0001,0,0,0,0,0,0,0.0001,0.0001,0,0,0.0006,0,0.0001,0,0.0001,0,0.21,0.2279,0.21,0.2279,1
0.8324,0,0,0,0,0.8324,0,0,1.6648,2.4973,0,0,0.8324,0,1.6648,0,0,2.4973,0,0,0.0002,0,0,0,0,0.0002,0,0,0.0003,0.0005,0,0,0.0002,0,0.0003,0,0,0.0005,0,0,0.0687,0.0989,0.0687,0.0989,1
1.9891,0,0,0,0,1.326,0,0,0.663,0.663,0,0,0.663,0,1.326,0.663,0,1.326,0.663,0.663,0.0002,0,0,0,0,0.0001,0,0,0.0001,0.0001,0,0,0.0001,0,0.0001,0.0001,0,0.0001,0.0001,0.0001,0.2026,0.1343,0.2026,0.1343,1
0,3.3752,0,0,1.1251,1.6876,0,0,0,1.1251,0,0.5625,0,0,2.2501,0,0,0,0,0,0,0.0002,0,0,0.0001,0.0001,0,0,0,0.0001,0,0,0,0,0.0001,0,0,0,0,0,0.2234,0.214,0.2234,0.214,1
0,1.546,0,0,1.0307,0.5153,1.0307,0,1.546,2.0614,0.5153,0.5153,0.5153,0,0.5153,0.5153,1.0307,0.5153,0.5153,0.5153,0,0.0001,0,0,0.0001,0,0.0001,0,0.0001,0.0001,0,0,0,0,0,0,0.0001,0,0,0,0.2259,0.2588,0.2259,0.2588,1
0.686,0,2.058,0,0,0,0,0.686,0.686,1.372,0,0.686,0,0,0,0.686,0,0,0.686,0,0.0001,0,0.0002,0,0,0,0,0.0001,0.0001,0.0001,0,0.0001,0,0,0,0.0001,0,0,0.0001,0,0.1972,0.1168,0.1972,0.1168,1
1.4245,0,0,0.7123,0.7123,1.4245,0,0,0.7123,1.4245,0,0,0.7123,0.7123,0,0,0,0,0.7123,0,0.0002,0,0,0.0001,0.0001,0.0002,0,0,0.0001,0.0002,0,0,0.0001,0.0001,0,0,0,0,0.0001,0,0.1633,0.1244,0.1633,0.1244,1
1.4168,0,0.7084,0,0.7084,0,0,0.7084,0.7084,2.1252,0.7084,1.4168,1.4168,0.7084,0,1.4168,0.7084,1.4168,0,0,0.0001,0,0.0001,0,0.0001,0,0,0.0001,0.0001,0.0002,0.0001,0.0001,0.0001,0.0001,0,0.0001,0.0001,0.0001,0,0,0.1584,0.1331,0.1584,0.1331,1
2.5006,0.5001,1.0002,0,3.0007,0,1.5004,0,2.5006,0.5001,1.0002,0,0,0,0,0.5001,0.5001,1.0002,0,0,0.0002,0,0.0001,0,0.0002,0,0.0001,0,0.0002,0,0.0001,0,0,0,0,0,0,0.0001,0,0,0.2278,0.2721,0.2278,0.2721,1
0,0,0,0,0.6512,1.3024,1.3024,1.3024,0,0.6512,0,1.3024,0,0,0,0,0,0.6512,1.3024,0,0,0,0,0,0.0001,0.0001,0.0001,0.0001,0,0.0001,0,0.0001,0,0,0,0,0,0.0001,0.0001,0,0.1707,0.1781,0.1707,0.1781,1
1.1722,0.5861,0.5861,0.5861,1.1722,0,0.5861,0.5861,0.5861,0.5861,1.7583,0,0.5861,0,1.1722,0.5861,0.5861,1.7583,0,0.5861,0.0001,0.0001,0.0001,0.0001,0.0001,0,0.0001,0.0001,0.0001,0.0001,0.0002,0,0.0001,0,0.0001,0.0001,0.0001,0.0002,0,0.0001,0.2359,0.178,0.2359,0.178,1
0.5567,0.5567,0.5567,0,0,0.5567,0,1.1133,1.1133,0.5567,2.2266,0,2.2266,0,3.8966,0,0,0.5567,0,0,0,0,0,0,0,0,0,0.0001,0.0001,0,0.0002,0,0.0002,0,0.0003,0,0,0,0,0,0.1899,0.2534,0.1899,0.2534,1
2.0012,1.3341,1.3341,0,2.0012,0,0,0.6671,0,0,0.6671,0.6671,0.6671,0,0.6671,0,0,0.6671,0,0,0.0001,0.0001,0.0001,0,0.0001,0,0,0,0,0,0,0,0,0,0,0,0,0,0,0,0.1584,0.1745,0.1584,0.1745,1
0,0,0,0,0,0,0,0,2.6705,0,0,0.8902,0,0,5.3409,0,0,0,0,0,0,0,0,0,0,0,0,0,0.002,0,0,0.0007,0,0,0.004,0,0,0,0,0,0.0595,0.0503,0.0595,0.0503,1
0,4.0662,0,0.5809,0.5809,2.3236,0,1.1618,1.7427,0,1.1618,1.1618,1.7427,0,0.5809,1.1618,1.1618,0,0,0,0,0.0001,0,0,0,0.0001,0,0,0.0001,0,0,0,0.0001,0,0,0,0,0,0,0,0.2126,0.2065,0.2126,0.2065,1
0.4713,0.4713,0,0,0.9426,0.4713,0.4713,0.4713,1.414,0,0,0,0,0,2.8279,0,0.4713,0.4713,0.9426,0.4713,0.0001,0.0001,0,0,0.0001,0.0001,0.0001,0.0001,0.0002,0,0,0,0,0,0.0003,0,0.0001,0.0001,0.0001,0.0001,0.3302,0.1985,0.3302,0.1985,1
0.5823,0,1.7468,0,0,0,0,1.1645,1.7468,0.5823,0.5823,1.7468,0,0,0.5823,0,1.7468,0,0,1.1645,0.0001,0,0.0002,0,0,0,0,0.0001,0.0002,0.0001,0.0001,0.0002,0,0,0.0001,0,0.0002,0,0,0.0001,0.217,0.2008,0.217,0.2008,1
3.0541,0,0,0.7635,0,2.2906,0,0,0,3.8177,0.7635,0,0,0.7635,0,1.5271,0.7635,0.7635,0,0,0.0003,0,0,0.0001,0,0.0002,0,0,0,0.0004,0.0001,0,0,0.0001,0,0.0001,0.0001,0.0001,0,0,0.12,0.1165,0.12,0.1165,1
0.5774,0,1.7321,0,0,0,0,1.1547,0.5774,1.7321,0,0.5774,0,0.5774,0.5774,1.1547,0.5774,0.5774,1.1547,0.5774,0,0,0.0001,0,0,0,0,0.0001,0,0.0001,0,0,0,0,0,0.0001,0,0,0.0001,0,0.2187,0.204,0.2187,0.204,1
0,0,0.8015,0,0.8015,0,0,0,0,2.4045,0.8015,0.8015,0.8015,0,0.8015,0,0.8015,0.8015,0,0,0,0,0.0001,0,0.0001,0,0,0,0,0.0004,0.0001,0.0001,0.0001,0,0.0001,0,0.0001,0.0001,0,0,0.1143,0.0842,0.1143,0.0842,1
1.7514,0,0,0,0,1.1676,1.1676,1.1676,0.5838,2.3351,0,0,1.1676,0,0.5838,1.1676,0.5838,2.9189,0,0,0.0001,0,0,0,0,0.0001,0.0001,0.0001,0,0.0002,0,0,0.0001,0,0,0.0001,0,0.0002,0,0,0.1857,0.2305,0.1857,0.2305,1
1.3561,0,2.0342,0,0,0.6781,0,0,0,3.3904,0,0,0,0.6781,0,0,0,0,0,0,0.0001,0,0.0002,0,0,0.0001,0,0,0,0.0003,0,0,0,0.0001,0,0,0,0,0,0,0.1345,0.1874,0.1345,0.1874,1
0,0,0,0.5585,1.1169,0.5585,0.5585,1.1169,0,2.2339,0,0.5585,0,0.5585,7.2601,0.5585,0,0.5585,0,0,0,0,0,0.0001,0.0001,0.0001,0.0001,0.0001,0,0.0003,0,0.0001,0,0.0001,0.0008,0.0001,0,0.0001,0,0,0.2382,0.2033,0.2382,0.2033,1
0.574,3.4442,0.574,0.574,0.574,2.8701,0,0,0.574,0.574,0.574,0.574,2.2961,0,0.574,0,2.2961,0.574,0.574,0,0,0.0001,0,0,0,0.0001,0,0,0,0,0,0,0.0001,0,0,0,0.0001,0,0,0,0.215,0.2109,0.215,0.2109,1
0.6046,0,1.2091,0,0.6046,1.2091,0.6046,0,0.6046,0.6046,0.6046,0.6046,0,0,0,0,1.8137,3.0229,0.6046,0.6046,0.0001,0,0.0001,0,0.0001,0.0001,0.0001,0,0.0001,0.0001,0.0001,0.0001,0,0,0,0,0.0002,0.0003,0.0001,0.0001,0.2151,0.1803,0.2151,0.1803,1
1.4787,2.9574,0.7394,0,0,1.4787,1.4787,0,0.7394,0,0.7394,0.7394,0,0,0,0,2.2181,0.7394,0,0,0.0001,0.0002,0,0,0,0.0001,0.0001,0,0,0,0,0,0,0,0,0,0.0001,0,0,0,0.0971,0.1635,0.0971,0.1635,1
0,0.7021,0,1.4042,0.7021,0.7021,0,0.7021,0,1.4042,1.4042,0,0.7021,0,0.7021,1.4042,0.7021,2.1063,0,1.4042,0,0.0001,0,0.0001,0.0001,0.0001,0,0.0001,0,0.0001,0.0001,0,0.0001,0,0.0001,0.0001,0.0001,0.0002,0,0.0001,0.1488,0.1491,0.1488,0.1491,1
1.572,1.048,0,0.524,0,1.048,1.048,1.048,1.572,2.096,0,1.048,1.048,0,0,0,1.048,2.096,0,0.524,0.0001,0.0001,0,0,0,0.0001,0.0001,0.0001,0.0001,0.0001,0,0.0001,0.0001,0,0,0,0.0001,0.0001,0,0,0.2542,0.2217,0.2542,0.2217,1
1.6267,0,1.6267,1.6267,1.0845,0,0,0,0,1.0845,0,0.5422,2.1689,0,0.5422,0,0.5422,0,0.5422,0,0.0001,0,0.0001,0.0001,0.0001,0,0,0,0,0.0001,0,0,0.0002,0,0,0,0,0,0,0,0.2716,0.1862,0.2716,0.1862,1
0,2.1781,0,0,1.089,1.6336,0,0,0,1.089,0,0,0.5445,0,2.7226,0,0,1.6336,0,0.5445,0,0.0001,0,0,0.0001,0.0001,0,0,0,0.0001,0,0,0,0,0.0002,0,0,0.0001,0,0,0.2525,0.203,0.2525,0.203,1
1.106,1.106,0.553,1.106,0,0,1.659,0.553,1.106,0,1.106,0,0,0,0.553,0,0.553,1.659,0,0,0.0001,0.0001,0,0.0001,0,0,0.0001,0,0.0001,0,0.0001,0,0,0,0,0,0,0.0001,0,0,0.2505,0.1965,0.2505,0.1965,1
0.5687,1.1373,0,0,1.1373,0,0,0.5687,2.2747,0,1.1373,1.1373,1.1373,0.5687,1.706,0.5687,1.1373,0.5687,0,0.5687,0,0.0001,0,0,0.0001,0,0,0,0.0001,0,0.0001,0.0001,0.0001,0,0.0001,0,0.0001,0,0,0,0.2589,0.1725,0.2589,0.1725,1
1.3868,0,0,0,0,2.0802,0.6934,2.0802,0,1.3868,1.3868,0,1.3868,0,4.8539,0,2.0802,1.3868,0,0.6934,0.0001,0,0,0,0,0.0002,0.0001,0.0002,0,0.0001,0.0001,0,0.0001,0,0.0005,0,0.0002,0.0001,0,0.0001,0.125,0.1816,0.125,0.1816,1
0,0,1.4011,0.7006,1.4011,0.7006,0,1.4011,0,2.8023,0,0.7006,0,0.7006,0,0,0.7006,0,0,0,0,0,0.0002,0.0001,0.0002,0.0001,0,0.0002,0,0.0003,0,0.0001,0,0.0001,0,0,0.0001,0,0,0,0.1644,0.1351,0.1644,0.1351,1
1.2163,0.6082,0,1.2163,0.6082,3.6489,0,0,0.6082,3.0408,0,1.2163,0,0,0,1.2163,1.2163,0.6082,0,0,0.0001,0,0,0.0001,0,0.0002,0,0,0,0.0002,0,0.0001,0,0,0,0.0001,0.0001,0,0,0,0.1891,0.2027,0.1891,0.2027,1
0.7256,0,0,0,0,0,0,1.4511,1.4511,0,0,0,0,0.7256,1.4511,0.7256,0,0.7256,0,0,0.0002,0,0,0,0,0,0,0.0003,0.0003,0,0,0,0,0.0002,0.0003,0.0002,0,0.0002,0,0,0.1865,0.088,0.1865,0.088,1
2.419,0,0,0,0,0,0,0,3.2253,0,0,0.8063,0,0,0,0,0.8063,2.419,0,1.6127,0.0004,0,0,0,0,0,0,0,0.0005,0,0,0.0001,0,0,0,0,0.0001,0.0004,0,0.0003,0.0839,0.1097,0.0839,0.1097,1
0.5144,0,0.5144,0,1.0289,0,0.5144,1.5433,1.0289,0,0.5144,0.5144,0.5144,0,2.0578,0,0,0.5144,0,0,0.0001,0,0.0001,0,0.0001,0,0.0001,0.0002,0.0001,0,0.0001,0.0001,0.0001,0,0.0002,0,0,0.0001,0,0,0.2365,0.2491,0.2365,0.2491,1
0.52,0.52,1.56,0,0.52,0,1.04,1.04,1.04,2.0799,0,0,1.56,1.04,0.52,0,0.52,2.5999,0,0,0,0,0.0001,0,0,0,0.0001,0.0001,0.0001,0.0002,0,0,0.0001,0.0001,0,0,0,0.0002,0,0,0.3,0.18,0.3,0.18,1
1.7066,0,0.5689,0.5689,0,1.7066,0,0.5689,0.5689,1.7066,0.5689,1.1377,1.7066,0,0,0.5689,0,0.5689,0.5689,1.7066,0.0001,0,0,0,0,0.0001,0,0,0,0.0001,0,0.0001,0.0001,0,0,0,0,0,0,0.0001,0.2284,0.2028,0.2284,0.2028,1
0.588,0,1.7639,0,0,1.1759,0,0,1.1759,0.588,0.588,2.3518,0,0.588,0.588,0,1.7639,1.1759,0,0,0.0001,0,0.0002,0,0,0.0001,0,0,0.0001,0.0001,0.0001,0.0002,0,0.0001,0.0001,0,0.0002,0.0001,0,0,0.1685,0.2435,0.1685,0.2435,1
3.0759,0,0,0,0.769,0.769,0,2.3069,0.769,3.8449,0,0,1.538,0.769,0,0,0,1.538,0,0,0.0004,0,0,0,0.0001,0.0001,0,0.0003,0.0001,0.0005,0,0,0.0002,0.0001,0,0,0,0.0002,0,0,0.1039,0.1272,0.1039,0.1272,1
0.4508,0,0.9015,0.4508,0.9015,0,1.8031,0,0.9015,0.4508,0.9015,0.4508,0,0,0.9015,0.4508,2.7046,0.9015,0,1.3523,0,0,0.0001,0,0.0001,0,0.0002,0,0.0001,0,0.0001,0,0,0,0.0001,0,0.0003,0.0001,0,0.0001,0.2765,0.2728,0.2765,0.2728,1
0,0.6265,0.6265,0,0.6265,0.6265,0.6265,1.2529,0.6265,0.6265,0.6265,1.2529,0.6265,0,0.6265,0.6265,1.2529,1.8794,0,0.6265,0,0.0001,0.0001,0,0.0001,0.0001,0.0001,0.0001,0.0001,0.0001,0.0001,0.0001,0.0001,0,0.0001,0.0001,0.0001,0.0002,0,0.0001,0.1812,0.1924,0.1812,0.1924,1
0.6935,0,0,0.6935,0,0.6935,0,0,3.4675,1.387,0,0,0,0,0.6935,0.6935,0.6935,1.387,0,0,0.0001,0,0,0.0001,0,0.0001,0,0,0.0005,0.0002,0,0,0,0,0.0001,0.0001,0.0001,0.0002,0,0,0.1528,0.1537,0.1528,0.1537,1
0.4859,0,1.4576,0.9718,0.4859,0,0.4859,0,3.887,0.4859,0,0.9718,0,0.4859,0.4859,0,0,1.9435,0,0.4859,0,0,0.0001,0.0001,0,0,0,0,0.0003,0,0,0.0001,0,0,0,0,0,0.0002,0,0,0.2936,0.2206,0.2936,0.2206,1
3.6211,0,0.4526,0,0,1.3579,0.4526,0.4526,2.2632,2.2632,0.9053,0.4526,0,0,0,0.4526,0.4526,0,0.4526,0,0.0003,0,0,0,0,0.0001,0,0,0.0002,0.0002,0.0001,0,0,0,0,0,0,0,0,0,0.2517,0.2956,0.2517,0.2956,1
0,0,0,0,0,0.7361,0,0,2.2084,0,0,0,0,0,5.1529,0,0,2.2084,0,0.7361,0,0,0,0,0,0.0002,0,0,0.0006,0,0,0,0,0,0.0013,0,0,0.0006,0,0.0002,0.1505,0.1134,0.1505,0.1134,1
1.0092,0.5046,0,2.0184,0,0.5046,0.5046,1.5138,1.0092,1.0092,1.5138,0,0.5046,0,2.0184,0,1.5138,0.5046,0,0,0.0001,0,0,0.0002,0,0,0,0.0001,0.0001,0.0001,0.0001,0,0,0,0.0002,0,0.0001,0,0,0,0.2496,0.2458,0.2496,0.2458,1
0,0.5353,1.6058,0.5353,0.5353,0,0,0.5353,0.5353,1.0706,0,0,0,0,0.5353,1.0706,0.5353,0.5353,1.6058,0,0,0,0.0001,0,0,0,0,0,0,0.0001,0,0,0,0,0,0.0001,0,0,0.0001,0,0.245,0.2197,0.245,0.2197,1
0,1.2793,0,0,1.9189,1.9189,0,0,0.6396,1.2793,0,1.2793,0.6396,0.6396,0,0.6396,0.6396,0.6396,0.6396,0.6396,0,0.0001,0,0,0.0001,0.0001,0,0,0,0.0001,0,0.0001,0,0,0,0,0,0,0,0,0.1762,0.1842,0.1762,0.1842,1
0.5736,1.7209,0.5736,0,0,1.1473,0.5736,0,0,0.5736,1.1473,0,0.5736,0,1.1473,1.1473,2.8682,1.7209,0.5736,0.5736,0,0.0001,0,0,0,0.0001,0,0,0,0,0.0001,0,0,0,0.0001,0.0001,0.0002,0.0001,0,0,0.2314,0.195,0.2314,0.195,1
0.5693,3.4158,0,0.5693,0,1.7079,0,1.7079,1.1386,1.1386,0,0.5693,1.1386,0,0.5693,2.2772,0,1.7079,0,0.5693,0,0.0001,0,0,0,0.0001,0,0.0001,0,0,0,0,0,0,0,0.0001,0,0.0001,0,0,0.2323,0.1984,0.2323,0.1984,1
0.6878,0.6878,2.0634,0,0.6878,0,0,1.3756,0,1.3756,0.6878,0,0.6878,0,0,1.3756,0.6878,0.6878,0,0.6878,0,0,0.0001,0,0,0,0,0.0001,0,0.0001,0,0,0,0,0,0.0001,0,0,0,0,0.1647,0.1475,0.1647,0.1475,1
2.0003,0,0.6668,1.3335,0.6668,1.3335,0,0.6668,0,1.3335,0.6668,0.6668,0,0.6668,0,0.6668,0,0.6668,0,0.6668,0.0002,0,0.0001,0.0001,0.0001,0.0001,0,0.0001,0,0.0001,0.0001,0.0001,0,0.0001,0,0.0001,0,0.0001,0,0.0001,0.1712,0.162,0.1712,0.162,1
1.6645,0,0,0,0,0.8323,0,0,3.329,0.8323,0,0,0,0,0,0,0,3.329,0,0.8323,0.0004,0,0,0,0,0.0002,0,0,0.0008,0.0002,0,0,0,0,0,0,0,0.0008,0,0.0002,0.0687,0.0991,0.0687,0.0991,1
0.5304,0,1.5912,0,0,0,0.5304,1.0608,1.5912,0,1.0608,1.0608,0,0.5304,1.5912,0.5304,0.5304,3.1824,0,0,0,0,0.0001,0,0,0,0,0.0001,0.0001,0,0.0001,0.0001,0,0,0.0001,0,0,0.0003,0,0,0.2263,0.2433,0.2263,0.2433,1
0.5223,0.5223,1.5668,1.0445,0.5223,0,0,0.5223,0.5223,1.0445,0,0,0,0,0.5223,1.0445,0,0.5223,1.5668,0,0,0,0.0001,0.0001,0,0,0,0,0,0.0001,0,0,0,0,0,0.0001,0,0,0.0001,0,0.2854,0.1923,0.2854,0.1923,1
0,0.5686,0.5686,0.5686,0.5686,0.5686,0.5686,0,2.8428,0,2.8428,0,0.5686,0,2.2742,0,1.1371,2.2742,0,0.5686,0,0,0,0,0,0,0,0,0.0002,0,0.0002,0,0,0,0.0002,0,0.0001,0.0002,0,0,0.2186,0.2128,0.2186,0.2128,1
0,0.5741,0.5741,0,1.1482,1.1482,1.1482,0,1.7222,0,0.5741,2.2963,1.7222,0,3.4445,0,0.5741,0,0,0,0,0,0,0,0.0001,0.0001,0.0001,0,0.0001,0,0,0.0002,0.0001,0,0.0003,0,0,0,0,0,0.2075,0.2184,0.2075,0.2184,1
2.4986,0,0,0,1.2493,0,0.6246,0,1.2493,0.6246,0.6246,0,0,0,1.2493,0.6246,0,0,0,0.6246,0.0003,0,0,0,0.0002,0,0.0001,0,0.0002,0.0001,0.0001,0,0,0,0.0002,0.0001,0,0,0,0.0001,0.1702,0.2051,0.1702,0.2051,1
0.7364,1.4728,0.7364,0,0.7364,1.4728,0,0.7364,0,1.4728,0,0.7364,2.2092,0,0,0.7364,0,1.4728,1.4728,0.7364,0,0.0001,0,0,0,0.0001,0,0,0,0.0001,0,0,0.0001,0,0,0,0,0.0001,0.0001,0,0.1328,0.1308,0.1328,0.1308,1
1.0801,0,2.1603,0.5401,0,0,0.5401,0,1.6202,0.5401,0,0,0.5401,0,1.0801,0,0,2.7004,0,0,0.0001,0,0.0002,0,0,0,0,0,0.0001,0,0,0,0,0,0.0001,0,0,0.0002,0,0,0.2183,0.2417,0.2183,0.2417,1
0.6832,0,0,0,0,4.0991,0,0,0.6832,4.7822,0,0,0.6832,0,0,0,0.6832,1.3664,0,0,0.0001,0,0,0,0,0.0003,0,0,0.0001,0.0004,0,0,0.0001,0,0,0,0.0001,0.0001,0,0,0.134,0.1829,0.134,0.1829,1
0.6482,0,1.2963,0,1.2963,1.2963,0,0.6482,0.6482,0.6482,0,0,0.6482,0,0.6482,0,0,0,0.6482,0,0.0001,0,0.0001,0,0.0001,0.0001,0,0.0001,0.0001,0.0001,0,0,0.0001,0,0.0001,0,0,0,0.0001,0,0.1952,0.1567,0.1952,0.1567,1
0.5595,0,1.119,0,0.5595,0.5595,0.5595,0,1.119,0,1.6784,0.5595,0.5595,0,0.5595,0.5595,2.2379,2.2379,0.5595,0.5595,0,0,0.0001,0,0,0,0,0,0.0001,0,0.0001,0,0,0,0,0,0.0002,0.0002,0,0,0.2074,0.2331,0.2074,0.2331,1
0.7129,0,0,0,0,0,0,0.7129,0.7129,1.4258,0.7129,0.7129,0,0.7129,0.7129,0,0,0.7129,0,1.4258,0.0001,0,0,0,0,0,0,0.0001,0.0001,0.0003,0.0001,0.0001,0,0.0001,0.0001,0,0,0.0001,0,0.0003,0.1419,0.1452,0.1419,0.1452,1
0.5737,2.2948,0.5737,0,0.5737,1.1474,0,0,0.5737,1.1474,0,0.5737,0,0,2.2948,0,0,0,0,0,0,0.0001,0,0,0,0.0001,0,0,0,0.0001,0,0,0,0,0.0001,0,0,0,0,0,0.2024,0.2239,0.2024,0.2239,1
1.4656,0,0,0,0,2.1984,0,0,0.7328,2.1984,0,0,0,0,0.7328,0,0,0,0,0,0.0002,0,0,0,0,0.0003,0,0,0.0001,0.0003,0,0,0,0,0.0001,0,0,0,0,0,0.1486,0.1186,0.1486,0.1186,1
0,0,0,0.6962,0,0,0,0,1.3923,0,0,0,1.3923,0.6962,1.3923,0.6962,0.6962,0,1.3923,0.6962,0,0,0,0.0001,0,0,0,0,0.0002,0,0,0,0.0002,0.0001,0.0002,0.0001,0.0001,0,0.0002,0.0001,0.1487,0.1551,0.1487,0.1551,1
1.162,0,0.581,0.581,0.581,0.581,1.162,0.581,0,0,0,0,0,0,0.581,1.162,1.743,0,0.581,1.162,0.0001,0,0.0001,0.0001,0.0001,0.0001,0.0001,0.0001,0,0,0,0,0,0,0.0001,0.0001,0.0002,0,0.0001,0.0001,0.2016,0.2174,0.2016,0.2174,1
0,1.1348,0,0,1.7022,2.8371,0.5674,1.7022,0.5674,0.5674,0.5674,0.5674,0,0,0.5674,1.1348,0.5674,1.1348,0.5674,0,0,0.0001,0,0,0.0001,0.0001,0,0.0001,0,0,0,0,0,0,0,0.0001,0,0.0001,0,0,0.2012,0.2314,0.2012,0.2314,1
0,0.6688,1.3377,0.6688,0.6688,0,0,2.0065,0,1.3377,0.6688,0.6688,0.6688,0,0,2.6753,0,0,0,0,0,0,0.0001,0,0,0,0,0.0001,0,0.0001,0,0,0,0,0,0.0002,0,0,0,0,0.1739,0.1572,0.1739,0.1572,1
0,0.5052,0,1.5157,0.5052,0,2.5261,2.0209,0.5052,0.5052,1.0105,0,0,0.5052,0.5052,0,1.0105,0.5052,0,0.5052,0,0.0001,0,0.0002,0.0001,0,0.0003,0.0002,0.0001,0.0001,0.0001,0,0,0.0001,0.0001,0,0.0001,0.0001,0,0.0001,0.2644,0.2304,0.2644,0.2304,1
0,0.603,0,0,0.603,0,0.603,1.206,1.809,0,0,0,0.603,0.603,1.206,0,0.603,0.603,0,0,0,0.0001,0,0,0.0001,0,0.0001,0.0001,0.0002,0,0,0,0.0001,0.0001,0.0001,0,0.0001,0.0001,0,0,0.2456,0.1514,0.2456,0.1514,1
0.6155,0,0.6155,0.6155,0.6155,0.6155,0,1.2309,1.2309,1.2309,0,0,0,0,0,0,0,0.6155,0.6155,0,0.0001,0,0.0001,0.0001,0.0001,0.0001,0,0.0001,0.0001,0.0001,0,0,0,0,0,0,0,0.0001,0.0001,0,0.1703,0.2143,0.1703,0.2143,1
1.1115,1.1115,0,0.5557,0,1.1115,0,0.5557,0.5557,1.6672,0.5557,1.1115,1.6672,0,0.5557,0,0.5557,2.7787,1.6672,0.5557,0.0001,0.0001,0,0,0,0.0001,0,0,0,0.0001,0,0.0001,0.0001,0,0,0,0,0.0002,0.0001,0,0.2268,0.2174,0.2268,0.2174,1
0,1.2602,0.6301,0,1.2602,0.6301,0.6301,0,0.6301,0,0,0.6301,0.6301,0,0.6301,0.6301,0.6301,1.8903,0,0.6301,0,0.0001,0,0,0.0001,0,0,0,0,0,0,0,0,0,0,0,0,0.0001,0,0,0.2269,0.143,0.2269,0.143,1
0.4757,2.854,0,0,1.9026,0.4757,0,0,0.4757,1.9026,0.4757,0.9513,0.9513,0.4757,2.3783,0,0.4757,0,0,0.4757,0,0.0002,0,0,0.0001,0,0,0,0,0.0001,0,0.0001,0.0001,0,0.0001,0,0,0,0,0,0.2458,0.2786,0.2458,0.2786,1
0,1.1487,1.7231,0,0,1.1487,0.5744,0,1.1487,0.5744,0.5744,0.5744,0,0,0.5744,0,0.5744,1.1487,0,0,0,0.0001,0.0002,0,0,0.0001,0.0001,0,0.0001,0.0001,0.0001,0.0001,0,0,0.0001,0,0.0001,0.0001,0,0,0.2465,0.1792,0.2465,0.1792,1
1.588,0,0.5293,0.5293,0,1.0587,0,1.0587,2.1173,0,0,1.588,0,0.5293,3.176,0,2.1173,0.5293,0,0,0.0002,0,0.0001,0.0001,0,0.0001,0,0.0001,0.0002,0,0,0.0002,0,0.0001,0.0003,0,0.0002,0.0001,0,0,0.2484,0.2222,0.2484,0.2222,1
1.0022,1.5033,1.5033,0.5011,0,0,0.5011,1.0022,0.5011,0,1.0022,0,0,1.5033,2.0043,0,0,0.5011,0.5011,0,0.0001,0.0001,0.0001,0,0,0,0,0.0001,0,0,0.0001,0,0,0.0001,0.0002,0,0,0,0,0,0.2651,0.2338,0.2651,0.2338,1
0,1.0312,0.5156,0,1.0312,0.5156,0.5156,1.0312,2.0624,0,0,0,0.5156,0.5156,0.5156,0,0.5156,0,1.0312,0.5156,0,0.0001,0,0,0.0001,0,0,0.0001,0.0001,0,0,0,0,0,0,0,0,0,0.0001,0,0.2244,0.26,0.2244,0.26,1
0.5773,0,1.1546,0.5773,1.7318,0.5773,0,0,0.5773,0.5773,1.1546,0,0.5773,0.5773,0.5773,0,1.1546,0.5773,0,0,0.0001,0,0.0001,0.0001,0.0002,0.0001,0,0,0.0001,0.0001,0.0001,0,0.0001,0.0001,0.0001,0,0.0001,0.0001,0,0,0.2208,0.2019,0.2208,0.2019,1
0.5096,0,0.5096,0.5096,1.0191,0.5096,0.5096,0.5096,0,1.0191,0,1.0191,1.0191,0.5096,3.0573,0,0.5096,0.5096,0,1.5287,0.0001,0,0.0001,0.0001,0.0001,0.0001,0.0001,0.0001,0,0.0001,0,0.0001,0.0001,0.0001,0.0003,0,0.0001,0.0001,0,0.0002,0.2262,0.2642,0.2262,0.2642,1
0.5597,1.1194,1.6791,0,0,1.1194,0.5597,0.5597,0.5597,1.1194,0.5597,0,0,0,0,0.5597,0.5597,0.5597,1.6791,0.5597,0,0.0001,0.0001,0,0,0.0001,0,0,0,0.0001,0,0,0,0,0,0,0,0,0.0001,0,0.2684,0.1719,0.2684,0.1719,1
1.3326,0,0,0,0.6663,0,0,0.6663,0.6663,3.3315,0,0,0.6663,0,1.3326,0,0,0,0,0,0.0002,0,0,0,0.0001,0,0,0.0001,0.0001,0.0006,0,0,0.0001,0,0.0002,0,0,0,0,0,0.134,0.1997,0.134,0.1997,1
1.7465,0.5822,1.1643,0.5822,0,0,0.5822,0,1.1643,1.1643,0,0,0,0,1.1643,0,0,0,0.5822,0,0.0002,0.0001,0.0001,0.0001,0,0,0.0001,0,0.0001,0.0001,0,0,0,0,0.0001,0,0,0,0.0001,0,0.2607,0.1572,0.2607,0.1572,1
0.5635,0,0.5635,1.127,0,0.5635,0,1.127,0,1.127,0,0,0.5635,0,1.6906,0.5635,0.5635,1.127,0,0,0.0001,0,0.0001,0.0001,0,0.0001,0,0.0001,0,0.0001,0,0,0.0001,0,0.0002,0.0001,0.0001,0.0001,0,0,0.215,0.2215,0.215,0.2215,1
0,0,1.0005,0,0.5002,1.5007,1.0005,0.5002,1.0005,0,1.0005,0.5002,0,0,1.0005,1.0005,0.5002,0.5002,0.5002,0,0,0,0.0001,0,0,0.0001,0.0001,0,0.0001,0,0.0001,0,0,0,0.0001,0.0001,0,0,0,0,0.2386,0.2611,0.2386,0.2611,1
1.5817,0,0,0.5272,0,1.0544,1.0544,1.0544,0.5272,0.5272,0.5272,0,1.0544,0,1.0544,0.5272,2.1089,0.5272,1.5817,0.5272,0.0001,0,0,0,0,0.0001,0.0001,0.0001,0,0,0,0,0.0001,0,0.0001,0,0.0002,0,0.0001,0,0.2658,0.207,0.2658,0.207,1
1.8819,0,0.6273,1.2546,0,0.6273,0,0.6273,1.2546,1.2546,0,0.6273,0,0,0.6273,0.6273,2.5093,0,0,0,0.0002,0,0.0001,0.0001,0,0.0001,0,0.0001,0.0001,0.0001,0,0.0001,0,0,0.0001,0.0001,0.0003,0,0,0,0.1884,0.1843,0.1884,0.1843,1
0,1.3192,0.6596,0,0.6596,0.6596,1.3192,0.6596,0,0,0,0.6596,1.9789,0.6596,0.6596,0.6596,1.9789,3.2981,0,0,0,0.0001,0,0,0,0,0.0001,0,0,0,0,0,0.0001,0,0,0,0.0001,0.0002,0,0,0.1996,0.1408,0.1996,0.1408,1
1.4966,0,0.7483,0,2.245,0,0,0,0,2.245,0.7483,0,2.9933,0.7483,0,0,0.7483,0.7483,2.245,0,0.0001,0,0.0001,0,0.0002,0,0,0,0,0.0002,0.0001,0,0.0003,0.0001,0,0,0.0001,0.0001,0.0002,0,0.1153,0.1364,0.1153,0.1364,1
0.9539,0.4769,0.4769,0,0.4769,1.9078,0.4769,0.9539,2.3847,0.4769,0.4769,0.4769,0,0,0,0.9539,1.9078,0.9539,0,0.4769,0.0001,0,0,0,0,0.0001,0,0.0001,0.0002,0,0,0,0,0,0,0.0001,0.0001,0.0001,0,0,0.2694,0.2537,0.2694,0.2537,1
0,0,0,0,0,0,0.6931,2.0792,0.6931,0.6931,1.3861,0,0,0.6931,1.3861,0,0.6931,0,0,0,0,0,0,0,0,0,0.0002,0.0005,0.0002,0.0002,0.0003,0,0,0.0002,0.0003,0,0.0002,0,0,0,0.1739,0.133,0.1739,0.133,1
0,0,0.6005,1.201,0,0,0,1.201,1.201,1.8015,0,0.6005,0,0.6005,0.6005,0,0.6005,0.6005,0.6005,0,0,0,0.0001,0.0001,0,0,0,0.0001,0.0001,0.0002,0,0.0001,0,0.0001,0.0001,0,0.0001,0.0001,0.0001,0,0.1959,0.2036,0.1959,0.2036,1
0,1.5054,1.5054,0,0.7527,0,0,0,0,0.7527,0,0,1.5054,0,0,0,2.2581,3.7635,0,1.5054,0,0.0001,0.0001,0,0.0001,0,0,0,0,0.0001,0,0,0.0001,0,0,0,0.0002,0.0003,0,0.0001,0.1343,0.113,0.1343,0.113,1
0.6011,1.2022,0,0.6011,0.6011,1.8034,1.8034,2.4045,0,0.6011,0.6011,0,1.2022,1.2022,0,0,0,3.0056,0,0,0,0.0001,0,0,0,0.0001,0.0001,0.0002,0,0,0,0,0.0001,0.0001,0,0,0,0.0002,0,0,0.1801,0.2188,0.1801,0.2188,1
1.4807,0.7404,0.7404,0,0.7404,0,0,0,0.7404,0,0,0,0,0,0,0,0,0.7404,2.9614,0,0.0001,0.0001,0.0001,0,0.0001,0,0,0,0.0001,0,0,0,0,0,0,0,0,0.0001,0.0003,0,0.1482,0.1114,0.1482,0.1114,1
1.0402,0.5201,0,1.5603,0,0,1.0402,1.5603,0.5201,0.5201,1.0402,1.0402,0,0,0,3.6406,1.0402,1.5603,0,0.5201,0.0001,0,0,0.0001,0,0,0.0001,0.0001,0,0,0.0001,0.0001,0,0,0,0.0002,0.0001,0.0001,0,0,0.2584,0.2215,0.2584,0.2215,1
0.5299,0,0,1.0597,0,1.0597,1.0597,1.5896,0,2.6493,0.5299,1.0597,1.5896,0.5299,0.5299,0.5299,1.0597,0.5299,0.5299,0,0,0,0,0.0001,0,0.0001,0.0001,0.0001,0,0.0002,0,0.0001,0.0001,0,0,0,0.0001,0,0,0,0.2354,0.2348,0.2354,0.2348,1
1.4062,0,0,2.1094,0,0,0,0,1.4062,0.7031,0,0.7031,0,0,0,0,0.7031,1.4062,0,0.7031,0.0003,0,0,0.0004,0,0,0,0,0.0003,0.0001,0,0.0001,0,0,0,0,0.0001,0.0003,0,0.0001,0.1427,0.1542,0.1427,0.1542,1
0.9989,1.9977,0.9989,0,0.4994,0.4994,0.4994,0.4994,0,0.9989,0.9989,1.9977,0.9989,0,1.4983,0,1.4983,0.4994,0.4994,0,0,0.0001,0,0,0,0,0,0,0,0,0,0.0001,0,0,0.0001,0,0.0001,0,0,0,0.2855,0.2151,0.2855,0.2151,1
0.645,0,0,0.645,0,0.645,0,0,2.5799,0,0,0,0,0,1.935,0.645,0,0,0.645,0.645,0.0001,0,0,0.0001,0,0.0001,0,0,0.0005,0,0,0,0,0,0.0003,0.0001,0,0,0.0001,0.0001,0.1561,0.199,0.1561,0.199,1
0,0,0.8154,3.2615,0,0.4077,0,1.2231,2.8539,0.4077,0,0.4077,0,0.8154,0,0.4077,0.4077,0,0.8154,0.4077,0,0,0.0001,0.0003,0,0,0,0.0001,0.0003,0,0,0,0,0.0001,0,0,0,0,0.0001,0,0.257,0.3353,0.257,0.3353,1
0.6228,0,0,2.491,0.6228,0,0.6228,0,0,1.8683,0.6228,0.6228,0.6228,0,0.6228,0,0,0.6228,0,0,0.0001,0,0,0.0003,0.0001,0,0.0001,0,0,0.0002,0.0001,0.0001,0.0001,0,0.0001,0,0,0.0001,0,0,0.1874,0.1898,0.1874,0.1898,1
0.4493,0,0,0,2.2463,0,0,0.8985,0.8985,3.1448,1.3478,0.4493,0,0.4493,2.6956,0,0,0,0,0,0.0001,0,0,0,0.0003,0,0,0.0001,0.0001,0.0004,0.0002,0.0001,0,0.0001,0.0003,0,0,0,0,0,0.2448,0.3059,0.2448,0.3059,1
0,0,0.7566,0,0.7566,1.5131,0,0,0,3.0262,0,0,0,0,0,0,3.0262,0,0,0.7566,0,0,0.0001,0,0.0001,0.0002,0,0,0,0.0003,0,0,0,0,0,0,0.0003,0,0,0.0001,0.0925,0.1509,0.0925,0.1509,1
2.4647,0,0,0,1.2323,1.8485,1.2323,0,0.6162,2.4647,0.6162,0.6162,0,0,0,1.8485,1.8485,0.6162,0,0,0.0002,0,0,0,0.0001,0.0001,0.0001,0,0,0.0002,0,0,0,0,0,0.0001,0.0001,0,0,0,0.1554,0.2284,0.1554,0.2284,1
0.7314,2.1941,0,0,0.7314,1.4627,0,0,0.7314,0,2.9255,0.7314,0.7314,0.7314,0,0,5.1195,2.9255,0,0,0,0.0001,0,0,0,0.0001,0,0,0,0,0.0001,0,0,0,0,0,0.0003,0.0001,0,0,0.1421,0.1265,0.1421,0.1265,1
0.6555,0.6555,0.6555,0.6555,0,0.6555,0.6555,0.6555,0,0.6555,0,0,0.6555,0,0.6555,1.3109,1.3109,0,0.6555,0,0.0001,0.0001,0.0001,0.0001,0,0.0001,0.0001,0.0001,0,0.0001,0,0,0.0001,0,0.0001,0.0001,0.0001,0,0.0001,0,0.1972,0.1473,0.1972,0.1473,1
0.5644,0,0,0,1.6931,0,0,0.5644,0,1.6931,0,0,0,0,2.8218,0,0,0,0,0,0.0001,0,0,0,0.0003,0,0,0.0001,0,0.0003,0,0,0,0,0.0005,0,0,0,0,0,0.1644,0.2712,0.1644,0.2712,1
1.9346,0,0,0.6449,0,0.6449,0,0,0,1.2897,0.6449,0.6449,0,0,1.9346,0,0,0,0,0,0.0003,0,0,0.0001,0,0.0001,0,0,0,0.0002,0.0001,0.0001,0,0,0.0003,0,0,0,0,0,0.1661,0.1891,0.1661,0.1891,1
0.5646,0,0,0,1.1292,1.1292,0,0,0.5646,1.1292,0,0,0.5646,0,3.9521,1.1292,0,0,0,0,0.0001,0,0,0,0.0001,0.0001,0,0,0.0001,0.0001,0,0,0.0001,0,0.0005,0.0001,0,0,0,0,0.1921,0.2433,0.1921,0.2433,1
1.2734,0,0,0.6367,0,1.2734,0,0,1.2734,2.5469,1.2734,1.2734,0.6367,0.6367,0,0,0,0.6367,0.6367,0,0.0001,0,0,0.0001,0,0.0001,0,0,0.0001,0.0002,0.0001,0.0001,0.0001,0.0001,0,0,0,0.0001,0.0001,0,0.2134,0.1499,0.2134,0.1499,1
2.1142,0,0,0,0.5286,2.1142,0,0.5286,2.1142,2.6428,0.5286,0,0,0.5286,0,0,1.5857,1.5857,0,0.5286,0.0002,0,0,0,0,0.0002,0,0,0.0002,0.0002,0,0,0,0,0,0,0.0001,0.0001,0,0,0.2041,0.2673,0.2041,0.2673,1
0.5901,0,0.5901,0,0.5901,1.1803,0,1.7704,1.7704,0.5901,0,0.5901,0,0,0,0,0,0,0.5901,0,0.0001,0,0.0001,0,0.0001,0.0001,0,0.0002,0.0002,0.0001,0,0.0001,0,0,0,0,0,0,0.0001,0,0.1884,0.2215,0.1884,0.2215,1
0,0.5081,1.5244,0.5081,0.5081,0,0,0.5081,0.5081,1.5244,0,0.5081,0,0,0.5081,1.0162,0.5081,0.5081,1.5244,0,0,0,0.0001,0,0,0,0,0,0,0.0001,0,0,0,0,0,0.0001,0,0,0.0001,0,0.2421,0.2497,0.2421,0.2497,1
2.2465,1.6849,1.1233,0.5616,0.5616,0.5616,0.5616,0.5616,0.5616,1.1233,0.5616,1.1233,0.5616,0,0.5616,0,0.5616,3.3698,0.5616,0,0.0001,0.0001,0.0001,0,0,0,0,0,0,0.0001,0,0.0001,0,0,0,0,0,0.0002,0,0,0.2166,0.2217,0.2166,0.2217,1
1.1051,0,0,0.5525,0,2.2102,0,0,1.1051,1.6576,0,0,0.5525,0,2.2102,0,0.5525,0,0,0.5525,0.0001,0,0,0.0001,0,0.0002,0,0,0.0001,0.0002,0,0,0.0001,0,0.0002,0,0.0001,0,0,0.0001,0.2693,0.1782,0.2693,0.1782,1
0,0.5234,1.5701,1.0468,0.5234,0,0,1.0468,0.5234,1.0468,0,0,0,0,0.5234,1.0468,0,0.5234,1.5701,0,0,0,0.0001,0.0001,0,0,0,0.0001,0,0.0001,0,0,0,0,0,0.0001,0,0,0.0001,0,0.2267,0.2499,0.2267,0.2499,1
0.6645,0.6645,0,0,1.3291,1.9936,0,1.3291,0,0,5.3163,0,0,0,3.3227,1.3291,0.6645,1.9936,0,0,0,0,0,0,0.0001,0.0001,0,0.0001,0,0,0.0004,0,0,0,0.0002,0.0001,0,0.0001,0,0,0.1638,0.1716,0.1638,0.1716,1
0.5852,0,1.1704,0,0.5852,0.5852,0,0.5852,0.5852,1.7556,0,0,0,0.5852,1.7556,0,0,0,0.5852,0,0.0001,0,0.0001,0,0.0001,0.0001,0,0.0001,0.0001,0.0002,0,0,0,0.0001,0.0002,0,0,0,0.0001,0,0.1629,0.2519,0.1629,0.2519,1
0.4975,0,0,2.9851,0,0.4975,0,0,3.4826,0.4975,0,0.995,0.4975,1.4925,0,0,0.4975,0.4975,0.4975,0,0.0001,0,0,0.0004,0,0.0001,0,0,0.0004,0.0001,0,0.0001,0.0001,0.0002,0,0,0.0001,0.0001,0.0001,0,0.212,0.2905,0.212,0.2905,1
1.08,0.54,0,0,0,1.08,0.54,0,1.08,0.54,0.54,0,1.6201,0.54,1.08,0,0.54,0,1.08,1.08,0.0001,0,0,0,0,0.0001,0,0,0.0001,0,0,0,0.0001,0,0.0001,0,0,0,0.0001,0.0001,0.2631,0.1969,0.2631,0.1969,1
0,3.1461,0,0.6292,0,3.1461,0,0,0,0.6292,0.6292,1.2584,1.8876,0,0.6292,0.6292,3.7753,1.8876,0.6292,0,0,0.0001,0,0,0,0.0001,0,0,0,0,0,0.0001,0.0001,0,0,0,0.0002,0.0001,0,0,0.1925,0.1782,0.1925,0.1782,1
0.4353,0,0.4353,1.7414,0.4353,0,0.4353,1.7414,1.306,0.8707,0,0,0,0.4353,0.8707,0.8707,0,0,0.8707,0.8707,0,0,0,0.0001,0,0,0,0.0001,0.0001,0.0001,0,0,0,0,0.0001,0.0001,0,0,0.0001,0.0001,0.3095,0.2552,0.3095,0.2552,1
0.524,0,0,0.524,0,1.048,1.5719,1.5719,0.524,1.048,1.048,0.524,0.524,0.524,1.048,0,0,1.048,0,0,0.0001,0,0,0.0001,0,0.0001,0.0002,0.0002,0.0001,0.0001,0.0001,0.0001,0.0001,0.0001,0.0001,0,0,0.0001,0,0,0.2264,0.2496,0.2264,0.2496,1
2.0863,0.6954,0,1.3909,0,4.1726,0,0,0,3.4771,0,0,0,0,0,0.6954,0.6954,0.6954,0,0,0.0002,0.0001,0,0.0001,0,0.0003,0,0,0,0.0003,0,0,0,0,0,0.0001,0.0001,0.0001,0,0,0.1474,0.1571,0.1474,0.1571,1
3.384,1.3536,0,1.3536,0,3.384,0,0,0,2.7072,0.6768,0.6768,0,0,0,1.3536,0,1.3536,0,0,0.0002,0.0001,0,0.0001,0,0.0002,0,0,0,0.0001,0,0,0,0,0,0.0001,0,0.0001,0,0,0.1625,0.1607,0.1625,0.1607,1
0.5437,0.5437,1.0875,0,0.5437,1.0875,0,0.5437,1.0875,0.5437,0,0,0.5437,0,3.2625,1.0875,1.0875,1.6312,0.5437,0.5437,0,0,0.0001,0,0,0.0001,0,0,0.0001,0,0,0,0,0,0.0002,0.0001,0.0001,0.0001,0,0,0.2325,0.2237,0.2325,0.2237,1
0.9661,0,0,0,0.483,1.4491,0.483,0.483,3.3812,1.9321,0.483,0,0,0.483,0.483,0,0.483,0.9661,0,0,0.0001,0,0,0,0,0.0001,0,0,0.0003,0.0002,0,0,0,0,0,0,0,0.0001,0,0,0.2493,0.2676,0.2493,0.2676,1
0,0,0,0.5912,1.1824,0,0.5912,2.3649,2.3649,2.3649,0,0,0,1.7737,2.9561,0,0.5912,0,0,0,0,0,0,0.0001,0.0002,0,0.0001,0.0003,0.0003,0.0003,0,0,0,0.0002,0.0004,0,0.0001,0,0,0,0.2447,0.164,0.2447,0.164,1
3.0603,0,0.4372,0,0,1.3116,0,0,3.0603,3.0603,0.4372,0,0,0,0,0.4372,0.4372,0.4372,0.4372,0,0.0002,0,0,0,0,0.0001,0,0,0.0002,0.0002,0,0,0,0,0,0,0,0,0,0,0.2412,0.3216,0.2412,0.3216,1
0.4925,0.4925,1.4774,0.9849,0.9849,0.9849,0,0.9849,1.4774,0.9849,0.4925,0,0,0.4925,0.4925,0.4925,0,0.4925,0.4925,0,0,0,0.0001,0.0001,0.0001,0.0001,0,0.0001,0.0001,0.0001,0,0,0,0,0,0,0,0,0,0,0.2737,0.2338,0.2737,0.2338,1
2.7282,0,0,0,0.4547,0,0,1.8188,2.2735,0.9094,0,0,0,0,1.8188,0,0,0.4547,0,0,0.0003,0,0,0,0.0001,0,0,0.0002,0.0003,0.0001,0,0,0,0,0.0002,0,0,0.0001,0,0,0.2327,0.3126,0.2327,0.3126,1
2.4946,1.6631,0,0.8315,0,0,0,0,0,0,0.8315,0.8315,0,0,0,0,3.3261,0.8315,0,0.8315,0.0002,0.0001,0,0.0001,0,0,0,0,0,0,0.0001,0.0001,0,0,0,0,0.0003,0.0001,0,0.0001,0.0926,0.0759,0.0926,0.0759,1
1.6145,1.0763,0,0,1.6145,0,1.0763,0.5382,1.6145,0.5382,1.6145,0,0.5382,0,0.5382,0.5382,1.0763,1.0763,0,0,0.0001,0.0001,0,0,0.0001,0,0.0001,0,0.0001,0,0.0001,0,0,0,0,0,0.0001,0.0001,0,0,0.2553,0.2065,0.2553,0.2065,1
0,0,2.0064,0.6688,0.6688,0,0,1.3376,0,3.3439,0,0.6688,0.6688,0.6688,0,0,0,0,0,0,0,0,0.0002,0.0001,0.0001,0,0,0.0001,0,0.0003,0,0.0001,0.0001,0.0001,0,0,0,0,0,0,0.1674,0.1638,0.1674,0.1638,1
2.735,0,0,1.3675,0,0,1.3675,0.6837,0.6837,1.3675,0.6837,0,0.6837,0,0,1.3675,0,1.3675,0,0,0.0003,0,0,0.0002,0,0,0.0002,0.0001,0.0001,0.0002,0.0001,0,0.0001,0,0,0.0002,0,0.0002,0,0,0.1344,0.1818,0.1344,0.1818,1
0,0.6848,0.6848,1.3697,0.6848,2.0545,0,0.6848,0,0.6848,0,2.0545,8.2181,0,0,1.3697,1.3697,0.6848,0,0,0,0,0,0.0001,0,0.0001,0,0,0,0,0,0.0001,0.0005,0,0,0.0001,0.0001,0,0,0,0.1841,0.131,0.1841,0.131,1
0.851,0,0,0,2.5531,0,0,0,3.4041,3.4041,0,0,0.851,0,0,0,0,0,0,0,0.0002,0,0,0,0.0006,0,0,0,0.0008,0.0008,0,0,0.0002,0,0,0,0,0,0,0,0.0536,0.0953,0.0536,0.0953,1
0,0.6585,0,0,0.6585,1.317,0,1.317,1.9755,0,0,0,0.6585,0.6585,1.317,0,1.317,1.317,1.317,0,0,0.0001,0,0,0.0001,0.0001,0,0.0001,0.0002,0,0,0,0.0001,0.0001,0.0001,0,0.0001,0.0001,0.0001,0,0.1408,0.2007,0.1408,0.2007,1
0,0,0,0,0.6654,0.6654,0,0.6654,0,0.6654,0,0.6654,1.9963,0,2.6617,0.6654,1.3308,0.6654,0.6654,0,0,0,0,0,0.0001,0.0001,0,0.0001,0,0.0001,0,0.0001,0.0002,0,0.0003,0.0001,0.0002,0.0001,0.0001,0,0.1874,0.1471,0.1874,0.1471,1
0,0,0,0,2.5857,0,0,0,3.4476,2.5857,0,0,0.8619,0,0,0,0,1.7238,0,0,0,0,0,0,0.0007,0,0,0,0.0009,0.0007,0,0,0.0002,0,0,0,0,0.0005,0,0,0.0497,0.0884,0.0497,0.0884,1
1.6597,0,0,0,0.8299,0,0,0,3.3194,2.4896,0,0,0,0,0,0,0.8299,0.8299,0,0.8299,0.0004,0,0,0,0.0002,0,0,0,0.0008,0.0006,0,0,0,0,0,0,0.0002,0.0002,0,0.0002,0.0583,0.1118,0.0583,0.1118,1
0,0,0.6545,0,0,0,0,0.6545,1.3091,0.6545,0.6545,1.9636,0,0,0.6545,0.6545,1.3091,1.3091,0,0,0,0,0.0001,0,0,0,0,0.0001,0.0002,0.0001,0.0001,0.0002,0,0,0.0001,0.0001,0.0002,0.0002,0,0,0.1707,0.1748,0.1707,0.1748,1
0,0,1.4254,0,0,0,0,0.7127,0,0.7127,1.4254,0.7127,1.4254,0,2.1381,0,1.4254,1.4254,0,0,0,0,0.0001,0,0,0,0,0.0001,0,0.0001,0.0001,0.0001,0.0001,0,0.0002,0,0.0001,0.0001,0,0,0.1481,0.1392,0.1481,0.1392,1
0,0,0.9639,1.4459,0.482,0,0,0,0.482,1.9279,0,0.482,0,0.9639,0.9639,0.482,0,0.482,1.4459,0,0,0,0.0001,0.0001,0,0,0,0,0,0.0002,0,0,0,0.0001,0.0001,0,0,0,0.0001,0,0.2543,0.2637,0.2543,0.2637,1
0.9777,0.4888,0,0,0,1.9553,0.4888,0,0.9777,0,0.4888,0.4888,1.9553,0,2.4442,0.9777,0.4888,0,0,0.4888,0.0001,0,0,0,0,0.0002,0,0,0.0001,0,0,0,0.0002,0,0.0002,0.0001,0,0,0,0,0.2985,0.2127,0.2985,0.2127,1
0.5662,3.3975,0,0.5662,0.5662,1.6987,0,1.6987,1.1325,0,0.5662,0.5662,1.1325,0,0.5662,2.265,0.5662,1.1325,0,0.5662,0,0.0001,0,0,0,0.0001,0,0.0001,0,0,0,0,0,0,0,0.0001,0,0,0,0,0.2302,0.2035,0.2302,0.2035,1
0,0,1.07,0.535,1.07,0,1.07,0,1.07,0,0,1.6049,1.6049,0,1.07,0.535,1.07,0,0,0,0,0,0.0001,0.0001,0.0001,0,0.0001,0,0.0001,0,0,0.0002,0.0002,0,0.0001,0.0001,0.0001,0,0,0,0.2751,0.1899,0.2751,0.1899,1
1.3587,0,0.9058,0.9058,0,0,0.9058,0.4529,1.8116,2.7173,0.4529,0,0,0,1.3587,0.4529,0.4529,0.4529,0,0,0.0001,0,0.0001,0.0001,0,0,0.0001,0,0.0002,0.0002,0,0,0,0,0.0001,0,0,0,0,0,0.308,0.2391,0.308,0.2391,1
0,0.5331,1.5992,0.5331,0.5331,0,0,1.0661,0.5331,1.5992,0,0,0,0,0.5331,1.0661,0,0,1.5992,0,0,0,0.0001,0,0,0,0,0.0001,0,0.0001,0,0,0,0,0,0.0001,0,0,0.0001,0,0.2311,0.2359,0.2311,0.2359,1
1.6563,0,0,0,0.8281,0,0,0,3.3125,0.8281,0,0,0.8281,0,0,0,0.8281,1.6563,0,0.8281,0.0004,0,0,0,0.0002,0,0,0,0.0008,0.0002,0,0,0.0002,0,0,0,0.0002,0.0004,0,0.0002,0.0653,0.1066,0.0653,0.1066,1
0,0.4348,0,0.4348,0,0,0.4348,1.7392,1.3044,0.8696,0,0.4348,0.4348,0,2.6089,0.4348,0.4348,0.8696,0,1.3044,0,0,0,0,0,0,0,0.0002,0.0001,0.0001,0,0,0,0,0.0002,0,0,0.0001,0,0.0001,0.2581,0.3071,0.2581,0.3071,1
0,0,0,0,0,0,0.6872,1.3745,0,0.6872,2.0617,0,0,0.6872,2.0617,0,0.6872,0,0,0,0,0,0,0,0,0,0.0002,0.0003,0,0.0002,0.0005,0,0,0.0002,0.0005,0,0.0002,0,0,0,0.1801,0.1327,0.1801,0.1327,1
1.1633,0.5816,0,0,0,0.5816,1.1633,0,1.7449,1.7449,0.5816,0.5816,1.7449,0,0.5816,0,0.5816,1.7449,0.5816,0.5816,0.0001,0.0001,0,0,0,0.0001,0.0001,0,0.0002,0.0002,0.0001,0.0001,0.0002,0,0.0001,0,0.0001,0.0002,0.0001,0.0001,0.2125,0.2058,0.2125,0.2058,1
0.6464,0.6464,0,0,1.2927,0,0,0.6464,2.5855,1.2927,0.6464,0,0,0,1.2927,0,0,1.2927,0,0.6464,0.0001,0.0001,0,0,0.0001,0,0,0.0001,0.0003,0.0001,0.0001,0,0,0,0.0001,0,0,0.0001,0,0.0001,0.2023,0.1513,0.2023,0.1513,1
0,3.4417,0,0.5736,0,2.8681,0,0.5736,0,1.1472,0,1.1472,1.7209,0,1.1472,0.5736,2.2945,1.1472,0.5736,0,0,0.0001,0,0,0,0.0001,0,0,0,0,0,0,0.0001,0,0,0,0.0001,0,0,0,0.2149,0.2115,0.2149,0.2115,1
0.5527,0,1.1054,0.5527,0.5527,3.3162,0,0,0.5527,3.8689,0,0.5527,0.5527,0,0,1.6581,0,0.5527,0,0,0,0,0.0001,0,0,0.0002,0,0,0,0.0002,0,0,0,0,0,0.0001,0,0,0,0,0.1892,0.2581,0.1892,0.2581,1
0,0,0.6292,0,0,1.2584,0.6292,0,0.6292,0.6292,0,0,3.1461,0,1.2584,1.2584,0,1.2584,0,0,0,0,0.0001,0,0,0.0002,0.0001,0,0.0001,0.0001,0,0,0.0004,0,0.0002,0.0002,0,0.0002,0,0,0.2174,0.1534,0.2174,0.1534,1
7.2588,1.2098,0,0,0,0.6049,1.2098,0.6049,1.2098,1.2098,0,0,0,0.6049,0,0,0.6049,1.8147,0,0.6049,0.0005,0.0001,0,0,0,0,0.0001,0,0.0001,0.0001,0,0,0,0,0,0,0,0.0001,0,0,0.2084,0.1867,0.2084,0.1867,1
2.4553,0.6138,0.6138,0,0,0.6138,0,0.6138,1.8415,0,0,1.2277,2.4553,0,0,1.2277,1.8415,0.6138,0,1.8415,0.0002,0,0,0,0,0,0,0,0.0001,0,0,0.0001,0.0002,0,0,0.0001,0.0001,0,0,0.0001,0.2048,0.1813,0.2048,0.1813,1
3.0719,0,0,0,0.512,0,0,0.512,3.5838,3.0719,0,1.024,0,0,0,0,0,0,0,0,0.0003,0,0,0,0,0,0,0,0.0003,0.0003,0,0.0001,0,0,0,0,0,0,0,0,0.2145,0.2735,0.2145,0.2735,1
2.3066,1.1533,2.3066,0.5766,0,0.5766,0,0,1.1533,0,0,0.5766,0,0,0.5766,0,1.7299,1.1533,0,0,0.0002,0.0001,0.0002,0,0,0,0,0,0.0001,0,0,0,0,0,0,0,0.0001,0.0001,0,0,0.1783,0.245,0.1783,0.245,1
0.4828,0.9656,0,0.4828,0,0.4828,1.4485,0,0.9656,1.4485,0.9656,0.4828,0,0,1.9313,0,1.9313,0.9656,0,0,0,0.0001,0,0,0,0,0.0001,0,0.0001,0.0001,0.0001,0,0,0,0.0002,0,0.0002,0.0001,0,0,0.3371,0.1801,0.3371,0.1801,1
1.0943,0,0,0,1.6415,0,1.6415,0.5472,1.0943,0,0.5472,0,0,0,1.6415,0,0,1.6415,0,0,0.0002,0,0,0,0.0003,0,0.0003,0.0001,0.0002,0,0.0001,0,0,0,0.0003,0,0,0.0003,0,0,0.2113,0.2415,0.2113,0.2415,1
0,0.9614,0.9614,1.4421,0,0.4807,0.4807,0.9614,0.9614,0.4807,0.9614,0.9614,0.4807,0,0,0.9614,2.8842,0.4807,0,0.4807,0,0.0001,0.0001,0.0001,0,0,0,0.0001,0.0001,0,0.0001,0.0001,0,0,0,0.0001,0.0002,0,0,0,0.2599,0.2594,0.2599,0.2594,1
4.1373,0,0,0.591,0.591,0,0.591,0.591,0,0.591,0,0,0,0,1.7731,0,1.7731,0,0,0,0.0007,0,0,0.0001,0.0001,0,0.0001,0.0001,0,0.0001,0,0,0,0,0.0003,0,0.0003,0,0,0,0.17,0.2389,0.17,0.2389,1
2.0482,0,1.0241,0,0.5121,0,0,1.0241,1.5362,1.5362,1.0241,0.5121,0,0.5121,0.5121,0,2.5603,2.0482,0,0.5121,0.0002,0,0.0001,0,0,0,0,0.0001,0.0001,0.0001,0.0001,0,0,0,0,0,0.0002,0.0002,0,0,0.2111,0.2768,0.2111,0.2768,1
0.9594,0.9594,0.4797,0.4797,0.4797,0.9594,0.4797,0.4797,1.9189,0,0,0,0.9594,0,1.9189,0,0,1.4392,0,0.9594,0.0001,0.0001,0,0,0,0.0001,0,0,0.0001,0,0,0,0.0001,0,0.0001,0,0,0.0001,0,0.0001,0.2812,0.2391,0.2812,0.2391,1
0.8815,0,0.8815,0,0,0.4407,0.8815,0,2.2037,1.3222,0.8815,0.4407,0,0.4407,0.8815,0,0.8815,2.6444,0,0,0.0001,0,0.0001,0,0,0,0.0001,0,0.0002,0.0001,0.0001,0,0,0,0.0001,0,0.0001,0.0003,0,0,0.2683,0.2909,0.2683,0.2909,1
0.9369,0,0.4684,0,0.4684,1.8738,0.4684,0,0.4684,0.9369,0.4684,0,0,0,1.8738,1.4053,0.4684,0,0,1.8738,0.0001,0,0,0,0,0.0002,0,0,0,0.0001,0,0,0,0,0.0002,0.0001,0,0,0,0.0002,0.2841,0.2475,0.2841,0.2475,1
2.0513,0,1.5385,0,0,1.5385,0.5128,0.5128,0,0,1.0256,0,1.0256,0,1.5385,1.0256,0,1.0256,0.5128,1.0256,0.0002,0,0.0001,0,0,0.0001,0,0,0,0,0.0001,0,0.0001,0,0.0001,0.0001,0,0.0001,0,0.0001,0.237,0.2501,0.237,0.2501,1
2.467,0,0.6168,0,0.6168,0,0,0.6168,1.2335,3.0838,0,0.6168,0,0,1.2335,0,0,0.6168,0,0,0.0002,0,0.0001,0,0.0001,0,0,0.0001,0.0001,0.0003,0,0.0001,0,0,0.0001,0,0,0.0001,0,0,0.15,0.2332,0.15,0.2332,1
2.5029,0,0,0,0,0,0,0.8343,3.3371,0.8343,0,0,0,0,0,0,0.8343,2.5029,0,0.8343,0.0006,0,0,0,0,0,0,0.0002,0.0008,0.0002,0,0,0,0,0,0,0.0002,0.0006,0,0.0002,0.0633,0.1024,0.0633,0.1024,1
0.9546,0,0.9546,2.3865,0,0.4773,0.9546,0.4773,0.9546,0.4773,0,1.9092,0,0.4773,0.4773,0.4773,0.4773,1.9092,0,0.9546,0.0001,0,0.0001,0.0002,0,0,0.0001,0,0.0001,0,0,0.0002,0,0,0,0,0,0.0002,0,0.0001,0.2554,0.2673,0.2554,0.2673,1
1.1775,0,0,1.1775,0.5887,0.5887,0,0.5887,0.5887,0,0.5887,0,0,0,1.1775,0.5887,1.1775,0.5887,0,0,0.0002,0,0,0.0002,0.0001,0.0001,0,0.0001,0.0001,0,0.0001,0,0,0,0.0002,0.0001,0.0002,0.0001,0,0,0.1847,0.2265,0.1847,0.2265,1
1.3741,0.9161,1.3741,0,0,0.458,0.458,0.9161,2.2902,0.458,0,0,0,0.458,0.458,0.458,1.3741,0.9161,0.458,0.458,0.0001,0.0001,0.0001,0,0,0,0,0.0001,0.0001,0,0,0,0,0,0,0,0.0001,0.0001,0,0,0.2897,0.2522,0.2897,0.2522,1
0,0.6205,1.8614,0.6205,0.6205,0,0,1.8614,0,1.2409,0,0.6205,0.6205,0,0,1.8614,0.6205,0.6205,0,0.6205,0,0,0.0001,0,0,0,0,0.0001,0,0.0001,0,0,0,0,0,0.0001,0,0,0,0,0.2034,0.1762,0.2034,0.1762,1
0,0,0.5887,0,0.5887,0,0,0.5887,2.3546,0.5887,0.5887,0.5887,1.766,0,0.5887,1.1773,0,0,0,1.766,0,0,0.0001,0,0.0001,0,0,0.0001,0.0002,0.0001,0.0001,0.0001,0.0002,0,0.0001,0.0001,0,0,0,0.0002,0.2147,0.1967,0.2147,0.1967,1
3.2746,1.9648,0,1.3098,0,2.6197,0,0.6549,0.6549,1.3098,0.6549,0,0,0,0,0.6549,0,0,0,0,0.0002,0.0001,0,0.0001,0,0.0001,0,0,0,0.0001,0,0,0,0,0,0,0,0,0,0,0.1672,0.1778,0.1672,0.1778,1
0,0,0.5663,0,1.699,0,0,1.1327,2.2653,0,1.1327,0.5663,1.1327,0,3.9643,0.5663,0.5663,0.5663,0.5663,1.1327,0,0,0.0001,0,0.0002,0,0,0.0001,0.0003,0,0.0001,0.0001,0.0001,0,0.0004,0.0001,0.0001,0.0001,0.0001,0.0001,0.1889,0.2448,0.1889,0.2448,1
0.6077,0.6077,0,0.6077,0,0.6077,0.6077,0,1.823,0,0.6077,1.2154,0,0,0.6077,1.2154,3.0384,1.823,0,0,0.0001,0.0001,0,0.0001,0,0.0001,0.0001,0,0.0002,0,0.0001,0.0001,0,0,0.0001,0.0001,0.0003,0.0002,0,0,0.2322,0.1601,0.2322,0.1601,1
0.6249,0,0.6249,0,1.8746,0,0,0,0.6249,0,0,0.6249,0.6249,0,1.2497,1.2497,1.8746,0,0,0,0.0001,0,0.0001,0,0.0002,0,0,0,0.0001,0,0,0.0001,0.0001,0,0.0002,0.0002,0.0002,0,0,0,0.1851,0.1901,0.1851,0.1901,1
0.9861,0,0.9861,0.9861,0,0.493,0,0.9861,0.9861,0.9861,0.9861,0,0.493,0,1.9721,0,0.9861,0.493,0,0.493,0.0001,0,0.0001,0.0001,0,0,0,0.0001,0.0001,0.0001,0.0001,0,0,0,0.0002,0,0.0001,0,0,0,0.2581,0.2489,0.2581,0.2489,1
0,0.5465,0,0,0,0.5465,0.5465,1.6396,0.5465,0.5465,0.5465,0.5465,0,0.5465,2.7326,0.5465,0.5465,0.5465,0,0,0,0.0001,0,0,0,0.0001,0.0001,0.0002,0.0001,0.0001,0.0001,0.0001,0,0.0001,0.0003,0.0001,0.0001,0.0001,0,0,0.24,0.2135,0.24,0.2135,1
1.724,0,0.5747,0,2.2986,1.1493,0.5747,0,0,1.724,0,1.724,0,0.5747,1.1493,0.5747,1.724,0.5747,0,0,0.0002,0,0.0001,0,0.0002,0.0001,0.0001,0,0,0.0002,0,0.0002,0,0.0001,0.0001,0.0001,0.0002,0.0001,0,0,0.1964,0.229,0.1964,0.229,1
0,0,0,0,0,1.6512,0,0,0.8256,1.6512,0.8256,0,0.8256,0,0,0.8256,0.8256,1.6512,1.6512,0,0,0,0,0,0,0.0002,0,0,0.0001,0.0002,0.0001,0,0.0001,0,0,0.0001,0.0001,0.0002,0.0002,0,0.0833,0.0911,0.0833,0.0911,1
0.5907,0.5907,0.5907,0.5907,0.5907,1.1815,0,0,0,1.7722,0,0,0.5907,0,1.7722,0.5907,0,1.1815,0,0.5907,0,0,0,0,0,0.0001,0,0,0,0.0001,0,0,0,0,0.0001,0,0,0.0001,0,0,0.1982,0.211,0.1982,0.211,1
1.6065,0,0.5355,0,0.5355,3.213,0,0,0.5355,4.8195,0,0,0,0,1.071,1.071,0,0,0,0,0.0001,0,0,0,0,0.0002,0,0,0,0.0003,0,0,0,0,0.0001,0.0001,0,0,0,0,0.1976,0.2669,0.1976,0.2669,1
0.5339,1.0678,0,0.5339,0.5339,1.6016,0,0.5339,2.6694,0,1.6016,0.5339,0,0.5339,0,0.5339,1.0678,0.5339,0,0,0,0.0001,0,0,0,0.0001,0,0,0.0002,0,0.0001,0,0,0,0,0,0.0001,0,0,0,0.2176,0.2485,0.2176,0.2485,1
0.6265,0,0,0,0.6265,1.8795,0,0,0,0,0,0.6265,1.253,0,1.253,1.253,0,0.6265,1.253,0,0.0001,0,0,0,0.0001,0.0002,0,0,0,0,0,0.0001,0.0001,0,0.0001,0.0001,0,0.0001,0.0001,0,0.1788,0.1947,0.1788,0.1947,1
1.0526,0,0.5263,2.1051,0,0,0,0.5263,1.0526,2.6314,0,1.5789,0.5263,0,0.5263,0,0,0.5263,0,0,0.0001,0,0,0.0002,0,0,0,0,0.0001,0.0002,0,0.0001,0,0,0,0,0,0,0,0,0.2214,0.2523,0.2214,0.2523,1
5.6356,0,0,0.6262,0,0.6262,0,0,0.6262,1.8785,0,1.8785,0,0.6262,0,1.2524,1.2524,2.5047,0,0.6262,0.0004,0,0,0,0,0,0,0,0,0.0001,0,0.0001,0,0,0,0.0001,0.0001,0.0002,0,0,0.1891,0.1847,0.1891,0.1847,1
0,3.438,0,0.573,0,2.865,0,0,0.573,0.573,1.146,1.719,1.719,0,0.573,0.573,1.719,1.146,0.573,0,0,0.0001,0,0,0,0.0001,0,0,0,0,0,0.0001,0.0001,0,0,0,0.0001,0,0,0,0.221,0.206,0.221,0.206,1
1.8359,0,0.459,0,0,0.459,0,1.8359,2.7539,1.8359,0.459,0,0,0.918,0,0.459,0.918,0.459,0.459,0,0.0002,0,0,0,0,0,0,0.0002,0.0002,0.0002,0,0,0,0.0001,0,0,0.0001,0,0,0,0.2489,0.2922,0.2489,0.2922,1
3.0202,0,0,0,0,0.5034,0,0.5034,3.5236,0,0.5034,0,0,0,0,0,1.0067,1.0067,0.5034,0.5034,0.0004,0,0,0,0,0.0001,0,0.0001,0.0004,0,0.0001,0,0,0,0,0,0.0001,0.0001,0.0001,0.0001,0.2136,0.283,0.2136,0.283,1
3.3783,0,0,0,2.027,2.7026,0,1.3513,0,4.054,0.6757,0.6757,0,0.6757,0,0,0,0,0.6757,0,0.0002,0,0,0,0.0001,0.0002,0,0.0001,0,0.0002,0,0,0,0,0,0,0,0,0,0,0.1532,0.1712,0.1532,0.1712,1
0.6695,0,0,1.3389,2.0084,0,0,1.3389,0.6695,0.6695,0.6695,0.6695,3.3473,0,0,1.3389,0,1.3389,0,0,0.0001,0,0,0.0001,0.0002,0,0,0.0001,0.0001,0.0001,0.0001,0.0001,0.0003,0,0,0.0001,0,0.0001,0,0,0.2147,0.1158,0.2147,0.1158,1
2.0602,0.515,0.515,0,1.0301,0.515,1.0301,0.515,1.0301,1.0301,1.0301,0.515,0.515,0.515,1.0301,1.0301,2.0602,0,0,0,0.0001,0,0,0,0.0001,0,0.0001,0,0.0001,0.0001,0.0001,0,0,0,0.0001,0.0001,0.0001,0,0,0,0.225,0.2599,0.225,0.2599,1
2.4736,0.6184,0,1.8552,0,0.6184,0,0,0.6184,0.6184,0,0,0.6184,0,0,0,1.2368,0.6184,1.2368,0,0.0002,0.0001,0,0.0002,0,0.0001,0,0,0.0001,0.0001,0,0,0.0001,0,0,0,0.0001,0.0001,0.0001,0,0.2094,0.1722,0.2094,0.1722,1
0,1.6965,0,0,0,0,2.2619,0,5.0894,0,0.5655,0,0.5655,0,1.6965,0,2.2619,1.131,0,0.5655,0,0.0001,0,0,0,0,0.0002,0,0.0004,0,0,0,0,0,0.0001,0,0.0002,0.0001,0,0,0.2427,0.1918,0.2427,0.1918,1
2.5492,0,0,0,0,0,0,0,1.6995,1.6995,0,0,0.8497,0,1.6995,0.8497,0,0.8497,0,0,0.0005,0,0,0,0,0,0,0,0.0004,0.0004,0,0,0.0002,0,0.0004,0.0002,0,0.0002,0,0,0.0549,0.0954,0.0549,0.0954,1
0.5644,3.3862,0,0.5644,0,2.2574,0,1.1287,1.1287,0.5644,0,0.5644,1.1287,0,0.5644,2.2574,0.5644,1.6931,0.5644,0,0,0.0001,0,0,0,0.0001,0,0,0,0,0,0,0,0,0,0.0001,0,0.0001,0,0,0.2305,0.2051,0.2305,0.2051,1
0.7433,0,0,0.7433,0,0.7433,0,0,0.7433,0.7433,0,0,0.7433,0,0,0.7433,0,2.23,1.4867,0.7433,0.0001,0,0,0.0001,0,0.0001,0,0,0.0001,0.0001,0,0,0.0001,0,0,0.0001,0,0.0003,0.0002,0.0001,0.1389,0.1177,0.1389,0.1177,1
3.9148,0.783,0,0.783,0,0.783,0,0,0,0.783,2.3489,0.783,0,0,0,1.5659,1.5659,0.783,0,0,0.0003,0.0001,0,0.0001,0,0.0001,0,0,0,0.0001,0.0002,0.0001,0,0,0,0.0001,0.0001,0.0001,0,0,0.1002,0.1168,0.1002,0.1168,1
1.7996,0.5999,1.1998,1.1998,1.7996,0,0,0.5999,0,1.7996,0.5999,0.5999,0,0,0.5999,0,1.1998,0.5999,0,0.5999,0.0001,0,0.0001,0.0001,0.0001,0,0,0,0,0.0001,0,0,0,0,0,0,0.0001,0,0,0,0.1884,0.2117,0.1884,0.2117,1
0.8654,0,0.4327,2.5962,0,0,0,1.2981,2.5962,0.4327,0,0.4327,0,0.8654,0,0.4327,0.8654,0,1.2981,0.4327,0.0001,0,0,0.0002,0,0,0,0.0001,0.0002,0,0,0,0,0.0001,0,0,0.0001,0,0.0001,0,0.2534,0.3139,0.2534,0.3139,1
0.9,1.35,0.45,0,0,0,1.8001,1.35,0,1.35,1.35,0,0,0,1.8001,0.9,0.9,0.9,0,0.45,0.0001,0.0001,0,0,0,0,0.0001,0.0001,0,0.0001,0.0001,0,0,0,0.0001,0.0001,0.0001,0.0001,0,0,0.2656,0.2844,0.2656,0.2844,1
1.0396,1.0396,0,2.0793,0,1.0396,0,0.5198,0.5198,1.0396,0.5198,0.5198,0.5198,0,3.1189,1.0396,0,0,0,0,0.0001,0.0001,0,0.0001,0,0.0001,0,0,0,0.0001,0,0,0,0,0.0002,0.0001,0,0,0,0,0.2341,0.2461,0.2341,0.2461,1
2.9115,0,0.5823,1.1646,0.5823,0,0,0.5823,0,1.1646,0,0.5823,0,0,1.1646,0,1.7469,0,0,0,0.0003,0,0.0001,0.0001,0.0001,0,0,0.0001,0,0.0001,0,0.0001,0,0,0.0001,0,0.0002,0,0,0,0.2088,0.2088,0.2088,0.2088,1
0.6106,0.6106,0,1.2212,2.4423,0.6106,0,1.2212,0.6106,1.2212,0,0,2.4423,0,0.6106,0.6106,0,0.6106,0,0,0,0,0,0.0001,0.0002,0,0,0.0001,0,0.0001,0,0,0.0002,0,0,0,0,0,0,0,0.2081,0.1813,0.2081,0.1813,1
0.5666,0,0,0,0.5666,0.5666,0,0.5666,0,0,0,0.5666,4.5325,1.1331,2.8328,0,1.1331,0.5666,0,0,0.0001,0,0,0,0.0001,0.0001,0,0.0001,0,0,0,0.0001,0.0007,0.0002,0.0004,0,0.0002,0.0001,0,0,0.2222,0.2113,0.2222,0.2113,1
0.6408,0,0.6408,1.2815,0.6408,0.6408,0,0,0,1.2815,0,0.6408,0.6408,0,0.6408,0.6408,0.6408,0,0,0,0.0001,0,0.0001,0.0002,0.0001,0.0001,0,0,0,0.0002,0,0.0001,0.0001,0,0.0001,0.0001,0.0001,0,0,0,0.1984,0.1609,0.1984,0.1609,1
0,0,0,0,1.4928,0.7464,0.7464,0.7464,0,3.7319,0,0,0,0.7464,0,2.2392,0.7464,0.7464,0,0.7464,0,0,0,0,0.0001,0.0001,0.0001,0.0001,0,0.0003,0,0,0,0.0001,0,0.0002,0.0001,0.0001,0,0.0001,0.138,0.1156,0.138,0.1156,1
0.5937,0,1.1874,0.5937,0.5937,1.1874,0,0,1.7811,1.1874,0,0,1.1874,0,0,1.1874,0.5937,1.1874,0,0.5937,0,0,0.0001,0,0,0.0001,0,0,0.0001,0.0001,0,0,0.0001,0,0,0.0001,0,0.0001,0,0,0.1727,0.2336,0.1727,0.2336,1
0,0.5844,1.1689,0.5844,1.1689,0,0,1.1689,0,1.1689,0,0,0.5844,0,0.5844,0.5844,0,0,1.7533,0,0,0,0.0001,0,0.0001,0,0,0.0001,0,0.0001,0,0,0,0,0,0,0,0,0.0001,0,0.1893,0.2263,0.1893,0.2263,1
0,0,0.4905,2.943,0,0,0,0.981,1.962,0.981,0.4905,0,0,0,0.4905,0,0.4905,0,0.981,0.4905,0,0,0,0.0003,0,0,0,0.0001,0.0002,0.0001,0,0,0,0,0,0,0,0,0.0001,0,0.2315,0.278,0.2315,0.278,1
0.4164,0.4164,2.4984,1.2492,0,0,0,0.8328,2.082,1.2492,0,0,0,0,0.8328,0.8328,0.4164,0.8328,0.4164,0.4164,0,0,0.0002,0.0001,0,0,0,0.0001,0.0001,0.0001,0,0,0,0,0.0001,0.0001,0,0.0001,0,0,0.3024,0.2812,0.3024,0.2812,1
0,0,0,0.62,0,0,0,0.62,1.24,0.62,0,1.24,0,0,1.24,0,2.4799,0.62,0,0.62,0,0,0,0.0001,0,0,0,0.0001,0.0002,0.0001,0,0.0002,0,0,0.0002,0,0.0004,0.0001,0,0.0001,0.2245,0.1555,0.2245,0.1555,1
0,0,1.4826,0,1.4826,0.7413,0,1.4826,0,3.7065,0,0,0,0,9.6368,0,0,0,0,1.4826,0,0,0.0002,0,0.0002,0.0001,0,0.0002,0,0.0004,0,0,0,0,0.001,0,0,0,0,0.0002,0.1017,0.157,0.1017,0.157,1
1.1779,0.5889,0,0,0.5889,0,0,0.5889,0,0.5889,1.1779,0.5889,0,0,2.3558,0,0,0.5889,0,0.5889,0.0001,0.0001,0,0,0.0001,0,0,0.0001,0,0.0001,0.0001,0.0001,0,0,0.0002,0,0,0.0001,0,0.0001,0.1849,0.2262,0.1849,0.2262,1
1.6061,0.5354,0,0,0,0,0.5354,0,1.6061,0,1.0707,1.6061,0,1.0707,2.1415,0.5354,0,0,0,1.0707,0.0002,0.0001,0,0,0,0,0.0001,0,0.0002,0,0.0001,0.0002,0,0.0001,0.0002,0.0001,0,0,0,0.0001,0.2401,0.2245,0.2401,0.2245,1
1.3873,0,1.3873,0.4624,0,0.4624,1.3873,0.4624,0.9248,0.4624,0,1.3873,0,0.4624,1.3873,0,0.4624,1.3873,0,0.9248,0.0001,0,0.0001,0,0,0,0.0001,0,0.0001,0,0,0.0001,0,0,0.0001,0,0,0.0001,0,0.0001,0.2802,0.2574,0.2802,0.2574,1
0.7263,0,0.7263,0,0.7263,0.7263,0.7263,0,0,4.3576,0,0,0.7263,0.7263,0,0,0,1.4525,0.7263,0.7263,0.0001,0,0.0001,0,0.0001,0.0001,0.0001,0,0,0.0005,0,0,0.0001,0.0001,0,0,0,0.0002,0.0001,0.0001,0.1657,0.1081,0.1657,0.1081,1
0.8442,0,0,0,2.5325,0,0,0,3.3766,0.8442,0,0,0.8442,0,0,0,0,1.6883,0,0.8442,0.0002,0,0,0,0.0006,0,0,0,0.0008,0.0002,0,0,0.0002,0,0,0,0,0.0004,0,0.0002,0.0567,0.0992,0.0567,0.0992,1
2.3363,1.5575,0.7788,0,0,0,0,0.7788,0,0.7788,2.3363,0,0.7788,0.7788,0,0.7788,0.7788,0.7788,0,0.7788,0.0001,0.0001,0,0,0,0,0,0,0,0,0.0001,0,0,0,0,0,0,0,0,0,0.1019,0.1193,0.1019,0.1193,1
0,0.5553,0.5553,1.1106,0,0.5553,0.5553,0.5553,1.1106,0.5553,0.5553,1.1106,0.5553,0,0.5553,0.5553,0.5553,1.666,0.5553,0,0,0,0,0.0001,0,0,0,0,0.0001,0,0,0.0001,0,0,0,0,0,0.0001,0,0,0.2115,0.2332,0.2115,0.2332,1
0,0.5484,1.0967,1.0967,1.0967,2.1935,0.5484,1.0967,0,1.0967,0.5484,0,1.0967,0,0.5484,0,0.5484,1.0967,0,0,0,0,0.0001,0.0001,0.0001,0.0002,0,0.0001,0,0.0001,0,0,0.0001,0,0,0,0,0.0001,0,0,0.2604,0.1913,0.2604,0.1913,1
0.4621,1.3863,1.3863,0.4621,0.4621,0.4621,0.4621,1.3863,1.3863,0,0,0.4621,0.4621,0,0,0.4621,2.7725,0.9242,0.9242,0,0,0.0001,0.0001,0,0,0,0,0.0001,0.0001,0,0,0,0,0,0,0,0.0001,0,0,0,0.3086,0.2293,0.3086,0.2293,1
0,0,0.4891,0.4891,0.9782,0.4891,0,0.9782,1.4673,1.9564,0,0.4891,0,0.4891,1.4673,0,0,0.4891,0,0,0,0,0,0,0.0001,0,0,0.0001,0.0001,0.0002,0,0,0,0,0.0001,0,0,0,0,0,0.2342,0.2767,0.2342,0.2767,1
1.1977,0,0,0,1.1977,0.5988,0,0,1.1977,3.593,0,0,0,0.5988,0.5988,0.5988,0,0,0,1.1977,0.0001,0,0,0,0.0001,0.0001,0,0,0.0001,0.0004,0,0,0,0.0001,0.0001,0.0001,0,0,0,0.0001,0.1773,0.2239,0.1773,0.2239,1
4.9337,0,0,0,0,0.5482,0,0,2.1928,4.3855,0.5482,1.0964,0,0,0,0.5482,0.5482,0.5482,0.5482,0,0.0004,0,0,0,0,0,0,0,0.0002,0.0004,0,0.0001,0,0,0,0,0,0,0,0,0.1914,0.2604,0.1914,0.2604,1
0.4304,0,1.2913,0.4304,0.8609,0.8609,0,0.4304,1.7217,2.1521,0.4304,1.2913,0,0.8609,0.8609,0.4304,0,0.8609,0,0,0,0,0.0001,0,0.0001,0.0001,0,0,0.0001,0.0002,0,0.0001,0,0.0001,0.0001,0,0,0.0001,0,0,0.2719,0.2977,0.2719,0.2977,1
0,0,0.6584,1.3167,0,0,0.6584,0,0,2.6334,1.3167,0.6584,0,0.6584,0,0.6584,1.3167,0.6584,0,0,0,0,0.0001,0.0001,0,0,0.0001,0,0,0.0003,0.0001,0.0001,0,0.0001,0,0.0001,0.0001,0.0001,0,0,0.1943,0.1473,0.1943,0.1473,1
1.2853,0.6426,0.6426,1.2853,0.6426,1.2853,0,0.6426,1.2853,1.2853,0,0.6426,0.6426,0,0.6426,0.6426,1.9279,0,0,0,0.0001,0,0,0.0001,0,0.0001,0,0,0.0001,0.0001,0,0,0,0,0,0,0.0001,0,0,0,0.1687,0.1887,0.1687,0.1887,1
2.7987,0.6997,0,0,1.3993,2.099,0.6997,1.3993,0,2.099,0,0,2.099,0.6997,0,0,1.3993,2.099,0,0,0.0002,0,0,0,0.0001,0.0001,0,0.0001,0,0.0001,0,0,0.0001,0,0,0,0.0001,0.0001,0,0,0.1412,0.1591,0.1412,0.1591,1
1.6855,0,0,0,0.8427,0,0,0,3.3709,0,0,0,0,0,0,0,0.8427,3.3709,0,0.8427,0.0005,0,0,0,0.0002,0,0,0,0.001,0,0,0,0,0,0,0,0.0002,0.001,0,0.0002,0.0619,0.0953,0.0619,0.0953,1
1.7357,0.5786,0.5786,0,1.7357,0.5786,0.5786,0.5786,1.7357,0,0.5786,1.1571,1.7357,0,0,0,1.1571,1.7357,0,0,0.0001,0,0,0,0.0001,0,0,0,0.0001,0,0,0.0001,0.0001,0,0,0,0.0001,0.0001,0,0,0.239,0.1824,0.239,0.1824,1
1.3552,0,0,0,0,1.3552,0.6776,0.6776,0.6776,0.6776,0,0,0.6776,0,0.6776,1.3552,0.6776,1.3552,0.6776,0.6776,0.0001,0,0,0,0,0.0001,0.0001,0.0001,0.0001,0.0001,0,0,0.0001,0,0.0001,0.0001,0.0001,0.0001,0.0001,0.0001,0.1574,0.165,0.1574,0.165,1
0.5761,4.0325,0,0.5761,0.5761,1.7282,0,0.5761,1.7282,0.5761,0.5761,0.5761,1.1521,0,0,1.7282,1.1521,0.5761,0.5761,0.5761,0,0.0001,0,0,0,0.0001,0,0,0.0001,0,0,0,0,0,0,0.0001,0,0,0,0,0.2423,0.1817,0.2423,0.1817,1
1.423,0,1.423,0,0,1.423,0.9486,0.9486,1.423,1.423,0,0,0,0,0.4743,0.4743,0.4743,0.4743,0.4743,0.4743,0.0001,0,0.0001,0,0,0.0001,0.0001,0.0001,0.0001,0.0001,0,0,0,0,0,0,0,0,0,0,0.2387,0.2869,0.2387,0.2869,1
0.5476,0,0,0,2.1903,0.5476,1.6427,0.5476,0.5476,1.6427,0,1.0952,0.5476,0.5476,0.5476,1.0952,0,1.6427,0,0.5476,0,0,0,0,0.0002,0,0.0001,0,0,0.0001,0,0.0001,0,0,0,0.0001,0,0.0001,0,0,0.1942,0.2582,0.1942,0.2582,1
0,1.2617,0,0.6308,1.2617,1.8925,0.6308,0,0.6308,0.6308,0.6308,1.2617,1.2617,0.6308,0.6308,0.6308,0.6308,0,0,0,0,0.0001,0,0.0001,0.0001,0.0002,0.0001,0,0.0001,0.0001,0.0001,0.0001,0.0001,0.0001,0.0001,0.0001,0.0001,0,0,0,0.1537,0.2155,0.1537,0.2155,1
0,0.6074,0.6074,0.6074,0.6074,0.6074,0.6074,0.6074,0,0.6074,0,0.6074,2.4298,0,0.6074,0,0,1.2149,0.6074,0,0,0,0,0,0,0,0,0,0,0,0,0,0.0002,0,0,0,0,0.0001,0,0,0.1946,0.198,0.1946,0.198,1
0.8051,0,0,0,0,0.8051,0,0,0,7.2455,0,0.8051,0,0,0.8051,0,0,0,0,0,0.0001,0,0,0,0,0.0001,0,0,0,0.001,0,0.0001,0,0,0.0001,0,0,0,0,0,0.1112,0.0838,0.1112,0.0838,1
4.1442,0,0,0,0,0,0,0,1.6577,3.3154,0,0,0.8288,0,1.6577,0,0,1.6577,0,0,0.0007,0,0,0,0,0,0,0,0.0003,0.0006,0,0,0.0001,0,0.0003,0,0,0.0003,0,0,0.0644,0.1068,0.0644,0.1068,1
0,0.7118,0,0.7118,0,1.4236,0,0,0.7118,1.4236,0,0,0.7118,0,0.7118,0.7118,0,0.7118,1.4236,0,0,0.0001,0,0.0001,0,0.0001,0,0,0.0001,0.0001,0,0,0.0001,0,0.0001,0.0001,0,0.0001,0.0001,0,0.1641,0.1241,0.1641,0.1241,1
1.3955,0,0,0,1.3955,2.0933,0,0.6978,0.6978,0.6978,0,0,1.3955,0,0.6978,0.6978,0,0.6978,0.6978,0,0.0001,0,0,0,0.0001,0.0002,0,0.0001,0.0001,0.0001,0,0,0.0001,0,0.0001,0.0001,0,0.0001,0.0001,0,0.1442,0.158,0.1442,0.158,1
1.5957,0.5319,0,0,0,2.1276,1.5957,0,0,0.5319,0,0.5319,1.5957,0,1.0638,0,1.0638,2.1276,0,1.0638,0.0001,0,0,0,0,0.0002,0.0001,0,0,0,0,0,0.0001,0,0.0001,0,0.0001,0.0002,0,0.0001,0.2543,0.2138,0.2543,0.2138,1
1.4095,0.7047,0.7047,0,0,1.4095,0.7047,2.1142,0,2.1142,1.4095,0.7047,1.4095,0,0,0,0.7047,0.7047,0,0,0.0001,0,0,0,0,0.0001,0,0.0001,0,0.0001,0.0001,0,0.0001,0,0,0,0,0,0,0,0.1644,0.1309,0.1644,0.1309,1
3.041,0,0.7602,0,0,0.7602,0.7602,1.5205,0,0,0.7602,0,0,0,0,0.7602,0.7602,0,0,0.7602,0.0004,0,0.0001,0,0,0.0001,0.0001,0.0002,0,0,0.0001,0,0,0,0,0.0001,0.0001,0,0,0.0001,0.1361,0.1037,0.1361,0.1037,1
0.5636,3.9455,0,0.5636,0,1.6909,0.5636,1.1273,0.5636,0.5636,0.5636,0.5636,1.1273,0,0.5636,1.1273,1.1273,1.6909,0.5636,0,0,0.0001,0,0,0,0.0001,0,0,0,0,0,0,0,0,0,0,0,0.0001,0,0,0.2236,0.2127,0.2236,0.2127,1
1.9826,0,0.4957,0,0.9913,0,0.4957,0.4957,1.9826,0.9913,0.4957,0,0,0.4957,0.4957,0,0.4957,0.4957,0.4957,0.9913,0.0002,0,0.0001,0,0.0001,0,0.0001,0.0001,0.0002,0.0001,0.0001,0,0,0.0001,0.0001,0,0.0001,0.0001,0.0001,0.0001,0.2417,0.2627,0.2417,0.2627,1
0.6988,0.6988,0,0.6988,0,0.6988,0,0,0.6988,0.6988,0.6988,0,0.6988,0,0,0,1.3976,0.6988,1.3976,0,0.0001,0.0001,0,0.0001,0,0.0001,0,0,0.0001,0.0001,0.0001,0,0.0001,0,0,0,0.0001,0.0001,0.0001,0,0.1656,0.1356,0.1656,0.1356,1
3.0458,0.5076,1.0153,1.0153,0,0.5076,0.5076,1.0153,2.0305,1.5229,0,1.0153,0,0,0,1.5229,0.5076,1.0153,0,0,0.0002,0,0.0001,0.0001,0,0,0,0.0001,0.0001,0.0001,0,0.0001,0,0,0,0.0001,0,0.0001,0,0,0.2397,0.2527,0.2397,0.2527,1
0.6101,0,0,0,1.8302,0.6101,0,1.8302,1.2201,0,0,0.6101,0.6101,0,1.2201,0,0.6101,0,0,0,0.0001,0,0,0,0.0002,0.0001,0,0.0002,0.0002,0,0,0.0001,0.0001,0,0.0002,0,0.0001,0,0,0,0.1908,0.1991,0.1908,0.1991,1
0.8618,0.8618,0,0,1.7236,0.8618,0,0.8618,0,1.7236,0,0,0.8618,0,0,1.7236,1.7236,0.8618,0,0.8618,0.0001,0.0001,0,0,0.0002,0.0001,0,0.0001,0,0.0002,0,0,0.0001,0,0,0.0002,0.0002,0.0001,0,0.0001,0.0877,0.0505,0.0877,0.0505,1
2.0625,0,0.6875,0,1.375,1.375,0,0,0,1.375,0,0.6875,2.7501,0,0.6875,0,0.6875,0.6875,0,0,0.0002,0,0.0001,0,0.0001,0.0001,0,0,0,0.0001,0,0.0001,0.0003,0,0.0001,0,0.0001,0.0001,0,0,0.1849,0.1276,0.1849,0.1276,1
0,0.55,0.55,1.1,0,1.65,0,0.55,0.55,0.55,0,0.55,0.55,1.1,1.65,1.1,0.55,0,0,0,0,0.0001,0.0001,0.0001,0,0.0002,0,0.0001,0.0001,0.0001,0,0.0001,0.0001,0.0001,0.0002,0.0001,0.0001,0,0,0,0.2677,0.1823,0.2677,0.1823,1
0,0,0,1.0489,0,0.5244,0,0.5244,1.0489,1.0489,0.5244,0,0,0,1.5733,0.5244,1.0489,1.5733,0.5244,0,0,0,0,0.0001,0,0.0001,0,0.0001,0.0001,0.0001,0.0001,0,0,0,0.0002,0.0001,0.0001,0.0002,0.0001,0,0.2131,0.2624,0.2131,0.2624,1
0.8044,0,0,0,0,1.6089,0,0,0.8044,1.6089,0,0,0.8044,0,0,1.6089,0,1.6089,1.6089,0,0.0001,0,0,0,0,0.0002,0,0,0.0001,0.0002,0,0,0.0001,0,0,0.0002,0,0.0002,0.0002,0,0.0935,0.102,0.0935,0.102,1
1.3967,0,0.6983,0,0,2.095,0,0.6983,0.6983,1.3967,0,0,0,0,0.6983,0.6983,0,0,0,0,0.0002,0,0.0001,0,0,0.0003,0,0.0001,0.0001,0.0002,0,0,0,0,0.0001,0.0001,0,0,0,0,0.1637,0.1379,0.1637,0.1379,1
1.5004,1.0003,1.0003,0.5001,0.5001,0.5001,1.0003,1.0003,1.5004,0.5001,0.5001,0,0.5001,0.5001,0.5001,1.0003,0.5001,1.5004,0,0,0.0001,0.0001,0.0001,0,0,0,0.0001,0.0001,0.0001,0,0,0,0,0,0,0.0001,0,0.0001,0,0,0.2469,0.2529,0.2469,0.2529,1
0.5334,2.6672,1.0669,0.5334,0.5334,0.5334,0.5334,2.1338,0,0,1.0669,2.1338,1.0669,0,1.0669,0.5334,0.5334,0.5334,0,0.5334,0,0.0001,0,0,0,0,0,0.0001,0,0,0,0.0001,0,0,0,0,0,0,0,0,0.2542,0.2123,0.2542,0.2123,1
2.3041,0,0.576,0.576,1.1521,2.3041,1.1521,0,0.576,2.3041,0,0.576,0,0,0,1.1521,1.1521,0.576,0,0,0.0002,0,0,0,0.0001,0.0002,0.0001,0,0,0.0002,0,0,0,0,0,0.0001,0.0001,0,0,0,0.2037,0.2202,0.2037,0.2202,1
0,3.5962,0.5994,0.5994,0.5994,2.9968,0,0,0,0.5994,0,1.1987,2.3975,0,0.5994,0.5994,2.3975,1.1987,0.5994,0,0,0.0001,0,0,0,0.0001,0,0,0,0,0,0,0.0001,0,0,0,0.0001,0,0,0,0.2185,0.1821,0.2185,0.1821,1
0.5405,1.6216,0.5405,0,0,0.5405,1.081,0,0.5405,0.5405,0,0.5405,1.6216,1.081,1.6216,0,0.5405,0.5405,0,0,0,0.0001,0,0,0,0,0.0001,0,0,0,0,0,0.0001,0.0001,0.0001,0,0,0,0,0,0.2125,0.247,0.2125,0.247,1
0.4619,0.4619,0.4619,0,0.9238,0.4619,0,0,0.4619,2.7715,0,0,0.4619,0,2.3096,0,0.4619,0.4619,0.4619,0.4619,0,0,0,0,0.0001,0,0,0,0,0.0002,0,0,0,0,0.0002,0,0,0,0,0,0.2718,0.2663,0.2718,0.2663,1
0.5891,1.1783,1.1783,0,0,0,0,0,1.1783,1.1783,1.1783,0,0,0,1.7674,0,0,0.5891,0,0,0,0.0001,0.0001,0,0,0,0,0,0.0001,0.0001,0.0001,0,0,0,0.0001,0,0,0,0,0,0.2847,0.1262,0.2847,0.1262,1
1.1883,0,1.1883,0,0,0.5941,0.5941,0.5941,0.5941,0.5941,1.7824,0.5941,0.5941,0,0.5941,0.5941,1.1883,1.1883,0,0,0.0001,0,0.0001,0,0,0.0001,0.0001,0.0001,0.0001,0.0001,0.0002,0.0001,0.0001,0,0.0001,0.0001,0.0001,0.0001,0,0,0.2011,0.2048,0.2011,0.2048,1
4.6548,0,0.665,0.665,0,0.665,0,0.665,0.665,1.3299,0,0.665,0,0.665,0,0.665,1.3299,0,0,0,0.0005,0,0.0001,0.0001,0,0.0001,0,0.0001,0.0001,0.0001,0,0.0001,0,0.0001,0,0.0001,0.0001,0,0,0,0.1843,0.1507,0.1843,0.1507,1
4.2807,0,0,0,0,0,0,0,2.1404,3.5673,0.7135,0,1.4269,0,1.4269,0,0,0.7135,0,0,0.0006,0,0,0,0,0,0,0,0.0003,0.0005,0.0001,0,0.0002,0,0.0002,0,0,0.0001,0,0,0.1261,0.1605,0.1261,0.1605,1
1.9394,0.6465,1.2929,0,0.6465,0.6465,0,0.6465,0.6465,0.6465,0,0.6465,0.6465,0,0,0.6465,1.2929,0,1.2929,0,0.0001,0,0.0001,0,0,0,0,0,0,0,0,0,0,0,0,0,0.0001,0,0.0001,0,0.2023,0.1513,0.2023,0.1513,1
2.1137,0.7046,0,0,0,2.1137,0,0,1.4091,0.7046,0,0,1.4091,0,0.7046,0.7046,0,0,0,0.7046,0.0002,0.0001,0,0,0,0.0002,0,0,0.0002,0.0001,0,0,0.0002,0,0.0001,0.0001,0,0,0,0.0001,0.2159,0.0795,0.2159,0.0795,1
0.6766,0.6766,0.6766,0.6766,0,1.3531,0.6766,1.3531,0,1.3531,0,1.3531,1.3531,0,0,0.6766,2.0297,1.3531,0,0.6766,0.0001,0.0001,0.0001,0.0001,0,0.0001,0.0001,0.0001,0,0.0001,0,0.0001,0.0001,0,0,0.0001,0.0002,0.0001,0,0.0001,0.1329,0.1905,0.1329,0.1905,1
3.4179,0,0,0,1.3672,2.7343,0,2.0508,0,4.1015,0,0.6836,0,0.6836,0,0,0,0.6836,0.6836,0,0.0002,0,0,0,0.0001,0.0002,0,0.0001,0,0.0003,0,0,0,0,0,0,0,0,0,0,0.1484,0.168,0.1484,0.168,1
1.6617,0,0.5539,1.6617,0.5539,0,0,1.6617,2.2155,1.1078,0.5539,0.5539,0,0,2.7694,0.5539,0.5539,0,0,0,0.0001,0,0,0.0001,0,0,0,0.0001,0.0002,0.0001,0,0,0,0,0.0002,0,0,0,0,0,0.1884,0.2577,0.1884,0.2577,1
0.5583,0.5583,0,0.5583,1.1166,0.5583,0.5583,1.6749,0.5583,1.6749,0,0.5583,0,0.5583,5.583,0,0,0,0,0,0,0,0,0,0.0001,0,0,0.0001,0,0.0001,0,0,0,0,0.0005,0,0,0,0,0,0.2447,0.197,0.2447,0.197,1
0.6784,1.3568,1.3568,0,0,0,0,1.3568,0.6784,0,0.6784,0.6784,0,0,0.6784,1.3568,2.0352,0.6784,0,0,0.0001,0.0001,0.0001,0,0,0,0,0.0001,0.0001,0,0.0001,0.0001,0,0,0.0001,0.0001,0.0002,0.0001,0,0,0.1594,0.1621,0.1594,0.1621,1
1.2614,0.6307,0,0,0.6307,1.2614,1.2614,0.6307,0,0,0,0.6307,0.6307,0,1.8922,0,0,0.6307,0,0,0.0001,0.0001,0,0,0.0001,0.0001,0.0001,0.0001,0,0,0,0.0001,0.0001,0,0.0002,0,0,0.0001,0,0,0.1545,0.2148,0.1545,0.2148,1
0.6307,0.6307,0.6307,1.2614,0,0.6307,0,0.6307,0,1.8921,0,1.2614,0.6307,0,0.6307,0,0,2.5228,1.2614,0,0,0,0,0.0001,0,0,0,0,0,0.0001,0,0.0001,0,0,0,0,0,0.0002,0.0001,0,0.1567,0.2126,0.1567,0.2126,1
2.8347,0,0,0,0.4725,0,0,0.9449,4.2521,2.3623,0,0,0,0,0,0,0,0,0,0,0.0003,0,0,0,0.0001,0,0,0.0001,0.0005,0.0003,0,0,0,0,0,0,0,0,0,0,0.2224,0.3052,0.2224,0.3052,1
1.3897,2.0846,1.3897,0.6949,0.6949,0,0,0.6949,0.6949,0.6949,0,1.3897,0.6949,0,2.0846,2.0846,0,0,0,0,0.0001,0.0001,0.0001,0,0,0,0,0,0,0,0,0.0001,0,0,0.0001,0.0001,0,0,0,0,0.141,0.1641,0.141,0.1641,1
0,0.5178,1.5534,0.5178,0.5178,0,0,0.5178,0.5178,2.0711,0,0,0,0,0.5178,1.0356,0.5178,0,1.5534,0,0,0,0.0001,0,0,0,0,0,0,0.0001,0,0,0,0,0,0.0001,0,0,0.0001,0,0.2439,0.2383,0.2439,0.2383,1
0.4682,2.8089,0.9363,0,1.4045,0.4682,0,0.4682,0,1.4045,0,0.4682,0.4682,0.4682,2.8089,0,0.9363,0,0,0.9363,0,0.0001,0,0,0.0001,0,0,0,0,0.0001,0,0,0,0,0.0001,0,0,0,0,0,0.2394,0.2924,0.2394,0.2924,1
0.5507,0.5507,1.1014,0.5507,0.5507,0.5507,0.5507,0.5507,0.5507,2.2028,0,1.6521,0,1.6521,0.5507,1.1014,1.1014,2.7535,0,0,0,0,0.0001,0,0,0,0,0,0,0.0001,0,0.0001,0,0.0001,0,0.0001,0.0001,0.0002,0,0,0.2197,0.2296,0.2197,0.2296,1
0,0.5216,0.5216,0,1.0433,0,0.5216,1.0433,1.0433,1.5649,1.0433,2.0865,0,0.5216,1.0433,1.0433,0.5216,0,0.5216,0,0,0,0,0,0.0001,0,0,0.0001,0.0001,0.0001,0.0001,0.0001,0,0,0.0001,0.0001,0,0,0,0,0.231,0.2473,0.231,0.2473,1
0,0,0,0,0,0,0,0,0,0,0,0,0,0,10,0,0,0,0,0,0,0,0,0,0,0,0,0,0,0,0,0,0,0,10,0,0,0,0,0,0,0,0,0,1
0,0.6383,0.6383,0,0.6383,2.5531,0,0,1.2765,0.6383,0.6383,0.6383,1.9148,0,0.6383,0.6383,0,0.6383,0,0,0,0,0,0,0,0.0002,0,0,0.0001,0,0,0,0.0001,0,0,0,0,0,0,0,0.2202,0.1415,0.2202,0.1415,1
4.1512,0,0,0,0.5189,0,1.0378,0.5189,2.0756,0,0,0,0,1.0378,0,0,1.5567,4.1512,0.5189,0,0.0004,0,0,0,0.0001,0,0.0001,0.0001,0.0002,0,0,0,0,0.0001,0,0,0.0002,0.0004,0.0001,0,0.2198,0.2613,0.2198,0.2613,1
1.5182,0,0,0,1.5182,1.5182,0,0.7591,0,0.7591,1.5182,2.2774,1.5182,0,0,0.7591,1.5182,0,0.7591,0.7591,0.0001,0,0,0,0.0001,0.0001,0,0.0001,0,0.0001,0.0001,0.0002,0.0001,0,0,0.0001,0.0001,0,0.0001,0.0001,0.1348,0.106,0.1348,0.106,1
1.2792,0,0,0.6396,0.6396,1.2792,0,0.6396,0,1.2792,0,0,0.6396,0.6396,1.2792,0,0.6396,0,0,0.6396,0.0002,0,0,0.0001,0.0001,0.0002,0,0.0001,0,0.0002,0,0,0.0001,0.0001,0.0002,0,0.0001,0,0,0.0001,0.1702,0.1902,0.1702,0.1902,1
0.8737,0.8737,0.4369,1.3106,0,1.3106,0,0.8737,0.4369,1.3106,0.4369,0.8737,0.4369,0.4369,1.3106,0.8737,0,0.8737,0,0.4369,0,0,0,0.0001,0,0.0001,0,0,0,0.0001,0,0,0,0,0.0001,0,0,0,0,0,0.2483,0.3149,0.2483,0.3149,1
1.2927,0,0.6463,0,0,2.5854,0,0.6463,1.2927,3.8781,0,0,0.6463,0,0,0,0,1.939,0,0,0.0001,0,0.0001,0,0,0.0002,0,0.0001,0.0001,0.0003,0,0,0.0001,0,0,0,0,0.0002,0,0,0.1494,0.2042,0.1494,0.2042,1
0.5946,0,1.7837,0,0,0.5946,0,0.5946,0,0,0.5946,1.1891,0,0,1.1891,1.1891,0.5946,1.1891,1.1891,0.5946,0.0001,0,0.0002,0,0,0.0001,0,0.0001,0,0,0.0001,0.0001,0,0,0.0001,0.0001,0.0001,0.0001,0.0001,0.0001,0.1877,0.2177,0.1877,0.2177,1
1.4537,0.7268,0,0,0.7268,0,0.7268,0.7268,0,2.1805,0.7268,2.1805,0,0,0.7268,0.7268,0,0,0,0,0.0001,0.0001,0,0,0.0001,0,0.0001,0.0001,0,0.0002,0.0001,0.0002,0,0,0.0001,0.0001,0,0,0,0,0.1217,0.1515,0.1217,0.1515,1
0,0,0.4574,0.4574,1.3721,0.4574,0,0.4574,1.8295,2.2868,0,0.4574,0.4574,0.4574,1.3721,0,0,0.9147,0,0.4574,0,0,0,0,0.0001,0,0,0,0.0002,0.0002,0,0,0,0,0.0001,0,0,0.0001,0,0,0.2579,0.2847,0.2579,0.2847,1
1.256,0,0,0.628,2.5121,0,0,1.256,1.256,0,1.256,1.256,1.256,0,0,0.628,0.628,0.628,0,0,0.0001,0,0,0.0001,0.0002,0,0,0.0001,0.0001,0,0.0001,0.0001,0.0001,0,0,0.0001,0.0001,0.0001,0,0,0.2135,0.1585,0.2135,0.1585,1
0.5522,0,0,0,0.5522,1.1044,1.1044,1.6565,1.6565,0.5522,0.5522,0.5522,0.5522,0,0.5522,0,1.1044,0.5522,0.5522,0,0.0001,0,0,0,0.0001,0.0001,0.0001,0.0002,0.0002,0.0001,0.0001,0.0001,0.0001,0,0.0001,0,0.0001,0.0001,0.0001,0,0.2847,0.1631,0.2847,0.1631,1
4.7642,0.6806,0.6806,0,0,2.0418,0,0,0.6806,0,0,0,0.6806,0,0,0,0.6806,0.6806,0.6806,0.6806,0.0004,0.0001,0.0001,0,0,0.0002,0,0,0.0001,0,0,0,0.0001,0,0,0,0.0001,0.0001,0.0001,0.0001,0.1652,0.1542,0.1652,0.1542,1
0,0,0,0,0,0,0,1.4187,0.7094,1.4187,0.7094,0.7094,0,0.7094,0.7094,0,0,0.7094,0,1.4187,0,0,0,0,0,0,0,0.0003,0.0001,0.0003,0.0001,0.0001,0,0.0001,0.0001,0,0,0.0001,0,0.0003,0.1435,0.1471,0.1435,0.1471,1
0.457,0.457,1.3709,1.3709,0.457,0,0,0.457,0.9139,1.3709,0,0,0,0,0.457,0.9139,0.457,0.457,1.8279,0,0,0,0.0001,0.0001,0,0,0,0,0,0.0001,0,0,0,0,0,0,0,0,0.0001,0,0.2772,0.2658,0.2772,0.2658,1
2.4203,0,0,1.8152,0,0,0,0.6051,0.6051,1.2102,0,0.6051,0.6051,0,0.6051,0,0,0.6051,0,0,0.0003,0,0,0.0002,0,0,0,0.0001,0.0001,0.0001,0,0.0001,0.0001,0,0.0001,0,0,0.0001,0,0,0.1721,0.2228,0.1721,0.2228,1
3.5929,0.7186,0.7186,0,0.7186,0,1.4372,0,0,0.7186,0,1.4372,0,0,0,0,0,0.7186,0,0,0.0003,0.0001,0.0001,0,0.0001,0,0.0001,0,0,0.0001,0,0.0001,0,0,0,0,0,0.0001,0,0,0.1651,0.1163,0.1651,0.1163,1
2.407,1.2035,1.2035,0.6018,1.2035,0,0.6018,0,0,0,0,1.2035,0.6018,0,1.2035,0,0.6018,1.2035,0,0,0.0002,0.0001,0.0001,0,0.0001,0,0,0,0,0,0,0.0001,0,0,0.0001,0,0,0.0001,0,0,0.2015,0.1967,0.2015,0.1967,1
1.0876,0,0,0,0,2.1753,0,0,0,0.5438,0,0,2.7191,0,1.6315,1.0876,0.5438,0,1.6315,0,0.0001,0,0,0,0,0.0002,0,0,0,0,0,0,0.0002,0,0.0001,0.0001,0,0,0.0001,0,0.2649,0.1912,0.2649,0.1912,1
0.8475,0,0,0,0,0.8475,0,0,3.3902,1.6951,0,0,0,0,0,0,0.8475,3.3902,0,0,0.0002,0,0,0,0,0.0002,0,0,0.0009,0.0004,0,0,0,0,0,0,0.0002,0.0009,0,0,0.0515,0.1009,0.0515,0.1009,1
1.6001,2.1335,0.5334,0,1.0667,1.0667,0.5334,0,1.0667,0,1.0667,0,1.0667,0,1.0667,0,1.0667,0.5334,0,0,0.0001,0.0001,0,0,0.0001,0.0001,0,0,0.0001,0,0.0001,0,0.0001,0,0.0001,0,0.0001,0,0,0,0.2172,0.2495,0.2172,0.2495,1
0,0.4951,0,0,0.9902,1.9805,0.4951,0.4951,2.4756,2.4756,0.9902,0,0.9902,0,1.9805,0,0,0.4951,0,0,0,0,0,0,0.0001,0.0002,0,0,0.0002,0.0002,0.0001,0,0.0001,0,0.0002,0,0,0,0,0,0.272,0.2329,0.272,0.2329,1
0.5542,0,1.1084,1.1084,0,1.1084,0.5542,0,1.1084,0.5542,0.5542,0.5542,1.1084,0,2.2168,0,0.5542,0.5542,0,0,0.0001,0,0.0001,0.0001,0,0.0001,0.0001,0,0.0001,0.0001,0.0001,0.0001,0.0001,0,0.0003,0,0.0001,0.0001,0,0,0.2257,0.2201,0.2257,0.2201,1
1.0074,0.5037,1.511,0,0,1.0074,0,0.5037,0,1.0074,0.5037,0.5037,0.5037,0,1.511,0.5037,0,0,1.511,0,0.0001,0,0.0001,0,0,0.0001,0,0,0,0.0001,0,0,0,0,0.0001,0,0,0,0.0001,0,0.2565,0.2398,0.2565,0.2398,1
0,1.0157,0.5079,0,1.5236,0,0.5079,1.0157,1.0157,1.0157,0,0,1.0157,0,1.5236,0,2.5393,0.5079,0,0,0,0.0001,0,0,0.0001,0,0,0.0001,0.0001,0.0001,0,0,0.0001,0,0.0001,0,0.0002,0,0,0,0.2948,0.1973,0.2948,0.1973,1
0,0,0,0,1.3287,0.6643,0.6643,0.6643,0,2.6573,0.6643,0,0.6643,0,0.6643,0.6643,3.3217,3.986,0,0.6643,0,0,0,0,0.0001,0.0001,0.0001,0.0001,0,0.0003,0.0001,0,0.0001,0,0.0001,0.0001,0.0003,0.0004,0,0.0001,0.1681,0.1676,0.1681,0.1676,1
0,0,0.4576,0.9153,0.4576,0.4576,0,0,0.9153,1.8305,0,0,0.4576,0.4576,2.2881,0,0,0.4576,0.4576,0,0,0,0.0001,0.0001,0.0001,0.0001,0,0,0.0001,0.0002,0,0,0.0001,0.0001,0.0003,0,0,0.0001,0.0001,0,0.2378,0.3046,0.2378,0.3046,1
0.6686,1.3372,0,0.6686,0.6686,1.3372,0.6686,2.0059,0,0.6686,0.6686,0,0,0,0.6686,0.6686,1.3372,0.6686,0,0,0,0.0001,0,0,0,0.0001,0,0.0001,0,0,0,0,0,0,0,0,0.0001,0,0,0,0.1444,0.187,0.1444,0.187,1
1.4317,0,0.9545,2.3862,0.4772,0,0,0,3.3406,0,0,1.4317,0,0.9545,0,0.4772,0.4772,1.4317,0,0,0.0002,0,0.0001,0.0003,0.0001,0,0,0,0.0004,0,0,0.0002,0,0.0001,0,0.0001,0.0001,0.0002,0,0,0.2349,0.2879,0.2349,0.2879,1
0,0,1.2223,2.8521,0,0,0,1.2223,2.8521,0.4074,0,0,0,1.2223,0,0.8149,0.4074,0,0.8149,0.4074,0,0,0.0001,0.0003,0,0,0,0.0001,0.0003,0,0,0,0,0.0001,0,0.0001,0,0,0.0001,0,0.2581,0.3345,0.2581,0.3345,1
0.6849,0,0,0,0,0,0.6849,0.6849,0,0.6849,2.0546,0,0,0.6849,2.0546,0,0.6849,0,0,0,0.0002,0,0,0,0,0,0.0002,0.0002,0,0.0002,0.0005,0,0,0.0002,0.0005,0,0.0002,0,0,0,0.1788,0.1363,0.1788,0.1363,1
1.4224,0,0.7112,0,0.7112,1.4224,0.7112,0,0,0,0,0,1.4224,0,0,0,0,0.7112,0.7112,1.4224,0.0002,0,0.0001,0,0.0001,0.0002,0.0001,0,0,0,0,0,0.0002,0,0,0,0,0.0001,0.0001,0.0002,0.1624,0.1264,0.1624,0.1264,1
1.3293,0,0,0,1.3293,1.3293,1.3293,0.6647,0,2.6587,0.6647,1.3293,1.994,0.6647,0,1.3293,0,0,0.6647,0,0.0001,0,0,0,0.0001,0.0001,0.0001,0.0001,0,0.0002,0.0001,0.0001,0.0002,0.0001,0,0.0001,0,0,0.0001,0,0.177,0.1584,0.177,0.1584,1
0.5641,1.1281,1.1281,0.5641,0,0,0,1.1281,1.6922,0.5641,0.5641,0.5641,0.5641,0,1.1281,0.5641,0.5641,0.5641,0,0.5641,0,0.0001,0.0001,0,0,0,0,0.0001,0.0001,0,0,0,0,0,0.0001,0,0,0,0,0,0.209,0.2269,0.209,0.2269,1
2.705,1.623,0,1.082,0.541,2.705,0.541,0.541,0.541,0,0.541,0,0.541,0,0.541,0.541,2.164,1.082,0.541,0,0.0001,0.0001,0,0.0001,0,0.0001,0,0,0,0,0,0,0,0,0,0,0.0001,0.0001,0,0,0.2367,0.2223,0.2367,0.2223,1
0,0,0.5062,3.0374,0,0,0,1.0125,2.025,1.0125,0,0,0,0,0,0,1.0125,0,1.0125,0.5062,0,0,0,0.0003,0,0,0,0.0001,0.0002,0.0001,0,0,0,0,0,0,0.0001,0,0.0001,0,0.2231,0.2706,0.2231,0.2706,1
0,0.5082,0,0,0.5082,0.5082,0,0,1.0164,2.0328,0,0,0.5082,0,2.541,0,0.5082,0.5082,0.5082,0,0,0.0001,0,0,0.0001,0.0001,0,0,0.0001,0.0002,0,0,0.0001,0,0.0003,0,0.0001,0.0001,0.0001,0,0.231,0.2608,0.231,0.2608,1
0.9842,0,0.4921,0,1.4763,2.4605,0.4921,0.9842,0.4921,0.9842,0,0.4921,0.9842,0.9842,0.4921,0.9842,0.9842,0.9842,0.4921,0,0.0001,0,0,0,0.0001,0.0002,0,0.0001,0,0.0001,0,0,0.0001,0.0001,0,0.0001,0.0001,0.0001,0,0,0.258,0.2499,0.258,0.2499,1
0.9867,2.9602,0.9867,0.4934,1.9735,0,0,0,0.4934,0.9867,0.9867,0,1.4801,0.4934,1.9735,0,0.4934,0,0,0.4934,0,0.0001,0,0,0.0001,0,0,0,0,0,0,0,0.0001,0,0.0001,0,0,0,0,0,0.244,0.2627,0.244,0.2627,1
0,0,0.5984,0,0,1.7953,0.5984,0.5984,0.5984,4.7874,0,1.1969,0.5984,0.5984,0,0.5984,0,0,0,0,0,0,0,0,0,0.0001,0,0,0,0.0003,0,0.0001,0,0,0,0,0,0,0,0,0.1651,0.2365,0.1651,0.2365,1
1.1965,1.7947,0.5982,0,0.5982,0,0,0.5982,1.1965,1.1965,1.1965,0.5982,0,0,0,1.7947,1.1965,2.393,0,0.5982,0.0001,0.0001,0,0,0,0,0,0,0.0001,0.0001,0.0001,0,0,0,0,0.0001,0.0001,0.0001,0,0,0.1838,0.218,0.1838,0.218,1
0,0,0.403,3.2238,0,0,0,1.2089,2.4179,0.403,0,0,0,0.806,0.403,0.403,1.2089,0,0.806,0.806,0,0,0,0.0003,0,0,0,0.0001,0.0002,0,0,0,0,0.0001,0,0,0.0001,0,0.0001,0.0001,0.2756,0.3215,0.2756,0.3215,1
0.542,0,0,0,1.626,0,0.542,0.542,0,0,1.084,1.084,1.084,0,2.7099,0,2.7099,0,0,0,0.0001,0,0,0,0.0002,0,0.0001,0.0001,0,0,0.0001,0.0001,0.0001,0,0.0004,0,0.0004,0,0,0,0.2698,0.1882,0.2698,0.1882,1
0.5837,0.5837,0.5837,0.5837,0.5837,0,0,0,0,1.7511,0,2.3348,0.5837,0,0.5837,0.5837,0.5837,0.5837,1.7511,0.5837,0,0,0,0,0,0,0,0,0,0.0001,0,0.0001,0,0,0,0,0,0,0.0001,0,0.2358,0.1805,0.2358,0.1805,1
0.6889,0.6889,0,1.3777,0,2.0666,0,0,1.3777,0,0.6889,0,0.6889,0,1.3777,0.6889,3.4444,1.3777,0,0,0.0001,0.0001,0,0.0001,0,0.0002,0,0,0.0001,0,0.0001,0,0.0001,0,0.0001,0.0001,0.0004,0.0001,0,0,0.1421,0.1691,0.1421,0.1691,1
0,0,0.6428,0.6428,1.2856,1.9284,0,0.6428,0.6428,0.6428,0,0.6428,0.6428,0.6428,0,0.6428,0,0,0,0.6428,0,0,0.0001,0.0001,0.0001,0.0002,0,0.0001,0.0001,0.0001,0,0.0001,0.0001,0.0001,0,0.0001,0,0,0,0.0001,0.1897,0.1675,0.1897,0.1675,1
0.5095,0,1.0189,0.5095,0.5095,1.0189,0,1.5284,1.5284,1.0189,0.5095,1.5284,1.0189,0,0.5095,0,0,0.5095,0,0.5095,0,0,0.0001,0,0,0.0001,0,0.0001,0.0001,0.0001,0,0.0001,0.0001,0,0,0,0,0,0,0,0.2395,0.251,0.2395,0.251,1
0,0.7426,1.4852,0,0.7426,0,0,1.4852,0,1.4852,0.7426,0.7426,0.7426,0,0,2.2279,0,0,0,0,0,0.0001,0.0001,0,0.0001,0,0,0.0001,0,0.0001,0.0001,0.0001,0.0001,0,0,0.0002,0,0,0,0,0.1433,0.1141,0.1433,0.1141,1
0,0.6604,0.6604,0,1.3208,0.6604,0,0.6604,0,1.3208,0,0.6604,1.3208,0.6604,0.6604,1.9812,1.9812,0.6604,0,0,0,0,0,0,0.0001,0,0,0,0,0.0001,0,0,0.0001,0,0,0.0001,0.0001,0,0,0,0.1976,0.142,0.1976,0.142,1
1.8771,0.6257,1.2514,0,1.2514,0,0,0.6257,1.2514,0.6257,0,0,1.8771,0,0,1.2514,0.6257,1.2514,0,0,0.0002,0.0001,0.0001,0,0.0001,0,0,0.0001,0.0001,0.0001,0,0,0.0002,0,0,0.0001,0.0001,0.0001,0,0,0.1986,0.1757,0.1986,0.1757,1
1.1398,0,0.5699,0.5699,0.5699,0.5699,0,0,0,0.5699,0.5699,1.7097,0,1.1398,1.1398,1.7097,1.1398,1.1398,0,1.7097,0.0001,0,0,0,0,0,0,0,0,0,0,0.0001,0,0.0001,0.0001,0.0001,0.0001,0.0001,0,0.0001,0.2225,0.2077,0.2225,0.2077,1
1.3612,0,0,0,0,0,0.6806,1.3612,0.6806,2.0418,0,0.6806,0,0.6806,0.6806,0,0,0,0,0,0.0002,0,0,0,0,0,0.0001,0.0002,0.0001,0.0003,0,0.0001,0,0.0001,0.0001,0,0,0,0,0,0.1598,0.1596,0.1598,0.1596,1
1.1211,0,0,0.5605,1.6816,1.6816,0.5605,0,1.1211,2.8027,0,0,1.1211,0,1.6816,0.5605,0.5605,2.2422,0,0,0.0001,0,0,0,0.0001,0.0001,0,0,0.0001,0.0002,0,0,0.0001,0,0.0001,0,0,0.0002,0,0,0.182,0.2575,0.182,0.2575,1
2.1824,0,0,0,1.455,0,0,0.7275,2.1824,0.7275,2.9099,0.7275,0,0,0,0,2.1824,0.7275,0,0.7275,0.0004,0,0,0,0.0003,0,0,0.0001,0.0004,0.0001,0.0005,0.0001,0,0,0,0,0.0004,0.0001,0,0.0001,0.1429,0.1297,0.1429,0.1297,1
0.5892,2.9458,0,0,0.5892,0.5892,0.5892,0.5892,0.5892,0,0,0,0,0,2.9458,0,0,0,0,1.1783,0,0.0002,0,0,0,0,0,0,0,0,0,0,0,0,0.0002,0,0,0,0,0.0001,0.1889,0.222,0.1889,0.222,1
0,0,0,0,0,0,0,2.1296,0.7099,1.4197,0.7099,0.7099,0,0.7099,0.7099,0,0,0,0,1.4197,0,0,0,0,0,0,0,0.0004,0.0001,0.0003,0.0001,0.0001,0,0.0001,0.0001,0,0,0,0,0.0003,0.1439,0.1462,0.1439,0.1462,1
1.9888,0,0,0,0.6629,1.9888,0,0,0.6629,0,0,0,2.6518,0,1.3259,0,3.9776,0,0,0,0.0003,0,0,0,0.0001,0.0003,0,0,0.0001,0,0,0,0.0004,0,0.0002,0,0.0006,0,0,0,0.1392,0.1979,0.1392,0.1979,1
1.2133,1.2133,0,2.4266,0,0.6067,0,0.6067,1.2133,1.2133,0,0,0.6067,0,0.6067,0,0.6067,0.6067,0,0,0.0001,0.0001,0,0.0002,0,0,0,0,0.0001,0.0001,0,0,0,0,0,0,0,0,0,0,0.2116,0.1817,0.2116,0.1817,1
1.2345,0.6172,1.8517,0.6172,0,0,0,1.2345,0,1.8517,0,0.6172,0.6172,0,0,1.2345,0.6172,1.2345,0,0,0.0001,0,0.0001,0,0,0,0,0.0001,0,0.0001,0,0,0,0,0,0.0001,0,0.0001,0,0,0.1954,0.1874,0.1954,0.1874,1
1.0886,0,1.0886,0,0,0,0.5443,1.0886,0.5443,0,0.5443,0.5443,1.6329,0.5443,1.6329,0.5443,0.5443,1.6329,0.5443,0.5443,0.0001,0,0.0001,0,0,0,0,0.0001,0,0,0,0,0.0001,0,0.0001,0,0,0.0001,0,0,0.2093,0.2464,0.2093,0.2464,1
0.7421,0,0,0,1.4841,1.4841,0,0,0.7421,2.9682,0,0,0,0,0,0.7421,0,1.4841,0,0,0.0001,0,0,0,0.0001,0.0001,0,0,0.0001,0.0003,0,0,0,0,0,0.0001,0,0.0001,0,0,0.1207,0.1373,0.1207,0.1373,1
0,0,0.455,2.7297,0,0,0,1.3649,2.7297,0.455,0,0,0,0,0,0.455,0.455,0.455,0.9099,0.455,0,0,0,0.0002,0,0,0,0.0001,0.0002,0,0,0,0,0,0,0,0,0,0.0001,0,0.2344,0.3107,0.2344,0.3107,1
1.3512,0.6756,1.3512,0.6756,0.6756,0.6756,0,1.3512,0,0.6756,0,0.6756,0.6756,0,0,0.6756,2.0268,2.0268,0,0,0.0001,0.0001,0.0001,0.0001,0.0001,0.0001,0,0.0001,0,0.0001,0,0.0001,0.0001,0,0,0.0001,0.0002,0.0002,0,0,0.1653,0.1591,0.1653,0.1591,1
0,0,0.5346,0,1.0693,0,0.5346,0.5346,1.0693,3.2079,0,0.5346,3.2079,0,1.0693,2.6732,0,0.5346,0,1.0693,0,0,0,0,0.0001,0,0,0,0.0001,0.0003,0,0,0.0003,0,0.0001,0.0002,0,0,0,0.0001,0.2138,0.2516,0.2138,0.2516,1
1.2262,0,0.6131,0,0,1.8394,0,0.6131,0.6131,0.6131,0.6131,0,0.6131,0,1.2262,1.2262,0,0,0,0,0.0001,0,0.0001,0,0,0.0002,0,0.0001,0.0001,0.0001,0.0001,0,0.0001,0,0.0001,0.0001,0,0,0,0,0.212,0.1748,0.212,0.1748,1
1.1001,0,0,0,0,0.55,0,0,1.1001,0.55,0,0.55,0,1.6501,3.8502,0,0,0,0,0.55,0.0002,0,0,0,0,0.0001,0,0,0.0002,0.0001,0,0.0001,0,0.0003,0.0007,0,0,0,0,0.0001,0.2314,0.2185,0.2314,0.2185,1
0.7294,0,0.7294,0,1.4588,0,0,0.7294,0.7294,1.4588,0.7294,1.4588,1.4588,0.7294,0,0,0,0.7294,0,0,0.0001,0,0.0001,0,0.0002,0,0,0.0001,0.0001,0.0002,0.0001,0.0002,0.0002,0.0001,0,0,0,0.0001,0,0,0.1588,0.1118,0.1588,0.1118,1
3.8802,0,0.5543,1.1086,0,0.5543,0.5543,0,0,1.1086,0,0,0,0,1.6629,0,1.6629,0,0,0,0.0005,0,0.0001,0.0001,0,0.0001,0.0001,0,0,0.0001,0,0,0,0,0.0002,0,0.0002,0,0,0,0.1872,0.2585,0.1872,0.2585,1
0.6337,0,0,1.2673,0,0,1.901,0.6337,0,0.6337,0,0,1.2673,0,1.2673,1.2673,0,0.6337,0,0,0.0001,0,0,0.0002,0,0,0.0003,0.0001,0,0.0001,0,0,0.0002,0,0.0002,0.0002,0,0.0001,0,0,0.2067,0.1596,0.2067,0.1596,1
3.0672,0.5112,1.5336,1.0224,0,0,0,0,0.5112,0.5112,0,0.5112,0.5112,0,1.5336,0,0,0,0,0.5112,0.0002,0,0.0001,0.0001,0,0,0,0,0,0,0,0,0,0,0.0001,0,0,0,0,0,0.2284,0.2604,0.2284,0.2604,1
0,1.8298,1.2199,0,0,1.2199,0,1.2199,0,1.2199,0,0.6099,0,0.6099,0.6099,1.2199,0.6099,1.2199,1.2199,0,0,0.0001,0.0001,0,0,0.0001,0,0.0001,0,0.0001,0,0,0,0,0,0.0001,0,0.0001,0.0001,0,0.1762,0.2138,0.1762,0.2138,1
0,0.5933,2.3732,0.5933,0,0.5933,0,1.1866,0.5933,1.1866,0,1.1866,0.5933,0,0,0.5933,0,1.7799,0,0,0,0,0.0002,0,0,0,0,0.0001,0,0.0001,0,0.0001,0,0,0,0,0,0.0001,0,0,0.1839,0.2228,0.1839,0.2228,1
1.793,1.3448,1.3448,0,1.3448,0.8965,0,0.4483,1.3448,1.3448,0,0,0.4483,0.4483,0.8965,0,0,0.8965,0,0.8965,0.0001,0.0001,0.0001,0,0.0001,0,0,0,0.0001,0.0001,0,0,0,0,0,0,0,0,0,0,0.2434,0.3084,0.2434,0.3084,1
1.2494,0.6247,1.2494,0,0.6247,1.8741,0,0,0,1.8741,0.6247,0,1.2494,1.2494,1.2494,0,0,1.2494,0,0,0.0001,0,0.0001,0,0,0.0001,0,0,0,0.0001,0,0,0.0001,0.0001,0.0001,0,0,0.0001,0,0,0.2133,0.162,0.2133,0.162,1
1.7884,2.3845,1.1923,0,0,1.7884,0,0.5961,1.1923,0.5961,0.5961,0,1.1923,0,1.1923,0,0,0.5961,0,0,0.0001,0.0001,0.0001,0,0,0.0001,0,0,0.0001,0,0,0,0.0001,0,0.0001,0,0,0,0,0,0.1866,0.2173,0.1866,0.2173,1
0,0,0.6323,0,0.6323,1.2647,1.2647,0.6323,0,1.897,0,0,0,0,0,0,0,0.6323,1.2647,0,0,0,0.0001,0,0.0001,0.0001,0.0001,0.0001,0,0.0002,0,0,0,0,0,0,0,0.0001,0.0001,0,0.1937,0.1739,0.1937,0.1739,1
1.0453,0,1.0453,0,0,1.0453,1.568,0,1.0453,0,0.5227,0,3.6586,0,1.0453,0,1.0453,0,0,1.0453,0.0001,0,0.0001,0,0,0.0001,0.0002,0,0.0001,0,0.0001,0,0.0004,0,0.0001,0,0.0001,0,0,0.0001,0.3175,0.1598,0.3175,0.1598,1
1.2304,1.2304,0,0.6152,0.6152,2.4607,0,1.2304,0,1.2304,0.6152,0.6152,0.6152,0,0.6152,0,0,1.8455,0.6152,1.2304,0.0001,0.0001,0,0,0,0.0001,0,0.0001,0,0.0001,0,0,0,0,0,0,0,0.0001,0,0.0001,0.2267,0.1581,0.2267,0.1581,1
0.5295,0.5295,1.059,0.5295,0.5295,0.5295,1.059,0,1.5885,0.5295,0,0.5295,0,0,0.5295,1.059,0.5295,1.059,0.5295,0,0,0,0.0001,0,0,0,0.0001,0,0.0001,0,0,0,0,0,0,0.0001,0,0.0001,0,0,0.2508,0.2197,0.2508,0.2197,1
0,0,0,0,0,0,0,0,0.7188,0.7188,0,0,3.5941,0,0,0.7188,0,0,3.5941,0,0,0,0,0,0,0,0,0,0.0001,0.0001,0,0,0.0003,0,0,0.0001,0,0,0.0003,0,0.1631,0.1181,0.1631,0.1181,1
2.7558,0,1.3779,0,0.4593,0,0.9186,1.3779,2.2965,0,0.9186,0,0,0.4593,0.4593,0.9186,0.9186,0.4593,0.4593,0,0.0002,0,0.0001,0,0,0,0.0001,0.0001,0.0002,0,0.0001,0,0,0,0,0.0001,0.0001,0,0,0,0.2641,0.2766,0.2641,0.2766,1
0,0,0,2.3924,0.5981,1.1962,0,1.1962,0.5981,1.1962,0,0.5981,0,0,0,0,1.1962,0,0,0,0,0,0,0.0003,0.0001,0.0001,0,0.0001,0.0001,0.0001,0,0.0001,0,0,0,0,0.0001,0,0,0,0.1939,0.208,0.1939,0.208,1
0.726,0,0,0,0,0,0,0,1.4521,1.4521,0,0,0,0.726,1.4521,0.726,0,0.726,0,0,0.0002,0,0,0,0,0,0,0,0.0003,0.0003,0,0,0,0.0002,0.0003,0.0002,0,0.0002,0,0,0.1859,0.0881,0.1859,0.0881,1
0,0,0,0,0,0.6985,0.6985,0,0,2.0954,1.3969,0,0,0,0.6985,0,0.6985,2.0954,2.0954,0,0,0,0,0,0,0.0001,0.0001,0,0,0.0004,0.0002,0,0,0,0.0001,0,0.0001,0.0004,0.0004,0,0.1578,0.1437,0.1578,0.1437,1
1.2017,0.6009,0,0,0,0.6009,0,0.6009,1.8026,0.6009,1.8026,0,0,0,1.2017,0.6009,2.4034,3.6051,0,0,0.0001,0.0001,0,0,0,0.0001,0,0.0001,0.0002,0.0001,0.0002,0,0,0,0.0001,0.0001,0.0002,0.0003,0,0,0.2465,0.1527,0.2465,0.1527,1
0.6104,0.6104,0,0,0.6104,0,0,0,1.8312,0,1.8312,0.6104,2.4416,0.6104,4.2728,0,2.4416,0.6104,0.6104,0,0.0001,0.0001,0,0,0.0001,0,0,0,0.0002,0,0.0002,0.0001,0.0002,0.0001,0.0004,0,0.0002,0.0001,0.0001,0,0.1474,0.2422,0.1474,0.2422,1
0,0,0,0,1.2834,0.6417,0.6417,1.2834,0,1.9251,0.6417,0,0,1.2834,5.7753,0,0,0,0,0,0,0,0,0,0.0002,0.0001,0.0001,0.0002,0,0.0003,0.0001,0,0,0.0002,0.0009,0,0,0,0,0,0.1851,0.1732,0.1851,0.1732,1
0.4938,0.4938,0.4938,1.4813,0.4938,0.4938,0.9876,0.4938,0,1.4813,0.4938,0,0.4938,0,1.9751,0.4938,0,0.9876,0,0,0,0,0,0.0001,0,0,0.0001,0,0,0.0001,0,0,0,0,0.0002,0,0,0.0001,0,0,0.2112,0.295,0.2112,0.295,1
0.9299,0.9299,0.4649,0.9299,0.4649,0,0,1.3948,0.9299,2.3246,0.9299,0,0.9299,0.4649,1.3948,0.4649,0.9299,0.4649,0,0,0.0001,0.0001,0,0.0001,0,0,0,0.0001,0.0001,0.0001,0.0001,0,0.0001,0,0.0001,0,0.0001,0,0,0,0.2785,0.2565,0.2785,0.2565,1
0.835,0.835,0,0,0,0.835,0,0,0.835,0,0.835,0.835,1.67,0,0.835,2.505,0.835,0.835,0,0,0.0001,0.0001,0,0,0,0.0001,0,0,0.0001,0,0.0001,0.0001,0.0002,0,0.0001,0.0003,0.0001,0.0001,0,0,0.0698,0.0952,0.0698,0.0952,1
1.5113,0,0,1.5113,0,0.5038,0,1.0075,1.5113,0.5038,0,2.5188,0,0,0.5038,0,0,2.0151,0.5038,0.5038,0.0001,0,0,0.0001,0,0,0,0.0001,0.0001,0,0,0.0002,0,0,0,0,0,0.0002,0,0,0.2378,0.2584,0.2378,0.2584,1
2.5387,0,0.6347,0,0,1.2693,1.904,0,0.6347,2.5387,0.6347,0,0.6347,0,0,0.6347,0,0.6347,0.6347,0,0.0003,0,0.0001,0,0,0.0001,0.0002,0,0.0001,0.0003,0.0001,0,0.0001,0,0,0.0001,0,0.0001,0.0001,0,0.1823,0.183,0.1823,0.183,1
0.6355,0,0,0,1.271,1.271,0,0.6355,1.271,1.271,0,0.6355,0.6355,0.6355,0,0,1.9065,0.6355,0.6355,0,0.0001,0,0,0,0.0001,0.0001,0,0.0001,0.0001,0.0001,0,0.0001,0.0001,0.0001,0,0,0.0002,0.0001,0.0001,0,0.1924,0.1721,0.1924,0.1721,1
0.5823,2.329,0,0.5823,0.5823,1.1645,0,0.5823,0.5823,0.5823,1.1645,0,1.1645,0,1.1645,2.329,2.329,1.7468,0.5823,0,0,0.0001,0,0,0,0.0001,0,0,0,0,0.0001,0,0.0001,0,0.0001,0.0001,0.0001,0.0001,0,0,0.2562,0.1615,0.2562,0.1615,1
2.3706,0.7902,0,0,0,2.3706,0,1.5804,0,3.951,0,0.7902,0,0,0,0.7902,0.7902,0,0.7902,0,0.0001,0,0,0,0,0.0001,0,0.0001,0,0.0002,0,0,0,0,0,0,0,0,0,0,0.141,0.0688,0.141,0.0688,1
0,0.4524,1.3571,0.4524,0.4524,0,0.4524,0.4524,0.9047,0.9047,0.9047,0.4524,0.4524,0,1.8094,0,0.4524,1.3571,0.4524,0.9047,0,0,0.0001,0,0,0,0,0,0.0001,0.0001,0.0001,0,0,0,0.0001,0,0,0.0001,0,0.0001,0.2541,0.2935,0.2541,0.2935,1
0.6798,0.6798,0.6798,0,0.6798,2.0395,0,0,1.3597,0,0,0,0,0,5.4386,0,0,0.6798,0,0,0.0001,0.0001,0.0001,0,0.0001,0.0002,0,0,0.0001,0,0,0,0,0,0.0005,0,0,0.0001,0,0,0.1399,0.1803,0.1399,0.1803,1
2.0489,0,0.683,0.683,0.683,1.3659,0,0,1.3659,0,0,0,0.683,0,2.7319,0.683,0.683,0,0,0,0.0003,0,0.0001,0.0001,0.0001,0.0002,0,0,0.0002,0,0,0,0.0001,0,0.0004,0.0001,0.0001,0,0,0,0.1632,0.1539,0.1632,0.1539,1
0,0,0,0,0,0,2.0346,1.3564,0,1.3564,0,1.3564,0,0,0,0,0.6782,0.6782,1.3564,0,0,0,0,0,0,0,0.0002,0.0002,0,0.0002,0,0.0002,0,0,0,0,0.0001,0.0001,0.0002,0,0.1411,0.1807,0.1411,0.1807,1
1.868,0,0,2.4906,0,1.2453,0,0,0.6227,1.2453,0,0,0.6227,0,0.6227,0.6227,1.868,0,0,0,0.0002,0,0,0.0003,0,0.0002,0,0,0.0001,0.0002,0,0,0.0001,0,0.0001,0.0001,0.0002,0,0,0,0.2087,0.1687,0.2087,0.1687,1
0.5224,0,0,0,1.5671,0.5224,0,0,3.1342,0.5224,0,0,0,0,1.5671,0.5224,1.0447,0.5224,0.5224,0,0.0001,0,0,0,0.0002,0.0001,0,0,0.0004,0.0001,0,0,0,0,0.0002,0.0001,0.0001,0.0001,0.0001,0,0.2462,0.2314,0.2462,0.2314,1
1.7284,0.5761,0,0,0.5761,0.5761,0.5761,0,0,0,2.3045,0.5761,0.5761,0.5761,1.7284,0,2.3045,1.7284,0,1.1523,0.0001,0,0,0,0,0,0,0,0,0,0.0002,0,0,0,0.0001,0,0.0002,0.0001,0,0.0001,0.2311,0.1928,0.2311,0.1928,1
0.4713,0,0.4713,2.828,0,0,1.414,0.4713,2.828,0.4713,0.4713,0.9427,0,0.4713,0,0.4713,0.9427,0,0.4713,0.4713,0.0001,0,0.0001,0.0003,0,0,0.0002,0.0001,0.0003,0.0001,0.0001,0.0001,0,0.0001,0,0.0001,0.0001,0,0.0001,0.0001,0.256,0.2727,0.256,0.2727,1
0,0,0.4158,4.1578,0,0,0,1.2473,2.4947,0.4158,0,0,0,0.8316,0,0.4158,0.8316,0,0.8316,0.4158,0,0,0,0.0004,0,0,0,0.0001,0.0002,0,0,0,0,0.0001,0,0,0.0001,0,0.0001,0,0.2846,0.2996,0.2846,0.2996,1
0.7465,0.7465,0.7465,0,0.7465,0,0,0,0.7465,1.493,2.9859,0,0,0,0,0,0,2.2394,0,0.7465,0.0001,0.0001,0.0001,0,0.0001,0,0,0,0.0001,0.0001,0.0003,0,0,0,0,0,0,0.0002,0,0.0001,0.1392,0.1143,0.1392,0.1143,1
1.4226,0,0,0,0,1.4226,1.4226,0,2.8452,0,0.7113,0,0,0,0,0,0,1.4226,0,0,0.0003,0,0,0,0,0.0003,0.0003,0,0.0006,0,0.0002,0,0,0,0,0,0,0.0003,0,0,0.1368,0.1519,0.1368,0.1519,1
1.2887,0,0,0,0,1.2887,0.6444,0,0.6444,2.5774,0.6444,1.9331,1.9331,0,0.6444,0,1.2887,0,0,0,0.0001,0,0,0,0,0.0001,0.0001,0,0.0001,0.0003,0.0001,0.0002,0.0002,0,0.0001,0,0.0001,0,0,0,0.1903,0.1653,0.1903,0.1653,1
0,0,2.2236,0.5559,0.5559,1.6677,0.5559,0.5559,0.5559,2.2236,0,0,1.1118,0,0,0.5559,0,0.5559,0,0.5559,0,0,0.0002,0,0,0.0001,0,0,0,0.0002,0,0,0.0001,0,0,0,0,0,0,0,0.2365,0.2076,0.2365,0.2076,1
1.1662,0,0.5831,0,0,1.1662,1.7493,2.3324,0,1.1662,0,0,1.1662,0,1.1662,0,1.7493,3.4986,0,0,0.0001,0,0.0001,0,0,0.0001,0.0002,0.0002,0,0.0001,0,0,0.0001,0,0.0001,0,0.0002,0.0003,0,0,0.1735,0.2433,0.1735,0.2433,1
0.5746,0,0.5746,0,0,1.1492,0,0.5746,1.1492,0,1.7238,0.5746,0,0,1.7238,0,2.2984,2.873,0.5746,0.5746,0.0001,0,0.0001,0,0,0.0001,0,0.0001,0.0001,0,0.0002,0.0001,0,0,0.0002,0,0.0002,0.0003,0.0001,0.0001,0.2386,0.1868,0.2386,0.1868,1
0,1.2051,1.2051,0,0,1.2051,0,1.8076,0,0,1.2051,0.6025,1.8076,0,1.2051,0.6025,1.8076,0,0,0,0,0.0001,0.0001,0,0,0.0001,0,0.0001,0,0,0.0001,0,0.0001,0,0.0001,0,0.0001,0,0,0,0.2223,0.1752,0.2223,0.1752,1
1.1052,1.1052,1.1052,0,0,1.6577,0,1.1052,1.1052,0.5526,0.5526,0.5526,1.6577,0,0,0.5526,1.1052,0,1.1052,0.5526,0.0001,0.0001,0.0001,0,0,0.0001,0,0.0001,0.0001,0,0,0,0.0001,0,0,0,0.0001,0,0.0001,0,0.2322,0.2152,0.2322,0.2152,1
0.7364,0,0,0,0,0,0,0,1.4729,0,0.7364,0,0.7364,0.7364,0,0.7364,0,2.2093,1.4729,0.7364,0.0001,0,0,0,0,0,0,0,0.0002,0,0.0001,0,0.0001,0.0001,0,0.0001,0,0.0003,0.0002,0.0001,0.1207,0.1428,0.1207,0.1428,1
0,3.4407,0.5735,0.5735,0,2.8673,0,0.5735,0.5735,1.1469,0,0.5735,1.7204,0,0.5735,1.1469,1.7204,0.5735,0.5735,0,0,0.0001,0,0,0,0.0001,0,0,0,0,0,0,0.0001,0,0,0,0.0001,0,0,0,0.1938,0.2327,0.1938,0.2327,1
1.2987,0.6494,0.6494,0,0.6494,0,0,0,0.6494,0,0.6494,0,0,0,1.9481,0.6494,0,1.2987,1.2987,0,0.0001,0,0,0,0,0,0,0,0,0,0,0,0,0,0.0001,0,0,0.0001,0.0001,0,0.226,0.1246,0.226,0.1246,1
1.0507,0,0.5254,0.5254,0.5254,0,0.5254,1.0507,1.5761,0.5254,0,0.5254,0.5254,0,1.5761,1.5761,1.0507,2.1015,0.5254,0.5254,0.0001,0,0,0,0,0,0,0.0001,0.0001,0,0,0,0,0,0.0001,0.0001,0.0001,0.0002,0,0,0.2457,0.2289,0.2457,0.2289,1
2.5272,0.6318,0.6318,0,0,4.4226,0,0,0,1.8954,0.6318,0,0,0.6318,0.6318,1.2636,0.6318,1.2636,0,0.6318,0.0001,0,0,0,0,0.0002,0,0,0,0.0001,0,0,0,0,0,0.0001,0,0.0001,0,0,0.1917,0.1765,0.1917,0.1765,1
1.3898,0.4633,0,0.9266,0.4633,0.4633,0,0,0.9266,0.4633,0.4633,0.9266,0,0.4633,1.8531,0,0,0,1.8531,0,0.0001,0,0,0.0001,0,0,0,0,0.0001,0,0,0.0001,0,0,0.0001,0,0,0,0.0001,0,0.3441,0.1926,0.3441,0.1926,1
0.5366,0,1.0733,1.0733,0,1.0733,0,0,0,0.5366,0.5366,0,0,0,2.1466,0,0,2.1466,0,1.0733,0.0001,0,0.0001,0.0001,0,0.0001,0,0,0,0.0001,0.0001,0,0,0,0.0002,0,0,0.0002,0,0.0001,0.2788,0.1846,0.2788,0.1846,1
0,1.1903,1.7854,0.5951,0,1.1903,0.5951,0.5951,1.1903,0,0.5951,0,0.5951,0,0,0.5951,1.7854,1.1903,0,0,0,0.0001,0.0001,0,0,0.0001,0,0,0.0001,0,0,0,0,0,0,0,0.0001,0.0001,0,0,0.2329,0.172,0.2329,0.172,1
0,0.5235,0.5235,0.5235,0,1.5705,1.047,0,0,2.094,0,0.5235,3.1411,0.5235,1.5705,0,0,1.047,0,0.5235,0,0,0,0,0,0.0001,0.0001,0,0,0.0002,0,0,0.0003,0,0.0001,0,0,0.0001,0,0,0.2269,0.2496,0.2269,0.2496,1
0.7499,0.7499,1.4998,0,0,0,0,0,0,1.4998,0,0,0.7499,0,0.7499,0,0.7499,1.4998,0,0,0.0001,0.0001,0.0001,0,0,0,0,0,0,0.0001,0,0,0.0001,0,0.0001,0,0.0001,0.0001,0,0,0.149,0.1011,0.149,0.1011,1
1.5209,0,0.507,0,1.0139,1.0139,0.507,0,0,2.0278,1.0139,0.507,2.5348,0,2.5348,0,1.0139,0.507,0,0,0.0001,0,0,0,0.0001,0.0001,0,0,0,0.0002,0.0001,0,0.0002,0,0.0002,0,0.0001,0,0,0,0.2255,0.2675,0.2255,0.2675,1
1.4192,0,0,0,0,0,0,0.7096,2.8384,2.1288,0,0,0,0,0.7096,0,0.7096,0.7096,0,0,0.0003,0,0,0,0,0,0,0.0001,0.0006,0.0004,0,0,0,0,0.0001,0,0.0001,0.0001,0,0,0.2182,0.0722,0.2182,0.0722,1
0,0,0.561,0,1.1219,0,0,0.561,1.1219,1.6829,0.561,0.561,0,1.1219,6.1705,0,1.1219,0,0,0.561,0,0,0.0001,0,0.0001,0,0,0.0001,0.0001,0.0002,0.0001,0.0001,0,0.0001,0.0006,0,0.0001,0,0,0.0001,0.2322,0.2068,0.2322,0.2068,1
2.6861,0.6715,0.6715,0.6715,0,2.0146,0.6715,2.6861,0.6715,0.6715,0.6715,0,0,0,0,0.6715,2.0146,0.6715,0,0,0.0002,0,0,0,0,0.0001,0,0.0002,0,0,0,0,0,0,0,0,0.0001,0,0,0,0.1759,0.1525,0.1759,0.1525,1
1.2131,0,1.2131,0.6066,0.6066,0,0,0,0,3.0329,0,0.6066,0.6066,1.2131,0.6066,1.2131,0.6066,0.6066,0,0,0.0001,0,0.0001,0,0,0,0,0,0,0.0002,0,0,0,0.0001,0,0.0001,0,0,0,0,0.1934,0.2001,0.1934,0.2001,1
0.6262,0.6262,0,1.2524,0.6262,1.2524,0,1.2524,0,1.2524,0.6262,1.2524,0.6262,0,0.6262,0.6262,0.6262,0,0,0,0.0001,0.0001,0,0.0001,0.0001,0.0001,0,0.0001,0,0.0001,0.0001,0.0001,0.0001,0,0.0001,0.0001,0.0001,0,0,0,0.1892,0.1846,0.1892,0.1846,1
2.2301,0,2.2301,0,0.7434,0,0,0,0,0,0.7434,0,0,0,0.7434,2.2301,0.7434,1.4867,0,1.4867,0.0002,0,0.0002,0,0.0001,0,0,0,0,0,0.0001,0,0,0,0.0001,0.0002,0.0001,0.0001,0,0.0001,0.1477,0.109,0.1477,0.109,1
0,0.7031,0.7031,0,1.4061,1.4061,0,0,0.7031,0.7031,0.7031,0,0,0,0.7031,0.7031,0,0,0,0,0,0.0001,0.0001,0,0.0001,0.0001,0,0,0.0001,0.0001,0.0001,0,0,0,0.0001,0.0001,0,0,0,0,0.1928,0.1041,0.1928,0.1041,1
0.4912,0,0.4912,3.4383,0,0,0.4912,0.4912,1.9647,1.9647,0,0.9824,0,0.4912,1.4735,0,0,0.4912,0,0,0,0,0,0.0003,0,0,0,0,0.0002,0.0002,0,0.0001,0,0,0.0001,0,0,0,0,0,0.2384,0.2705,0.2384,0.2705,1
1.3644,0,1.8192,0.9096,0,0.4548,0,0.9096,0.4548,2.274,0.9096,1.3644,0.4548,0,0.9096,0.4548,0,0,0.9096,0.4548,0.0001,0,0.0001,0.0001,0,0,0,0.0001,0,0.0001,0.0001,0.0001,0,0,0.0001,0,0,0,0.0001,0,0.2342,0.311,0.2342,0.311,1
1.643,1.0953,0.5477,0.5477,0.5477,1.0953,0,0,0.5477,0,0,2.1906,1.643,0,0.5477,0.5477,0.5477,2.1906,0.5477,0,0.0001,0.0001,0,0,0,0.0001,0,0,0,0,0,0.0001,0.0001,0,0,0,0,0.0001,0,0,0.22,0.2323,0.22,0.2323,1
0.5826,0,1.1652,0,0,0.5826,0.5826,0,0,1.1652,0,0,1.1652,0,2.913,0.5826,1.1652,0,0.5826,0,0.0001,0,0.0001,0,0,0.0001,0.0001,0,0,0.0001,0,0,0.0001,0,0.0003,0.0001,0.0001,0,0.0001,0,0.1759,0.2415,0.1759,0.2415,1
0.5979,1.1958,1.7938,0,1.1958,0,0,1.7938,0,1.1958,0,0,0.5979,0,0.5979,1.7938,0.5979,0,0,0.5979,0,0.0001,0.0001,0,0.0001,0,0,0.0001,0,0.0001,0,0,0,0,0,0.0001,0,0,0,0,0.1857,0.2164,0.1857,0.2164,1
0.911,0,0,0,1.3665,0.4555,0,0.911,0.4555,1.8221,0,0,0.4555,0,2.7331,0,0,0.911,0,0.4555,0.0001,0,0,0,0.0002,0.0001,0,0.0001,0.0001,0.0002,0,0,0.0001,0,0.0003,0,0,0.0001,0,0.0001,0.2344,0.3101,0.2344,0.3101,1
0.4582,0.4582,1.8328,2.291,0,0,0.4582,0,1.8328,0.4582,0.9164,0.4582,0,0.4582,0,0,0.9164,0.4582,0.9164,0.4582,0,0,0.0001,0.0002,0,0,0,0,0.0001,0,0.0001,0,0,0,0,0,0.0001,0,0.0001,0,0.2679,0.2739,0.2679,0.2739,1
0.6411,0,0,0.6411,0,2.5644,0,0,1.2822,5.1289,0,0.6411,0.6411,0,0,0,0,1.2822,0,0.6411,0,0,0,0,0,0.0002,0,0,0.0001,0.0004,0,0,0,0,0,0,0,0.0001,0,0,0.1582,0.2007,0.1582,0.2007,1
1.8826,1.2551,0,0.6275,0,1.2551,0.6275,0,0.6275,0,0.6275,0,5.0204,0,0.6275,0,0,1.8826,0,1.2551,0.0001,0.0001,0,0,0,0.0001,0,0,0,0,0,0,0.0004,0,0,0,0,0.0001,0,0.0001,0.2207,0.1518,0.2207,0.1518,1
0,0,0,0,0,0,0,0,0,0,0,0,0,0,13.1515,0,0,0,2.6303,0,0,0,0,0,0,0,0,0,0,0,0,0,0,0,0.0098,0,0,0,0.002,0,0.0411,0.0822,0.0411,0.0822,1
0.6402,0,0,0.6402,1.2804,1.2804,0.6402,1.2804,0,0,0,1.2804,0.6402,0.6402,0.6402,0.6402,0,0,0,1.2804,0.0001,0,0,0.0001,0.0001,0.0001,0.0001,0.0001,0,0,0,0.0001,0.0001,0.0001,0.0001,0.0001,0,0,0,0.0001,0.1696,0.1903,0.1696,0.1903,1
0.6382,0.6382,1.9145,0.6382,0.6382,0,0,1.9145,0,0.6382,0.6382,0.6382,0.6382,0,0,2.5526,0,0.6382,0,0,0,0,0.0001,0,0,0,0,0.0001,0,0,0,0,0,0,0,0.0002,0,0,0,0,0.1948,0.1671,0.1948,0.1671,1
0,0,0,0,0,0,0,1.3182,1.3182,0,0.6591,1.3182,3.2955,0,1.3182,0.6591,1.9773,2.6364,0,1.9773,0,0,0,0,0,0,0,0.0002,0.0002,0,0.0001,0.0002,0.0005,0,0.0002,0.0001,0.0003,0.0004,0,0.0003,0.1247,0.2162,0.1247,0.2162,1
0,3.9317,0,0.5617,0.5617,2.8083,1.1233,0,0,0.5617,0,1.1233,1.685,0,1.1233,0,2.2467,1.1233,0,0,0,0.0002,0,0,0,0.0001,0,0,0,0,0,0,0.0001,0,0,0,0.0001,0,0,0,0.2323,0.206,0.2323,0.206,1
0.5286,0.5286,0.5286,0,0.5286,0.5286,1.0571,0,1.5857,0.5286,1.0571,0,1.5857,0,1.0571,0.5286,1.0571,1.0571,0.5286,0.5286,0,0,0,0,0,0,0.0001,0,0.0001,0,0.0001,0,0.0001,0,0.0001,0,0.0001,0.0001,0,0,0.2116,0.2599,0.2116,0.2599,1
0.6058,1.8173,0.6058,0,0,0,1.2115,1.2115,0.6058,0,3.0288,0.6058,2.423,0,1.2115,0.6058,1.2115,1.2115,0,0,0,0.0001,0,0,0,0,0.0001,0.0001,0,0,0.0002,0,0.0001,0,0.0001,0,0.0001,0.0001,0,0,0.1901,0.2042,0.1901,0.2042,1
0.628,0.628,0,0,0.628,1.2559,0,0,1.2559,0,0,0.628,0,0.628,0,1.2559,3.1398,1.2559,1.2559,0,0,0,0,0,0,0.0001,0,0,0.0001,0,0,0,0,0,0,0.0001,0.0002,0.0001,0.0001,0,0.1865,0.1855,0.1865,0.1855,1
2.2489,0.7496,0,0,0.7496,0,0.7496,0.7496,0.7496,2.2489,0,0,0,0,0,3.7481,1.4993,1.4993,0,0,0.0002,0.0001,0,0,0.0001,0,0.0001,0.0001,0.0001,0.0002,0,0,0,0,0,0.0004,0.0001,0.0001,0,0,0.1251,0.1253,0.1251,0.1253,1
0,0,1.257,2.9329,0,0,0,1.6759,2.5139,0.838,0,0,0,0,0,0.419,1.257,0,0.838,0.419,0,0,0.0001,0.0003,0,0,0,0.0001,0.0002,0.0001,0,0,0,0,0,0,0.0001,0,0.0001,0,0.266,0.315,0.266,0.315,1
1.6744,0,0,0,0,2.2325,0,0,0,0,1.1162,0,2.7906,0,2.2325,0.5581,0,0.5581,0,0.5581,0.0002,0,0,0,0,0.0003,0,0,0,0,0.0001,0,0.0003,0,0.0003,0.0001,0,0.0001,0,0.0001,0.229,0.2129,0.229,0.2129,1
0.445,0.445,0.445,2.6703,0,0,0,1.3351,2.6703,0.8901,0,0.445,0,1.3351,0,0.445,0.445,0,0.8901,0.445,0,0,0,0.0002,0,0,0,0.0001,0.0002,0.0001,0,0,0,0.0001,0,0,0,0,0.0001,0,0.2384,0.3166,0.2384,0.3166,1
0.744,0,0,0,0,0.744,0,0.744,0.744,0.744,0,0,2.2321,0,0.744,1.488,0,0.744,0,0,0.0001,0,0,0,0,0.0001,0,0.0001,0.0001,0.0001,0,0,0.0003,0,0.0001,0.0002,0,0.0001,0,0,0.1625,0.0935,0.1625,0.0935,1
0,0,0.5676,0.5676,0,1.1352,0,1.1352,1.7028,0,1.7028,1.1352,0.5676,0,0,1.1352,1.7028,1.7028,0,0,0,0,0.0001,0.0001,0,0.0001,0,0.0001,0.0002,0,0.0002,0.0001,0.0001,0,0,0.0001,0.0002,0.0002,0,0,0.2301,0.2023,0.2301,0.2023,1
1.1708,0.5854,0.5854,0,2.3417,1.7562,0.5854,0.5854,0.5854,0.5854,1.1708,0.5854,0,0,0,0.5854,1.1708,0,0.5854,0,0.0001,0,0,0,0.0001,0.0001,0,0,0,0,0.0001,0,0,0,0,0,0.0001,0,0,0,0.2101,0.2045,0.2101,0.2045,1
1.8714,0,0,0.6238,0.6238,1.2476,1.2476,0.6238,1.2476,1.2476,0,0,1.2476,0,0,1.2476,0,3.7428,0,0,0.0002,0,0,0.0001,0.0001,0.0001,0.0001,0.0001,0.0001,0.0001,0,0,0.0001,0,0,0.0001,0,0.0003,0,0,0.1503,0.2259,0.1503,0.2259,1
1.4387,0,0,0,0,0,0,1.4387,0.7193,1.4387,0,0.7193,0,0,0.7193,0.7193,0.7193,1.4387,0,1.4387,0.0002,0,0,0,0,0,0,0.0002,0.0001,0.0002,0,0.0001,0,0,0.0001,0.0001,0.0001,0.0002,0,0.0002,0.1519,0.1288,0.1519,0.1288,1
0.689,0,0,0,1.378,0,0.689,0,0,3.445,0.689,0,2.067,0,0.689,0,2.067,2.067,0,1.378,0.0001,0,0,0,0.0002,0,0.0001,0,0,0.0004,0.0001,0,0.0003,0,0.0001,0,0.0003,0.0003,0,0.0002,0.1628,0.1482,0.1628,0.1482,1
0,0,0,0,1.4897,0.9932,0,0,0.9932,1.9863,0,0,0.4966,0.9932,1.9863,0,0.4966,0,0,0,0,0,0,0,0.0002,0.0001,0,0,0.0001,0.0002,0,0,0.0001,0.0001,0.0002,0,0.0001,0,0,0,0.2471,0.2563,0.2471,0.2563,1
0.8221,0,0.8221,0,0.8221,0,0,0,0,0,1.6442,0.8221,0,0.8221,0,0.8221,0.8221,0.8221,0,0,0.0001,0,0.0001,0,0.0001,0,0,0,0,0,0.0002,0.0001,0,0.0001,0,0.0001,0.0001,0.0001,0,0,0.0845,0.0934,0.0845,0.0934,1
0,0,0.4569,0.9138,0.9138,0.4569,0.4569,0.4569,1.3706,0.9138,0,0.9138,0,0,1.8275,0,0,0.4569,0.4569,0.4569,0,0,0,0.0001,0.0001,0,0,0,0.0001,0.0001,0,0.0001,0,0,0.0002,0,0,0,0,0,0.2669,0.2762,0.2669,0.2762,1
2.6146,0,1.3073,0,0,1.961,0,0,1.961,0,0.6537,0,0.6537,0,0,1.961,0.6537,1.3073,0,0,0.0003,0,0.0001,0,0,0.0002,0,0,0.0002,0,0.0001,0,0.0001,0,0,0.0002,0.0001,0.0001,0,0,0.208,0.1384,0.208,0.1384,1
0.6225,0,1.245,0,0.6225,0.6225,0,0,0.6225,0.6225,0.6225,0.6225,2.4901,0,0.6225,0.6225,3.7351,0.6225,0,0,0.0001,0,0.0001,0,0.0001,0.0001,0,0,0.0001,0.0001,0.0001,0.0001,0.0003,0,0.0001,0.0001,0.0004,0.0001,0,0,0.1719,0.2055,0.1719,0.2055,1
3.0445,1.2178,0,0,0.6089,1.8267,1.2178,0.6089,0.6089,0.6089,1.2178,0.6089,1.2178,1.2178,0,0.6089,1.2178,1.2178,0,0,0.0002,0.0001,0,0,0,0.0001,0.0001,0,0,0,0.0001,0,0.0001,0.0001,0,0,0.0001,0.0001,0,0,0.2029,0.1882,0.2029,0.1882,1
0,1.9268,1.2845,0,0,0.6423,0,0.6423,0.6423,0,0,0.6423,0.6423,0,0.6423,0.6423,1.2845,1.2845,0,0.6423,0,0.0001,0.0001,0,0,0,0,0,0,0,0,0,0,0,0,0,0.0001,0.0001,0,0,0.2144,0.1434,0.2144,0.1434,1
0,0.9674,0.4837,0.4837,1.4511,0.9674,0.4837,0.4837,1.4511,0,0,0,0.4837,0.4837,0.9674,0.4837,0.4837,0.9674,0,0.9674,0,0.0001,0,0,0.0001,0.0001,0,0,0.0001,0,0,0,0,0,0.0001,0,0,0.0001,0,0.0001,0.2495,0.2668,0.2495,0.2668,1
2.0247,0,0,0,0,0,0,0,4.0494,0.6749,0,0,0,0,0.6749,0,0.6749,1.3498,0,0.6749,0.0004,0,0,0,0,0,0,0,0.0008,0.0001,0,0,0,0,0.0001,0,0.0001,0.0003,0,0.0001,0.127,0.1981,0.127,0.1981,1
1.5524,2.0699,0.5175,1.035,0,1.5524,0.5175,1.035,1.035,1.035,1.035,0.5175,0.5175,0,0.5175,1.5524,0.5175,0.5175,0,0,0.0001,0.0001,0,0.0001,0,0.0001,0,0.0001,0.0001,0.0001,0.0001,0,0,0,0,0.0001,0,0,0,0,0.2135,0.269,0.2135,0.269,1
1.8573,0.6191,0.6191,1.8573,0,0.6191,0,0.6191,0.6191,0.6191,0,0,0.6191,0,0,0.6191,1.2382,0.6191,0,0,0.0002,0.0001,0.0001,0.0002,0,0.0001,0,0.0001,0.0001,0.0001,0,0,0.0001,0,0,0.0001,0.0001,0.0001,0,0,0.2109,0.17,0.2109,0.17,1
1.1225,0,0,0.5613,0,1.1225,1.6838,1.1225,0.5613,2.2451,0,0,1.1225,0,1.6838,1.1225,0,3.3676,0,0,0.0001,0,0,0,0,0.0001,0.0001,0.0001,0,0.0002,0,0,0.0001,0,0.0001,0.0001,0,0.0003,0,0,0.1813,0.2575,0.1813,0.2575,1
0.501,0,0,0,0.501,0,0.501,1.0021,2.0041,1.0021,0,0,0,0,1.0021,0.501,0,1.0021,2.5052,0,0.0001,0,0,0,0.0001,0,0.0001,0.0001,0.0002,0.0001,0,0,0,0,0.0001,0.0001,0,0.0001,0.0003,0,0.2757,0.2233,0.2757,0.2233,1
2.0735,0,0,0,0,2.0735,1.3824,0,0.6912,0,0,0.6912,0,0,0,0.6912,0,0.6912,0,0,0.0004,0,0,0,0,0.0004,0.0002,0,0.0001,0,0,0.0001,0,0,0,0.0001,0,0.0001,0,0,0.1755,0.1333,0.1755,0.1333,1
0,0,0.4105,3.2838,0,0,0,1.2314,3.2838,0.4105,0.4105,0.4105,0,0.4105,0,0.4105,0.821,0,0.821,0.4105,0,0,0,0.0003,0,0,0,0.0001,0.0003,0,0,0,0,0,0,0,0.0001,0,0.0001,0,0.2552,0.3343,0.2552,0.3343,1
2.7553,0,0.5511,1.1021,0.5511,0,0.5511,0.5511,0,0.5511,0.5511,0,0,0,1.6532,0,1.1021,0,0,0,0.0004,0,0.0001,0.0001,0.0001,0,0.0001,0.0001,0,0.0001,0.0001,0,0,0,0.0002,0,0.0001,0,0,0,0.1962,0.2528,0.1962,0.2528,1
0.5888,0,0,0,1.1776,0.5888,0.5888,0.5888,1.1776,0.5888,1.7664,0,1.1776,0,3.5328,0,0,2.944,0.5888,0.5888,0.0001,0,0,0,0.0001,0.0001,0.0001,0.0001,0.0001,0.0001,0.0002,0,0.0001,0,0.0004,0,0,0.0004,0.0001,0.0001,0.2214,0.1898,0.2214,0.1898,1
0,0,0,0,0,1.0255,0.5127,1.0255,1.0255,2.5637,0,0.5127,0,0.5127,2.051,0,0,0,0,0.5127,0,0,0,0,0,0.0001,0.0001,0.0001,0.0001,0.0003,0,0.0001,0,0.0001,0.0002,0,0,0,0,0.0001,0.2066,0.2807,0.2066,0.2807,1
1.0166,1.0166,0,0,0.5083,0.5083,1.0166,0,0.5083,1.0166,2.0331,1.5249,2.0331,0,1.0166,0,1.0166,1.0166,1.0166,0,0.0001,0.0001,0,0,0,0,0.0001,0,0,0.0001,0.0001,0.0001,0.0001,0,0.0001,0,0.0001,0.0001,0.0001,0,0.2547,0.2371,0.2547,0.2371,1
2.2289,0,0.5572,0,1.1145,0.5572,0,0,0,1.6717,1.1145,0.5572,0,0,2.7862,0.5572,0.5572,1.1145,0,0,0.0002,0,0,0,0.0001,0,0,0,0,0.0001,0.0001,0,0,0,0.0002,0,0,0.0001,0,0,0.2059,0.2368,0.2059,0.2368,1
1.425,0.7125,0,0.7125,0.7125,0.7125,0,0,0.7125,0,0,0.7125,0,0.7125,0,0,0,0,1.425,0,0.0001,0.0001,0,0.0001,0.0001,0.0001,0,0,0.0001,0,0,0.0001,0,0.0001,0,0,0,0,0.0001,0,0.1487,0.1388,0.1487,0.1388,1
0,1.2692,1.9039,0.6346,0,0,0.6346,0,0,0,0,0,1.2692,0,1.2692,0,1.2692,0,0,0.6346,0,0.0001,0.0002,0.0001,0,0,0.0001,0,0,0,0,0,0.0001,0,0.0001,0,0.0001,0,0,0.0001,0.202,0.1634,0.202,0.1634,1
1.6679,0,0,0,0.834,0,0,0,3.3359,0.834,0,0,0,0,0,0,0.834,2.5019,0,0.834,0.0004,0,0,0,0.0002,0,0,0,0.0009,0.0002,0,0,0,0,0,0,0.0002,0.0006,0,0.0002,0.0612,0.1048,0.0612,0.1048,1
0.7961,0,0,0,0,0,0,0,3.9807,0.7961,0,0,0,0,0,0,0.7961,3.1846,0,0.7961,0.0002,0,0,0,0,0,0,0,0.0011,0.0002,0,0,0,0,0,0,0.0002,0.0009,0,0.0002,0.117,0.0869,0.117,0.0869,1
2.6455,0,1.9841,1.3227,0,0,0,0,0,1.3227,0,0.6614,0,0.6614,0,0,1.9841,1.9841,0,0,0.0003,0,0.0002,0.0002,0,0,0,0,0,0.0002,0,0.0001,0,0.0001,0,0,0.0002,0.0002,0,0,0.2311,0.1075,0.2311,0.1075,1
2.3946,0,0,0,0.9578,0,0,0,1.9157,0,0,0,0.4789,0,4.3103,0.4789,0,0.4789,0.4789,0.4789,0.0003,0,0,0,0.0001,0,0,0,0.0003,0,0,0,0.0001,0,0.0006,0.0001,0,0.0001,0.0001,0.0001,0.3133,0.2077,0.3133,0.2077,1
1.5656,0.7828,0.7828,0,0,0,0.7828,0,0,0,0.7828,0,0,0,0,2.3483,1.5656,1.5656,0,0.7828,0.0001,0.0001,0.0001,0,0,0,0.0001,0,0,0,0.0001,0,0,0,0,0.0002,0.0001,0.0001,0,0.0001,0.1368,0.0805,0.1368,0.0805,1
0.5942,0.5942,0.5942,1.1884,1.1884,0.5942,0,0,0,0.5942,0.5942,1.7826,5.9419,0,0.5942,1.7826,1.7826,0,0,0,0,0,0,0.0001,0.0001,0,0,0,0,0,0,0.0001,0.0004,0,0,0.0001,0.0001,0,0,0,0.2119,0.1939,0.2119,0.1939,1
2.6972,0.6743,0.6743,0,0,1.3486,0,1.3486,0.6743,1.3486,0.6743,0.6743,0.6743,0,0,0,0.6743,1.3486,0.6743,0,0.0002,0,0,0,0,0.0001,0,0.0001,0,0.0001,0,0,0,0,0,0,0,0.0001,0,0,0.1563,0.1694,0.1563,0.1694,1
0,2.4804,0,0,0,2.4804,0,0,0,1.8603,1.8603,0.6201,0,0,1.8603,0,0,0,0,0,0,0.0001,0,0,0,0.0001,0,0,0,0.0001,0.0001,0,0,0,0.0001,0,0,0,0,0,0.1948,0.1851,0.1948,0.1851,1
0.5314,0.5314,0.5314,0.5314,1.0628,1.0628,0,1.0628,0.5314,2.657,0,0,1.5942,0,1.0628,0.5314,1.0628,1.5942,0,0,0,0,0,0,0.0001,0.0001,0,0.0001,0,0.0002,0,0,0.0001,0,0.0001,0,0.0001,0.0001,0,0,0.2357,0.2329,0.2357,0.2329,1
1.9541,2.6055,1.3027,0.6514,0,0,0,0.6514,0,0.6514,0,0,0.6514,0,0,0,1.9541,0.6514,1.3027,0,0.0001,0.0001,0.0001,0,0,0,0,0,0,0,0,0,0,0,0,0,0.0001,0,0.0001,0,0.2032,0.1454,0.2032,0.1454,1
1.0579,0,1.5868,4.7605,0,0,0,2.6447,0.5289,0.5289,0.5289,1.0579,0,1.5868,0,1.0579,0,0.5289,0,0,0.0001,0,0.0001,0.0003,0,0,0,0.0002,0,0,0,0.0001,0,0.0001,0,0.0001,0,0,0,0,0.2203,0.2508,0.2203,0.2508,1
0.6447,0,1.2894,0.6447,0.6447,0,0,0.6447,2.5788,0.6447,1.9341,0.6447,0,0,0,0,0,0,0,0,0.0001,0,0.0001,0.0001,0.0001,0,0,0.0001,0.0003,0.0001,0.0002,0.0001,0,0,0,0,0,0,0,0,0.2046,0.1508,0.2046,0.1508,1
0,0,0,0,0,1.3714,0,0,0.6857,2.0571,0.6857,0,0,0,1.3714,0.6857,0,0,0,0,0,0,0,0,0,0.0002,0,0,0.0001,0.0003,0.0001,0,0,0,0.0002,0.0001,0,0,0,0,0.1824,0.1319,0.1824,0.1319,1
0,0,1.9685,0,0,0,0,0.6562,0,1.9685,0.6562,0.6562,0,0,0,0.6562,0,0,1.3123,0,0,0,0.0001,0,0,0,0,0,0,0.0001,0,0,0,0,0,0,0,0,0.0001,0,0.1615,0.1823,0.1615,0.1823,1
1.9967,0.9984,0.9984,0,0.4992,0.4992,0,0.4992,0.9984,1.4975,0,0.4992,0,0,0.9984,0,0,1.9967,0.9984,0,0.0001,0.0001,0.0001,0,0,0,0,0,0.0001,0.0001,0,0,0,0,0.0001,0,0,0.0001,0.0001,0,0.2407,0.2602,0.2407,0.2602,1
1.7952,0,0.5984,0.5984,0.5984,0.5984,0,0,0,1.7952,0.5984,0.5984,0,0,1.1968,1.1968,0,0,1.1968,0,0.0001,0,0,0,0,0,0,0,0,0.0001,0,0,0,0,0.0001,0.0001,0,0,0.0001,0,0.173,0.2286,0.173,0.2286,1
0,0.5375,1.6125,1.075,0.5375,0,0,0.5375,0.5375,1.075,0,0,0,0,0.5375,1.075,0,0.5375,1.6125,0,0,0,0.0001,0.0001,0,0,0,0,0,0.0001,0,0,0,0,0,0.0001,0,0,0.0001,0,0.2724,0.1901,0.2724,0.1901,1
1.5145,0.5048,1.5145,0,1.0097,0.5048,0.5048,0.5048,0.5048,0,0,0,0.5048,1.0097,1.5145,0,1.0097,0,0.5048,0.5048,0.0001,0,0.0001,0,0.0001,0,0,0,0,0,0,0,0,0.0001,0.0001,0,0.0001,0,0,0,0.2277,0.2674,0.2277,0.2674,1
0,0,0,1.2636,3.1589,0,0.6318,1.2636,0.6318,0,1.2636,0.6318,2.5272,0,0,0.6318,0,0.6318,0,0,0,0,0,0.0001,0.0003,0,0.0001,0.0001,0.0001,0,0.0001,0.0001,0.0002,0,0,0.0001,0,0.0001,0,0,0.2202,0.148,0.2202,0.148,1
0.9704,0,0.4852,2.426,0,0,0.9704,0.4852,1.9408,0.4852,0,0.9704,0,0.4852,0.4852,1.4556,0.4852,0.9704,0,0,0.0001,0,0.0001,0.0003,0,0,0.0001,0.0001,0.0002,0.0001,0,0.0001,0,0.0001,0.0001,0.0002,0.0001,0.0001,0,0,0.2932,0.2217,0.2932,0.2217,1
1.3996,0.6998,0,1.3996,0.6998,1.3996,0,0,0,0.6998,0,0,0,0.6998,0.6998,0,0,0,0.6998,0,0.0001,0.0001,0,0.0001,0.0001,0.0001,0,0,0,0.0001,0,0,0,0.0001,0.0001,0,0,0,0.0001,0,0.1377,0.1625,0.1377,0.1625,1
0.5217,0,0.5217,0.5217,0,0.5217,0,0,1.0434,1.0434,1.5651,1.0434,0.5217,1.0434,1.0434,1.5651,0.5217,0.5217,0.5217,1.0434,0,0,0,0,0,0,0,0,0.0001,0.0001,0.0001,0.0001,0,0.0001,0.0001,0.0001,0,0,0,0.0001,0.2472,0.2311,0.2472,0.2311,1
0,0,0.7147,0,0,1.4293,0,0,0.7147,3.5733,0,0,0,0,0,0,0,0.7147,0,0,0,0,0.0001,0,0,0.0002,0,0,0.0001,0.0004,0,0,0,0,0,0,0,0.0001,0,0,0.1376,0.1478,0.1376,0.1478,1
0.5251,1.0502,0.5251,1.0502,1.5754,1.5754,0.5251,1.0502,0.5251,0.5251,0,0,2.6256,1.0502,0.5251,1.0502,0.5251,1.0502,0,0,0,0.0001,0,0.0001,0.0001,0.0001,0,0.0001,0,0,0,0,0.0002,0.0001,0,0.0001,0,0.0001,0,0,0.2316,0.2433,0.2316,0.2433,1
0,1.4487,0.7243,0,0.7243,0,0,0.7243,0.7243,2.173,0.7243,1.4487,1.4487,0.7243,0,0,0.7243,2.173,0,0,0,0.0001,0,0,0,0,0,0,0,0.0001,0,0.0001,0.0001,0,0,0,0,0.0001,0,0,0.1461,0.1295,0.1461,0.1295,1
1.1638,0,0.5819,0.5819,0.5819,0.5819,0.5819,0.5819,0.5819,1.7457,1.1638,0,0.5819,0,0.5819,1.1638,0,1.1638,0,0,0.0001,0,0.0001,0.0001,0.0001,0.0001,0.0001,0.0001,0.0001,0.0002,0.0001,0,0.0001,0,0.0001,0.0001,0,0.0001,0,0,0.2223,0.1957,0.2223,0.1957,1
1.2697,0,0.6348,0.6348,0,3.1742,0,0,0,2.5394,0,1.2697,0,0,0,1.2697,0,0.6348,0,1.2697,0.0001,0,0,0,0,0.0002,0,0,0,0.0002,0,0.0001,0,0,0,0.0001,0,0,0,0.0001,0.1628,0.2023,0.1628,0.2023,1
1.5014,0,0,0,0,0,0,0,4.5042,0.7507,0,0,0,0,0,0,0.7507,2.2521,0,0.7507,0.0003,0,0,0,0,0,0,0,0.001,0.0002,0,0,0,0,0,0,0.0002,0.0005,0,0.0002,0.1368,0.1125,0.1368,0.1125,1
1.1129,0,0.5564,0,0.5564,0.5564,0,1.1129,0.5564,0,1.1129,0,0,0.5564,1.1129,0,1.1129,0.5564,1.1129,1.1129,0.0001,0,0.0001,0,0.0001,0.0001,0,0.0001,0.0001,0,0.0001,0,0,0.0001,0.0001,0,0.0001,0.0001,0.0001,0.0001,0.2089,0.2347,0.2089,0.2347,1
1.3381,2.0072,0,0.6691,0,0,0,2.0072,0.6691,1.3381,1.3381,0.6691,1.3381,0,2.6763,0,0.6691,2.6763,0,0.6691,0.0001,0.0001,0,0,0,0,0,0.0001,0,0.0001,0.0001,0,0.0001,0,0.0001,0,0,0.0001,0,0,0.1534,0.1775,0.1534,0.1775,1
1.5294,0,0,0,0.7647,0,0,0,3.8235,0,0,0,0,0,0,0,0.7647,2.2941,0,0.7647,0.0004,0,0,0,0.0002,0,0,0,0.0009,0,0,0,0,0,0,0,0.0002,0.0006,0,0.0002,0.1138,0.1215,0.1138,0.1215,1
2.3198,0,1.5466,0,0,0,0.7733,0,0,0,0.7733,0,0,0,0,3.0931,0,1.5466,0,0.7733,0.0003,0,0.0002,0,0,0,0.0001,0,0,0,0.0001,0,0,0,0,0.0003,0,0.0002,0,0.0001,0.1236,0.1031,0.1236,0.1031,1
0,0.5405,1.081,0.5405,0.5405,0.5405,0,0,0,1.6215,0.5405,0,0,0,1.081,0.5405,1.6215,0.5405,0.5405,0,0,0,0.0001,0,0,0,0,0,0,0.0001,0,0,0,0,0.0001,0,0.0001,0,0,0,0.2173,0.2422,0.2173,0.2422,1
1.8327,0,1.3745,0,0,0,0.4582,0.4582,1.8327,0.4582,0.4582,0.4582,0,0.4582,0.9164,0.9164,0.9164,0.9164,0,0.9164,0.0002,0,0.0001,0,0,0,0,0,0.0002,0,0,0,0,0,0.0001,0.0001,0.0001,0.0001,0,0.0001,0.2685,0.2733,0.2685,0.2733,1
1.0548,0.5274,0.5274,0,1.5822,0,0,0.5274,3.1643,0,0,0,1.0548,0,1.0548,0,0.5274,0,0,0.5274,0.0001,0,0,0,0.0001,0,0,0,0.0003,0,0,0,0.0001,0,0.0001,0,0,0,0,0,0.2177,0.2549,0.2177,0.2549,1
5.0734,0,0,0,0,0.5073,0,0,2.5367,3.044,0,0.5073,0,0,0,0,0.5073,1.522,0.5073,0.5073,0.0005,0,0,0,0,0,0,0,0.0002,0.0003,0,0,0,0,0,0,0,0.0001,0,0,0.213,0.2797,0.213,0.2797,1
0,0,0.6909,0,2.0726,0,0.6909,1.3817,0,2.0726,0.6909,0,0,1.3817,0.6909,0,0,0.6909,0,0,0,0,0.0001,0,0.0003,0,0.0001,0.0002,0,0.0003,0.0001,0,0,0.0002,0.0001,0,0,0.0001,0,0,0.156,0.1532,0.156,0.1532,1
1.2581,1.2581,0.6291,0.6291,0.6291,1.8872,0.6291,0.6291,0,2.5163,0.6291,0,0.6291,0,0,0,1.2581,0.6291,0.6291,1.2581,0.0001,0.0001,0,0,0,0.0001,0,0,0,0.0001,0,0,0,0,0,0,0.0001,0,0,0.0001,0.2025,0.1684,0.2025,0.1684,1
1.3706,0,0,0,0.6853,1.3706,0.6853,0,0,0,1.3706,0,2.0559,0,1.3706,0.6853,0,1.3706,0,1.3706,0.0002,0,0,0,0.0001,0.0002,0.0001,0,0,0,0.0002,0,0.0002,0,0.0002,0.0001,0,0.0002,0,0.0002,0.182,0.1327,0.182,0.1327,1
0.6093,1.2185,2.4371,0,0.6093,0,0,0,0,1.2185,0.6093,1.2185,0,0,0.6093,0,2.4371,0.6093,0,0.6093,0,0.0001,0.0002,0,0,0,0,0,0,0.0001,0,0.0001,0,0,0,0,0.0002,0,0,0,0.1824,0.2084,0.1824,0.2084,1
0.856,0,0,0,0,1.7119,0,0.428,2.9959,1.7119,0,0.856,0.428,0,1.284,0,0,1.284,0.428,0,0.0001,0,0,0,0,0.0001,0,0,0.0002,0.0001,0,0.0001,0,0,0.0001,0,0,0.0001,0,0,0.2677,0.3044,0.2677,0.3044,1
0.6823,0.6823,2.047,0,0.6823,0.6823,0,0.6823,0,0.6823,0,0.6823,0.6823,0,0.6823,0.6823,0.6823,0.6823,0,0,0,0,0.0001,0,0,0,0,0,0,0,0,0,0,0,0,0,0,0,0,0,0.1411,0.1766,0.1411,0.1766,1
1.2549,0.6274,0.6274,0.6274,0.6274,3.1372,0,0.6274,0,2.5098,0,0.6274,0.6274,0,0,1.2549,0.6274,0,0,0.6274,0.0001,0,0,0,0,0.0002,0,0,0,0.0001,0,0,0,0,0,0.0001,0,0,0,0,0.1939,0.1786,0.1939,0.1786,1
0,0.9939,0.4969,0,1.4908,0,0.4969,0,1.9877,0,2.4846,0.4969,0.4969,0,1.4908,0.4969,0,0.9939,0.4969,0,0,0.0001,0,0,0.0001,0,0,0,0.0001,0,0.0002,0,0,0,0.0001,0,0,0.0001,0,0,0.2637,0.2393,0.2637,0.2393,1
0.5649,3.3894,0,0.5649,0,1.6947,0,1.1298,1.1298,1.1298,0,0.5649,1.1298,0,0.5649,2.8245,0,1.1298,0,1.1298,0,0.0001,0,0,0,0.0001,0,0,0,0,0,0,0,0,0,0.0001,0,0,0,0,0.2362,0.1989,0.2362,0.1989,1
0.5957,0.5957,0.5957,0.5957,0.5957,0.5957,0,0.5957,1.1914,0.5957,1.7872,0,0,0,1.1914,0,0.5957,0,0.5957,0,0,0,0,0,0,0,0,0,0.0001,0,0.0001,0,0,0,0.0001,0,0,0,0,0,0.2403,0.1639,0.2403,0.1639,1
0,0.6166,0,0,1.8499,1.2333,0,0,0,1.2333,0,0,0,0,3.0832,0,0.6166,0,0,0.6166,0,0.0001,0,0,0.0002,0.0001,0,0,0,0.0001,0,0,0,0,0.0003,0,0.0001,0,0,0.0001,0.1662,0.2172,0.1662,0.2172,1
1.0772,0.5386,0,2.1543,2.1543,0,0.5386,1.0772,1.0772,0.5386,0,1.0772,2.1543,1.6157,0,0.5386,0.5386,0.5386,0,0,0.0001,0,0,0.0002,0.0002,0,0,0.0001,0.0001,0,0,0.0001,0.0002,0.0001,0,0,0,0,0,0,0.2438,0.2176,0.2438,0.2176,1
0.5489,0.5489,0.5489,0.5489,1.0978,0,0,0,1.6468,2.7446,1.0978,1.6468,0,0.5489,0,0.5489,1.0978,2.7446,0,1.0978,0,0,0,0,0.0001,0,0,0,0.0001,0.0002,0.0001,0.0001,0,0,0,0,0.0001,0.0002,0,0.0001,0.1902,0.2609,0.1902,0.2609,1
0,3.1379,0.7845,0,0.7845,0,0,1.569,0,0,0.7845,0,0.7845,0,0,0.7845,5.4914,1.569,0,0,0,0.0002,0,0,0,0,0,0.0001,0,0,0,0,0,0,0,0,0.0003,0.0001,0,0,0.1222,0.0933,0.1222,0.0933,1
0.6791,1.3582,0.6791,0,0,0,0.6791,1.3582,0,1.3582,3.3954,0,0,0,3.3954,0.6791,0.6791,0.6791,0,2.0372,0,0.0001,0,0,0,0,0,0.0001,0,0.0001,0.0002,0,0,0,0.0002,0,0,0,0,0.0001,0.1602,0.1607,0.1602,0.1607,1
0.6639,0.6639,0,0,0.6639,1.3279,0.6639,0.6639,0.6639,1.3279,1.9918,0.6639,0.6639,0,0,1.3279,1.9918,1.3279,0.6639,0,0,0,0,0,0,0.0001,0,0,0,0.0001,0.0001,0,0,0,0,0.0001,0.0001,0.0001,0,0,0.1922,0.1439,0.1922,0.1439,1
1.5461,0,0,0,0.773,0,0,0,1.5461,1.5461,0,0,0,0.773,0,0,1.5461,1.5461,0,0.773,0.0003,0,0,0,0.0002,0,0,0,0.0003,0.0003,0,0,0,0.0002,0,0,0.0003,0.0003,0,0.0002,0.0929,0.1341,0.0929,0.1341,1
1.2352,1.2352,1.2352,1.8528,0.6176,0.6176,0,0.6176,0,1.8528,0,0.6176,1.8528,0,0,0,0.6176,0,1.2352,0,0.0001,0.0001,0.0001,0.0001,0,0,0,0,0,0.0001,0,0,0.0001,0,0,0,0,0,0.0001,0,0.1857,0.1967,0.1857,0.1967,1
1.0066,0.5033,0,0,1.0066,0.5033,0.5033,0.5033,3.0197,2.0132,0.5033,0,0.5033,0,1.0066,0,1.0066,2.0132,0,0,0.0001,0,0,0,0.0001,0,0,0,0.0003,0.0002,0,0,0,0,0.0001,0,0.0001,0.0002,0,0,0.2803,0.2165,0.2803,0.2165,1
1.7659,0,0.5886,0.5886,0.5886,1.1773,0,0.5886,0,3.5318,0,0,0.5886,0.5886,1.1773,0,0.5886,0,0,0,0.0002,0,0.0001,0.0001,0.0001,0.0001,0,0.0001,0,0.0003,0,0,0.0001,0.0001,0.0001,0,0.0001,0,0,0,0.2022,0.2092,0.2022,0.2092,1
1.1171,0,0,0.5586,0.5586,0.5586,0.5586,0,1.1171,0,0,0.5586,1.6757,0,1.1171,0.5586,2.2342,1.6757,0,2.2342,0.0001,0,0,0.0001,0.0001,0.0001,0.0001,0,0.0001,0,0,0.0001,0.0002,0,0.0001,0.0001,0.0002,0.0002,0,0.0002,0.2497,0.1917,0.2497,0.1917,1
0,0.4839,0,0,0,1.4517,1.9356,0.4839,1.4517,0,1.4517,0,0.9678,0,1.9356,0,1.9356,0.4839,0,0.4839,0,0.0001,0,0,0,0.0002,0.0002,0.0001,0.0002,0,0.0002,0,0.0001,0,0.0002,0,0.0002,0.0001,0,0.0001,0.3105,0.2056,0.3105,0.2056,1
0.4794,0,0.9588,0,0.9588,1.4382,0.4794,0.4794,0.9588,0,0.4794,0.4794,1.9176,0.4794,0.9588,0.4794,0.4794,0,0.9588,0.4794,0,0,0.0001,0,0.0001,0.0001,0,0,0.0001,0,0,0,0.0002,0,0.0001,0,0,0,0.0001,0,0.2636,0.257,0.2636,0.257,1
1.3593,0,0,0,0.6797,0.6797,0,0,0.6797,2.7187,0,3.3983,0,0.6797,0.6797,0,0,1.3593,0,2.039,0.0001,0,0,0,0.0001,0.0001,0,0,0.0001,0.0002,0,0.0003,0,0.0001,0.0001,0,0,0.0001,0,0.0002,0.1579,0.1625,0.1579,0.1625,1
1.1735,0,0,0.5868,0,1.7603,1.1735,1.1735,1.1735,2.3471,0,0,1.1735,0,0,0.5868,0,3.5206,0,0,0.0001,0,0,0,0,0.0001,0.0001,0.0001,0.0001,0.0002,0,0,0.0001,0,0,0,0,0.0003,0,0,0.1703,0.2429,0.1703,0.2429,1
0.6269,0,0,0,2.5077,1.8808,0,0,1.2539,1.8808,0.6269,0.6269,0.6269,0,0,0.6269,1.8808,0,0,0,0.0001,0,0,0,0.0002,0.0002,0,0,0.0001,0.0002,0.0001,0.0001,0.0001,0,0,0.0001,0.0002,0,0,0,0.1832,0.1898,0.1832,0.1898,1
2.115,2.115,0.705,0,1.41,2.115,0,0,0,2.82,0,0.705,0,0,0,0,0,1.41,0.705,0.705,0.0001,0.0001,0,0,0.0001,0.0001,0,0,0,0.0001,0,0,0,0,0,0,0,0.0001,0,0,0.1646,0.1304,0.1646,0.1304,1
0.8999,0,1.3498,1.3498,0.4499,0.4499,0,0.8999,1.7997,0.8999,0.8999,0.4499,0,0.8999,0,0,1.7997,0.8999,0,0.4499,0.0001,0,0.0001,0.0001,0,0,0,0.0001,0.0002,0.0001,0.0001,0,0,0.0001,0,0,0.0002,0.0001,0,0,0.2817,0.2684,0.2817,0.2684,1
1.0564,0,0,0,1.0564,1.5846,2.1128,1.0564,1.0564,2.641,0,0,0,0,0.5282,0.5282,0.5282,0.5282,0,0,0.0001,0,0,0,0.0001,0.0001,0.0002,0.0001,0.0001,0.0002,0,0,0,0,0,0,0,0,0,0,0.1965,0.2753,0.1965,0.2753,1
0,0,0.5945,0,0.5945,1.7834,0,0,0,1.1889,0,0,1.1889,0,1.7834,1.1889,0.5945,0,1.7834,0,0,0,0.0001,0,0.0001,0.0002,0,0,0,0.0001,0,0,0.0001,0,0.0002,0.0001,0.0001,0,0.0002,0,0.2082,0.1973,0.2082,0.1973,1
0.577,3.4619,0,1.154,0.577,1.154,0,1.154,0.577,1.154,0,1.154,1.154,0,0.577,1.154,0.577,1.731,0.577,0.577,0,0.0001,0,0,0,0,0,0,0,0,0,0,0,0,0,0,0,0.0001,0,0,0.2392,0.1838,0.2392,0.1838,1
0.4963,0.4963,0.4963,1.4888,0.4963,0,0,0.9925,1.4888,2.4813,0.4963,0.4963,0.4963,0.9925,0,0,0.9925,1.4888,0,0.4963,0,0,0,0.0001,0,0,0,0.0001,0.0001,0.0002,0,0,0,0.0001,0,0,0.0001,0.0001,0,0,0.2468,0.257,0.2468,0.257,1
1.5023,0.7512,0.7512,0,0,1.5023,0,0,1.5023,0,0,0.7512,0,0,0,0,0.7512,0,0,0,0.0002,0.0001,0.0001,0,0,0.0002,0,0,0.0002,0,0,0.0001,0,0,0,0,0.0001,0,0,0,0.1258,0.123,0.1258,0.123,1
0,0,0.643,0.643,0,0.643,0,1.2859,1.9289,1.9289,0.643,0.643,0.643,0,0.643,0,0,1.2859,0,0,0,0,0.0001,0.0001,0,0.0001,0,0.0002,0.0002,0.0002,0.0001,0.0001,0.0001,0,0.0001,0,0,0.0002,0,0,0.195,0.162,0.195,0.162,1
1.8684,1.2456,0.6228,1.8684,0,0.6228,0.6228,0,0,1.8684,0,1.8684,0.6228,0,0,0.6228,0.6228,1.2456,0,0,0.0001,0.0001,0,0.0001,0,0,0,0,0,0.0001,0,0.0001,0,0,0,0,0,0.0001,0,0,0.1883,0.1889,0.1883,0.1889,1
0,1.4842,0.9895,0,0.4947,0.9895,0.9895,0,0.9895,0.9895,0,0.4947,3.4631,0,0.9895,0,0.9895,1.4842,0,0,0,0.0001,0.0001,0,0,0.0001,0.0001,0,0.0001,0.0001,0,0,0.0002,0,0.0001,0,0.0001,0.0001,0,0,0.2528,0.2525,0.2528,0.2525,1
2.0714,0,0,0,1.3809,2.0714,0,0.6905,0,3.4523,0.6905,0.6905,0.6905,0.6905,0.6905,0,0,0.6905,0.6905,0,0.0001,0,0,0,0.0001,0.0001,0,0,0,0.0002,0,0,0,0,0,0,0,0,0,0,0.1543,0.1552,0.1543,0.1552,1
1.4407,0,0.7203,0,1.4407,0,0,0,0.7203,1.4407,0,0.7203,1.4407,0.7203,0,0,0.7203,1.4407,0,0,0.0002,0,0.0001,0,0.0002,0,0,0,0.0001,0.0002,0,0.0001,0.0002,0.0001,0,0,0.0001,0.0002,0,0,0.1564,0.1233,0.1564,0.1233,1
0,1.2818,0.6409,0.6409,0.6409,1.2818,0,0,0,1.2818,0,1.2818,1.2818,0,0.6409,0,0.6409,1.2818,1.9227,0,0,0.0001,0,0,0,0.0001,0,0,0,0.0001,0,0.0001,0.0001,0,0,0,0,0.0001,0.0001,0,0.1708,0.1883,0.1708,0.1883,1
1.2496,0.6248,2.4993,0,0,0.6248,0,0.6248,0.6248,0.6248,1.2496,0.6248,0.6248,0,0,0,1.2496,1.2496,0,0.6248,0.0001,0,0.0002,0,0,0,0,0,0,0,0.0001,0,0,0,0,0,0.0001,0.0001,0,0,0.1779,0.1972,0.1779,0.1972,1
0,0.5388,0,0,0.5388,0.5388,0,1.0776,0.5388,1.0776,0,0,0.5388,0,2.1553,0,1.0776,0.5388,0.5388,0.5388,0,0.0001,0,0,0.0001,0.0001,0,0.0001,0.0001,0.0001,0,0,0.0001,0,0.0002,0,0.0001,0.0001,0.0001,0.0001,0.2311,0.2301,0.2311,0.2301,1
1.8266,0.6089,1.8266,0,0,0,0.6089,0.6089,0,0.6089,1.2177,0.6089,1.2177,0,0.6089,1.8266,1.2177,0,0,0,0.0001,0,0.0001,0,0,0,0,0,0,0,0.0001,0,0.0001,0,0,0.0001,0.0001,0,0,0,0.2024,0.1887,0.2024,0.1887,1
2.0995,0.6998,0.6998,1.3997,0,0,0,0,0.6998,2.7993,1.3997,0,0,0,0,0,0.6998,0.6998,0,0,0.0002,0.0001,0.0001,0.0001,0,0,0,0,0.0001,0.0002,0.0001,0,0,0,0,0,0.0001,0.0001,0,0,0.1748,0.1253,0.1748,0.1253,1
1.329,0.6645,0,0,0.6645,0.6645,0,0,1.329,0.6645,0,0,0.6645,0,0,1.329,1.329,3.3225,0,1.329,0.0001,0.0001,0,0,0.0001,0.0001,0,0,0.0001,0.0001,0,0,0.0001,0,0,0.0001,0.0001,0.0003,0,0.0001,0.1717,0.1638,0.1717,0.1638,1
0,1.4249,0.9499,0.9499,0,1.4249,0.9499,0.475,1.4249,1.4249,0,0.9499,0.9499,0,0,0.9499,1.4249,0.475,0,0.475,0,0.0001,0.0001,0.0001,0,0.0001,0.0001,0,0.0001,0.0001,0,0.0001,0.0001,0,0,0.0001,0.0001,0,0,0,0.2747,0.2503,0.2747,0.2503,1
2.5932,0,0,0,0,0,0,0,3.4576,0.8644,0,0,0,0,0,0,0.8644,3.4576,0,0,0.0008,0,0,0,0,0,0,0,0.0011,0.0003,0,0,0,0,0,0,0.0003,0.0011,0,0,0.047,0.0886,0.047,0.0886,1
1.8611,0,0,0,0,2.4814,1.2407,0.6204,0.6204,0,0.6204,0,0.6204,1.2407,0.6204,0,0,0.6204,0.6204,0,0.0003,0,0,0,0,0.0003,0.0002,0.0001,0.0001,0,0.0001,0,0.0001,0.0002,0.0001,0,0,0.0001,0.0001,0,0.1849,0.1947,0.1849,0.1947,1
0,0,1.166,0,0,0.583,0.583,1.166,0,0,1.166,2.9151,0.583,0.583,0.583,0.583,0.583,1.166,0,0,0,0,0.0001,0,0,0,0,0.0001,0,0,0.0001,0.0002,0,0,0,0,0,0.0001,0,0,0.1968,0.2202,0.1968,0.2202,1
1.1187,0,0.5593,0.5593,1.1187,0.5593,0,0.5593,1.1187,2.2374,0,0.5593,0,0.5593,0.5593,1.1187,0,0.5593,0,0,0.0001,0,0.0001,0.0001,0.0001,0.0001,0,0.0001,0.0001,0.0002,0,0.0001,0,0.0001,0.0001,0.0001,0,0.0001,0,0,0.22,0.2207,0.22,0.2207,1
0.5943,0.5943,0.5943,0.5943,0,0.5943,0,0,0,1.1887,0.5943,1.1887,0.5943,0.5943,0.5943,0.5943,0.5943,0.5943,1.783,0.5943,0,0,0,0,0,0,0,0,0,0.0001,0,0.0001,0,0,0,0,0,0,0.0001,0,0.207,0.1987,0.207,0.1987,1
1.8126,0.6042,1.2084,1.2084,0,1.8126,0,0,0,2.4168,0,0.6042,1.2084,0,0.6042,0.6042,0.6042,0.6042,0,0,0.0001,0,0.0001,0.0001,0,0.0001,0,0,0,0.0002,0,0,0.0001,0,0,0,0,0,0,0,0.1685,0.2273,0.1685,0.2273,1
0,0,0.7363,0,0,1.4727,0,0,0,1.4727,0,0,1.4727,0.7363,0.7363,0,0,0.7363,0,0,0,0,0.0001,0,0,0.0002,0,0,0,0.0002,0,0,0.0002,0.0001,0.0001,0,0,0.0001,0,0,0.1629,0.1007,0.1629,0.1007,1
1.6581,0.5527,0.5527,0,1.1054,0,1.1054,0.5527,0,2.7635,0.5527,0,1.1054,0.5527,1.1054,0.5527,1.1054,1.1054,0.5527,0,0.0001,0,0,0,0.0001,0,0.0001,0,0,0.0002,0,0,0.0001,0,0.0001,0,0.0001,0.0001,0,0,0.2433,0.204,0.2433,0.204,1
0,0,0.7158,0,1.4316,0,0,0,1.4316,1.4316,0.7158,0,1.4316,0,0,0,2.1474,2.1474,0,0,0,0,0.0001,0,0.0002,0,0,0,0.0002,0.0002,0.0001,0,0.0002,0,0,0,0.0003,0.0003,0,0,0.1554,0.1288,0.1554,0.1288,1
0,0,0.5858,0,0,0,0.5858,1.7575,1.1717,0.5858,0,0.5858,0,1.1717,1.7575,0.5858,0,2.3434,0,0.5858,0,0,0.0001,0,0,0,0.0001,0.0002,0.0002,0.0001,0,0.0001,0,0.0002,0.0002,0.0001,0,0.0003,0,0.0001,0.2676,0.1466,0.2676,0.1466,1
1.6888,1.1259,1.1259,0,0,1.1259,0.5629,0.5629,1.1259,0.5629,0.5629,0,0.5629,0,1.1259,0,1.1259,0,0,0.5629,0.0001,0.0001,0.0001,0,0,0.0001,0,0,0.0001,0,0,0,0,0,0.0001,0,0.0001,0,0,0,0.1894,0.2476,0.1894,0.2476,1
0.5725,0,0.5725,0.5725,0.5725,0.5725,0.5725,0,0,4.0073,0.5725,4.0073,0,0,1.1449,0.5725,0,0.5725,0,0,0,0,0,0,0,0,0,0,0,0.0002,0,0.0002,0,0,0.0001,0,0,0,0,0,0.226,0.2015,0.226,0.2015,1
2.1825,0,0,0.7275,0,0,0,0,2.91,0.7275,0,0,0,0,0,0,0.7275,2.1825,0,0.7275,0.0004,0,0,0.0001,0,0,0,0,0.0005,0.0001,0,0,0,0,0,0,0.0001,0.0004,0,0.0001,0.1597,0.1128,0.1597,0.1128,1
2.6705,0,0.6676,0,0.6676,0,0,0,0.6676,2.0028,0,0,0,0,1.3352,0.6676,0,0,0,0,0.0004,0,0.0001,0,0.0001,0,0,0,0.0001,0.0003,0,0,0,0,0.0002,0.0001,0,0,0,0,0.1718,0.1606,0.1718,0.1606,1
1.821,0,0,0,0.9105,0,0,0.9105,0,2.7316,0.9105,0,0,0,0,0.9105,1.821,0.9105,0.9105,1.821,0.0004,0,0,0,0.0002,0,0,0.0002,0,0.0006,0.0002,0,0,0,0,0.0002,0.0004,0.0002,0.0002,0.0004,0.0552,0.0343,0.0552,0.0343,1
1.6932,0,0,0,0,0.8466,0,0,0,0.8466,4.233,0,1.6932,0.8466,0,0,3.3864,3.3864,0,0.8466,0.0002,0,0,0,0,0.0001,0,0,0,0.0001,0.0005,0,0.0002,0.0001,0,0,0.0004,0.0004,0,0.0001,0.0757,0.0777,0.0757,0.0777,1
0,0,0,0,4.7194,0,0,0,0,2.3597,0,0,0,0,2.3597,0,0,1.5731,0.7866,0,0,0,0,0,0.0018,0,0,0,0,0.0009,0,0,0,0,0.0009,0,0,0.0006,0.0003,0,0.0863,0.1271,0.0863,0.1271,1
1.2612,0.6306,0,0.6306,1.2612,2.5223,0,0,0.6306,1.8917,0.6306,0.6306,0,0.6306,3.1529,1.2612,0.6306,1.2612,0,0.6306,0.0001,0,0,0,0.0001,0.0002,0,0,0,0.0001,0,0,0,0,0.0002,0.0001,0,0.0001,0,0,0.1986,0.1708,0.1986,0.1708,1
0.5561,0,1.6684,0,0.5561,0,0,0,1.1123,2.2245,0.5561,0.5561,0.5561,0,0.5561,0.5561,0.5561,1.1123,0,0.5561,0,0,0.0001,0,0,0,0,0,0.0001,0.0002,0,0,0,0,0,0,0,0.0001,0,0,0.1704,0.2734,0.1704,0.2734,1
1.0089,0.5044,0,0.5044,0.5044,0,1.0089,0,0.5044,0,0,0.5044,0,1.0089,2.0177,1.0089,0.5044,1.5133,0,0.5044,0.0001,0,0,0,0,0,0.0001,0,0,0,0,0,0,0.0001,0.0002,0.0001,0,0.0001,0,0,0.2688,0.2268,0.2688,0.2268,1
1.0138,1.0138,0,0,2.0277,0.5069,0,1.0138,0.5069,1.5208,0.5069,0,0.5069,0,2.0277,0.5069,0,0.5069,1.0138,0,0.0001,0.0001,0,0,0.0002,0,0,0.0001,0,0.0001,0,0,0,0,0.0002,0,0,0,0.0001,0,0.2464,0.2467,0.2464,0.2467,1
0,0.5411,1.0822,0,1.0822,1.6234,0.5411,0,1.0822,0,0.5411,0.5411,0,0,1.0822,1.6234,0,1.0822,0,0,0,0,0.0001,0,0.0001,0.0001,0,0,0.0001,0,0,0,0,0,0.0001,0.0001,0,0.0001,0,0,0.2355,0.2234,0.2355,0.2234,1
0.5169,0.5169,1.0337,1.5506,0,0.5169,0,0.5169,2.5843,0,1.0337,0,0,0.5169,0,0,0.5169,1.5506,0,0.5169,0,0,0.0001,0.0001,0,0,0,0,0.0002,0,0.0001,0,0,0,0,0,0,0.0001,0,0,0.2315,0.2516,0.2315,0.2516,1
1.3871,0.6935,0,1.3871,0,4.1612,0,0,0,3.4677,0,0,0,0,0,2.0806,0.6935,0.6935,0,0,0.0001,0.0001,0,0.0001,0,0.0003,0,0,0,0.0003,0,0,0,0,0,0.0002,0.0001,0.0001,0,0,0.1503,0.1562,0.1503,0.1562,1
0,0,0,0,0,0.6982,0,0,0,0,0,0,0.6982,0.6982,9.7745,0.6982,0,0,2.0945,0,0,0,0,0,0,0.0001,0,0,0,0,0,0,0.0001,0.0001,0.0017,0.0001,0,0,0.0004,0,0.1247,0.1771,0.1247,0.1771,1
0,0,0,0,0,0.7488,0,0.7488,0.7488,0.7488,0.7488,0,2.9953,0,0,0,0.7488,0,2.2465,0,0,0,0,0,0,0.0001,0,0.0001,0.0001,0.0001,0.0001,0,0.0003,0,0,0,0.0001,0,0.0002,0,0.1744,0.0768,0.1744,0.0768,1
2.7615,0,0.5523,0.5523,1.1046,2.7615,0.5523,0.5523,1.1046,1.6569,0,1.1046,0,0,0,1.1046,0.5523,0.5523,0,0.5523,0.0002,0,0,0,0.0001,0.0002,0,0,0.0001,0.0001,0,0.0001,0,0,0,0.0001,0,0,0,0,0.1889,0.2588,0.1889,0.2588,1
0.8482,0,0,0,0.8482,0,0,0,3.3926,0,0,0,0.8482,0,0,0,0.8482,3.3926,0,0.8482,0.0002,0,0,0,0.0002,0,0,0,0.001,0,0,0,0.0002,0,0,0,0.0002,0.001,0,0.0002,0.0628,0.0891,0.0628,0.0891,1
0.5713,1.1425,0.5713,0,1.1425,0.5713,0.5713,0.5713,1.1425,1.1425,0.5713,0.5713,0,0,0.5713,1.1425,0.5713,0.5713,0,0,0,0.0001,0,0,0.0001,0,0,0,0.0001,0.0001,0,0,0,0,0,0.0001,0,0,0,0,0.2282,0.2005,0.2282,0.2005,1
1.2507,0,2.5015,0,0,0,0,0.6254,0.6254,1.2507,0.6254,0,0,0,0,0,1.2507,1.2507,0,0.6254,0.0001,0,0.0002,0,0,0,0,0.0001,0.0001,0.0001,0.0001,0,0,0,0,0,0.0001,0.0001,0,0.0001,0.2275,0.1472,0.2275,0.1472,1
0.6276,1.2553,0,0,0.6276,0.6276,0,0,0,1.2553,0,1.2553,0,0,1.8829,1.2553,2.5106,0,0,0,0,0.0001,0,0,0,0,0,0,0,0.0001,0,0.0001,0,0,0.0001,0.0001,0.0002,0,0,0,0.1918,0.1805,0.1918,0.1805,1
0,0.5898,0,0,0,0.5898,0,0.5898,3.539,0,0,1.1797,1.1797,0,6.4882,0,0.5898,0.5898,0.5898,0.5898,0,0.0001,0,0,0,0.0001,0,0.0001,0.0003,0,0,0.0001,0.0001,0,0.0006,0,0.0001,0.0001,0.0001,0.0001,0.1862,0.224,0.1862,0.224,1
1.7328,0.5776,1.1552,0,0,1.1552,0.5776,1.1552,0,1.7328,0,0,0.5776,0,1.7328,0,0.5776,1.1552,0.5776,0,0.0001,0,0.0001,0,0,0.0001,0,0.0001,0,0.0001,0,0,0,0,0.0001,0,0,0.0001,0,0,0.2136,0.2088,0.2136,0.2088,1
0,0,1.0601,0,1.0601,0,0.53,0.53,0,2.6502,0,1.0601,4.2403,0.53,2.1202,1.0601,0.53,0.53,0,0,0,0,0.0001,0,0.0001,0,0.0001,0.0001,0,0.0003,0,0.0001,0.0005,0.0001,0.0002,0.0001,0.0001,0.0001,0,0,0.2084,0.2615,0.2084,0.2615,1
4.1265,0,0,0,0,0,0,0,1.6506,4.1265,0,0,0.8253,0,1.6506,0,0,0.8253,0,0,0.0007,0,0,0,0,0,0,0,0.0003,0.0007,0,0,0.0001,0,0.0003,0,0,0.0001,0,0,0.067,0.1077,0.067,0.1077,1
3.3467,0,0,0,0,0,0,0,1.6734,3.3467,0,0,0.8367,0,1.6734,0,0,0.8367,0,0,0.0006,0,0,0,0,0,0,0,0.0003,0.0006,0,0,0.0002,0,0.0003,0,0,0.0002,0,0,0.0611,0.1023,0.0611,0.1023,1
1.7548,0,1.1699,0,0.5849,0.5849,0,1.1699,0.5849,0,0.5849,1.1699,1.7548,0.5849,1.1699,0.5849,1.1699,1.1699,0,0.5849,0.0002,0,0.0001,0,0.0001,0.0001,0,0.0001,0.0001,0,0.0001,0.0001,0.0002,0.0001,0.0001,0.0001,0.0001,0.0001,0,0.0001,0.2063,0.2088,0.2063,0.2088,1
2.5124,0.6281,0,1.8843,0,0.6281,0,0.6281,0.6281,1.8843,0,0.6281,0,0,0,1.2562,0,1.2562,0,0,0.0002,0,0,0.0001,0,0,0,0,0,0.0001,0,0,0,0,0,0.0001,0,0.0001,0,0,0.2273,0.1446,0.2273,0.1446,1
1.0849,0.5424,0.5424,0,1.6273,0,0.5424,0,0,4.3395,0,0,2.7122,0.5424,1.6273,0,0.5424,0.5424,1.0849,0.5424,0.0001,0,0,0,0.0001,0,0,0,0,0.0004,0,0,0.0002,0,0.0001,0,0,0,0.0001,0,0.2424,0.2151,0.2424,0.2151,1
2.9319,0,1.4659,0.733,0,0,0,0,0,1.4659,0,0,0,0,0,0,0.733,2.1989,0,0.733,0.0003,0,0.0002,0.0001,0,0,0,0,0,0.0002,0,0,0,0,0,0,0.0001,0.0003,0,0.0001,0.1775,0.0895,0.1775,0.0895,1
0.5589,0,0,0.5589,1.1178,0.5589,0.5589,1.6767,0.5589,2.2356,0,0,0,1.1178,6.1479,0,0,0,0,0,0.0001,0,0,0.0001,0.0001,0.0001,0.0001,0.0002,0.0001,0.0003,0,0,0,0.0001,0.0008,0,0,0,0,0,0.245,0.1961,0.245,0.1961,1
1.131,0,0,0.5655,0,0.5655,0.5655,1.131,0,3.393,0,1.131,0,3.9585,1.131,0.5655,0,0.5655,0,0,0.0001,0,0,0,0,0,0,0.0001,0,0.0003,0,0.0001,0,0.0003,0.0001,0,0,0,0,0,0.2011,0.2334,0.2011,0.2334,1
2.3704,0,0.5926,0,1.1852,1.7778,0,0.5926,1.1852,1.1852,0,0.5926,0.5926,0,0.5926,1.1852,0,0.5926,0,0,0.0002,0,0,0,0.0001,0.0001,0,0,0.0001,0.0001,0,0,0,0,0,0.0001,0,0,0,0,0.2305,0.1769,0.2305,0.1769,1
0.7723,0.7723,0,0,0.7723,0.7723,0,0.7723,0,1.5446,0.7723,0.7723,0.7723,1.5446,0.7723,1.5446,4.6337,0,0,0,0.0001,0.0001,0,0,0.0001,0.0001,0,0.0001,0,0.0001,0.0001,0.0001,0.0001,0.0001,0.0001,0.0001,0.0004,0,0,0,0.1192,0.1085,0.1192,0.1085,1
0,0.4988,0,0,0.4988,0.9977,0.4988,0,1.4965,0,0.4988,1.9953,1.9953,0,2.4941,0.9977,1.4965,0,0.4988,0,0,0,0,0,0,0.0001,0,0,0.0001,0,0,0.0002,0.0002,0,0.0002,0.0001,0.0001,0,0,0,0.2329,0.2683,0.2329,0.2683,1
4.3866,0.7311,0.7311,0,0,0,0,1.4622,0.7311,1.4622,0.7311,0,1.4622,0,0,0.7311,0.7311,1.4622,0,0,0.0003,0.0001,0.0001,0,0,0,0,0.0001,0.0001,0.0001,0.0001,0,0.0001,0,0,0.0001,0.0001,0.0001,0,0,0.1603,0.1086,0.1603,0.1086,1
0,0,1.4585,0.4862,0.4862,0.4862,0,0,1.4585,0.4862,1.4585,0,0,0,1.9447,0.4862,0.9723,0.9723,0.9723,0.4862,0,0,0.0001,0,0,0,0,0,0.0001,0,0.0001,0,0,0,0.0002,0,0.0001,0.0001,0.0001,0,0.2794,0.2344,0.2794,0.2344,1
1.7267,0,0.5756,0.5756,0.5756,0,0,1.1511,0,1.1511,1.1511,0.5756,0.5756,0,1.7267,0.5756,1.7267,0,0,0.5756,0.0002,0,0.0001,0.0001,0.0001,0,0,0.0001,0,0.0001,0.0001,0.0001,0.0001,0,0.0002,0.0001,0.0002,0,0,0.0001,0.2092,0.2152,0.2092,0.2152,1
1.6634,0,0,0,0.8317,0,0,0,3.3267,0.8317,0,0,0.8317,0,0,0,0.8317,3.3267,0,0.8317,0.0004,0,0,0,0.0002,0,0,0,0.0008,0.0002,0,0,0.0002,0,0,0,0.0002,0.0008,0,0.0002,0.0706,0.0977,0.0706,0.0977,1
1.1754,0,1.1754,1.1754,0.5877,1.1754,0,0,0,0.5877,0.5877,0,0.5877,0,0.5877,0.5877,1.1754,0.5877,1.1754,0,0.0001,0,0.0001,0.0001,0.0001,0.0001,0,0,0,0.0001,0.0001,0,0.0001,0,0.0001,0.0001,0.0001,0.0001,0.0001,0,0.2183,0.194,0.2183,0.194,1
1.3256,0,0,0,0,1.9883,0,1.3256,1.3256,4.6394,0,0,0.6628,0.6628,0,0,0,1.3256,0,0,0.0001,0,0,0,0,0.0002,0,0.0001,0.0001,0.0004,0,0,0.0001,0.0001,0,0,0,0.0001,0,0,0.1396,0.1976,0.1396,0.1976,1
0,0,0.5702,0,0.5702,0.5702,0,0,0,1.1405,0,0.5702,1.7107,0,3.4214,0,0.5702,0.5702,0.5702,0.5702,0,0,0.0001,0,0.0001,0.0001,0,0,0,0.0001,0,0.0001,0.0002,0,0.0004,0,0.0001,0.0001,0.0001,0.0001,0.2084,0.2213,0.2084,0.2213,1
2.5314,0,0,0,0.8438,0,0,0,3.3752,2.5314,0,0,0,0,0,0,0.8438,0.8438,0,0,0.0006,0,0,0,0.0002,0,0,0,0.0008,0.0006,0,0,0,0,0,0,0.0002,0.0002,0,0,0.059,0.0972,0.059,0.0972,1
2.3098,0,0,0,0,0,0,0,2.8872,2.3098,0,0,0,0,0,0,0.5774,0.5774,0.5774,0,0.0003,0,0,0,0,0,0,0,0.0004,0.0003,0,0,0,0,0,0,0.0001,0.0001,0.0001,0,0.1772,0.2454,0.1772,0.2454,1
0.5445,0,0,0,0,0,0.5445,1.6334,3.2668,0.5445,0,1.0889,0,0,0.5445,0.5445,1.6334,0.5445,0.5445,0,0.0001,0,0,0,0,0,0.0001,0.0002,0.0004,0.0001,0,0.0001,0,0,0.0001,0.0001,0.0002,0.0001,0.0001,0,0.2759,0.1796,0.2759,0.1796,1
0.4719,0,0.4719,0,0.4719,0.4719,0,0.9438,0,0.4719,0.4719,0.4719,0,0,3.775,0.4719,0.4719,0.9438,0,0,0,0,0,0,0,0,0,0.0001,0,0,0,0,0,0,0.0004,0,0,0.0001,0,0,0.2585,0.2696,0.2585,0.2696,1
4.695,0,1.565,0,0,0,0,0.7825,0,1.565,0,0,0.7825,0,0,0,1.565,0.7825,0,0,0.0005,0,0.0002,0,0,0,0,0.0001,0,0.0002,0,0,0.0001,0,0,0,0.0002,0.0001,0,0,0.1387,0.0788,0.1387,0.0788,1
0.7617,0.7617,0,0,0.7617,0,0.7617,0,0,0,1.5233,2.285,0,0,0,0,3.0467,2.285,0,0.7617,0.0001,0.0001,0,0,0.0001,0,0.0001,0,0,0,0.0001,0.0002,0,0,0,0,0.0003,0.0002,0,0.0001,0.1036,0.1347,0.1036,0.1347,1
2.2017,0,0,0,0.4403,1.321,0.8807,0.4403,2.6421,1.7614,0,0.4403,0,0,0.4403,0.4403,0,1.321,0,0.4403,0.0002,0,0,0,0,0.0001,0.0001,0,0.0002,0.0002,0,0,0,0,0,0,0,0.0001,0,0,0.2575,0.3021,0.2575,0.3021,1
0,1.7934,1.1956,0,0,1.1956,0,0,0,2.3912,0,1.7934,1.7934,0,1.1956,0,0.5978,0,1.7934,0,0,0.0001,0.0001,0,0,0.0001,0,0,0,0.0001,0,0.0001,0.0001,0,0.0001,0,0,0,0.0001,0,0.1845,0.2177,0.1845,0.2177,1
1.1835,0,0.5918,0.5918,0,4.1424,0,0,0,5.3259,0.5918,0.5918,0,0,0,1.1835,0.5918,0,0,0,0.0001,0,0,0,0,0.0002,0,0,0,0.0003,0,0,0,0,0,0.0001,0,0,0,0,0.1772,0.2311,0.1772,0.2311,1
0.6394,0.6394,1.9181,0,0,0.6394,0.6394,0,0.6394,1.2787,0,0,0.6394,0,0,0,0,1.9181,0.6394,0,0,0,0.0001,0,0,0,0,0,0,0.0001,0,0,0,0,0,0,0,0.0001,0,0,0.2178,0.1428,0.2178,0.1428,1
1.5736,0,0.5245,0,0,0.5245,0,0,0,3.1472,0,0,0,0,2.0982,0,0,1.5736,0.5245,0,0.0002,0,0.0001,0,0,0.0001,0,0,0,0.0003,0,0,0,0,0.0002,0,0,0.0002,0.0001,0,0.2585,0.2169,0.2585,0.2169,1
1.5603,0,0,0,0.5201,0,1.0402,0.5201,3.1206,0,1.0402,0.5201,0,0.5201,0,0.5201,0.5201,0.5201,0.5201,0,0.0002,0,0,0,0.0001,0,0.0001,0.0001,0.0004,0,0.0001,0.0001,0,0.0001,0,0.0001,0.0001,0.0001,0.0001,0,0.2057,0.2742,0.2057,0.2742,1
0.5548,0,0.5548,0,0,0,0.5548,0,0.5548,1.1096,0,0,1.1096,0,1.1096,0,0.5548,1.6643,0.5548,0.5548,0.0001,0,0.0001,0,0,0,0.0001,0,0.0001,0.0001,0,0,0.0001,0,0.0001,0,0.0001,0.0002,0.0001,0.0001,0.2376,0.2076,0.2376,0.2076,1
1.4782,1.4782,0.7391,0,0.7391,0,0.7391,0,0,2.9564,0,0,0,0.7391,0,0.7391,0.7391,0.7391,0,0,0.0001,0.0001,0.0001,0,0.0001,0,0.0001,0,0,0.0002,0,0,0,0.0001,0,0.0001,0.0001,0.0001,0,0,0.1379,0.123,0.1379,0.123,1
1.1711,0,0.5856,0,0.5856,0.5856,1.1711,0,0.5856,0,1.1711,0.5856,0.5856,0.5856,0.5856,1.1711,0,0.5856,0.5856,0.5856,0.0001,0,0,0,0,0,0.0001,0,0,0,0.0001,0,0,0,0,0.0001,0,0,0,0,0.212,0.2024,0.212,0.2024,1
0.5244,0,1.5733,0,1.5733,0,1.5733,1.5733,0,0.5244,0.5244,1.0489,0,0,0,0,1.0489,0,0.5244,0,0,0,0.0001,0,0.0001,0,0.0001,0.0001,0,0,0,0.0001,0,0,0,0,0.0001,0,0,0,0.2197,0.2559,0.2197,0.2559,1
1.9718,0,0.493,0,0.9859,0.9859,0,0,1.4789,0.9859,0.9859,0,0.9859,0.493,0.9859,0,2.4648,0.9859,0.9859,0,0.0002,0,0,0,0.0001,0.0001,0,0,0.0001,0.0001,0.0001,0,0.0001,0,0.0001,0,0.0002,0.0001,0.0001,0,0.2617,0.2454,0.2617,0.2454,1
1.0559,1.5839,0.528,1.5839,0,0,0.528,0.528,2.6398,0,0.528,0,0,0,0,0,1.0559,0,0.528,0.528,0.0001,0.0001,0,0.0001,0,0,0,0,0.0002,0,0,0,0,0,0,0,0.0001,0,0,0,0.2738,0.1983,0.2738,0.1983,1
0,2.8922,0.5784,0,0,2.8922,0,0.5784,0.5784,0,1.1569,1.1569,1.7353,0,0.5784,0.5784,2.8922,1.1569,0.5784,0,0,0.0001,0,0,0,0.0001,0,0,0,0,0,0,0.0001,0,0,0,0.0001,0,0,0,0.2135,0.208,0.2135,0.208,1
1.3291,0.443,0.443,0.443,0.443,0,0.443,0.8861,0.8861,0.443,0,0.443,0.443,0,3.1012,0.443,0.8861,1.3291,0,0,0.0001,0,0,0,0,0,0,0.0001,0.0001,0,0,0,0,0,0.0003,0,0.0001,0.0001,0,0,0.2579,0.2991,0.2579,0.2991,1
1.4822,0,0,0.7411,1.4822,0,0,1.4822,0.7411,2.9643,0,0,0,0,0,0.7411,0,1.4822,0.7411,0.7411,0.0002,0,0,0.0001,0.0002,0,0,0.0002,0.0001,0.0004,0,0,0,0,0,0.0001,0,0.0002,0.0001,0.0001,0.1794,0.0795,0.1794,0.0795,1
0,1.2406,0.6203,0,1.2406,0.6203,1.2406,0.6203,0.6203,0,1.2406,2.4812,0,1.2406,1.8609,0,1.2406,0.6203,0,0,0,0.0001,0,0,0.0001,0,0.0001,0,0,0,0.0001,0.0001,0,0.0001,0.0001,0,0.0001,0,0,0,0.1737,0.206,0.1737,0.206,1
1.2987,0,0.6493,0.6493,0.6493,1.2987,0,0.6493,0,0,0.6493,0,1.948,0.6493,0.6493,0.6493,0.6493,0.6493,0,0.6493,0.0002,0,0.0001,0.0001,0.0001,0.0002,0,0.0001,0,0,0.0001,0,0.0002,0.0001,0.0001,0.0001,0.0001,0.0001,0,0.0001,0.173,0.1777,0.173,0.1777,1
0,2.7236,0,0,1.3618,0.6809,0,0,0.6809,0,0.6809,0.6809,0,0,1.3618,0,0.6809,0,0.6809,2.7236,0,0.0001,0,0,0.0001,0,0,0,0,0,0,0,0,0,0.0001,0,0,0,0,0.0001,0.1993,0.1198,0.1993,0.1198,1
1.758,1.172,0.586,0.586,0.586,0,1.172,1.172,1.758,1.172,0,0,0.586,0,0.586,0,0.586,0.586,0,0,0.0001,0.0001,0,0,0,0,0.0001,0.0001,0.0001,0.0001,0,0,0,0,0,0,0,0,0,0,0.2096,0.2044,0.2096,0.2044,1
0,0.5129,1.0258,0,1.0258,1.0258,0.5129,0.5129,0,1.5387,0.5129,0,0.5129,0,1.5387,0.5129,2.5646,0.5129,0,1.0258,0,0,0.0001,0,0.0001,0.0001,0,0,0,0.0001,0,0,0,0,0.0001,0,0.0002,0,0,0.0001,0.2363,0.2508,0.2363,0.2508,1
2.1619,1.4413,0,0,0.7206,1.4413,0.7206,0,0,0.7206,0.7206,0.7206,0,0,0.7206,0.7206,0.7206,0,0,0,0.0002,0.0001,0,0,0.0001,0.0001,0.0001,0,0,0.0001,0.0001,0.0001,0,0,0.0001,0.0001,0.0001,0,0,0,0.171,0.1083,0.171,0.1083,1
0,0,0,0,0.8338,0.8338,0,0,3.3353,2.5015,0,0,0,0,0,0,0.8338,2.5015,0,0,0,0,0,0,0.0002,0.0002,0,0,0.0007,0.0005,0,0,0,0,0,0,0.0002,0.0005,0,0,0.06,0.1062,0.06,0.1062,1
0.5145,0,1.029,0,0,1.5436,0,1.5436,1.5436,0.5145,1.5436,0,0,0,1.5436,0.5145,1.029,1.029,0,0,0,0,0.0001,0,0,0.0001,0,0.0001,0.0001,0,0.0001,0,0,0,0.0001,0,0.0001,0.0001,0,0,0.2217,0.2638,0.2217,0.2638,1
0.632,0,1.896,2.528,0,0.632,0,0,0,1.264,0,0.632,0.632,0,1.264,0,0.632,0,0,0,0.0001,0,0.0002,0.0003,0,0.0001,0,0,0,0.0002,0,0.0001,0.0001,0,0.0002,0,0.0001,0,0,0,0.178,0.19,0.178,0.19,1
0.666,0,1.3321,0.666,0,0.666,0,0,0,0.666,0,0.666,1.3321,0.666,0,0,1.3321,1.9981,0.666,0.666,0.0001,0,0.0001,0.0001,0,0.0001,0,0,0,0.0001,0,0.0001,0.0001,0.0001,0,0,0.0001,0.0002,0.0001,0.0001,0.2042,0.1298,0.2042,0.1298,1
3.2554,0,1.9532,0,0,0.6511,0,0.6511,0,0,0,0,1.3021,0,0.6511,0,0,1.3021,0.6511,0,0.0003,0,0.0002,0,0,0.0001,0,0.0001,0,0,0,0,0.0001,0,0.0001,0,0,0.0001,0.0001,0,0.2303,0.1186,0.2303,0.1186,1
0,0.4939,0.4939,0.9878,0,0.9878,0,1.4817,0.9878,0,0.9878,0.9878,0.9878,0.9878,0.9878,0.4939,0.4939,0.4939,0.4939,1.4817,0,0,0,0.0001,0,0.0001,0,0.0001,0.0001,0,0.0001,0.0001,0.0001,0.0001,0.0001,0,0,0,0,0.0001,0.2345,0.2716,0.2345,0.2716,1
2.0381,0.6794,0.6794,0.6794,0.6794,0,0,0.6794,0,0.6794,0,0,0,0,0,0,0.6794,0.6794,1.3587,0,0.0002,0.0001,0.0001,0.0001,0.0001,0,0,0.0001,0,0.0001,0,0,0,0,0,0,0.0001,0.0001,0.0001,0,0.141,0.1796,0.141,0.1796,1
0.6046,1.2092,1.2092,0.6046,0.6046,0.6046,0,0.6046,0.6046,0.6046,1.2092,0.6046,0.6046,0,0.6046,0,0,0.6046,0,0.6046,0,0.0001,0.0001,0,0,0,0,0,0,0,0.0001,0,0,0,0,0,0,0,0,0,0.206,0.1894,0.206,0.1894,1
0.5814,1.1627,0.5814,0,1.1627,1.7441,0,0,0,1.1627,0,0.5814,1.7441,0.5814,1.1627,0.5814,0.5814,0,0.5814,0.5814,0,0.0001,0,0,0.0001,0.0001,0,0,0,0.0001,0,0,0.0001,0,0.0001,0,0,0,0,0,0.2165,0.2021,0.2165,0.2021,1
1.7387,0,1.1592,0.5796,0.5796,0,0,0,0,0,0,0.5796,0.5796,0.5796,0.5796,0,1.1592,0.5796,1.1592,0.5796,0.0002,0,0.0001,0.0001,0.0001,0,0,0,0,0,0,0.0001,0.0001,0.0001,0.0001,0,0.0001,0.0001,0.0001,0.0001,0.1897,0.2307,0.1897,0.2307,1
2.9337,1.1735,0,0,1.7602,1.7602,1.1735,0.5867,0,1.1735,0,1.1735,0,0.5867,1.1735,0,0.5867,0.5867,0,0,0.0002,0.0001,0,0,0.0001,0.0001,0.0001,0,0,0.0001,0,0.0001,0,0,0.0001,0,0,0,0,0,0.1962,0.217,0.1962,0.217,1
0,0,0,0,0,3.2882,0,0,0.8221,0,1.6441,0,0,0,0,1.6441,0,0,0,0.8221,0,0,0,0,0,0.0004,0,0,0.0001,0,0.0002,0,0,0,0,0.0002,0,0,0,0.0001,0.0882,0.0897,0.0882,0.0897,1
0,0.4655,0,0.4655,0.4655,0.4655,0,0.4655,0.4655,1.862,0,0,0.4655,0.931,2.3274,0,0.931,0.4655,0.4655,0.4655,0,0,0,0,0,0,0,0,0,0.0002,0,0,0,0.0001,0.0002,0,0.0001,0,0,0,0.2702,0.2643,0.2702,0.2643,1
1.9202,0,0.6401,0,0,1.2801,0,0.6401,1.2801,1.2801,0,0,0,0,0.6401,0,0,0,0,0,0.0003,0,0.0001,0,0,0.0002,0,0.0001,0.0002,0.0002,0,0,0,0,0.0001,0,0,0,0,0,0.2159,0.1441,0.2159,0.1441,1
0.9459,0,0.4729,0.4729,0,0.4729,0.4729,0.9459,1.8917,0.4729,0.4729,0.4729,0,0,1.4188,1.4188,0,0,0,1.4188,0.0001,0,0,0,0,0,0,0.0001,0.0002,0,0,0,0,0,0.0001,0.0001,0,0,0,0.0001,0.2782,0.2488,0.2782,0.2488,1
2.2766,0.7589,0,0,1.5177,1.5177,0,0.7589,0,0,0.7589,0,0,0,0,2.2766,1.5177,4.5532,0.7589,0,0.0001,0,0,0,0.0001,0.0001,0,0,0,0,0,0,0,0,0,0.0001,0.0001,0.0002,0,0,0.1377,0.1034,0.1377,0.1034,1
5.0034,0.6254,0,0,0,0,0.6254,1.2508,1.2508,1.2508,0.6254,0.6254,0,0.6254,0.6254,0.6254,2.5017,3.1271,0,0,0.0004,0,0,0,0,0,0,0.0001,0.0001,0.0001,0,0,0,0,0,0,0.0002,0.0002,0,0,0.1902,0.1844,0.1902,0.1844,1
0.9966,0.4983,0.4983,0.9966,0,0.9966,0.9966,0,0.4983,0.9966,0.9966,0.4983,0.4983,0.9966,0.4983,0.9966,0.9966,0.4983,0.4983,0.9966,0.0001,0,0,0.0001,0,0.0001,0.0001,0,0,0.0001,0.0001,0,0,0.0001,0,0.0001,0.0001,0,0,0.0001,0.2413,0.2604,0.2413,0.2604,1
0.7672,0,0,0.7672,0,0,0,0,2.3017,0.7672,0,0,0.7672,0,0,0.7672,0.7672,2.3017,0,0.7672,0.0001,0,0,0.0001,0,0,0,0,0.0004,0.0001,0,0,0.0001,0,0,0.0001,0.0001,0.0004,0,0.0001,0.0999,0.1328,0.0999,0.1328,1
0.5534,0,1.1069,1.1069,1.1069,1.1069,0,0,0,2.2138,0,0,0,0.5534,1.1069,0,1.1069,0.5534,0.5534,0,0,0,0.0001,0.0001,0.0001,0.0001,0,0,0,0.0002,0,0,0,0,0.0001,0,0.0001,0,0,0,0.2478,0.1987,0.2478,0.1987,1
2.7752,0,0,0,0,0,0.6938,0,1.3876,0,0,0.6938,0,0,0,0,0.6938,2.0814,0,1.3876,0.0005,0,0,0,0,0,0.0001,0,0.0002,0,0,0.0001,0,0,0,0,0.0001,0.0003,0,0.0002,0.1731,0.1332,0.1731,0.1332,1
1.1646,0.5823,0.5823,0,1.7469,0.5823,0,0,1.1646,3.4938,0,0,0.5823,0,0.5823,0.5823,0.5823,0,0,0,0.0001,0,0,0,0.0001,0,0,0,0.0001,0.0003,0,0,0,0,0,0,0,0,0,0,0.2527,0.165,0.2527,0.165,1
1.8421,1.228,0.614,0,0.614,0.614,0,0.614,1.8421,1.8421,3.0701,0.614,0,0.614,0,1.8421,3.0701,0,0,0,0.0001,0.0001,0,0,0,0,0,0,0.0001,0.0001,0.0001,0,0,0,0,0.0001,0.0001,0,0,0,0.1698,0.2162,0.1698,0.2162,1
0.6206,0.6206,0.6206,0.6206,0.6206,3.1032,0,1.2413,0.6206,0,0.6206,0,1.2413,0,0.6206,1.2413,0,0.6206,0.6206,0,0,0,0,0,0,0.0002,0,0.0001,0,0,0,0,0.0001,0,0,0.0001,0,0,0,0,0.1652,0.2141,0.1652,0.2141,1
0.4179,0,1.2538,2.0896,0.4179,0,0.4179,0.4179,1.2538,1.6717,0.4179,0.8358,0,0,0.4179,0,0.4179,0.8358,0.4179,0.4179,0,0,0.0001,0.0002,0,0,0,0,0.0001,0.0001,0,0.0001,0,0,0,0,0,0.0001,0,0,0.2767,0.3054,0.2767,0.3054,1
1.4412,1.4412,0,0.7206,0,0.7206,0,0.7206,0.7206,1.4412,0,0,0.7206,0.7206,0,0.7206,2.1619,0.7206,0,0,0.0001,0.0001,0,0.0001,0,0.0001,0,0.0001,0.0001,0.0001,0,0,0.0001,0.0001,0,0.0001,0.0002,0.0001,0,0,0.1404,0.139,0.1404,0.139,1
1.1724,0.5862,0,0,0,1.7586,0,0.5862,0.5862,0.5862,0.5862,1.1724,1.1724,0.5862,0.5862,1.1724,2.3448,1.1724,0.5862,1.1724,0.0001,0,0,0,0,0.0001,0,0,0,0,0,0.0001,0.0001,0,0,0.0001,0.0002,0.0001,0,0.0001,0.1992,0.2146,0.1992,0.2146,1
1.2001,0,0.6001,1.8002,1.2001,0.6001,0,0,0.6001,1.8002,0,0,0,0,1.2001,0,0,0,0,0,0.0001,0,0.0001,0.0002,0.0001,0.0001,0,0,0.0001,0.0002,0,0,0,0,0.0001,0,0,0,0,0,0.18,0.22,0.18,0.22,1
4.8483,0,0,0,0,0,0,0,1.6161,1.6161,0,0,1.6161,0,1.6161,0,0,0.8081,0,0.8081,0.0008,0,0,0,0,0,0,0,0.0003,0.0003,0,0,0.0003,0,0.0003,0,0,0.0001,0,0.0001,0.0694,0.1225,0.0694,0.1225,1
1.87,1.2467,1.2467,0,0,0,0.6233,0,1.2467,0.6233,1.2467,0,0.6233,0,0,0,3.1167,2.4934,0,1.2467,0.0001,0.0001,0.0001,0,0,0,0,0,0.0001,0,0.0001,0,0,0,0,0,0.0002,0.0002,0,0.0001,0.1947,0.182,0.1947,0.182,1
5.0987,0,0.8498,0,0,0,0,0,0,0,0,0,0,0,0,0,1.6996,3.3991,0,0.8498,0.0011,0,0.0002,0,0,0,0,0,0,0,0,0,0,0,0,0,0.0004,0.0007,0,0.0002,0.084,0.0662,0.084,0.0662,1
0,0,0.603,0,0,2.4121,0,0,0.603,0.603,0,0,0,0,4.2212,1.2061,0,0.603,0,0,0,0,0.0001,0,0,0.0003,0,0,0.0001,0.0001,0,0,0,0,0.0005,0.0001,0,0.0001,0,0,0.2388,0.1582,0.2388,0.1582,1
0,0,2.2898,0,0,0,0,1.7174,1.1449,1.1449,0,0.5725,0,0,0.5725,0.5725,0.5725,0.5725,0.5725,0,0,0,0.0002,0,0,0,0,0.0001,0.0001,0.0001,0,0,0,0,0,0,0,0,0,0,0.2295,0.1981,0.2295,0.1981,1
1.3927,0,0,0,0,0,0,0.6964,0.6964,1.3927,0.6964,0,0,1.3927,0.6964,0,1.3927,0,0,0,0.0002,0,0,0,0,0,0,0.0001,0.0001,0.0002,0.0001,0,0,0.0002,0.0001,0,0.0002,0,0,0,0.159,0.1446,0.159,0.1446,1
2.1046,0,1.0523,1.0523,0,0,0,0,2.1046,1.0523,0,1.5785,0,0,0.5262,0.5262,0,1.0523,0,0,0.0002,0,0.0001,0.0001,0,0,0,0,0.0002,0.0001,0,0.0002,0,0,0.0001,0.0001,0,0.0001,0,0,0.2309,0.2429,0.2309,0.2429,1
0.4826,1.9303,0,0.4826,1.4477,0,0,0.4826,0.4826,0,0.9652,0.4826,0.4826,0,2.4129,0.4826,1.4477,1.9303,0,0.4826,0,0.0001,0,0,0.0001,0,0,0,0,0,0.0001,0,0,0,0.0002,0,0.0001,0.0001,0,0,0.2892,0.2282,0.2892,0.2282,1
0.7117,0,0,0,0,0,0,0.7117,0.7117,1.4234,0.7117,0.7117,0,0.7117,0.7117,0,0,0.7117,0,1.4234,0.0001,0,0,0,0,0,0,0.0001,0.0001,0.0003,0.0001,0.0001,0,0.0001,0.0001,0,0,0.0001,0,0.0003,0.1428,0.1455,0.1428,0.1455,1
4.3735,0,0.7289,0,0,0,0,0,1.4578,3.6445,0,0,1.4578,0,1.4578,0,0,1.4578,0,0,0.0005,0,0.0001,0,0,0,0,0,0.0002,0.0004,0,0,0.0002,0,0.0002,0,0,0.0002,0,0,0.1162,0.1548,0.1162,0.1548,1
0.8652,0,0,0,0,0,0,0,3.4608,1.7304,0,0,0.8652,0,0,0,0.8652,3.4608,0,0,0.0003,0,0,0,0,0,0,0,0.0011,0.0006,0,0,0.0003,0,0,0,0.0003,0.0011,0,0,0.0497,0.0851,0.0497,0.0851,1
2.6272,0,0.5254,0,0,1.5763,0.5254,0.5254,1.0509,0.5254,0.5254,0.5254,0,1.0509,0.5254,0.5254,1.0509,0.5254,0,0,0.0003,0,0.0001,0,0,0.0002,0.0001,0.0001,0.0001,0.0001,0.0001,0.0001,0,0.0001,0.0001,0.0001,0.0001,0.0001,0,0,0.2462,0.2284,0.2462,0.2284,1
1.1052,3.3157,0,0.5526,0.5526,1.1052,0,1.1052,1.6579,0.5526,0,1.1052,1.1052,0,0.5526,1.6579,0,1.1052,0.5526,0.5526,0,0.0001,0,0,0,0,0,0,0.0001,0,0,0,0,0,0,0.0001,0,0,0,0,0.2453,0.2021,0.2453,0.2021,1
0.7807,0.7807,0,0,0,1.5613,0,0.7807,0.7807,0.7807,0,0,1.5613,0,0,0,0.7807,1.5613,2.342,0,0.0001,0.0001,0,0,0,0.0001,0,0.0001,0.0001,0.0001,0,0,0.0001,0,0,0,0.0001,0.0001,0.0002,0,0.1147,0.1046,0.1147,0.1046,1
0.4641,0,0,0,1.8562,0.9281,0.4641,0.4641,3.2484,2.7844,0,0,0.9281,0,1.3922,0.4641,0,0,0,0,0,0,0,0,0.0002,0.0001,0,0,0.0003,0.0003,0,0,0.0001,0,0.0001,0,0,0,0,0,0.2586,0.2773,0.2586,0.2773,1
0,0.5805,0.5805,0.5805,0.5805,0.5805,0.5805,2.3219,0.5805,0.5805,3.4828,0.5805,0.5805,0.5805,1.7414,0.5805,0.5805,0.5805,0,0,0,0,0,0,0,0,0,0.0002,0,0,0.0003,0,0,0,0.0001,0,0,0,0,0,0.2045,0.215,0.2045,0.215,1
0.5729,0.5729,1.1457,0.5729,0,0.5729,0,1.1457,0,0.5729,0.5729,0.5729,1.1457,0,0.5729,0.5729,0,0,1.7186,0.5729,0,0,0.0001,0,0,0,0,0.0001,0,0,0,0,0.0001,0,0,0,0,0,0.0001,0,0.2179,0.2093,0.2179,0.2093,1
1.4323,2.1484,0.7161,0,0,0,0.7161,0,0,0,0,0,0,0,1.4323,1.4323,1.4323,1.4323,0,0,0.0001,0.0002,0.0001,0,0,0,0.0001,0,0,0,0,0,0,0,0.0001,0.0001,0.0001,0.0001,0,0,0.1382,0.1456,0.1382,0.1456,1
2.1989,0.5497,0.5497,1.6492,0,2.7487,0,0,0,0.5497,0,0,0.5497,0,1.0995,0.5497,1.6492,1.0995,0.5497,1.0995,0.0002,0,0,0.0001,0,0.0002,0,0,0,0,0,0,0,0,0.0001,0,0.0001,0.0001,0,0.0001,0.2317,0.2185,0.2317,0.2185,1
1.9325,0,0,0.6442,0,0,0,0,0,0,0,0.6442,0,0.6442,2.5766,0,1.2883,0.6442,0,0,0.0004,0,0,0.0001,0,0,0,0,0,0,0,0.0001,0,0.0001,0.0005,0,0.0003,0.0001,0,0,0.1947,0.1611,0.1947,0.1611,1
1.819,0,1.2127,0,1.2127,0.6063,0,0,0.6063,1.2127,0,1.2127,0,0,0.6063,0,0,0,0,0.6063,0.0002,0,0.0001,0,0.0001,0.0001,0,0,0.0001,0.0001,0,0.0001,0,0,0.0001,0,0,0,0,0.0001,0.1817,0.2119,0.1817,0.2119,1
1.8372,2.4496,0.6124,0.6124,0.6124,0.6124,0.6124,0,0.6124,0.6124,2.4496,0,1.2248,0,0,0.6124,3.062,1.2248,0,0.6124,0.0001,0.0001,0,0,0,0,0,0,0,0,0.0001,0,0,0,0,0,0.0001,0,0,0,0.2033,0.1843,0.2033,0.1843,1
1.6567,0,0,0,0,0,0,0,3.3135,0.8284,0,0,0,0,0,0.8284,0.8284,2.4851,0,0.8284,0.0003,0,0,0,0,0,0,0,0.0006,0.0002,0,0,0,0,0,0.0002,0.0002,0.0005,0,0.0002,0.0758,0.0958,0.0758,0.0958,1
0,0,0.7044,0.7044,0,1.4088,0,0.7044,0.7044,0.7044,0,0,0,0,0.7044,0.7044,0,0,0,0.7044,0,0,0.0001,0.0001,0,0.0002,0,0.0001,0.0001,0.0001,0,0,0,0,0.0001,0.0001,0,0,0,0.0001,0.1868,0.1088,0.1868,0.1088,1
1.3909,0.6955,0.6955,1.3909,0,0,0,0,0,2.0864,1.3909,0,0,0,0.6955,0.6955,0.6955,1.3909,0,0,0.0001,0.0001,0.0001,0.0001,0,0,0,0,0,0.0002,0.0001,0,0,0,0.0001,0.0001,0.0001,0.0001,0,0,0.17,0.1346,0.17,0.1346,1
0,0,0.6163,0,0.6163,0,1.8488,0.6163,1.2326,0,0.6163,1.2326,0.6163,0,0.6163,0,1.2326,0.6163,0,0,0,0,0.0001,0,0.0001,0,0.0003,0.0001,0.0002,0,0.0001,0.0002,0.0001,0,0.0001,0,0.0002,0.0001,0,0,0.2653,0.1184,0.2653,0.1184,1
0.5796,1.1592,0.5796,0,0.5796,0.5796,0,0,0,1.1592,0.5796,0.5796,1.7389,0,1.1592,1.1592,0.5796,1.1592,1.1592,1.1592,0,0.0001,0,0,0,0,0,0,0,0.0001,0,0,0.0001,0,0.0001,0.0001,0,0.0001,0.0001,0.0001,0.1864,0.234,0.1864,0.234,1
0.7036,0.7036,0.7036,0.7036,0,0.7036,0,0,1.4072,0,0,1.4072,0.7036,0,0,0,1.4072,2.1107,0,0,0.0001,0.0001,0.0001,0.0001,0,0.0001,0,0,0.0001,0,0,0.0001,0.0001,0,0,0,0.0001,0.0002,0,0,0.1936,0.1028,0.1936,0.1028,1
0.5561,0,0.5561,1.6682,0,0.5561,0,0,1.6682,0.5561,0,1.1121,0.5561,0.5561,0.5561,0.5561,0.5561,0,0.5561,0,0.0001,0,0.0001,0.0002,0,0.0001,0,0,0.0002,0.0001,0,0.0001,0.0001,0.0001,0.0001,0.0001,0.0001,0,0.0001,0,0.2539,0.19,0.2539,0.19,1
1.7314,0.5771,0.5771,0,0,1.1543,0,0,1.7314,0.5771,1.7314,0,0,0,0,0.5771,1.7314,0.5771,0,1.1543,0.0001,0,0,0,0,0.0001,0,0,0.0001,0,0.0001,0,0,0,0,0,0.0001,0,0,0.0001,0.198,0.2248,0.198,0.2248,1
0.5259,1.0519,0.5259,1.0519,0.5259,2.1038,0,1.0519,0,1.0519,0,1.0519,0.5259,0,2.1038,1.0519,1.0519,0.5259,0,0.5259,0,0.0001,0,0.0001,0,0.0001,0,0.0001,0,0.0001,0,0.0001,0,0,0.0001,0.0001,0.0001,0,0,0,0.2068,0.2673,0.2068,0.2673,1
0,0.5397,1.6191,0.5397,0,0,0,1.0794,0.5397,0,2.6984,0,0,0.5397,1.0794,0,0.5397,0,1.6191,0,0,0,0.0001,0,0,0,0,0.0001,0,0,0.0002,0,0,0,0.0001,0,0,0,0.0001,0,0.2926,0.1677,0.2926,0.1677,1
1.1575,0,0,0,0.5787,0.5787,0,0.5787,1.1575,4.0512,0,0.5787,0,0,1.1575,0.5787,0,0,0,0,0.0001,0,0,0,0.0001,0.0001,0,0.0001,0.0001,0.0004,0,0.0001,0,0,0.0001,0.0001,0,0,0,0,0.1842,0.237,0.1842,0.237,1
0.6083,0,0,0,0.6083,0.6083,1.2166,0,0,0,2.4332,0.6083,1.2166,0,3.6499,0,1.8249,1.8249,1.2166,0,0.0001,0,0,0,0.0001,0.0001,0.0002,0,0,0,0.0003,0.0001,0.0002,0,0.0005,0,0.0002,0.0002,0.0002,0,0.1885,0.2032,0.1885,0.2032,1
2.0539,0,0.6846,0,0,2.0539,0,0.6846,0.6846,1.3693,0,0,0,0,0.6846,0.6846,0,0,0,0,0.0002,0,0.0001,0,0,0.0002,0,0.0001,0.0001,0.0002,0,0,0,0,0.0001,0.0001,0,0,0,0,0.1787,0.1367,0.1787,0.1367,1
0.5859,1.1717,0,0.5859,0,0.5859,0,1.1717,1.1717,1.1717,0.5859,0.5859,0.5859,0,1.1717,0,1.1717,1.1717,0.5859,0,0,0.0001,0,0,0,0,0,0.0001,0.0001,0.0001,0,0,0,0,0.0001,0,0.0001,0.0001,0,0,0.1823,0.2319,0.1823,0.2319,1
0,0,0.9408,0,1.4112,0.4704,0,0.9408,0.9408,0.4704,0,0.4704,0,0.4704,1.4112,0,0.9408,0.4704,0,0.4704,0,0,0.0001,0,0.0001,0,0,0.0001,0.0001,0,0,0,0,0,0.0001,0,0.0001,0,0,0,0.2241,0.3055,0.2241,0.3055,1
2.2622,0,0.5655,0,0,0.5655,1.1311,1.1311,1.1311,1.1311,0.5655,0,1.1311,0,0,1.1311,0.5655,2.2622,0.5655,1.1311,0.0002,0,0.0001,0,0,0.0001,0.0001,0.0001,0.0001,0.0001,0.0001,0,0.0001,0,0,0.0001,0.0001,0.0002,0.0001,0.0001,0.2268,0.2077,0.2268,0.2077,1
1.1007,0.5504,0,0.5504,1.6511,2.2015,0,0.5504,0.5504,2.2015,1.1007,2.2015,0.5504,0,0.5504,0.5504,0.5504,1.1007,0,0,0.0001,0,0,0,0.0001,0.0001,0,0,0,0.0001,0.0001,0.0001,0,0,0,0,0,0.0001,0,0,0.2398,0.2098,0.2398,0.2098,1
0.7063,0,1.4126,0,0.7063,0,0,2.1189,0,0.7063,0.7063,0.7063,0,0.7063,0.7063,0,1.4126,0,0,0.7063,0.0001,0,0.0002,0,0.0001,0,0,0.0003,0,0.0001,0.0001,0.0001,0,0.0001,0.0001,0,0.0002,0,0,0.0001,0.146,0.1477,0.146,0.1477,1
0.6616,0.6616,2.6463,0.6616,0,1.3232,0,1.3232,0.6616,0,0,0,0,0,0.6616,1.3232,1.3232,2.6463,0,0,0,0,0.0002,0,0,0.0001,0,0.0001,0,0,0,0,0,0,0,0.0001,0.0001,0.0002,0,0,0.1686,0.1698,0.1686,0.1698,1
2.0489,0,0,0.5122,0,2.0489,0,1.5367,2.0489,2.0489,0,0.5122,0,0,0,2.0489,1.0244,0.5122,0,0,0.0001,0,0,0,0,0.0001,0,0.0001,0.0001,0.0001,0,0,0,0,0,0.0001,0.0001,0,0,0,0.22,0.2678,0.22,0.2678,1
1.2061,1.2061,0.603,0,0.603,0,0.603,0,0.603,2.4122,0,1.2061,1.2061,0,0.603,0.603,0.603,0.603,0,0.603,0.0001,0.0001,0,0,0,0,0,0,0,0.0001,0,0.0001,0.0001,0,0,0,0,0,0,0,0.2183,0.1787,0.2183,0.1787,1
1.3168,0,0.6584,1.3168,0.6584,0.6584,1.3168,0,0.6584,0.6584,0.6584,0,0.6584,0,1.3168,1.3168,0.6584,1.3168,0,0,0.0001,0,0.0001,0.0001,0.0001,0.0001,0.0001,0,0.0001,0.0001,0.0001,0,0.0001,0,0.0001,0.0001,0.0001,0.0001,0,0,0.2142,0.1274,0.2142,0.1274,1
1.6848,0,0,0,0.8424,0,0,0.8424,3.3695,0.8424,0,0,0,0,0,0,0,2.5272,0,0.8424,0.0005,0,0,0,0.0002,0,0,0.0002,0.0009,0.0002,0,0,0,0,0,0,0,0.0007,0,0.0002,0.0538,0.1038,0.0538,0.1038,1
1.3945,0,0.6972,0,0,0.6972,0,0,0.6972,2.0917,0,0.6972,0,1.3945,0,0,0.6972,0,0.6972,0,0.0001,0,0.0001,0,0,0.0001,0,0,0.0001,0.0002,0,0.0001,0,0.0001,0,0,0.0001,0,0.0001,0,0.1563,0.1464,0.1563,0.1464,1
0,0.5599,1.1198,0.5599,0,2.2396,0,1.1198,0,0.5599,0,1.6797,0,0.5599,1.6797,1.1198,2.2396,0.5599,0,0,0,0,0.0001,0,0,0.0002,0,0.0001,0,0,0,0.0001,0,0,0.0001,0.0001,0.0002,0,0,0,0.2108,0.2293,0.2108,0.2293,1
1.6946,0.5649,0.5649,0,0,2.2594,0,0.5649,1.1297,2.2594,0,0.5649,0.5649,0,1.1297,1.1297,0.5649,2.8243,0,0,0.0001,0,0,0,0,0.0001,0,0,0.0001,0.0001,0,0,0,0,0.0001,0.0001,0,0.0002,0,0,0.2004,0.2348,0.2004,0.2348,1
1.0139,0,2.0278,0.5069,0,1.0139,0,0,2.0278,0.5069,0.5069,0.5069,0.5069,0,0,0,0.5069,0.5069,0,1.5208,0.0001,0,0.0002,0,0,0.0001,0,0,0.0002,0,0,0,0,0,0,0,0,0,0,0.0001,0.2475,0.2455,0.2475,0.2455,1
1.2392,0,1.2392,0,0,1.8587,0,0,1.8587,0.6196,0.6196,0,0,0,0.6196,0.6196,0,0,0,0.6196,0.0001,0,0.0001,0,0,0.0002,0,0,0.0002,0.0001,0.0001,0,0,0,0.0001,0.0001,0,0,0,0.0001,0.2071,0.1734,0.2071,0.1734,1
1.8424,0.6141,0,0.6141,0,1.2283,1.2283,0,3.0707,0,0,0,2.4566,0,0,0,2.4566,0.6141,0,0,0.0002,0.0001,0,0.0001,0,0.0001,0.0001,0,0.0003,0,0,0,0.0003,0,0,0,0.0003,0.0001,0,0,0.2157,0.1702,0.2157,0.1702,1
0.6683,0,0,0,0.6683,0.6683,0,0.6683,0.6683,0,0,1.3366,1.3366,0.6683,0.6683,2.005,0.6683,0,1.3366,0,0.0001,0,0,0,0.0001,0.0001,0,0.0001,0.0001,0,0,0.0001,0.0001,0.0001,0.0001,0.0002,0.0001,0,0.0001,0,0.1657,0.166,0.1657,0.166,1
0,0,0,0,0.5724,0,0,0.5724,1.1449,0,2.8622,0,2.8622,0,4.5795,0,0,1.7173,1.1449,0.5724,0,0,0,0,0.0001,0,0,0.0001,0.0001,0,0.0004,0,0.0004,0,0.0006,0,0,0.0002,0.0001,0.0001,0.2015,0.226,0.2015,0.226,1
1.2006,0.6003,0.6003,1.2006,0.6003,1.8008,0.6003,0,0,0.6003,2.4011,0.6003,0,0,1.2006,0.6003,0.6003,0,0,0,0.0001,0,0,0.0001,0,0.0001,0,0,0,0,0.0002,0,0,0,0.0001,0,0,0,0,0,0.2418,0.1579,0.2418,0.1579,1
0.6163,1.2326,0,0.6163,0.6163,1.2326,0.6163,0,0,1.8489,0.6163,0,0.6163,0,4.3141,0.6163,1.8489,2.4652,0,0,0,0.0001,0,0,0,0.0001,0,0,0,0.0001,0,0,0,0,0.0002,0,0.0001,0.0001,0,0,0.2094,0.1743,0.2094,0.1743,1
3.305,0,0,0,0,1.6525,0.8262,0.8262,0,0.8262,0,0,0,0.8262,0,0.8262,0,0,0,0,0.0006,0,0,0,0,0.0003,0.0002,0.0002,0,0.0002,0,0,0,0.0002,0,0.0002,0,0,0,0,0.0869,0.0868,0.0869,0.0868,1
0,0,0,0,1.646,0,0,1.646,0.823,0,0,0.823,0,0,0.823,0,1.646,0.823,0,0.823,0,0,0,0,0.0003,0,0,0.0003,0.0002,0,0,0.0002,0,0,0.0002,0,0.0003,0.0002,0,0.0002,0.0952,0.0819,0.0952,0.0819,1
0,0,0,0.5795,0,0.5795,0,1.159,0.5795,1.159,0,1.159,0.5795,0,1.7385,0,0.5795,0.5795,0.5795,0,0,0,0,0.0001,0,0.0001,0,0.0001,0.0001,0.0001,0,0.0001,0.0001,0,0.0002,0,0.0001,0.0001,0.0001,0,0.2027,0.2178,0.2027,0.2178,1
1.8335,0,0.9168,0.9168,0.4584,0.4584,1.8335,1.3751,0.4584,1.3751,0.9168,0,0,0,0,0.4584,0.9168,0.9168,0.4584,0.4584,0.0001,0,0.0001,0.0001,0,0,0.0001,0.0001,0,0.0001,0.0001,0,0,0,0,0,0.0001,0.0001,0,0,0.27,0.2716,0.27,0.2716,1
1.1019,0.5509,0.5509,1.1019,0.5509,0,0.5509,0.5509,0.5509,2.2038,0,1.1019,1.1019,0.5509,0.5509,1.1019,0.5509,0,0,0.5509,0.0001,0,0,0.0001,0,0,0,0,0,0.0002,0,0.0001,0.0001,0,0,0.0001,0,0,0,0,0.2295,0.2195,0.2295,0.2195,1
0.7588,0,0,0.7588,1.5176,0,0,0.7588,0.7588,2.2764,0,0,0,0,0,0.7588,0,1.5176,0.7588,0.7588,0.0001,0,0,0.0001,0.0002,0,0,0.0001,0.0001,0.0003,0,0,0,0,0,0.0001,0,0.0002,0.0001,0.0001,0.1698,0.0714,0.1698,0.0714,1
1.0994,0.5497,0.5497,0.5497,0,0.5497,1.0994,1.0994,0.5497,1.0994,0.5497,1.6491,0,0,0.5497,0.5497,0.5497,0.5497,0,0.5497,0.0001,0,0,0,0,0,0.0001,0.0001,0,0.0001,0,0.0001,0,0,0,0,0,0,0,0,0.2163,0.234,0.2163,0.234,1
1.1196,0,0,0,0,0.5598,1.1196,1.1196,1.1196,2.2392,0,1.1196,1.1196,0.5598,0.5598,0.5598,0,2.799,0,0,0.0001,0,0,0,0,0,0.0001,0.0001,0.0001,0.0002,0,0.0001,0.0001,0,0,0,0,0.0002,0,0,0.2292,0.211,0.2292,0.211,1
1.5066,0,1.0044,0,1.0044,0.5022,0,1.0044,1.5066,0.5022,1.0044,0,0.5022,1.0044,1.0044,0,0,0.5022,0.5022,0,0.0001,0,0.0001,0,0.0001,0,0,0.0001,0.0001,0,0.0001,0,0,0.0001,0.0001,0,0,0,0,0,0.2476,0.2502,0.2476,0.2502,1
0,0.5225,0,0,0.5225,0,0,0.5225,1.0449,1.5674,0,0,0,0,2.0899,1.0449,0,0.5225,1.5674,0,0,0,0,0,0,0,0,0,0.0001,0.0001,0,0,0,0,0.0002,0.0001,0,0,0.0001,0,0.2383,0.2393,0.2383,0.2393,1
2.7392,2.0544,1.3696,0.6848,0.6848,0,0.6848,0.6848,1.3696,0.6848,0,0,0.6848,0,0,0,0,1.3696,0,0.6848,0.0001,0.0001,0.0001,0,0,0,0,0,0.0001,0,0,0,0,0,0,0,0,0.0001,0,0,0.1308,0.1844,0.1308,0.1844,1
0,0,0,0,1.7329,0,0,0,3.4658,4.3323,0,0,0.8665,0,0,0,0,0.8665,0,0,0,0,0,0,0.0005,0,0,0,0.001,0.0012,0,0,0.0002,0,0,0,0,0.0002,0,0,0.0509,0.0826,0.0509,0.0826,1
0.4588,0.9177,1.8354,0.4588,0,0.4588,0,0.4588,0.9177,0,0.9177,0.4588,1.3765,0.4588,0.9177,0,1.3765,0,0.9177,0.9177,0,0.0001,0.0001,0,0,0,0,0,0.0001,0,0.0001,0,0.0001,0,0.0001,0,0.0001,0,0.0001,0.0001,0.2854,0.2557,0.2854,0.2557,1
0.6126,0,1.2252,0,0,1.8378,0,0,0.6126,3.063,0,0.6126,0.6126,0.6126,0,0.6126,0.6126,0.6126,0.6126,0.6126,0,0,0.0001,0,0,0.0001,0,0,0,0.0002,0,0,0,0,0,0,0,0,0,0,0.1865,0.2009,0.1865,0.2009,1
0,0,0,0,0.6815,3.4076,1.363,0,0,0.6815,0,0.6815,0,0.6815,0,0,0,0.6815,0,0.6815,0,0,0,0,0.0001,0.0004,0.0002,0,0,0.0001,0,0.0001,0,0.0001,0,0,0,0.0001,0,0.0001,0.1893,0.1292,0.1893,0.1292,1
1.5953,0,0,1.0635,0.5318,0,0,0.5318,1.0635,0,2.127,1.0635,0.5318,0,2.127,0,1.5953,0.5318,0,1.0635,0.0002,0,0,0.0001,0.0001,0,0,0.0001,0.0001,0,0.0002,0.0001,0.0001,0,0.0002,0,0.0002,0.0001,0,0.0001,0.2439,0.2244,0.2439,0.2244,1
0,0,1.0029,0.5015,1.0029,0,0.5015,1.0029,0.5015,2.5073,0.5015,0.5015,3.0087,0,1.0029,0,0.5015,1.0029,0.5015,0.5015,0,0,0.0001,0.0001,0.0001,0,0.0001,0.0001,0.0001,0.0003,0.0001,0.0001,0.0003,0,0.0001,0,0.0001,0.0001,0.0001,0.0001,0.2764,0.2221,0.2764,0.2221,1
0.6128,0,0.6128,0.6128,1.2256,0,0,1.2256,0,0,0,0,0,0,1.8384,0.6128,1.2256,0,0.6128,0.6128,0.0001,0,0.0001,0.0001,0.0001,0,0,0.0001,0,0,0,0,0,0,0.0002,0.0001,0.0001,0,0.0001,0.0001,0.2224,0.1648,0.2224,0.1648,1
0.5399,1.6197,1.6197,0,0.5399,1.0798,0,1.6197,1.0798,0.5399,0.5399,0,1.6197,0,0.5399,0.5399,1.0798,1.6197,0,0.5399,0,0.0001,0.0001,0,0,0.0001,0,0.0001,0.0001,0,0,0,0.0001,0,0,0,0.0001,0.0001,0,0,0.2164,0.2437,0.2164,0.2437,1
2.2157,1.6617,0,1.1078,1.1078,1.6617,1.1078,0.5539,0.5539,0,1.6617,0.5539,1.1078,0,0,1.1078,0.5539,0.5539,0,1.1078,0.0001,0.0001,0,0.0001,0.0001,0.0001,0.0001,0,0,0,0.0001,0,0.0001,0,0,0.0001,0,0,0,0.0001,0.2087,0.2374,0.2087,0.2374,1
1.4534,0,0.7267,0,0,2.1801,0,0.7267,0.7267,3.6335,0,0,0,0,0,0,0,2.9068,0,0,0.0001,0,0.0001,0,0,0.0002,0,0.0001,0.0001,0.0003,0,0,0,0,0,0,0,0.0003,0,0,0.168,0.1053,0.168,0.1053,1
0.4979,0.9959,0,0.9959,0,0,0,0.4979,2.4897,0.4979,1.9918,0.9959,0.9959,0.4979,1.4938,0,0,1.9918,0,0,0,0.0001,0,0.0001,0,0,0,0,0.0002,0,0.0001,0.0001,0.0001,0,0.0001,0,0,0.0001,0,0,0.3101,0.192,0.3101,0.192,1
1.3834,0,0,0,0,0,0.6917,0.6917,0.6917,2.7667,0,1.3834,0,0.6917,0.6917,0,0.6917,0.6917,0,0,0.0002,0,0,0,0,0,0.0001,0.0001,0.0001,0.0003,0,0.0002,0,0.0001,0.0001,0,0.0001,0.0001,0,0,0.1549,0.1535,0.1549,0.1535,1
0,0,0.4037,3.2298,0,0,0,1.2112,2.4224,0.4037,0.4037,0,0,0.8075,0.4037,0.8075,0.8075,0,0.8075,0.4037,0,0,0,0.0003,0,0,0,0.0001,0.0002,0,0,0,0,0.0001,0,0.0001,0.0001,0,0.0001,0,0.2722,0.3241,0.2722,0.3241,1
0.6018,0.6018,0,0,1.2035,3.0088,1.2035,0,1.2035,1.2035,0.6018,0,0.6018,0,0,0,1.8053,0.6018,0,0,0.0001,0.0001,0,0,0.0001,0.0003,0.0001,0,0.0001,0.0001,0.0001,0,0.0001,0,0,0,0.0002,0.0001,0,0,0.2074,0.1908,0.2074,0.1908,1
0.6298,0,0,0,0,0,0.6298,0.6298,0,0,0,0,0.6298,0,1.2595,1.2595,1.2595,1.2595,0.6298,1.2595,0.0001,0,0,0,0,0,0.0001,0.0001,0,0,0,0,0.0001,0,0.0002,0.0002,0.0002,0.0002,0.0001,0.0002,0.1941,0.1761,0.1941,0.1761,1
2.1359,0.4272,0,0,0.8544,0,0,0.8544,1.7087,0.4272,0,0,0,0,2.9903,0,0,0.4272,0,0,0.0002,0,0,0,0.0001,0,0,0.0001,0.0002,0,0,0,0,0,0.0003,0,0,0,0,0,0.2627,0.3102,0.2627,0.3102,1
0.8226,0,0,0,0,1.6452,0,0,3.2904,0.8226,0,0,0,0,0,0,0,3.2904,0,0.8226,0.0002,0,0,0,0,0.0003,0,0,0.0007,0.0002,0,0,0,0,0,0,0,0.0007,0,0.0002,0.0755,0.102,0.0755,0.102,1
4.7722,0,0,0,0,0,0,0,1.5907,3.1815,0,0,1.5907,0.7954,1.5907,0,0,2.3861,0,0,0.0006,0,0,0,0,0,0,0,0.0002,0.0004,0,0,0.0002,0.0001,0.0002,0,0,0.0003,0,0,0.0883,0.1163,0.0883,0.1163,1
1.5458,0,0,0,1.5458,0,0,1.5458,0.7729,1.5458,0.7729,1.5458,0,0,0,0,0,0,0,0.7729,0.0002,0,0,0,0.0002,0,0,0.0002,0.0001,0.0002,0.0001,0.0002,0,0,0,0,0,0,0,0.0001,0.1159,0.1112,0.1159,0.1112,1
0,0.5738,0.5738,0.5738,1.1476,0.5738,0,0,1.1476,1.1476,1.1476,0.5738,0.5738,0,0.5738,1.1476,1.1476,0.5738,0,0,0,0.0001,0.0001,0.0001,0.0001,0.0001,0,0,0.0001,0.0001,0.0001,0.0001,0.0001,0,0.0001,0.0001,0.0001,0.0001,0,0,0.2047,0.2215,0.2047,0.2215,1
1.5245,0,0,0,0,0,0.7623,0,3.049,1.5245,0,0,0,0,0,0,0.7623,1.5245,0,0.7623,0.0003,0,0,0,0,0,0.0002,0,0.0007,0.0003,0,0,0,0,0,0,0.0002,0.0003,0,0.0002,0.1012,0.1365,0.1012,0.1365,1
0.625,0.625,0,0.625,0,0.625,1.25,1.25,0,0.625,0.625,0,0,1.25,0.625,1.25,1.25,0,0,1.25,0.0001,0.0001,0,0.0001,0,0.0001,0.0001,0.0001,0,0.0001,0.0001,0,0,0.0001,0.0001,0.0001,0.0001,0,0,0.0001,0.2123,0.1627,0.2123,0.1627,1
0.621,0,0.621,0,0,0.621,1.242,0,0.621,1.242,1.242,1.863,1.863,0.621,0.621,0,0,1.863,0,0.621,0,0,0,0,0,0,0.0001,0,0,0.0001,0.0001,0.0001,0.0001,0,0,0,0,0.0001,0,0,0.171,0.208,0.171,0.208,1
0.5754,0,0,0,0,0.5754,0,0,0.5754,1.1508,1.1508,0,2.3016,0,1.7262,1.7262,0.5754,0,0,1.7262,0.0001,0,0,0,0,0.0001,0,0,0.0001,0.0001,0.0001,0,0.0002,0,0.0002,0.0002,0.0001,0,0,0.0002,0.2659,0.1587,0.2659,0.1587,1
0,1.6713,1.6713,0.5571,0,0,0,0,0.5571,0.5571,2.2284,0.5571,0.5571,0,0,2.2284,1.1142,1.1142,0,1.1142,0,0.0001,0.0001,0,0,0,0,0,0,0,0.0001,0,0,0,0,0.0001,0.0001,0.0001,0,0.0001,0.2352,0.2077,0.2352,0.2077,1
0.8229,0,0,0.8229,0.8229,0,0,0,0,1.6458,0,0.8229,0.8229,0.8229,0,0,0.8229,1.6458,0,0,0.0001,0,0,0.0001,0.0001,0,0,0,0,0.0003,0,0.0001,0.0001,0.0001,0,0,0.0001,0.0003,0,0,0.0863,0.0908,0.0863,0.0908,1
0.6352,0,0,0,0.6352,0,0,1.9055,1.9055,0.6352,0,0,0,0,0.6352,0.6352,0,0.6352,0,0.6352,0.0001,0,0,0,0.0001,0,0,0.0003,0.0003,0.0001,0,0,0,0,0.0001,0.0001,0,0.0001,0,0.0001,0.1625,0.2024,0.1625,0.2024,1
0.4297,0,1.719,0.4297,0,1.2892,0.4297,0.8595,0.8595,0.8595,0,0.4297,0,0,2.1487,0.4297,0.4297,0.8595,0,0.4297,0,0,0.0002,0,0,0.0001,0,0.0001,0.0001,0.0001,0,0,0,0,0.0002,0,0,0.0001,0,0,0.2553,0.315,0.2553,0.315,1
1.4311,0,0,0,0.7155,0.7155,0,0,0.7155,2.1466,0,0,0,0,0.7155,0.7155,0.7155,0,0.7155,0,0.0002,0,0,0,0.0001,0.0001,0,0,0.0001,0.0003,0,0,0,0,0.0001,0.0001,0.0001,0,0.0001,0,0.1423,0.1422,0.1423,0.1422,1
0,0,0.4096,3.6868,0,0,0,1.2289,2.4579,0.4096,0.4096,0,0,0.8193,0.4096,0.4096,0.8193,0,0.8193,0.4096,0,0,0,0.0003,0,0,0,0.0001,0.0002,0,0,0,0,0.0001,0,0,0.0001,0,0.0001,0,0.2568,0.3336,0.2568,0.3336,1
0,0,0,0,0,0,0,0,2.8271,0,0.7068,0,0.7068,2.1203,4.2407,0,0.7068,0.7068,0,0,0,0,0,0,0,0,0,0,0.0008,0,0.0002,0,0.0002,0.0006,0.0013,0,0.0002,0.0002,0,0,0.1638,0.1294,0.1638,0.1294,1
8.9095,0.6364,0.6364,0,0,0.6364,0,0.6364,1.9092,0,0,0,0,0,0,0.6364,1.2728,1.2728,0.6364,0.6364,0.0006,0,0,0,0,0,0,0,0.0001,0,0,0,0,0,0,0,0.0001,0.0001,0,0,0.1785,0.1851,0.1785,0.1851,1
1.5042,0,0,0,0.5014,0,1.0028,1.0028,2.0056,2.0056,1.0028,0.5014,0.5014,0,1.5042,0.5014,0.5014,1.5042,0,0,0.0001,0,0,0,0,0,0.0001,0.0001,0.0002,0.0002,0.0001,0,0,0,0.0001,0,0,0.0001,0,0,0.2704,0.2282,0.2704,0.2282,1
2.7749,0,0.555,1.1099,0.555,0,0.555,0,0,0.555,0.555,0,0,0,1.6649,0,1.1099,0.555,0,0,0.0004,0,0.0001,0.0002,0.0001,0,0.0001,0,0,0.0001,0.0001,0,0,0,0.0002,0,0.0002,0.0001,0,0,0.1926,0.2524,0.1926,0.2524,1
0.8521,0,0,0,3.4082,0,0,1.7041,3.4082,2.5562,0,0,0,0,0,0,0,0,0.8521,0,0.0002,0,0,0,0.001,0,0,0.0005,0.001,0.0007,0,0,0,0,0,0,0,0,0.0002,0,0.0605,0.0875,0.0605,0.0875,1
1.2459,0.623,0.623,0,1.2459,0.623,0.623,0,0.623,3.1148,0.623,1.2459,1.2459,0.623,0,0,1.8689,1.2459,0,0,0.0001,0,0,0,0.0001,0,0,0,0,0.0002,0,0.0001,0.0001,0,0,0,0.0001,0.0001,0,0,0.2117,0.1653,0.2117,0.1653,1
0.6919,0.6919,0.6919,0,0,0,0.6919,0,1.3837,0.6919,0,0.6919,0.6919,0.6919,0,0,1.3837,0,0,0.6919,0.0001,0.0001,0.0001,0,0,0,0.0001,0,0.0001,0.0001,0,0.0001,0.0001,0.0001,0,0,0.0001,0,0,0.0001,0.159,0.1491,0.159,0.1491,1
1.5911,0,0.5304,0,1.5911,2.6518,0.5304,0.5304,0,1.5911,0,0,0.5304,0.5304,0.5304,1.5911,1.5911,1.0607,1.0607,0,0.0001,0,0,0,0.0001,0.0002,0,0,0,0.0001,0,0,0,0,0,0.0001,0.0001,0.0001,0.0001,0,0.2477,0.222,0.2477,0.222,1
1.5871,1.0581,0,0,0.529,1.0581,0.529,0.529,1.0581,0,0.529,0.529,0.529,0,1.0581,1.5871,1.0581,1.5871,0,0.529,0.0001,0.0001,0,0,0,0.0001,0,0,0.0001,0,0,0,0,0,0.0001,0.0001,0.0001,0.0001,0,0,0.2088,0.2621,0.2088,0.2621,1
2.6049,0,0.6512,1.3025,0.6512,2.6049,0.6512,1.3025,0,1.3025,0.6512,0,0,0,0,0.6512,0.6512,0.6512,0,0,0.0002,0,0.0001,0.0001,0.0001,0.0002,0.0001,0.0001,0,0.0001,0.0001,0,0,0,0,0.0001,0.0001,0.0001,0,0,0.1775,0.1713,0.1775,0.1713,1
4.0729,0.5818,0,0.5818,1.1637,0.5818,0,0.5818,1.1637,0.5818,2.9092,1.1637,0,0,0,1.1637,0.5818,2.3274,0,0,0.0002,0,0,0,0.0001,0,0,0,0.0001,0,0.0002,0.0001,0,0,0,0.0001,0,0.0001,0,0,0.2027,0.2155,0.2027,0.2155,1
0.6487,0.6487,1.9461,0.6487,0,0.6487,0,1.2974,0,0,0.6487,0.6487,0.6487,0,0,0,1.2974,0,0,0.6487,0.0001,0.0001,0.0002,0.0001,0,0.0001,0,0.0001,0,0,0.0001,0.0001,0.0001,0,0,0,0.0001,0,0,0.0001,0.1711,0.1802,0.1711,0.1802,1
3.6125,0,0,0,0,0,0,0.7225,2.1675,2.1675,0.7225,0,0,0,1.445,0,0,2.1675,0,0.7225,0.0006,0,0,0,0,0,0,0.0001,0.0003,0.0003,0.0001,0,0,0,0.0002,0,0,0.0003,0,0.0001,0.1339,0.1436,0.1339,0.1436,1
1.8247,0,0,0,1.8247,0.9123,0,0.4562,2.2808,1.3685,0,0,0,0,1.3685,0,0,0,0,0.4562,0.0002,0,0,0,0.0002,0.0001,0,0,0.0002,0.0001,0,0,0,0,0.0001,0,0,0,0,0,0.2531,0.2908,0.2531,0.2908,1
0,0.5766,0.5766,0.5766,0.5766,0,0,1.1531,0.5766,1.1531,0,1.7297,0,0.5766,0,1.1531,0.5766,0.5766,1.7297,0,0,0,0,0,0,0,0,0.0001,0,0.0001,0,0.0001,0,0,0,0.0001,0,0,0.0001,0,0.2011,0.2224,0.2011,0.2224,1
1.1881,1.1881,0.5941,0,1.1881,1.1881,0,0,0,0,0.5941,0.5941,1.1881,0,3.5644,0,0.5941,0,0,0.5941,0.0001,0.0001,0,0,0.0001,0.0001,0,0,0,0,0,0,0.0001,0,0.0003,0,0,0,0,0,0.1615,0.2444,0.1615,0.2444,1
1.6978,0,0.5659,0.5659,0.5659,1.6978,0.5659,0.5659,0.5659,2.2637,2.2637,0.5659,2.2637,0,0,1.1319,1.1319,0,0,0.5659,0.0001,0,0,0,0,0.0001,0,0,0,0.0002,0.0002,0,0.0002,0,0,0.0001,0.0001,0,0,0,0.2341,0.2,0.2341,0.2,1
1.4278,0.7139,1.4278,0.7139,0,0,0,0,0.7139,0.7139,0,0.7139,0,0,0,0,0.7139,0.7139,0,0,0.0001,0.0001,0.0001,0.0001,0,0,0,0,0.0001,0.0001,0,0.0001,0,0,0,0,0.0001,0.0001,0,0,0.1748,0.1113,0.1748,0.1113,1
0,0.6288,1.2576,1.2576,0.6288,0,0.6288,0.6288,1.2576,0.6288,0,0.6288,0,0,0.6288,0,0.6288,0.6288,0,0,0,0.0001,0.0001,0.0001,0.0001,0,0.0001,0.0001,0.0001,0.0001,0,0.0001,0,0,0.0001,0,0.0001,0.0001,0,0,0.2172,0.154,0.2172,0.154,1
1.1923,0,0,0,2.3846,0.5961,0,0.5961,1.1923,2.3846,0.5961,0.5961,0.5961,0,0.5961,0.5961,0.5961,0,0,0,0.0001,0,0,0,0.0002,0.0001,0,0.0001,0.0001,0.0002,0.0001,0.0001,0.0001,0,0.0001,0.0001,0.0001,0,0,0,0.2298,0.1741,0.2298,0.1741,1
0,0,0,0,0,0,0,0,0,0.7243,0,0,3.6213,0,0.7243,0,0,0,3.6213,0,0,0,0,0,0,0,0,0,0,0.0001,0,0,0.0004,0,0.0001,0,0,0,0.0004,0,0.1645,0.1112,0.1645,0.1112,1
1.6688,0,0,0,0.8344,0.8344,0,0,3.3376,0.8344,0,0,0,0,0,0,0.8344,2.5032,0,0,0.0004,0,0,0,0.0002,0.0002,0,0,0.0007,0.0002,0,0,0,0,0,0,0.0002,0.0005,0,0,0.0612,0.1044,0.0612,0.1044,1
0,0.88,0.44,1.3201,0.88,0,0.44,0.44,0.88,2.2001,0,0,0.88,0.44,1.3201,0.44,0,1.7601,0,0,0,0.0001,0,0.0001,0.0001,0,0,0,0.0001,0.0001,0,0,0.0001,0,0.0001,0,0,0.0001,0,0,0.3156,0.2444,0.3156,0.2444,1
1.5684,0,0.7842,0,0,0,0,0,3.1369,0.7842,0,0,0,0,0,0,0.7842,3.1369,0,0,0.0003,0,0.0002,0,0,0,0,0,0.0006,0.0002,0,0,0,0,0,0,0.0002,0.0006,0,0,0.0861,0.1297,0.0861,0.1297,1
3.8628,0,0,1.5451,0,0,0.7726,0,0,0,1.5451,0.7726,0.7726,0,0,0,3.0903,1.5451,0,0,0.0006,0,0,0.0002,0,0,0.0001,0,0,0,0.0002,0.0001,0.0001,0,0,0,0.0005,0.0002,0,0,0.0893,0.1382,0.0893,0.1382,1
0.5281,0.5281,0,0,1.0562,0,0,0,2.1125,0.5281,0.5281,0.5281,0.5281,0.5281,1.5843,0,0,0,1.0562,0,0.0001,0.0001,0,0,0.0001,0,0,0,0.0002,0.0001,0.0001,0.0001,0.0001,0.0001,0.0002,0,0,0,0.0001,0,0.2702,0.2017,0.2702,0.2017,1
1.6361,1.6361,2.1815,0.5454,0,1.6361,0.5454,0,0.5454,0.5454,0.5454,0,0,0,1.6361,0,0.5454,0,0.5454,0,0.0001,0.0001,0.0001,0,0,0.0001,0,0,0,0,0,0,0,0,0.0001,0,0,0,0,0,0.2158,0.2388,0.2158,0.2388,1
1.1553,0,1.1553,0,1.7329,0.5776,0,0.5776,1.1553,0.5776,0,0,0,0,0.5776,0,0,0.5776,0,0,0.0001,0,0.0001,0,0.0002,0.0001,0,0.0001,0.0001,0.0001,0,0,0,0,0.0001,0,0,0.0001,0,0,0.1829,0.2394,0.1829,0.2394,1
0.9825,0,0,0.9825,0,0.9825,0.4912,0.9825,0.9825,1.9649,0.9825,1.4737,0,1.4737,0.4912,0.4912,0.9825,0.4912,0,0,0.0001,0,0,0.0001,0,0.0001,0,0.0001,0.0001,0.0002,0.0001,0.0001,0,0.0001,0,0,0.0001,0,0,0,0.2494,0.2594,0.2494,0.2594,1
0,0.9124,0.9124,0.9124,0,0.4562,0,0.9124,0.9124,1.8248,0.9124,1.8248,0,0.4562,0.4562,0,0.4562,0.9124,0,0.9124,0,0,0,0,0,0,0,0,0,0.0001,0,0.0001,0,0,0,0,0,0,0,0,0.2797,0.264,0.2797,0.264,1
1.756,0,0,0,0.878,0,0,3.512,0,0,1.756,1.756,0,0.878,0,0,0,0,0,0.878,0.0002,0,0,0,0.0001,0,0,0.0004,0,0,0.0002,0.0002,0,0.0001,0,0,0,0,0,0.0001,0.0645,0.0575,0.0645,0.0575,1
1.0928,0.5464,0,0,0.5464,1.6392,0.5464,1.0928,1.0928,0.5464,0,0,0.5464,0,1.0928,0,0,1.6392,0.5464,0.5464,0.0001,0,0,0,0,0.0001,0,0.0001,0.0001,0,0,0,0,0,0.0001,0,0,0.0001,0,0,0.2352,0.2184,0.2352,0.2184,1
1.5283,0,0,0,0.7641,0,0,0.7641,0.7641,2.2924,0,0.7641,0,0,0.7641,0,0,0.7641,0,0.7641,0.0003,0,0,0,0.0001,0,0,0.0001,0.0001,0.0004,0,0.0001,0,0,0.0001,0,0,0.0001,0,0.0001,0.1512,0.0847,0.1512,0.0847,1
2.813,0,0.5626,1.1252,0,0,0.5626,0,0,1.1252,0.5626,0,0,0,1.6878,0,1.6878,0,0,0,0.0004,0,0.0001,0.0002,0,0,0.0001,0,0,0.0002,0.0001,0,0,0,0.0003,0,0.0003,0,0,0,0.1843,0.2531,0.1843,0.2531,1
0,0,0,0,0,0,3.0684,0.6137,0,1.8411,0,0,0,0,0.6137,0,0.6137,0.6137,1.2274,0,0,0,0,0,0,0,0.0005,0.0001,0,0.0003,0,0,0,0,0.0001,0,0.0001,0.0001,0.0002,0,0.1581,0.2282,0.1581,0.2282,1
0,0.8404,0.8404,0,0.8404,0,0,1.6807,0,0.8404,0.8404,0,0.8404,0,0,1.6807,0,0,0,0,0,0.0001,0.0001,0,0.0001,0,0,0.0002,0,0.0001,0.0001,0,0.0001,0,0,0.0002,0,0,0,0,0.0935,0.0661,0.0935,0.0661,1
0,0,0,0,0,0.5633,0.5633,1.1267,0.5633,4.5068,0,0,4.5068,0,2.2534,1.1267,0,0.5633,0,0.5633,0,0,0,0,0,0.0001,0.0001,0.0001,0.0001,0.0005,0,0,0.0005,0,0.0002,0.0001,0,0.0001,0,0.0001,0.1994,0.2373,0.1994,0.2373,1
0,0,0.6987,0,0,1.3975,0,0,0.6987,0.6987,0,0.6987,3.4936,0,0.6987,1.3975,0,2.0962,0,0,0,0,0.0001,0,0,0.0002,0,0,0.0001,0.0001,0,0.0001,0.0004,0,0.0001,0.0002,0,0.0002,0,0,0.1978,0.1035,0.1978,0.1035,1
0.7018,0,0,0,0,0,0,2.1055,0.7018,0.7018,0.7018,0.7018,0,0.7018,0.7018,0,0,0,0,1.4036,0.0001,0,0,0,0,0,0,0.0003,0.0001,0.0001,0.0001,0.0001,0,0.0001,0.0001,0,0,0,0,0.0002,0.1538,0.1444,0.1538,0.1444,1
1.6736,0,0,0,0,0,0,0,3.3472,0,0,0,0.8368,0,0,0,0.8368,3.3472,0,0.8368,0.0004,0,0,0,0,0,0,0,0.0008,0,0,0,0.0002,0,0,0,0.0002,0.0008,0,0.0002,0.0602,0.103,0.0602,0.103,1
1.3061,0.653,1.3061,0,1.3061,1.3061,0,0.653,0,1.3061,0,0,0.653,0,0.653,0,1.9591,0.653,0,0,0.0001,0,0.0001,0,0.0001,0.0001,0,0,0,0.0001,0,0,0,0,0,0,0.0001,0,0,0,0.2001,0.1469,0.2001,0.1469,1
0,1.8767,0.6256,0.6256,0.6256,0,0,0.6256,1.2511,0,1.2511,0.6256,1.2511,0,0,0.6256,3.1279,2.5023,0,0,0,0.0001,0,0,0,0,0,0,0.0001,0,0.0001,0,0.0001,0,0,0,0.0002,0.0001,0,0,0.1849,0.1895,0.1849,0.1895,1
1.9949,0,0,1.4962,0.4987,0.4987,0,0.4987,1.4962,1.9949,0,0.4987,0.4987,0.4987,0.4987,0.4987,0.4987,0,0,1.4962,0.0002,0,0,0.0002,0.0001,0.0001,0,0.0001,0.0002,0.0002,0,0.0001,0.0001,0.0001,0.0001,0.0001,0.0001,0,0,0.0002,0.2387,0.2625,0.2387,0.2625,1
2.9107,0,0.7277,0,1.4554,0,0,0,0.7277,1.4554,0.7277,0,0,0,0,1.4554,0,0,0,0,0.0003,0,0.0001,0,0.0001,0,0,0,0.0001,0.0001,0.0001,0,0,0,0,0.0001,0,0,0,0,0.1408,0.1315,0.1408,0.1315,1
1.2711,0,0,1.2711,1.9067,0,0,0.6356,1.2711,0.6356,0.6356,0.6356,2.5422,0,0,0.6356,0,1.2711,0,0,0.0001,0,0,0.0001,0.0002,0,0,0.0001,0.0001,0.0001,0.0001,0.0001,0.0003,0,0,0.0001,0,0.0001,0,0,0.2214,0.143,0.2214,0.143,1
1.1838,1.1838,0.5919,0,0,1.1838,1.1838,0.5919,0.5919,0,1.7757,1.1838,0,0.5919,0.5919,0.5919,0,1.1838,0,0,0.0001,0.0001,0,0,0,0.0001,0.0001,0,0,0,0.0001,0.0001,0,0,0,0,0,0.0001,0,0,0.182,0.2261,0.182,0.2261,1
2.7335,0.6834,0,0.6834,0.6834,0.6834,0,0.6834,1.3667,0,0,0,1.3667,0,0,0,0,0,0,0,0.0003,0.0001,0,0.0001,0.0001,0.0001,0,0.0001,0.0001,0,0,0,0.0001,0,0,0,0,0,0,0,0.1823,0.1343,0.1823,0.1343,1
0,1.1371,0,0,0,0,0.5686,1.1371,1.7057,0,1.7057,0,0,0.5686,3.9799,0.5686,0,3.9799,0.5686,0,0,0.0001,0,0,0,0,0,0.0001,0.0001,0,0.0001,0,0,0,0.0003,0,0,0.0003,0,0,0.2183,0.2131,0.2183,0.2131,1
0,0.5165,1.0331,0,0,0.5165,0,0,0.5165,2.5827,0.5165,0,0,0,1.5496,0,1.0331,1.0331,0,0.5165,0,0,0.0001,0,0,0,0,0,0,0.0002,0,0,0,0,0.0001,0,0.0001,0.0001,0,0,0.2411,0.2424,0.2411,0.2424,1
1.8584,0.9292,0,0,1.8584,0.4646,0,0,2.323,0.4646,0,0,0,0,1.8584,0,0.9292,0,0,0,0.0001,0.0001,0,0,0.0001,0,0,0,0.0002,0,0,0,0,0,0.0001,0,0.0001,0,0,0,0.2297,0.3057,0.2297,0.3057,1
0.4222,0,0.8444,0.8444,0.8444,0.4222,0,0.4222,1.2666,1.6887,0.4222,0,0.4222,0.4222,2.1109,0.4222,0.4222,0.4222,0,0,0,0,0.0001,0.0001,0.0001,0,0,0,0.0001,0.0002,0,0,0,0,0.0002,0,0,0,0,0,0.2944,0.2835,0.2944,0.2835,1
1.3211,0.6606,0,0,0,0,0.6606,0.6606,1.3211,0,2.6422,1.3211,1.3211,0,0.6606,0.6606,1.3211,0,0,0.6606,0.0001,0,0,0,0,0,0,0,0.0001,0,0.0002,0.0001,0.0001,0,0,0,0.0001,0,0,0,0.2031,0.1363,0.2031,0.1363,1
0.5886,0.5886,1.7659,0,0.5886,0,0,1.1772,0,0.5886,0,0,0,0,0.5886,0.5886,0,0,1.7659,0,0,0,0.0001,0,0,0,0,0.0001,0,0,0,0,0,0,0,0,0,0,0.0001,0,0.1916,0.2198,0.1916,0.2198,1
0.9934,0.9934,0.9934,0,0,1.4901,0.4967,0,0.9934,1.9868,1.9868,0,0,0,1.4901,0,0.4967,0.9934,0.9934,0,0.0001,0.0001,0.0001,0,0,0.0001,0,0,0.0001,0.0001,0.0001,0,0,0,0.0001,0,0,0.0001,0.0001,0,0.2579,0.2454,0.2579,0.2454,1
0.978,1.467,1.467,0.489,1.467,0,0,0,0.489,1.467,0,1.467,0.978,0.489,1.467,0,0.489,0.489,0,0.489,0.0001,0.0001,0.0001,0,0.0001,0,0,0,0,0.0001,0,0.0001,0.0001,0,0.0001,0,0,0,0,0,0.2316,0.2794,0.2316,0.2794,1
0.5561,0.5561,0.5561,0,0.5561,0.5561,0.5561,1.6682,1.1121,0,2.7803,0,0.5561,0,2.7803,0,1.1121,1.1121,0,1.1121,0,0,0,0,0,0,0,0.0001,0.0001,0,0.0002,0,0,0,0.0002,0,0.0001,0.0001,0,0.0001,0.1899,0.2541,0.1899,0.2541,1
0,0.5179,1.5536,0.5179,0.5179,0,0,0,0.5179,2.5894,0,0,0,0,0.5179,1.0358,0.5179,0,1.5536,0,0,0,0.0001,0,0,0,0,0,0,0.0001,0,0,0,0,0,0.0001,0,0,0.0001,0,0.244,0.2382,0.244,0.2382,1
2.3364,0.7788,0,0.7788,0,0.7788,0,0,0.7788,1.5576,0,0,0,0,0,0,0,0.7788,0,0,0.0002,0.0001,0,0.0001,0,0.0001,0,0,0.0001,0.0001,0,0,0,0,0,0,0,0.0001,0,0,0.1052,0.116,0.1052,0.116,1
1.3465,0.6732,0,0,0,2.693,0,1.3465,1.3465,0.6732,0.6732,0.6732,1.3465,0,4.0395,0,0.6732,3.3662,0,0,0.0001,0,0,0,0,0.0002,0,0.0001,0.0001,0,0,0,0.0001,0,0.0003,0,0,0.0002,0,0,0.1423,0.1845,0.1423,0.1845,1
1.1224,0,0,0.5612,0,0.5612,0.5612,1.1224,0,5.0506,0,1.1224,0,3.9282,1.1224,0.5612,0,0.5612,0,0,0.0001,0,0,0,0,0,0,0.0001,0,0.0004,0,0.0001,0,0.0003,0.0001,0,0,0,0,0,0.2036,0.2352,0.2036,0.2352,1
0,0.581,0,0.581,0,0.581,0,0,1.1619,0,0,0,0.581,0,2.9049,1.7429,0.581,0,0.581,0.581,0,0.0001,0,0.0001,0,0.0001,0,0,0.0001,0,0,0,0.0001,0,0.0003,0.0002,0.0001,0,0.0001,0.0001,0.1989,0.2201,0.1989,0.2201,1
1.5333,0,0,0,1.5333,0.7667,0.7667,0,0.7667,0,0,0,0.7667,0.7667,0,0,0.7667,0.7667,0.7667,0,0.0002,0,0,0,0.0002,0.0001,0.0001,0,0.0001,0,0,0,0.0001,0.0001,0,0,0.0001,0.0001,0.0001,0,0.1542,0.0792,0.1542,0.0792,1
1.9453,0.6484,0,0,1.2969,0,0.6484,1.2969,0,0,0.6484,0.6484,0.6484,0,1.9453,0,0,0,0,0,0.0002,0.0001,0,0,0.0001,0,0.0001,0.0001,0,0,0.0001,0.0001,0.0001,0,0.0002,0,0,0,0,0,0.1658,0.1857,0.1658,0.1857,1
0,0.6533,0.6533,0,0,2.6132,0,1.3066,0,0.6533,0,0.6533,0.6533,0,1.3066,1.3066,0,1.9599,0,0,0,0.0001,0.0001,0,0,0.0002,0,0.0001,0,0.0001,0,0.0001,0.0001,0,0.0001,0.0001,0,0.0002,0,0,0.1532,0.1935,0.1532,0.1935,1
0.8917,0,0,0,0,0,0,0.8917,0,0.8917,0,1.7834,4.4584,0,0,0,0,0.8917,0.8917,0,0.0001,0,0,0,0,0,0,0.0001,0,0.0001,0,0.0003,0.0006,0,0,0,0,0.0001,0.0001,0,0.0833,0.025,0.0833,0.025,1
0,0.4226,0.8451,2.5354,0,0,0,2.1128,2.5354,0.4226,0,0.4226,0,1.2677,0,0.4226,0.4226,0,0.8451,0.4226,0,0,0.0001,0.0002,0,0,0,0.0002,0.0002,0,0,0,0,0.0001,0,0,0,0,0.0001,0,0.2603,0.3172,0.2603,0.3172,1
1.4112,0,0.7056,0,0,2.1168,0,0,0.7056,1.4112,0,0,0,0,0.7056,0.7056,0,0.7056,0,0,0.0002,0,0.0001,0,0,0.0003,0,0,0.0001,0.0002,0,0,0,0,0.0001,0.0001,0,0.0001,0,0,0.1643,0.1301,0.1643,0.1301,1
1.4153,0,0.4718,0,1.8871,2.8307,0.4718,0.4718,0.4718,0.4718,0,0,0,0.4718,0.9436,1.4153,0.4718,1.8871,0.4718,0,0.0001,0,0,0,0.0001,0.0002,0,0,0,0,0,0,0,0,0.0001,0.0001,0,0.0001,0,0,0.2705,0.2577,0.2705,0.2577,1
0,0,1.4482,0,0,0,0,0.7241,0,1.4482,0,1.4482,0,0,0,0.7241,0.7241,0.7241,0.7241,0,0,0,0.0001,0,0,0,0,0.0001,0,0.0001,0,0.0001,0,0,0,0.0001,0.0001,0.0001,0.0001,0,0.1693,0.1066,0.1693,0.1066,1
0.4213,0,0,3.7915,0,0,0,0.4213,2.949,1.6851,0.4213,0.4213,0,1.6851,0.4213,0,0,0,0.4213,0,0,0,0,0.0004,0,0,0,0,0.0003,0.0002,0,0,0,0.0002,0,0,0,0,0,0,0.2672,0.3115,0.2672,0.3115,1
2.1431,0,0,0.5358,1.0715,0.5358,0,0.5358,1.0715,1.6073,0,0,0.5358,0,1.0715,0.5358,0.5358,0,0.5358,0,0.0002,0,0,0.0001,0.0001,0.0001,0,0.0001,0.0001,0.0002,0,0,0.0001,0,0.0001,0.0001,0.0001,0,0.0001,0,0.2138,0.2504,0.2138,0.2504,1
1.2605,0.6302,0.6302,0,0.6302,1.2605,0,0,0.6302,1.8907,0,1.2605,1.2605,0,0.6302,0,1.2605,0.6302,0,0.6302,0.0001,0,0,0,0,0.0001,0,0,0,0.0001,0,0.0001,0.0001,0,0,0,0.0001,0,0,0,0.2149,0.1549,0.2149,0.1549,1
1.5188,3.0375,0.7594,0,1.5188,3.7969,0,0,0,1.5188,0.7594,0.7594,0,0,0,0.7594,0,0.7594,0.7594,0,0.0001,0.0001,0,0,0.0001,0.0002,0,0,0,0.0001,0,0,0,0,0,0,0,0,0,0,0.1371,0.1035,0.1371,0.1035,1
0,2.4289,0,0,0,1.2145,0.6072,1.2145,1.2145,0,0.6072,1.2145,0.6072,0,1.2145,0,1.8217,1.2145,0,0,0,0.0003,0,0,0,0.0001,0.0001,0.0001,0.0001,0,0.0001,0.0001,0.0001,0,0.0001,0,0.0002,0.0001,0,0,0.2147,0.178,0.2147,0.178,1
0.6368,0,1.2735,0,0,1.2735,0,0.6368,0.6368,1.9103,0,0,0.6368,0,1.9103,0,1.2735,0.6368,0,0,0.0001,0,0.0001,0,0,0.0001,0,0.0001,0.0001,0.0002,0,0,0.0001,0,0.0002,0,0.0001,0.0001,0,0,0.1688,0.1944,0.1688,0.1944,1
0.5773,0,1.1547,0.5773,0.5773,0.5773,0,0.5773,0.5773,2.3093,0,0,0,0.5773,1.1547,0,0.5773,0,0,0,0.0001,0,0.0001,0.0001,0.0001,0.0001,0,0.0001,0.0001,0.0002,0,0,0,0.0001,0.0001,0,0.0001,0,0,0,0.2465,0.1761,0.2465,0.1761,1
2.4261,1.213,1.8195,0,1.213,0.6065,0,0,1.213,0.6065,0.6065,0,0,0,1.213,1.213,0.6065,0.6065,0,0,0.0001,0.0001,0.0001,0,0.0001,0,0,0,0.0001,0,0,0,0,0,0.0001,0.0001,0,0,0,0,0.1826,0.2108,0.1826,0.2108,1
0.4304,0.4304,0,3.443,0,0,0,0.4304,3.443,1.2911,0,0.4304,0,1.7215,0.4304,0,0,0.4304,0.4304,0,0,0,0,0.0003,0,0,0,0,0.0003,0.0001,0,0,0,0.0002,0,0,0,0,0,0,0.2955,0.2742,0.2955,0.2742,1
2.1124,0.7041,0,0.7041,0,2.8165,0,0,0,2.1124,0,0.7041,0.7041,0,0,0.7041,0,0.7041,0.7041,2.1124,0.0001,0,0,0,0,0.0002,0,0,0,0.0001,0,0,0,0,0,0,0,0,0,0.0001,0.1629,0.1329,0.1629,0.1329,1
0,0,0,0,2.2438,0,0,0,1.4958,0.7479,0,0,0.7479,0,2.2438,0,0.7479,0,0,0,0,0,0,0,0.0005,0,0,0,0.0003,0.0002,0,0,0.0002,0,0.0005,0,0.0002,0,0,0,0.1274,0.1247,0.1274,0.1247,1
0.5968,0,0,1.1937,2.3874,0,0,1.1937,1.7905,0.5968,0.5968,0.5968,2.3874,0,0,0.5968,0,0.5968,0,0,0.0001,0,0,0.0001,0.0002,0,0,0.0001,0.0002,0.0001,0.0001,0.0001,0.0002,0,0,0.0001,0,0.0001,0,0,0.2393,0.1639,0.2393,0.1639,1
0,0,0.5545,0,0,0.5545,0.5545,1.6635,1.109,0,1.109,0,0,1.109,1.109,0,1.109,0.5545,0.5545,1.109,0,0,0.0001,0,0,0.0001,0.0001,0.0002,0.0001,0,0.0001,0,0,0.0001,0.0001,0,0.0001,0.0001,0.0001,0.0001,0.2083,0.2372,0.2083,0.2372,1
0.533,0,0.533,0,0.533,4.2636,0,0.533,0.533,0.533,1.0659,0.533,0,0.533,2.1318,0.533,0,0,0.533,0,0,0,0,0,0,0.0003,0,0,0,0,0.0001,0,0,0,0.0002,0,0,0,0,0,0.2212,0.2459,0.2212,0.2459,1
2.1627,0,0,0.7209,0,0,0.7209,0,2.1627,0.7209,0,0,0,0,0,0,0.7209,2.1627,0,0.7209,0.0004,0,0,0.0001,0,0,0.0001,0,0.0004,0.0001,0,0,0,0,0,0,0.0001,0.0004,0,0.0001,0.162,0.1171,0.162,0.1171,1
2.413,0.8043,0,0,0.8043,0.8043,0,0,0,2.413,0,0,0,0,0.8043,0,0,0,0.8043,0.8043,0.0003,0.0001,0,0,0.0001,0.0001,0,0,0,0.0003,0,0,0,0,0.0001,0,0,0,0.0001,0.0001,0.0971,0.0986,0.0971,0.0986,1
1.2077,0,0,0.6039,0.6039,0,0,1.2077,1.8116,0.6039,0,0,0.6039,0.6039,0,0.6039,0.6039,1.8116,0,1.8116,0.0002,0,0,0.0001,0.0001,0,0,0.0002,0.0002,0.0001,0,0,0.0001,0.0001,0,0.0001,0.0001,0.0002,0,0.0002,0.2193,0.1768,0.2193,0.1768,1
1.0003,0,1.0003,0,0,0,1.0003,1.0003,0.5002,0.5002,2.0006,0.5002,0,0,1.0003,0.5002,1.0003,2.0006,0,0.5002,0.0001,0,0.0001,0,0,0,0.0001,0.0001,0,0,0.0002,0,0,0,0.0001,0,0.0001,0.0002,0,0,0.2646,0.2352,0.2646,0.2352,1
0,0,0,0,0,1.466,0,0.733,0.733,2.9319,0,0,0.733,0.733,0.733,0.733,0,0.733,0.733,0,0,0,0,0,0,0.0002,0,0.0001,0.0001,0.0004,0,0,0.0001,0.0001,0.0001,0.0001,0,0.0001,0.0001,0,0.1327,0.1344,0.1327,0.1344,1
2.105,0.7017,0,0,0,1.4033,0,0.7017,0,1.4033,0.7017,2.105,0.7017,0.7017,0.7017,0.7017,0.7017,2.105,0,0,0.0001,0,0,0,0,0.0001,0,0,0,0.0001,0,0.0001,0,0,0,0,0,0.0001,0,0,0.1466,0.1518,0.1466,0.1518,1
0,0.5744,1.7232,0,0.5744,0,0,0.5744,0.5744,1.1488,0,0,0,0,0.5744,1.1488,0.5744,1.1488,1.7232,0,0,0,0.0001,0,0,0,0,0,0,0.0001,0,0,0,0,0,0.0001,0,0.0001,0.0001,0,0.2147,0.211,0.2147,0.211,1
0.664,1.328,0.664,0.664,0.664,0.664,0,1.328,0,1.9919,0.664,0,0.664,0,0,1.328,2.6559,0,0.664,0,0,0.0001,0,0,0,0,0,0.0001,0,0.0001,0,0,0,0,0,0.0001,0.0001,0,0,0,0.1635,0.1725,0.1635,0.1725,1
0.6871,0,0.6871,0,0,0,0,1.3743,0.6871,0.6871,0.6871,0,0.6871,0,0.6871,1.3743,3.4356,2.0614,0.6871,0,0.0001,0,0.0001,0,0,0,0,0.0002,0.0001,0.0001,0.0001,0,0.0001,0,0.0001,0.0002,0.0004,0.0003,0.0001,0,0.158,0.1548,0.158,0.1548,1
1.1372,0,1.1372,0,1.1372,1.1372,1.1372,0.5686,0.5686,0,1.1372,1.1372,0.5686,0,0,0,1.7058,0,0,0,0.0001,0,0.0001,0,0.0001,0.0001,0.0001,0.0001,0.0001,0,0.0001,0.0001,0.0001,0,0,0,0.0002,0,0,0,0.2307,0.2007,0.2307,0.2007,1
0,0,0,0.6195,1.239,0.6195,0,0,0,0.6195,0.6195,1.239,0.6195,0.6195,1.8585,0.6195,0.6195,0,0,0,0,0,0,0.0001,0.0002,0.0001,0,0,0,0.0001,0.0001,0.0002,0.0001,0.0001,0.0002,0.0001,0.0001,0,0,0,0.236,0.1445,0.236,0.1445,1
0,0,0,1.2621,1.8931,0,0,0.631,1.2621,0,1.2621,0.631,2.5241,0,0,1.2621,0.631,1.2621,0,0,0,0,0,0.0001,0.0002,0,0,0.0001,0.0001,0,0.0001,0.0001,0.0002,0,0,0.0001,0.0001,0.0001,0,0,0.219,0.15,0.219,0.15,1
0,0,0,0,0,0.5948,0,0.5948,1.7844,0,0,0.5948,0,0.5948,5.9481,0.5948,0,0,0.5948,0,0,0,0,0,0,0.0001,0,0.0001,0.0003,0,0,0.0001,0,0.0001,0.0009,0.0001,0,0,0.0001,0,0.2018,0.2034,0.2018,0.2034,1
1.1225,0.5613,0.5613,1.6838,0.5613,1.1225,0,1.6838,0,2.8063,0,1.1225,0.5613,0.5613,0.5613,1.1225,1.1225,1.6838,0,0,0.0001,0,0,0.0001,0,0.0001,0,0.0001,0,0.0002,0,0.0001,0,0,0,0.0001,0.0001,0.0001,0,0,0.2035,0.2352,0.2035,0.2352,1
0.5285,0.5285,1.5854,0.5285,1.0569,1.0569,0,2.6423,0,1.0569,0.5285,1.0569,0,0.5285,1.5854,0,0,0,0,0,0,0,0.0001,0,0.0001,0.0001,0,0.0002,0,0.0001,0,0.0001,0,0,0.0001,0,0,0,0,0,0.2228,0.2488,0.2228,0.2488,1
0.599,0,0.599,0.599,0,0,0.599,0,1.1981,0,0.599,1.1981,1.7971,0,2.9951,0,1.7971,0,0,0,0.0001,0,0.0001,0.0001,0,0,0.0001,0,0.0002,0,0.0001,0.0002,0.0004,0,0.0006,0,0.0004,0,0,0,0.1781,0.2228,0.1781,0.2228,1
2.0386,0,1.3591,0,0.6795,0.6795,0,0,0.6795,0,0.6795,0.6795,0,0.6795,0,1.3591,0.6795,1.3591,0,0.6795,0.0002,0,0.0001,0,0.0001,0.0001,0,0,0.0001,0,0.0001,0.0001,0,0.0001,0,0.0001,0.0001,0.0001,0,0.0001,0.1437,0.1767,0.1437,0.1767,1
0.7144,0,0.7144,0,0,1.4288,0,0,0.7144,3.5719,0,0,0,0,0,0,0,0,0,0,0.0001,0,0.0001,0,0,0.0002,0,0,0.0001,0.0004,0,0,0,0,0,0,0,0,0,0,0.139,0.1466,0.139,0.1466,1
0.5774,0.5774,1.7323,0,0.5774,0,0,0,0.5774,2.3098,0,0,0,0,0.5774,1.1549,0.5774,0,1.7323,0,0,0,0.0001,0,0,0,0,0,0,0.0001,0,0,0,0,0,0.0001,0,0,0.0001,0,0.2659,0.1567,0.2659,0.1567,1
2.5187,0,0,0,1.2593,2.5187,0,0.6297,0,4.4077,0.6297,0.6297,0,0.6297,0.6297,0,0,0.6297,1.2593,0,0.0002,0,0,0,0.0001,0.0002,0,0,0,0.0003,0,0,0,0,0,0,0,0,0.0001,0,0.1895,0.1808,0.1895,0.1808,1
2.3003,1.1502,0,0,1.1502,1.1502,1.1502,0,0.5751,1.7252,0.5751,0.5751,0,0.5751,1.1502,0,1.1502,1.1502,0,0,0.0001,0.0001,0,0,0.0001,0.0001,0.0001,0,0,0.0001,0,0,0,0,0.0001,0,0.0001,0.0001,0,0,0.2323,0.1926,0.2323,0.1926,1
0.7752,0.7752,0,0,0,0.7752,0,1.5503,0.7752,3.1006,0,0,0,0,0,0.7752,0,0,0.7752,0,0.0001,0.0001,0,0,0,0.0001,0,0.0001,0.0001,0.0003,0,0,0,0,0,0.0001,0,0,0.0001,0,0.1377,0.0871,0.1377,0.0871,1
2.3729,0,0,0,0.791,0,0,0,0.791,2.3729,0,1.582,1.582,0.791,0,0,0.791,1.582,0,0,0.0003,0,0,0,0.0001,0,0,0,0.0001,0.0003,0,0.0002,0.0002,0.0001,0,0,0.0001,0.0002,0,0,0.116,0.093,0.116,0.093,1
0.6378,0.6378,1.9133,0.6378,0.6378,0,0,0,0,1.2755,0.6378,0.6378,0.6378,0,0,0.6378,1.2755,1.9133,0,0.6378,0,0,0.0001,0,0,0,0,0,0,0.0001,0,0,0,0,0,0,0.0001,0.0001,0,0,0.1983,0.164,0.1983,0.164,1
0.5673,0.5673,0.5673,0.5673,0,0,0,0,0.5673,1.7019,0.5673,1.1346,1.1346,0,1.1346,0,0.5673,0.5673,0.5673,0.5673,0,0,0,0,0,0,0,0,0,0.0001,0,0.0001,0.0001,0,0.0001,0,0,0,0,0,0.2253,0.2074,0.2253,0.2074,1
0,0,0.7138,0,0,1.4276,0.7138,0,0.7138,0.7138,0,0,0.7138,0,0.7138,0.7138,0,1.4276,1.4276,0,0,0,0.0001,0,0,0.0002,0.0001,0,0.0001,0.0001,0,0,0.0001,0,0.0001,0.0001,0,0.0002,0.0002,0,0.1349,0.1513,0.1349,0.1513,1
2.4721,0,0.9888,0,0,1.9777,0,0.9888,1.9777,1.9777,0.4944,0,0,0,0,1.9777,0.9888,0,0.4944,0,0.0002,0,0.0001,0,0,0.0001,0,0.0001,0.0001,0.0001,0,0,0,0,0,0.0001,0.0001,0,0,0,0.2464,0.2592,0.2464,0.2592,1
0,0.7393,1.4787,0,0.7393,0,0,1.4787,0,1.4787,0.7393,0,0.7393,0.7393,0,2.218,0,0.7393,0,0,0,0.0001,0.0001,0,0.0001,0,0,0.0001,0,0.0001,0.0001,0,0.0001,0.0001,0,0.0002,0,0.0001,0,0,0.1434,0.1173,0.1434,0.1173,1
0,0,0.5103,1.5308,0.5103,2.0411,0.5103,0,0,1.5308,0,1.0206,2.0411,0.5103,1.0206,0,0.5103,0,0,0,0,0,0.0001,0.0002,0.0001,0.0002,0.0001,0,0,0.0002,0,0.0001,0.0002,0.0001,0.0001,0,0.0001,0,0,0,0.2689,0.2208,0.2689,0.2208,1
1.2694,0.6347,0.6347,0,0,0.6347,0,0,1.2694,0.6347,0,0,3.1736,0.6347,0.6347,0.6347,0.6347,1.2694,0.6347,0,0.0001,0.0001,0.0001,0,0,0.0001,0,0,0.0001,0.0001,0,0,0.0003,0.0001,0.0001,0.0001,0.0001,0.0001,0.0001,0,0.1879,0.1774,0.1879,0.1774,1
1.5229,0,2.0306,1.0153,1.0153,0,1.0153,1.0153,0,0,0.5076,1.0153,0,0.5076,0.5076,1.0153,1.0153,1.5229,0,0.5076,0.0001,0,0.0001,0.0001,0.0001,0,0.0001,0.0001,0,0,0,0.0001,0,0,0,0.0001,0.0001,0.0001,0,0,0.2081,0.2842,0.2081,0.2842,1
0.5285,0,0.5285,1.0569,0,1.0569,0,0,1.0569,2.1138,0.5285,1.0569,0,0.5285,0.5285,0,0,1.5854,0,0.5285,0,0,0,0.0001,0,0.0001,0,0,0.0001,0.0002,0,0.0001,0,0,0,0,0,0.0001,0,0,0.244,0.2276,0.244,0.2276,1
0.7091,0,0,0.7091,1.4183,0.7091,0,0.7091,0.7091,2.1274,0,0,0,0,0,0.7091,0.7091,1.4183,0.7091,1.4183,0.0001,0,0,0.0001,0.0002,0.0001,0,0.0001,0.0001,0.0002,0,0,0,0,0,0.0001,0.0001,0.0002,0.0001,0.0002,0.212,0.0789,0.212,0.0789,1
0,1.9575,0,0,0.9787,0.4894,0,0.4894,0,0,0.4894,0.4894,0,0,3.4256,0.4894,0,0.4894,0.4894,0.4894,0,0.0001,0,0,0.0001,0,0,0,0,0,0,0,0,0,0.0002,0,0,0,0,0,0.2508,0.2598,0.2508,0.2598,1
0.63,0,0.63,0,0.63,3.15,1.89,0,0,0,0,0,0,0.63,0,0,0.63,0.63,0,0.63,0.0001,0,0.0001,0,0.0001,0.0005,0.0003,0,0,0,0,0,0,0.0001,0,0,0.0001,0.0001,0,0.0001,0.1847,0.1853,0.1847,0.1853,1
0.7128,0,0,1.4257,0,0,0,0.7128,2.8514,0.7128,0.7128,0,0,0,0,0,0.7128,1.4257,0,0,0.0001,0,0,0.0002,0,0,0,0.0001,0.0005,0.0001,0.0001,0,0,0,0,0,0.0001,0.0002,0,0,0.1394,0.1477,0.1394,0.1477,1
0.4322,0,0.8644,2.5931,0,0,0,1.2965,2.5931,0.8644,0,0.4322,0,0.8644,0,0.4322,0.4322,0,0.8644,0.8644,0,0,0.0001,0.0002,0,0,0,0.0001,0.0002,0.0001,0,0,0,0.0001,0,0,0,0,0.0001,0.0001,0.2572,0.3106,0.2572,0.3106,1
1.5567,0,0,0.7783,0,0,0,0,3.1134,0,0,0,0,0,0,0,0.7783,3.1134,0,0.7783,0.0003,0,0,0.0002,0,0,0,0,0.0007,0,0,0,0,0,0,0,0.0002,0.0007,0,0.0002,0.1076,0.1141,0.1076,0.1141,1
0,2.5707,0,0,0.6427,2.5707,0,0,0,0.6427,0,0,0,0,3.2134,0,0,1.2854,0,0.6427,0,0.0001,0,0,0,0.0001,0,0,0,0,0,0,0,0,0.0002,0,0,0.0001,0,0,0.1623,0.195,0.1623,0.195,1
0.6919,1.3838,0,0,0.6919,0.6919,0,1.3838,0,0.6919,1.3838,1.3838,1.3838,0,1.3838,1.3838,1.3838,1.3838,0.6919,0,0,0.0001,0,0,0,0,0,0.0001,0,0,0.0001,0.0001,0.0001,0,0.0001,0.0001,0.0001,0.0001,0,0,0.1222,0.186,0.1222,0.186,1
0,0,0,0.6262,0,1.8786,0,0.6262,1.2524,5.6357,0,0,0.6262,0,0,0.6262,0.6262,0.6262,0,0,0,0,0,0.0001,0,0.0002,0,0.0001,0.0001,0.0005,0,0,0.0001,0,0,0.0001,0.0001,0.0001,0,0,0.1604,0.2134,0.1604,0.2134,1
5.1479,0,0,0,0.7354,0,0,0,1.4708,3.6771,0,0,1.4708,0,2.2063,0,0,0.7354,0,0,0.0006,0,0,0,0.0001,0,0,0,0.0002,0.0004,0,0,0.0002,0,0.0002,0,0,0.0001,0,0,0.1011,0.1635,0.1011,0.1635,1
0.54,0,1.0799,1.0799,0,1.0799,0.54,0,0.54,0,1.0799,0,0.54,0.54,1.6199,0.54,1.6199,0.54,0,0,0.0001,0,0.0001,0.0001,0,0.0001,0.0001,0,0.0001,0,0.0001,0,0.0001,0.0001,0.0002,0.0001,0.0002,0.0001,0,0,0.2659,0.1941,0.2659,0.1941,1
0.826,0,0,0,0.826,0,0,0,3.3039,0.826,0,0,0,0,0,0,0.826,3.3039,0,0.826,0.0002,0,0,0,0.0002,0,0,0,0.0008,0.0002,0,0,0,0,0,0,0.0002,0.0008,0,0.0002,0.0682,0.1059,0.0682,0.1059,1
1.1806,0,1.7709,0.5903,0,0,0,1.7709,1.1806,0.5903,1.1806,1.1806,0,0.5903,0,0,0.5903,0.5903,0,0.5903,0.0001,0,0.0001,0,0,0,0,0.0001,0.0001,0,0.0001,0.0001,0,0,0,0,0,0,0,0,0.2032,0.2065,0.2032,0.2065,1
1.9317,0,1.9317,0.6439,1.2878,0,0,0,0,1.2878,0,0,0.6439,0,0,0.6439,0,0.6439,0,0,0.0002,0,0.0002,0.0001,0.0001,0,0,0,0,0.0001,0,0,0.0001,0,0,0.0001,0,0.0001,0,0,0.2152,0.1409,0.2152,0.1409,1
0.608,0.608,0,1.216,0,0,1.216,0,0,1.216,0,0.608,0.608,0,1.216,1.216,0,0,0,0.608,0.0001,0.0001,0,0.0001,0,0,0.0001,0,0,0.0001,0,0.0001,0.0001,0,0.0001,0.0001,0,0,0,0.0001,0.2351,0.1569,0.2351,0.1569,1
0.7402,0.7402,0.7402,0,0.7402,0,0,0,0.7402,2.2206,0.7402,1.4804,1.4804,0.7402,0,0,0,1.4804,0,0,0.0001,0.0001,0.0001,0,0.0001,0,0,0,0.0001,0.0002,0.0001,0.0001,0.0001,0.0001,0,0,0,0.0001,0,0,0.1447,0.1151,0.1447,0.1151,1
1.054,0,1.581,1.054,0,0,0,0.527,2.1079,0.527,0,0.527,0,0,0.527,1.054,0.527,1.581,0,0,0.0001,0,0.0002,0.0001,0,0,0,0.0001,0.0002,0.0001,0,0.0001,0,0,0.0001,0.0001,0.0001,0.0002,0,0,0.2594,0.2136,0.2594,0.2136,1
0.5821,0,0.5821,1.1642,0.5821,0,0,0.5821,2.3283,0.5821,0.5821,0.5821,0,0.5821,0,0,0,0.5821,0,0,0.0001,0,0.0001,0.0001,0.0001,0,0,0.0001,0.0003,0.0001,0.0001,0.0001,0,0.0001,0,0,0,0.0001,0,0,0.1731,0.2448,0.1731,0.2448,1
0,0,0.6084,0,0,1.2169,0,0.6084,1.8253,0,0.6084,0,1.2169,0,1.2169,0,1.2169,1.8253,0,0.6084,0,0,0.0001,0,0,0.0002,0,0.0001,0.0002,0,0.0001,0,0.0002,0,0.0002,0,0.0002,0.0002,0,0.0001,0.2376,0.1539,0.2376,0.1539,1
0,0.4731,0.4731,1.4194,0.4731,0.9462,0,0.9462,0,1.8925,0.4731,1.4194,1.4194,0.4731,1.4194,0,0.4731,0.9462,0.4731,0.4731,0,0,0,0.0001,0,0.0001,0,0.0001,0,0.0001,0,0.0001,0.0001,0,0.0001,0,0,0.0001,0,0,0.278,0.2489,0.278,0.2489,1
0.4544,0,0,0.4544,0.9089,1.3633,0,0.4544,2.7266,1.8177,0,0,0.9089,0,1.3633,0.4544,0,0.9089,0,0.9089,0,0,0,0,0.0001,0.0001,0,0,0.0003,0.0002,0,0,0.0001,0,0.0001,0,0,0.0001,0,0.0001,0.2454,0.3002,0.2454,0.3002,1
0,0,0.5131,2.5655,0,0,0,0,1.5393,1.5393,1.5393,0.5131,0,0,0.5131,0,0.5131,0,1.0262,0.5131,0,0,0,0.0002,0,0,0,0,0.0001,0.0001,0.0001,0,0,0,0,0,0,0,0.0001,0,0.2338,0.2531,0.2338,0.2531,1
0.9058,0.4529,0,1.3587,0.4529,0.4529,0,0.4529,0.9058,1.3587,0,0,0.4529,0,1.8116,0,0.4529,0,0.9058,0.4529,0.0001,0,0,0.0001,0,0,0,0,0.0001,0.0001,0,0,0,0,0.0002,0,0,0,0.0001,0,0.2587,0.2884,0.2587,0.2884,1
0.5571,0,0.5571,0,1.6712,2.2282,1.1141,0.5571,0.5571,1.1141,0.5571,0,0,0.5571,0.5571,0,1.1141,1.1141,0,0,0,0,0,0,0.0001,0.0002,0.0001,0,0,0.0001,0,0,0,0,0,0,0.0001,0.0001,0,0,0.2079,0.235,0.2079,0.235,1
0,0,0.6924,0,0,1.3848,0,0,0.6924,1.3848,0,1.3848,0,0,0.6924,0.6924,0,0,0.6924,0,0,0,0.0001,0,0,0.0002,0,0,0.0001,0.0002,0,0.0002,0,0,0.0001,0.0001,0,0,0.0001,0,0.1957,0.1119,0.1957,0.1119,1
2.6645,0,0.5329,0,0,1.5987,0,1.0658,2.6645,2.6645,0.5329,0,0.5329,0,0,0.5329,0.5329,1.0658,0.5329,0,0.0002,0,0,0,0,0.0001,0,0.0001,0.0002,0.0002,0,0,0,0,0,0,0,0.0001,0,0,0.2128,0.2543,0.2128,0.2543,1
2.9522,0,0.738,0.738,0,0,0.738,0.738,0,1.4761,0,0,0,0,0,0,0.738,2.9522,0,0,0.0004,0,0.0001,0.0001,0,0,0.0001,0.0001,0,0.0002,0,0,0,0,0,0,0.0001,0.0004,0,0,0.1635,0.0985,0.1635,0.0985,1
0.4714,0,0.9428,0.4714,0,0,0.4714,0.9428,3.2998,0.9428,0.9428,0.9428,0.4714,0.4714,0.9428,0.4714,1.4142,0,0,0,0,0,0.0001,0,0,0,0,0.0001,0.0003,0.0001,0.0001,0.0001,0,0,0.0001,0,0.0001,0,0,0,0.2441,0.2845,0.2441,0.2845,1
1.421,0,0,0,0.4737,0,0.4737,0.4737,2.842,0.9473,0,0,0.4737,0,1.421,0,0,1.8947,0.4737,0,0.0002,0,0,0,0.0001,0,0.0001,0.0001,0.0004,0.0001,0,0,0.0001,0,0.0002,0,0,0.0003,0.0001,0,0.243,0.2833,0.243,0.2833,1
1.1403,0.5702,1.1403,0,0,0,0.5702,1.1403,1.1403,0,0.5702,0,0.5702,0,0.5702,1.1403,2.2806,0.5702,0,0.5702,0.0001,0.0001,0.0001,0,0,0,0.0001,0.0001,0.0001,0,0.0001,0,0.0001,0,0.0001,0.0001,0.0002,0.0001,0,0.0001,0.2392,0.1906,0.2392,0.1906,1
1.4729,0.491,0.9819,0,0,1.4729,0.9819,1.4729,0.491,0,0.491,0,0,0,1.9639,0,0.9819,0,0.491,0,0.0001,0,0.0001,0,0,0.0001,0.0001,0.0001,0,0,0,0,0,0,0.0002,0,0.0001,0,0,0,0.2827,0.2264,0.2827,0.2264,1
2.9336,1.4668,0,0,0,0,0.7334,0,0,1.4668,0,0.7334,0.7334,0.7334,0.7334,0.7334,0,2.2002,0,0,0.0002,0.0001,0,0,0,0,0,0,0,0.0001,0,0,0,0,0,0,0,0.0001,0,0,0.1551,0.1115,0.1551,0.1115,1
0,0.615,0,0,0,4.3052,0.615,0,1.2301,4.3052,0,0,0,0,0,0,0.615,1.2301,0,0,0,0,0,0,0,0.0003,0,0,0.0001,0.0003,0,0,0,0,0,0,0,0.0001,0,0,0.1606,0.2243,0.1606,0.2243,1
0,0.5272,0,0,0,2.1086,0,0,0,0.5272,0.5272,0,0,1.0543,3.6901,1.0543,0,0,0,0,0,0.0001,0,0,0,0.0003,0,0,0,0.0001,0.0001,0,0,0.0001,0.0004,0.0001,0,0,0,0,0.25,0.2228,0.25,0.2228,1
0.533,0,0.533,0.533,1.599,1.066,0,0,1.599,0.533,2.132,0,0.533,0,0.533,1.066,0,0.533,0.533,0,0,0,0,0,0.0001,0.0001,0,0,0.0001,0,0.0002,0,0,0,0,0.0001,0,0,0,0,0.2089,0.2581,0.2089,0.2581,1
0,0,0.9995,0,0.9995,0.4998,0,0.4998,0.9995,0.9995,0.4998,0,0.4998,0.4998,1.4993,0,0.4998,0.4998,0,0.4998,0,0,0.0001,0,0.0001,0.0001,0,0.0001,0.0001,0.0001,0.0001,0,0.0001,0.0001,0.0002,0,0.0001,0.0001,0,0.0001,0.2253,0.275,0.2253,0.275,1
1.5739,1.0493,0,0,0.5246,1.0493,2.0986,1.0493,0.5246,0.5246,0.5246,0.5246,0,0.5246,0,0.5246,1.5739,2.0986,0.5246,0.5246,0.0001,0.0001,0,0,0,0.0001,0.0001,0.0001,0,0,0,0,0,0,0,0,0.0001,0.0001,0,0,0.2127,0.2626,0.2127,0.2626,1
1.7449,0,0.5816,0.5816,0,0.5816,0,0.5816,0.5816,0.5816,0,0.5816,1.1633,0,1.1633,0.5816,0.5816,1.1633,1.1633,0,0.0002,0,0.0001,0.0001,0,0.0001,0,0.0001,0.0001,0.0001,0,0.0001,0.0001,0,0.0001,0.0001,0.0001,0.0001,0.0001,0,0.2291,0.1893,0.2291,0.1893,1
1.3969,0,0.4656,0.9313,0,0.4656,0.4656,0,1.8626,0,1.3969,0,0.4656,0.4656,1.3969,0,0.9313,0.9313,0,0.4656,0.0002,0,0.0001,0.0001,0,0.0001,0.0001,0,0.0002,0,0.0002,0,0.0001,0.0001,0.0002,0,0.0001,0.0001,0,0.0001,0.2701,0.2642,0.2701,0.2642,1
1.2636,0,0,0,0,1.8955,0.6318,0,1.8955,3.1591,0,0.6318,0,0,0.6318,0,0,0.6318,0,0,0.0001,0,0,0,0,0.0002,0.0001,0,0.0002,0.0004,0,0.0001,0,0,0.0001,0,0,0.0001,0,0,0.1613,0.2069,0.1613,0.2069,1
0.5025,0,0.5025,0,0,0,1.0049,0.5025,2.0099,0.5025,0.5025,0.5025,1.0049,0,3.0148,0,1.0049,1.0049,0,2.0099,0.0001,0,0.0001,0,0,0,0.0001,0.0001,0.0002,0.0001,0.0001,0.0001,0.0001,0,0.0003,0,0.0001,0.0001,0,0.0002,0.2217,0.2758,0.2217,0.2758,1
2.1769,0,0,0,0.7256,0.7256,0,0,0.7256,2.1769,0,0,0,0,0.7256,0,0.7256,0,0,0.7256,0.0004,0,0,0,0.0001,0.0001,0,0,0.0001,0.0004,0,0,0,0,0.0001,0,0.0001,0,0,0.0001,0.149,0.1254,0.149,0.1254,1
0.719,0,1.438,0,0.719,0,0,0,0.719,2.157,0.719,0.719,1.438,0.719,0,0,0.719,1.438,0,0,0.0001,0,0.0002,0,0.0001,0,0,0,0.0001,0.0003,0.0001,0.0001,0.0002,0.0001,0,0,0.0001,0.0002,0,0,0.1543,0.1267,0.1543,0.1267,1
0.5889,0,0.5889,0.5889,1.1779,2.3558,0,0.5889,0.5889,0,0.5889,1.1779,2.3558,0.5889,1.7668,0.5889,0,1.1779,0,0,0,0,0,0,0.0001,0.0002,0,0,0,0,0,0.0001,0.0002,0,0.0001,0,0,0.0001,0,0,0.1979,0.2132,0.1979,0.2132,1
0.5592,0,0,0.5592,1.1183,0.5592,0.5592,1.1183,0.5592,2.7958,0,0,0,1.1183,5.5916,0,0,0,0,0,0.0001,0,0,0.0001,0.0001,0.0001,0.0001,0.0001,0.0001,0.0004,0,0,0,0.0001,0.0007,0,0,0,0,0,0.245,0.1958,0.245,0.1958,1
0.6317,0.6317,0,1.2633,1.895,0,0,1.2633,1.2633,1.2633,0,0,2.5267,0,0,1.2633,0,0.6317,0,0,0,0,0,0.0001,0.0001,0,0,0.0001,0.0001,0.0001,0,0,0.0002,0,0,0.0001,0,0,0,0,0.2245,0.1439,0.2245,0.1439,1
0,0.5506,1.6519,0,0.5506,0,0,1.1012,0.5506,1.1012,0,0.5506,0,0,0.5506,1.1012,0.5506,0.5506,1.6519,0,0,0,0.0001,0,0,0,0,0.0001,0,0.0001,0,0,0,0,0,0.0001,0,0,0.0001,0,0.2264,0.2229,0.2264,0.2229,1
1.2286,0,1.8429,0,0,0,0.6143,1.2286,0,0.6143,1.2286,1.8429,1.8429,0,0,0.6143,1.2286,0,0.6143,0,0.0001,0,0.0001,0,0,0,0,0.0001,0,0,0.0001,0.0001,0.0001,0,0,0,0.0001,0,0,0,0.1899,0.1958,0.1899,0.1958,1
1.6787,0,0,0,2.5181,0,0,0,3.3575,0.8394,0,0,0,0,0,0,0,1.6787,0,0.8394,0.0004,0,0,0,0.0006,0,0,0,0.0008,0.0002,0,0,0,0,0,0,0,0.0004,0,0.0002,0.0543,0.1064,0.0543,0.1064,1
0,0,0.5245,0.5245,0,0,0.5245,0.5245,1.0489,1.5734,1.0489,0,0,0,2.0979,0.5245,0,1.5734,0,0.5245,0,0,0.0001,0.0001,0,0,0.0001,0.0001,0.0001,0.0002,0.0001,0,0,0,0.0003,0.0001,0,0.0002,0,0.0001,0.1983,0.2772,0.1983,0.2772,1
0.7409,0,0.7409,0,0.7409,0,0,0.7409,0.7409,2.2227,0,0.7409,1.4818,0.7409,0,0,0.7409,1.4818,0,0,0.0001,0,0.0001,0,0.0001,0,0,0.0001,0.0001,0.0003,0,0.0001,0.0002,0.0001,0,0,0.0001,0.0002,0,0,0.1481,0.111,0.1481,0.111,1
0.995,0.4975,0.4975,0.995,0,0,0,0.995,1.99,0.995,0.4975,0.995,0,1.4925,0,0.4975,0.4975,0,0.4975,0.4975,0.0001,0,0,0.0001,0,0,0,0.0001,0.0002,0.0001,0,0.0001,0,0.0001,0,0,0,0,0,0,0.2252,0.2773,0.2252,0.2773,1
0,0.5332,1.5995,0.5332,0.5332,0,0,0.5332,0.5332,2.1327,0,0,0,0,0.5332,1.0663,0,0,1.5995,0,0,0,0.0001,0,0,0,0,0,0,0.0001,0,0,0,0,0,0.0001,0,0,0.0001,0,0.2311,0.2357,0.2311,0.2357,1
1.5514,0,1.5514,0,0,1.5514,0,0.5171,0.5171,0,1.5514,0.5171,0,0,1.5514,0.5171,0,0.5171,0.5171,0,0.0001,0,0.0001,0,0,0.0001,0,0,0,0,0.0001,0,0,0,0.0001,0,0,0,0,0,0.2179,0.265,0.2179,0.265,1
1.1635,0,0,0,0,2.3269,0.5817,0,0.5817,0,0.5817,0.5817,0.5817,0,1.1635,1.1635,0.5817,0,0,1.1635,0.0001,0,0,0,0,0.0003,0.0001,0,0.0001,0,0.0001,0.0001,0.0001,0,0.0001,0.0001,0.0001,0,0,0.0001,0.2137,0.2046,0.2137,0.2046,1
1.7846,0,0,0,0,1.3384,0,0,2.2307,2.6769,0,0.4461,0,0,0.8923,0,1.3384,0.8923,0.4461,0.4461,0.0002,0,0,0,0,0.0001,0,0,0.0002,0.0002,0,0,0,0,0.0001,0,0.0001,0.0001,0,0,0.233,0.3209,0.233,0.3209,1
1.348,0.674,0,0,1.348,0,0.674,1.348,0.674,1.348,0.674,1.348,0,0.674,0,1.348,0.674,1.348,0,0.674,0.0001,0,0,0,0.0001,0,0,0.0001,0,0.0001,0,0.0001,0,0,0,0.0001,0,0.0001,0,0,0.1611,0.1649,0.1611,0.1649,1
0,2.8455,0,0,1.1382,1.1382,0,0,0,1.1382,0,0.5691,0,0,2.2764,0,1.1382,0,0,0,0,0.0002,0,0,0.0001,0.0001,0,0,0,0.0001,0,0,0,0,0.0001,0,0.0001,0,0,0,0.2213,0.2096,0.2213,0.2096,1
0.5775,0.5775,0.5775,0,1.1549,1.1549,0,0,0.5775,0.5775,1.7324,0.5775,0.5775,0.5775,0.5775,0,1.1549,0,0.5775,1.1549,0,0,0,0,0.0001,0.0001,0,0,0,0,0.0001,0,0,0,0,0,0.0001,0,0,0.0001,0.2204,0.2022,0.2204,0.2022,1
1.4213,0,0,0,0.7107,0.7107,0,0,0.7107,2.132,0,0,0,0,0.7107,0,0.7107,0,0.7107,0.7107,0.0002,0,0,0,0.0001,0.0001,0,0,0.0001,0.0003,0,0,0,0,0.0001,0,0.0001,0,0.0001,0.0001,0.1437,0.1457,0.1437,0.1457,1
4.0177,0,0.4464,0.4464,0,1.3392,0.4464,0,2.2321,2.2321,0.8928,0,0,0,0,0,0.4464,0.4464,0.4464,0,0.0003,0,0,0,0,0.0001,0,0,0.0002,0.0002,0.0001,0,0,0,0,0,0,0,0,0,0.253,0.3006,0.253,0.3006,1
0,1.1425,0,1.1425,0.5712,0,1.1425,0.5712,0.5712,0,0,0,0.5712,0,3.9986,1.1425,1.1425,0.5712,0,0.5712,0,0.0001,0,0.0001,0,0,0.0001,0,0,0,0,0,0,0,0.0003,0.0001,0.0001,0,0,0,0.2093,0.2195,0.2093,0.2195,1
0.5549,0,1.1097,0.5549,0.5549,0.5549,0,0,1.6646,2.7744,0,1.1097,1.1097,0.5549,0.5549,0,0,0,0,0,0.0001,0,0.0001,0.0001,0.0001,0.0001,0,0,0.0002,0.0003,0,0.0001,0.0001,0.0001,0.0001,0,0,0,0,0,0.2015,0.2436,0.2015,0.2436,1
5.2529,0,0,0,0,0,0.7504,0,1.5008,2.2512,0.7504,0,1.5008,0,1.5008,0,0,1.5008,0,0,0.0008,0,0,0,0,0,0.0001,0,0.0002,0.0004,0.0001,0,0.0002,0,0.0002,0,0,0.0002,0,0,0.1045,0.1451,0.1045,0.1451,1
0.6601,0.6601,0.6601,1.3203,0,0,0,1.9804,0.6601,1.3203,0.6601,0,0.6601,0,0.6601,0,0,0,0,0,0.0001,0.0001,0.0001,0.0001,0,0,0,0.0002,0.0001,0.0001,0.0001,0,0.0001,0,0.0001,0,0,0,0,0,0.1391,0.2008,0.1391,0.2008,1
0,0,1.6773,1.258,0,0,0.4193,1.258,1.258,0.4193,0.8387,0.4193,0,2.516,0,0.8387,0,0,0.8387,0.8387,0,0,0.0001,0.0001,0,0,0,0.0001,0.0001,0,0.0001,0,0,0.0002,0,0.0001,0,0,0.0001,0.0001,0.2676,0.3131,0.2676,0.3131,1
1.8673,0,0,0,0,0,1.2448,0,1.8673,0.6224,0.6224,0.6224,0.6224,0,0,0.6224,1.2448,1.8673,0,0,0.0002,0,0,0,0,0,0.0002,0,0.0002,0.0001,0.0001,0.0001,0.0001,0,0,0.0001,0.0002,0.0002,0,0,0.1847,0.1929,0.1847,0.1929,1
3.1053,0,0,0,0,0,0,0.4436,4.8797,0,0,0.4436,0,0,0.4436,0,0,0,0.4436,0,0.0004,0,0,0,0,0,0,0.0001,0.0006,0,0,0.0001,0,0,0.0001,0,0,0,0.0001,0,0.2338,0.3226,0.2338,0.3226,1
0.7689,0,0,0,0.7689,2.3066,0,0,0.7689,3.0754,0,0,0.7689,0,0.7689,0,0,0,1.5377,0,0.0002,0,0,0,0.0002,0.0005,0,0,0.0002,0.0007,0,0,0.0002,0,0.0002,0,0,0,0.0003,0,0.1109,0.1202,0.1109,0.1202,1
1.4255,0,0,0,0,1.4255,0,0,2.851,0.7128,0,0,0,0,1.4255,0,0.7128,2.851,0,0,0.0003,0,0,0,0,0.0003,0,0,0.0005,0.0001,0,0,0,0,0.0003,0,0.0001,0.0005,0,0,0.1103,0.1769,0.1103,0.1769,1
2.3199,0.7733,1.5466,0,0,0,0,0,0,0,0.7733,0,0,0,0,2.3199,0,0.7733,0.7733,1.5466,0.0002,0.0001,0.0001,0,0,0,0,0,0,0,0.0001,0,0,0,0,0.0002,0,0.0001,0.0001,0.0001,0.1204,0.1063,0.1204,0.1063,1
1.7504,0.5835,1.1669,0.5835,0,0,1.1669,0.5835,1.1669,0.5835,0,0,0,0,0.5835,0.5835,1.7504,0,0,0,0.0002,0.0001,0.0001,0.0001,0,0,0.0001,0.0001,0.0001,0.0001,0,0,0,0,0.0001,0.0001,0.0002,0,0,0,0.2056,0.2109,0.2056,0.2109,1
1.1883,0,0,0.5941,0,1.1883,1.7824,0.5941,0.5941,2.9706,0,0,1.1883,0,0,1.1883,0,3.5648,0,0,0.0001,0,0,0,0,0.0001,0.0001,0,0,0.0002,0,0,0.0001,0,0,0.0001,0,0.0003,0,0,0.1663,0.2396,0.1663,0.2396,1
0.7257,0,0,0,0,0,0,0.7257,1.4513,0.7257,0,0,0,0.7257,1.4513,0.7257,0,0.7257,0,0,0.0002,0,0,0,0,0,0,0.0002,0.0003,0.0002,0,0,0,0.0002,0.0003,0.0002,0,0.0002,0,0,0.1864,0.088,0.1864,0.088,1
1.3456,0,0.6728,0,0.6728,1.3456,0,0.6728,0.6728,0.6728,0,0,0,0.6728,0,0,2.0184,0,1.3456,0,0.0001,0,0.0001,0,0.0001,0.0001,0,0.0001,0.0001,0.0001,0,0,0,0.0001,0,0,0.0002,0,0.0001,0,0.1607,0.1665,0.1607,0.1665,1
0.5867,0,0,0.5867,0.5867,0,0,1.1734,1.1734,0,0,1.7601,0,0.5867,1.7601,0,0,0.5867,0,0,0.0001,0,0,0.0001,0.0001,0,0,0.0002,0.0002,0,0,0.0003,0,0.0001,0.0003,0,0,0.0001,0,0,0.1757,0.2376,0.1757,0.2376,1
0.6013,0.6013,0.6013,1.2026,0,1.2026,1.2026,0,0.6013,2.4051,0,0,0,0,0.6013,0,0.6013,0,0,0,0.0001,0.0001,0.0001,0.0001,0,0.0001,0.0001,0,0.0001,0.0002,0,0,0,0,0.0001,0,0.0001,0,0,0,0.1932,0.2055,0.1932,0.2055,1
2.181,0.727,0.727,0,0.727,2.181,0,0,0,1.454,0,0,0.727,0,0,0,0.727,2.181,0,1.454,0.0002,0.0001,0.0001,0,0.0001,0.0002,0,0,0,0.0001,0,0,0.0001,0,0,0,0.0001,0.0002,0,0.0001,0.1414,0.1316,0.1414,0.1316,1
0.5811,0,0.5811,0,0.5811,0.5811,0.5811,0.5811,0.5811,2.9057,0.5811,1.7434,0,0,0.5811,1.1623,0,0.5811,0,0,0,0,0,0,0,0,0,0,0,0.0002,0,0.0001,0,0,0,0.0001,0,0,0,0,0.1867,0.2322,0.1867,0.2322,1
0.5763,0.5763,1.1527,0,0,0.5763,0.5763,0,1.1527,0,1.1527,1.1527,1.729,0.5763,4.6106,0.5763,1.1527,0,0,0.5763,0,0,0.0001,0,0,0,0,0,0.0001,0,0.0001,0.0001,0.0001,0,0.0004,0,0.0001,0,0,0,0.1878,0.2359,0.1878,0.2359,1
0,0.4951,0,0.4951,0.4951,0.4951,0,0,1.4852,1.9802,0,0,0.4951,0,1.9802,0,0.4951,0.4951,0.4951,0.4951,0,0,0,0,0,0,0,0,0.0001,0.0002,0,0,0,0,0.0002,0,0,0,0,0,0.2438,0.2611,0.2438,0.2611,1
1.5393,0,0.7697,0,0,0,0,0,3.0786,0.7697,0,0,0,0,0,0,0,3.0786,0,0.7697,0.0003,0,0.0001,0,0,0,0,0,0.0006,0.0001,0,0,0,0,0,0,0,0.0006,0,0.0001,0.0973,0.1331,0.0973,0.1331,1
0,0,0,0,0,2.7495,2.0621,0,0,0,0,0.6874,0,0,0,0,2.0621,1.3747,0,0,0,0,0,0,0,0.0005,0.0004,0,0,0,0,0.0001,0,0,0,0,0.0004,0.0003,0,0,0.159,0.1536,0.159,0.1536,1
1.1493,1.1493,0.5747,0,0.5747,2.8733,0.5747,0.5747,0,0.5747,0,0,1.1493,0,0.5747,1.1493,0.5747,1.1493,1.1493,0,0.0001,0.0001,0,0,0,0.0002,0,0,0,0,0,0,0.0001,0,0,0.0001,0,0.0001,0.0001,0,0.2331,0.1922,0.2331,0.1922,1
0,3.7637,0,0.6273,0,3.1365,0,0,0,1.2546,0.6273,1.2546,1.8819,0,0.6273,0.6273,3.1365,1.2546,0.6273,0,0,0.0001,0,0,0,0.0001,0,0,0,0,0,0,0.0001,0,0,0,0.0001,0,0,0,0.1936,0.1791,0.1936,0.1791,1
2.0982,0,0,0,0.6994,0.6994,0.6994,0.6994,0.6994,0.6994,0,0,0,0,0.6994,0,0,0.6994,0,0.6994,0.0003,0,0,0,0.0001,0.0001,0.0001,0.0001,0.0001,0.0001,0,0,0,0,0.0001,0,0,0.0001,0,0.0001,0.1456,0.155,0.1456,0.155,1
0,0,0.8411,0,0.8411,0,0,2.5233,0,1.6822,0,0,0,0,0,0.8411,0,0.8411,0.8411,0,0,0,0.0001,0,0.0001,0,0,0.0004,0,0.0003,0,0,0,0,0,0.0001,0,0.0001,0.0001,0,0.0803,0.0786,0.0803,0.0786,1
2.1261,3.1892,0,0.5315,0.5315,1.5946,0,1.5946,0,1.0631,0.5315,0,0.5315,0.5315,2.1261,0,0.5315,0,0.5315,0.5315,0.0001,0.0001,0,0,0,0.0001,0,0.0001,0,0,0,0,0,0,0.0001,0,0,0,0,0,0.2255,0.243,0.2255,0.243,1
1.9807,0.6602,0,1.9807,0,0,0,0,0.6602,1.9807,0,0,0.6602,0,0,0,0.6602,0,1.3205,0,0.0002,0.0001,0,0.0002,0,0,0,0,0.0001,0.0002,0,0,0.0001,0,0,0,0.0001,0,0.0001,0,0.1912,0.1486,0.1912,0.1486,1
1.898,0.6327,0,0,0.6327,1.2653,0.6327,0.6327,0.6327,1.2653,0.6327,1.2653,0.6327,0,0.6327,0,1.2653,0.6327,0,0,0.0001,0,0,0,0,0.0001,0,0,0,0.0001,0,0.0001,0,0,0,0,0.0001,0,0,0,0.192,0.1753,0.192,0.1753,1
0,1.2585,0,0,0.6293,2.517,0,0,0.6293,1.2585,0,0,2.517,1.2585,1.2585,1.2585,0,0,0,0,0,0.0001,0,0,0,0.0002,0,0,0,0.0001,0,0,0.0002,0.0001,0.0001,0.0001,0,0,0,0,0.2055,0.1653,0.2055,0.1653,1
0,0.5759,0.5759,0.5759,1.1519,2.8797,0,0.5759,1.1519,0,1.1519,0,1.1519,0.5759,1.7278,0,0,0,0,0,0,0,0,0,0.0001,0.0002,0,0,0.0001,0,0.0001,0,0.0001,0,0.0001,0,0,0,0,0,0.1874,0.2367,0.1874,0.2367,1
2.1886,0,0.5472,1.0943,0.5472,0,0.5472,0,0,1.0943,0,0,0,0,1.0943,0.5472,1.6415,0,0,0.5472,0.0003,0,0.0001,0.0001,0.0001,0,0.0001,0,0,0.0001,0,0,0,0,0.0001,0.0001,0.0002,0,0,0.0001,0.1991,0.2538,0.1991,0.2538,1
2.6087,0,0.5217,0,2.0869,3.1304,0.5217,0,0.5217,1.0435,0.5217,1.0435,0,0,0,1.0435,0,2.0869,0.5217,0,0.0001,0,0,0,0.0001,0.0002,0,0,0,0.0001,0,0.0001,0,0,0,0.0001,0,0.0001,0,0,0.255,0.2232,0.255,0.2232,1
0.5646,0.5646,0.5646,0.5646,0,0.5646,0.5646,0.5646,1.6937,0,0,0.5646,0,0.5646,1.1292,0.5646,1.1292,0.5646,0,0.5646,0.0001,0.0001,0.0001,0.0001,0,0.0001,0.0001,0.0001,0.0002,0,0,0.0001,0,0.0001,0.0001,0.0001,0.0001,0.0001,0,0.0001,0.2226,0.2128,0.2226,0.2128,1
0.4971,0,0.4971,0,0.9941,0.4971,0.9941,0.4971,0.9941,0,0.4971,0.4971,0,0.4971,1.4912,0,0.9941,0,0.4971,0.4971,0.0001,0,0.0001,0,0.0001,0.0001,0.0001,0.0001,0.0001,0,0.0001,0.0001,0,0.0001,0.0002,0,0.0001,0,0.0001,0.0001,0.2384,0.2645,0.2384,0.2645,1
0.8853,0,1.7706,0,0,0.4427,0.8853,0,1.328,1.328,0,0.4427,0.4427,0.4427,0.4427,0,0.8853,3.0986,0,0,0.0001,0,0.0002,0,0,0,0.0001,0,0.0001,0.0001,0,0,0,0,0,0,0.0001,0.0003,0,0,0.2977,0.2597,0.2977,0.2597,1
2.028,0,0.676,0,0.676,0,0,1.352,1.352,2.028,0,1.352,0,0.676,0,0,0,1.352,0,0,0.0002,0,0.0001,0,0.0001,0,0,0.0001,0.0001,0.0002,0,0.0001,0,0.0001,0,0,0,0.0001,0,0,0.1436,0.1804,0.1436,0.1804,1
1.6309,0,1.0873,1.0873,0,0,0,0,2.1745,1.6309,0,1.0873,0,0,0,1.0873,0,1.0873,0,0,0.0002,0,0.0001,0.0001,0,0,0,0,0.0002,0.0002,0,0.0001,0,0,0,0.0001,0,0.0001,0,0,0.2292,0.2272,0.2292,0.2272,1
0,0,1.6595,0,1.1063,0.5532,0.5532,0,0,0,2.2127,0,1.1063,0,1.1063,0.5532,1.6595,0.5532,0.5532,0.5532,0,0,0.0002,0,0.0001,0.0001,0.0001,0,0,0,0.0002,0,0.0001,0,0.0001,0.0001,0.0002,0.0001,0.0001,0.0001,0.259,0.1878,0.259,0.1878,1
0,0.5928,1.1856,0.5928,0,0,0,0.5928,0,1.1856,0,0,0,0,0.5928,0.5928,0,0.5928,1.7784,0.5928,0,0,0.0001,0,0,0,0,0,0,0.0001,0,0,0,0,0,0,0,0,0.0001,0,0.1835,0.2237,0.1835,0.2237,1
1.488,0.744,1.488,0,0.744,0.744,0,0.744,0,1.488,0,0.744,0,0,0,1.488,0,0.744,0,0.744,0.0001,0.0001,0.0001,0,0.0001,0.0001,0,0.0001,0,0.0001,0,0.0001,0,0,0,0.0001,0,0.0001,0,0.0001,0.1312,0.1247,0.1312,0.1247,1
3.0025,0,0,0.7506,0,0,0,0,3.0025,0.7506,0,0,0,0,0,0,0.7506,3.7532,0,0.7506,0.0005,0,0,0.0001,0,0,0,0,0.0005,0.0001,0,0,0,0,0,0,0.0001,0.0007,0,0.0001,0.1054,0.144,0.1054,0.144,1
0,0.5545,0.5545,1.1091,0.5545,0.5545,1.6636,0,1.1091,0,1.1091,0,0.5545,0,0.5545,1.1091,0.5545,0,0,1.1091,0,0.0001,0.0001,0.0001,0.0001,0.0001,0.0002,0,0.0001,0,0.0001,0,0.0001,0,0.0001,0.0001,0.0001,0,0,0.0001,0.2086,0.2369,0.2086,0.2369,1
0,2.9448,0,0,0,1.4724,0,0,0,0.7362,0.7362,0.7362,3.681,0,2.2086,0.7362,1.4724,0,0,0,0,0.0002,0,0,0,0.0001,0,0,0,0,0,0,0.0002,0,0.0001,0,0.0001,0,0,0,0.1123,0.1515,0.1123,0.1515,1
0.6567,0.6567,1.9702,0,0,0,0.6567,1.9702,0.6567,0,0.6567,0,1.3135,0.6567,0,0.6567,2.627,0.6567,0,0,0.0001,0.0001,0.0002,0,0,0,0.0001,0.0002,0.0001,0,0.0001,0,0.0001,0.0001,0,0.0001,0.0002,0.0001,0,0,0.1322,0.211,0.1322,0.211,1
0.4173,0,0.4173,0.4173,0,1.2518,0.4173,0,2.0863,0,0,0,0.4173,0.4173,4.1726,0.4173,0,0.8345,0,1.2518,0,0,0,0,0,0.0001,0,0,0.0002,0,0,0,0,0,0.0005,0,0,0.0001,0,0.0001,0.2615,0.3212,0.2615,0.3212,1
2.6812,0.5362,0.5362,0,0,1.0725,0,1.6087,2.145,2.145,0.5362,0.5362,1.0725,0,0,2.145,0,0.5362,0,0,0.0001,0,0,0,0,0.0001,0,0.0001,0.0001,0.0001,0,0,0.0001,0,0,0.0001,0,0,0,0,0.2128,0.2509,0.2128,0.2509,1
0.5675,0.5675,0.5675,0,1.135,0,0,0.5675,1.7024,0.5675,0,0,1.7024,0,0.5675,1.7024,2.2699,1.135,0,1.135,0,0,0,0,0.0001,0,0,0,0.0001,0,0,0,0.0001,0,0,0.0001,0.0002,0.0001,0,0.0001,0.1918,0.2407,0.1918,0.2407,1
4.0762,0,0,0,0.8152,0,0,0,2.4457,2.4457,0,0.8152,0.8152,0,0.8152,0,0.8152,2.4457,0,0,0.0006,0,0,0,0.0001,0,0,0,0.0004,0.0004,0,0.0001,0.0001,0,0.0001,0,0.0001,0.0004,0,0,0.0694,0.1154,0.0694,0.1154,1
0.5502,0,0,0,0,0,0.5502,1.1003,0.5502,1.1003,0,0.5502,0,0,1.6505,0.5502,0,1.6505,0.5502,1.1003,0.0001,0,0,0,0,0,0.0001,0.0002,0.0001,0.0002,0,0.0001,0,0,0.0003,0.0001,0,0.0003,0.0001,0.0002,0.2075,0.2423,0.2075,0.2423,1
1.2305,0,0,0.6153,0.6153,1.2305,1.2305,0.6153,1.2305,1.8458,0,0,1.2305,0,0,1.2305,0,3.6916,0,0,0.0001,0,0,0,0,0.0001,0.0001,0,0.0001,0.0001,0,0,0.0001,0,0,0.0001,0,0.0003,0,0,0.1561,0.2287,0.1561,0.2287,1
1.4125,0,0.4708,0.9417,0.9417,0.4708,0.4708,0,1.4125,0.4708,0.9417,0,0.4708,0.4708,1.4125,0,0.4708,0.9417,0,0.9417,0.0001,0,0,0.0001,0.0001,0,0,0,0.0001,0,0.0001,0,0,0,0.0001,0,0,0.0001,0,0.0001,0.2469,0.2823,0.2469,0.2823,1
1.8526,0,0.6175,0.6175,0,0,0,0.6175,0.6175,1.2351,0,0,0.6175,0,1.2351,0,0.6175,1.2351,1.2351,0,0.0002,0,0.0001,0.0001,0,0,0,0.0001,0.0001,0.0001,0,0,0.0001,0,0.0001,0,0.0001,0.0001,0.0001,0,0.2359,0.1466,0.2359,0.1466,1
1.6893,0,0,0,2.5339,0,0,0,3.3786,1.6893,0,0,0,0,0,0,0,1.6893,0,0,0.0004,0,0,0,0.0006,0,0,0,0.0008,0.0004,0,0,0,0,0,0,0,0.0004,0,0,0.0566,0.0988,0.0566,0.0988,1
0,0,1.2761,2.9776,0,0,0,2.1269,2.5522,0.4254,0,0.4254,0,1.2761,0,0,0.4254,0,0.8507,0.4254,0,0,0.0001,0.0002,0,0,0,0.0002,0.0002,0,0,0,0,0.0001,0,0,0,0,0.0001,0,0.2733,0.3013,0.2733,0.3013,1
0,0.5631,1.6894,0,0.5631,0,0,0,0.5631,2.8157,0,0.5631,0,0,0.5631,1.1263,0,0,1.6894,0,0,0,0.0001,0,0,0,0,0,0,0.0001,0,0,0,0,0,0.0001,0,0,0.0001,0,0.2151,0.2218,0.2151,0.2218,1
1.0602,0,1.0602,2.1203,0.5301,0.5301,0,0,0,1.5902,0.5301,0,1.0602,0,1.5902,0,0,0,0,0.5301,0.0001,0,0.0001,0.0002,0,0,0,0,0,0.0001,0,0,0.0001,0,0.0001,0,0,0,0,0,0.2667,0.2032,0.2667,0.2032,1
2.4186,0,0,0,0.8062,0,0,0,3.2248,2.4186,0,0,1.6124,0,0,0,0,3.2248,0,0.8062,0.0004,0,0,0,0.0001,0,0,0,0.0005,0.0004,0,0,0.0003,0,0,0,0,0.0005,0,0.0001,0.0839,0.1099,0.0839,0.1099,1
1.2564,1.2564,0,0,0,1.8846,1.2564,0,0,0.6282,0.6282,1.8846,0,0,1.2564,1.2564,0.6282,0.6282,0,0,0.0001,0.0001,0,0,0,0.0002,0.0001,0,0,0.0001,0.0001,0.0002,0,0,0.0001,0.0001,0.0001,0.0001,0,0,0.1973,0.1745,0.1973,0.1745,1
0.72,0,0,0,1.4399,1.4399,0,0.72,0.72,0,1.4399,3.5998,1.4399,0,0,0,2.8799,0,0,0,0.0001,0,0,0,0.0001,0.0001,0,0.0001,0.0001,0,0.0001,0.0003,0.0001,0,0,0,0.0002,0,0,0,0.1305,0.1495,0.1305,0.1495,1
0.6277,0,0.6277,0,0,0,0.6277,0.6277,0.6277,1.2553,0,0.6277,0,0,0,0.6277,0,0.6277,1.2553,0.6277,0.0001,0,0.0001,0,0,0,0.0001,0.0001,0.0001,0.0001,0,0.0001,0,0,0,0.0001,0,0.0001,0.0001,0.0001,0.1723,0.2001,0.1723,0.2001,1
2.3355,0,1.557,0,0,0,0.7785,0,0,0,0.7785,0,0.7785,0,0,2.3355,0,1.557,0,0.7785,0.0003,0,0.0002,0,0,0,0.0001,0,0,0,0.0001,0,0.0001,0,0,0.0003,0,0.0002,0,0.0001,0.1156,0.1059,0.1156,0.1059,1
0.5215,0,0.5215,1.5646,0.5215,0,2.0861,1.0431,1.5646,0,0,0.5215,0,1.5646,1.0431,0.5215,0,1.5646,0,0.5215,0.0001,0,0.0001,0.0002,0.0001,0,0.0003,0.0001,0.0002,0,0,0.0001,0,0.0002,0.0001,0.0001,0,0.0002,0,0.0001,0.2451,0.2333,0.2451,0.2333,1
0,0,1.6686,0,1.6686,0.5562,0,0,1.1124,0.5562,0.5562,0,0,0,1.1124,1.1124,0.5562,1.6686,0,0,0,0,0.0001,0,0.0001,0,0,0,0.0001,0,0,0,0,0,0.0001,0.0001,0,0.0001,0,0,0.2563,0.1875,0.2563,0.1875,1
3.4071,0,0,0,0,0,0,0,1.7035,1.7035,0,0,0.8518,0,1.7035,0,0,0.8518,0,0,0.0008,0,0,0,0,0,0,0,0.0004,0.0004,0,0,0.0002,0,0.0004,0,0,0.0002,0,0,0.0552,0.093,0.0552,0.093,1
0.6695,0,0,0,0.6695,0.6695,0,0,4.6862,0,0.6695,0,0,0.6695,0.6695,0,2.0084,2.6778,0,0,0.0001,0,0,0,0.0001,0.0001,0,0,0.0008,0,0.0001,0,0,0.0001,0.0001,0,0.0003,0.0004,0,0,0.1441,0.1864,0.1441,0.1864,1
2.0945,0,0,1.3963,0.6982,0,0,0.6982,0.6982,0,0,0.6982,3.4908,0.6982,0,0.6982,2.7927,0.6982,0,0,0.0003,0,0,0.0002,0.0001,0,0,0.0001,0.0001,0,0,0.0001,0.0004,0.0001,0,0.0001,0.0004,0.0001,0,0,0.1877,0.1141,0.1877,0.1141,1
0.472,0.472,0.944,0.944,0.472,0.944,0,0,0.944,0.472,0.472,0,0,0,1.8879,0,0.472,0.472,0.472,0.472,0,0,0.0001,0.0001,0,0.0001,0,0,0.0001,0,0,0,0,0,0.0002,0,0,0,0,0,0.2855,0.2425,0.2855,0.2425,1
1.5058,0.7529,1.5058,0,0,0,0.7529,0,0.7529,0,0.7529,0,0,0,0.7529,0.7529,0.7529,0,0,0,0.0002,0.0001,0.0002,0,0,0,0.0001,0,0.0001,0,0.0001,0,0,0,0.0001,0.0001,0.0001,0,0,0,0.1446,0.1025,0.1446,0.1025,1
1.0323,1.0323,1.0323,0,0,0,0,1.0323,0,0.5162,0.5162,0,0.5162,0.5162,2.0647,0.5162,1.0323,1.5485,0.5162,1.0323,0.0001,0.0001,0.0001,0,0,0,0,0.0001,0,0,0,0,0,0,0.0001,0,0.0001,0.0001,0,0.0001,0.2711,0.2128,0.2711,0.2128,1
0,0,0.6879,0,0,0,0,0.6879,2.0637,1.3758,0,0,0.6879,0,0,0,0,0.6879,0.6879,0,0,0,0.0001,0,0,0,0,0.0001,0.0003,0.0002,0,0,0.0001,0,0,0,0,0.0001,0.0001,0,0.1962,0.1159,0.1962,0.1159,1
0.6856,0.6856,2.0569,0,0.6856,0,0,0.6856,0,1.3713,0.6856,0,0.6856,0,0,2.7426,1.3713,1.3713,0,0,0,0,0.0001,0,0,0,0,0,0,0.0001,0,0,0,0,0,0.0002,0.0001,0.0001,0,0,0.171,0.1434,0.171,0.1434,1
0,0,0,0.6533,1.96,0,0,0,0.6533,1.3066,0.6533,1.3066,0.6533,0,0.6533,0,0,1.3066,0,0.6533,0,0,0,0.0001,0.0002,0,0,0,0.0001,0.0001,0.0001,0.0001,0.0001,0,0.0001,0,0,0.0001,0,0.0001,0.1858,0.1609,0.1858,0.1609,1
2.0688,0,0,0,2.0688,1.3792,0,0,0,1.3792,0,0,0,1.3792,0.6896,1.3792,1.3792,1.3792,0,0.6896,0.0002,0,0,0,0.0002,0.0001,0,0,0,0.0001,0,0,0,0.0001,0.0001,0.0001,0.0001,0.0001,0,0.0001,0.151,0.1594,0.151,0.1594,1
1.4956,0,0,0,0,1.4956,0,0,0,5.9825,0,0,0.7478,0,0.7478,0.7478,0.7478,0.7478,0,0,0.0001,0,0,0,0,0.0001,0,0,0,0.0005,0,0,0.0001,0,0.0001,0.0001,0.0001,0.0001,0,0,0.1187,0.1335,0.1187,0.1335,1
1.1087,0,0,1.6631,0,1.1087,0,0.5544,0.5544,1.1087,1.1087,1.1087,1.1087,0.5544,0.5544,0,1.1087,0.5544,0,0.5544,0.0001,0,0,0.0001,0,0.0001,0,0,0,0.0001,0.0001,0.0001,0.0001,0,0,0,0.0001,0,0,0,0.2336,0.2121,0.2336,0.2121,1
1.2482,1.2482,0,0.6241,0.6241,1.2482,0.6241,0.6241,0,1.2482,0.6241,0,3.1205,0,1.8723,0,0,1.2482,0,0.6241,0.0001,0.0001,0,0,0,0.0001,0,0,0,0.0001,0,0,0.0002,0,0.0001,0,0,0.0001,0,0,0.1752,0.2007,0.1752,0.2007,1
0.6503,0.6503,0,0,0,0,0,0,1.3006,2.6013,0.6503,0,0,0,1.3006,0,1.3006,0,0,0,0.0001,0.0001,0,0,0,0,0,0,0.0002,0.0004,0.0001,0,0,0,0.0002,0,0.0002,0,0,0,0.1997,0.15,0.1997,0.15,1
0,0,1.4304,0,0,0.7152,0,0,0.7152,1.4304,0,0,1.4304,0.7152,0,0,0,0,0.7152,0,0,0,0.0002,0,0,0.0001,0,0,0.0001,0.0002,0,0,0.0002,0.0001,0,0,0,0,0.0001,0,0.1878,0.097,0.1878,0.097,1
3.4902,0,0,0,0,0,0,0,2.7922,2.7922,0,0,1.3961,0,1.3961,0,0.698,1.3961,0,0,0.0005,0,0,0,0,0,0,0,0.0004,0.0004,0,0,0.0002,0,0.0002,0,0.0001,0.0002,0,0,0.1691,0.1329,0.1691,0.1329,1
0.5249,1.0499,1.5748,0,0.5249,0,1.0499,0.5249,0.5249,1.5748,0,1.5748,1.0499,0,0,1.0499,0.5249,0,1.0499,0.5249,0,0.0001,0.0001,0,0,0,0.0001,0,0,0.0001,0,0.0001,0.0001,0,0,0.0001,0,0,0.0001,0,0.2272,0.2479,0.2272,0.2479,1
0.6047,0,0,0,0.6047,0.6047,0.6047,0.6047,0.6047,0.6047,0,0,0,0.6047,2.419,0,0,0.6047,0,0.6047,0.0001,0,0,0,0.0001,0.0001,0.0001,0.0001,0.0001,0.0001,0,0,0,0.0001,0.0005,0,0,0.0001,0,0.0001,0.1808,0.2144,0.1808,0.2144,1
1.7077,0,0,0,0.8539,0,0,0,3.4155,0.8539,0,0,0,0,0,0.8539,0.8539,2.5616,0,0,0.0004,0,0,0,0.0002,0,0,0,0.0007,0.0002,0,0,0,0,0,0.0002,0.0002,0.0005,0,0,0.057,0.0891,0.057,0.0891,1
0.6114,0,0.6114,0.6114,1.2228,0.6114,0,0,1.2228,3.057,0,0,0.6114,0,0,0,0,0,0,0,0.0001,0,0.0001,0.0001,0.0001,0.0001,0,0,0.0001,0.0003,0,0,0.0001,0,0,0,0,0,0,0,0.1726,0.216,0.1726,0.216,1
0.629,1.258,0.629,0,0,1.8871,0,1.8871,0.629,1.8871,0,2.5161,0.629,0.629,0,1.258,1.258,0.629,0,0,0,0.0001,0,0,0,0.0001,0,0.0001,0,0.0001,0,0.0001,0,0,0,0.0001,0.0001,0,0,0,0.1799,0.1911,0.1799,0.1911,1
0.8542,0,0,0,2.5625,0,0,0,3.4166,3.4166,0,0,0,0,0,0,0,0.8542,0,0,0.0002,0,0,0,0.0007,0,0,0,0.0009,0.0009,0,0,0,0,0,0,0,0.0002,0,0,0.0564,0.0894,0.0564,0.0894,1
0,0,0.434,2.17,0,0,0,1.302,1.736,0.434,0.868,0,0,0.434,0.434,0.434,1.302,0,0.868,0.434,0,0,0,0.0002,0,0,0,0.0001,0.0002,0,0.0001,0,0,0,0,0,0.0001,0,0.0001,0,0.272,0.294,0.272,0.294,1
0.5536,1.6608,0,0,0.5536,2.768,0.5536,0.5536,1.1072,1.1072,0.5536,0.5536,0,0.5536,0.5536,0,2.2144,0,0.5536,0,0,0.0001,0,0,0,0.0002,0,0,0.0001,0.0001,0,0,0,0,0,0,0.0001,0,0,0,0.2443,0.2021,0.2443,0.2021,1
0,0,0.5856,0,0,1.7568,0,0.5856,0,0,0,1.1712,0.5856,0,1.7568,0.5856,2.3424,0.5856,0.5856,0,0,0,0.0001,0,0,0.0002,0,0.0001,0,0,0,0.0001,0.0001,0,0.0002,0.0001,0.0003,0.0001,0.0001,0,0.1855,0.2289,0.1855,0.2289,1
0,0,0.442,3.0942,0,0,0,1.3261,2.6522,0.442,0,0,0,0,0,0.442,0.8841,0,0.8841,0.8841,0,0,0,0.0003,0,0,0,0.0001,0.0003,0,0,0,0,0,0,0,0.0001,0,0.0001,0.0001,0.2526,0.3054,0.2526,0.3054,1
0.683,0,0.683,0,0,1.366,0,0,0.683,2.0491,0,0.683,0.683,0,0.683,0.683,0,0,0,0,0.0001,0,0.0001,0,0,0.0002,0,0,0.0001,0.0002,0,0.0001,0.0001,0,0.0001,0.0001,0,0,0,0,0.1788,0.1382,0.1788,0.1382,1
0,0,0.5855,1.171,0.5855,1.7566,0,0.5855,1.7566,0.5855,1.171,0,0,0,0,0,2.3421,1.171,0,0.5855,0,0,0.0001,0.0001,0.0001,0.0002,0,0.0001,0.0002,0.0001,0.0001,0,0,0,0,0,0.0002,0.0001,0,0.0001,0.2059,0.2086,0.2059,0.2086,1
1.3276,0.6638,0,1.9913,0,0.6638,0,0.6638,0.6638,1.3276,0,0,0.6638,0,0,0,2.6551,0.6638,0,0,0.0001,0.0001,0,0.0002,0,0.0001,0,0.0001,0.0001,0.0001,0,0,0.0001,0,0,0,0.0003,0.0001,0,0,0.1984,0.1378,0.1984,0.1378,1
0,0,0.6153,0.6153,1.846,0,0.6153,0,0.6153,0,0,1.846,1.846,0,0.6153,0.6153,0,1.2307,0,0,0,0,0.0001,0.0001,0.0002,0,0.0001,0,0.0001,0,0,0.0002,0.0002,0,0.0001,0.0001,0,0.0001,0,0,0.2324,0.1522,0.2324,0.1522,1
1.8677,0.6226,1.2451,0,0.6226,0.6226,1.2451,1.2451,0,0,0.6226,0.6226,1.2451,1.2451,0.6226,0.6226,1.2451,2.4902,0,0,0.0002,0.0001,0.0001,0,0.0001,0.0001,0.0001,0.0001,0,0,0.0001,0.0001,0.0001,0.0001,0.0001,0.0001,0.0001,0.0002,0,0,0.2045,0.173,0.2045,0.173,1
1.4159,0,0,0,0.708,0.708,0,0,0.708,1.4159,0,0,0,0,0.708,0,0.708,0.708,0.708,0.708,0.0002,0,0,0,0.0001,0.0001,0,0,0.0001,0.0002,0,0,0,0,0.0001,0,0.0001,0.0001,0.0001,0.0001,0.1456,0.1464,0.1456,0.1464,1
2.1488,0,0.5372,0,1.6116,1.6116,1.6116,0,0.5372,1.0744,0,0,0,0.5372,1.6116,0.5372,1.0744,1.0744,0,0,0.0002,0,0.0001,0,0.0002,0.0002,0.0002,0,0.0001,0.0001,0,0,0,0.0001,0.0002,0.0001,0.0001,0.0001,0,0,0.2351,0.2277,0.2351,0.2277,1
0.6888,0,0,0,2.0663,0,0,0,2.7551,3.4438,0,0.6888,0,0,4.1326,0,0.6888,2.7551,0,0,0.0001,0,0,0,0.0003,0,0,0,0.0004,0.0006,0,0.0001,0,0,0.0007,0,0.0001,0.0004,0,0,0.143,0.1682,0.143,0.1682,1
1.0263,1.5395,0,0,1.0263,1.0263,0,0,2.0527,0.5132,0.5132,0,0.5132,1.0263,0.5132,0.5132,1.5395,2.5658,0,1.0263,0.0001,0.0001,0,0,0.0001,0.0001,0,0,0.0001,0,0,0,0,0.0001,0,0,0.0001,0.0001,0,0.0001,0.2592,0.2277,0.2592,0.2277,1
0.5911,1.1822,1.1822,0,0,0,0.5911,0,0.5911,0,1.7733,1.1822,0,0,1.7733,1.7733,0.5911,1.1822,0,0,0,0.0001,0.0001,0,0,0,0,0,0,0,0.0001,0.0001,0,0,0.0001,0.0001,0,0.0001,0,0,0.1902,0.2187,0.1902,0.2187,1
0,2.1482,0,0,1.0741,0.537,0,0.537,1.0741,0,0,0,0,0,2.6852,0,0,0,0.537,1.0741,0,0.0001,0,0,0.0001,0,0,0,0.0001,0,0,0,0,0,0.0001,0,0,0,0,0.0001,0.23,0.2329,0.23,0.2329,1
0.6066,0,1.2133,0.6066,1.2133,1.2133,0,0,0.6066,0.6066,0,0,0,0,3.0331,0,0.6066,0,0,0,0.0001,0,0.0001,0.0001,0.0001,0.0001,0,0,0.0001,0.0001,0,0,0,0,0.0003,0,0.0001,0,0,0,0.2831,0.1103,0.2831,0.1103,1
1.5479,0,1.032,0.516,1.032,0.516,0.516,1.032,1.032,0,0.516,1.032,1.032,0.516,0.516,0,1.032,2.0639,0,0.516,0.0001,0,0.0001,0,0.0001,0,0,0.0001,0.0001,0,0,0.0001,0.0001,0,0,0,0.0001,0.0002,0,0,0.2367,0.2473,0.2367,0.2473,1
0.6155,0.6155,1.8465,0.6155,0.6155,0,0,1.8465,0,1.231,0,0.6155,0.6155,0,0,1.8465,0.6155,0.6155,0,0,0,0,0.0001,0,0,0,0,0.0001,0,0.0001,0,0,0,0,0,0.0001,0,0,0,0,0.1993,0.1852,0.1993,0.1852,1
0.4859,0,0.4859,0.4859,0,0.9717,1.4576,0.9717,0,3.401,0.4859,0,1.4576,0,1.4576,0.4859,0,1.4576,0,0,0.0001,0,0.0001,0.0001,0,0.0001,0.0002,0.0001,0,0.0004,0.0001,0,0.0002,0,0.0002,0.0001,0,0.0002,0,0,0.2539,0.2602,0.2539,0.2602,1
0,1.1349,0.5675,0.5675,0,0.5675,0.5675,1.1349,0,2.2698,0,0,0,0.5675,2.8373,0,0,0,0,0,0,0.0001,0.0001,0.0001,0,0.0001,0.0001,0.0001,0,0.0002,0,0,0,0.0001,0.0003,0,0,0,0,0,0.1828,0.2497,0.1828,0.2497,1
0.5562,0,0.5562,1.6687,0,1.6687,0.5562,1.1125,0.5562,1.1125,1.6687,0,0,0,0.5562,0,0,0,0,0,0.0001,0,0.0001,0.0002,0,0.0002,0.0001,0.0001,0.0001,0.0001,0.0002,0,0,0,0.0001,0,0,0,0,0,0.2094,0.2344,0.2094,0.2344,1
3.6992,0.7398,0,1.4797,0,1.4797,0.7398,0.7398,0,0.7398,0.7398,0,0.7398,0.7398,0,0,0.7398,0.7398,0,0,0.0003,0.0001,0,0.0001,0,0.0001,0.0001,0.0001,0,0.0001,0.0001,0,0.0001,0.0001,0,0,0.0001,0.0001,0,0,0.1173,0.1429,0.1173,0.1429,1
2.2911,0,0.7637,0,0,0,0.7637,1.5274,0,0,0,0.7637,0,0.7637,0,1.5274,0.7637,1.5274,0,0,0.0003,0,0.0001,0,0,0,0.0001,0.0002,0,0,0,0.0001,0,0.0001,0,0.0002,0.0001,0.0002,0,0,0.1209,0.1154,0.1209,0.1154,1
3.4261,0,0,0,0,0,0,0.6852,2.7409,2.0557,0,0,1.3704,0,1.3704,0,0,2.7409,0,0,0.0005,0,0,0,0,0,0,0.0001,0.0004,0.0003,0,0,0.0002,0,0.0002,0,0,0.0004,0,0,0.1349,0.1799,0.1349,0.1799,1
2.5617,0,0.6404,0,1.2809,0,0.6404,0.6404,1.9213,3.2022,0,0,0.6404,0,0,1.2809,0.6404,0,0,0,0.0002,0,0.0001,0,0.0001,0,0.0001,0.0001,0.0002,0.0003,0,0,0.0001,0,0,0.0001,0.0001,0,0,0,0.1702,0.1894,0.1702,0.1894,1
0,0.5263,0,1.0525,0.5263,0,0,1.0525,0.5263,1.0525,0,0,0,0,1.5788,1.0525,0,0.5263,1.5788,0,0,0,0,0.0001,0,0,0,0.0001,0,0.0001,0,0,0,0,0.0001,0.0001,0,0,0.0001,0,0.237,0.2367,0.237,0.2367,1
2.5519,1.276,0.638,0,1.276,3.8279,0,1.276,0,1.276,0.638,0.638,0,0.638,0,1.914,1.276,0.638,0,0,0.0001,0.0001,0,0,0.0001,0.0002,0,0.0001,0,0.0001,0,0,0,0,0,0.0001,0.0001,0,0,0,0.1667,0.1953,0.1667,0.1953,1
1.9328,0,0.6443,0,0,1.2885,0,0.6443,0.6443,1.2885,0,0,0,0,1.2885,0,0,0,0,0,0.0002,0,0.0001,0,0,0.0002,0,0.0001,0.0001,0.0002,0,0,0,0,0.0002,0,0,0,0,0,0.182,0.1737,0.182,0.1737,1
1.4133,0.7066,1.4133,0,0,2.1199,0,0,0,2.1199,0.7066,0.7066,1.4133,0,0,1.4133,0,1.4133,0.7066,0,0.0001,0,0.0001,0,0,0.0001,0,0,0,0.0001,0,0,0.0001,0,0,0.0001,0,0.0001,0,0,0.1714,0.122,0.1714,0.122,1
0.576,0,0,0,0,2.3041,0,0,1.152,0.576,0,1.152,0,0,3.4561,0,0.576,1.152,0,0,0.0001,0,0,0,0,0.0003,0,0,0.0001,0.0001,0,0.0001,0,0,0.0004,0,0.0001,0.0001,0,0,0.219,0.2049,0.219,0.2049,1
0,0.5699,1.1398,0.5699,0.5699,0.5699,0.5699,1.7097,0,1.7097,0,0.5699,0,0.5699,1.1398,0.5699,2.2796,1.1398,0.5699,1.1398,0,0,0.0001,0,0,0,0,0.0001,0,0.0001,0,0,0,0,0.0001,0,0.0001,0.0001,0,0.0001,0.2191,0.211,0.2191,0.211,1
2.0604,0,0,0,0,0,1.0302,0,3.0907,0,0,0,0,0,1.5453,1.0302,0,0,1.0302,1.0302,0.0003,0,0,0,0,0,0.0001,0,0.0004,0,0,0,0,0,0.0002,0.0001,0,0,0.0001,0.0001,0.2054,0.2794,0.2054,0.2794,1
0,1.3559,0,0,0.6779,0,0.6779,1.3559,1.3559,0,2.0338,1.3559,0.6779,0,0.6779,0.6779,0,0,0,0,0,0.0001,0,0,0,0,0,0.0001,0.0001,0,0.0001,0.0001,0,0,0,0,0,0,0,0,0.199,0.123,0.199,0.123,1
1.7616,0,0,0.5872,0,0.5872,0,0.5872,0,4.1104,0,2.936,0,2.3488,1.1744,0.5872,0,0.5872,0,0,0.0001,0,0,0,0,0,0,0,0,0.0003,0,0.0002,0,0.0002,0.0001,0,0,0,0,0,0.1903,0.2225,0.1903,0.2225,1
2.0785,0,1.5589,1.5589,0,0,0,0,3.1177,0.5196,0,0,0,0.5196,0.5196,1.0392,0.5196,1.0392,0,0,0.0002,0,0.0002,0.0002,0,0,0,0,0.0003,0.0001,0,0,0,0.0001,0.0001,0.0001,0.0001,0.0001,0,0,0.2125,0.2679,0.2125,0.2679,1
0.4442,0,0.4442,2.6654,0,0,0,1.3327,2.6654,0.4442,0.4442,0,0,0,0,0.4442,0.8885,0,0.8885,0.4442,0,0,0,0.0002,0,0,0,0.0001,0.0002,0,0,0,0,0,0,0,0.0001,0,0.0001,0,0.2394,0.3164,0.2394,0.3164,1
0.6557,0,0.6557,0,0,1.3113,0,0.6557,1.3113,0.6557,0,0,0,0,1.3113,1.3113,0,0,0,0,0.0001,0,0.0001,0,0,0.0002,0,0.0001,0.0002,0.0001,0,0,0,0,0.0002,0.0002,0,0,0,0,0.2099,0.1345,0.2099,0.1345,1
1.3489,1.3489,0.6744,0,0.6744,0,0,0.6744,1.3489,2.0233,0,0,0,0,0,0.6744,1.3489,0,1.3489,0.6744,0.0001,0.0001,0,0,0,0,0,0,0.0001,0.0001,0,0,0,0,0,0,0.0001,0,0.0001,0,0.1856,0.14,0.1856,0.14,1
0,0,0,0,1.3014,0.6507,0,1.9521,1.3014,0.6507,0,0.6507,0,0,0,0.6507,0.6507,0,0.6507,0,0,0,0,0,0.0001,0.0001,0,0.0002,0.0001,0.0001,0,0.0001,0,0,0,0.0001,0.0001,0,0.0001,0,0.1568,0.1925,0.1568,0.1925,1
4.1096,0,0.4566,0,0,1.3699,0.4566,0.9132,2.2831,2.7397,0,0,0,0,0,0,0.4566,0,0.4566,0,0.0003,0,0,0,0,0.0001,0,0.0001,0.0002,0.0002,0,0,0,0,0,0,0,0,0,0,0.2466,0.2967,0.2466,0.2967,1
0,1.0885,0.5443,1.0885,1.0885,0.5443,1.6328,0,0,0,0,0.5443,2.7213,0.5443,0,0.5443,1.6328,0.5443,0.5443,1.0885,0,0.0001,0,0.0001,0.0001,0,0.0001,0,0,0,0,0,0.0002,0,0,0,0.0001,0,0,0.0001,0.2664,0.1893,0.2664,0.1893,1
0,0,1.2549,0.6274,0,1.8823,0,1.8823,0,2.5098,1.2549,1.2549,1.2549,0,0,0,0,0.6274,0,0,0,0,0.0001,0,0,0.0001,0,0.0001,0,0.0002,0.0001,0.0001,0.0001,0,0,0,0,0,0,0,0.1613,0.2113,0.1613,0.2113,1
2.0258,0.5064,2.0258,0,0.5064,0.5064,0.5064,0.5064,1.0129,1.0129,0.5064,0.5064,0,0,0,1.0129,1.0129,1.0129,0,0,0.0001,0,0.0001,0,0,0,0,0,0.0001,0.0001,0,0,0,0,0,0.0001,0.0001,0.0001,0,0,0.2128,0.2808,0.2128,0.2808,1
2.2185,0.7395,0,0.7395,0,0,0,0.7395,0.7395,1.479,0,0,0,0,0,0,0,2.2185,0,1.479,0.0002,0.0001,0,0.0001,0,0,0,0.0001,0.0001,0.0001,0,0,0,0,0,0,0,0.0002,0,0.0001,0.1372,0.1233,0.1372,0.1233,1
1.7751,0,0,0,0,0,0.5917,0,0.5917,0.5917,0,1.1834,0,0.5917,1.7751,0.5917,0.5917,0,0,0.5917,0.0003,0,0,0,0,0,0.0001,0,0.0001,0.0001,0,0.0002,0,0.0001,0.0003,0.0001,0.0001,0,0,0.0001,0.2251,0.1832,0.2251,0.1832,1
0.4801,0,0.4801,0,0,0.9602,0.4801,2.8805,1.4403,0.4801,0.4801,0.9602,0,0.4801,0.9602,0.9602,0.4801,0,0,0.9602,0,0,0,0,0,0.0001,0,0.0002,0.0001,0,0,0.0001,0,0,0.0001,0.0001,0,0,0,0.0001,0.2719,0.248,0.2719,0.248,1
0,1.1885,1.1885,0,1.1885,1.7827,0,0,0,0,1.7827,0,0.5942,0,0.5942,1.7827,1.1885,2.3769,0,1.7827,0,0.0001,0.0001,0,0.0001,0.0001,0,0,0,0,0.0001,0,0,0,0,0.0001,0.0001,0.0001,0,0.0001,0.2037,0.2021,0.2037,0.2021,1
1.222,0,0,0,0.611,0,0,1.833,1.222,0,0,0.611,0.611,0,1.222,1.222,0,0.611,0,0.611,0.0001,0,0,0,0.0001,0,0,0.0002,0.0001,0,0,0.0001,0.0001,0,0.0001,0.0001,0,0.0001,0,0.0001,0.2039,0.1851,0.2039,0.1851,1
1.4422,0,0,0.7211,0.7211,1.4422,0,0,0.7211,0,0.7211,0,0.7211,0,0,0,0,1.4422,0.7211,0,0.0002,0,0,0.0001,0.0001,0.0002,0,0,0.0001,0,0.0001,0,0.0001,0,0,0,0,0.0002,0.0001,0,0.1399,0.139,0.1399,0.139,1
0,0,0,0,1.3381,1.3381,0.6691,1.3381,0,0.6691,0,0.6691,0,0.6691,6.0216,0,0,0,0.6691,0,0,0,0,0,0.0002,0.0002,0.0001,0.0002,0,0.0001,0,0.0001,0,0.0001,0.0009,0,0,0,0.0001,0,0.1693,0.1616,0.1693,0.1616,1
0.6498,0,1.2996,0,1.2996,0,0.6498,0,0,1.2996,1.2996,0,1.9494,0,0.6498,1.9494,3.8987,1.2996,0,0,0.0001,0,0.0001,0,0.0001,0,0.0001,0,0,0.0001,0.0001,0,0.0002,0,0.0001,0.0002,0.0004,0.0001,0,0,0.1665,0.1837,0.1665,0.1837,1
0.6129,0,0,0,1.2257,0.6129,0,1.8386,0.6129,1.2257,0,0.6129,0,1.2257,3.6772,0,0.6129,0,0,0,0.0001,0,0,0,0.0002,0.0001,0,0.0002,0.0001,0.0002,0,0.0001,0,0.0002,0.0005,0,0.0001,0,0,0,0.2322,0.1549,0.2322,0.1549,1
0,0.7143,0.7143,0,0,0,1.4287,0,0,2.143,0,1.4287,1.4287,0,0,0.7143,0.7143,1.4287,0,0,0,0.0001,0.0001,0,0,0,0.0001,0,0,0.0002,0,0.0001,0.0001,0,0,0.0001,0.0001,0.0001,0,0,0.168,0.1176,0.168,0.1176,1
0.6765,0,0,0,0,2.0295,0,0,1.353,0.6765,0,0.6765,0,1.353,1.353,0,0.6765,0.6765,0,0,0.0001,0,0,0,0,0.0003,0,0,0.0002,0.0001,0,0.0001,0,0.0002,0.0002,0,0.0001,0.0001,0,0,0.1937,0.1298,0.1937,0.1298,1
1.3144,1.9716,0.6572,0,0.6572,1.3144,0.6572,1.9716,0,1.9716,0,0,0,0,0,1.3144,0.6572,0,0.6572,0.6572,0.0001,0.0001,0,0,0,0.0001,0,0.0001,0,0.0001,0,0,0,0,0,0.0001,0,0,0,0,0.1679,0.1749,0.1679,0.1749,1
1.7953,4.7874,0,0.5984,0,1.1968,0,0.5984,1.7953,0,0,0.5984,1.7953,0,0,0.5984,2.3937,1.1968,0.5984,0,0.0001,0.0002,0,0,0,0,0,0,0.0001,0,0,0,0.0001,0,0,0,0.0001,0,0,0,0.1957,0.2059,0.1957,0.2059,1
1.1803,0.5901,0.5901,0,1.1803,0.5901,0,0,0.5901,1.7704,0,0.5901,1.7704,0,1.1803,1.1803,0.5901,0.5901,0,1.1803,0.0001,0,0,0,0.0001,0,0,0,0,0.0001,0,0,0.0001,0,0.0001,0.0001,0,0,0,0.0001,0.218,0.1919,0.218,0.1919,1
0.5055,0,1.5166,0,0.5055,2.0222,0,0,1.5166,1.0111,0,0,1.0111,0,0.5055,0,0.5055,0.5055,0.5055,0,0,0,0.0001,0,0,0.0002,0,0,0.0001,0.0001,0,0,0.0001,0,0,0,0,0,0,0,0.2264,0.2681,0.2264,0.2681,1
0.9904,0,0.4952,0.4952,1.4856,1.4856,0.9904,0,0.4952,0.4952,0.9904,0,0.4952,0,0.4952,0.9904,1.9809,1.9809,0.4952,0.4952,0.0001,0,0,0,0.0001,0.0001,0.0001,0,0,0,0.0001,0,0,0,0,0.0001,0.0002,0.0002,0,0,0.2397,0.2651,0.2397,0.2651,1
0.529,0.529,1.0579,1.5869,0,0.529,0.529,0.529,1.5869,0,0,1.0579,1.0579,0.529,0,1.5869,1.5869,1.0579,0,1.0579,0,0,0.0001,0.0001,0,0,0,0,0.0001,0,0,0.0001,0.0001,0,0,0.0001,0.0001,0.0001,0,0.0001,0.244,0.2271,0.244,0.2271,1
0.5096,0.5096,0.5096,0,0,0,1.5287,0,1.5287,3.5669,0.5096,0.5096,2.0382,0.5096,0.5096,0,0,3.0573,0,0,0,0,0,0,0,0,0.0001,0,0.0001,0.0003,0,0,0.0002,0,0,0,0,0.0003,0,0,0.2484,0.242,0.2484,0.242,1
1.512,0,0,0.504,1.512,1.512,0.504,0,2.016,2.016,0,0.504,0,0,0,0.504,1.008,0,0,0,0.0001,0,0,0,0.0001,0.0001,0,0,0.0002,0.0002,0,0,0,0,0,0,0.0001,0,0,0,0.2548,0.2412,0.2548,0.2412,1
0.5628,0.5628,1.6883,0.5628,0.5628,0.5628,0,0,1.1255,0.5628,1.1255,0.5628,0.5628,0,0.5628,0.5628,1.1255,0.5628,0,0.5628,0,0,0.0001,0,0,0,0,0,0.0001,0,0.0001,0,0,0,0,0,0.0001,0,0,0,0.233,0.2043,0.233,0.2043,1
2.0192,0,1.0096,1.0096,0.5048,0,0,0.5048,2.0192,0.5048,1.0096,2.0192,0,0.5048,0,1.5144,1.0096,1.5144,0,0,0.0002,0,0.0001,0.0001,0,0,0,0,0.0002,0,0.0001,0.0002,0,0,0,0.0001,0.0001,0.0001,0,0,0.2513,0.2439,0.2513,0.2439,1
2.0514,0,0,0,1.5385,0.5128,1.0257,0,0,3.5899,0,0.5128,0,0,2.0514,0,1.5385,0,0,0,0.0002,0,0,0,0.0002,0.0001,0.0001,0,0,0.0004,0,0.0001,0,0,0.0002,0,0.0002,0,0,0,0.2905,0.1966,0.2905,0.1966,1
1.023,0.5115,0.5115,1.023,0,1.023,1.5344,0.5115,1.023,1.023,0.5115,0.5115,0,0.5115,0,2.0459,0.5115,2.5574,0,0,0.0001,0,0,0.0001,0,0.0001,0.0001,0,0.0001,0.0001,0,0,0,0,0,0.0001,0,0.0002,0,0,0.2665,0.2221,0.2665,0.2221,1
0,0,0.4416,3.5325,0,0,0,1.3247,2.6494,0.4416,0.4416,0,0,0,0,0.4416,0.8831,0,0.8831,0.4416,0,0,0,0.0003,0,0,0,0.0001,0.0002,0,0,0,0,0,0,0,0.0001,0,0.0001,0,0.2494,0.3091,0.2494,0.3091,1
0.5318,0.5318,1.0635,1.0635,0,2.127,0.5318,0.5318,0.5318,0.5318,1.5953,0.5318,1.0635,0.5318,0,1.0635,0,0.5318,0,0.5318,0,0,0.0001,0.0001,0,0.0001,0,0,0,0,0.0001,0,0.0001,0,0,0.0001,0,0,0,0,0.2047,0.2636,0.2047,0.2636,1
0.8626,0.8626,0,0,0.4313,0.4313,0.8626,0.4313,1.7251,0.4313,0,0.4313,0.4313,0,2.1564,0,0.8626,0.4313,0.8626,0.4313,0.0001,0.0001,0,0,0,0,0.0001,0,0.0001,0,0,0,0,0,0.0002,0,0.0001,0,0.0001,0,0.2782,0.2905,0.2782,0.2905,1
1.0664,0,0.5332,1.0664,1.0664,1.0664,1.0664,0.5332,1.0664,0.5332,0,0,0.5332,0,2.1328,0,1.0664,0.5332,0.5332,0.5332,0.0001,0,0.0001,0.0001,0.0001,0.0001,0.0001,0.0001,0.0001,0.0001,0,0,0.0001,0,0.0002,0,0.0001,0.0001,0.0001,0.0001,0.2194,0.2474,0.2194,0.2474,1
0,0,0.8449,2.5348,0,0,0.4225,0.8449,2.9573,0.4225,1.2674,0.4225,0,0.8449,0,0.4225,0.4225,0.4225,0.4225,0.4225,0,0,0.0001,0.0002,0,0,0,0.0001,0.0003,0,0.0001,0,0,0.0001,0,0,0,0,0,0,0.2533,0.3243,0.2533,0.3243,1
1.0228,3.5798,1.0228,0,0.5114,0,0.5114,0.5114,1.0228,0,0.5114,0,0.5114,0,1.5342,0.5114,0.5114,0.5114,1.0228,0,0,0.0001,0,0,0,0,0,0,0,0,0,0,0,0,0.0001,0,0,0,0,0,0.262,0.2266,0.262,0.2266,1
0,4.8577,0.5397,0.5397,0.5397,1.6192,0,0.5397,0,2.159,0,0,0,0.5397,1.6192,1.6192,0.5397,0.5397,0,0.5397,0,0.0002,0,0,0,0.0001,0,0,0,0.0001,0,0,0,0,0.0001,0.0001,0,0,0,0,0.2055,0.2547,0.2055,0.2547,1
1.1609,1.1609,1.1609,0.5805,0,0.5805,0,0,0.5805,1.1609,0,1.7414,0,0,0.5805,0,2.3219,1.1609,0,0,0.0001,0.0001,0.0001,0,0,0,0,0,0,0.0001,0,0.0001,0,0,0,0,0.0002,0.0001,0,0,0.222,0.1975,0.222,0.1975,1
1.4794,0.7397,0.7397,0,0.7397,0,0.7397,0,0,0.7397,2.2191,0.7397,0.7397,0,0,0,2.2191,2.9588,0,0.7397,0.0001,0,0,0,0,0,0,0,0,0,0.0001,0,0,0,0,0,0.0001,0.0002,0,0,0.1161,0.1443,0.1161,0.1443,1
0.4912,0.4912,0.9823,0,0.4912,0,0.9823,1.9647,0,0.4912,0.9823,0,0.4912,0,2.4558,1.4735,0.9823,0.4912,0,0.4912,0,0,0.0001,0,0,0,0.0001,0.0001,0,0,0.0001,0,0,0,0.0002,0.0001,0.0001,0,0,0,0.2787,0.2302,0.2787,0.2302,1
1.0102,1.0102,0.5051,1.0102,0.5051,1.5153,0.5051,0.5051,1.0102,0.5051,0,1.0102,1.0102,0,0.5051,1.0102,0,0,0,1.0102,0.0001,0.0001,0,0.0001,0,0.0001,0,0,0.0001,0,0,0.0001,0.0001,0,0,0.0001,0,0,0,0.0001,0.264,0.2309,0.264,0.2309,1
1.2087,1.2087,0.6044,1.2087,0,0,0,1.2087,1.2087,1.8131,0.6044,0.6044,0.6044,0,0.6044,1.8131,0.6044,1.2087,0,0.6044,0.0001,0.0001,0,0.0001,0,0,0,0.0001,0.0001,0.0001,0,0,0,0,0,0.0001,0,0.0001,0,0,0.1859,0.2097,0.1859,0.2097,1
0.9297,0,2.3244,2.3244,0.4649,0,0.4649,0.4649,0.9297,1.3946,0,0.9297,0,0,0.9297,0.9297,0.4649,0.9297,0.4649,0,0.0001,0,0.0002,0.0002,0,0,0,0,0.0001,0.0001,0,0.0001,0,0,0.0001,0.0001,0,0.0001,0,0,0.2769,0.2582,0.2769,0.2582,1
1.2535,1.2535,0,0,0.6268,0.6268,1.8803,1.8803,1.2535,0,0,0,1.2535,0,0,1.2535,0,1.8803,0,0.6268,0.0001,0.0001,0,0,0,0,0.0001,0.0001,0.0001,0,0,0,0.0001,0,0,0.0001,0,0.0001,0,0,0.2157,0.1575,0.2157,0.1575,1
2.1921,0.7307,0,0.7307,0,0,0,2.1921,0.7307,0.7307,0,0.7307,0,0,0,0.7307,0,1.4614,0,0.7307,0.0002,0.0001,0,0.0001,0,0,0,0.0002,0.0001,0.0001,0,0.0001,0,0,0,0.0001,0,0.0001,0,0.0001,0.1441,0.1251,0.1441,0.1251,1
2.9081,0.4847,0.4847,0.4847,0,1.9388,0.4847,0,1.9388,1.4541,0.4847,0.4847,0,0,0,1.4541,0.4847,0.9694,0,0,0.0002,0,0,0,0,0.0001,0,0,0.0001,0.0001,0,0,0,0,0,0.0001,0,0.0001,0,0,0.2436,0.2718,0.2436,0.2718,1
1.1397,0,0.5699,0,1.1397,1.1397,0,1.7096,1.1397,0,0,0.5699,1.1397,0,0.5699,1.1397,0,0,0.5699,0.5699,0.0001,0,0,0,0.0001,0.0001,0,0.0001,0.0001,0,0,0,0.0001,0,0,0.0001,0,0,0,0,0.2095,0.2206,0.2095,0.2206,1
0.5488,0,1.0976,0.5488,0.5488,1.0976,0.5488,1.0976,0,0,1.0976,0,4.9391,0,0.5488,1.6464,0,1.0976,0,1.0976,0,0,0.0001,0,0,0.0001,0,0.0001,0,0,0.0001,0,0.0004,0,0,0.0001,0,0.0001,0,0.0001,0.2061,0.2451,0.2061,0.2451,1
3.2915,0,1.6457,0,0,0,0,0,0.5486,0,0.5486,1.6457,0.5486,0,2.1943,0,0.5486,1.6457,0,0,0.0003,0,0.0001,0,0,0,0,0,0,0,0,0.0001,0,0,0.0002,0,0,0.0001,0,0,0.2408,0.2106,0.2408,0.2106,1
0.7779,0.7779,0,0,3.1115,0,0,0,0,3.1115,0.7779,0,0,0,3.1115,0,0,0,0.7779,0,0.0001,0.0001,0,0,0.0004,0,0,0,0,0.0004,0.0001,0,0,0,0.0004,0,0,0,0.0001,0,0.0929,0.1292,0.0929,0.1292,1
0,0,1.2773,0,0,1.9159,0,0,0.6386,1.2773,0,0,0,0,2.5546,0,0,0,0,0,0,0,0.0002,0,0,0.0002,0,0,0.0001,0.0002,0,0,0,0,0.0003,0,0,0,0,0,0.174,0.1874,0.174,0.1874,1
2.2959,0,1.1479,0,0.574,0.574,0.574,0,0,3.4438,0,0,0,0.574,1.1479,0.574,0.574,1.1479,0,0,0.0002,0,0.0001,0,0,0,0,0,0,0.0003,0,0,0,0,0.0001,0,0,0.0001,0,0,0.1896,0.2365,0.1896,0.2365,1
1.4662,0.9775,0,0.9775,0.9775,0.4887,0.4887,0.4887,0,0.4887,0.4887,0.9775,0.9775,0.4887,2.4437,0,0.9775,0,0,0,0.0001,0.0001,0,0.0001,0.0001,0,0,0,0,0,0,0.0001,0.0001,0,0.0002,0,0.0001,0,0,0,0.3246,0.1867,0.3246,0.1867,1
1.3063,0,0.6532,0,0,1.9595,0,0,1.9595,0.6532,0,0,2.6127,0.6532,1.3063,0.6532,0,0,0.6532,0,0.0002,0,0.0001,0,0,0.0003,0,0,0.0003,0.0001,0,0,0.0003,0.0001,0.0002,0.0001,0,0,0.0001,0,0.1811,0.1658,0.1811,0.1658,1
0,0,0,0.5421,1.6262,0.5421,0.5421,1.0841,1.0841,0,2.1682,0,1.0841,0,4.3364,0,0.5421,0,0,0,0,0,0,0.0001,0.0002,0.0001,0.0001,0.0002,0.0002,0,0.0003,0,0.0002,0,0.0006,0,0.0001,0,0,0,0.2306,0.2274,0.2306,0.2274,1
0,0,0.5195,0.5195,0,1.5584,0,0.5195,0.5195,0.5195,0.5195,0.5195,1.5584,0,2.5974,0.5195,1.0389,1.5584,0,0.5195,0,0,0,0,0,0.0001,0,0,0,0,0,0,0.0001,0,0.0002,0,0.0001,0.0001,0,0,0.2461,0.2344,0.2461,0.2344,1
0.5441,0.5441,1.0882,0.5441,0.5441,0,0.5441,0,1.0882,0,2.1764,1.0882,0,0,1.0882,0.5441,0.5441,0,0,0.5441,0.0001,0.0001,0.0001,0.0001,0.0001,0,0.0001,0,0.0001,0,0.0002,0.0001,0,0,0.0001,0.0001,0.0001,0,0,0.0001,0.2417,0.2142,0.2417,0.2142,1
1.6332,2.7219,1.0888,0,0.5444,1.0888,1.6332,0,0.5444,0,0.5444,0,2.1776,1.0888,0.5444,1.0888,1.0888,0,0,0,0.0001,0.0001,0.0001,0,0,0.0001,0.0001,0,0,0,0,0,0.0001,0.0001,0,0.0001,0.0001,0,0,0,0.2477,0.2079,0.2477,0.2079,1
0.8465,0,0,0,2.5394,0,0,0,3.3858,0,0,0,0.8465,0,0,0,0,2.5394,0,0.8465,0.0002,0,0,0,0.0007,0,0,0,0.0009,0,0,0,0.0002,0,0,0,0,0.0007,0,0.0002,0.0546,0.0989,0.0546,0.0989,1
3.4285,0,0,0.4286,0,0,0.4286,0.8571,4.2856,0.8571,0,0.4286,0,0,0,1.2857,0,0.4286,0.4286,0,0.0003,0,0,0,0,0,0,0.0001,0.0004,0.0001,0,0,0,0,0,0.0001,0,0,0,0,0.2659,0.3055,0.2659,0.3055,1
0,1.048,0.524,0.524,0,1.572,0,1.048,1.048,0,3.144,0,0,0.524,3.144,1.048,1.048,0,0,0,0,0.0001,0,0,0,0.0001,0,0.0001,0.0001,0,0.0002,0,0,0,0.0002,0.0001,0.0001,0,0,0,0.2563,0.2197,0.2563,0.2197,1
3.8662,0,0,0,0,0.6444,0,0,2.5775,1.2887,0,0,0.6444,0,1.2887,0,0,1.9331,0,0.6444,0.0005,0,0,0,0,0.0001,0,0,0.0003,0.0002,0,0,0.0001,0,0.0002,0,0,0.0003,0,0.0001,0.1585,0.1971,0.1585,0.1971,1
0.711,0,1.4221,0,2.1331,0.711,0,1.4221,0,0,0,0,0.711,0,0,0,1.4221,0.711,0.711,0.711,0.0001,0,0.0001,0,0.0002,0.0001,0,0.0001,0,0,0,0,0.0001,0,0,0,0.0001,0.0001,0.0001,0.0001,0.1406,0.1484,0.1406,0.1484,1
0.5809,0,0,1.7427,0,1.1618,0,0.5809,0.5809,0,0,0,0,0,2.3236,0,1.1618,0.5809,0.5809,0,0.0001,0,0,0.0002,0,0.0002,0,0.0001,0.0001,0,0,0,0,0,0.0003,0,0.0002,0.0001,0.0001,0,0.1767,0.2424,0.1767,0.2424,1
4.4021,0,0.7337,0,0,0,0,0,1.4674,2.9348,0,0,1.4674,0,1.4674,0,0,2.2011,0,0,0.0005,0,0.0001,0,0,0,0,0,0.0002,0.0003,0,0,0.0002,0,0.0002,0,0,0.0003,0,0,0.117,0.1493,0.117,0.1493,1
0,0.4237,1.6949,2.5424,0,0,0,1.2712,2.5424,0.4237,0,0.8475,0.4237,0.4237,0,0,0.4237,0,0.8475,0.8475,0,0,0.0001,0.0002,0,0,0,0.0001,0.0002,0,0,0.0001,0,0,0,0,0,0,0.0001,0.0001,0.2617,0.3146,0.2617,0.3146,1
0.6244,0.6244,0,0,1.8732,1.2488,0,1.8732,0.6244,0,1.8732,0,0.6244,0,0.6244,0,1.2488,0.6244,0.6244,0,0,0,0,0,0.0001,0.0001,0,0.0001,0,0,0.0001,0,0,0,0,0,0.0001,0,0,0,0.1953,0.1803,0.1953,0.1803,1
2.7276,0,0.5455,1.091,0.5455,0,0.5455,0,0,0.5455,0.5455,0,0,0,1.6365,0,1.6365,0,0,0,0.0004,0,0.0001,0.0001,0.0001,0,0.0001,0,0,0.0001,0.0001,0,0,0,0.0002,0,0.0002,0,0,0,0.2009,0.2536,0.2009,0.2536,1
0.839,0,0,0,0,0,0,0.839,3.356,0.839,0,0,0,0,0,0,0.839,3.356,0,0.839,0.0002,0,0,0,0,0,0,0.0002,0.0009,0.0002,0,0,0,0,0,0,0.0002,0.0009,0,0.0002,0.062,0.099,0.062,0.099,1
1.1013,0,1.1013,0,0.5507,1.1013,0.5507,1.1013,0.5507,0,0.5507,0.5507,0.5507,0.5507,1.1013,0,1.1013,0.5507,0,0.5507,0.0001,0,0.0001,0,0.0001,0.0001,0.0001,0.0001,0.0001,0,0.0001,0.0001,0.0001,0.0001,0.0001,0,0.0001,0.0001,0,0.0001,0.251,0.1983,0.251,0.1983,1
0.9051,0,1.3576,0.9051,0.9051,0.4525,0,1.3576,1.3576,1.8101,0.4525,1.3576,0,0.4525,0.9051,0,0,0,0,0.4525,0.0001,0,0.0001,0.0001,0.0001,0,0,0.0001,0.0001,0.0001,0,0.0001,0,0,0.0001,0,0,0,0,0,0.2801,0.2674,0.2801,0.2674,1
0,0,0,0,0.7407,2.2222,1.4815,0.7407,0,1.4815,0,0.7407,0,0,0,0,0,1.4815,0,0.7407,0,0,0,0,0.0001,0.0003,0.0002,0.0001,0,0.0002,0,0.0001,0,0,0,0,0,0.0002,0,0.0001,0.1475,0.1117,0.1475,0.1117,1
2.3646,0,0.5912,0,1.1823,0,1.1823,0,1.1823,0,1.1823,0.5912,2.3646,0,0,0,0.5912,1.1823,0,0,0.0003,0,0.0001,0,0.0001,0,0.0001,0,0.0001,0,0.0001,0.0001,0.0003,0,0,0,0.0001,0.0001,0,0,0.2273,0.1816,0.2273,0.1816,1
0,0,0,0,0.6551,3.2753,1.9652,0,0,0,0,0,0,0.6551,0,0.6551,0,1.3101,0,0,0,0,0,0,0.0001,0.0005,0.0003,0,0,0,0,0,0,0.0001,0,0.0001,0,0.0002,0,0,0.1874,0.1575,0.1874,0.1575,1
2.0334,0.5084,1.5251,0,0,1.0167,0,0,1.0167,0,1.0167,1.0167,4.5752,0,0.5084,0,0.5084,0,0.5084,0.5084,0.0001,0,0.0001,0,0,0.0001,0,0,0.0001,0,0.0001,0.0001,0.0003,0,0,0,0,0,0,0,0.247,0.2447,0.247,0.2447,1
0.9253,0.4627,0,1.388,0,0.4627,0,0.4627,1.8507,0.4627,0.4627,0.9253,0.4627,1.388,0.9253,0,0.9253,1.388,0,0.4627,0.0001,0,0,0.0001,0,0,0,0,0.0001,0,0,0.0001,0,0.0001,0.0001,0,0.0001,0.0001,0,0,0.2904,0.2469,0.2904,0.2469,1
0.6385,1.2769,0.6385,0.6385,0,0,0.6385,0.6385,0.6385,1.2769,0.6385,1.2769,1.2769,1.2769,0,1.2769,0.6385,1.9154,0,0,0,0.0001,0,0,0,0,0,0,0,0.0001,0,0.0001,0.0001,0.0001,0,0.0001,0,0.0001,0,0,0.1675,0.194,0.1675,0.194,1
1.5393,0,0.5131,1.5393,0,1.0262,0.5131,1.5393,0.5131,0.5131,0,0,0.5131,0,1.0262,1.0262,1.0262,0.5131,0,1.5393,0.0001,0,0,0.0001,0,0.0001,0,0.0001,0,0,0,0,0,0,0.0001,0.0001,0.0001,0,0,0.0001,0.2649,0.222,0.2649,0.222,1
0.5625,0,1.6876,0,0.5625,0.5625,0.5625,0,0.5625,0,1.1251,0,0.5625,0,1.1251,1.6876,2.2502,0.5625,0,0.5625,0.0001,0,0.0002,0,0.0001,0.0001,0.0001,0,0.0001,0,0.0002,0,0.0001,0,0.0002,0.0002,0.0003,0.0001,0,0.0001,0.2274,0.2101,0.2274,0.2101,1
0,1.6096,0.5365,0.5365,0,0.5365,0,0,0,0.5365,0.5365,0,1.6096,0,1.6096,0.5365,2.1461,1.6096,1.6096,0,0,0.0001,0,0,0,0,0,0,0,0,0,0,0.0001,0,0.0001,0,0.0001,0.0001,0.0001,0,0.2155,0.248,0.2155,0.248,1
2.0696,0,0,0,0.6899,1.3797,0,1.3797,1.3797,2.7594,0,1.3797,0.6899,0,0,0.6899,0.6899,0.6899,0,0,0.0002,0,0,0,0.0001,0.0001,0,0.0001,0.0001,0.0002,0,0.0001,0.0001,0,0,0.0001,0.0001,0.0001,0,0,0.1204,0.1897,0.1204,0.1897,1
0.9457,0,0.9457,0.4729,0.4729,1.4186,0.4729,0.4729,0.9457,0.9457,1.4186,0.9457,0,0.4729,0.9457,0,0.9457,0.9457,0,0,0.0001,0,0.0001,0,0,0.0001,0,0,0.0001,0.0001,0.0001,0.0001,0,0,0.0001,0,0.0001,0.0001,0,0,0.2524,0.2747,0.2524,0.2747,1
2.5103,0,0.6276,0,0,1.2551,0,1.8827,1.2551,0.6276,0.6276,0,0,0,0,1.8827,0.6276,1.8827,0,0.6276,0.0002,0,0.0001,0,0,0.0001,0,0.0002,0.0001,0.0001,0.0001,0,0,0,0,0.0002,0.0001,0.0002,0,0.0001,0.2017,0.1708,0.2017,0.1708,1
2.0829,0,0.6943,0,0,1.3886,0,0.6943,0.6943,0,0,0,0,0,0.6943,0.6943,0,0.6943,0,0.6943,0.0003,0,0.0001,0,0,0.0002,0,0.0001,0.0001,0,0,0,0,0,0.0001,0.0001,0,0.0001,0,0.0001,0.1712,0.1345,0.1712,0.1345,1
0,0.6356,1.2711,0,0.6356,3.1778,0.6356,0,0,1.9067,1.2711,1.2711,0,0,0,1.2711,0,0.6356,0,0.6356,0,0,0.0001,0,0,0.0002,0,0,0,0.0001,0.0001,0.0001,0,0,0,0.0001,0,0,0,0,0.2049,0.1596,0.2049,0.1596,1
0.6217,0,0,1.8651,0,0.6217,0,0,0,3.1086,1.2434,0.6217,0,0,0.6217,0,0,0.6217,0.6217,0,0.0001,0,0,0.0002,0,0.0001,0,0,0,0.0003,0.0001,0.0001,0,0,0.0001,0,0,0.0001,0.0001,0,0.2242,0.1541,0.2242,0.1541,1
1.57,0,0,0,0,1.0466,1.57,1.0466,0.5233,0.5233,0,0,2.0933,0.5233,1.0466,0.5233,1.0466,1.0466,0,1.0466,0.0002,0,0,0,0,0.0001,0.0002,0.0001,0.0001,0.0001,0,0,0.0002,0.0001,0.0001,0.0001,0.0001,0.0001,0,0.0001,0.2818,0.1949,0.2818,0.1949,1
1.6997,1.1332,1.6997,0,2.8329,0.5666,0,0,0,1.1332,2.2663,0.5666,1.6997,0,0.5666,0.5666,1.6997,0,0,0.5666,0.0001,0.0001,0.0001,0,0.0001,0,0,0,0,0.0001,0.0001,0,0.0001,0,0,0,0.0001,0,0,0,0.2255,0.2079,0.2255,0.2079,1
0.7087,0.7087,1.4173,0.7087,0.7087,0,0,0,0.7087,2.126,0,0,0,0,0,0.7087,0.7087,0,0,0,0.0001,0.0001,0.0001,0.0001,0.0001,0,0,0,0.0001,0.0002,0,0,0,0,0,0.0001,0.0001,0,0,0,0.1661,0.1252,0.1661,0.1252,1
0,0.5647,1.6941,0,0,0,1.1294,0.5647,1.1294,1.1294,1.1294,0,1.1294,0,2.8235,1.1294,0.5647,1.6941,0,0.5647,0,0,0.0001,0,0,0,0.0001,0,0.0001,0.0001,0.0001,0,0.0001,0,0.0002,0.0001,0,0.0001,0,0,0.2072,0.2281,0.2072,0.2281,1
0,1.2224,0.6112,0.6112,1.8337,0,1.8337,1.2224,0.6112,0,0,0,0,0,0,0,1.2224,3.0561,0,0,0,0.0001,0,0,0.0001,0,0.0001,0.0001,0,0,0,0,0,0,0,0,0.0001,0.0002,0,0,0.2111,0.1777,0.2111,0.1777,1
0,3.8035,0,0.6339,0,3.1696,0,0.6339,0,1.2678,0,1.2678,1.9018,0,0.6339,1.2678,2.5357,1.2678,0.6339,0,0,0.0001,0,0,0,0.0001,0,0,0,0,0,0,0.0001,0,0,0,0.0001,0,0,0,0.1929,0.1731,0.1929,0.1731,1
0.9784,2.446,0,0.4892,0.4892,1.4676,0,0.9784,0,1.9568,1.4676,0,0.9784,0,2.446,0.9784,0,0,0,0,0.0001,0.0001,0,0,0,0.0001,0,0.0001,0,0.0001,0.0001,0,0.0001,0,0.0001,0.0001,0,0,0,0,0.2244,0.2864,0.2244,0.2864,1
0,0,0,0,2.5693,0,0,0,3.4258,0.8564,0,0,0.8564,0,0,0,0,2.5693,0,0.8564,0,0,0,0,0.0007,0,0,0,0.001,0.0002,0,0,0.0002,0,0,0,0,0.0007,0,0.0002,0.0562,0.0874,0.0562,0.0874,1
1.2095,0,0.6047,0.6047,0.6047,0,0.6047,3.0237,0.6047,0,2.419,0.6047,0,0,3.0237,0,1.2095,1.2095,0.6047,0,0.0001,0,0.0001,0.0001,0.0001,0,0.0001,0.0003,0.0001,0,0.0002,0.0001,0,0,0.0003,0,0.0001,0.0001,0.0001,0,0.1741,0.2212,0.1741,0.2212,1
1.4513,0,0,0.7256,1.4513,1.4513,0,0.7256,0,0.7256,0,2.1769,0.7256,0,0,2.1769,1.4513,1.4513,0,0,0.0001,0,0,0.0001,0.0001,0.0001,0,0.0001,0,0.0001,0,0.0002,0.0001,0,0,0.0002,0.0001,0.0001,0,0,0.1622,0.1122,0.1622,0.1122,1
2.4702,0.494,1.9761,0.494,0.494,0.494,0,0.494,0.9881,0.9881,0.9881,0.494,0,0,0,0,1.9761,0.9881,0.9881,0.494,0.0001,0,0.0001,0,0,0,0,0,0.0001,0.0001,0.0001,0,0,0,0,0,0.0001,0.0001,0.0001,0,0.2525,0.2535,0.2525,0.2535,1
1.0933,0.5467,1.0933,0,0,1.64,0.5467,0,0.5467,0.5467,0,0,0.5467,0.5467,0,0.5467,0.5467,0,1.64,0,0.0001,0,0.0001,0,0,0.0001,0,0,0,0,0,0,0,0,0,0,0,0,0.0001,0,0.2566,0.1968,0.2566,0.1968,1
1.5683,1.0455,0,0.5228,0.5228,0,0,0.5228,2.0911,1.0455,0,0.5228,0,1.0455,0.5228,0.5228,1.5683,1.0455,0.5228,0,0.0001,0.0001,0,0,0,0,0,0,0.0001,0.0001,0,0,0,0.0001,0,0,0.0001,0.0001,0,0,0.2312,0.2461,0.2312,0.2461,1
2.1303,0.7101,0,0.7101,1.4202,0,0,0.7101,0.7101,0.7101,0,0.7101,2.8404,0,0,0.7101,2.8404,0.7101,0,0,0.0002,0.0001,0,0.0001,0.0001,0,0,0.0001,0.0001,0.0001,0,0.0001,0.0002,0,0,0.0001,0.0002,0.0001,0,0,0.1723,0.1176,0.1723,0.1176,1
0,0.5067,1.5202,0,1.0135,0,0,0.5067,0,0,1.0135,2.027,2.027,0,1.5202,0,1.0135,1.0135,0.5067,0.5067,0,0,0.0001,0,0.0001,0,0,0,0,0,0.0001,0.0001,0.0001,0,0.0001,0,0.0001,0.0001,0,0,0.2532,0.24,0.2532,0.24,1
0.7218,2.1655,0,0,0.7218,1.4437,0,0,0.7218,0,0,0.7218,0.7218,0,0.7218,0,0.7218,0,1.4437,0,0,0.0001,0,0,0,0.0001,0,0,0,0,0,0,0,0,0,0,0,0,0.0001,0,0.1338,0.1444,0.1338,0.1444,1
1.3542,0,1.8056,0.9028,0,0.4514,0,0.4514,1.8056,1.8056,0.4514,0.9028,0,0.4514,0.4514,0,0.9028,0.9028,0,0,0.0001,0,0.0001,0.0001,0,0,0,0,0.0001,0.0001,0,0.0001,0,0,0,0,0.0001,0.0001,0,0,0.267,0.2816,0.267,0.2816,1
1.4311,0,0,0,0.7155,0,0.7155,0,0,3.5777,0,2.1466,0,0,0.7155,1.4311,0,0,0,0,0.0001,0,0,0,0.0001,0,0.0001,0,0,0.0003,0,0.0002,0,0,0.0001,0.0001,0,0,0,0,0.1324,0.1521,0.1324,0.1521,1
0,0,0,0,0,0,0,2.1156,0.7052,1.4104,0.7052,0.7052,0.7052,0.7052,0.7052,0,0,0,0,1.4104,0,0,0,0,0,0,0,0.0003,0.0001,0.0002,0.0001,0.0001,0.0001,0.0001,0.0001,0,0,0,0,0.0002,0.1476,0.1472,0.1476,0.1472,1
0,0,0,0.4983,1.4948,0.4983,0,0,1.4948,2.4913,0,0.9965,0,0.4983,1.4948,0,0,0.4983,0,0,0,0,0,0,0.0001,0,0,0,0.0001,0.0002,0,0.0001,0,0,0.0001,0,0,0,0,0,0.2401,0.2617,0.2401,0.2617,1
1.2206,0.6103,0,1.2206,1.8309,0.6103,0.6103,0,0,1.8309,0.6103,0.6103,1.2206,1.2206,0,1.2206,0.6103,0.6103,0,0,0.0001,0,0,0.0001,0.0001,0,0,0,0,0.0001,0,0,0.0001,0.0001,0,0.0001,0,0,0,0,0.1911,0.1986,0.1911,0.1986,1
1.7798,0,0.5933,0,0,4.7462,0.5933,1.1865,0,4.7462,0,1.7798,0.5933,0,0,0.5933,0.5933,0,0,0,0.0001,0,0,0,0,0.0002,0,0.0001,0,0.0002,0,0.0001,0,0,0,0,0,0,0,0,0.1591,0.2476,0.1591,0.2476,1
0,0,1.3833,0,1.3833,0.6917,0,1.3833,1.3833,0,0,1.3833,0,0.6917,0.6917,0.6917,0,1.3833,0,0,0,0,0.0001,0,0.0001,0.0001,0,0.0001,0.0001,0,0,0.0001,0,0.0001,0.0001,0.0001,0,0.0001,0,0,0.153,0.1554,0.153,0.1554,1
2.2889,0,1.5259,0,0,0,0.763,0,0.763,0,0,0,0,0,0,2.2889,0.763,3.0518,0,0,0.0003,0,0.0002,0,0,0,0.0001,0,0.0001,0,0,0,0,0,0,0.0003,0.0001,0.0004,0,0,0.1251,0.1119,0.1251,0.1119,1
0.7281,0,0,0,1.4561,1.4561,0.7281,1.4561,0,1.4561,1.4561,0,0.7281,0,0,0.7281,1.4561,2.9122,0.7281,0,0.0001,0,0,0,0.0001,0.0001,0.0001,0.0001,0,0.0001,0.0001,0,0.0001,0,0,0.0001,0.0001,0.0002,0.0001,0,0.1365,0.1355,0.1365,0.1355,1
1.7053,0,0,0,0.8526,0,0,0,3.4105,2.5579,0,0,0,0,0,0,0.8526,1.7053,0,0,0.0005,0,0,0,0.0002,0,0,0,0.0009,0.0007,0,0,0,0,0,0,0.0002,0.0005,0,0,0.0531,0.0942,0.0531,0.0942,1
0,0.5688,0,0,0.5688,0.5688,0.5688,3.9813,0.5688,0.5688,0,0,1.1375,0.5688,1.1375,1.1375,1.1375,1.1375,0.5688,0,0,0,0,0,0,0,0,0.0003,0,0,0,0,0.0001,0,0.0001,0.0001,0.0001,0.0001,0,0,0.1961,0.2351,0.1961,0.2351,1
1.1854,0,0,0.5927,0,1.1854,1.1854,0.5927,1.1854,2.9635,0,0,1.1854,0,0,1.1854,0,3.5561,0,0,0.0001,0,0,0,0,0.0001,0.0001,0,0.0001,0.0002,0,0,0.0001,0,0,0.0001,0,0.0003,0,0,0.1687,0.2387,0.1687,0.2387,1
0.7044,0,0,0,0,0,0,2.1131,0.7044,0.7044,0.7044,0.7044,0,0.7044,0.7044,0,0,0.7044,0,0.7044,0.0001,0,0,0,0,0,0,0.0003,0.0001,0.0001,0.0001,0.0001,0,0.0001,0.0001,0,0,0.0001,0,0.0001,0.1545,0.1411,0.1545,0.1411,1
0.7722,0,0,0,0.7722,0,0.7722,0,3.0886,0.7722,0,0,0,0,0,0,0.7722,2.3165,0,0.7722,0.0002,0,0,0,0.0002,0,0.0002,0,0.0009,0.0002,0,0,0,0,0,0,0.0002,0.0006,0,0.0002,0.0953,0.1325,0.0953,0.1325,1
4.3384,0,0,0,0,0,0,0,2.1692,3.6153,0,0,0.7231,0,1.4461,0,0,2.1692,0,0,0.0006,0,0,0,0,0,0,0,0.0003,0.0005,0,0,0.0001,0,0.0002,0,0,0.0003,0,0,0.1188,0.1581,0.1188,0.1581,1
2.7966,0,0,1.1187,0,0,0,0,1.1187,0,0,0.5593,0,0,4.4746,0.5593,0,0,0.5593,0,0.0004,0,0,0.0002,0,0,0,0,0.0002,0,0,0.0001,0,0,0.0007,0.0001,0,0,0.0001,0,0.2356,0.205,0.2356,0.205,1
1.3869,0,0,0,0,1.3869,0.6935,0.6935,0,3.4673,0,0,0.6935,0,0,1.3869,0,0.6935,0.6935,1.3869,0.0001,0,0,0,0,0.0001,0.0001,0.0001,0,0.0003,0,0,0.0001,0,0,0.0001,0,0.0001,0.0001,0.0001,0.133,0.1735,0.133,0.1735,1
1.0774,3.2322,1.0774,0.5387,0,1.0774,0,1.6161,1.0774,1.0774,0,0.5387,1.0774,0,0.5387,1.0774,0.5387,0.5387,0.5387,0.5387,0,0.0001,0,0,0,0,0,0.0001,0,0,0,0,0,0,0,0,0,0,0,0,0.1924,0.2689,0.1924,0.2689,1
1.5525,0,0.5175,0,0.5175,1.035,0.5175,0,1.035,1.035,0.5175,0,1.5525,0.5175,1.5525,1.035,1.035,1.5525,0,0,0.0001,0,0,0,0,0.0001,0,0,0.0001,0.0001,0,0,0.0001,0,0.0001,0.0001,0.0001,0.0001,0,0,0.2199,0.2626,0.2199,0.2626,1
1.5394,0.7697,0.7697,0,0.7697,3.0787,0,0.7697,0,0,0,0,0,0.7697,0,0.7697,1.5394,0.7697,0,0,0.0001,0.0001,0.0001,0,0.0001,0.0003,0,0.0001,0,0,0,0,0,0.0001,0,0.0001,0.0001,0.0001,0,0,0.1157,0.1146,0.1157,0.1146,1
0,1.3619,0,0,0,1.3619,0,0.6809,0,0.6809,0,2.0428,0.6809,0,1.3619,0.6809,0.6809,0.6809,0,0,0,0.0001,0,0,0,0.0001,0,0,0,0,0,0.0001,0,0,0.0001,0,0,0,0,0,0.1711,0.148,0.1711,0.148,1
0,0,0,0.5549,0.5549,0.5549,0,0.5549,1.6648,0,0.5549,1.1099,0,0.5549,2.2198,1.1099,0.5549,0.5549,0,0,0,0,0,0.0001,0.0001,0.0001,0,0.0001,0.0002,0,0.0001,0.0002,0,0.0001,0.0003,0.0002,0.0001,0.0001,0,0,0.2452,0.1998,0.2452,0.1998,1
0.8562,0,0,0,1.7124,0,0,0.8562,2.9967,1.7124,0.4281,0,0,0,1.2843,0,0.4281,0.8562,0,0,0.0001,0,0,0,0.0002,0,0,0.0001,0.0004,0.0002,0.0001,0,0,0,0.0002,0,0.0001,0.0001,0,0,0.2387,0.3332,0.2387,0.3332,1
2.4858,0.6214,0.6214,0,0,1.2429,0,1.2429,1.2429,1.2429,0,0,0.6214,0.6214,0,1.8643,1.8643,2.4858,0,1.2429,0.0001,0,0,0,0,0.0001,0,0.0001,0.0001,0.0001,0,0,0,0,0,0.0001,0.0001,0.0001,0,0.0001,0.1856,0.1929,0.1856,0.1929,1
0.6003,1.2007,1.2007,0,0,0,0,1.2007,1.801,1.2007,1.2007,0,0,0,0,0,1.2007,2.4014,0,0.6003,0,0.0001,0.0001,0,0,0,0,0.0001,0.0001,0.0001,0.0001,0,0,0,0,0,0.0001,0.0002,0,0,0.1749,0.2248,0.1749,0.2248,1
0.4888,0.4888,0.9776,0,0,0.4888,1.4664,0.4888,2.9328,0,0.9776,0.4888,0.4888,0.4888,1.9552,0,1.4664,0,0,0.4888,0,0,0.0001,0,0,0,0.0001,0,0.0003,0,0.0001,0,0,0,0.0002,0,0.0001,0,0,0,0.2747,0.2365,0.2747,0.2365,1
0,0,0,0,0,0.6277,0,0,1.2553,0,1.2553,0,0.6277,0,1.883,1.2553,1.2553,1.2553,0,0,0,0,0,0,0,0.0001,0,0,0.0002,0,0.0002,0,0.0001,0,0.0003,0.0002,0.0002,0.0002,0,0,0.2231,0.1492,0.2231,0.1492,1
1.1422,0,1.1422,0,0,1.1422,1.1422,0.5711,0.5711,0,0,0,0.5711,0,1.1422,0,1.1422,0.5711,0,0,0.0002,0,0.0002,0,0,0.0002,0.0002,0.0001,0.0001,0,0,0,0.0001,0,0.0002,0,0.0002,0.0001,0,0,0.2056,0.2232,0.2056,0.2232,1
0.6401,0,1.2802,0,1.9203,0.6401,0,0.6401,0,0.6401,0,0,2.5604,0,0.6401,1.2802,0,1.9203,0.6401,0,0,0,0.0001,0,0.0001,0,0,0,0,0,0,0,0.0002,0,0,0.0001,0,0.0001,0,0,0.2207,0.1392,0.2207,0.1392,1
2.2263,0,0,0.4453,0.4453,0,0,0.8905,3.562,1.3358,0,0,0,0,0.8905,0,0.4453,0.4453,0.4453,0,0.0003,0,0,0.0001,0.0001,0,0,0.0001,0.0004,0.0002,0,0,0,0,0.0001,0,0.0001,0.0001,0.0001,0,0.2257,0.329,0.2257,0.329,1
1.212,1.212,0.606,0,0,1.212,1.212,1.212,0.606,1.212,0.606,1.212,0,0,0,0,0,1.8179,0,0,0.0001,0.0001,0,0,0,0.0001,0.0001,0.0001,0,0.0001,0,0.0001,0,0,0,0,0,0.0001,0,0,0.2178,0.1762,0.2178,0.1762,1
0.5361,0.5361,1.6084,0.5361,0.5361,0,0,0,0.5361,1.0723,0.5361,0,0,0,0.5361,1.0723,0,0.5361,1.6084,0,0,0,0.0001,0,0,0,0,0,0,0.0001,0,0,0,0,0,0.0001,0,0,0.0001,0,0.2413,0.2226,0.2413,0.2226,1
1.7628,0,1.1752,1.7628,0,2.9381,0,0.5876,0.5876,0,0,1.1752,1.1752,0,0,0,0.5876,0,0,0.5876,0.0002,0,0.0001,0.0002,0,0.0003,0,0.0001,0.0001,0,0,0.0001,0.0001,0,0,0,0.0001,0,0,0.0001,0.2004,0.212,0.2004,0.212,1
0,0,0,1.8077,0.6026,0,0.6026,0.6026,0,1.8077,0,1.8077,0,0.6026,0,0,1.2051,0,0,1.2051,0,0,0,0.0002,0.0001,0,0.0001,0.0001,0,0.0002,0,0.0002,0,0.0001,0,0,0.0001,0,0,0.0001,0.1862,0.2112,0.1862,0.2112,1
1.2962,0.6481,0.6481,0.6481,0,1.9443,0,0,0.6481,2.5924,0,0,0.6481,0.6481,0.6481,1.2962,1.9443,0.6481,0,0,0.0001,0.0001,0.0001,0.0001,0,0.0002,0,0,0.0001,0.0002,0,0,0.0001,0.0001,0.0001,0.0001,0.0002,0.0001,0,0,0.1729,0.1789,0.1729,0.1789,1
3.1751,0,0,0,0.7938,0.7938,0,0.7938,0,1.5875,0,0,0,0,0.7938,0,0.7938,0,0.7938,0,0.0005,0,0,0,0.0001,0.0001,0,0.0001,0,0.0002,0,0,0,0,0.0001,0,0.0001,0,0.0001,0,0.1055,0.1007,0.1055,0.1007,1
1.824,0.608,0.608,1.216,0,2.432,0,1.216,0,2.432,1.216,0.608,0.608,0,0,0,0,1.824,0,0,0.0001,0,0,0.0001,0,0.0001,0,0.0001,0,0.0001,0.0001,0,0,0,0,0,0,0.0001,0,0,0.1935,0.1985,0.1935,0.1985,1
0,0,0.6442,0.6442,0,0,0,1.2884,1.9326,1.2884,0.6442,1.2884,0,0,0.6442,0.6442,0.6442,0.6442,0,0,0,0,0.0001,0.0001,0,0,0,0.0001,0.0002,0.0001,0.0001,0.0001,0,0,0.0001,0.0001,0.0001,0.0001,0,0,0.142,0.2138,0.142,0.2138,1
0.6833,0,1.3666,0.6833,0.6833,2.7332,0.6833,0.6833,0,0,0.6833,0,2.0499,0.6833,1.3666,0,0,0.6833,0,0.6833,0.0001,0,0.0002,0.0001,0.0001,0.0003,0.0001,0.0001,0,0,0.0001,0,0.0002,0.0001,0.0002,0,0,0.0001,0,0.0001,0.1601,0.1566,0.1601,0.1566,1
1.8344,0.6115,0.6115,0,0.6115,0.6115,0,0,0,0,0,0,1.8344,0,1.8344,0.6115,0.6115,0.6115,1.8344,0,0.0001,0,0,0,0,0,0,0,0,0,0,0,0.0001,0,0.0001,0,0,0,0.0001,0,0.1559,0.2326,0.1559,0.2326,1
1.8191,4.2445,0,0,0.6064,1.2127,0.6064,0,0.6064,0.6064,1.8191,2.4254,1.2127,0,0.6064,0.6064,1.8191,0,0,0,0.0001,0.0001,0,0,0,0,0,0,0,0,0.0001,0.0001,0,0,0,0,0.0001,0,0,0,0.2146,0.179,0.2146,0.179,1
2.1514,0.7171,0,0.7171,0.7171,0.7171,0,0,0.7171,0.7171,0,0,0,0,0,0,0,0,1.4343,0,0.0002,0.0001,0,0.0001,0.0001,0.0001,0,0,0.0001,0.0001,0,0,0,0,0,0,0,0,0.0001,0,0.1551,0.1277,0.1551,0.1277,1
0.9885,0,0,2.4713,0.4943,0,0,0.4943,0.4943,0.9885,0.4943,0.4943,0,0.4943,0.9885,0.9885,0,0,0.4943,0,0.0001,0,0,0.0002,0,0,0,0,0,0.0001,0,0,0,0,0.0001,0.0001,0,0,0,0,0.2352,0.2705,0.2352,0.2705,1
1.1609,0,0.5805,0,0,0.5805,1.1609,0.5805,1.7414,0.5805,1.1609,0.5805,0,0,0.5805,2.9023,0.5805,1.7414,0,0,0.0001,0,0.0001,0,0,0.0001,0.0001,0.0001,0.0002,0.0001,0.0001,0.0001,0,0,0.0001,0.0003,0.0001,0.0002,0,0,0.2407,0.1788,0.2407,0.1788,1
3.0454,0,0,0,0,0,0,0.5076,3.0454,3.0454,0,0,0,0,0,0.5076,1.5227,1.0151,0.5076,0.5076,0.0003,0,0,0,0,0,0,0.0001,0.0003,0.0003,0,0,0,0,0,0.0001,0.0002,0.0001,0.0001,0.0001,0.1943,0.2981,0.1943,0.2981,1
0.6862,2.0585,0.6862,0,1.3723,1.3723,0,0,0,0.6862,0.6862,1.3723,0,0,0,0.6862,0.6862,2.0585,0,2.0585,0,0.0001,0,0,0.0001,0.0001,0,0,0,0,0,0.0001,0,0,0,0,0,0.0001,0,0.0001,0.1491,0.1647,0.1491,0.1647,1
2.7397,1.3698,0,0.6849,0.6849,1.3698,0,2.0548,0,0,0.6849,1.3698,1.3698,0,0,0,2.0548,0.6849,0,2.0548,0.0001,0.0001,0,0,0,0.0001,0,0.0001,0,0,0,0.0001,0.0001,0,0,0,0.0001,0,0,0.0001,0.1973,0.1178,0.1973,0.1178,1
1.1162,0.5581,0,0.5581,0.5581,1.1162,1.1162,0,0.5581,0.5581,0,0.5581,0.5581,1.6743,0,0.5581,0.5581,0,1.1162,0,0.0001,0,0,0,0,0.0001,0.0001,0,0,0,0,0,0,0.0001,0,0,0,0,0.0001,0,0.2367,0.2051,0.2367,0.2051,1
1.3837,0.6918,0.6918,0,0.6918,0,0,0.6918,0.6918,0,0,0.6918,0,0,0,3.4592,2.7673,0.6918,0,0.6918,0.0001,0.0001,0.0001,0,0.0001,0,0,0.0001,0.0001,0,0,0.0001,0,0,0,0.0003,0.0002,0.0001,0,0.0001,0.1629,0.1452,0.1629,0.1452,1
0.4725,0.4725,1.4174,0,0.9449,0.9449,0,0,0.4725,0.4725,0.4725,0.9449,0.4725,0,0.9449,1.8899,0.4725,1.8899,0.9449,0,0,0,0.0001,0,0.0001,0.0001,0,0,0,0,0,0.0001,0,0,0.0001,0.0001,0,0.0001,0.0001,0,0.2532,0.2743,0.2532,0.2743,1
0,0,0,0,2.9015,0,0,0.7254,0.7254,0.7254,0.7254,0,0,0,5.803,1.4508,0,1.4508,0,0.7254,0,0,0,0,0.0004,0,0,0.0001,0.0001,0.0001,0.0001,0,0,0,0.0009,0.0002,0,0.0002,0,0.0001,0.1236,0.1511,0.1236,0.1511,1
0.7879,0.7879,1.5759,0,0.7879,0,0,1.5759,0,0.7879,0.7879,0,0.7879,0,0,1.5759,0,0,0,0,0.0001,0.0001,0.0001,0,0.0001,0,0,0.0001,0,0.0001,0.0001,0,0.0001,0,0,0.0001,0,0,0,0,0.1311,0.081,0.1311,0.081,1
0,0.5724,1.7171,0,0.5724,0,0,0.5724,0.5724,1.7171,0,0,0,0,0.5724,1.1447,0.5724,0.5724,1.7171,0,0,0,0.0001,0,0,0,0,0,0,0.0001,0,0,0,0,0,0.0001,0,0,0.0001,0,0.2126,0.215,0.2126,0.215,1
2.0643,0,0,0,0.5161,0,1.0322,0,4.1286,0,1.0322,0,0,0,2.0643,0,1.0322,0,0,0,0.0003,0,0,0,0.0001,0,0.0002,0,0.0007,0,0.0002,0,0,0,0.0003,0,0.0002,0,0,0,0.1995,0.2844,0.1995,0.2844,1
1.5727,0.5242,0,0,0.5242,0,1.0485,0,1.5727,0,0.5242,0,0,0,3.1455,0,0,1.0485,0.5242,0.5242,0.0002,0.0001,0,0,0.0001,0,0.0001,0,0.0002,0,0.0001,0,0,0,0.0004,0,0,0.0001,0.0001,0.0001,0.3119,0.1639,0.3119,0.1639,1
0,0.7203,2.1608,0.7203,0,0,0,0,0,0,0,1.4405,1.4405,0,0.7203,0,0.7203,0,0,0,0,0.0001,0.0003,0.0001,0,0,0,0,0,0,0,0.0002,0.0002,0,0.0001,0,0.0001,0,0,0,0.186,0.0937,0.186,0.0937,1
0.5103,0,1.0207,2.0413,0.5103,0,0.5103,1.0207,0,1.0207,0,0.5103,0,0,1.0207,1.0207,0.5103,0.5103,0.5103,0,0.0001,0,0.0001,0.0002,0.0001,0,0.0001,0.0001,0,0.0001,0,0.0001,0,0,0.0001,0.0001,0.0001,0.0001,0.0001,0,0.2254,0.2642,0.2254,0.2642,1
0.4158,0,0.4158,3.3264,0,0,0,1.2474,2.9106,0.4158,0,0.4158,0,0.4158,0,0.4158,0.4158,0,0.8316,0.4158,0,0,0,0.0003,0,0,0,0.0001,0.0003,0,0,0,0,0,0,0,0,0,0.0001,0,0.2648,0.3194,0.2648,0.3194,1
0.4443,0.4443,0.4443,0.8886,0,0,0.4443,0.8886,2.6657,0.8886,0.8886,0,0.4443,0.4443,0.8886,0,0.4443,0.8886,0,0,0,0,0,0.0001,0,0,0,0.0001,0.0002,0.0001,0.0001,0,0,0,0.0001,0,0,0.0001,0,0,0.2335,0.3222,0.2335,0.3222,1
0.5462,2.1849,0,0,0.5462,1.6387,0,0,0,1.0925,0,0,0.5462,0,2.7311,0,0,1.0925,0,0.5462,0,0.0001,0,0,0,0.0001,0,0,0,0.0001,0,0,0,0,0.0002,0,0,0.0001,0,0,0.2555,0.1983,0.2555,0.1983,1
0.7126,0,0,0,0,0,0,1.4252,0.7126,1.4252,0.7126,0.7126,0,0.7126,0.7126,0,0,0,0,1.4252,0.0001,0,0,0,0,0,0,0.0003,0.0001,0.0003,0.0001,0.0001,0,0.0001,0.0001,0,0,0,0,0.0003,0.1406,0.1467,0.1406,0.1467,1
2.0182,0,0.5045,0.5045,0.5045,1.5136,0,0.5045,0,1.5136,0,1.5136,1.5136,0,1.0091,0.5045,0.5045,1.0091,1.0091,1.0091,0.0001,0,0,0,0,0.0001,0,0,0,0.0001,0,0.0001,0.0001,0,0.0001,0,0,0.0001,0.0001,0.0001,0.2378,0.2577,0.2378,0.2577,1
0.9471,0.4735,0.9471,0.9471,0,0.4735,0.4735,2.3677,0.9471,1.4206,0,0.9471,0.4735,0.9471,0.9471,0.9471,0.4735,0.4735,0,0,0.0001,0,0.0001,0.0001,0,0,0,0.0002,0.0001,0.0001,0,0.0001,0,0.0001,0.0001,0.0001,0,0,0,0,0.3083,0.2181,0.3083,0.2181,1
0,3.768,0,0.628,0,3.14,0.628,0,0,0.628,0,0.628,1.884,0,0.628,0.628,3.14,1.884,1.256,0,0,0.0001,0,0,0,0.0001,0,0,0,0,0,0,0.0001,0,0,0,0.0001,0.0001,0,0,0.1811,0.1909,0.1811,0.1909,1
1.7875,0,0,0.5958,0.5958,2.9791,0,0,0,0.5958,0,2.3833,0,0,1.1916,0.5958,0,0,1.1916,0,0.0001,0,0,0,0,0.0002,0,0,0,0,0,0.0002,0,0,0.0001,0,0,0,0.0001,0,0.2172,0.187,0.2172,0.187,1
0.634,0,0,0,0,0.634,0,0,0.634,1.9019,0,0,0.634,0,1.2679,0,0.634,0,1.2679,0,0.0001,0,0,0,0,0.0001,0,0,0.0001,0.0003,0,0,0.0001,0,0.0002,0,0.0001,0,0.0002,0,0.1922,0.1739,0.1922,0.1739,1
0,3.9104,1.1173,0,0,2.2345,0,0,0.5586,0.5586,0,1.1173,1.1173,0,0.5586,1.6759,1.6759,1.6759,0.5586,0,0,0.0002,0,0,0,0.0001,0,0,0,0,0,0,0,0,0,0.0001,0.0001,0.0001,0,0,0.2177,0.2237,0.2177,0.2237,1
3.8404,0.5486,0,0,0.5486,0.5486,0,0.5486,0.5486,2.1945,0.5486,0,0.5486,0,1.6459,1.0972,0.5486,2.1945,0,0,0.0003,0,0,0,0,0,0,0,0,0.0002,0,0,0,0,0.0001,0.0001,0,0.0002,0,0,0.2381,0.2133,0.2381,0.2133,1
1.6965,2.262,0,0.5655,1.131,0,0,1.6965,0.5655,0,1.6965,0.5655,0,0,1.131,0,0.5655,1.131,0.5655,0.5655,0.0001,0.0001,0,0,0.0001,0,0,0.0001,0,0,0.0001,0,0,0,0.0001,0,0,0.0001,0,0,0.2605,0.174,0.2605,0.174,1
0.6362,1.2724,0.6362,0,0.6362,0,1.2724,0,0.6362,0,0,0.6362,1.9086,1.2724,0.6362,0,1.2724,0.6362,1.2724,0.6362,0.0001,0.0001,0.0001,0,0.0001,0,0.0001,0,0.0001,0,0,0.0001,0.0002,0.0001,0.0001,0,0.0001,0.0001,0.0001,0.0001,0.1415,0.2223,0.1415,0.2223,1
2.0974,0,0,0,1.3983,2.0974,0,1.3983,0,2.0974,0.6991,0,0,0,1.3983,0.6991,1.3983,0.6991,0,0,0.0002,0,0,0,0.0001,0.0002,0,0.0001,0,0.0002,0.0001,0,0,0,0.0001,0.0001,0.0001,0.0001,0,0,0.1138,0.187,0.1138,0.187,1
0.6628,0,0,0,0,0,1.9883,0,0.6628,1.3256,1.9883,0,1.3256,0,0,0.6628,1.9883,3.3139,0,0,0.0001,0,0,0,0,0,0.0002,0,0.0001,0.0002,0.0002,0,0.0002,0,0,0.0001,0.0002,0.0004,0,0,0.1882,0.1491,0.1882,0.1491,1
0.6477,0.6477,1.2953,0,0.6477,0,0,0,1.943,0.6477,0,0,0,0,0,1.2953,1.943,0,0,1.943,0,0,0.0001,0,0,0,0,0,0.0001,0,0,0,0,0,0,0.0001,0.0001,0,0,0.0001,0.1382,0.2142,0.1382,0.2142,1
4.5585,0,0,0,0,0.7597,0,0,1.5195,3.039,0,1.5195,1.5195,0,0.7597,0,0,1.5195,0,0.7597,0.0004,0,0,0,0,0.0001,0,0,0.0001,0.0003,0,0.0001,0.0001,0,0.0001,0,0,0.0001,0,0.0001,0.0981,0.1421,0.0981,0.1421,1
0,0,0,0,1.2141,0,0.6071,1.8212,1.8212,1.8212,0,0.6071,0,0,4.8565,0,0.6071,0.6071,0,1.2141,0,0,0,0,0.0002,0,0.0001,0.0003,0.0003,0.0003,0,0.0001,0,0,0.0008,0,0.0001,0.0001,0,0.0002,0.2173,0.1756,0.2173,0.1756,1
3.0024,0,0,0.6005,0,0.6005,0.6005,0,1.201,1.8014,1.201,0,4.2033,0.6005,0,0.6005,0.6005,0,0.6005,1.201,0.0003,0,0,0.0001,0,0.0001,0.0001,0,0.0001,0.0002,0.0001,0,0.0004,0.0001,0,0.0001,0.0001,0,0.0001,0.0001,0.2138,0.1857,0.2138,0.1857,1
0.6288,0.6288,1.2576,0.6288,0.6288,1.2576,0,0.6288,0.6288,0.6288,0,0,0,0.6288,0,1.2576,0.6288,0,0,0,0,0,0.0001,0,0,0.0001,0,0,0,0,0,0,0,0,0,0.0001,0,0,0,0,0.2094,0.1618,0.2094,0.1618,1
0.5534,3.3207,0.5534,1.1069,0.5534,1.1069,0,1.1069,1.6603,0.5534,0,1.1069,1.1069,0,0,0.5534,0.5534,1.6603,0.5534,0.5534,0,0.0001,0,0,0,0,0,0,0.0001,0,0,0,0,0,0,0,0,0.0001,0,0,0.2315,0.2151,0.2315,0.2151,1
0,1.5765,0.7883,0,1.5765,0,0,0.7883,0,0.7883,0,0.7883,0.7883,0,0,2.3648,0.7883,0.7883,0,0.7883,0,0.0001,0,0,0.0001,0,0,0,0,0,0,0,0,0,0,0.0001,0,0,0,0,0.1022,0.1096,0.1022,0.1096,1
0.4825,0.4825,1.4475,0.4825,0.965,0,0,0.4825,0.965,0.965,0.4825,0.4825,0.965,0,1.4475,0,0.965,0,0.4825,0,0,0,0.0001,0,0.0001,0,0,0,0.0001,0.0001,0,0,0.0001,0,0.0001,0,0.0001,0,0,0,0.2559,0.2615,0.2559,0.2615,1
1.7207,1.1471,1.1471,1.1471,0.5736,0,0.5736,0.5736,0,0,0,0.5736,0,0.5736,1.1471,1.1471,0.5736,0.5736,0,0,0.0001,0.0001,0.0001,0.0001,0,0,0,0,0,0,0,0,0,0,0.0001,0.0001,0,0,0,0,0.1946,0.2318,0.1946,0.2318,1
0.5705,1.7114,0,0,0.5705,0.5705,0.5705,0,1.7114,0,0,0.5705,0,0.5705,1.7114,0,1.1409,1.7114,0,0,0,0.0001,0,0,0,0,0,0,0.0001,0,0,0,0,0,0.0001,0,0.0001,0.0001,0,0,0.2369,0.1926,0.2369,0.1926,1
0.4204,0,1.6817,1.2613,0.4204,0,0.4204,1.2613,0.8409,0.8409,0.4204,1.2613,0.4204,0.4204,0.4204,0,0.8409,0.4204,0.4204,0,0,0,0.0001,0.0001,0,0,0,0.0001,0.0001,0.0001,0,0.0001,0,0,0,0,0.0001,0,0,0,0.2943,0.2852,0.2943,0.2852,1
3.2111,0,0.5352,1.6055,0,0.5352,0.5352,0.5352,0,0.5352,0,0,2.1407,0.5352,1.0704,0,0,1.6055,0.5352,0,0.0003,0,0.0001,0.0002,0,0.0001,0.0001,0.0001,0,0.0001,0,0,0.0002,0.0001,0.0001,0,0,0.0002,0.0001,0,0.2253,0.2396,0.2253,0.2396,1
0,0,0,0,0,0,0.7721,0.7721,1.5442,1.5442,0,0,2.3163,0,0.7721,0.7721,1.5442,1.5442,0,1.5442,0,0,0,0,0,0,0.0001,0.0001,0.0002,0.0002,0,0,0.0003,0,0.0001,0.0001,0.0002,0.0002,0,0.0002,0.0997,0.1282,0.0997,0.1282,1
1.6102,0,0.8051,0,0.8051,0,0,0,0.8051,0,0,0,3.2204,0,0,0.8051,1.6102,0,0,0,0.0003,0,0.0001,0,0.0001,0,0,0,0.0001,0,0,0,0.0005,0,0,0.0001,0.0003,0,0,0,0.1064,0.0885,0.1064,0.0885,1
0.4676,0.4676,0.4676,0.4676,0,0,1.4027,0.4676,1.8702,0.4676,0,0.9351,0,0,1.4027,0.4676,1.4027,1.8702,0,0.9351,0,0,0,0,0,0,0.0001,0,0.0002,0,0,0.0001,0,0,0.0001,0,0.0001,0.0002,0,0.0001,0.2426,0.2898,0.2426,0.2898,1
1.026,0,0.513,0.513,0,1.026,0,1.5391,2.0521,1.026,1.026,1.026,0,1.026,0,1.5391,1.5391,1.026,0,0,0.0001,0,0,0,0,0.0001,0,0.0001,0.0002,0.0001,0.0001,0.0001,0,0.0001,0,0.0001,0.0001,0.0001,0,0,0.2219,0.2651,0.2219,0.2651,1
0.5231,0,0.5231,1.0462,1.0462,1.0462,2.0925,0,1.5693,0.5231,0,0,0.5231,0,0,0,0,1.0462,0.5231,0,0,0,0,0.0001,0.0001,0.0001,0.0002,0,0.0001,0,0,0,0,0,0,0,0,0.0001,0,0,0.234,0.2428,0.234,0.2428,1
1.816,0,0,0,1.2106,1.2106,0.6053,0,1.2106,1.816,1.2106,0,1.2106,0,0,0.6053,0.6053,0.6053,0.6053,0.6053,0.0002,0,0,0,0.0001,0.0001,0.0001,0,0.0001,0.0002,0.0001,0,0.0001,0,0,0.0001,0.0001,0.0001,0.0001,0.0001,0.188,0.2067,0.188,0.2067,1
0.5436,0,0.5436,1.0872,1.0872,3.2615,0,0,0,2.1744,0,0.5436,0,0,1.6308,0,0,0,0.5436,0,0,0,0,0.0001,0.0001,0.0002,0,0,0,0.0002,0,0,0,0,0.0001,0,0,0,0,0,0.2115,0.2449,0.2115,0.2449,1
0.8099,0,0,0,2.4298,0,0,0,1.6199,3.2397,0,0.8099,0,0,1.6199,0,0.8099,0.8099,0,0,0.0001,0,0,0,0.0004,0,0,0,0.0003,0.0006,0,0.0001,0,0,0.0003,0,0.0001,0.0001,0,0,0.0752,0.1148,0.0752,0.1148,1
1.8842,0,0.6281,0,0,0.6281,0.6281,1.8842,0,0,0,2.5123,0.6281,0.6281,1.2561,1.2561,0.6281,0,0,0,0.0002,0,0.0001,0,0,0.0001,0.0001,0.0002,0,0,0,0.0002,0.0001,0.0001,0.0001,0.0001,0.0001,0,0,0,0.2152,0.1567,0.2152,0.1567,1
0,0.9802,0.4901,0.9802,0,0.9802,0,0.4901,0,0.4901,0.4901,0.4901,4.411,0.4901,1.4703,0,1.4703,0.9802,0.4901,0,0,0.0001,0,0.0001,0,0.0001,0,0,0,0,0,0,0.0003,0,0.0001,0,0.0001,0.0001,0,0,0.2771,0.2328,0.2771,0.2328,1
0.8773,0.4386,1.7545,0.4386,0,0.4386,0,1.3159,1.7545,0.8773,0.8773,0,0,0,0,0.8773,0.4386,0.8773,0.4386,0.8773,0,0,0.0001,0,0,0,0,0.0001,0.0001,0,0,0,0,0,0,0,0,0,0,0,0.2831,0.2783,0.2831,0.2783,1
2.4533,0,0.6133,0,0,0.6133,1.2266,0,0.6133,0,0,0,2.4533,0,1.84,0.6133,0.6133,0.6133,0.6133,0.6133,0.0003,0,0.0001,0,0,0.0001,0.0002,0,0.0001,0,0,0,0.0003,0,0.0002,0.0001,0.0001,0.0001,0.0001,0.0001,0.1955,0.1912,0.1955,0.1912,1
0,0,0.5901,0.5901,0.5901,1.1802,0.5901,0,1.1802,0,0.5901,0.5901,0,0,1.1802,0.5901,1.7702,0.5901,0,0.5901,0,0,0.0001,0.0001,0.0001,0.0002,0.0001,0,0.0002,0,0.0001,0.0001,0,0,0.0002,0.0001,0.0002,0.0001,0,0.0001,0.1746,0.2353,0.1746,0.2353,1
0.8887,0,0.8887,0.8887,0,0.4443,0.4443,1.333,1.7774,1.7774,0.4443,0.4443,0,0.8887,1.7774,0,0.4443,0,0,0,0.0001,0,0.0001,0.0001,0,0,0,0.0001,0.0002,0.0002,0,0,0,0.0001,0.0002,0,0,0,0,0,0.2617,0.2939,0.2617,0.2939,1
0,1.1365,1.7048,0,1.7048,1.1365,0.5683,0,0,1.1365,0,1.7048,1.1365,0,0.5683,0.5683,0,0,0.5683,0,0,0.0001,0.0001,0,0.0001,0.0001,0,0,0,0.0001,0,0.0001,0.0001,0,0,0,0,0,0,0,0.2483,0.1834,0.2483,0.1834,1
1.1729,0,0,0,0,0,0,0,0,1.7594,0.5865,0,0.5865,0,3.5188,0,0,0,0.5865,0,0.0002,0,0,0,0,0,0,0,0,0.0003,0.0001,0,0.0001,0,0.0006,0,0,0,0.0001,0,0.2559,0.1577,0.2559,0.1577,1
1.4528,0,0.7264,0.7264,0,0,0,0.7264,0,2.9055,0.7264,0,0,0.7264,0,1.4528,1.4528,0.7264,0,0.7264,0.0001,0,0.0001,0.0001,0,0,0,0.0001,0,0.0003,0.0001,0,0,0.0001,0,0.0001,0.0001,0.0001,0,0.0001,0.1051,0.1686,0.1051,0.1686,1
2.0209,0,0.6736,0.6736,0,0.6736,0.6736,2.0209,2.0209,0.6736,0,0.6736,1.3473,0,1.3473,0,0,1.3473,0,0,0.0002,0,0.0001,0.0001,0,0.0001,0.0001,0.0002,0.0002,0.0001,0,0.0001,0.0002,0,0.0002,0,0,0.0002,0,0,0.1653,0.1611,0.1653,0.1611,1
0,0.4575,0,0,0.915,0.915,0.4575,0,3.2023,0,0.915,0,1.3724,0,1.8299,0.4575,0.4575,0,0,1.8299,0,0,0,0,0.0001,0.0001,0,0,0.0003,0,0.0001,0,0.0001,0,0.0002,0,0,0,0,0.0002,0.3005,0.242,0.3005,0.242,1
0.6388,1.2775,0,0,0.6388,0.6388,0,0.6388,1.2775,0,0.6388,0,0.6388,0,0.6388,0,1.9163,1.2775,0.6388,0,0,0.0001,0,0,0,0,0,0,0.0001,0,0,0,0,0,0,0,0.0001,0.0001,0,0,0.1725,0.1887,0.1725,0.1887,1
0,0,0,0,1.8966,1.2644,0,0,1.8966,1.2644,0.6322,0,1.2644,0,2.5288,0,0,0.6322,0,0,0,0,0,0,0.0003,0.0002,0,0,0.0003,0.0002,0.0001,0,0.0002,0,0.0004,0,0,0.0001,0,0,0.2069,0.1609,0.2069,0.1609,1
0,0,0.4829,0,0.9658,0.9658,0,0,1.4487,2.4145,0,0.4829,0,0.9658,1.4487,0,0,0.9658,0,0,0,0,0,0,0.0001,0.0001,0,0,0.0001,0.0002,0,0,0,0.0001,0.0001,0,0,0.0001,0,0,0.2383,0.2788,0.2383,0.2788,1
0.7404,0,0.7404,0,1.4808,0,0,0,0.7404,2.2212,0.7404,0.7404,1.4808,0.7404,0,0,0,1.4808,0,0,0.0001,0,0.0001,0,0.0002,0,0,0,0.0001,0.0003,0.0001,0.0001,0.0002,0.0001,0,0,0,0.0002,0,0,0.1467,0.1129,0.1467,0.1129,1
0.6825,0,0,0.6825,0,0,1.365,0,0,0,0,0.6825,4.095,0,0.6825,0.6825,0,1.365,0,0,0.0001,0,0,0.0001,0,0,0.0002,0,0,0,0,0.0001,0.0007,0,0.0001,0.0001,0,0.0002,0,0,0.1808,0.1367,0.1808,0.1367,1
0.8764,0.8764,0,0.4382,0.4382,1.3146,0,0.8764,0.8764,0,0,0.8764,0.4382,0,1.7528,0.4382,0.4382,1.3146,0.8764,0.4382,0,0,0,0,0,0.0001,0,0,0,0,0,0,0,0,0.0001,0,0,0.0001,0,0,0.2708,0.291,0.2708,0.291,1
1.2596,0,0.6298,0.6298,0.6298,2.5192,0,0.6298,0.6298,1.2596,1.8894,0,1.2596,0.6298,1.2596,0,0,0.6298,0,0,0.0001,0,0.0001,0.0001,0.0001,0.0002,0,0.0001,0.0001,0.0001,0.0002,0,0.0001,0.0001,0.0001,0,0,0.0001,0,0,0.1718,0.1984,0.1718,0.1984,1
0.6366,0.6366,0.6366,0.6366,0,0.6366,0,0.6366,0,0,1.2732,2.5463,0,0,0.6366,0.6366,0,0.6366,0.6366,0.6366,0,0,0,0,0,0,0,0,0,0,0.0001,0.0002,0,0,0,0,0,0,0,0,0.2112,0.1522,0.2112,0.1522,1
1.3495,0.6747,0,0.6747,0.6747,0.6747,0,0.6747,0.6747,0,0,0,0,0.6747,2.0242,0,0,0,1.3495,0,0.0001,0.0001,0,0.0001,0.0001,0.0001,0,0.0001,0.0001,0,0,0,0,0.0001,0.0002,0,0,0,0.0001,0,0.1688,0.1564,0.1688,0.1564,1
1.7787,0.4447,0,0,0.4447,0,0.8893,0.8893,0.4447,0,1.334,0,0.4447,0,2.668,0.4447,0.4447,1.334,0.4447,0,0.0002,0,0,0,0,0,0.0001,0.0001,0,0,0.0001,0,0,0,0.0002,0,0,0.0001,0,0,0.2693,0.286,0.2693,0.286,1
0.5009,1.5028,0,1.0019,0,1.0019,0.5009,1.0019,0.5009,0,2.0037,0,0,0,1.5028,1.0019,1.0019,0.5009,0.5009,0.5009,0,0.0001,0,0.0001,0,0.0001,0,0.0001,0,0,0.0001,0,0,0,0.0001,0.0001,0.0001,0,0,0,0.2788,0.2203,0.2788,0.2203,1
3.9704,0,0,0,0,0.7941,0,0.7941,2.3822,3.1763,0,0,1.5881,0,0.7941,0,0,2.3822,0,0,0.0005,0,0,0,0,0.0001,0,0.0001,0.0003,0.0004,0,0,0.0002,0,0.0001,0,0,0.0003,0,0,0.0803,0.1256,0.0803,0.1256,1
0.6352,0,1.2704,0,0,0,0,0.6352,0.6352,3.8113,0,0,0.6352,0,1.2704,0.6352,0,0.6352,0,0,0.0001,0,0.0001,0,0,0,0,0.0001,0.0001,0.0003,0,0,0.0001,0,0.0001,0.0001,0,0.0001,0,0,0.1429,0.2219,0.1429,0.2219,1
2.0265,0,0,0,0,0.6755,0,0,1.351,0.6755,0.6755,0,0.6755,0.6755,0,0.6755,0,0,1.351,0,0.0002,0,0,0,0,0.0001,0,0,0.0001,0.0001,0.0001,0,0.0001,0.0001,0,0.0001,0,0,0.0001,0,0.1573,0.1672,0.1573,0.1672,1
0,0,1.2819,0,1.2819,1.2819,0,0,0.6409,1.2819,0,1.2819,1.2819,0,0,0.6409,0.6409,0.6409,2.5637,0,0,0,0.0001,0,0.0001,0.0001,0,0,0,0.0001,0,0.0001,0.0001,0,0,0,0,0,0.0002,0,0.1992,0.1599,0.1992,0.1599,1
1.3605,0.6803,0.6803,1.3605,2.0408,0,0,1.3605,0,0.6803,0.6803,0.6803,2.0408,0,0,0,0.6803,1.3605,0,0,0.0001,0,0,0.0001,0.0001,0,0,0.0001,0,0,0,0,0.0001,0,0,0,0,0.0001,0,0,0.2033,0.1164,0.2033,0.1164,1
0.7208,0,0,0,0.7208,0,0,0,3.6041,0.7208,0,0,0,0,0.7208,0.7208,1.4416,2.8832,0,0,0.0001,0,0,0,0.0001,0,0,0,0.0007,0.0001,0,0,0,0,0.0001,0.0001,0.0003,0.0006,0,0,0.1054,0.1738,0.1054,0.1738,1
0,0,0,0,0,1.96,0.6533,1.96,0,1.3067,1.96,0,1.3067,0,1.3067,0.6533,2.6134,3.9201,0,0.6533,0,0,0,0,0,0.0002,0.0001,0.0002,0,0.0001,0.0002,0,0.0001,0,0.0001,0.0001,0.0002,0.0003,0,0.0001,0.1481,0.1985,0.1481,0.1985,1
0.9582,0,0,0.4791,1.9165,0,0,0.4791,3.3538,0.9582,0,0,0,0,1.9165,0,0.4791,0.4791,0,0,0.0001,0,0,0.0001,0.0003,0,0,0.0001,0.0004,0.0001,0,0,0,0,0.0003,0,0.0001,0.0001,0,0,0.3634,0.1575,0.3634,0.1575,1
0,0,0.944,1.888,0,0,0,0.944,2.36,1.888,0.944,0.944,0,0,0,1.416,0.944,0.944,0,0,0,0,0.0001,0.0002,0,0,0,0.0001,0.0002,0.0002,0.0001,0.0001,0,0,0,0.0001,0.0001,0.0001,0,0,0.2315,0.2965,0.2315,0.2965,1
0.6776,0,0.6776,0,0.6776,0.6776,0,0.6776,0,0.6776,0.6776,1.3552,0,0,0.6776,0.6776,0.6776,1.3552,0,0.6776,0.0001,0,0.0001,0,0.0001,0.0001,0,0.0001,0,0.0001,0.0001,0.0001,0,0,0.0001,0.0001,0.0001,0.0001,0,0.0001,0.1648,0.1576,0.1648,0.1576,1
0.934,0.934,1.401,0.934,0.934,0.934,0.467,1.401,1.401,1.401,0.934,0.467,0.467,0,0.467,0.467,0,0.467,0,0,0,0,0.0001,0,0,0,0,0.0001,0.0001,0.0001,0,0,0,0,0,0,0,0,0,0,0.2594,0.2736,0.2594,0.2736,1
2.2081,0.736,0,0.736,0.736,0.736,0,0,0.736,0,0,0,0,0.736,0,0,0,0,1.472,0,0.0002,0.0001,0,0.0001,0.0001,0.0001,0,0,0.0001,0,0,0,0,0.0001,0,0,0,0,0.0001,0,0.1371,0.1269,0.1371,0.1269,1
1.8409,0.9204,0,0,0.9204,0.9204,0,1.8409,0,1.8409,0,0,0,0,0,0,0.9204,4.6022,0,0,0.0002,0.0001,0,0,0.0001,0.0001,0,0.0002,0,0.0002,0,0,0,0,0,0,0.0001,0.0005,0,0,0.0355,0.044,0.0355,0.044,1
0.7004,0,1.4009,0,0.7004,0.7004,0,0,0,0.7004,5.6035,1.4009,0.7004,0,0,0.7004,1.4009,0,0,0.7004,0.0001,0,0.0001,0,0.0001,0.0001,0,0,0,0.0001,0.0004,0.0001,0.0001,0,0,0.0001,0.0001,0,0,0.0001,0.1396,0.16,0.1396,0.16,1
0.7173,0,0.7173,0,0,0.7173,0,0,0.7173,0,0,0.7173,0,0,4.3037,0,0,0,0,0,0.0002,0,0.0002,0,0,0.0002,0,0,0.0002,0,0,0.0002,0,0,0.001,0,0,0,0,0,0.1181,0.1646,0.1181,0.1646,1
0.6013,0,0,0,0.6013,0,0,0,1.2026,4.2092,1.2026,0,0,0.6013,1.2026,0.6013,0,0.6013,0,0,0.0001,0,0,0,0.0001,0,0,0,0.0001,0.0005,0.0001,0,0,0.0001,0.0001,0.0001,0,0.0001,0,0,0.1872,0.2115,0.1872,0.2115,1
1.4317,0,0,0.9544,0,0.4772,0.4772,1.4317,2.3861,1.4317,0,0.4772,0.4772,0,0.4772,0,0.4772,1.9089,0,0.9544,0.0001,0,0,0.0001,0,0,0,0.0001,0.0002,0.0001,0,0,0,0,0,0,0,0.0002,0,0.0001,0.3081,0.2146,0.3081,0.2146,1
0,0,1.005,0,0.5025,0.5025,0,0,1.005,2.01,0,0.5025,0.5025,0.5025,1.5075,1.005,0,0,0.5025,0,0,0,0.0001,0,0,0,0,0,0.0001,0.0002,0,0,0,0,0.0001,0.0001,0,0,0,0,0.2375,0.26,0.2375,0.26,1
0,0,0.4048,3.2382,0,0,0,1.2143,2.4286,0.4048,0.4048,0,0,1.2143,0.4048,0.4048,0.8095,0,0.8095,0.4048,0,0,0,0.0003,0,0,0,0.0001,0.0002,0,0,0,0,0.0001,0,0,0.0001,0,0.0001,0,0.2729,0.3224,0.2729,0.3224,1
0.7936,0,0,0,0.7936,0,0,0,0.7936,3.1743,0,0,0,0,0,0.7936,0.7936,2.3807,0.7936,0.7936,0.0001,0,0,0,0.0001,0,0,0,0.0001,0.0005,0,0,0,0,0,0.0001,0.0001,0.0004,0.0001,0.0001,0.1235,0.0829,0.1235,0.0829,1
0.6426,0,0,0,1.2851,1.2851,0.6426,0.6426,0.6426,2.5703,1.2851,0.6426,0.6426,0,0.6426,1.9277,0,1.2851,0,0,0.0001,0,0,0,0.0001,0.0001,0.0001,0.0001,0.0001,0.0002,0.0001,0.0001,0.0001,0,0.0001,0.0002,0,0.0001,0,0,0.182,0.1755,0.182,0.1755,1
0.8565,0,0.8565,1.2847,0,0.4282,0.8565,0,1.2847,3.8541,0,1.2847,0,0,0.4282,0,0,0.8565,0,0,0.0001,0,0.0001,0.0001,0,0,0.0001,0,0.0001,0.0003,0,0.0001,0,0,0,0,0,0.0001,0,0,0.2757,0.296,0.2757,0.296,1
1.3413,0.6706,0.6706,0.6706,0,1.3413,0,0,0.6706,2.0119,0,0.6706,0,0.6706,0,3.3532,1.3413,0,0,0,0.0001,0,0,0,0,0.0001,0,0,0,0.0001,0,0,0,0,0,0.0002,0.0001,0,0,0,0.1604,0.169,0.1604,0.169,1
1.0078,0.5039,2.0155,0.5039,1.0078,1.0078,0,0,1.0078,0.5039,0.5039,0,1.0078,0,1.5116,0.5039,0,0,0,0,0.0001,0,0.0001,0,0.0001,0.0001,0,0,0.0001,0,0,0,0.0001,0,0.0001,0,0,0,0,0,0.2939,0.2023,0.2939,0.2023,1
0.68,0,0,0,0,0,0,1.36,0,0.68,1.36,0,0,0.68,2.04,0.68,0.68,0,0,0,0.0001,0,0,0,0,0,0,0.0003,0,0.0001,0.0003,0,0,0.0001,0.0004,0.0001,0.0001,0,0,0,0.1999,0.1201,0.1999,0.1201,1
1.2566,0,0,0.6283,0.6283,1.8849,1.2566,0,0.6283,3.1415,0,0,1.2566,0.6283,0,0.6283,0,3.1415,0,0,0.0001,0,0,0,0,0.0001,0.0001,0,0,0.0002,0,0,0.0001,0,0,0,0,0.0002,0,0,0.1627,0.209,0.1627,0.209,1
0.8562,0,0,0,2.5685,0,0,0,3.4247,3.4247,0,0,0,0,0,0,0,0.8562,0,0,0.0002,0,0,0,0.0007,0,0,0,0.001,0.001,0,0,0,0,0,0,0,0.0002,0,0,0.0569,0.0869,0.0569,0.0869,1
0.5941,0,0.5941,1.1881,1.1881,1.1881,0.5941,0.5941,0,1.1881,0,1.1881,0,0,0.5941,0,0,0,0,0.5941,0.0001,0,0.0001,0.0001,0.0001,0.0001,0.0001,0.0001,0,0.0001,0,0.0001,0,0,0.0001,0,0,0,0,0.0001,0.2043,0.2017,0.2043,0.2017,1
0.5298,0.5298,1.5895,1.0597,0,1.5895,0,0,0.5298,2.6492,1.0597,1.0597,4.7686,0,0,0,0,0,0.5298,0,0,0,0.0001,0.0001,0,0.0001,0,0,0,0.0002,0.0001,0.0001,0.0003,0,0,0,0,0,0,0,0.2342,0.236,0.2342,0.236,1
0,0.7281,0.7281,0.7281,0,0.7281,0,0.7281,0,0,1.4561,1.4561,0.7281,0,0,1.4561,1.4561,0,0,0.7281,0,0.0001,0.0001,0.0001,0,0.0001,0,0.0001,0,0,0.0002,0.0002,0.0001,0,0,0.0002,0.0002,0,0,0.0001,0.1364,0.1356,0.1364,0.1356,1
1.3306,0,1.9959,0,0,0.6653,0.6653,0,0,0.6653,0,1.9959,0.6653,0,0.6653,0,0.6653,0,0.6653,0,0.0001,0,0.0002,0,0,0.0001,0.0001,0,0,0.0001,0,0.0002,0.0001,0,0.0001,0,0.0001,0,0.0001,0,0.1791,0.1556,0.1791,0.1556,1
2.2144,0,0,0,0,0,0,1.4763,1.4763,0.7381,0,0.7381,0,0.7381,0.7381,0,0.7381,2.2144,0,0.7381,0.0003,0,0,0,0,0,0,0.0002,0.0002,0.0001,0,0.0001,0,0.0001,0.0001,0,0.0001,0.0003,0,0.0001,0.1978,0.064,0.1978,0.064,1
1.6978,0,0,0,3.3956,0,0,0,3.3956,0,0,0,0,0,0,0,0,1.6978,0,0.8489,0.0005,0,0,0,0.001,0,0,0,0.001,0,0,0,0,0,0,0,0,0.0005,0,0.0002,0.0508,0.1004,0.0508,0.1004,1
0,0,2.289,0.4578,0,0.4578,0.9156,0.9156,0.4578,2.289,0.4578,1.3734,0,0.4578,0,0.9156,0.9156,0.9156,0,0.9156,0,0,0.0001,0,0,0,0.0001,0.0001,0,0.0001,0,0.0001,0,0,0,0.0001,0.0001,0.0001,0,0.0001,0.2357,0.3065,0.2357,0.3065,1
0,0,0.6355,0.6355,0,1.2709,0,1.2709,0.6355,0.6355,0,0.6355,0,0,1.2709,1.2709,0.6355,0.6355,0,0,0,0,0.0001,0.0001,0,0.0001,0,0.0001,0.0001,0.0001,0,0.0001,0,0,0.0001,0.0001,0.0001,0.0001,0,0,0.1903,0.1742,0.1903,0.1742,1
1.2119,1.8179,0.606,1.2119,0,0.606,0,0,0,1.2119,1.2119,0.606,1.2119,0,1.2119,0,2.4238,0.606,1.2119,0,0.0001,0.0001,0,0.0001,0,0,0,0,0,0.0001,0.0001,0,0.0001,0,0.0001,0,0.0001,0,0.0001,0,0.2172,0.1768,0.2172,0.1768,1
1.2548,1.8822,0.6274,0,0.6274,0.6274,0.6274,0.6274,0,0,1.2548,0.6274,0,0,0.6274,0,2.5096,0.6274,0.6274,0,0.0001,0.0001,0,0,0,0,0,0,0,0,0.0001,0,0,0,0,0,0.0001,0,0,0,0.188,0.1846,0.188,0.1846,1
0,1.075,3.2251,0,0,0.5375,0.5375,0,1.075,1.075,1.075,1.6125,1.6125,0.5375,0.5375,1.075,1.075,0.5375,0,0.5375,0,0.0001,0.0002,0,0,0,0,0,0.0001,0.0001,0.0001,0.0001,0.0001,0,0,0.0001,0.0001,0,0,0,0.2127,0.2498,0.2127,0.2498,1
1.4294,0,0,0,0,2.1441,0,0.7147,0.7147,1.4294,0,0,0,0.7147,0.7147,0,0,0,0,0,0.0002,0,0,0,0,0.0003,0,0.0001,0.0001,0.0002,0,0,0,0.0001,0.0001,0,0,0,0,0,0.1548,0.1306,0.1548,0.1306,1
0,0.6794,0.6794,0,0,0.6794,0,0,0.6794,0.6794,0,1.3588,4.0763,0.6794,0.6794,0,0.6794,0.6794,0,0,0,0.0001,0.0001,0,0,0.0001,0,0,0.0001,0.0001,0,0.0001,0.0004,0.0001,0.0001,0,0.0001,0.0001,0,0,0.1598,0.1609,0.1598,0.1609,1
0,0,0.4154,3.3229,0,0,0,1.2461,2.9075,0.4154,0.4154,0,0,0.8307,0,0,1.2461,0,0.8307,0.4154,0,0,0,0.0003,0,0,0,0.0001,0.0003,0,0,0,0,0.0001,0,0,0.0001,0,0.0001,0,0.2566,0.3281,0.2566,0.3281,1
0.5058,0.5058,0,0,1.0115,1.0115,0.5058,0.5058,2.5288,0,0.5058,0,1.0115,0,1.5173,0,1.0115,0.5058,0,0.5058,0.0001,0.0001,0,0,0.0001,0.0001,0.0001,0.0001,0.0003,0,0.0001,0,0.0001,0,0.0002,0,0.0001,0.0001,0,0.0001,0.2421,0.2521,0.2421,0.2521,1
0.6169,0.6169,0,0.6169,0.6169,0.6169,0,0,0.6169,1.8508,0,3.0846,1.2339,0,0.6169,0.6169,0.6169,0,0.6169,0,0,0,0,0,0,0,0,0,0,0.0001,0,0.0002,0.0001,0,0,0,0,0,0,0,0.1852,0.1979,0.1852,0.1979,1
0,0,0,0,0,0.6231,0,0,2.4925,1.2463,0,0,1.2463,0.6231,3.7388,0,0,0.6231,0,0,0,0,0,0,0,0.0001,0,0,0.0005,0.0002,0,0,0.0002,0.0001,0.0007,0,0,0.0001,0,0,0.1632,0.2137,0.1632,0.2137,1
2.1684,0,0,0,0.7228,0,0,0,0.7228,2.1684,0,0,0,0,0.7228,0.7228,0,0,0.7228,0.7228,0.0003,0,0,0,0.0001,0,0,0,0.0001,0.0003,0,0,0,0,0.0001,0.0001,0,0,0.0001,0.0001,0.1425,0.1347,0.1425,0.1347,1
2.6191,0,0,0.6548,0.6548,1.9643,0.6548,1.3095,0,1.3095,0.6548,0.6548,0,0,0,0,0,1.3095,0.6548,0.6548,0.0002,0,0,0.0001,0.0001,0.0002,0.0001,0.0001,0,0.0001,0.0001,0.0001,0,0,0,0,0,0.0001,0.0001,0.0001,0.174,0.1713,0.174,0.1713,1
0.6851,0.6851,0.6851,0.6851,0,0,0,0,0,2.0552,0,0.6851,1.3701,1.3701,0.6851,0,0.6851,0,1.3701,0,0.0001,0.0001,0.0001,0.0001,0,0,0,0,0,0.0002,0,0.0001,0.0001,0.0001,0.0001,0,0.0001,0,0.0001,0,0.1668,0.1481,0.1668,0.1481,1
2.9162,0.729,0,1.4581,0,1.4581,0,0,0,2.1871,1.4581,0.729,0.729,0,0,0,1.4581,0,0,0,0.0002,0.0001,0,0.0001,0,0.0001,0,0,0,0.0002,0.0001,0.0001,0.0001,0,0,0,0.0001,0,0,0,0.1208,0.1502,0.1208,0.1502,1
0,3.317,0,0.5528,0.5528,3.317,0,0,0.5528,1.1057,0,1.1057,1.6585,0,1.6585,0.5528,2.2113,0,0,0,0,0.0001,0,0,0,0.0001,0,0,0,0,0,0,0.0001,0,0.0001,0,0.0001,0,0,0,0.2369,0.2103,0.2369,0.2103,1
0.5951,0.5951,1.1902,0,0.5951,0,1.1902,0.5951,1.1902,0,1.1902,1.7853,0.5951,0.5951,0,0,0.5951,1.1902,0,0,0,0,0.0001,0,0,0,0.0001,0,0.0001,0,0.0001,0.0001,0,0,0,0,0,0.0001,0,0,0.2463,0.1586,0.2463,0.1586,1
0,0.7565,1.513,0,0.7565,0,0,1.513,0,1.513,0.7565,0,0.7565,0,0,2.2695,0,0,0,0,0,0.0001,0.0001,0,0.0001,0,0,0.0001,0,0.0001,0.0001,0,0.0001,0,0,0.0002,0,0,0,0,0.1322,0.1113,0.1322,0.1113,1
0.4561,0.4561,0.4561,0,0,0.9122,0.4561,0.9122,0.4561,2.2804,0.4561,0,0.9122,0.4561,1.8243,0,1.8243,1.3682,0,0,0,0,0,0,0,0.0001,0,0.0001,0,0.0002,0,0,0.0001,0,0.0002,0,0.0002,0.0001,0,0,0.2693,0.2746,0.2693,0.2746,1
1.1791,0,1.1791,0.5896,0.5896,0,0,0.5896,1.1791,2.3583,0,0.5896,0.5896,0,0,0.5896,0,1.1791,0,0,0.0001,0,0.0001,0,0,0,0,0,0.0001,0.0002,0,0,0,0,0,0,0,0.0001,0,0,0.2275,0.1829,0.2275,0.1829,1
0.682,0,0,0,0,0,0.682,0.682,0,0,1.3639,0,0,0.682,2.0459,0,0.682,1.3639,0,0,0.0002,0,0,0,0,0,0.0002,0.0002,0,0,0.0003,0,0,0.0002,0.0005,0,0.0002,0.0003,0,0,0.1806,0.1374,0.1806,0.1374,1
1.1073,1.6609,0,0,0,2.2146,0.5536,0,0.5536,0,0.5536,1.6609,1.6609,0,1.1073,0.5536,2.7682,1.6609,0,0,0.0001,0.0001,0,0,0,0.0001,0,0,0,0,0,0.0001,0.0001,0,0.0001,0,0.0002,0.0001,0,0,0.2154,0.231,0.2154,0.231,1
0.9285,0,0,0.4643,0.9285,0,0,0.9285,3.2498,0.9285,0,0,0,0,1.857,0.4643,0,0.9285,0,0,0.0001,0,0,0.0001,0.0001,0,0,0.0001,0.0004,0.0001,0,0,0,0,0.0002,0.0001,0,0.0001,0,0,0.2484,0.2874,0.2484,0.2874,1
1.1466,0,1.1466,0,0.5733,3.4397,0.5733,0,0,2.8664,0.5733,1.1466,0,0.5733,0.5733,0.5733,0,0.5733,0,0,0.0001,0,0.0001,0,0,0.0002,0,0,0,0.0002,0,0.0001,0,0,0,0,0,0,0,0,0.2041,0.2227,0.2041,0.2227,1
1.2528,0,0.6264,0,0,1.2528,0,0,1.2528,1.2528,0,0,0,0,0.6264,1.8792,0.6264,0.6264,0,0,0.0001,0,0.0001,0,0,0.0001,0,0,0.0001,0.0001,0,0,0,0,0.0001,0.0002,0.0001,0.0001,0,0,0.2037,0.1699,0.2037,0.1699,1
0.475,0.475,0,0,0.475,0.475,0.95,0.95,1.9,0.95,0.475,0.475,0,0,3.325,0.95,0.475,0,0,0,0,0,0,0,0,0,0.0001,0.0001,0.0002,0.0001,0,0,0,0,0.0003,0.0001,0,0,0,0,0.2639,0.2611,0.2639,0.2611,1
0,0.6586,0.6586,0,0.6586,0,0,0,0,1.3172,0,0,0,0,1.9757,0,1.3172,0.6586,0,1.3172,0,0.0001,0.0001,0,0.0001,0,0,0,0,0.0001,0,0,0,0,0.0002,0,0.0001,0.0001,0,0.0001,0.1776,0.1639,0.1776,0.1639,1
0.5228,0.5228,0.5228,0,0,0,0.5228,1.0456,1.0456,1.0456,1.0456,0.5228,0.5228,0,2.6139,0.5228,1.0456,0,0,0,0,0,0,0,0,0,0,0.0001,0.0001,0.0001,0.0001,0,0,0,0.0002,0,0.0001,0,0,0,0.2867,0.1906,0.2867,0.1906,1
0,0.8296,0,0,2.4888,0.8296,0,0,0,2.4888,0,0,2.4888,0,0,0,0,0,1.6592,0,0,0.0001,0,0,0.0002,0.0001,0,0,0,0.0002,0,0,0.0002,0,0,0,0,0,0.0002,0,0.102,0.0684,0.102,0.0684,1
0.552,2.208,0,0,1.104,0,1.104,0,0.552,0,0,0.552,0,1.656,1.656,0.552,1.656,1.104,0.552,0.552,0,0.0001,0,0,0.0001,0,0.0001,0,0,0,0,0,0,0.0001,0.0001,0,0.0001,0.0001,0,0,0.2384,0.2095,0.2384,0.2095,1
0.7394,0.7394,0,1.4787,0,0,0.7394,1.4787,0.7394,0.7394,0,1.4787,0,0.7394,0,0,0,0.7394,0,0,0.0001,0.0001,0,0.0001,0,0,0.0001,0.0001,0.0001,0.0001,0,0.0001,0,0.0001,0,0,0,0.0001,0,0,0.1356,0.125,0.1356,0.125,1
0,0,0,0,0,0,0,2.0552,1.3702,0.6851,1.3702,1.3702,0,0,0.6851,0,0,0.6851,0,0.6851,0,0,0,0,0,0,0,0.0003,0.0002,0.0001,0.0002,0.0002,0,0,0.0001,0,0,0.0001,0,0.0001,0.166,0.1489,0.166,0.1489,1
0,0.5012,1.5036,0.5012,0,1.5036,1.0024,0.5012,1.0024,0,1.0024,0.5012,0.5012,0,1.5036,0.5012,0.5012,0.5012,0.5012,0,0,0,0.0001,0,0,0.0001,0.0001,0,0.0001,0,0.0001,0,0,0,0.0001,0,0,0,0,0,0.2088,0.29,0.2088,0.29,1
0,0,0,0,0.9887,0.4944,0,0,3.4606,0.9887,0.4944,0,0.4944,0,2.4719,0.4944,0,0.4944,0,0,0,0,0,0,0.0001,0.0001,0,0,0.0005,0.0001,0.0001,0,0.0001,0,0.0003,0.0001,0,0.0001,0,0,0.2352,0.2704,0.2352,0.2704,1
2.1835,0,0.7278,0,1.4557,0.7278,0,0.7278,0,0,0,0,0,0,0.7278,0,0,0.7278,0.7278,0.7278,0.0003,0,0.0001,0,0.0002,0.0001,0,0.0001,0,0,0,0,0,0,0.0001,0,0,0.0001,0.0001,0.0001,0.1419,0.1303,0.1419,0.1303,1
0,0,1.4935,0.4978,0.4978,0,0,0.9957,0.9957,0.9957,0,0.4978,0,0,0.4978,0.9957,0,0.4978,1.4935,0,0,0,0.0001,0,0,0,0,0.0001,0.0001,0.0001,0,0,0,0,0,0.0001,0,0,0.0001,0,0.2378,0.2644,0.2378,0.2644,1
0,1.0168,0.5084,0,1.5252,2.0335,0.5084,0.5084,1.5252,2.0335,1.0168,0,0.5084,1.5252,0,1.5252,0.5084,0.5084,0,0,0,0.0001,0,0,0.0001,0.0001,0,0,0.0001,0.0001,0.0001,0,0,0.0001,0,0.0001,0,0,0,0,0.2474,0.2442,0.2474,0.2442,1
0.5047,0,0.5047,0.5047,1.0094,0.5047,0,0.5047,1.0094,1.0094,1.514,0,0,0,0.5047,0.5047,2.0187,0,2.0187,0.5047,0,0,0,0,0.0001,0,0,0,0.0001,0.0001,0.0001,0,0,0,0,0,0.0002,0,0.0002,0,0.2614,0.2339,0.2614,0.2339,1
0.8203,0,0,0,0,0.8203,0,0,3.2811,1.6405,0,0,0,0,0,0,0.8203,2.4608,0,0.8203,0.0002,0,0,0,0,0.0002,0,0,0.0007,0.0003,0,0,0,0,0,0,0.0002,0.0005,0,0.0002,0.0742,0.1055,0.0742,0.1055,1
1.1628,1.1628,0.5814,0.5814,0.5814,1.1628,0.5814,0,0.5814,0,1.1628,1.1628,0,0.5814,0,0.5814,1.1628,1.1628,1.1628,0,0.0001,0.0001,0,0,0,0.0001,0,0,0,0,0.0001,0.0001,0,0,0,0,0.0001,0.0001,0.0001,0,0.2242,0.1944,0.2242,0.1944,1
0.6249,1.2498,0.6249,0,0,0.6249,0.6249,0,0.6249,1.2498,0.6249,1.2498,0.6249,0,0,0,1.8747,0.6249,1.2498,0.6249,0,0.0001,0,0,0,0,0,0,0,0.0001,0,0.0001,0,0,0,0,0.0001,0,0.0001,0,0.2075,0.1676,0.2075,0.1676,1
0.5833,0,0.5833,0,1.1666,1.7499,0.5833,0,1.1666,0.5833,0,0.5833,1.7499,0,0.5833,0.5833,0,0,0,0,0.0001,0,0.0001,0,0.0001,0.0002,0.0001,0,0.0001,0.0001,0,0.0001,0.0002,0,0.0001,0.0001,0,0,0,0,0.1841,0.2327,0.1841,0.2327,1
1.3713,0,0.6856,0,0,2.0569,0,0.6856,0.6856,1.3713,0,0,0,0,0.6856,0.6856,0,0,0,0,0.0002,0,0.0001,0,0,0.0002,0,0.0001,0.0001,0.0002,0,0,0,0,0.0001,0.0001,0,0,0,0,0.179,0.1354,0.179,0.1354,1
0.751,0,1.502,0,0,0.751,0,0,0.751,2.253,0.751,1.502,0,0,0,0,0,0.751,0,0,0.0001,0,0.0002,0,0,0.0001,0,0,0.0001,0.0003,0.0001,0.0002,0,0,0,0,0,0.0001,0,0,0.1202,0.1288,0.1202,0.1288,1
0.9742,0,0.4871,0,0,0.4871,0.4871,1.4613,0.4871,1.4613,0.4871,0.4871,0,0.4871,2.4355,0,2.4355,0.9742,0,0,0.0001,0,0.0001,0,0,0.0001,0.0001,0.0002,0.0001,0.0002,0.0001,0.0001,0,0.0001,0.0003,0,0.0003,0.0001,0,0,0.2638,0.2491,0.2638,0.2491,1
0.9649,0,1.4473,0.9649,1.4473,0,0,0.4824,1.9298,0,0.4824,0.4824,0,0,0.4824,0,1.4473,0.9649,0,0.4824,0.0001,0,0.0001,0.0001,0.0001,0,0,0,0.0002,0,0,0,0,0,0,0,0.0001,0.0001,0,0,0.2635,0.254,0.2635,0.254,1
1.1542,0,0.5771,0,0,0,0,1.1542,1.1542,1.1542,0,0.5771,0,1.1542,2.3084,0,0,0,0.5771,1.1542,0.0001,0,0.0001,0,0,0,0,0.0001,0.0001,0.0001,0,0.0001,0,0.0001,0.0002,0,0,0,0.0001,0.0001,0.2438,0.1791,0.2438,0.1791,1
0.638,0,0.638,0,0,2.552,0,0.638,0.638,5.1041,0.638,0,0.638,0.638,0,0.638,0,0,0,0,0,0,0,0,0,0.0002,0,0,0,0.0003,0,0,0,0,0,0,0,0,0,0,0.1621,0.1999,0.1621,0.1999,1
1.5729,0.7864,0,0,0,1.5729,0.7864,0,0.7864,0,0,0,0,0,0,0,2.3593,2.3593,0,0,0.0002,0.0001,0,0,0,0.0002,0.0001,0,0.0001,0,0,0,0,0,0,0,0.0002,0.0002,0,0,0.1102,0.1034,0.1102,0.1034,1
0,0,0.598,0,1.1959,1.1959,0.598,1.1959,0,1.7939,0,0,0,0.598,5.3817,0,0,0,0,0,0,0,0.0001,0,0.0001,0.0001,0.0001,0.0001,0,0.0002,0,0,0,0.0001,0.0007,0,0,0,0,0,0.2051,0.1969,0.2051,0.1969,1
0,1.0683,0.5341,0,1.0683,1.6024,1.0683,0.5341,1.6024,0,0.5341,0.5341,0.5341,0,1.6024,0,1.6024,1.0683,0,0.5341,0,0.0001,0,0,0.0001,0.0001,0.0001,0,0.0001,0,0,0,0,0,0.0001,0,0.0001,0.0001,0,0,0.1986,0.2673,0.1986,0.2673,1
0.5939,0,1.7818,1.7818,0,0.5939,0,0,0,1.1879,1.1879,0,0,0,1.7818,0,1.1879,0,0,0.5939,0.0001,0,0.0002,0.0002,0,0.0001,0,0,0,0.0001,0.0001,0,0,0,0.0002,0,0.0001,0,0,0.0001,0.1496,0.2564,0.1496,0.2564,1
2.8554,0,0.7139,1.4277,0,0,0,0,0,1.4277,0,0,0,0,0,0,0.7139,2.1416,0,0.7139,0.0004,0,0.0001,0.0002,0,0,0,0,0,0.0002,0,0,0,0,0,0,0.0001,0.0003,0,0.0001,0.1766,0.1095,0.1766,0.1095,1
1.1589,0,0,0,1.1589,0,0.5794,0.5794,0,1.7383,2.3178,1.1589,4.0561,0,1.1589,0,1.1589,1.7383,0,0.5794,0.0001,0,0,0,0.0001,0,0,0,0,0.0001,0.0002,0.0001,0.0003,0,0.0001,0,0.0001,0.0001,0,0,0.2065,0.2141,0.2065,0.2141,1
0.7455,0,0,0,0.7455,0.7455,0.7455,0,1.4911,1.4911,0,0.7455,1.4911,0,0.7455,0,0,0.7455,0,0,0.0001,0,0,0,0.0001,0.0001,0.0001,0,0.0002,0.0002,0,0.0001,0.0002,0,0.0001,0,0,0.0001,0,0,0.1219,0.1325,0.1219,0.1325,1
2.5159,0,1.0064,0,0.5032,2.5159,1.0064,0,1.5096,0.5032,0,0,0.5032,0,0,0.5032,0,1.5096,0.5032,0,0.0002,0,0.0001,0,0,0.0002,0.0001,0,0.0001,0,0,0,0,0,0,0,0,0.0001,0,0,0.2505,0.2463,0.2505,0.2463,1
0,0,0.6577,0,0.6577,0.6577,0,1.9731,2.6308,0,1.3154,0.6577,0,0,0,1.3154,0,0,0,0,0,0,0.0001,0,0.0001,0.0001,0,0.0002,0.0002,0,0.0001,0.0001,0,0,0,0.0001,0,0,0,0,0.1717,0.1706,0.1717,0.1706,1
2.8758,0,1.4379,0,2.1569,0.719,0,0,0,2.1569,0.719,0,0,0,0,0,0,0,0,0.719,0.0003,0,0.0001,0,0.0002,0.0001,0,0,0,0.0002,0.0001,0,0,0,0,0,0,0,0,0.0001,0.1616,0.1194,0.1616,0.1194,1
1.7903,0.8952,0.4476,0.4476,0.8952,0,0.4476,0.8952,3.1331,0,0,0.4476,0.8952,0,0.8952,0.4476,0.4476,0,0,0.8952,0.0001,0.0001,0,0,0.0001,0,0,0.0001,0.0002,0,0,0,0.0001,0,0.0001,0,0,0,0,0.0001,0.2557,0.2967,0.2557,0.2967,1
0.7463,0.7463,0.7463,0,0.7463,3.7313,0,0.7463,0,1.4925,0,0,0.7463,0,0,0.7463,0.7463,2.2388,0,0.7463,0.0001,0.0001,0.0001,0,0.0001,0.0003,0,0.0001,0,0.0001,0,0,0.0001,0,0,0.0001,0.0001,0.0002,0,0.0001,0.1199,0.1339,0.1199,0.1339,1
1.7572,0.5857,0,0.5857,0,0.5857,0,0,1.1715,1.1715,1.1715,0.5857,0.5857,0,1.1715,0,1.1715,1.1715,0,0.5857,0.0002,0.0001,0,0.0001,0,0.0001,0,0,0.0001,0.0001,0.0001,0.0001,0.0001,0,0.0001,0,0.0001,0.0001,0,0.0001,0.1855,0.2288,0.1855,0.2288,1
0.5976,0,0.5976,0,1.1953,0.5976,0,0,1.1953,1.7929,0,0.5976,0,0,0.5976,0,0,0,0.5976,0,0.0001,0,0.0001,0,0.0001,0.0001,0,0,0.0001,0.0002,0,0.0001,0,0,0.0001,0,0,0,0.0001,0,0.1782,0.2242,0.1782,0.2242,1
0.5059,0,0.5059,0.5059,0.5059,1.0118,1.0118,0,1.0118,1.5177,1.0118,0,1.5177,0,1.5177,0,1.0118,1.0118,0,0,0.0001,0,0.0001,0.0001,0.0001,0.0001,0.0001,0,0.0001,0.0002,0.0001,0,0.0002,0,0.0002,0,0.0001,0.0001,0,0,0.2732,0.2209,0.2732,0.2209,1
0,0,0.9485,2.8456,0,0,0.4743,1.897,0,0.9485,0,1.897,0,0.9485,0.4743,1.897,0.4743,0,0.9485,0.4743,0,0,0.0001,0.0002,0,0,0,0.0002,0,0.0001,0,0.0002,0,0.0001,0,0.0002,0,0,0.0001,0,0.2429,0.2828,0.2429,0.2828,1
2.6757,0,2.6757,0,0,0,0.5351,0.5351,0.5351,0,0,1.0703,0,1.0703,0.5351,0.5351,0,2.1405,0,0,0.0002,0,0.0002,0,0,0,0,0,0,0,0,0.0001,0,0.0001,0,0,0,0.0002,0,0,0.2033,0.2615,0.2033,0.2615,1
2.6477,0,0,0,0,1.3238,0,0,0.6619,0.6619,0,0,0,0,1.3238,0.6619,0,1.3238,1.3238,0.6619,0.0003,0,0,0,0,0.0001,0,0,0.0001,0.0001,0,0,0,0,0.0001,0.0001,0,0.0001,0.0001,0.0001,0.2177,0.1204,0.2177,0.1204,1
1.7792,0,0,1.1861,0,2.9654,0.5931,0.5931,0.5931,4.1515,0,0,0.5931,0,1.1861,1.1861,0,1.7792,0,0,0.0001,0,0,0.0001,0,0.0002,0,0,0,0.0003,0,0,0,0,0.0001,0.0001,0,0.0001,0,0,0.1742,0.2328,0.1742,0.2328,1
0.5267,0,0,1.0534,0.5267,1.0534,0.5267,0,1.0534,1.0534,0,0.5267,1.0534,0,1.5801,0.5267,1.0534,0,1.0534,0,0,0,0,0.0001,0,0.0001,0,0,0.0001,0.0001,0,0,0.0001,0,0.0001,0,0.0001,0,0.0001,0,0.2352,0.2381,0.2352,0.2381,1
1.9738,0,1.3159,0,0,0,0,0.6579,1.3159,0.6579,0.6579,0.6579,1.3159,0,0,1.3159,2.6317,0.6579,0,0,0.0002,0,0.0001,0,0,0,0,0.0001,0.0001,0.0001,0.0001,0.0001,0.0001,0,0,0.0001,0.0003,0.0001,0,0,0.163,0.1791,0.163,0.1791,1
1.2681,0,0.634,0.634,1.2681,0.634,0,0.634,0.634,0.634,0.634,0,0,0.634,0,0,0,0,0.634,0,0.0001,0,0.0001,0.0001,0.0001,0.0001,0,0.0001,0.0001,0.0001,0.0001,0,0,0.0001,0,0,0,0,0.0001,0,0.1787,0.1873,0.1787,0.1873,1
0.6136,0.6136,0.6136,0.6136,2.4543,0,0,0.6136,1.2271,0,1.2271,0.6136,1.2271,0,0,0.6136,0.6136,1.2271,0,0,0,0,0,0,0.0002,0,0,0,0.0001,0,0.0001,0,0.0001,0,0,0,0,0.0001,0,0,0.2154,0.1711,0.2154,0.1711,1
1.551,0,0.7755,0.7755,0,0,0.7755,0,1.551,1.551,0,0,0,0,0,0.7755,0.7755,0,0,1.551,0.0002,0,0.0001,0.0001,0,0,0.0001,0,0.0002,0.0002,0,0,0,0,0,0.0001,0.0001,0,0,0.0002,0.1024,0.1221,0.1024,0.1221,1
2.4225,0,0.8075,0.8075,0.8075,0,0,0,0,0,0,1.615,0,0,0,0,0.8075,3.23,0,0.8075,0.0005,0,0.0002,0.0002,0.0002,0,0,0,0,0,0,0.0003,0,0,0,0,0.0002,0.0007,0,0.0002,0.1163,0.0762,0.1163,0.0762,1
0,3.2553,0,0,1.0851,1.6276,0,0.5425,0,1.0851,0,1.0851,0.5425,0,2.1702,0.5425,0,0,0,0,0,0.0002,0,0,0.0001,0.0001,0,0,0,0.0001,0,0.0001,0,0,0.0001,0,0,0,0,0,0.2549,0.2026,0.2549,0.2026,1
1.8931,2.5241,0.631,0,0.631,0,1.8931,0,0.631,0.631,1.2621,0.631,0,0.631,0,0,1.2621,1.8931,0,1.2621,0.0001,0.0001,0,0,0,0,0.0001,0,0,0,0.0001,0,0,0,0,0,0.0001,0.0001,0,0.0001,0.1845,0.1845,0.1845,0.1845,1
0,0,0,1.5164,0.5055,1.011,0.5055,0,0,0.5055,0.5055,0.5055,0.5055,0,1.5164,0.5055,0,0.5055,2.0219,0,0,0,0,0.0001,0,0.0001,0,0,0,0,0,0,0,0,0.0001,0,0,0,0.0002,0,0.2979,0.1967,0.2979,0.1967,1
0.5646,1.6939,1.1292,0,0,0.5646,0.5646,0.5646,0.5646,1.1292,0.5646,0.5646,0.5646,0.5646,1.6939,0,0,0,0,0.5646,0,0.0001,0.0001,0,0,0,0,0,0,0.0001,0,0,0,0,0.0001,0,0,0,0,0,0.2535,0.1819,0.2535,0.1819,1
3.1362,0,0,1.2545,0.6272,1.2545,0,0,0,1.8817,0,0,1.2545,0.6272,0.6272,0,0,0.6272,1.2545,0,0.0003,0,0,0.0001,0.0001,0.0001,0,0,0,0.0002,0,0,0.0001,0.0001,0.0001,0,0,0.0001,0.0001,0,0.1936,0.1792,0.1936,0.1792,1
0.7323,0.7323,0,0,0.7323,0,0.7323,2.1969,0,1.4646,1.4646,0,0,0,0.7323,2.1969,0,2.1969,0.7323,0.7323,0,0,0,0,0,0,0,0.0001,0,0.0001,0.0001,0,0,0,0,0.0001,0,0.0001,0,0,0.1156,0.1521,0.1156,0.1521,1
1.0585,0,0,0,0,0.5292,0,0,2.6462,0,0,0,0,0,1.5877,0,1.0585,1.5877,0.5292,0.5292,0.0001,0,0,0,0,0.0001,0,0,0.0004,0,0,0,0,0,0.0002,0,0.0001,0.0002,0.0001,0.0001,0.2269,0.2438,0.2269,0.2438,1
0,0.6485,0,0,0,1.9455,0,0,0,1.9455,0.6485,0.6485,0,0,1.297,1.297,1.297,0.6485,0,0.6485,0,0.0001,0,0,0,0.0002,0,0,0,0.0002,0.0001,0.0001,0,0,0.0001,0.0001,0.0001,0.0001,0,0.0001,0.1747,0.1769,0.1747,0.1769,1
0.6357,0,1.907,0.6357,0,0,0,1.2714,0,0.6357,1.2714,0.6357,0.6357,0,1.2714,1.2714,0.6357,1.2714,0,0,0.0001,0,0.0002,0.0001,0,0,0,0.0001,0,0.0001,0.0001,0.0001,0.0001,0,0.0001,0.0001,0.0001,0.0001,0,0,0.2596,0.1047,0.2596,0.1047,1
1.7345,0,0,0,0,0,0,0,3.469,0,0,0,0,0,0,0.8673,0.8673,4.3363,0,0,0.0004,0,0,0,0,0,0,0,0.0008,0,0,0,0,0,0,0.0002,0.0002,0.001,0,0,0.046,0.0867,0.046,0.0867,1
1.279,0,1.279,0,0,1.279,0,0,0.6395,1.279,0,0,1.9185,0,0.6395,0.6395,0,1.279,0,0.6395,0.0001,0,0.0001,0,0,0.0001,0,0,0.0001,0.0001,0,0,0.0002,0,0.0001,0.0001,0,0.0001,0,0.0001,0.1974,0.1631,0.1974,0.1631,1
1.0022,0.5011,0,0.5011,1.0022,1.0022,1.0022,0,1.5034,0.5011,0.5011,1.0022,1.0022,0.5011,1.0022,0,1.5034,0.5011,0,0.5011,0.0001,0,0,0,0.0001,0.0001,0.0001,0,0.0001,0,0,0.0001,0.0001,0,0.0001,0,0.0001,0,0,0,0.2612,0.2376,0.2612,0.2376,1
0.4112,0,0.4112,0.4112,0.8224,0,1.2336,0.8224,2.8783,0.4112,1.2336,0,0.4112,0,0.8224,0,0,1.6448,0,0.4112,0,0,0,0,0.0001,0,0.0001,0.0001,0.0003,0,0.0001,0,0,0,0.0001,0,0,0.0002,0,0,0.2691,0.3197,0.2691,0.3197,1
0,0,0.5552,0.5552,0,0,0,0.5552,2.7762,1.1105,0,0.5552,0.5552,1.6657,2.221,0,0.5552,0,0,0,0,0,0.0001,0.0001,0,0,0,0.0001,0.0004,0.0002,0,0.0001,0.0001,0.0003,0.0003,0,0.0001,0,0,0,0.1798,0.265,0.1798,0.265,1
2.9058,0,0,0,1.7435,2.3246,1.1623,0,0,1.7435,0,0,0,1.1623,1.1623,1.7435,0,0.5812,0,0,0.0003,0,0,0,0.0002,0.0002,0.0001,0,0,0.0002,0,0,0,0.0001,0.0001,0.0002,0,0.0001,0,0,0.2082,0.2106,0.2082,0.2106,1
0.5925,0.5925,0,0,1.7774,1.7774,0.5925,1.185,0.5925,1.185,0.5925,0.5925,1.185,0,0.5925,0.5925,1.7774,1.185,0,0,0,0,0,0,0.0001,0.0001,0,0.0001,0,0.0001,0,0,0.0001,0,0,0,0.0001,0.0001,0,0,0.2078,0.1997,0.2078,0.1997,1
0.6133,0,0.6133,0,1.2267,1.2267,1.2267,0.6133,2.4534,0,1.84,0.6133,0,0,2.4534,0.6133,0,0.6133,0,0,0.0001,0,0.0001,0,0.0001,0.0001,0.0001,0.0001,0.0003,0,0.0002,0.0001,0,0,0.0003,0.0001,0,0.0001,0,0,0.2316,0.155,0.2316,0.155,1
0,0,0,0,2.6791,0.6698,0.6698,0,0,0.6698,0,0.6698,0,0,3.3489,0,0.6698,0.6698,0,0,0,0,0,0,0.0004,0.0001,0.0001,0,0,0.0001,0,0.0001,0,0,0.0005,0,0.0001,0.0001,0,0,0.1523,0.1779,0.1523,0.1779,1
0.6801,0,0,0,1.3601,0.6801,0,0.6801,2.7203,0.6801,1.3601,0,0,0,4.0804,1.3601,0,2.7203,2.0402,0,0.0001,0,0,0,0.0001,0.0001,0,0.0001,0.0003,0.0001,0.0001,0,0,0,0.0004,0.0001,0,0.0003,0.0002,0,0.167,0.1529,0.167,0.1529,1
1.0914,0.5457,0,0.5457,1.0914,2.1827,0.5457,0.5457,1.6371,2.7284,0.5457,0,0.5457,0,0,0,0.5457,1.0914,0,0,0.0001,0,0,0,0.0001,0.0002,0,0,0.0001,0.0002,0,0,0,0,0,0,0,0.0001,0,0,0.2024,0.2519,0.2024,0.2519,1
0,1.8797,2.5063,0,0,0.6266,0,1.2531,0.6266,1.2531,0,0,0,0,0,0,0.6266,0.6266,0.6266,0,0,0.0001,0.0002,0,0,0,0,0.0001,0,0.0001,0,0,0,0,0,0,0,0,0,0,0.166,0.2074,0.166,0.2074,1
1.0955,1.0955,0.5478,0.5478,0,0,1.6433,0,0,0.5478,0.5478,0,0,1.6433,1.0955,1.0955,0.5478,0,0,0.5478,0.0001,0.0001,0.0001,0.0001,0,0,0.0002,0,0,0.0001,0.0001,0,0,0.0002,0.0001,0.0001,0.0001,0,0,0.0001,0.2245,0.2277,0.2245,0.2277,1
0.8752,0,0,0,0.8752,0,0,0,0,4.376,0,0.8752,0,0,0,0,0.8752,0,0.8752,0,0.0002,0,0,0,0.0002,0,0,0,0,0.0008,0,0.0002,0,0,0,0,0.0002,0,0.0002,0,0.071,0.0538,0.071,0.0538,1
0.5803,3.482,0.5803,0,0,1.741,0,0.5803,1.741,0,0.5803,0.5803,1.1607,0.5803,0,1.741,0.5803,2.3213,0,1.1607,0,0.0001,0,0,0,0.0001,0,0,0.0001,0,0,0,0,0,0,0.0001,0,0.0001,0,0,0.2256,0.1941,0.2256,0.1941,1
0.7118,0,0,0.7118,0.7118,0.7118,1.4235,0,0,2.1353,0,0,0,0,0,0.7118,0,1.4235,0.7118,0,0.0001,0,0,0.0001,0.0001,0.0001,0.0002,0,0,0.0003,0,0,0,0,0,0.0001,0,0.0002,0.0001,0,0.1509,0.1374,0.1509,0.1374,1
0,1.9186,0.9593,0,0.4796,1.4389,0.4796,0.4796,1.9186,0.4796,1.4389,0,0.4796,0.4796,0.4796,0,0.4796,1.4389,0.4796,0.4796,0,0.0001,0,0,0,0.0001,0,0,0.0001,0,0.0001,0,0,0,0,0,0,0.0001,0,0,0.2709,0.2494,0.2709,0.2494,1
0.5152,1.5455,0.5152,0.5152,0,0,1.5455,0,2.0607,0.5152,0.5152,1.0303,0.5152,0.5152,0,1.5455,0.5152,1.0303,0,0.5152,0,0.0001,0,0,0,0,0.0001,0,0.0001,0,0,0.0001,0,0,0,0.0001,0,0.0001,0,0,0.2339,0.2509,0.2339,0.2509,1
0,0.5423,2.1693,1.0847,0.5423,0,0,1.0847,0,1.0847,0,0,0,0,0,1.0847,0,0.5423,1.627,0,0,0,0.0001,0.0001,0,0,0,0.0001,0,0.0001,0,0,0,0,0,0.0001,0,0,0.0001,0,0.2269,0.2307,0.2269,0.2307,1
0.5448,0,1.0896,0.5448,0,2.1793,0,0.5448,0.5448,2.1793,0,0,1.0896,0,0.5448,0,0,0.5448,0,1.0896,0,0,0.0001,0,0,0.0002,0,0,0,0.0002,0,0,0.0001,0,0,0,0,0,0,0.0001,0.2471,0.2081,0.2471,0.2081,1
0.5087,2.0348,0,0.5087,2.0348,1.0174,0.5087,0,1.0174,0.5087,0.5087,1.0174,0.5087,0,1.0174,1.0174,0.5087,1.0174,0,0,0,0.0001,0,0,0.0001,0.0001,0,0,0.0001,0,0,0.0001,0,0,0.0001,0.0001,0,0.0001,0,0,0.2403,0.251,0.2403,0.251,1
0,0,0,0,0.8443,0,0,0,5.9103,0.8443,0,0,0,0.8443,1.6886,0,0.8443,1.6886,0,0,0,0,0,0,0.0002,0,0,0,0.0017,0.0002,0,0,0,0.0002,0.0005,0,0.0002,0.0005,0,0,0.0591,0.0966,0.0591,0.0966,1
0,3.6952,0.6159,1.2317,0.6159,3.0793,0.6159,0.6159,0.6159,0.6159,0.6159,0.6159,3.0793,0,0,0,2.4635,0,0,0,0,0.0001,0,0,0,0.0001,0,0,0,0,0,0,0.0001,0,0,0,0.0001,0,0,0,0.1924,0.1918,0.1924,0.1918,1
1.609,0.5363,0.5363,0,0,1.0727,1.0727,0,1.0727,0,0,0.5363,1.0727,0,1.609,1.0727,0,0,0.5363,0,0.0001,0,0,0,0,0.0001,0.0001,0,0.0001,0,0,0,0.0001,0,0.0001,0.0001,0,0,0,0,0.1698,0.2938,0.1698,0.2938,1
1.793,1.1953,0,0.5977,1.1953,0.5977,1.1953,0,0.5977,0,1.1953,1.793,0.5977,0,0,0.5977,0,0.5977,0,0.5977,0.0001,0.0001,0,0,0.0001,0,0.0001,0,0,0,0.0001,0.0001,0,0,0,0,0,0,0,0,0.2247,0.1777,0.2247,0.1777,1
2.2327,0,0.7442,0.7442,0,0,0,0,2.9769,0.7442,0,0,0,0,0,0,0.7442,1.4884,0,0.7442,0.0004,0,0.0001,0.0001,0,0,0,0,0.0005,0.0001,0,0,0,0,0,0,0.0001,0.0002,0,0.0001,0.1515,0.1043,0.1515,0.1043,1
0,2.97,1.782,0.594,0,2.376,0,0,0,1.188,0.594,0.594,2.97,0,0,1.188,2.376,0.594,0.594,0,0,0.0001,0.0001,0,0,0.0001,0,0,0,0,0,0,0.0001,0,0,0,0.0001,0,0,0,0.1972,0.2088,0.1972,0.2088,1
2.2668,0,1.5112,0.7556,0,0,0,0,0,1.5112,0,0,0,0,0,0,0.7556,3.0224,0,0.7556,0.0003,0,0.0002,0.0001,0,0,0,0,0,0.0002,0,0,0,0,0,0,0.0001,0.0004,0,0.0001,0.1556,0.0888,0.1556,0.0888,1
1.287,0,0.6435,0,0,0,0.6435,0,0,1.9306,0,1.287,1.287,0,1.9306,0,0,0,0.6435,0,0.0001,0,0.0001,0,0,0,0.0001,0,0,0.0002,0,0.0001,0.0001,0,0.0002,0,0,0,0.0001,0,0.1691,0.1874,0.1691,0.1874,1
0.7062,0,0,0,0,0,0,1.4123,0.7062,1.4123,0,0,0,0.7062,0.7062,0.7062,0.7062,0,0,1.4123,0.0001,0,0,0,0,0,0,0.0002,0.0001,0.0002,0,0,0,0.0001,0.0001,0.0001,0.0001,0,0,0.0002,0.1525,0.1413,0.1525,0.1413,1
4.9009,0,0,0,0,0.8168,0,0,1.6336,3.2673,0,0,0.8168,0,1.6336,0,0,3.2673,0,0,0.0008,0,0,0,0,0.0001,0,0,0.0003,0.0005,0,0,0.0001,0,0.0003,0,0,0.0005,0,0,0.0757,0.1075,0.0757,0.1075,1
1.033,0.5165,1.5496,0.5165,0,0.5165,0.5165,0.5165,0,0,2.0661,0.5165,0.5165,1.033,0.5165,0.5165,2.5826,0.5165,0,1.033,0.0001,0,0.0001,0,0,0,0,0,0,0,0.0001,0,0,0.0001,0,0,0.0002,0,0,0.0001,0.2177,0.2657,0.2177,0.2657,1
0.7348,0,0.7348,0,1.4696,0,0,0,0.7348,1.4696,0.7348,0.7348,2.2043,0.7348,0,0,0.7348,1.4696,0,0,0.0001,0,0.0001,0,0.0002,0,0,0,0.0001,0.0002,0.0001,0.0001,0.0003,0.0001,0,0,0.0001,0.0002,0,0,0.1511,0.1141,0.1511,0.1141,1
1.3172,0.6586,0.6586,0,0,0.6586,0.6586,0,0.6586,0.6586,0,0.6586,0,0,0.6586,0,0,0,0.6586,0,0.0001,0.0001,0.0001,0,0,0.0001,0.0001,0,0.0001,0.0001,0,0.0001,0,0,0.0001,0,0,0,0.0001,0,0.1386,0.2028,0.1386,0.2028,1
3.2776,0.5463,0,0.5463,0,0,0,0,0,0,0,1.0925,0,0.5463,4.9164,0,0,0,0.5463,0,0.0004,0.0001,0,0.0001,0,0,0,0,0,0,0,0.0001,0,0.0001,0.0006,0,0,0,0.0001,0,0.2413,0.2124,0.2413,0.2124,1
0.5259,0,0.5259,0,2.1034,0,0,1.0517,1.5776,0.5259,0,1.0517,0,0,1.0517,0.5259,0,0,0,0,0,0,0,0,0.0002,0,0,0.0001,0.0001,0,0,0.0001,0,0,0.0001,0,0,0,0,0,0.2083,0.2658,0.2083,0.2658,1
4.1225,0,0,0,0,0,0,0,1.649,2.4735,0,0,0.8245,0,1.649,0.8245,0,1.649,0,0,0.0006,0,0,0,0,0,0,0,0.0003,0.0004,0,0,0.0001,0,0.0003,0.0001,0,0.0003,0,0,0.0645,0.111,0.0645,0.111,1
0.6233,1.2466,1.2466,0,1.2466,0.6233,0,0.6233,1.2466,0,0.6233,0.6233,0,0,1.8699,0,3.1164,0.6233,0,0.6233,0,0.0001,0.0001,0,0.0001,0,0,0,0.0001,0,0,0,0,0,0.0001,0,0.0002,0,0,0,0.1986,0.1781,0.1986,0.1781,1
0.7161,0,1.4322,0.7161,0.7161,0,0,0.7161,0,0.7161,0.7161,0.7161,1.4322,0.7161,0,0,0.7161,1.4322,0,0.7161,0.0001,0,0.0002,0.0001,0.0001,0,0,0.0001,0,0.0001,0.0001,0.0001,0.0002,0.0001,0,0,0.0001,0.0002,0,0.0001,0.1498,0.1341,0.1498,0.1341,1
1.1698,1.1698,0.5849,0,0,0,0.5849,0,1.1698,1.1698,0.5849,0,0.5849,0.5849,1.7546,0,1.1698,0.5849,0,0,0.0001,0.0001,0,0,0,0,0,0,0.0001,0.0001,0,0,0,0,0.0001,0,0.0001,0,0,0,0.2751,0.14,0.2751,0.14,1
0.6759,0,0.6759,0.6759,0,2.0278,0,0,0,4.7316,0,0.6759,0.6759,0,0,1.3519,0.6759,1.3519,0,0,0,0,0,0,0,0.0001,0,0,0,0.0003,0,0,0,0,0,0.0001,0,0.0001,0,0,0.155,0.169,0.155,0.169,1
0.9695,0,0.9695,0.4848,0.4848,0.9695,0,0,1.4543,0.4848,1.939,0.4848,0.4848,0.4848,0.9695,0,0.9695,1.4543,0,1.4543,0.0001,0,0.0001,0,0,0.0001,0,0,0.0001,0,0.0002,0,0,0,0.0001,0,0.0001,0.0001,0,0.0001,0.2661,0.2492,0.2661,0.2492,1
0,0,0,0.7005,0.7005,1.401,1.401,0,0,1.401,0,0,0.7005,0.7005,0,0.7005,1.401,1.401,0,0,0,0,0,0.0001,0.0001,0.0002,0.0002,0,0,0.0002,0,0,0.0001,0.0001,0,0.0001,0.0002,0.0002,0,0,0.1682,0.1313,0.1682,0.1313,1
0.6864,0,0,0,2.0592,0.6864,1.3728,0,1.3728,2.0592,0,0,0.6864,0.6864,2.0592,0,0.6864,0,0.6864,0,0.0001,0,0,0,0.0003,0.0001,0.0002,0,0.0002,0.0003,0,0,0.0001,0.0001,0.0003,0,0.0001,0,0.0001,0,0.1302,0.1833,0.1302,0.1833,1
0.6477,0,0.6477,0,0,1.2954,0,0,1.2954,1.943,2.5907,0,1.943,0,0.6477,0.6477,0,1.943,0,0,0.0001,0,0.0001,0,0,0.0001,0,0,0.0001,0.0002,0.0002,0,0.0002,0,0.0001,0.0001,0,0.0002,0,0,0.16,0.1923,0.16,0.1923,1
0.6586,0.6586,0.6586,0,0,0.6586,0,0.6586,1.3173,1.9759,0,0.6586,1.3173,0,0,1.3173,1.9759,0.6586,0.6586,0,0,0,0,0,0,0,0,0,0.0001,0.0001,0,0,0.0001,0,0,0.0001,0.0001,0,0,0,0.1746,0.1668,0.1746,0.1668,1
0,0.5404,0.5404,0.5404,1.0807,1.0807,0,1.0807,1.6211,0,2.7018,0,1.0807,0,1.0807,0.5404,1.6211,0,1.6211,0,0,0,0,0,0.0001,0.0001,0,0.0001,0.0001,0,0.0002,0,0.0001,0,0.0001,0,0.0001,0,0.0001,0,0.2149,0.2447,0.2149,0.2447,1
0.4754,0,0.4754,1.9017,0,0,0.9508,1.4263,0.9508,1.9017,0,0.4754,0,0.4754,0.4754,0.9508,0.4754,0.9508,0,0.4754,0,0,0,0.0002,0,0,0.0001,0.0001,0.0001,0.0002,0,0,0,0,0,0.0001,0,0.0001,0,0,0.265,0.2596,0.265,0.2596,1
0,0.593,0.593,0,0,0,1.1859,0,1.7789,0.593,0,0.593,0,0,0.593,0,1.7789,0,0,1.7789,0,0.0001,0.0001,0,0,0,0.0001,0,0.0002,0.0001,0,0.0001,0,0,0.0001,0,0.0002,0,0,0.0002,0.2298,0.1772,0.2298,0.1772,1
1.747,0,1.747,1.747,0.4367,0,1.3102,0.4367,0.4367,0.4367,0.8735,0.8735,0,0.4367,0.4367,1.3102,0,0.8735,0,0,0.0001,0,0.0001,0.0001,0,0,0.0001,0,0,0,0.0001,0.0001,0,0,0,0.0001,0,0.0001,0,0,0.2816,0.2817,0.2816,0.2817,1
1.5634,0,0.5211,0.5211,0,0.5211,0,0,2.0846,1.0423,0,0.5211,1.0423,0,1.5634,0.5211,1.0423,0.5211,0,0.5211,0.0002,0,0.0001,0.0001,0,0.0001,0,0,0.0002,0.0001,0,0.0001,0.0001,0,0.0002,0.0001,0.0001,0.0001,0,0.0001,0.2227,0.2562,0.2227,0.2562,1
0,2.3207,0,0,0.5802,1.7405,0,0,0,1.1604,0,0,0,0,3.4811,0,0,0.5802,0,0.5802,0,0.0001,0,0,0,0.0001,0,0,0,0.0001,0,0,0,0,0.0002,0,0,0,0,0,0.1938,0.226,0.1938,0.226,1
0.7601,0,0.7601,0,0.7601,0,0,0,3.0404,3.0404,0,0.7601,0,0,0,0,0,0.7601,0,0,0.0001,0,0.0001,0,0.0001,0,0,0,0.0004,0.0004,0,0.0001,0,0,0,0,0,0.0001,0,0,0.0993,0.1406,0.0993,0.1406,1
0.4788,0.4788,0.4788,0,1.4363,2.3938,1.915,0.9575,0.4788,0,0.4788,0,0,0.4788,0,0.9575,0,2.3938,0.9575,0,0,0,0,0,0.0001,0.0001,0.0001,0.0001,0,0,0,0,0,0,0,0.0001,0,0.0001,0.0001,0,0.266,0.2553,0.266,0.2553,1
1.206,0,1.206,0,1.206,0,1.206,1.206,0.603,0.603,0,0.603,1.206,0,0,0.603,0.603,0,0.603,0,0.0001,0,0.0001,0,0.0001,0,0.0001,0.0001,0.0001,0.0001,0,0.0001,0.0001,0,0,0.0001,0.0001,0,0.0001,0,0.189,0.208,0.189,0.208,1
0,0,0.6206,0,0.6206,0.6206,0,0.6206,1.8618,1.2412,0.6206,0.6206,0,0,0.6206,0.6206,0.6206,0.6206,0,0,0,0,0.0001,0,0.0001,0.0001,0,0.0001,0.0002,0.0001,0.0001,0.0001,0,0,0.0001,0.0001,0.0001,0.0001,0,0,0.2048,0.1746,0.2048,0.1746,1
0.4957,0.4957,0.4957,0,0.4957,1.9827,0.9913,0,0.4957,0.9913,0,0.9913,0.9913,0,2.4783,0.4957,0,0,0.4957,0,0,0,0,0,0,0.0001,0.0001,0,0,0.0001,0,0.0001,0.0001,0,0.0002,0,0,0,0,0,0.2381,0.2663,0.2381,0.2663,1
1.6029,0.8015,0,0,0,3.2059,0,0,0,4.0074,1.6029,0,0,0,0,0,2.4044,0.8015,0,0,0.0001,0.0001,0,0,0,0.0002,0,0,0,0.0003,0.0001,0,0,0,0,0,0.0002,0.0001,0,0,0.1169,0.0817,0.1169,0.0817,1
1.1423,0,0.5711,0,0,0.5711,0,0,1.1423,1.1423,0.5711,0,2.8556,0,0.5711,1.1423,0,1.1423,2.2845,0,0.0001,0,0,0,0,0,0,0,0.0001,0.0001,0,0,0.0002,0,0,0.0001,0,0.0001,0.0002,0,0.2392,0.1897,0.2392,0.1897,1
2.3421,0,0.5855,1.1711,0,0,0.5855,0,1.7566,1.1711,0,0,0,0,0,0,2.3421,0,0,0.5855,0.0004,0,0.0001,0.0002,0,0,0.0001,0,0.0003,0.0002,0,0,0,0,0,0,0.0004,0,0,0.0001,0.1763,0.2382,0.1763,0.2382,1
0,0.4723,0.4723,0,0.4723,0.4723,0,0,0.9445,3.3058,0,0,0.4723,0,1.889,0.4723,0.4723,0,0.9445,0,0,0,0,0,0,0,0,0,0.0001,0.0002,0,0,0,0,0.0001,0,0,0,0.0001,0,0.2752,0.2525,0.2752,0.2525,1
0,0.5453,1.636,0,0.5453,0,0.5453,0.5453,0.5453,1.636,0,0,0,0,0.5453,1.0907,0,0.5453,1.636,0,0,0,0.0001,0,0,0,0,0,0,0.0001,0,0,0,0,0,0.0001,0,0,0.0001,0,0.2288,0.2259,0.2288,0.2259,1
0.9741,0,0.487,0,1.9481,2.9222,0.487,0.487,0.487,0.487,0,0,0,0.487,0.487,1.4611,0.487,2.9222,0.487,0,0.0001,0,0,0,0.0001,0.0002,0,0,0,0,0,0,0,0,0,0.0001,0,0.0002,0,0,0.2583,0.2547,0.2583,0.2547,1
0.6534,1.3068,0.6534,0,1.3068,0.6534,1.9601,0.6534,0,0,0.6534,1.3068,0,0,0,0,0,0.6534,0,0,0,0.0001,0,0,0.0001,0,0.0001,0,0,0,0,0.0001,0,0,0,0,0,0,0,0,0.1844,0.1622,0.1844,0.1622,1
1.283,0.6415,0,2.5661,0,0.6415,0,0,0.6415,1.283,0,0,0.6415,0,0,0,1.9246,1.283,0,0,0.0001,0.0001,0,0.0003,0,0.0001,0,0,0.0001,0.0001,0,0,0.0001,0,0,0,0.0002,0.0001,0,0,0.1889,0.1696,0.1889,0.1696,1
0,2.341,0,0,1.1705,0.5853,0,0,1.1705,0,1.1705,0,0,0,8.1937,0,0,0.5853,0.5853,0.5853,0,0.0001,0,0,0.0001,0,0,0,0.0001,0,0.0001,0,0,0,0.0004,0,0,0,0,0,0.1958,0.2189,0.1958,0.2189,1
0,2.2548,1.1274,0,0,1.1274,0.5637,0.5637,0,2.2548,0.5637,1.1274,2.8185,0,0.5637,1.1274,0.5637,0.5637,1.6911,0,0,0.0001,0.0001,0,0,0.0001,0,0,0,0.0001,0,0.0001,0.0001,0,0,0.0001,0,0,0.0001,0,0.209,0.2273,0.209,0.2273,1
1.6456,0,0,1.0971,0.5485,0,1.0971,1.6456,0.5485,0.5485,0.5485,0,1.6456,0,1.0971,0.5485,0,0.5485,0,0.5485,0.0002,0,0,0.0001,0.0001,0,0.0001,0.0002,0.0001,0.0001,0.0001,0,0.0002,0,0.0001,0.0001,0,0.0001,0,0.0001,0.2443,0.2071,0.2443,0.2071,1
1.7119,0,0,0.5706,0,0.5706,0.5706,1.1413,0,2.8531,0,1.1413,0,3.4238,1.1413,0.5706,0,0.5706,0,0,0.0001,0,0,0,0,0,0,0.0001,0,0.0002,0,0.0001,0,0.0003,0.0001,0,0,0,0,0,0.2016,0.2278,0.2016,0.2278,1
0.6143,0,0.6143,0,0.6143,1.2285,0,2.457,1.2285,0.6143,0,0,0,0,0,0,0,0,0.6143,0,0.0001,0,0.0001,0,0.0001,0.0001,0,0.0002,0.0001,0.0001,0,0,0,0,0,0,0,0,0.0001,0,0.1776,0.2082,0.1776,0.2082,1
0,0,0.8403,2.5209,0,0,0,2.1008,2.5209,0.4202,0,0.8403,0,1.2605,0,0.4202,0.4202,0,0.8403,0.4202,0,0,0.0001,0.0002,0,0,0,0.0002,0.0002,0,0,0.0001,0,0.0001,0,0,0,0,0.0001,0,0.2648,0.3151,0.2648,0.3151,1
1.8601,0,0.62,0.62,0.62,1.2401,0,0,0.62,1.8601,0,3.1002,3.1002,0,0,0,0,0.62,0.62,0,0.0001,0,0,0,0,0.0001,0,0,0,0.0001,0,0.0002,0.0002,0,0,0,0,0,0,0,0.1651,0.2148,0.1651,0.2148,1
0.5652,0,0.5652,0,0.5652,2.8261,0,0.5652,1.1304,2.2609,0,0,0,0,0.5652,0,0,1.1304,0.5652,0,0,0,0,0,0,0.0002,0,0,0.0001,0.0002,0,0,0,0,0,0,0,0.0001,0,0,0.216,0.2188,0.216,0.2188,1
0,0,0,0,0.5536,1.6609,0.5536,1.6609,1.1072,1.6609,1.1072,0,0,0,1.1072,0,1.1072,0,0,0,0,0,0,0,0.0001,0.0002,0.0001,0.0002,0.0001,0.0002,0.0001,0,0,0,0.0001,0,0.0001,0,0,0,0.1967,0.2497,0.1967,0.2497,1
0.5418,0.5418,0,0,0.5418,0,0,0,0.5418,2.7092,0,0,0,0,2.1673,0,1.0837,1.6255,0.5418,0.5418,0.0001,0.0001,0,0,0.0001,0,0,0,0.0001,0.0003,0,0,0,0,0.0002,0,0.0001,0.0002,0.0001,0.0001,0.2252,0.233,0.2252,0.233,1
1.4315,0,0,0,1.9086,0.4772,0,0.4772,3.3401,0.9543,0.4772,0,0.9543,0,1.4315,0.4772,0,0.9543,0.4772,0,0.0001,0,0,0,0.0002,0,0,0,0.0003,0.0001,0,0,0.0001,0,0.0001,0,0,0.0001,0,0,0.251,0.2719,0.251,0.2719,1
0,0,1.0284,0,0.5142,0,1.5426,0.5142,0,0.5142,1.5426,0.5142,0.5142,0,3.5994,0,1.5426,1.5426,0.5142,0.5142,0,0,0.0001,0,0.0001,0,0.0002,0.0001,0,0.0001,0.0002,0.0001,0.0001,0,0.0004,0,0.0002,0.0002,0.0001,0.0001,0.2305,0.2553,0.2305,0.2553,1
0,0.4617,0.9234,0.9234,0.4617,0.4617,0.4617,0.4617,1.3851,0.4617,0,0.9234,1.3851,0,0.4617,2.3085,0.4617,1.3851,0,0.9234,0,0,0.0001,0.0001,0,0,0,0,0.0001,0,0,0.0001,0.0001,0,0,0.0002,0,0.0001,0,0.0001,0.2493,0.289,0.2493,0.289,1
4.1532,0,0,0,0,2.5958,0,0.5192,2.0766,2.5958,0,0.5192,0,0.5192,0,1.0383,0,0,0,0.5192,0.0003,0,0,0,0,0.0002,0,0,0.0001,0.0002,0,0,0,0,0,0.0001,0,0,0,0,0.2325,0.2484,0.2325,0.2484,1
0.6092,0,0.6092,0,1.2185,0.6092,0.6092,0,0,0,0.6092,0.6092,0,0,1.2185,0,1.2185,3.0462,0,0.6092,0.0001,0,0.0001,0,0.0001,0.0001,0.0001,0,0,0,0.0001,0.0001,0,0,0.0001,0,0.0001,0.0004,0,0.0001,0.2358,0.155,0.2358,0.155,1
1.4537,0,0.4846,0,0.4846,0.9692,0.4846,0,0.4846,1.4537,1.9383,0.4846,0.4846,0,1.4537,0.4846,0.4846,0.9692,0.4846,0,0.0001,0,0,0,0,0.0001,0,0,0,0.0001,0.0002,0,0,0,0.0001,0,0,0.0001,0,0,0.2619,0.2535,0.2619,0.2535,1
1.4125,0,0,0,0,0,0,1.4125,0.7063,2.825,0,0,0,0,0.7063,0.7063,0.7063,0,0,0,0.0002,0,0,0,0,0,0,0.0002,0.0001,0.0004,0,0,0,0,0.0001,0.0001,0.0001,0,0,0,0.141,0.1527,0.141,0.1527,1
0.5799,0,0,0.5799,1.1597,0.5799,0.5799,0.5799,0.5799,0,0,0,0.5799,0.5799,1.1597,0,1.7396,0.5799,2.3195,0.5799,0.0001,0,0,0.0001,0.0001,0.0001,0.0001,0.0001,0.0001,0,0,0,0.0001,0.0001,0.0001,0,0.0002,0.0001,0.0003,0.0001,0.256,0.1641,0.256,0.1641,1
1.3389,0,0,1.3389,0,0,0.6694,2.0083,0.6694,0,2.0083,0,0,0.6694,0,0.6694,2.0083,1.3389,0.6694,0,0.0002,0,0,0.0002,0,0,0.0001,0.0002,0.0001,0,0.0002,0,0,0.0001,0,0.0001,0.0002,0.0002,0.0001,0,0.169,0.1616,0.169,0.1616,1
0.9712,0,0.4856,0.4856,0,1.4568,0,0,1.4568,0.4856,0.4856,0.4856,0,0,2.428,0.4856,0.4856,0,0,0.9712,0.0001,0,0,0,0,0.0001,0,0,0.0001,0,0,0,0,0,0.0002,0,0,0,0,0.0001,0.2879,0.2265,0.2879,0.2265,1
0,0,1.3127,3.0629,0,0,0,1.3127,2.6254,0.4376,0,0.4376,0,1.3127,0,0.4376,0.8751,0,0.8751,0.4376,0,0,0.0001,0.0003,0,0,0,0.0001,0.0002,0,0,0,0,0.0001,0,0,0.0001,0,0.0001,0,0.241,0.3214,0.241,0.3214,1
0.7592,0.7592,0,0,0,0.7592,0.7592,0.7592,0,0.7592,0,0,0,0,0.7592,0.7592,0.7592,0,0.7592,0,0.0001,0.0001,0,0,0,0.0001,0.0001,0.0001,0,0.0001,0,0,0,0,0.0001,0.0001,0.0001,0,0.0001,0,0.1241,0.1167,0.1241,0.1167,1
0.6583,0,0.6583,0,0.6583,0.6583,0,0.6583,0.6583,2.633,0,0,0.6583,0,0.6583,0,1.3165,0.6583,0.6583,0,0.0001,0,0.0001,0,0.0001,0.0001,0,0.0001,0.0001,0.0003,0,0,0.0001,0,0.0001,0,0.0001,0.0001,0.0001,0,0.1421,0.1997,0.1421,0.1997,1
0.6834,1.3669,0,1.3669,0.6834,2.7338,0.6834,1.3669,0,0.6834,0,0,0.6834,0,0,2.0503,0.6834,0,0,0,0,0.0001,0,0.0001,0,0.0002,0,0.0001,0,0,0,0,0,0,0,0.0001,0,0,0,0,0.1346,0.182,0.1346,0.182,1
1.7387,0,1.7387,0,0.5796,0.5796,0.5796,1.1591,1.1591,0.5796,0,0,0,0.5796,0.5796,0.5796,1.1591,0,0,0.5796,0.0002,0,0.0002,0,0.0001,0.0001,0.0001,0.0001,0.0001,0.0001,0,0,0,0.0001,0.0001,0.0001,0.0001,0,0,0.0001,0.2471,0.1733,0.2471,0.1733,1
1.5673,0,0,0,0.7836,0,0,0,3.1345,0,0,0,0,0,0.7836,0,0.7836,3.1345,0,0.7836,0.0004,0,0,0,0.0002,0,0,0,0.0008,0,0,0,0,0,0.0002,0,0.0002,0.0008,0,0.0002,0.0903,0.126,0.0903,0.126,1
0,1.0823,0.5412,0,0,0.5412,0.5412,0,1.6235,0.5412,0,1.0823,1.0823,0,2.1646,0,0.5412,0,0.5412,1.0823,0,0.0001,0,0,0,0,0,0,0.0001,0,0,0.0001,0.0001,0,0.0002,0,0,0,0,0.0001,0.2378,0.221,0.2378,0.221,1
1.2099,0,1.2099,0.605,0.605,0,0.605,0.605,0.605,0.605,1.2099,0,0.605,0,1.2099,0,0.605,0.605,0,0,0.0001,0,0.0001,0.0001,0.0001,0,0.0001,0.0001,0.0001,0.0001,0.0001,0,0.0001,0,0.0001,0,0.0001,0.0001,0,0,0.1797,0.2153,0.1797,0.2153,1
0,0,0,0,0,0,0,1.4174,0.7087,0.7087,0.7087,0.7087,0,0.7087,0.7087,0,0,1.4174,0,1.4174,0,0,0,0,0,0,0,0.0003,0.0001,0.0001,0.0001,0.0001,0,0.0001,0.0001,0,0,0.0003,0,0.0003,0.143,0.1483,0.143,0.1483,1
0,0,0.5536,1.1072,0.5536,1.1072,0,0.5536,1.1072,2.768,0.5536,0,0,0,1.1072,1.1072,0,0.5536,0,0,0,0,0.0001,0.0001,0.0001,0.0001,0,0.0001,0.0001,0.0003,0.0001,0,0,0,0.0001,0.0001,0,0.0001,0,0,0.1825,0.2639,0.1825,0.2639,1
0.7307,0,0,0.7307,0.7307,0,0.7307,0.7307,0,1.4613,0,0,0,0,0.7307,0.7307,0,0.7307,0.7307,0.7307,0.0001,0,0,0.0001,0.0001,0,0.0001,0.0001,0,0.0002,0,0,0,0,0.0001,0.0001,0,0.0001,0.0001,0.0001,0.1826,0.0867,0.1826,0.0867,1
1.5953,0.5318,1.0635,0.5318,0.5318,0.5318,0.5318,1.0635,1.0635,0,0.5318,1.5953,0.5318,2.127,0,0,0,2.127,0.5318,0,0.0001,0,0.0001,0,0,0,0,0.0001,0.0001,0,0,0.0001,0,0.0001,0,0,0,0.0001,0,0,0.279,0.1892,0.279,0.1892,1
1.0959,0,0.548,1.0959,1.0959,1.0959,0,0.548,0,1.0959,1.0959,1.0959,0,0.548,1.0959,0.548,0,0,0,0,0.0001,0,0,0.0001,0.0001,0.0001,0,0,0,0.0001,0.0001,0.0001,0,0,0.0001,0,0,0,0,0,0.2303,0.2217,0.2303,0.2217,1
1.8014,0,0,0,0.6005,0.6005,0.6005,0.6005,1.2009,1.8014,0.6005,0,0,0,0.6005,0.6005,0,1.2009,0,0.6005,0.0002,0,0,0,0.0001,0.0001,0.0001,0.0001,0.0001,0.0002,0.0001,0,0,0,0.0001,0.0001,0,0.0001,0,0.0001,0.2222,0.1773,0.2222,0.1773,1
0,0.5169,1.5508,0.5169,0.5169,0,0,0,0.5169,2.0677,0,0.5169,0,0,0.5169,1.0338,0,0.5169,1.5508,0,0,0,0.0001,0,0,0,0,0,0,0.0001,0,0,0,0,0,0.0001,0,0,0.0001,0,0.244,0.2391,0.244,0.2391,1
0.7002,2.8009,0.7002,0,1.4004,0,0,1.4004,0.7002,0,0.7002,0.7002,2.1007,0,0,0,0,2.1007,0,0.7002,0,0.0001,0,0,0.0001,0,0,0.0001,0,0,0,0,0.0001,0,0,0,0,0.0001,0,0,0.153,0.1468,0.153,0.1468,1
1.4036,0,0,0.7018,0,0,0,0,3.5089,0.7018,0,0,0.7018,0.7018,0.7018,0,0,3.5089,0,0.7018,0.0003,0,0,0.0001,0,0,0,0,0.0007,0.0001,0,0,0.0001,0.0001,0.0001,0,0,0.0007,0,0.0001,0.1558,0.1425,0.1558,0.1425,1
0,0,0,0,1.2914,0,0.6457,1.2914,1.2914,0.6457,0,0.6457,0.6457,0,0.6457,0.6457,0.6457,3.2284,0,0.6457,0,0,0,0,0.0002,0,0.0001,0.0002,0.0002,0.0001,0,0.0001,0.0001,0,0.0001,0.0001,0.0001,0.0004,0,0.0001,0.1863,0.168,0.1863,0.168,1
0.5182,0,0.5182,1.0365,0.5182,0.5182,0,0,0,1.0365,0,0.5182,1.0365,0.5182,1.0365,0,0.5182,1.0365,1.5547,0,0,0,0,0.0001,0,0,0,0,0,0.0001,0,0,0.0001,0,0.0001,0,0,0.0001,0.0001,0,0.1993,0.2825,0.1993,0.2825,1
1.3638,0,0,0.6819,0.6819,0,0,0.6819,0.6819,1.3638,0,0,0.6819,0,0.6819,0.6819,0,0,0.6819,0,0.0002,0,0,0.0001,0.0001,0,0,0.0001,0.0001,0.0002,0,0,0.0001,0,0.0001,0.0001,0,0,0.0001,0,0.2031,0.115,0.2031,0.115,1
0.596,1.1919,0,0,0,0,1.7879,0.596,1.7879,0.596,0.596,0.596,0,0,4.1718,1.7879,1.1919,1.7879,0,0,0,0.0001,0,0,0,0,0.0001,0,0.0001,0,0,0,0,0,0.0003,0.0001,0.0001,0.0001,0,0,0.2196,0.1844,0.2196,0.1844,1
0.9494,2.3734,0.4747,0.4747,0.4747,0.4747,0,0,0.4747,0.4747,0.4747,0,0.4747,0,2.3734,0.4747,0,0.9494,0,0,0,0.0001,0,0,0,0,0,0,0,0,0,0,0,0,0.0001,0,0,0,0,0,0.2305,0.2949,0.2305,0.2949,1
0.5777,0.5777,0.5777,1.733,1.1554,1.1554,0,0,0,2.3107,0,0,1.733,0,1.1554,0.5777,0,0.5777,0,0,0,0,0,0.0001,0.0001,0.0001,0,0,0,0.0002,0,0,0.0001,0,0.0001,0,0,0,0,0,0.2724,0.15,0.2724,0.15,1
0.5282,0,1.0564,1.0564,0.5282,1.0564,0,0.5282,0,2.1128,0,1.0564,0,0,1.5846,0.5282,0,0.5282,0,0,0,0,0.0001,0.0001,0,0.0001,0,0,0,0.0002,0,0.0001,0,0,0.0001,0,0,0,0,0,0.2972,0.1746,0.2972,0.1746,1
0.6438,0,0.6438,0,1.2877,0.6438,0,1.9315,0.6438,2.5754,0,0.6438,0.6438,0,0.6438,0,1.2877,1.2877,0,0,0.0001,0,0.0001,0,0.0001,0.0001,0,0.0002,0.0001,0.0002,0,0.0001,0.0001,0,0.0001,0,0.0001,0.0001,0,0,0.2327,0.1235,0.2327,0.1235,1
0,0.6059,0.6059,0,1.2117,1.8176,0,0,1.2117,0.6059,0,0.6059,0.6059,0,0,0.6059,0.6059,1.2117,0.6059,0.6059,0,0,0,0,0.0001,0.0001,0,0,0.0001,0,0,0,0,0,0,0,0,0.0001,0,0,0.1888,0.2053,0.1888,0.2053,1
0,0.5257,2.1027,1.0514,1.0514,0.5257,0,0,0,2.1027,0,0.5257,0.5257,0,1.0514,0.5257,0,0.5257,0,0,0,0,0.0001,0.0001,0.0001,0,0,0,0,0.0001,0,0,0,0,0.0001,0,0,0,0,0,0.2792,0.1951,0.2792,0.1951,1
0.5639,0,0,0,0,1.1279,0,1.1279,1.1279,0,1.1279,0.5639,1.1279,0,0.5639,2.2558,0.5639,1.1279,1.1279,0.5639,0,0,0,0,0,0.0001,0,0.0001,0.0001,0,0.0001,0,0.0001,0,0,0.0002,0,0.0001,0.0001,0,0.2163,0.2197,0.2163,0.2197,1
0,0,0,1.0043,1.0043,1.0043,1.0043,0,1.5065,4.0173,0,1.0043,1.5065,0,0.5022,1.0043,0.5022,0.5022,0,0,0,0,0,0.0001,0.0001,0.0001,0.0001,0,0.0002,0.0004,0,0.0001,0.0002,0,0.0001,0.0001,0.0001,0.0001,0,0,0.3017,0.1961,0.3017,0.1961,1
1.3178,0.6589,0.6589,0.6589,0.6589,0,0,0.6589,0,1.9767,0.6589,1.3178,1.3178,1.3178,0.6589,0.6589,2.6356,0.6589,0,0,0.0001,0.0001,0.0001,0.0001,0.0001,0,0,0.0001,0,0.0002,0.0001,0.0001,0.0001,0.0001,0.0001,0.0001,0.0002,0.0001,0,0,0.17,0.1711,0.17,0.1711,1
3.145,0,0,0.7862,0,1.5725,0,0,0,1.5725,0.7862,0,0.7862,0,0,1.5725,3.145,0.7862,0,0,0.0003,0,0,0.0001,0,0.0002,0,0,0,0.0002,0.0001,0,0.0001,0,0,0.0002,0.0003,0.0001,0,0,0.108,0.1058,0.108,0.1058,1
0,2.365,1.1825,0,0,2.365,0.5913,0,0.5913,0,0.5913,0,0,0,0.5913,0.5913,1.1825,0.5913,0,1.7738,0,0.0001,0.0001,0,0,0.0001,0,0,0,0,0,0,0,0,0,0,0.0001,0,0,0.0001,0.1895,0.2192,0.1895,0.2192,1
1.1998,0,0.5999,1.1998,1.1998,0.5999,0,0,0,1.1998,0,1.1998,1.1998,0,0.5999,0,0.5999,1.1998,0.5999,0,0.0001,0,0.0001,0.0001,0.0001,0.0001,0,0,0,0.0001,0,0.0001,0.0001,0,0.0001,0,0.0001,0.0001,0.0001,0,0.2033,0.1968,0.2033,0.1968,1
1.2101,0.6051,0.6051,0.6051,0,1.2101,0,0.6051,0.6051,0,1.2101,0,0,0,0,0.6051,1.2101,1.8152,1.8152,0,0.0001,0,0,0,0,0.0001,0,0,0,0,0.0001,0,0,0,0,0,0.0001,0.0001,0.0001,0,0.2445,0.1504,0.2445,0.1504,1
0.5111,1.5334,0.5111,0.5111,0,0.5111,1.0223,0,1.0223,0,2.5557,1.0223,1.0223,0,1.0223,0,0.5111,1.5334,0,0,0,0.0001,0,0,0,0,0.0001,0,0.0001,0,0.0002,0.0001,0.0001,0,0.0001,0,0,0.0001,0,0,0.2315,0.2574,0.2315,0.2574,1
2.4397,0,0,0,1.6265,0,0,0,3.253,0.8132,0,0,0,0.8132,0,0,0.8132,2.4397,0,0,0.0005,0,0,0,0.0003,0,0,0,0.0006,0.0002,0,0,0,0.0002,0,0,0.0002,0.0005,0,0,0.07,0.1168,0.07,0.1168,1
2.6741,0,0,0,0,0,0,0,2.2284,0,0.4457,0,0,0,3.1198,0.4457,0,0,0,0.8914,0.0003,0,0,0,0,0,0,0,0.0003,0,0.0001,0,0,0,0.0004,0.0001,0,0,0,0.0001,0.271,0.2834,0.271,0.2834,1
1.4296,2.8592,0.7148,0,1.4296,2.8592,0,0,0,2.1444,0,0.7148,0,0,0,0.7148,0,0.7148,0.7148,0.7148,0.0001,0.0001,0,0,0.0001,0.0001,0,0,0,0.0001,0,0,0,0,0,0,0,0,0,0,0.1613,0.1239,0.1613,0.1239,1
5.0008,0,0,0.7144,0.7144,0,0,0,1.4288,2.8576,0,0,1.4288,0,1.4288,0,0,0.7144,0,0,0.0006,0,0,0.0001,0.0001,0,0,0,0.0002,0.0003,0,0,0.0002,0,0.0002,0,0,0.0001,0,0,0.1148,0.1708,0.1148,0.1708,1
0.6281,0,1.2562,0,0,0,0,1.2562,0.6281,0.6281,0,0.6281,0,0,0.6281,0.6281,1.8843,1.2562,0.6281,0,0.0001,0,0.0001,0,0,0,0,0.0001,0.0001,0.0001,0,0.0001,0,0,0.0001,0.0001,0.0002,0.0001,0.0001,0,0.1995,0.1724,0.1995,0.1724,1
2.2461,0.5615,0,0,0,1.1231,0,0,0.5615,1.1231,0.5615,0,2.8077,0,1.6846,0.5615,1.1231,0,0.5615,0,0.0002,0,0,0,0,0.0001,0,0,0,0.0001,0,0,0.0002,0,0.0001,0,0.0001,0,0,0,0.201,0.2375,0.201,0.2375,1
0.5542,3.3253,1.1084,0,0.5542,0.5542,0,0.5542,1.1084,1.1084,0.5542,1.1084,0.5542,0,0,1.6626,2.7711,0.5542,0.5542,0,0,0.0001,0,0,0,0,0,0,0,0,0,0,0,0,0,0.0001,0.0001,0,0,0,0.2323,0.2135,0.2323,0.2135,1
0.6134,0.6134,0,0.6134,0,1.8403,1.2268,0.6134,0,0,0.6134,0.6134,0.6134,0.6134,0.6134,0.6134,0.6134,1.8403,0,0.6134,0.0001,0.0001,0,0.0001,0,0.0002,0.0001,0.0001,0,0,0.0001,0.0001,0.0001,0.0001,0.0001,0.0001,0.0001,0.0002,0,0.0001,0.1839,0.2027,0.1839,0.2027,1
1.6507,0,0,0,0.8253,0.8253,0,0,3.3014,1.6507,0,0,0,0,0,0,0.8253,1.6507,0,0,0.0003,0,0,0,0.0002,0.0002,0,0,0.0006,0.0003,0,0,0,0,0,0,0.0002,0.0003,0,0,0.067,0.1077,0.067,0.1077,1
0.7087,0.7087,0,0,1.4174,0,0,0.7087,1.4174,0,0,0,0.7087,0.7087,0,0,2.8348,0,0,1.4174,0.0001,0.0001,0,0,0.0002,0,0,0.0001,0.0002,0,0,0,0.0001,0.0001,0,0,0.0003,0,0,0.0002,0.1565,0.1348,0.1565,0.1348,1
2.4163,0,1.4498,0,0.4833,1.933,0.4833,0,0,0.4833,0.4833,1.4498,0,0,0.4833,0.9665,0,1.933,1.933,0,0.0001,0,0.0001,0,0,0.0001,0,0,0,0,0,0.0001,0,0,0,0.0001,0,0.0001,0.0001,0,0.2433,0.2735,0.2433,0.2735,1
0.4785,0.4785,0.4785,0,1.4355,0,0.4785,0,0.957,0.957,0.957,0,0.4785,0,2.3925,0.4785,0.957,0.4785,0.4785,0,0.0001,0.0001,0.0001,0,0.0002,0,0.0001,0,0.0001,0.0001,0.0001,0,0.0001,0,0.0003,0.0001,0.0001,0.0001,0.0001,0,0.2659,0.2557,0.2659,0.2557,1
1.4835,0.7418,0,0.7418,0.7418,1.4835,0,0.7418,0.7418,0,0,0,0,0.7418,0,0,0,0,0.7418,0,0.0001,0.0001,0,0.0001,0.0001,0.0001,0,0.0001,0.0001,0,0,0,0,0.0001,0,0,0,0,0.0001,0,0.1632,0.0951,0.1632,0.0951,1
0.5212,0.5212,0.5212,0.5212,0.5212,0.5212,1.0424,0.5212,0.5212,0,0,1.0424,0.5212,0.5212,1.0424,1.0424,2.6061,1.0424,0.5212,1.0424,0,0,0,0,0,0,0.0001,0,0,0,0,0.0001,0,0,0.0001,0.0001,0.0002,0.0001,0,0.0001,0.2607,0.2181,0.2607,0.2181,1
0.6766,0,0.6766,0,0.6766,2.7063,0.6766,0,0.6766,1.3531,2.0297,0,0.6766,0.6766,0,0,1.3531,0.6766,0,0.6766,0.0001,0,0.0001,0,0.0001,0.0003,0.0001,0,0.0001,0.0001,0.0002,0,0.0001,0.0001,0,0,0.0001,0.0001,0,0.0001,0.1638,0.1596,0.1638,0.1596,1
1.215,0,0,0.6075,0,1.215,1.215,0,1.215,0.6075,0,0,0.6075,0,0.6075,0,1.215,0.6075,0,0,0.0002,0,0,0.0001,0,0.0002,0.0002,0,0.0002,0.0001,0,0,0.0001,0,0.0001,0,0.0002,0.0001,0,0,0.2411,0.1513,0.2411,0.1513,1
1.083,0,1.083,0,0.5415,1.083,0,0.5415,1.083,0.5415,1.083,2.166,0.5415,0.5415,0.5415,1.6245,0,0,0,1.6245,0.0001,0,0.0001,0,0,0.0001,0,0,0.0001,0,0.0001,0.0002,0,0,0,0.0001,0,0,0,0.0001,0.2296,0.2289,0.2296,0.2289,1
1.3572,0,0,2.0359,0.6786,0,0,0.6786,0.6786,1.3572,0,2.7145,0.6786,0.6786,0,0.6786,0.6786,1.3572,0,0.6786,0.0001,0,0,0.0002,0.0001,0,0,0.0001,0.0001,0.0001,0,0.0002,0.0001,0.0001,0,0.0001,0.0001,0.0001,0,0.0001,0.1479,0.1735,0.1479,0.1735,1
2.8897,0.7224,1.4449,0,0,2.1673,0,0.7224,0,0.7224,1.4449,0.7224,0,0,0.7224,0.7224,0.7224,1.4449,0,0,0.0002,0.0001,0.0001,0,0,0.0002,0,0.0001,0,0.0001,0.0001,0.0001,0,0,0.0001,0.0001,0.0001,0.0001,0,0,0.1108,0.1667,0.1108,0.1667,1
1.4072,0.4691,0.4691,0.9381,0,0.4691,0,0.4691,1.8763,0.9381,0.9381,0,0.4691,0,0.9381,1.4072,1.4072,0.9381,0.9381,0,0.0001,0,0,0.0001,0,0,0,0,0.0001,0.0001,0.0001,0,0,0,0.0001,0.0001,0.0001,0.0001,0.0001,0,0.3079,0.2231,0.3079,0.2231,1
0.4293,0,0.4293,3.4342,0,0,0,1.7171,3.4342,0.8586,0,1.2878,0,0.8586,0,0,0.4293,0,0,0,0,0,0,0.0004,0,0,0,0.0002,0.0004,0.0001,0,0.0001,0,0.0001,0,0,0,0,0,0,0.2607,0.31,0.2607,0.31,1
0.5427,0.5427,0,0,0,1.0853,0.5427,2.1706,0.5427,1.628,0.5427,0.5427,1.0853,0,2.7133,0,0,1.0853,0.5427,0,0,0,0,0,0,0.0001,0,0.0002,0,0.0001,0,0,0.0001,0,0.0002,0,0,0.0001,0,0,0.2004,0.2569,0.2004,0.2569,1
0,1.3232,0.6616,0.6616,0,0.6616,0,0,1.3232,1.9848,0.6616,0,0.6616,0.6616,0,0,0.6616,0,0.6616,0,0,0.0001,0.0001,0.0001,0,0.0001,0,0,0.0001,0.0002,0.0001,0,0.0001,0.0001,0,0,0.0001,0,0.0001,0,0.1569,0.1815,0.1569,0.1815,1
1.6799,0,0,0,0,0,0,0,3.3598,0.8399,0,0,0.8399,0,0,0,0.8399,2.5198,0,0.8399,0.0004,0,0,0,0,0,0,0,0.0009,0.0002,0,0,0.0002,0,0,0,0.0002,0.0006,0,0.0002,0.0621,0.0979,0.0621,0.0979,1
0.5941,0,0.5941,0.5941,1.1881,0.5941,0.5941,0,1.7822,0.5941,0,0,0.5941,0,0.5941,0.5941,0.5941,0,0,0,0.0001,0,0.0001,0.0001,0.0001,0.0001,0.0001,0,0.0002,0.0001,0,0,0.0001,0,0.0001,0.0001,0.0001,0,0,0,0.2206,0.1853,0.2206,0.1853,1
4.4814,0.7469,0.7469,0.7469,0.7469,1.4938,0,0,0,0,0.7469,0,0.7469,0,0,0.7469,0.7469,0.7469,0,0.7469,0.0004,0.0001,0.0001,0.0001,0.0001,0.0001,0,0,0,0,0.0001,0,0.0001,0,0,0.0001,0.0001,0.0001,0,0.0001,0.1033,0.1498,0.1033,0.1498,1
0.5427,0,0,0,0.5427,0,0,0,4.3415,1.6281,1.0854,0,0,0,1.6281,1.0854,0,0.5427,0,0,0.0001,0,0,0,0.0001,0,0,0,0.0006,0.0002,0.0001,0,0,0,0.0002,0.0001,0,0.0001,0,0,0.2531,0.2042,0.2531,0.2042,1
1.1551,0,0,0.5775,0.5775,1.7326,1.1551,0,1.1551,2.8877,0,0,1.1551,0,0,0.5775,0,3.4652,0,0,0.0001,0,0,0,0,0.0001,0.0001,0,0.0001,0.0002,0,0,0.0001,0,0,0,0,0.0003,0,0,0.177,0.2455,0.177,0.2455,1
3.6674,0.7335,0.7335,0,0.7335,0.7335,0,1.467,0,0,1.467,0,0.7335,0,0.7335,0.7335,0,0,0,0,0.0003,0.0001,0.0001,0,0.0001,0.0001,0,0.0001,0,0,0.0001,0,0.0001,0,0.0001,0.0001,0,0,0,0,0.1548,0.1117,0.1548,0.1117,1
0.6112,0.6112,0,0.6112,1.2224,1.2224,0,0.6112,0.6112,0,0,0.6112,0,0,0.6112,2.4448,1.2224,1.8336,0,0,0,0,0,0,0.0001,0.0001,0,0,0,0,0,0,0,0,0,0.0002,0.0001,0.0001,0,0,0.2161,0.1726,0.2161,0.1726,1
0,1.173,0.5865,0,0.5865,0,0,1.173,0.5865,0,0,1.173,0.5865,0,1.173,1.7595,0.5865,0.5865,0,0.5865,0,0.0001,0,0,0,0,0,0.0001,0,0,0,0.0001,0,0,0.0001,0.0001,0,0,0,0,0.2241,0.1894,0.2241,0.1894,1
0.9595,0.4798,1.4393,0,0.9595,0,0,0.9595,1.919,0,0.9595,1.4393,1.4393,0.9595,0.4798,0.9595,0,0.9595,0,0.4798,0.0001,0,0.0001,0,0.0001,0,0,0.0001,0.0001,0,0.0001,0.0001,0.0001,0.0001,0,0.0001,0,0.0001,0,0,0.2505,0.2698,0.2505,0.2698,1
1.8453,0.6151,0,1.8453,0,0.6151,0,0,0.6151,0.6151,0,0,0.6151,0,0,0,1.8453,0.6151,1.2302,0,0.0002,0.0001,0,0.0002,0,0.0001,0,0,0.0001,0.0001,0,0,0.0001,0,0,0,0.0002,0.0001,0.0001,0,0.2067,0.1782,0.2067,0.1782,1
4.3187,0,0,0,0,0,0,0,2.1594,3.5989,0,0,1.4396,0,1.4396,0,0,1.4396,0,0,0.0006,0,0,0,0,0,0,0,0.0003,0.0005,0,0,0.0002,0,0.0002,0,0,0.0002,0,0,0.1207,0.1595,0.1207,0.1595,1
0,0,0.5684,0,0,1.1368,0,0,1.1368,0.5684,0,0.5684,0.5684,0,2.2737,0,0.5684,0.5684,1.1368,0,0,0,0.0001,0,0,0.0001,0,0,0.0001,0.0001,0,0.0001,0.0001,0,0.0003,0,0.0001,0.0001,0.0001,0,0.1854,0.2462,0.1854,0.2462,1
0,3.2559,0,0.5427,0,2.1706,0.5427,0,0,0.5427,0.5427,1.0853,1.628,0,1.0853,1.0853,2.1706,1.0853,0.5427,0,0,0.0001,0,0,0,0.0001,0,0,0,0,0,0,0.0001,0,0,0,0.0001,0,0,0,0.2279,0.2295,0.2279,0.2295,1
1.534,1.534,1.0226,2.0453,0.5113,0.5113,0,0,1.0226,1.0226,1.534,0,0,0,0.5113,1.0226,0.5113,0,0,1.534,0.0001,0.0001,0,0.0001,0,0,0,0,0,0,0.0001,0,0,0,0,0,0,0,0,0.0001,0.302,0.1867,0.302,0.1867,1
1.2077,0.6038,0.6038,0,0,0,0.6038,0,0.6038,1.2077,0,1.8115,0,0.6038,1.2077,0,0,0,0.6038,0,0.0001,0.0001,0.0001,0,0,0,0.0001,0,0.0001,0.0001,0,0.0002,0,0.0001,0.0001,0,0,0,0.0001,0,0.2079,0.1883,0.2079,0.1883,1
0.7571,0,0,0,1.5142,1.5142,0,0.7571,0.7571,1.5142,1.5142,0.7571,1.5142,0,0,0,1.5142,0.7571,0,0.7571,0.0001,0,0,0,0.0001,0.0001,0,0.0001,0.0001,0.0001,0.0001,0.0001,0.0001,0,0,0,0.0001,0.0001,0,0.0001,0.1047,0.1382,0.1047,0.1382,1
0,0.8555,0,0,2.5666,0,0,0,3.4222,1.7111,0,0,0.8555,0,0,0,0,0.8555,0,0.8555,0,0.0001,0,0,0.0003,0,0,0,0.0004,0.0002,0,0,0.0001,0,0,0,0,0.0001,0,0.0001,0.0533,0.0912,0.0533,0.0912,1
0.7121,0,0,0,0.7121,0,0,2.1362,0.7121,0,1.4241,0.7121,0.7121,0,0.7121,0.7121,1.4241,2.1362,1.4241,0.7121,0.0001,0,0,0,0.0001,0,0,0.0002,0.0001,0,0.0001,0.0001,0.0001,0,0.0001,0.0001,0.0001,0.0002,0.0001,0.0001,0.1308,0.1571,0.1308,0.1571,1
1.5182,0,0,0,0,0.7591,0,0,3.7956,0.7591,0,0,0,0,0,0,0.7591,2.2774,0,0.7591,0.0003,0,0,0,0,0.0001,0,0,0.0007,0.0001,0,0,0,0,0,0,0.0001,0.0004,0,0.0001,0.1118,0.129,0.1118,0.129,1
0,0,0,2.6098,0,0,0,0,2.0878,1.0439,0,0.522,0,0,0,0,1.0439,0,1.0439,1.0439,0,0,0,0.0003,0,0,0,0,0.0002,0.0001,0,0.0001,0,0,0,0,0.0001,0,0.0001,0.0001,0.2275,0.2505,0.2275,0.2505,1
1.3438,1.3438,0,1.3438,0,4.0313,0,0,0,3.3594,0,1.3438,0.6719,0,0,1.3438,0,1.3438,0,0,0.0001,0.0001,0,0.0001,0,0.0002,0,0,0,0.0002,0,0.0001,0,0,0,0.0001,0,0.0001,0,0,0.154,0.1742,0.154,0.1742,1
1.3174,0.6587,0,1.9761,0,0.6587,0,1.3174,0.6587,1.3174,0,0,0.6587,0,0,0.6587,1.9761,0,0,0,0.0001,0.0001,0,0.0002,0,0.0001,0,0.0001,0.0001,0.0001,0,0,0.0001,0,0,0.0001,0.0002,0,0,0,0.2008,0.1406,0.2008,0.1406,1
1.0956,3.2867,0,1.0956,0.5478,1.6434,0,1.0956,1.0956,0.5478,0,1.0956,1.0956,0,0.5478,1.0956,0,1.0956,0.5478,0.5478,0,0.0001,0,0,0,0.0001,0,0,0,0,0,0,0,0,0,0,0,0,0,0,0.2651,0.1871,0.2651,0.1871,1
1.1533,0.5766,0.5766,0.5766,0,0,0.5766,0.5766,0.5766,0,0,0.5766,0.5766,0,1.7299,0,2.8831,0,0,0,0.0001,0.0001,0.0001,0.0001,0,0,0.0001,0.0001,0.0001,0,0,0.0001,0.0001,0,0.0002,0,0.0003,0,0,0,0.198,0.2254,0.198,0.2254,1
4.3664,0,0,0,0,0,0,0,4.8515,0,0,0,0,0.4852,0,0,0.4852,0,0.4852,0,0.0005,0,0,0,0,0,0,0,0.0006,0,0,0,0,0.0001,0,0,0.0001,0,0.0001,0,0.2155,0.2994,0.2155,0.2994,1
0,0,0.5138,0,0,0.5138,0,0,0.5138,2.5692,0,0,0,0,2.0554,0,0.5138,1.0277,1.0277,0.5138,0,0,0.0001,0,0,0.0001,0,0,0.0001,0.0003,0,0,0,0,0.0002,0,0.0001,0.0001,0.0001,0.0001,0.2433,0.2428,0.2433,0.2428,1
2.1792,0,0.7264,0.7264,0.7264,1.4528,0,0,0,0.7264,0,0,0,0,0.7264,0,0,0.7264,0,0,0.0003,0,0.0001,0.0001,0.0001,0.0002,0,0,0,0.0001,0,0,0,0,0.0001,0,0,0.0001,0,0,0.1791,0.0945,0.1791,0.0945,1
0.6931,0,0.6931,0.6931,0,0,0,1.3862,0.6931,0.6931,2.0794,0,0,0.6931,0,1.3862,0.6931,0,0,0.6931,0.0001,0,0.0001,0.0001,0,0,0,0.0001,0.0001,0.0001,0.0002,0,0,0.0001,0,0.0001,0.0001,0,0,0.0001,0.1525,0.1544,0.1525,0.1544,1
3.4079,0,0,0,0,1.4605,0.4868,0.4868,1.9474,1.4605,0,0.4868,0,0.4868,0,1.4605,0.4868,1.9474,0.4868,0,0.0002,0,0,0,0,0.0001,0,0,0.0001,0.0001,0,0,0,0,0,0.0001,0,0.0001,0,0,0.2537,0.2595,0.2537,0.2595,1
0,1.0006,0,0,0,1.5008,1.0006,0,0.5003,0,2.5014,0.5003,1.0006,0,2.5014,0.5003,0,1.0006,0,0.5003,0,0.0001,0,0,0,0.0001,0.0001,0,0,0,0.0002,0,0.0001,0,0.0002,0,0,0.0001,0,0,0.2265,0.2732,0.2265,0.2732,1
0,0,0.4792,1.917,0,0,0,0.4792,1.917,0.9585,0,0,0,0.9585,0.4792,0,0.9585,0.4792,0.9585,0.4792,0,0,0,0.0002,0,0,0,0,0.0002,0.0001,0,0,0,0.0001,0,0,0.0001,0,0.0001,0,0.242,0.2787,0.242,0.2787,1
2.4952,0,0.499,1.4971,0.9981,0.499,0,0.499,1.9962,1.4971,0,0,0,0,0.499,0,0,1.9962,0,0,0.0002,0,0,0.0001,0.0001,0,0,0,0.0002,0.0001,0,0,0,0,0,0,0,0.0002,0,0,0.2367,0.2642,0.2367,0.2642,1
1.8825,0,0.4706,0.9413,0.4706,0.4706,0.4706,0,1.4119,0.9413,0.9413,0,0,0,3.2944,0.4706,0.9413,0,0,0,0.0002,0,0,0.0001,0,0,0,0,0.0001,0.0001,0.0001,0,0,0,0.0003,0,0.0001,0,0,0,0.2262,0.3032,0.2262,0.3032,1
0.9829,0,1.4744,0,0.9829,0.4915,0.4915,0,0,0.4915,1.9659,0,0,0,1.9659,0.4915,1.4744,0.9829,0.4915,0,0.0001,0,0.0001,0,0.0001,0,0,0,0,0,0.0002,0,0,0,0.0002,0,0.0001,0.0001,0,0,0.2444,0.2641,0.2444,0.2641,1
0.7539,0,0,0,0,0,0,0,3.7693,0.7539,0,0,0,0,0,0,0.7539,3.0155,0,0.7539,0.0002,0,0,0,0,0,0,0,0.001,0.0002,0,0,0,0,0,0,0.0002,0.0008,0,0.0002,0.1081,0.1381,0.1081,0.1381,1
0.5886,0.5886,1.1773,0,0.5886,1.7659,0,1.1773,0.5886,1.1773,0,0.5886,0,0,0.5886,0,0.5886,0.5886,0.5886,0,0,0,0.0001,0,0,0.0001,0,0.0001,0,0.0001,0,0,0,0,0,0,0,0,0,0,0.2509,0.1604,0.2509,0.1604,1
1.4901,0,0,0,0,0,0,0,3.7253,0,0,0,0,0.7451,0,0,0.7451,2.9803,0,0.7451,0.0004,0,0,0,0,0,0,0,0.0009,0,0,0,0,0.0002,0,0,0.0002,0.0007,0,0.0002,0.1161,0.1388,0.1161,0.1388,1
1.2546,0.6273,0,0,0,2.5091,2.5091,0,0,0.6273,2.5091,1.2546,0.6273,0,0,1.8819,1.8819,1.2546,0,0.6273,0.0001,0,0,0,0,0.0002,0.0002,0,0,0,0.0002,0.0001,0,0,0,0.0001,0.0001,0.0001,0,0,0.1955,0.1772,0.1955,0.1772,1
0,0,0.6012,0,0,0.6012,0,0.6012,1.2024,0.6012,0.6012,0,0.6012,0,1.2024,0.6012,3.0061,0.6012,0,0,0,0,0.0001,0,0,0.0001,0,0.0001,0.0002,0.0001,0.0001,0,0.0001,0,0.0002,0.0001,0.0005,0.0001,0,0,0.1574,0.2414,0.1574,0.2414,1
0.6239,0.6239,0,1.8718,0.6239,3.7436,0,0,0,0.6239,0,1.2479,4.9914,0,0,2.4957,0,1.8718,0,0,0,0,0,0.0001,0,0.0002,0,0,0,0,0,0.0001,0.0003,0,0,0.0002,0,0.0001,0,0,0.1885,0.1876,0.1885,0.1876,1
0,0,1.1777,0,1.1777,0.5889,1.1777,0.5889,0.5889,0,1.7666,0.5889,0,0,2.3555,0,1.7666,1.7666,0.5889,0.5889,0,0,0.0001,0,0.0001,0.0001,0.0001,0.0001,0.0001,0,0.0002,0.0001,0,0,0.0002,0,0.0002,0.0002,0.0001,0.0001,0.1883,0.2229,0.1883,0.2229,1
0.4223,0,0.8446,2.5339,0,0,0,2.1116,2.5339,0.4223,0,0.4223,0,1.267,0,0.4223,0.4223,0,0.8446,0.4223,0,0,0.0001,0.0002,0,0,0,0.0002,0.0002,0,0,0,0,0.0001,0,0,0,0,0.0001,0,0.2617,0.316,0.2617,0.316,1
0.5652,0,1.1304,0.5652,0,0.5652,0,0.5652,1.1304,1.6956,0,0,1.1304,0.5652,1.1304,1.1304,1.1304,0,0,0.5652,0.0001,0,0.0001,0.0001,0,0.0001,0,0.0001,0.0001,0.0002,0,0,0.0001,0.0001,0.0001,0.0001,0.0001,0,0,0.0001,0.239,0.1957,0.239,0.1957,1
0,0.5168,1.5503,0,0,1.0335,0.5168,1.0335,0,0.5168,0.5168,0.5168,0,0.5168,1.5503,1.0335,0.5168,0,0.5168,0,0,0,0.0001,0,0,0.0001,0,0.0001,0,0,0,0,0,0,0.0001,0.0001,0,0,0,0,0.2585,0.2247,0.2585,0.2247,1
0,0.4526,0,0,2.263,0.4526,0.4526,0.4526,2.263,0,0.9052,0.9052,0.9052,0.4526,1.8104,0.4526,0,1.8104,0,0,0,0,0,0,0.0002,0,0,0,0.0002,0,0.0001,0.0001,0.0001,0,0.0001,0,0,0.0001,0,0,0.2335,0.3139,0.2335,0.3139,1
1.0891,1.0891,0.5445,0,1.0891,0,0.5445,1.6336,0.5445,1.0891,0.5445,0.5445,0.5445,0,1.6336,1.0891,1.6336,0,0,0,0.0001,0.0001,0,0,0.0001,0,0,0.0001,0,0.0001,0,0,0,0,0.0001,0.0001,0.0001,0,0,0,0.2052,0.2502,0.2052,0.2502,1
0,0,0.4857,2.9143,0,0,0,1.4572,1.9429,0.4857,0,0.4857,0,0,0.4857,0,0.4857,0,0.9714,0.4857,0,0,0,0.0003,0,0,0,0.0001,0.0002,0,0,0,0,0,0,0,0,0,0.0001,0,0.2299,0.2844,0.2299,0.2844,1
1.244,0,0,1.244,0.622,1.866,0,0.622,0.622,1.244,0,3.1101,0,0.622,0,0,0,1.244,0,0.622,0.0001,0,0,0.0001,0,0.0001,0,0,0,0.0001,0,0.0002,0,0,0,0,0,0.0001,0,0,0.1928,0.1852,0.1928,0.1852,1
2.3737,0,0,0,0.7912,0,0,0,0.7912,3.9562,0.7912,0,0.7912,0,0,0,0,0.7912,0,0,0.0004,0,0,0,0.0001,0,0,0,0.0001,0.0006,0.0001,0,0.0001,0,0,0,0,0.0001,0,0,0.0919,0.1169,0.0919,0.1169,1
2.7434,0,0.5487,1.0974,0.5487,0,0.5487,0,0,1.0974,0.5487,0,0,0,1.0974,0,1.646,0,0,0,0.0003,0,0.0001,0.0001,0.0001,0,0.0001,0,0,0.0001,0.0001,0,0,0,0.0001,0,0.0002,0,0,0,0.2022,0.2491,0.2022,0.2491,1
0,0,0,0.6239,0,0.6239,0,0,1.8717,0.6239,0,0,1.8717,0,1.8717,1.2478,0.6239,0,0.6239,0.6239,0,0,0,0.0001,0,0.0001,0,0,0.0003,0.0001,0,0,0.0003,0,0.0003,0.0002,0.0001,0,0.0001,0.0001,0.2083,0.1678,0.2083,0.1678,1
0,0,0.4146,3.7316,0,0,0,1.2439,2.4877,0.4146,0,0,0,0.8292,0,0.4146,0.4146,0,1.2439,0.4146,0,0,0,0.0003,0,0,0,0.0001,0.0002,0,0,0,0,0.0001,0,0,0,0,0.0001,0,0.2631,0.3223,0.2631,0.3223,1
1.6808,0,0,0,3.3616,0,0,0,3.3616,3.3616,0,0,0,0,0,0,0,0,0,0,0.0004,0,0,0,0.0008,0,0,0,0.0008,0.0008,0,0,0,0,0,0,0,0,0,0,0.0651,0.0945,0.0651,0.0945,1
1.6712,0,1.1141,0,0,0.5571,0,0,0,1.1141,0,2.2283,0.5571,0,1.6712,1.6712,0,0.5571,0.5571,0.5571,0.0001,0,0.0001,0,0,0,0,0,0,0.0001,0,0.0002,0,0,0.0001,0.0001,0,0,0,0,0.2134,0.2295,0.2134,0.2295,1
0,0,0.6616,0.6616,1.9849,0,1.3233,0.6616,0.6616,0.6616,0.6616,1.3233,2.6465,1.3233,0,0,0.6616,0,0,0,0,0,0.0001,0.0001,0.0002,0,0.0002,0.0001,0.0001,0.0001,0.0001,0.0002,0.0003,0.0002,0,0,0.0001,0,0,0,0.2031,0.1352,0.2031,0.1352,1
1.9819,5.2851,0,0.6606,0,1.3213,0,1.9819,0.6606,0.6606,0,0.6606,1.3213,0,0,1.9819,1.3213,1.3213,0.6606,0,0.0001,0.0002,0,0,0,0,0,0.0001,0,0,0,0,0,0,0,0.0001,0,0,0,0,0.1619,0.1775,0.1619,0.1775,1
0.62,0,0.62,0,1.8599,0.62,0,0.62,1.24,1.24,0,0,0,0,0,0,0.62,0,0,0.62,0.0001,0,0.0001,0,0.0002,0.0001,0,0.0001,0.0001,0.0001,0,0,0,0,0,0,0.0001,0,0,0.0001,0.169,0.211,0.169,0.211,1
1.4758,0,1.4758,0,0.7379,0.7379,0,0.7379,0,0,0,0,2.2137,0,0,0,1.4758,1.4758,0,1.4758,0.0002,0,0.0002,0,0.0001,0.0001,0,0.0001,0,0,0,0,0.0003,0,0,0,0.0002,0.0002,0,0.0002,0.1451,0.117,0.1451,0.117,1
1.2274,0.6137,0,1.8411,0.6137,3.6821,0,0,0,3.6821,0,0.6137,0,0,0,1.2274,0.6137,1.2274,0,0,0.0001,0,0,0.0001,0,0.0002,0,0,0,0.0002,0,0,0,0,0,0.0001,0,0.0001,0,0,0.1829,0.2034,0.1829,0.2034,1
0.4673,1.402,1.8693,0.4673,0,0.4673,0.9347,0,1.8693,0,1.8693,0,0.4673,0.4673,0,0.4673,1.402,0.9347,0,0.9347,0,0.0001,0.0001,0,0,0,0.0001,0,0.0001,0,0.0001,0,0,0,0,0,0.0001,0.0001,0,0.0001,0.3093,0.2234,0.3093,0.2234,1
0,0,1.2255,0.6128,0,1.8383,0,0.6128,1.8383,0,0,0,3.0638,0,0.6128,0,0.6128,0,0,0,0,0,0.0002,0.0001,0,0.0003,0,0.0001,0.0003,0,0,0,0.0004,0,0.0001,0,0.0001,0,0,0,0.2861,0.1011,0.2861,0.1011,1
2.8736,0,0.4789,0.9579,0,0.4789,0,0.9579,0.9579,2.3947,0,0,0.9579,0.4789,0.9579,0.4789,0,0,0.9579,0.4789,0.0002,0,0,0.0001,0,0,0,0.0001,0.0001,0.0002,0,0,0.0001,0,0.0001,0,0,0,0.0001,0,0.2425,0.2786,0.2425,0.2786,1
0.7037,0.7037,0.7037,0,0.7037,0.7037,0,0.7037,0.7037,1.4075,0.7037,0,1.4075,0,1.4075,1.4075,0,0.7037,0,0,0.0001,0.0001,0.0001,0,0.0001,0.0001,0,0.0001,0.0001,0.0001,0.0001,0,0.0001,0,0.0001,0.0001,0,0.0001,0,0,0.1745,0.1218,0.1745,0.1218,1
0.758,0,0,0.758,0.758,0,0,0.758,0.758,3.0321,0,0,0,0,0,0.758,0,0.758,0.758,0.758,0.0001,0,0,0.0001,0.0001,0,0,0.0001,0.0001,0.0004,0,0,0,0,0,0.0001,0,0.0001,0.0001,0.0001,0.173,0.0689,0.173,0.0689,1
0.6319,0,0,0,0.6319,2.5276,0,1.8957,0.6319,1.2638,1.8957,0.6319,0,0.6319,1.8957,0.6319,0,1.8957,0,0.6319,0,0,0,0,0,0.0002,0,0.0001,0,0.0001,0.0001,0,0,0,0.0001,0,0,0.0001,0,0,0.1907,0.1774,0.1907,0.1774,1
0,2.7195,0.5439,0,0.5439,0.5439,0,0,1.6317,0,1.0878,0.5439,0,0,1.0878,0,0,0,0.5439,0.5439,0,0.0001,0,0,0,0,0,0,0.0001,0,0,0,0,0,0,0,0,0,0,0,0.2618,0.1943,0.2618,0.1943,1
1.5511,1.5511,0.517,0,0,2.5852,1.5511,0.517,1.0341,1.0341,0.517,0,0.517,0,0,1.0341,1.5511,1.0341,0.517,0,0.0001,0.0001,0,0,0,0.0001,0.0001,0,0,0,0,0,0,0,0,0,0.0001,0,0,0,0.2698,0.2132,0.2698,0.2132,1
1.4089,1.4089,0,0.7044,2.1133,0.7044,0,1.4089,0.7044,0.7044,0,0,2.8178,0,0,0.7044,0,1.4089,0,0,0.0001,0.0001,0,0,0.0001,0,0,0.0001,0,0,0,0,0.0002,0,0,0,0,0.0001,0,0,0.1724,0.1231,0.1724,0.1231,1
1.7002,0,1.1335,0.5667,0.5667,2.8337,0,0,0.5667,2.267,0,0.5667,0,0,0.5667,0,0,0,0.5667,0,0.0001,0,0.0001,0,0,0.0002,0,0,0,0.0002,0,0,0,0,0,0,0,0,0,0,0.1978,0.2355,0.1978,0.2355,1
1.5416,0.7708,0,0,0,0.7708,0.7708,0,0.7708,2.3124,0,0,0.7708,0,0.7708,0.7708,0,0.7708,0,0,0.0001,0.0001,0,0,0,0.0001,0.0001,0,0.0001,0.0002,0,0,0.0001,0,0.0001,0.0001,0,0.0001,0,0,0.1303,0.0989,0.1303,0.0989,1
0,0,0,0,0.6547,1.964,1.3093,0.6547,0,1.964,0,0.6547,0,0,0,0,0,0.6547,1.3093,0,0,0,0,0,0.0001,0.0002,0.0001,0.0001,0,0.0002,0,0.0001,0,0,0,0,0,0.0001,0.0001,0,0.1869,0.1585,0.1869,0.1585,1
0,0,0,0,0,0,0,0.7323,0.7323,0.7323,0,0,3.6616,0,0,0,0,0,3.6616,0,0,0,0,0,0,0,0,0.0001,0.0001,0.0001,0,0,0.0004,0,0,0,0,0,0.0004,0,0.1612,0.1065,0.1612,0.1065,1
0,0,0.6597,0.6597,0.6597,1.9792,0,0,0.6597,0.6597,0,0,0,0,1.3195,0.6597,0.6597,0,0,0,0,0,0.0001,0.0001,0.0001,0.0002,0,0,0.0001,0.0001,0,0,0,0,0.0002,0.0001,0.0001,0,0,0,0.2226,0.1176,0.2226,0.1176,1
0.6192,2.4769,1.2385,0,0.6192,0,0,0,0,1.2385,1.2385,1.2385,0,0,0.6192,1.8577,1.8577,1.2385,0,2.4769,0,0.0001,0.0001,0,0,0,0,0,0,0.0001,0.0001,0.0001,0,0,0,0.0001,0.0001,0.0001,0,0.0001,0.229,0.1517,0.229,0.1517,1
1.423,2.1344,0,0.7115,1.423,1.423,0,0.7115,0.7115,1.423,0,0.7115,1.423,0,0,0.7115,0,1.423,0,0,0.0001,0.0001,0,0,0.0001,0.0001,0,0,0,0.0001,0,0,0.0001,0,0,0,0,0.0001,0,0,0.1644,0.1242,0.1644,0.1242,1
1.7574,1.7574,0,1.7574,0,1.1716,0,0.5858,0.5858,0.5858,0.5858,1.1716,0,0.5858,0.5858,0.5858,2.3432,0.5858,0,0,0.0001,0.0001,0,0.0001,0,0.0001,0,0,0,0,0,0.0001,0,0,0,0,0.0001,0,0,0,0.1949,0.2193,0.1949,0.2193,1
0.6666,0,0,0,0.6666,0,0,2.6664,1.3332,0.6666,0,0.6666,0,0,1.3332,0,0,1.3332,0.6666,0,0.0001,0,0,0,0.0001,0,0,0.0004,0.0002,0.0001,0,0.0001,0,0,0.0002,0,0,0.0002,0.0001,0,0.1415,0.1919,0.1415,0.1919,1
1.2239,1.2239,0,0.612,1.2239,1.8359,0,0.612,1.8359,0.612,1.2239,0,0,0,1.2239,0.612,0.612,0,0,0,0.0001,0.0001,0,0,0.0001,0.0001,0,0,0.0001,0,0.0001,0,0,0,0.0001,0,0,0,0,0,0.1783,0.2097,0.1783,0.2097,1
0,1.2672,0,0,1.2672,0.6336,2.5343,0,0.6336,0,0.6336,0,0,0,0.6336,0,2.5343,1.2672,0,0.6336,0,0.0001,0,0,0.0001,0.0001,0.0002,0,0.0001,0,0.0001,0,0,0,0.0001,0,0.0002,0.0001,0,0.0001,0.1763,0.1901,0.1763,0.1901,1
0,0,0.6934,0,0,1.3869,0,0.6934,0.6934,2.0803,0,0,0.6934,0,0.6934,0,0,0,0,0,0,0,0.0001,0,0,0.0002,0,0.0001,0.0001,0.0003,0,0,0.0001,0,0.0001,0,0,0,0,0,0.2033,0.1033,0.2033,0.1033,1
1.7575,1.7575,0,0,0,0.8788,0,0,0,1.7575,0.8788,0,0.8788,0.8788,0,0,0.8788,0,0.8788,0,0.0001,0.0001,0,0,0,0.0001,0,0,0,0.0001,0.0001,0,0.0001,0.0001,0,0,0.0001,0,0.0001,0,0.054,0.0672,0.054,0.0672,1
0.5714,0,0.5714,0,0.5714,1.1427,0.5714,1.1427,1.1427,1.1427,0,0,0,0,1.1427,0,1.1427,1.1427,0.5714,0.5714,0.0001,0,0.0001,0,0.0001,0.0001,0.0001,0.0001,0.0001,0.0001,0,0,0,0,0.0001,0,0.0001,0.0001,0.0001,0.0001,0.2284,0.2002,0.2284,0.2002,1
0.6358,0,0,1.2716,1.9074,0,0,0.6358,1.2716,0.6358,0.6358,0.6358,2.5432,0,0,0.6358,0,1.9074,0,0,0.0001,0,0,0.0001,0.0002,0,0,0.0001,0.0001,0.0001,0.0001,0.0001,0.0003,0,0,0.0001,0,0.0002,0,0,0.2249,0.1393,0.2249,0.1393,1
0.8031,0,0,0,0,1.6063,0,0.8031,0.8031,0.8031,0,0,0.8031,0,0,0.8031,0.8031,1.6063,1.6063,0,0.0001,0,0,0,0,0.0002,0,0.0001,0.0001,0.0001,0,0,0.0001,0,0,0.0001,0.0001,0.0002,0.0002,0,0.0948,0.1021,0.0948,0.1021,1
4.5011,0,0,0,0,0,0,0,2.2505,3.0007,0,0,0.7502,0,1.5004,0,0,2.2505,0,0,0.0007,0,0,0,0,0,0,0,0.0003,0.0005,0,0,0.0001,0,0.0002,0,0,0.0003,0,0,0.1201,0.1297,0.1201,0.1297,1
0,0.6791,1.3581,0.6791,0.6791,0,0,1.3581,0,1.3581,0.6791,1.3581,0.6791,0,0,2.0372,0,0,0,0,0,0.0001,0.0001,0.0001,0.0001,0,0,0.0001,0,0.0001,0.0001,0.0001,0.0001,0,0,0.0002,0,0,0,0,0.1671,0.1538,0.1671,0.1538,1
0.8069,0.4035,0,0,0,0.4035,0.8069,0,1.6139,0.8069,1.6139,0,0.4035,0,2.0173,1.2104,0,1.6139,0,0.4035,0.0001,0,0,0,0,0,0.0001,0,0.0001,0.0001,0.0001,0,0,0,0.0002,0.0001,0,0.0001,0,0,0.2797,0.3168,0.2797,0.3168,1
0,1.343,1.343,0,0.6715,1.343,0.6715,0.6715,0,0.6715,0.6715,0.6715,1.343,0,0,0,0,2.0145,0,0,0,0.0001,0.0001,0,0,0.0001,0,0,0,0,0,0,0.0001,0,0,0,0,0.0001,0,0,0.1731,0.1554,0.1731,0.1554,1
2.0222,0.5056,0.5056,0,1.0111,2.5278,0.5056,0.5056,1.0111,1.5167,0,0.5056,0.5056,0,0,1.5167,0,1.5167,0.5056,0.5056,0.0001,0,0,0,0.0001,0.0001,0,0,0.0001,0.0001,0,0,0,0,0,0.0001,0,0.0001,0,0,0.2554,0.239,0.2554,0.239,1
0.5182,0,0.5182,0.5182,0.5182,1.5547,0,0.5182,1.0365,0.5182,0.5182,0,1.0365,0,3.1095,0,0,0.5182,0,0,0.0001,0,0.0001,0.0001,0.0001,0.0002,0,0.0001,0.0001,0.0001,0.0001,0,0.0001,0,0.0004,0,0,0.0001,0,0,0.2595,0.2222,0.2595,0.2222,1
1.4035,0,0.4678,2.3392,0,0.4678,0.4678,0.9357,0.9357,2.3392,0.9357,1.4035,0,0,0.4678,0.4678,0,0.4678,0,0,0.0001,0,0,0.0002,0,0,0,0.0001,0.0001,0.0002,0.0001,0.0001,0,0,0,0,0,0,0,0,0.2457,0.2865,0.2457,0.2865,1
0.5308,0,0.5308,0,0.5308,0,0,0.5308,2.6538,1.0615,0.5308,0.5308,0.5308,0,0,0,1.0615,2.123,0,0.5308,0.0001,0,0.0001,0,0.0001,0,0,0.0001,0.0003,0.0001,0.0001,0.0001,0.0001,0,0,0,0.0001,0.0002,0,0.0001,0.1985,0.2707,0.1985,0.2707,1
0.6883,0.6883,0.6883,0,1.3766,1.3766,0,0.6883,0,2.0649,0,1.3766,1.3766,0,0,1.3766,0.6883,0,0.6883,0.6883,0,0,0,0,0.0001,0.0001,0,0,0,0.0001,0,0.0001,0.0001,0,0,0.0001,0,0,0,0,0.168,0.1437,0.168,0.1437,1
1.1179,0,0.559,0.559,1.6769,0.559,0,0.559,0,0.559,0,0,0.559,0,1.6769,0.559,0,1.1179,1.6769,0,0.0001,0,0.0001,0.0001,0.0002,0.0001,0,0.0001,0,0.0001,0,0,0.0001,0,0.0002,0.0001,0,0.0001,0.0002,0,0.1888,0.2522,0.1888,0.2522,1
0.8135,0,0,0,2.0338,0,0.4068,1.2203,3.2541,1.627,0.4068,0,0.4068,0,1.627,0,0,0,0,0,0.0001,0,0,0,0.0003,0,0.0001,0.0002,0.0004,0.0002,0.0001,0,0.0001,0,0.0002,0,0,0,0,0,0.2337,0.3595,0.2337,0.3595,1
0.6822,1.3644,0,0,0.6822,0,0,0.6822,1.3644,0.6822,0.6822,2.7289,1.3644,0,1.3644,0,2.0467,0.6822,0,0.6822,0,0.0001,0,0,0,0,0,0,0.0001,0,0,0.0002,0.0001,0,0.0001,0,0.0001,0,0,0,0.1567,0.161,0.1567,0.161,1
0,0.6166,0,0,0.6166,0,0,0.6166,0.6166,0.6166,3.0831,1.8498,2.4665,0.6166,3.0831,0.6166,0,1.2332,0.6166,0.6166,0,0,0,0,0,0,0,0,0,0,0.0002,0.0001,0.0001,0,0.0002,0,0,0.0001,0,0,0.1865,0.1969,0.1865,0.1969,1
0,0,0,0,1.3764,0.6882,0.6882,1.3764,0,1.3764,0,0,0,1.3764,6.1938,0,0,0.6882,0,0,0,0,0,0,0.0002,0.0001,0.0001,0.0002,0,0.0002,0,0,0,0.0002,0.001,0,0,0.0001,0,0,0.1623,0.1495,0.1623,0.1495,1
2.8999,0,0,0,0,0,0.725,0,0.725,2.8999,0.725,1.4499,0.725,0,0,0.725,2.1749,1.4499,0,0,0.0003,0,0,0,0,0,0.0001,0,0.0001,0.0003,0.0001,0.0002,0.0001,0,0,0.0001,0.0002,0.0002,0,0,0.1606,0.1144,0.1606,0.1144,1
0,0,0,1.1367,0,1.1367,1.705,1.1367,0,0,0,0,1.1367,0,2.2734,1.705,0,0.5683,0,0,0,0,0,0.0001,0,0.0001,0.0002,0.0001,0,0,0,0,0.0001,0,0.0003,0.0002,0,0.0001,0,0,0.2175,0.2142,0.2175,0.2142,1
1.3305,0.6652,0.6652,1.3305,0,1.3305,0.6652,0,0,0,0.6652,1.9957,0,0.6652,0.6652,1.3305,1.3305,1.3305,0,0,0.0001,0.0001,0.0001,0.0001,0,0.0001,0.0001,0,0,0,0.0001,0.0002,0,0.0001,0.0001,0.0001,0.0001,0.0001,0,0,0.203,0.1317,0.203,0.1317,1
1.6843,0,0,0,0,0.8422,0,0,3.3687,1.6843,0,0,0,0,0,0,0.8422,2.5265,0,0,0.0004,0,0,0,0,0.0002,0,0,0.0008,0.0004,0,0,0,0,0,0,0.0002,0.0006,0,0,0.0576,0.1003,0.0576,0.1003,1
0,0,0,0,2.6121,0,0,0,3.4828,3.4828,0,0,0.8707,0,0,0,0,0.8707,0,0,0,0,0,0,0.0008,0,0,0,0.0011,0.0011,0,0,0.0003,0,0,0,0,0.0003,0,0,0.0527,0.0766,0.0527,0.0766,1
1.2248,0.6124,0,1.2248,0,0,0,0,0.6124,1.8373,0.6124,0,0.6124,0,1.2248,0,0.6124,0.6124,1.2248,0,0.0001,0,0,0.0001,0,0,0,0,0,0.0001,0,0,0,0,0.0001,0,0,0,0.0001,0,0.2379,0.1496,0.2379,0.1496,1
1.5946,0,0,0,0,0,0,0.5315,2.1262,1.0631,0,0,0,0,2.1262,0,0.5315,0.5315,1.5946,0,0.0002,0,0,0,0,0,0,0.0001,0.0003,0.0002,0,0,0,0,0.0003,0,0.0001,0.0001,0.0002,0,0.2772,0.1913,0.2772,0.1913,1
3.905,0,0.5579,0.5579,0.5579,0.5579,0,0.5579,0,0,0.5579,0,3.3472,0,2.2314,0,0,1.1157,0,0.5579,0.0004,0,0.0001,0.0001,0.0001,0.0001,0,0.0001,0,0,0.0001,0,0.0004,0,0.0003,0,0,0.0001,0,0.0001,0.2691,0.173,0.2691,0.173,1
1.5139,0.7569,0,0.7569,1.5139,0.7569,0,0,0,0,0.7569,0,0,0.7569,0.7569,0,1.5139,3.0277,0,0,0.0001,0.0001,0,0.0001,0.0001,0.0001,0,0,0,0,0.0001,0,0,0.0001,0.0001,0,0.0001,0.0002,0,0,0.158,0.0851,0.158,0.0851,1
0,0,0,0,1.3764,0,0,1.3764,0.6882,0,1.3764,0.6882,0,0,0.6882,0.6882,1.3764,2.7527,0,0.6882,0,0,0,0,0.0002,0,0,0.0002,0.0001,0,0.0002,0.0001,0,0,0.0001,0.0001,0.0002,0.0004,0,0.0001,0.1805,0.1313,0.1805,0.1313,1
1.2407,0.6203,1.2407,0.6203,1.861,0,0.6203,1.2407,0,1.861,0,0,0,0,0.6203,0,0.6203,0.6203,0,0,0.0001,0,0.0001,0,0.0001,0,0,0.0001,0,0.0001,0,0,0,0,0,0,0,0,0,0,0.1913,0.1884,0.1913,0.1884,1
1.8855,0.6285,0,2.514,0,0.6285,0,0.6285,0.6285,1.257,0,0.6285,0.6285,0,0,0,1.257,0,0,0,0.0002,0.0001,0,0.0002,0,0.0001,0,0.0001,0.0001,0.0001,0,0.0001,0.0001,0,0,0,0.0001,0,0,0,0.1933,0.1782,0.1933,0.1782,1
1.1798,0.5899,0,0,0,1.1798,1.1798,1.7697,1.1798,1.1798,0,0,1.1798,0,0,1.1798,0.5899,3.5393,0,0.5899,0.0001,0,0,0,0,0.0001,0.0001,0.0001,0.0001,0.0001,0,0,0.0001,0,0,0.0001,0,0.0002,0,0,0.1836,0.2265,0.1836,0.2265,1
1.5263,0,0.7631,0,2.2894,0,0,0,3.0525,2.2894,0,0,0,0,0,0,0.7631,0.7631,0,0,0.0002,0,0.0001,0,0.0003,0,0,0,0.0004,0.0003,0,0,0,0,0,0,0.0001,0.0001,0,0,0.1093,0.1276,0.1093,0.1276,1
1.3337,0,1.3337,0,0.6669,2.0006,0,0.6669,0.6669,1.3337,0,0,0,0,0,0,0,0,0,0,0.0001,0,0.0001,0,0.0001,0.0002,0,0.0001,0.0001,0.0001,0,0,0,0,0,0,0,0,0,0,0.1694,0.1637,0.1694,0.1637,1
0,0.5127,0.5127,0.5127,0.5127,0,0.5127,1.0253,1.538,1.0253,0.5127,0,0.5127,0,2.0506,0,1.0253,0.5127,0,0.5127,0,0.0001,0.0001,0.0001,0.0001,0,0.0001,0.0001,0.0002,0.0001,0.0001,0,0.0001,0,0.0002,0,0.0001,0.0001,0,0.0001,0.2233,0.264,0.2233,0.264,1
0,0,0,0,2.0885,0.4177,0.8354,0.8354,1.6708,1.6708,0,0.8354,0.4177,0,1.6708,0,0.8354,0.8354,0,0,0,0,0,0,0.0002,0,0.0001,0.0001,0.0002,0.0002,0,0.0001,0,0,0.0002,0,0.0001,0.0001,0,0,0.2881,0.2943,0.2881,0.2943,1
0.7234,0,0,0,0.7234,0,1.4468,0,0,0.7234,0,0,1.4468,0,0.7234,0.7234,0.7234,0.7234,1.4468,1.4468,0.0001,0,0,0,0.0001,0,0.0002,0,0,0.0001,0,0,0.0002,0,0.0001,0.0001,0.0001,0.0001,0.0002,0.0002,0.108,0.1686,0.108,0.1686,1
0.6971,0,0,0,0.6971,0,0,1.3943,0.6971,0.6971,0.6971,0,0,0.6971,1.3943,0,1.3943,0,0,0,0.0001,0,0,0,0.0001,0,0,0.0003,0.0001,0.0001,0.0001,0,0,0.0001,0.0003,0,0.0003,0,0,0,0.1812,0.1217,0.1812,0.1217,1
1.1974,0.5987,0.5987,0,1.1974,0.5987,0,0,2.9934,0.5987,0,0,0.5987,0,4.1907,0.5987,1.796,1.1974,0.5987,0,0.0001,0,0,0,0.0001,0,0,0,0.0002,0,0,0,0,0,0.0003,0,0.0001,0.0001,0,0,0.1698,0.2315,0.1698,0.2315,1
1.3218,0,0.6609,0,0,1.3218,0,0,0.6609,1.3218,0.6609,0,1.3218,0,1.3218,0,0.6609,0.6609,0,0,0.0002,0,0.0001,0,0,0.0002,0,0,0.0001,0.0002,0.0001,0,0.0002,0,0.0002,0,0.0001,0.0001,0,0,0.1939,0.1452,0.1939,0.1452,1
0.4961,0,1.4884,1.4884,0,1.4884,0,1.4884,0,0.9923,0,0.4961,0,0.4961,1.4884,0,0.4961,0.4961,0,0,0,0,0.0001,0.0001,0,0.0001,0,0.0001,0,0.0001,0,0,0,0,0.0001,0,0,0,0,0,0.2765,0.2274,0.2765,0.2274,1
0.5884,0,0,0,0,2.3535,0,0,0,1.1767,0,0,1.7651,0,1.1767,1.7651,0,0,1.7651,0,0,0,0,0,0,0.0002,0,0,0,0.0001,0,0,0.0001,0,0.0001,0.0001,0,0,0.0001,0,0.2131,0.1985,0.2131,0.1985,1
0.4999,0,0,0.4999,0.4999,0.9998,1.4996,1.4996,2.4994,0.9998,0,0.4999,0,0,1.9995,0,0.4999,0,0,0.4999,0.0001,0,0,0.0001,0.0001,0.0001,0.0002,0.0002,0.0003,0.0001,0,0.0001,0,0,0.0002,0,0.0001,0,0,0.0001,0.247,0.2532,0.247,0.2532,1
0,0,0.4773,0.4773,0,0.4773,0.9547,0.9547,1.9093,1.432,0.9547,0.4773,0.4773,0,0,0.4773,1.9093,1.432,0,1.432,0,0,0,0,0,0,0.0001,0.0001,0.0002,0.0001,0.0001,0,0,0,0,0,0.0002,0.0001,0,0.0001,0.2741,0.2486,0.2741,0.2486,1
1.0431,1.0431,0,0.5215,1.0431,0.5215,0.5215,0.5215,1.5646,0,1.5646,0,1.5646,0,1.5646,1.5646,0.5215,0,0,1.0431,0.0001,0.0001,0,0,0.0001,0,0,0,0.0001,0,0.0001,0,0.0001,0,0.0001,0.0001,0,0,0,0.0001,0.2288,0.2497,0.2288,0.2497,1
1.4743,0.4914,1.4743,0,0.9828,0.9828,0.4914,0.4914,0.9828,0.4914,0.9828,0.9828,0,0.4914,0.4914,0.9828,0.4914,1.9657,0,0,0.0001,0,0.0001,0,0.0001,0.0001,0,0,0.0001,0,0.0001,0.0001,0,0,0,0.0001,0,0.0001,0,0,0.2512,0.2574,0.2512,0.2574,1
0.5296,0.5296,0,1.5889,0,0,0,0,1.0592,0.5296,1.5889,0.5296,0,0,1.0592,1.0592,0.5296,1.0592,0,0.5296,0,0,0,0.0001,0,0,0,0,0.0001,0,0.0001,0,0,0,0.0001,0.0001,0,0.0001,0,0,0.2306,0.2398,0.2306,0.2398,1
0,0.5664,1.6991,0,0.5664,0,0,0.5664,0.5664,1.6991,0,0.5664,0,0,0.5664,1.1328,0,0.5664,1.6991,0,0,0,0.0001,0,0,0,0,0,0,0.0001,0,0,0,0,0,0.0001,0,0,0.0001,0,0.2151,0.2186,0.2151,0.2186,1
0.673,2.019,0.673,0,0.673,3.365,0,0,0,0.673,2.019,0,2.019,0.673,0,0.673,2.692,2.692,0,1.346,0,0.0001,0,0,0,0.0002,0,0,0,0,0.0001,0,0.0001,0,0,0,0.0001,0.0001,0,0.0001,0.1755,0.1515,0.1755,0.1515,1
0.5445,0,0,0,1.0889,1.0889,0.5445,0.5445,0,2.7223,0,0,4.9002,0.5445,1.6334,1.6334,0.5445,0,0.5445,0,0.0001,0,0,0,0.0001,0.0001,0.0001,0.0001,0,0.0003,0,0,0.0006,0.0001,0.0002,0.0002,0.0001,0,0.0001,0,0.2282,0.2273,0.2282,0.2273,1
0.7745,0,0.7745,0,0.7745,0,0,0,0.7745,2.3236,0.7745,0.7745,0.7745,0,0,0,0.7745,0.7745,0,0,0.0001,0,0.0001,0,0.0001,0,0,0,0.0001,0.0004,0.0001,0.0001,0.0001,0,0,0,0.0001,0.0001,0,0,0.1393,0.0862,0.1393,0.0862,1
0.5303,1.0607,0,0.5303,1.0607,1.591,1.0607,1.0607,0.5303,0,0.5303,1.0607,0.5303,0,1.591,0.5303,0.5303,1.0607,0,0,0,0.0001,0,0,0.0001,0.0001,0.0001,0.0001,0,0,0,0.0001,0,0,0.0001,0,0,0.0001,0,0,0.2122,0.2574,0.2122,0.2574,1
0,0.56,0.56,0,0.56,1.6799,0,0.56,1.1199,1.1199,0,0,0.56,0,2.7999,0,0,1.1199,0.56,0,0,0,0,0,0,0.0001,0,0,0.0001,0.0001,0,0,0,0,0.0002,0,0,0.0001,0,0,0.1936,0.2464,0.1936,0.2464,1
1.1875,3.5626,0.5938,0.5938,0.5938,1.7813,0,0.5938,1.1875,1.1875,0,0.5938,1.1875,0,0.5938,1.7813,0,1.7813,0,0.5938,0,0.0001,0,0,0,0.0001,0,0,0,0,0,0,0,0,0,0.0001,0,0.0001,0,0,0.1939,0.2123,0.1939,0.2123,1
0.5255,0,0.5255,0.5255,1.051,0.5255,0,3.1529,1.5765,0,0,0,0.5255,0,0.5255,1.5765,0,1.051,0.5255,0,0,0,0,0,0.0001,0,0,0.0002,0.0001,0,0,0,0,0,0,0.0001,0,0.0001,0,0,0.2171,0.2574,0.2171,0.2574,1
0,0,1.2814,0,0,0,0,0.6407,0.6407,0.6407,0,0,0,0,0.6407,0.6407,0,0.6407,1.922,0,0,0,0.0001,0,0,0,0,0.0001,0.0001,0.0001,0,0,0,0,0.0001,0.0001,0,0.0001,0.0002,0,0.2017,0.1577,0.2017,0.1577,1
2.6954,0,0,0,0,0,0,0,1.797,0,0,0.8985,0,1.797,3.1447,0,1.3477,0,0,0.8985,0.0004,0,0,0,0,0,0,0,0.0002,0,0,0.0001,0,0.0002,0.0004,0,0.0002,0,0,0.0001,0.2462,0.3045,0.2462,0.3045,1
1.1915,0.5957,0,0.5957,0.5957,1.1915,0,0.5957,1.1915,1.7872,0,0.5957,0.5957,0.5957,0.5957,1.1915,0,0,0,0.5957,0.0001,0,0,0,0,0.0001,0,0,0.0001,0.0001,0,0,0,0,0,0.0001,0,0,0,0,0.2297,0.1745,0.2297,0.1745,1
0.4841,0,0,0,1.4523,0,0,0.9682,3.3886,0.9682,0.4841,0,0,0,0,0.4841,0.9682,1.4523,0.4841,0,0.0001,0,0,0,0.0002,0,0,0.0001,0.0004,0.0001,0.0001,0,0,0,0,0.0001,0.0001,0.0002,0.0001,0,0.2254,0.2905,0.2254,0.2905,1
2.2166,0,0.7389,0,0.7389,2.2166,0,0,0,0.7389,0,0.7389,0,0,0,0,0.7389,0,0.7389,0,0.0002,0,0.0001,0,0.0001,0.0002,0,0,0,0.0001,0,0.0001,0,0,0,0,0.0001,0,0.0001,0,0.1478,0.1133,0.1478,0.1133,1
0.5703,0,0.5703,0.5703,0.5703,1.1406,0.5703,0.5703,0.5703,0.5703,0.5703,0.5703,0.5703,0,2.8515,0,0.5703,0.5703,0,0.5703,0.0001,0,0.0001,0.0001,0.0001,0.0001,0.0001,0.0001,0.0001,0.0001,0.0001,0.0001,0.0001,0,0.0003,0,0.0001,0.0001,0,0.0001,0.2043,0.2254,0.2043,0.2254,1
0.9979,3.4928,0,0.9979,0.9979,1.4969,0,0,0.499,0.9979,0.499,0.9979,0,0.499,1.9959,0,0.499,0.499,0,0.499,0,0.0002,0,0,0,0.0001,0,0,0,0,0,0,0,0,0.0001,0,0,0,0,0,0.2335,0.2675,0.2335,0.2675,1
0,0,0.5988,0,0,1.7965,0,0,0,0.5988,0,1.7965,0.5988,0.5988,2.3953,0,0.5988,0.5988,0,0.5988,0,0,0.0001,0,0,0.0002,0,0,0,0.0001,0,0.0002,0.0001,0.0001,0.0003,0,0.0001,0.0001,0,0.0001,0.1908,0.2103,0.1908,0.2103,1
0.6148,0.6148,0.6148,0.6148,1.2296,1.2296,0.6148,0,0.6148,0.6148,0,0,0.6148,0.6148,0,0.6148,2.4591,0.6148,0,0.6148,0.0001,0.0001,0.0001,0.0001,0.0001,0.0001,0.0001,0,0.0001,0.0001,0,0,0.0001,0.0001,0,0.0001,0.0002,0.0001,0,0.0001,0.1856,0.1996,0.1856,0.1996,1
1.3956,0.6978,0,1.3956,0,2.0934,0,1.3956,0,2.0934,0,0,0,0,0,2.0934,0.6978,2.0934,0,0,0.0001,0,0,0.0001,0,0.0001,0,0.0001,0,0.0001,0,0,0,0,0,0.0001,0,0.0001,0,0,0.1294,0.1729,0.1294,0.1729,1
0,0,1.799,0,0,0,0,0,2.3987,0,0,0.5997,0.5997,0,1.799,0.5997,1.1994,1.1994,0,0.5997,0,0,0.0002,0,0,0,0,0,0.0003,0,0,0.0001,0.0001,0,0.0002,0.0001,0.0001,0.0001,0,0.0001,0.2325,0.1678,0.2325,0.1678,1
3.3932,0,0,0,0,0.8483,0,0,3.3932,0.8483,0,0,0,0,0,0,1.6966,0.8483,0,0,0.0008,0,0,0,0,0.0002,0,0,0.0008,0.0002,0,0,0,0,0,0,0.0004,0.0002,0,0,0.0642,0.0875,0.0642,0.0875,1
1.6311,0.8156,0,0,1.6311,0.8156,0,1.6311,0,0,2.4467,0,1.6311,0,0.8156,0,0.8156,2.4467,0,0,0.0001,0.0001,0,0,0.0001,0.0001,0,0.0001,0,0,0.0002,0,0.0001,0,0.0001,0,0.0001,0.0002,0,0,0.0856,0.0989,0.0856,0.0989,1
0,0,1.1936,0.5968,0.5968,0.5968,0,0.5968,0.5968,0,0.5968,0.5968,0,0,0,1.1936,1.1936,1.1936,0.5968,1.1936,0,0,0.0001,0.0001,0.0001,0.0001,0,0.0001,0.0001,0,0.0001,0.0001,0,0,0,0.0001,0.0001,0.0001,0.0001,0.0001,0.2238,0.1794,0.2238,0.1794,1
0.447,0.447,0.447,3.5757,0.447,0,0.447,0.8939,2.6818,1.3409,0,0.447,0,0,0,0,0.447,0.8939,0,0,0,0,0,0.0003,0,0,0,0.0001,0.0002,0.0001,0,0,0,0,0,0,0,0.0001,0,0,0.2727,0.2804,0.2727,0.2804,1
2.5879,0,0.5176,0.5176,2.0703,3.1054,0.5176,0,0.5176,0.5176,0.5176,0,0,0.5176,0,1.0351,0.5176,2.0703,0.5176,0,0.0002,0,0,0,0.0001,0.0002,0,0,0,0,0,0,0,0,0,0.0001,0,0.0001,0,0,0.2552,0.2272,0.2552,0.2272,1
0,1.815,0,0,0,2.42,0.605,1.815,0.605,0,0.605,0,1.21,0.605,1.21,0,1.21,0.605,0,0.605,0,0.0001,0,0,0,0.0001,0,0.0001,0,0,0,0,0.0001,0,0.0001,0,0.0001,0,0,0,0.2379,0.1571,0.2379,0.1571,1
1.0069,0,1.0069,0,1.5104,2.0139,0,1.5104,1.5104,1.5104,0,1.0069,0,0,0,1.5104,1.0069,0.5035,0.5035,0.5035,0.0001,0,0.0001,0,0.0001,0.0001,0,0.0001,0.0001,0.0001,0,0.0001,0,0,0,0.0001,0.0001,0,0,0,0.2525,0.244,0.2525,0.244,1
1.3562,1.3562,0,0,0,2.0343,0.6781,0,0,0,1.3562,1.3562,0.6781,0,0.6781,0,2.0343,2.0343,0,0.6781,0.0001,0.0001,0,0,0,0.0001,0,0,0,0,0.0001,0.0001,0,0,0,0,0.0001,0.0001,0,0,0.1452,0.1767,0.1452,0.1767,1
0.5927,0,0.5927,0,0.5927,0.5927,0,0,0.5927,0.5927,0,1.7782,0.5927,1.1854,1.7782,0,1.1854,0,0,0,0.0001,0,0.0001,0,0.0001,0.0001,0,0,0.0001,0.0001,0,0.0002,0.0001,0.0002,0.0002,0,0.0002,0,0,0,0.249,0.1583,0.249,0.1583,1
0.8676,0,1.3014,0.4338,0.4338,0.4338,0,0.4338,1.3014,0.8676,0,0.4338,0,0.4338,1.3014,0.4338,0.8676,1.3014,0.4338,0.8676,0.0001,0,0.0001,0,0,0,0,0,0.0001,0.0001,0,0,0,0,0.0001,0,0.0001,0.0001,0,0.0001,0.2894,0.2769,0.2894,0.2769,1
0.654,0,0.654,0,1.9619,1.3079,0.654,0,0,0.654,0.654,0,1.3079,0,0,1.3079,1.9619,1.3079,1.9619,0.654,0,0,0,0,0.0001,0.0001,0,0,0,0,0,0,0.0001,0,0,0.0001,0.0001,0.0001,0.0001,0,0.1492,0.1968,0.1492,0.1968,1
0.7186,0.7186,0,0,2.1558,0.7186,0,2.8744,1.4372,0.7186,0,0,0,0,0,0.7186,0,0.7186,0,0,0.0001,0.0001,0,0,0.0002,0.0001,0,0.0003,0.0001,0.0001,0,0,0,0,0,0.0001,0,0.0001,0,0,0.1162,0.1652,0.1162,0.1652,1
0,0,1.1566,0.5783,0,0,0,0.5783,2.3132,1.7349,0.5783,0.5783,0,0,0.5783,0.5783,0.5783,0,0,0,0,0,0.0001,0.0001,0,0,0,0.0001,0.0003,0.0002,0.0001,0.0001,0,0,0.0001,0.0001,0.0001,0,0,0,0.1835,0.2382,0.1835,0.2382,1
0.5122,0,0.5122,3.5857,0,0.5122,0,0,1.5367,0.5122,0.5122,1.5367,0.5122,0,0.5122,1.0245,0.5122,1.0245,0,0,0,0,0,0.0003,0,0,0,0,0.0001,0,0,0.0001,0,0,0,0.0001,0,0.0001,0,0,0.2498,0.2379,0.2498,0.2379,1
4.3069,0,0,0.5384,0,1.0767,0,0,2.1534,3.2302,0,0.5384,0,0,0,0.5384,1.0767,1.0767,0.5384,0,0.0004,0,0,0,0,0.0001,0,0,0.0002,0.0003,0,0,0,0,0,0,0.0001,0.0001,0,0,0.2033,0.2584,0.2033,0.2584,1
0.475,0.475,1.4249,1.8999,0,0,0,1.4249,1.4249,1.4249,0,2.3748,0,0,0,0,0.9499,0.9499,0,0.475,0,0,0.0001,0.0001,0,0,0,0.0001,0.0001,0.0001,0,0.0001,0,0,0,0,0.0001,0.0001,0,0,0.2594,0.2657,0.2594,0.2657,1
0,2.4611,0,0,0.6153,1.2306,0,0,0,1.8458,0,0,0,0,3.0764,0,0,0,0,0.6153,0,0.0002,0,0,0,0.0001,0,0,0,0.0001,0,0,0,0,0.0002,0,0,0,0,0,0.1743,0.2104,0.1743,0.2104,1
5.4703,0.7815,0,0.7815,0,1.5629,0,0,0,0.7815,1.5629,0,0.7815,0.7815,0,0,0.7815,0.7815,0,0,0.0005,0.0001,0,0.0001,0,0.0001,0,0,0,0.0001,0.0001,0,0.0001,0.0001,0,0,0.0001,0.0001,0,0,0.1159,0.1027,0.1159,0.1027,1
0.8389,0,0,0,1.6777,0,0,0,3.3555,1.6777,0,0,0.8389,0,0,0,0.8389,0.8389,0,0.8389,0.0002,0,0,0,0.0004,0,0,0,0.0008,0.0004,0,0,0.0002,0,0,0,0.0002,0.0002,0,0.0002,0.0632,0.098,0.0632,0.098,1
0.4419,0.4419,0,0.4419,1.3258,0.4419,0.4419,0.4419,1.3258,2.2097,0.4419,0.8839,0,0.4419,0.8839,0,1.3258,0.4419,0,0.4419,0,0,0,0,0.0001,0,0,0,0.0001,0.0002,0,0.0001,0,0,0.0001,0,0.0001,0,0,0,0.276,0.282,0.276,0.282,1
1.6931,0,0.5644,1.1287,1.6931,0,0.5644,0,1.1287,0,0,0,0.5644,0,0,1.6931,1.1287,3.9505,0,0,0.0001,0,0,0.0001,0.0001,0,0,0,0.0001,0,0,0,0,0,0,0.0001,0.0001,0.0003,0,0,0.2247,0.2109,0.2247,0.2109,1
0.5927,0,0.5927,0,0.5927,0,0,1.1855,1.7782,1.7782,0,1.1855,1.1855,0,1.1855,0,0.5927,0.5927,0,0.5927,0.0001,0,0.0001,0,0.0001,0,0,0.0001,0.0002,0.0002,0,0.0001,0.0001,0,0.0001,0,0.0001,0.0001,0,0.0001,0.1872,0.2201,0.1872,0.2201,1
2.2236,0.5559,0.5559,0.5559,0.5559,1.1118,0,0.5559,0,0,0,0.5559,0,0.5559,1.1118,1.6677,1.1118,3.3354,0,0,0.0001,0,0,0,0,0.0001,0,0,0,0,0,0,0,0,0.0001,0.0001,0.0001,0.0002,0,0,0.2157,0.2284,0.2157,0.2284,1
0.5727,0,0,0,1.1455,0,0,1.1455,1.7182,1.1455,1.7182,0,1.7182,0,2.291,2.291,0,1.7182,0.5727,0,0,0,0,0,0.0001,0,0,0.0001,0.0001,0.0001,0.0001,0,0.0001,0,0.0002,0.0002,0,0.0001,0,0,0.1792,0.2481,0.1792,0.2481,1
1.7169,0,0,0,0,0,0,0,3.4338,0.8584,0.8584,0,0,0,0,0,0.8584,3.4338,0,0.8584,0.0006,0,0,0,0,0,0,0,0.0011,0.0003,0.0003,0,0,0,0,0,0.0003,0.0011,0,0.0003,0.0521,0.0895,0.0521,0.0895,1
0.8491,0,0,0,0.8491,0,0,0,3.3966,0.8491,0,0,0.8491,0,0,0,0.8491,2.5474,0,0.8491,0.0002,0,0,0,0.0002,0,0,0,0.001,0.0002,0,0,0.0002,0,0,0,0.0002,0.0007,0,0.0002,0.0586,0.0923,0.0586,0.0923,1
1.3536,0.6768,0,0,0.6768,0.6768,0,0.6768,0.6768,1.3536,0,0,0,0,0.6768,0,0.6768,0,0.6768,0.6768,0.0002,0.0001,0,0,0.0001,0.0001,0,0.0001,0.0001,0.0002,0,0,0,0,0.0001,0,0.0001,0,0.0001,0.0001,0.1506,0.1726,0.1506,0.1726,1
1.1155,0.5578,0,0.5578,1.1155,0.5578,0,1.6733,0.5578,1.1155,0.5578,0.5578,1.1155,0,1.1155,0,1.6733,1.1155,0,0.5578,0.0001,0,0,0,0.0001,0,0,0.0001,0,0.0001,0,0,0.0001,0,0.0001,0,0.0001,0.0001,0,0,0.238,0.2043,0.238,0.2043,1
0.7652,0.7652,0,0,0.7652,0,0,0.7652,0,1.5305,0.7652,0,0,0,0.7652,1.5305,0,0,0,1.5305,0.0001,0.0001,0,0,0.0001,0,0,0.0001,0,0.0001,0.0001,0,0,0,0.0001,0.0001,0,0,0,0.0001,0.1335,0.1013,0.1335,0.1013,1
3.4653,0,0,0,0,0,0.4332,0.4332,4.3316,0,0,0,0.4332,0,0.8663,0,0.4332,0.4332,0,0.4332,0.0004,0,0,0,0,0,0.0001,0.0001,0.0005,0,0,0,0.0001,0,0.0001,0,0.0001,0.0001,0,0.0001,0.2583,0.3086,0.2583,0.3086,1
2.2286,0,0.7429,0,0.7429,2.9715,0,0,0,2.2286,0,0.7429,0,0,0.7429,0,0,0,0,0,0.0003,0,0.0001,0,0.0001,0.0003,0,0,0,0.0003,0,0.0001,0,0,0.0001,0,0,0,0,0,0.0979,0.1592,0.0979,0.1592,1
0,0,0,0,2.1391,0.713,0,1.4261,0,1.4261,1.4261,0,0.713,0.713,8.5564,0,0,0,0,0.713,0,0,0,0,0.0004,0.0001,0,0.0002,0,0.0002,0.0002,0,0.0001,0.0001,0.0015,0,0,0,0,0.0001,0.1478,0.1391,0.1478,0.1391,1
0.532,1.064,1.064,1.596,0,2.128,0,1.064,0.532,1.064,0,0.532,0,0,0.532,1.596,0.532,0.532,0,0.532,0,0.0001,0.0001,0.0001,0,0.0001,0,0.0001,0,0.0001,0,0,0,0,0,0.0001,0,0,0,0,0.2332,0.2348,0.2332,0.2348,1
0,0,0.59,0,0.59,0.59,1.77,0.59,0,1.77,0,0,0,0,0.59,0,0,1.18,1.18,0,0,0,0.0001,0,0.0001,0.0001,0.0002,0.0001,0,0.0002,0,0,0,0,0.0001,0,0,0.0001,0.0001,0,0.2095,0.2005,0.2095,0.2005,1
0,0,0,0,1.3714,0.6857,0.6857,1.3714,0,2.0571,0,0,0,1.3714,6.1713,0,0,0,0,0,0,0,0,0,0.0002,0.0001,0.0001,0.0002,0,0.0003,0,0,0,0.0002,0.001,0,0,0,0,0,0.1635,0.1508,0.1635,0.1508,1
1.4908,1.4908,0.7454,0,0,0.7454,0,0,0,1.4908,0.7454,0,1.4908,0,0.7454,0.7454,2.2361,2.9815,0.7454,0,0.0001,0.0001,0,0,0,0,0,0,0,0.0001,0,0,0.0001,0,0,0,0.0001,0.0002,0,0,0.1099,0.1448,0.1099,0.1448,1
1.366,0,0,0,1.366,1.366,0,2.049,0.683,2.049,0,0.683,2.732,0,0,0.683,0.683,0,0.683,0,0.0001,0,0,0,0.0001,0.0001,0,0.0002,0.0001,0.0002,0,0.0001,0.0002,0,0,0.0001,0.0001,0,0.0001,0,0.1514,0.1656,0.1514,0.1656,1
3.1539,0,0.7885,0.7885,0,0,0,0,0,1.5769,0,0,0,0,0,0,0.7885,3.1539,0,0.7885,0.0005,0,0.0001,0.0001,0,0,0,0,0,0.0002,0,0,0,0,0,0,0.0001,0.0005,0,0.0001,0.1403,0.0713,0.1403,0.0713,1
0.6634,0,0,0.6634,1.3267,1.3267,0,1.3267,0.6634,0.6634,0,3.3168,0,1.3267,0,0.6634,0,0.6634,0,0.6634,0.0001,0,0,0.0001,0.0001,0.0001,0,0.0001,0.0001,0.0001,0,0.0003,0,0.0001,0,0.0001,0,0.0001,0,0.0001,0.1644,0.1723,0.1644,0.1723,1
1.0552,0.5276,1.0552,0,0.5276,0,0.5276,0,1.5828,0.5276,1.0552,0.5276,0.5276,0,1.0552,0.5276,0.5276,1.0552,0,0,0.0001,0,0.0001,0,0,0,0,0,0.0001,0,0.0001,0,0,0,0.0001,0,0,0.0001,0,0,0.2907,0.1817,0.2907,0.1817,1
1.4413,0.4804,0.4804,1.4413,0,0,0.9609,0.9609,0.9609,0.9609,1.4413,0.4804,0,0,0.4804,1.4413,1.4413,0.9609,0,0.4804,0.0001,0,0,0.0001,0,0,0.0001,0.0001,0.0001,0.0001,0.0001,0,0,0,0,0.0001,0.0001,0.0001,0,0,0.2678,0.2517,0.2678,0.2517,1
1.34,2.6801,0.67,0.67,1.34,2.6801,0,0.67,0,1.34,0,0.67,0,0,0,0.67,0,0.67,0.67,0.67,0.0001,0.0001,0,0,0.0001,0.0001,0,0,0,0.0001,0,0,0,0,0,0,0,0,0,0,0.1847,0.1453,0.1847,0.1453,1
0.765,0,0,0.765,0,0,0,0,3.0601,3.0601,0,0.765,0,0,0,0,0,1.53,0,0,0.0001,0,0,0.0001,0,0,0,0,0.0005,0.0005,0,0.0001,0,0,0,0,0,0.0002,0,0,0.1013,0.1337,0.1013,0.1337,1
0.8038,0,0,0,1.6076,0.4019,0.4019,0,0.8038,0.8038,1.2057,0,0,0,2.8133,0,0.8038,0.8038,0,0.4019,0.0001,0,0,0,0.0002,0.0001,0.0001,0,0.0001,0.0001,0.0002,0,0,0,0.0004,0,0.0001,0.0001,0,0.0001,0.2516,0.3465,0.2516,0.3465,1
0.585,0.585,0.585,0.585,0.585,1.17,0,0,0,0.585,0.585,1.755,5.8502,0.585,0.585,1.755,1.17,0,0.585,0,0,0,0,0,0,0.0001,0,0,0,0,0,0.0001,0.0004,0,0,0.0001,0.0001,0,0,0,0.2153,0.1997,0.2153,0.1997,1
0,0,0.4512,3.6094,0,0,0,1.3535,2.2559,0.4512,0,0,0,0.4512,0,0.4512,0.4512,0,0.9024,0.4512,0,0,0,0.0003,0,0,0,0.0001,0.0002,0,0,0,0,0,0,0,0,0,0.0001,0,0.2678,0.281,0.2678,0.281,1
0.7056,1.4112,0,0.7056,2.8224,0,0,0.7056,0.7056,0.7056,0.7056,0.7056,2.8224,0,0,0.7056,0,1.4112,0,0,0,0.0001,0,0,0.0002,0,0,0,0,0,0,0,0.0002,0,0,0,0,0.0001,0,0,0.1509,0.1435,0.1509,0.1435,1
1.2171,1.2171,0.6086,0.6086,0,0,0,1.2171,0.6086,1.2171,0,0.6086,0,0.6086,1.2171,0,0.6086,0.6086,0,0,0.0001,0.0001,0,0,0,0,0,0.0001,0,0.0001,0,0,0,0,0.0001,0,0,0,0,0,0.1814,0.21,0.1814,0.21,1
1.0387,0,2.0774,2.0774,0.5194,0,0,0,0,2.5968,0.5194,0,0.5194,0,0,0,0,0.5194,0.5194,0,0.0001,0,0.0001,0.0001,0,0,0,0,0,0.0002,0,0,0,0,0,0,0,0,0,0,0.214,0.2666,0.214,0.2666,1
0.5793,0,0.5793,0.5793,0.5793,1.1586,0.5793,0.5793,1.7379,0,1.7379,0.5793,1.1586,0,0.5793,0.5793,0.5793,1.1586,0,0,0.0001,0,0.0001,0.0001,0.0001,0.0001,0.0001,0.0001,0.0002,0,0.0002,0.0001,0.0001,0,0.0001,0.0001,0.0001,0.0001,0,0,0.1953,0.2254,0.1953,0.2254,1
0,0,0,0,1.133,1.133,0.5665,0.5665,2.266,0.5665,0.5665,0,0,0.5665,5.665,0,1.6995,0.5665,0,0.5665,0,0,0,0,0.0002,0.0002,0.0001,0.0001,0.0003,0.0001,0.0001,0,0,0.0001,0.0008,0,0.0002,0.0001,0,0.0001,0.2156,0.2179,0.2156,0.2179,1
1.011,0,1.011,0,0,0.5055,1.011,2.022,1.011,1.5165,0.5055,1.5165,0,0,0.5055,1.011,0,1.011,0,0,0.0001,0,0.0001,0,0,0,0.0001,0.0001,0.0001,0.0001,0,0.0001,0,0,0,0.0001,0,0.0001,0,0,0.2456,0.2489,0.2456,0.2489,1
1.5118,0,0,0,0.7559,0.7559,0,0,3.0236,1.5118,0,0,0,0,0.7559,0,0.7559,1.5118,0,0,0.0002,0,0,0,0.0001,0.0001,0,0,0.0005,0.0002,0,0,0,0,0.0001,0,0.0001,0.0002,0,0,0.1155,0.1286,0.1155,0.1286,1
0.6228,1.2455,0.6228,0,0,0,0,0,0.6228,2.4911,0.6228,0,0,0.6228,1.8683,1.2455,0,0,0,0,0,0.0001,0,0,0,0,0,0,0,0.0002,0,0,0,0,0.0001,0.0001,0,0,0,0,0.2095,0.1678,0.2095,0.1678,1
0.8459,0,0,0,1.6919,0,0,0,3.3837,0.8459,0,0,0,0,0,0,0,3.3837,0,0.8459,0.0002,0,0,0,0.0005,0,0,0,0.001,0.0002,0,0,0,0,0,0,0,0.001,0,0.0002,0.0636,0.0905,0.0636,0.0905,1
0,0.5174,1.5522,0.5174,0.5174,0,0.5174,0.5174,0.5174,2.0696,0,0,0,0,0.5174,1.0348,0,0,1.5522,0,0,0,0.0001,0,0,0,0,0,0,0.0001,0,0,0,0,0,0.0001,0,0,0.0001,0,0.2325,0.2501,0.2325,0.2501,1
1.3877,1.3877,0,0,1.3877,3.4692,0,0.6938,0.6938,1.3877,0.6938,0,0,0,0,0.6938,0.6938,2.0815,0,0.6938,0.0001,0.0001,0,0,0.0001,0.0002,0,0,0,0.0001,0,0,0,0,0,0,0,0.0001,0,0,0.1803,0.1259,0.1803,0.1259,1
2.2518,1.5012,0,0,0.7506,4.5037,0.7506,0,0,1.5012,0,1.5012,0.7506,0,0,0,0.7506,0.7506,0,0.7506,0.0001,0.0001,0,0,0,0.0003,0,0,0,0.0001,0,0.0001,0,0,0,0,0,0,0,0,0.1277,0.1217,0.1277,0.1217,1
0.4611,1.3834,0.4611,0,0,0.9222,1.3834,0.4611,0.9222,0,0.4611,1.3834,0.4611,0.4611,2.3056,0,0.9222,0,0,0.9222,0,0.0001,0,0,0,0.0001,0.0001,0,0.0001,0,0,0.0001,0,0,0.0001,0,0.0001,0,0,0.0001,0.2582,0.2806,0.2582,0.2806,1
0,1.7322,0.5774,0,1.1548,2.3096,1.1548,0,1.7322,0.5774,0,0,0,0,0,0,0.5774,0.5774,0,0,0,0.0001,0,0,0.0001,0.0001,0.0001,0,0.0001,0,0,0,0,0,0,0,0,0,0,0,0.2332,0.1895,0.2332,0.1895,1
2.0552,1.3702,0,0.6851,1.3702,1.3702,0,0,0,0,0.6851,0,1.3702,0,1.3702,0,0,2.7403,0,0.6851,0.0001,0.0001,0,0,0.0001,0.0001,0,0,0,0,0,0,0.0001,0,0.0001,0,0,0.0002,0,0,0.1271,0.1878,0.1271,0.1878,1
0.6762,0,0,0,1.3524,0.6762,0.6762,0.6762,0,2.0285,0,0.6762,0,0,6.0856,0,0,0.6762,0,0,0.0001,0,0,0,0.0002,0.0001,0.0001,0.0001,0,0.0003,0,0.0001,0,0,0.0008,0,0,0.0001,0,0,0.1668,0.157,0.1668,0.157,1
0.7923,0,0,0,0,0.7923,0,0,1.5845,0,0,0,0.7923,0,0,0,0.7923,3.169,1.5845,0.7923,0.0001,0,0,0,0,0.0001,0,0,0.0003,0,0,0,0.0001,0,0,0,0.0001,0.0005,0.0003,0.0001,0.1243,0.0835,0.1243,0.0835,1
0,0,0,0,1.9124,0.9562,0,0.4781,3.3466,2.8685,0,0.4781,0.9562,0,1.4343,0.4781,0.4781,0,0,0,0,0,0,0,0.0002,0.0001,0,0,0.0003,0.0003,0,0,0.0001,0,0.0001,0,0,0,0,0,0.2542,0.2677,0.2542,0.2677,1
0,0,0,0,0.7322,2.9286,0,0,0.7322,0.7322,0,0,0.7322,0,0,1.4643,0,0.7322,1.4643,0,0,0,0,0,0.0001,0.0003,0,0,0.0001,0.0001,0,0,0.0001,0,0,0.0001,0,0.0001,0.0001,0,0.1351,0.1327,0.1351,0.1327,1
1.1557,0,0.5779,0,0,1.7336,0.5779,0.5779,0.5779,1.1557,0.5779,0,0,0,1.1557,0.5779,0,0,0,0,0.0001,0,0.0001,0,0,0.0002,0.0001,0.0001,0.0001,0.0001,0.0001,0,0,0,0.0001,0.0001,0,0,0,0,0.2155,0.2066,0.2155,0.2066,1
1.1254,0,1.1254,1.1254,1.1254,0,0.5627,0.5627,1.688,0,1.1254,0,0.5627,0.5627,0,0,1.1254,1.1254,0.5627,0,0.0001,0,0.0001,0.0001,0.0001,0,0.0001,0.0001,0.0002,0,0.0001,0,0.0001,0.0001,0,0,0.0001,0.0001,0.0001,0,0.2493,0.1881,0.2493,0.1881,1
0.651,0,0,0.651,0,0,0,0,1.9531,0.651,0.651,0.651,0,0,0.651,0.651,0,0.651,0,1.3021,0.0001,0,0,0.0001,0,0,0,0,0.0003,0.0001,0.0001,0.0001,0,0,0.0001,0.0001,0,0.0001,0,0.0002,0.2223,0.1266,0.2223,0.1266,1
0.613,0,0,2.4519,0,0.613,0,0,0.613,1.839,0,0,0,1.226,0.613,1.226,0,0,0,0.613,0.0001,0,0,0.0003,0,0.0001,0,0,0.0001,0.0002,0,0,0,0.0002,0.0001,0.0002,0,0,0,0.0001,0.2084,0.1786,0.2084,0.1786,1
0.8374,0,0,0,2.5121,0,0,0.8374,3.3495,0,0,0,0,0,0,0,0.8374,1.6747,0,0.8374,0.0002,0,0,0,0.0007,0,0,0.0002,0.0009,0,0,0,0,0,0,0,0.0002,0.0005,0,0.0002,0.0577,0.1049,0.0577,0.1049,1
0,0,0,1.8137,0,1.2092,0.6046,1.8137,0.6046,0,0.6046,0.6046,0.6046,0.6046,1.2092,0.6046,1.2092,0,0.6046,0,0,0,0,0.0002,0,0.0001,0.0001,0.0002,0.0001,0,0.0001,0.0001,0.0001,0.0001,0.0001,0.0001,0.0001,0,0.0001,0,0.2027,0.1927,0.2027,0.1927,1
0,0,0,0.502,1.004,0,0,0,0,0.502,1.004,1.004,3.0119,0.502,2.5099,0,0.502,1.506,1.004,0.502,0,0,0,0.0001,0.0001,0,0,0,0,0.0001,0.0001,0.0001,0.0003,0.0001,0.0003,0,0.0001,0.0002,0.0001,0.0001,0.2228,0.2752,0.2228,0.2752,1
1.0368,0,0,0.5184,0,0.5184,0,0.5184,1.0368,1.0368,2.0737,0.5184,1.0368,0.5184,2.0737,0.5184,1.0368,0,0,1.0368,0.0001,0,0,0.0001,0,0.0001,0,0.0001,0.0001,0.0001,0.0003,0.0001,0.0001,0.0001,0.0003,0.0001,0.0001,0,0,0.0001,0.2298,0.2518,0.2298,0.2518,1
1.7136,0.8568,0,0,0.8568,2.5704,0,0.8568,0,1.7136,0.8568,0,2.5704,0,0,0.8568,0.8568,1.7136,0,0,0.0001,0.0001,0,0,0.0001,0.0002,0,0.0001,0,0.0001,0.0001,0,0.0002,0,0,0.0001,0.0001,0.0001,0,0,0.0556,0.0876,0.0556,0.0876,1
1.3663,0,0,0,0.4554,0,0,0.9109,1.8218,2.7327,0,0,0.4554,0,2.2772,0,0,0.4554,0,0,0.0002,0,0,0,0.0001,0,0,0.0001,0.0002,0.0004,0,0,0.0001,0,0.0003,0,0,0.0001,0,0,0.2285,0.316,0.2285,0.316,1
0,0,0,0,1.2804,0.6402,0.6402,1.9206,0,1.9206,0,0,0,0.6402,5.7618,0,0.6402,0,0,0,0,0,0,0,0.0002,0.0001,0.0001,0.0003,0,0.0003,0,0,0,0.0001,0.0009,0,0.0001,0,0,0,0.1885,0.1713,0.1885,0.1713,1
0.7159,0,0,0,0,2.8635,0.7159,0.7159,0,5.7269,0,0,0,0,0,0.7159,0.7159,0.7159,0,0,0.0001,0,0,0,0,0.0002,0.0001,0.0001,0,0.0005,0,0,0,0,0,0.0001,0.0001,0.0001,0,0,0.1252,0.1589,0.1252,0.1589,1
1.4163,0,0,0,0,0,0,0.7082,0.7082,0.7082,0,0,0,0.7082,0.7082,0,1.4163,0,0,2.1245,0.0002,0,0,0,0,0,0,0.0001,0.0001,0.0001,0,0,0,0.0001,0.0001,0,0.0002,0,0,0.0003,0.1153,0.1766,0.1153,0.1766,1
0,0,0.5735,1.1469,2.2938,1.7204,0,0,0.5735,0,0.5735,1.1469,1.7204,0,0.5735,0.5735,0,0.5735,0,0,0,0,0,0.0001,0.0002,0.0001,0,0,0,0,0,0.0001,0.0001,0,0,0,0,0,0,0,0.2495,0.177,0.2495,0.177,1
0.7451,0,0,0,0,2.9805,0,0,0,5.961,0,0,0.7451,0,0,0.7451,0.7451,2.2354,0,0.7451,0.0001,0,0,0,0,0.0002,0,0,0,0.0004,0,0,0.0001,0,0,0.0001,0.0001,0.0002,0,0.0001,0.0991,0.1558,0.0991,0.1558,1
0,0.6722,1.3443,0.6722,0.6722,0,0,1.3443,0,2.0165,0.6722,0.6722,0.6722,0,0,2.0165,0,0,0,0,0,0,0.0001,0,0,0,0,0.0001,0,0.0001,0,0,0,0,0,0.0001,0,0,0,0,0.1723,0.1556,0.1723,0.1556,1
0,0,0.6763,0.6763,2.0288,1.3525,0,0.6763,0.6763,1.3525,1.3525,0.6763,1.3525,0,0,0.6763,1.3525,0.6763,0.6763,0.6763,0,0,0.0001,0.0001,0.0002,0.0001,0,0.0001,0.0001,0.0001,0.0001,0.0001,0.0001,0,0,0.0001,0.0001,0.0001,0.0001,0.0001,0.181,0.1427,0.181,0.1427,1
1.3924,0.6962,0,0.6962,0.6962,0.6962,0,0.6962,0.6962,0,0,0,0,0.6962,0,0.6962,0,0,1.3924,0,0.0001,0.0001,0,0.0001,0.0001,0.0001,0,0.0001,0.0001,0,0,0,0,0.0001,0,0.0001,0,0,0.0001,0,0.1545,0.1494,0.1545,0.1494,1
0.4525,0,0.9051,1.3576,0.4525,0,0,0.4525,1.8101,0,0,1.3576,0.4525,0.4525,0.4525,0.4525,0.4525,0.9051,0.9051,0.4525,0,0,0.0001,0.0001,0,0,0,0,0.0001,0,0,0.0001,0,0,0,0,0,0.0001,0.0001,0,0.2623,0.2852,0.2623,0.2852,1
0.5538,3.3228,0.5538,1.1076,0.5538,0.5538,0,1.1076,1.6614,0.5538,0,1.1076,1.1076,0,0,1.1076,0.5538,1.6614,0.5538,0.5538,0,0.0001,0,0,0,0,0,0,0.0001,0,0,0,0,0,0,0,0,0.0001,0,0,0.2518,0.1944,0.2518,0.1944,1
0,0,0,0,0,3.3445,0,0,0.8361,0.8361,0,0.8361,1.6723,0,0,1.6723,0.8361,0.8361,0,0,0,0,0,0,0,0.0005,0,0,0.0001,0.0001,0,0.0001,0.0003,0,0,0.0003,0.0001,0.0001,0,0,0.0867,0.0771,0.0867,0.0771,1
0,0,1.3448,0,2.0171,0,0,1.3448,0.6724,0.6724,0.6724,0,0.6724,0,1.3448,0,1.3448,0,0,0,0,0,0.0002,0,0.0003,0,0,0.0002,0.0001,0.0001,0.0001,0,0.0001,0,0.0002,0,0.0002,0,0,0,0.1428,0.1848,0.1428,0.1848,1
0,0,0.5263,0.5263,2.1053,0,0.5263,1.0527,0,2.1053,0,0,3.6843,0,1.0527,0.5263,1.579,0,0.5263,1.0527,0,0,0.0001,0.0001,0.0002,0,0.0001,0.0001,0,0.0002,0,0,0.0004,0,0.0001,0.0001,0.0002,0,0.0001,0.0001,0.2464,0.2273,0.2464,0.2273,1
0,0,0,0,1.5375,1.5375,0,0,0.7688,2.3063,0.7688,0.7688,0,0,0,0.7688,0.7688,0.7688,0,0,0,0,0,0,0.0002,0.0002,0,0,0.0001,0.0003,0.0001,0.0001,0,0,0,0.0001,0.0001,0.0001,0,0,0.103,0.1283,0.103,0.1283,1
0,0.5254,0,1.0507,0.5254,1.0507,0,1.5761,1.0507,2.6268,0,0,2.6268,0,1.5761,0,1.5761,1.0507,0,0,0,0.0001,0,0.0001,0.0001,0.0001,0,0.0002,0.0001,0.0003,0,0,0.0003,0,0.0002,0,0.0002,0.0001,0,0,0.2285,0.2461,0.2285,0.2461,1
0,1.8499,0,0,1.8499,1.8499,0.6166,0,0,0.6166,0.6166,0,1.2333,0,0.6166,0,1.8499,3.6999,1.2333,0,0,0.0001,0,0,0.0001,0.0001,0,0,0,0,0,0,0.0001,0,0,0,0.0001,0.0002,0.0001,0,0.1927,0.1907,0.1927,0.1907,1
0.4416,0.4416,0,0.4416,0.4416,0.4416,0,0.8831,0.4416,1.7662,0.4416,0.8831,0,0.8831,3.974,0.8831,0,0.4416,0,0.4416,0,0,0,0,0,0,0,0.0001,0,0.0002,0,0.0001,0,0.0001,0.0004,0.0001,0,0,0,0,0.2941,0.2644,0.2941,0.2644,1
0.6847,0,0,0,0,0,0.6847,1.3693,0.6847,0.6847,1.3693,0,0,0.6847,1.3693,0,0.6847,0,0.6847,0,0.0001,0,0,0,0,0,0.0001,0.0003,0.0001,0.0001,0.0003,0,0,0.0001,0.0003,0,0.0001,0,0.0001,0,0.1894,0.1259,0.1894,0.1259,1
0.6037,0,1.2073,0.6037,1.2073,3.0183,0,0.6037,0,3.0183,0,0,0.6037,0,0,1.2073,0,0.6037,0,0,0,0,0.0001,0,0.0001,0.0002,0,0,0,0.0002,0,0,0,0,0,0.0001,0,0,0,0,0.1943,0.202,0.1943,0.202,1
1.6455,0,0,0,1.6455,1.6455,1.097,0.5485,0,1.6455,0,1.097,0,0.5485,1.6455,1.6455,0.5485,0,0,0,0.0001,0,0,0,0.0001,0.0001,0.0001,0,0,0.0001,0,0.0001,0,0,0.0001,0.0001,0,0,0,0,0.2229,0.2286,0.2229,0.2286,1
2.3154,0,0.5788,0.5788,0.5788,0,1.7365,1.1577,1.1577,0,0.5788,1.1577,0,0.5788,0,0,1.1577,1.1577,0.5788,0,0.0003,0,0.0001,0.0001,0.0001,0,0.0002,0.0001,0.0001,0,0.0001,0.0001,0,0.0001,0,0,0.0001,0.0001,0.0001,0,0.2413,0.1799,0.2413,0.1799,1
1.6537,0,0,0,0,0.8268,0,0,3.3073,0.8268,0,0,0,0,0,0,0.8268,2.4805,0,0.8268,0.0004,0,0,0,0,0.0002,0,0,0.0007,0.0002,0,0,0,0,0,0,0.0002,0.0005,0,0.0002,0.0703,0.1028,0.0703,0.1028,1
0,0,0.6124,0,0,0.6124,1.8372,0.6124,0,0,1.2248,2.4496,1.2248,0.6124,4.8991,0.6124,1.2248,0,0.6124,0,0,0,0.0001,0,0,0.0001,0.0002,0.0001,0,0,0.0001,0.0002,0.0001,0.0001,0.0005,0.0001,0.0001,0,0.0001,0,0.1739,0.2137,0.1739,0.2137,1
1.5785,0.5262,0,0.5262,0,0,0.5262,0.5262,1.5785,1.0524,0.5262,0,0.5262,0,1.0524,0,0,0,0.5262,0.5262,0.0002,0.0001,0,0.0001,0,0,0.0001,0.0001,0.0002,0.0001,0.0001,0,0.0001,0,0.0001,0,0,0,0.0001,0.0001,0.2231,0.2507,0.2231,0.2507,1
0.6076,0,0.6076,0,0.6076,1.2152,1.2152,1.2152,0.6076,0,0.6076,0.6076,2.4303,0,0.6076,0,1.2152,1.8227,0.6076,0,0.0001,0,0.0001,0,0.0001,0.0001,0.0001,0.0001,0.0001,0,0.0001,0.0001,0.0003,0,0.0001,0,0.0001,0.0002,0.0001,0,0.2337,0.1587,0.2337,0.1587,1
1.7803,0,0.5934,0,0,4.7474,0,0,0.5934,5.9343,0,1.1869,0,0,0,1.1869,0,0,0,0,0.0001,0,0,0,0,0.0002,0,0,0,0.0003,0,0.0001,0,0,0,0.0001,0,0,0,0,0.1514,0.2552,0.1514,0.2552,1
3.02,0,0.4314,0,0.4314,0,0.4314,0.8629,3.8828,1.7257,0.4314,0,0,0,0,0.4314,0,0.8629,0,0,0.0003,0,0,0,0,0,0,0.0001,0.0004,0.0002,0,0,0,0,0,0,0,0.0001,0,0,0.2393,0.3293,0.2393,0.3293,1
0.5856,0,0,0,1.1712,0.5856,0,1.1712,0,0.5856,0.5856,0,0.5856,0.5856,5.8558,0.5856,0.5856,1.1712,1.7567,0,0.0001,0,0,0,0.0001,0.0001,0,0.0001,0,0.0001,0.0001,0,0.0001,0.0001,0.0005,0.0001,0.0001,0.0001,0.0002,0,0.1906,0.2239,0.1906,0.2239,1
0,0,0.4098,3.2785,0,0,0,1.2294,3.2785,0.4098,0.4098,0.4098,0,0.4098,0,0.4098,0.8196,0,0.8196,0.4098,0,0,0,0.0003,0,0,0,0.0001,0.0003,0,0,0,0,0,0,0,0.0001,0,0.0001,0,0.2564,0.3338,0.2564,0.3338,1
1.6898,0,0,0,0,0.5633,0.5633,0,1.1265,0,0,1.1265,2.8163,0,1.6898,0.5633,0,1.1265,0,0.5633,0.0002,0,0,0,0,0.0001,0.0001,0,0.0001,0,0,0.0001,0.0003,0,0.0002,0.0001,0,0.0001,0,0.0001,0.2522,0.1846,0.2522,0.1846,1
0.6529,1.9586,0,0,0,0,0.6529,0.6529,0.6529,1.3057,0.6529,0.6529,0.6529,0.6529,1.3057,0.6529,1.9586,1.3057,0,1.3057,0,0.0001,0,0,0,0,0,0,0,0.0001,0,0,0,0,0.0001,0,0.0001,0.0001,0,0.0001,0.185,0.1622,0.185,0.1622,1
0,0,0,0,2.5935,0,0,0,3.458,3.458,0,0,0.8645,0,0,0,0,0.8645,0,0,0,0,0,0,0.0007,0,0,0,0.001,0.001,0,0,0.0002,0,0,0,0,0.0002,0,0,0.0523,0.0832,0.0523,0.0832,1
2.5124,0,0,0,0,0,0,0,3.3499,0.8375,0,0,0,0,0,0,0.8375,3.3499,0,0.8375,0.0006,0,0,0,0,0,0,0,0.0009,0.0002,0,0,0,0,0,0,0.0002,0.0009,0,0.0002,0.0605,0.1021,0.0605,0.1021,1
0,0,0.4964,0.9929,0.9929,0.4964,0,0,1.4893,1.9857,0,0.4964,0,0.4964,1.4893,0,0,0.9929,0,0,0,0,0,0.0001,0.0001,0,0,0,0.0001,0.0002,0,0,0,0,0.0001,0,0,0.0001,0,0,0.2313,0.2723,0.2313,0.2723,1
0.5657,0,1.1314,0,1.1314,0.5657,0.5657,0,1.1314,0.5657,0,1.1314,0.5657,0,0.5657,0.5657,0.5657,0.5657,0,0.5657,0.0001,0,0.0001,0,0.0001,0.0001,0.0001,0,0.0001,0.0001,0,0.0001,0.0001,0,0.0001,0.0001,0.0001,0.0001,0,0.0001,0.1924,0.2419,0.1924,0.2419,1
2.2755,0,0,0,0,0,0,0,3.7926,0.7585,0,0.7585,0,0,0,0,0.7585,1.517,0,0.7585,0.0004,0,0,0,0,0,0,0,0.0006,0.0001,0,0.0001,0,0,0,0,0.0001,0.0003,0,0.0001,0.1306,0.1109,0.1306,0.1109,1
1.6054,0,0.5351,1.0703,0.5351,0,0,0,1.0703,1.0703,0,0.5351,1.6054,1.6054,0.5351,0.5351,0.5351,1.0703,0,0,0.0002,0,0.0001,0.0001,0.0001,0,0,0,0.0001,0.0001,0,0.0001,0.0002,0.0002,0.0001,0.0001,0.0001,0.0001,0,0,0.2342,0.2307,0.2342,0.2307,1
0.7079,0,0,0,0,0,0,2.1237,0.7079,1.4158,0.7079,0.7079,0,0,0.7079,0,0,0,0,1.4158,0.0001,0,0,0,0,0,0,0.0004,0.0001,0.0003,0.0001,0.0001,0,0,0.0001,0,0,0,0,0.0003,0.1455,0.1466,0.1455,0.1466,1
0.8329,0,0,0,0,0.8329,0,0,3.3317,1.6658,0,0,0,0,0,0,0.8329,2.4987,0,0.8329,0.0002,0,0,0,0,0.0002,0,0,0.0008,0.0004,0,0,0,0,0,0,0.0002,0.0006,0,0.0002,0.0617,0.1054,0.0617,0.1054,1
0,0,0,0,1.8003,0,0,1.2002,2.4003,0.6001,0.6001,0,0,0,1.8003,0,0,0.6001,0,0.6001,0,0,0,0,0.0004,0,0,0.0003,0.0005,0.0001,0.0001,0,0,0,0.0004,0,0,0.0001,0,0.0001,0.3428,0.0571,0.3428,0.0571,1
2.3233,0,0.7744,0,0,0,0.7744,0.7744,0,1.5489,0,0,0,0.7744,0,1.5489,0,0,0,2.3233,0.0002,0,0.0001,0,0,0,0.0001,0.0001,0,0.0002,0,0,0,0.0001,0,0.0002,0,0,0,0.0002,0.1136,0.1119,0.1136,0.1119,1
0.5062,0,0.5062,0,0,0.5062,1.0124,0,0.5062,0.5062,1.0124,1.5186,0.5062,0,2.0248,1.0124,1.5186,2.0248,0.5062,0.5062,0,0,0,0,0,0,0.0001,0,0,0,0.0001,0.0001,0,0,0.0002,0.0001,0.0001,0.0002,0,0,0.2614,0.2324,0.2614,0.2324,1
0.6754,0,0.6754,0,0,1.3509,0,0.6754,0.6754,4.0526,0,1.3509,0,0,0,0,0,0,0,0,0.0001,0,0.0001,0,0,0.0001,0,0.0001,0.0001,0.0003,0,0.0001,0,0,0,0,0,0,0,0,0.1542,0.1704,0.1542,0.1704,1
0.7073,0.7073,0,1.4146,2.122,0.7073,0,0.7073,0,0.7073,1.4146,0.7073,0,0,0,0,1.4146,0,0,0,0.0001,0.0001,0,0.0001,0.0002,0.0001,0,0.0001,0,0.0001,0.0001,0.0001,0,0,0,0,0.0001,0,0,0,0.1465,0.1462,0.1465,0.1462,1
0.5573,0,0,0.5573,0.5573,1.1146,0.5573,0.5573,1.1146,0.5573,0,0.5573,1.1146,0,0.5573,1.1146,1.1146,0.5573,0,1.1146,0.0001,0,0,0.0001,0.0001,0.0001,0.0001,0.0001,0.0001,0.0001,0,0.0001,0.0001,0,0.0001,0.0001,0.0001,0.0001,0,0.0001,0.208,0.2347,0.208,0.2347,1
0.4422,0,0.4422,3.0953,0,0,0.4422,0.8844,3.0953,0.8844,0.4422,0,0,0,0,0.4422,0,0,0.8844,0.4422,0,0,0,0.0003,0,0,0,0.0001,0.0003,0.0001,0,0,0,0,0,0,0,0,0.0001,0,0.2847,0.2731,0.2847,0.2731,1
0.4701,0.4701,0.4701,0,0.4701,0.4701,0,0,0.4701,2.3507,0,0.4701,0.4701,0,2.3507,0,0,0.9403,0.9403,0,0,0,0,0,0,0,0,0,0,0.0002,0,0,0,0,0.0002,0,0,0.0001,0.0001,0,0.2738,0.256,0.2738,0.256,1
1.2495,0,0,0,0.6247,0,0.6247,0.6247,1.2495,0.6247,0,1.2495,1.2495,1.2495,1.8742,0.6247,0,1.2495,0,0.6247,0.0001,0,0,0,0.0001,0,0.0001,0.0001,0.0001,0.0001,0,0.0001,0.0001,0.0001,0.0002,0.0001,0,0.0001,0,0.0001,0.1913,0.184,0.1913,0.184,1
0.7191,0,0,0,0.7191,0,0.7191,2.8763,0.7191,0,0,0.7191,0.7191,0,0,0,1.4382,0.7191,0,1.4382,0.0001,0,0,0,0.0001,0,0.0001,0.0004,0.0001,0,0,0.0001,0.0001,0,0,0,0.0002,0.0001,0,0.0002,0.1533,0.1276,0.1533,0.1276,1
2.9743,1.1897,0.5949,0,0,2.9743,0.5949,0,0.5949,2.3794,2.3794,0,0,0,0.5949,0,2.3794,0.5949,0,0,0.0002,0.0001,0,0,0,0.0002,0,0,0,0.0001,0.0001,0,0,0,0,0,0.0001,0,0,0,0.205,0.2001,0.205,0.2001,1
4.9768,0,0,0,0,0,0,0,1.4219,2.8439,0.711,0,1.4219,0,2.1329,0,0,0.711,0,0,0.0007,0,0,0,0,0,0,0,0.0002,0.0004,0.0001,0,0.0002,0,0.0003,0,0,0.0001,0,0,0.1392,0.1498,0.1392,0.1498,1
0.6665,0,0,0,0,0.6665,0,0,0.6665,0.6665,0.6665,0,3.3326,0,1.333,0.6665,0,0,0.6665,0,0.0001,0,0,0,0,0.0001,0,0,0.0001,0.0001,0.0001,0,0.0004,0,0.0002,0.0001,0,0,0.0001,0,0.192,0.1415,0.192,0.1415,1
0.581,3.4858,0,0,0.581,1.7429,0.581,0.581,1.1619,0,0.581,0.581,1.1619,0,0.581,1.7429,1.1619,2.3239,0,0.581,0,0.0001,0,0,0,0.0001,0,0,0,0,0,0,0,0,0,0.0001,0,0.0001,0,0,0.2232,0.1958,0.2232,0.1958,1
0.7667,0,0,0,0.7667,1.5335,0,0.7667,0.7667,3.0669,0,0,0.7667,0,0,0,0,1.5335,0,0,0.0001,0,0,0,0.0001,0.0002,0,0.0001,0.0001,0.0004,0,0,0.0001,0,0,0,0,0.0002,0,0,0.1048,0.1284,0.1048,0.1284,1
0,0,0.747,0,0.747,0,0,0,0.747,3.7348,0.747,0.747,0.747,0,0,0,0.747,0,0,0.747,0,0,0.0001,0,0.0001,0,0,0,0.0001,0.0006,0.0001,0.0001,0.0001,0,0,0,0.0001,0,0,0.0001,0.1434,0.1097,0.1434,0.1097,1
1.0963,0,0,0.5481,0.5481,1.0963,1.0963,0.5481,1.6444,2.1926,0,0,1.0963,0,0,0.5481,0,3.2889,0,0,0.0001,0,0,0,0,0.0001,0.0001,0,0.0001,0.0002,0,0,0.0001,0,0,0,0,0.0003,0,0,0.1942,0.2576,0.1942,0.2576,1
0,0.5332,1.5995,0.5332,0.5332,0,0,0.5332,0.5332,2.1327,0,0,0,0,0.5332,1.0663,0,0,1.5995,0,0,0,0.0001,0,0,0,0,0,0,0.0001,0,0,0,0,0,0.0001,0,0,0.0001,0,0.2312,0.2356,0.2312,0.2356,1
1.3742,0,2.7485,0,0,0.6871,0,0,0,0.6871,0,0.6871,0,0,0,0,0.6871,2.7485,0,0,0.0001,0,0.0003,0,0,0.0001,0,0,0,0.0001,0,0.0001,0,0,0,0,0.0001,0.0003,0,0,0.1939,0.119,0.1939,0.119,1
0.9169,0.4584,0.4584,0.4584,0.9169,0,0.4584,0.4584,1.8337,0,0,0,0.9169,1.3753,0.9169,0.4584,0.4584,0.4584,2.2921,0.4584,0.0001,0,0,0,0.0001,0,0,0,0.0001,0,0,0,0.0001,0.0001,0.0001,0,0,0,0.0002,0,0.2571,0.2844,0.2571,0.2844,1
4.406,0,0,0.7343,0,0,0,0,1.4687,3.6717,0,0,1.4687,0,1.4687,0,0,1.4687,0,0,0.0006,0,0,0.0001,0,0,0,0,0.0002,0.0005,0,0,0.0002,0,0.0002,0,0,0.0002,0,0,0.1167,0.1489,0.1167,0.1489,1
0,0,0.5976,0.5976,0,0.5976,1.1952,0.5976,1.1952,1.7927,1.1952,0.5976,0,0,0,0,0.5976,1.1952,0,0.5976,0,0,0.0001,0.0001,0,0.0001,0.0001,0.0001,0.0001,0.0002,0.0001,0.0001,0,0,0,0,0.0001,0.0001,0,0.0001,0.18,0.2224,0.18,0.2224,1
0,0,0,0.6423,0.6423,0.6423,0.6423,0.6423,0,0,0,0,0.6423,0.6423,1.2847,1.2847,1.2847,0.6423,0,0.6423,0,0,0,0.0001,0.0001,0.0001,0.0001,0.0001,0,0,0,0,0.0001,0.0001,0.0002,0.0002,0.0002,0.0001,0,0.0001,0.1968,0.1609,0.1968,0.1609,1
0,0.5743,0.5743,0,0,0,0.5743,0.5743,0.5743,0,0.5743,1.7228,0,0,2.2971,0.5743,0,1.7228,0,0,0,0.0001,0.0001,0,0,0,0.0001,0.0001,0.0001,0,0.0001,0.0002,0,0,0.0002,0.0001,0,0.0002,0,0,0.2265,0.1993,0.2265,0.1993,1
0.5486,1.0973,0.5486,0.5486,0.5486,0,0.5486,0,0.5486,0,2.1945,0.5486,0.5486,0,0.5486,0.5486,1.6459,0,0.5486,0,0,0.0001,0,0,0,0,0,0,0,0,0.0002,0,0,0,0,0,0.0001,0,0,0,0.2028,0.2486,0.2028,0.2486,1
0,0,0.6003,0,0.6003,0.6003,1.2005,1.2005,1.2005,1.8008,0,0.6003,1.8008,0,0,0,0,0.6003,1.8008,0,0,0,0.0001,0,0.0001,0.0001,0.0001,0.0001,0.0001,0.0002,0,0.0001,0.0002,0,0,0,0,0.0001,0.0002,0,0.1847,0.215,0.1847,0.215,1
0.9476,0,0,0.9476,0.9476,0.4738,0.4738,0.9476,0.4738,1.8951,0.4738,0,0,0.4738,4.7378,0,0,0.4738,0,0,0.0001,0,0,0.0001,0.0001,0.0001,0.0001,0.0001,0.0001,0.0002,0.0001,0,0,0.0001,0.0005,0,0,0.0001,0,0,0.2376,0.2886,0.2376,0.2886,1
1.0465,0,0.5232,1.5697,0.5232,0,0,1.0465,0.5232,2.6162,0,1.0465,0,2.093,1.0465,1.0465,0,0,0.5232,0,0.0001,0,0,0.0001,0,0,0,0.0001,0,0.0002,0,0.0001,0,0.0002,0.0001,0.0001,0,0,0,0,0.2299,0.2468,0.2299,0.2468,1
0,0.8105,1.621,0,0.8105,0,0,1.621,0,0.8105,0.8105,0,0.8105,0,0,1.621,0,0,0,0,0,0.0001,0.0001,0,0.0001,0,0,0.0001,0,0.0001,0.0001,0,0.0001,0,0,0.0001,0,0,0,0,0.1077,0.0818,0.1077,0.0818,1
0.4583,0,0,0,1.3748,0.4583,0,0.4583,2.7497,1.8331,0,0.4583,0.4583,0,1.8331,0,0.4583,0.9166,0,0.9166,0,0,0,0,0.0001,0,0,0,0.0003,0.0002,0,0,0,0,0.0002,0,0,0.0001,0,0.0001,0.3236,0.2181,0.3236,0.2181,1
1.7035,0,0,0,0,0,0,0,3.407,3.407,0,0,0,0,0,0,0.8517,1.7035,0,0,0.0004,0,0,0,0,0,0,0,0.0008,0.0008,0,0,0,0,0,0,0.0002,0.0004,0,0,0.0527,0.0956,0.0527,0.0956,1
0.5196,0,0.5196,1.0393,0.5196,0.5196,1.0393,1.0393,1.5589,1.0393,0.5196,1.5589,0,0.5196,0,0,1.0393,2.0785,0,1.0393,0,0,0,0.0001,0,0,0.0001,0.0001,0.0001,0.0001,0,0.0001,0,0,0,0,0.0001,0.0002,0,0.0001,0.2901,0.1903,0.2901,0.1903,1
0,0.5695,1.139,1.139,0,1.139,0,1.139,0.5695,0,0.5695,0,0.5695,0.5695,0,3.4171,1.139,1.7085,0,0.5695,0,0,0.0001,0.0001,0,0.0001,0,0.0001,0,0,0,0,0,0,0,0.0002,0.0001,0.0001,0,0,0.2188,0.2117,0.2188,0.2117,1
0,0.5355,0,0,0,2.142,0,0,0,0.5355,1.071,0,0,0.5355,3.7484,0.5355,0,0,0,0,0,0.0001,0,0,0,0.0002,0,0,0,0.0001,0.0001,0,0,0.0001,0.0004,0.0001,0,0,0,0,0.2348,0.2297,0.2348,0.2297,1
1.1061,0.5531,0.5531,0,0.5531,2.2123,0,0,0,1.6592,0,0.5531,0.5531,0,2.2123,0.5531,1.1061,0.5531,1.1061,0.5531,0.0001,0,0,0,0,0.0001,0,0,0,0.0001,0,0,0,0,0.0001,0,0.0001,0,0.0001,0,0.2054,0.2416,0.2054,0.2416,1
0.8454,0,0,0,0.8454,0,0,0,3.3818,0.8454,0,0,0.8454,0,0,0,0.8454,2.5363,0,0.8454,0.0002,0,0,0,0.0002,0,0,0,0.001,0.0002,0,0,0.0002,0,0,0,0.0002,0.0007,0,0.0002,0.0557,0.0988,0.0557,0.0988,1
1.0777,0,0,0,0,1.0777,0,0,2.1554,0,0.5388,1.0777,1.6165,0,1.6165,0,0.5388,1.0777,0.5388,0,0.0001,0,0,0,0,0.0001,0,0,0.0002,0,0.0001,0.0001,0.0002,0,0.0002,0,0.0001,0.0001,0.0001,0,0.2071,0.254,0.2071,0.254,1
1.0638,0,0.5319,0.5319,0.5319,2.1275,1.0638,0,0.5319,0,0,0.5319,1.5956,0,1.0638,0.5319,1.0638,1.0638,0.5319,0,0.0001,0,0.0001,0.0001,0.0001,0.0002,0.0001,0,0.0001,0,0,0.0001,0.0002,0,0.0001,0.0001,0.0001,0.0001,0.0001,0,0.2708,0.1973,0.2708,0.1973,1
0,1.6204,1.6204,0,1.0803,1.0803,0,0.5401,0,0,0.5401,0,0.5401,0,2.1606,0,0.5401,2.1606,0.5401,0,0,0.0001,0.0001,0,0,0,0,0,0,0,0,0,0,0,0.0001,0,0,0.0001,0,0,0.2047,0.2551,0.2047,0.2551,1
0,0,0.4882,0.4882,0.4882,0.4882,0,0.4882,1.4647,1.9529,0.4882,0.4882,0,0.4882,1.4647,0,0,0.4882,0.4882,0,0,0,0,0,0,0,0,0,0.0001,0.0002,0,0,0,0,0.0001,0,0,0,0,0,0.2349,0.2768,0.2349,0.2768,1
0.601,1.2021,0,1.8031,0,1.2021,0,1.2021,0.601,0.601,0,0,0.601,0.601,0.601,0,0.601,1.2021,0,0,0.0001,0.0001,0,0.0002,0,0.0001,0,0.0001,0.0001,0.0001,0,0,0.0001,0.0001,0.0001,0,0.0001,0.0001,0,0,0.2294,0.1696,0.2294,0.1696,1
0.5885,0.5885,1.177,0,0,2.3541,0.5885,0,0,1.7656,0,0.5885,0.5885,0.5885,0.5885,0.5885,2.3541,1.7656,0,0.5885,0,0,0.0001,0,0,0.0002,0,0,0,0.0001,0,0,0,0,0,0,0.0002,0.0001,0,0,0.2231,0.1884,0.2231,0.1884,1
2.0451,0,0.6817,0,0.6817,1.3634,0,0,0.6817,4.0903,0,0,0,0,0,0,0,0,0,0,0.0002,0,0.0001,0,0.0001,0.0001,0,0,0.0001,0.0004,0,0,0,0,0,0,0,0,0,0,0.1611,0.1572,0.1611,0.1572,1
0.6309,0,0,0,0.6309,0,0,1.2618,0,0,0,1.2618,0,0,1.8927,0,1.8927,2.5236,0,0.6309,0.0001,0,0,0,0.0001,0,0,0.0002,0,0,0,0.0002,0,0,0.0002,0,0.0002,0.0003,0,0.0001,0.2018,0.1673,0.2018,0.1673,1
0.8497,0,0,0,0,0.8497,0,0,3.3989,0.8497,0.8497,0,0,0,0,0,0.8497,3.3989,0,0,0.0002,0,0,0,0,0.0002,0,0,0.0009,0.0002,0.0002,0,0,0,0,0,0.0002,0.0009,0,0,0.0503,0.1,0.0503,0.1,1
2.2165,0.5541,0,1.1082,0,0,1.1082,0,0.5541,0,0.5541,0,0,0.5541,1.1082,1.1082,1.1082,1.6624,0,0.5541,0.0002,0.0001,0,0.0001,0,0,0.0001,0,0.0001,0,0.0001,0,0,0.0001,0.0001,0.0001,0.0001,0.0002,0,0.0001,0.2108,0.2351,0.2108,0.2351,1
2.5584,0,0,0,0,0,0.5117,2.0467,4.0934,0,0,0,0,0,0,0,0,0.5117,0.5117,0,0.0004,0,0,0,0,0,0.0001,0.0003,0.0006,0,0,0,0,0,0,0,0,0.0001,0.0001,0,0.1853,0.303,0.1853,0.303,1
0,0,0,0,0,3.5932,1.4373,0,0,0.7186,0,1.4373,0,0,0,1.4373,0,0.7186,0,0,0,0,0,0,0,0.0005,0.0002,0,0,0.0001,0,0.0002,0,0,0,0.0002,0,0.0001,0,0,0.1485,0.1329,0.1485,0.1329,1
1.3805,0.6902,0.6902,0,0,2.0707,0,0,0.6902,1.3805,1.3805,0.6902,0.6902,0.6902,0,0.6902,0,2.0707,0.6902,0,0.0001,0,0,0,0,0.0001,0,0,0,0.0001,0.0001,0,0,0,0,0,0,0.0001,0,0,0.1652,0.1446,0.1652,0.1446,1
1.6801,0,0,0,0.8401,0,0,0,3.3602,0.8401,0,0,0,0,0,0,0.8401,2.5202,0,0.8401,0.0005,0,0,0,0.0002,0,0,0,0.0009,0.0002,0,0,0,0,0,0,0.0002,0.0007,0,0.0002,0.0549,0.105,0.0549,0.105,1
1.3984,0,0.9323,0.9323,0,0,0,1.8645,2.3307,1.3984,0.9323,1.3984,0.4661,0,0.4661,0.9323,0,0.4661,0,0,0.0001,0,0.0001,0.0001,0,0,0,0.0001,0.0002,0.0001,0.0001,0.0001,0,0,0,0.0001,0,0,0,0,0.2695,0.2643,0.2695,0.2643,1
0.7322,0,0,0,0.7322,0,0.7322,0,1.4644,0.7322,0.7322,0,0,0,1.4644,0.7322,0,0,0,0,0.0002,0,0,0,0.0002,0,0.0002,0,0.0004,0.0002,0.0002,0,0,0,0.0004,0.0002,0,0,0,0,0.174,0.0938,0.174,0.0938,1
2.6756,0,0.5351,0,2.1405,3.2108,0.5351,0,0.5351,0.5351,0.5351,0,0,0.5351,0,1.0703,0.5351,2.6756,0.5351,0,0.0002,0,0,0,0.0001,0.0002,0,0,0,0,0,0,0,0,0,0.0001,0,0.0002,0,0,0.2505,0.2144,0.2505,0.2144,1
1.3282,0,1.3282,0.6641,1.9924,0.6641,0,0,0,0.6641,0,1.3282,0.6641,0,0,1.3282,0,0.6641,0,0,0.0001,0,0.0001,0.0001,0.0002,0.0001,0,0,0,0.0001,0,0.0001,0.0001,0,0,0.0001,0,0.0001,0,0,0.2129,0.123,0.2129,0.123,1
0.9889,0,0.4945,0,1.9778,0,0,0,2.4723,0.9889,0,0,0.4945,0,1.4834,0,0,0.4945,0,0.9889,0.0001,0,0.0001,0,0.0002,0,0,0,0.0003,0.0001,0,0,0.0001,0,0.0002,0,0,0.0001,0,0.0001,0.3132,0.1923,0.3132,0.1923,1
1.1331,0,0,0,0.5666,0.5666,0.5666,0,0.5666,0.5666,1.1331,0.5666,1.6997,0,1.1331,1.6997,0.5666,1.1331,0,2.2662,0.0001,0,0,0,0.0001,0.0001,0.0001,0,0.0001,0.0001,0.0001,0.0001,0.0002,0,0.0001,0.0002,0.0001,0.0001,0,0.0002,0.2276,0.2059,0.2276,0.2059,1
1.3837,0,0,0,0,0,0,1.845,2.3062,1.3837,0,0,0,0,1.3837,0,0.4612,2.3062,0,0,0.0002,0,0,0,0,0,0,0.0002,0.0003,0.0002,0,0,0,0,0.0002,0,0.0001,0.0003,0,0,0.2246,0.3142,0.2246,0.3142,1
1.4823,0,1.4823,0,0.7412,0,0,0,1.4823,1.4823,0.7412,0,0,0,0,0,0.7412,1.4823,0,0.7412,0.0002,0,0.0002,0,0.0001,0,0,0,0.0002,0.0002,0.0001,0,0,0,0,0,0.0001,0.0002,0,0.0001,0.1376,0.1212,0.1376,0.1212,1
1.1359,0.5679,0,0,0,0.5679,0.5679,1.1359,1.7038,0.5679,0.5679,1.1359,0.5679,0.5679,0,0.5679,2.2718,2.2718,0.5679,1.1359,0.0001,0,0,0,0,0,0,0.0001,0.0001,0,0,0.0001,0,0,0,0,0.0002,0.0002,0,0.0001,0.2381,0.1939,0.2381,0.1939,1
1.131,0,1.131,0,0.5655,5.0896,0,0,0,5.0896,0,1.6965,0,0,0,1.6965,0.5655,0,0,0,0.0001,0,0.0001,0,0,0.0002,0,0,0,0.0002,0,0.0001,0,0,0,0.0001,0,0,0,0,0.1852,0.2493,0.1852,0.2493,1
1.379,0,0,0,0.4597,0.4597,0,0.4597,2.2984,0.4597,0,0,0,0,2.2984,0.9194,0,0.9194,0,0.9194,0.0002,0,0,0,0.0001,0.0001,0,0.0001,0.0003,0.0001,0,0,0,0,0.0003,0.0001,0,0.0001,0,0.0001,0.2264,0.3139,0.2264,0.3139,1
1.2374,0,1.2374,0,0.6187,1.2374,0,0,0.6187,1.2374,0.6187,0.6187,0.6187,0,0.6187,0.6187,0,0,0,0,0.0001,0,0.0001,0,0.0001,0.0001,0,0,0.0001,0.0001,0.0001,0.0001,0.0001,0,0.0001,0.0001,0,0,0,0,0.1695,0.2118,0.1695,0.2118,1
3.2175,0,1.6088,0,0.8044,0,0,0,0,0,0.8044,0,0,0,0,2.4131,0,1.6088,0,1.6088,0.0004,0,0.0002,0,0.0001,0,0,0,0,0,0.0001,0,0,0,0,0.0003,0,0.0002,0,0.0002,0.1146,0.081,0.1146,0.081,1
5.1387,0,0.5139,0,0,0,0,0,2.0555,3.5971,0,1.5416,0,0,0,0,0.5139,1.0277,0.5139,0,0.0004,0,0,0,0,0,0,0,0.0002,0.0003,0,0.0001,0,0,0,0,0,0.0001,0,0,0.2078,0.2783,0.2078,0.2783,1
0,0.5604,0.5604,0,0.5604,0.5604,0.5604,0,1.1207,0,0.5604,0,1.6811,0.5604,0.5604,2.2414,0.5604,1.1207,1.1207,0.5604,0,0,0,0,0,0,0,0,0.0001,0,0,0,0.0001,0,0,0.0001,0,0.0001,0.0001,0,0.2188,0.2209,0.2188,0.2209,1
0.6059,0.6059,1.2119,0,0.6059,0,0,1.2119,0.6059,1.2119,1.2119,0,0,0,0.6059,0.6059,0.6059,0,1.8178,0,0,0,0.0001,0,0,0,0,0.0001,0,0.0001,0.0001,0,0,0,0,0,0,0,0.0001,0,0.2314,0.1627,0.2314,0.1627,1
0,3.6639,0,0.6106,0.6106,3.6639,0,0,0,1.2213,0,1.8319,1.8319,0,0.6106,0,3.0532,0.6106,0.6106,0,0,0.0001,0,0,0,0.0001,0,0,0,0,0,0.0001,0.0001,0,0,0,0.0001,0,0,0,0.2016,0.1878,0.2016,0.1878,1
0.5907,0.5907,0.5907,0,0,1.7722,0,0,0.5907,0,0.5907,0.5907,0.5907,0.5907,1.7722,1.1814,0,0,0,0.5907,0.0001,0.0001,0.0001,0,0,0.0002,0,0,0.0001,0,0.0001,0.0001,0.0001,0.0001,0.0002,0.0001,0,0,0,0.0001,0.2021,0.2072,0.2021,0.2072,1
0.5294,0.5294,0,0.5294,0,1.0588,0,0.5294,1.5881,1.5881,0.5294,0,0,0.5294,1.0588,0.5294,1.0588,2.6469,0.5294,0.5294,0,0,0,0,0,0.0001,0,0,0.0001,0.0001,0,0,0,0,0.0001,0,0.0001,0.0002,0,0,0.232,0.2386,0.232,0.2386,1
0.5327,0,0,0.5327,0.5327,0,1.0655,0,2.6637,0,0.5327,0.5327,1.5982,0.5327,2.6637,1.0655,1.5982,1.0655,0,0,0.0001,0,0,0.0001,0.0001,0,0.0001,0,0.0003,0,0.0001,0.0001,0.0002,0.0001,0.0003,0.0001,0.0002,0.0001,0,0,0.2338,0.2334,0.2338,0.2334,1
2.1803,0.7268,0,0,0,0,0,1.4535,0,1.4535,0,0.7268,0,0,1.4535,0,0.7268,0,0,0,0.0002,0.0001,0,0,0,0,0,0.0001,0,0.0001,0,0.0001,0,0,0.0001,0,0.0001,0,0,0,0.1615,0.1118,0.1615,0.1118,1
1.6929,0,0.5643,0.5643,0,1.1286,0,0.5643,1.1286,1.1286,1.1286,0,0,0,1.1286,0.5643,0,1.1286,0,0.5643,0.0002,0,0.0001,0.0001,0,0.0001,0,0.0001,0.0001,0.0001,0.0001,0,0,0,0.0001,0.0001,0,0.0001,0,0.0001,0.1922,0.2435,0.1922,0.2435,1
0.4392,0,0.8785,0,0,2.1962,0,0,1.3177,0.4392,0.4392,0.8785,0,0,1.757,1.3177,1.3177,0,0.4392,0.8785,0,0,0.0001,0,0,0.0002,0,0,0.0001,0,0,0.0001,0,0,0.0001,0.0001,0.0001,0,0,0.0001,0.2844,0.2763,0.2844,0.2763,1
2.8174,1.127,0.5635,0,0.5635,0.5635,1.127,1.127,1.127,0.5635,0.5635,0,0.5635,0,0,0.5635,0,1.6904,0,0,0.0002,0.0001,0,0,0,0,0.0001,0.0001,0.0001,0,0,0,0,0,0,0,0,0.0001,0,0,0.24,0.1965,0.24,0.1965,1
1.5511,0.517,1.0341,1.0341,0.517,0,0.517,0.517,0.517,0.517,0,1.0341,1.0341,0,0,1.0341,0,1.5511,0.517,0.517,0.0001,0,0.0001,0.0001,0,0,0,0,0,0,0,0.0001,0.0001,0,0,0.0001,0,0.0001,0,0,0.258,0.225,0.258,0.225,1
2.6594,0,0,0,0,1.3297,0,0,0.6648,0.6648,0,0,0.6648,0,1.3297,0,0,0.6648,1.3297,0.6648,0.0003,0,0,0,0,0.0002,0,0,0.0001,0.0001,0,0,0.0001,0,0.0002,0,0,0.0001,0.0002,0.0001,0.2134,0.1218,0.2134,0.1218,1
1.672,0,0,0,0.836,0,0,0,3.344,2.508,0,0,0,0,0,0,0,1.672,0,0.836,0.0004,0,0,0,0.0002,0,0,0,0.0008,0.0006,0,0,0,0,0,0,0,0.0004,0,0.0002,0.0831,0.0809,0.0831,0.0809,1
0.5646,0.5646,0.5646,0,0.5646,1.1291,0.5646,1.1291,1.1291,0.5646,0,0,1.6937,0,1.1291,0.5646,2.8228,1.6937,0,1.1291,0,0,0,0,0,0.0001,0,0.0001,0.0001,0,0,0,0.0001,0,0.0001,0,0.0002,0.0001,0,0.0001,0.2101,0.2254,0.2101,0.2254,1
1.2523,0.6261,0,1.2523,0.6261,1.2523,0,0,0,2.5045,0,0,0.6261,1.2523,0.6261,0.6261,0,0.6261,0,0,0.0001,0.0001,0,0.0001,0.0001,0.0001,0,0,0,0.0002,0,0,0.0001,0.0001,0.0001,0.0001,0,0.0001,0,0,0.1803,0.1936,0.1803,0.1936,1
0.5346,0,0,0.5346,1.0691,2.1382,0.5346,1.6037,1.0691,0,0,0.5346,0.5346,0,2.1382,0,1.0691,2.1382,0,0.5346,0,0,0,0,0.0001,0.0002,0,0.0001,0.0001,0,0,0,0,0,0.0002,0,0.0001,0.0002,0,0,0.2433,0.2221,0.2433,0.2221,1
0.6426,0.6426,0,1.2853,0,2.5706,0,0.6426,0,2.5706,0,1.2853,0.6426,0,1.2853,1.2853,0.6426,1.2853,0,0,0,0,0,0.0001,0,0.0002,0,0,0,0.0002,0,0.0001,0,0,0.0001,0.0001,0,0.0001,0,0,0.158,0.1993,0.158,0.1993,1
0,1.8691,0.623,0.623,0,0,1.2461,0,0,0,0.623,1.8691,0.623,0,0.623,0,0,1.2461,0,0,0,0.0002,0.0001,0.0001,0,0,0.0001,0,0,0,0.0001,0.0002,0.0001,0,0.0001,0,0,0.0001,0,0,0.1738,0.2032,0.1738,0.2032,1
0.6354,0.6354,1.2709,0,0,0.6354,0,1.9063,0.6354,0,0,0,1.2709,0,0.6354,0,3.8126,1.2709,0,0.6354,0.0001,0.0001,0.0001,0,0,0.0001,0,0.0002,0.0001,0,0,0,0.0001,0,0.0001,0,0.0003,0.0001,0,0.0001,0.174,0.1906,0.174,0.1906,1
0,0,0,0,0.6384,0,0.6384,1.2767,1.9151,1.2767,0,0,1.2767,0,0.6384,0.6384,0.6384,0,0,0,0,0,0,0,0.0001,0,0.0001,0.0002,0.0003,0.0002,0,0,0.0002,0,0.0001,0.0001,0.0001,0,0,0,0.2534,0.1083,0.2534,0.1083,1
2.0123,0,2.0123,0,0,0.5031,0,1.5092,1.0061,0.5031,1.0061,1.0061,0,1.5092,0.5031,0.5031,1.0061,1.0061,0,0,0.0001,0,0.0001,0,0,0,0,0.0001,0.0001,0,0.0001,0.0001,0,0.0001,0,0,0.0001,0.0001,0,0,0.2587,0.2382,0.2587,0.2382,1
1.5578,0,0.5193,0,1.5578,3.1156,0.5193,0.5193,0.5193,0.5193,0.5193,0.5193,0,0.5193,0,1.5578,0,2.5964,0.5193,0.5193,0.0001,0,0,0,0.0001,0.0002,0,0,0,0,0,0,0,0,0,0.0001,0,0.0001,0,0,0.2517,0.229,0.2517,0.229,1
0.9798,0.9798,0.9798,0,0,0,0.4899,0.9798,1.9597,0.4899,1.4698,1.9597,0,0.4899,0,0.9798,1.9597,0.4899,0.4899,0,0.0001,0.0001,0.0001,0,0,0,0,0.0001,0.0001,0,0.0001,0.0001,0,0,0,0.0001,0.0001,0,0,0,0.2778,0.2323,0.2778,0.2323,1
0,0.922,0.922,0,0.461,0,0,0,1.844,0.461,0.461,1.383,0.461,0,0.922,0.922,2.305,0.922,0,0.461,0,0.0001,0.0001,0,0,0,0,0,0.0001,0,0,0.0001,0,0,0.0001,0.0001,0.0002,0.0001,0,0,0.2435,0.2955,0.2435,0.2955,1
0.6104,0.6104,0,0,0,2.4416,0.6104,0.6104,1.8312,3.052,0,1.2208,1.2208,0,0,1.2208,0,1.8312,0,0,0,0,0,0,0,0.0002,0,0,0.0001,0.0002,0,0.0001,0.0001,0,0,0.0001,0,0.0001,0,0,0.1633,0.2263,0.1633,0.2263,1
0,0,0.7403,0,0,1.4806,0,0,0.7403,0.7403,0,0,0.7403,0,0,1.4806,0,1.4806,2.2209,0,0,0,0.0001,0,0,0.0002,0,0,0.0001,0.0001,0,0,0.0001,0,0,0.0002,0,0.0002,0.0002,0,0.1349,0.1248,0.1349,0.1248,1
1.5871,0,1.5871,0,0.529,0.529,0,0,0.529,1.0581,1.0581,0,1.5871,0.529,1.0581,0,0.529,0.529,0.529,0,0.0001,0,0.0001,0,0,0,0,0,0,0.0001,0.0001,0,0.0001,0,0.0001,0,0,0,0,0,0.2903,0.1807,0.2903,0.1807,1
1.889,0,1.2594,0,0.6297,0.6297,0,0.6297,0.6297,0.6297,0.6297,0.6297,1.2594,0,0.6297,0,0.6297,1.2594,1.2594,0,0.0002,0,0.0001,0,0.0001,0.0001,0,0.0001,0.0001,0.0001,0.0001,0.0001,0.0001,0,0.0001,0,0.0001,0.0001,0.0001,0,0.1613,0.209,0.1613,0.209,1
0,0,0,0,0,0.7497,0,0.7497,2.9988,0.7497,0,0,0,0,0.7497,0,0,2.9988,0,0.7497,0,0,0,0,0,0.0002,0,0.0002,0.0007,0.0002,0,0,0,0,0.0002,0,0,0.0007,0,0.0002,0.1147,0.1356,0.1147,0.1356,1
0.9366,0,0.4683,1.4049,0.4683,0.9366,0,0.9366,1.4049,0.4683,0.4683,0.9366,0.9366,0,0.4683,0.4683,0,1.8731,0,0.9366,0.0001,0,0,0.0001,0,0.0001,0,0.0001,0.0001,0,0,0.0001,0.0001,0,0,0,0,0.0001,0,0.0001,0.2583,0.2734,0.2583,0.2734,1
0.5948,0,0,0,0,1.1897,0,1.7845,3.5691,0,0,0,0.5948,0.5948,1.1897,0.5948,0.5948,1.7845,0,0,0.0001,0,0,0,0,0.0002,0,0.0002,0.0005,0,0,0,0.0001,0.0001,0.0002,0.0001,0.0001,0.0002,0,0,0.1718,0.2333,0.1718,0.2333,1
0.5679,0,1.1358,0.5679,0.5679,0,0,0.5679,0,0.5679,0,1.1358,0.5679,0,1.7037,0,0,0.5679,0.5679,0,0.0001,0,0.0001,0.0001,0.0001,0,0,0.0001,0,0.0001,0,0.0001,0.0001,0,0.0002,0,0,0.0001,0.0001,0,0.2302,0.2019,0.2302,0.2019,1
1.1304,0,0.5652,0.5652,0.5652,1.6956,0,0,0,0,0,0,0,0.5652,1.6956,0,0,0.5652,0,0.5652,0.0001,0,0.0001,0.0001,0.0001,0.0002,0,0,0,0,0,0,0,0.0001,0.0002,0,0,0.0001,0,0.0001,0.2203,0.2145,0.2203,0.2145,1
2.1048,0.7016,0,0,0.7016,0.7016,0,0,0.7016,0.7016,0,0,0,0,0.7016,0,0,0.7016,0.7016,0.7016,0.0002,0.0001,0,0,0.0001,0.0001,0,0,0.0001,0.0001,0,0,0,0,0.0001,0,0,0.0001,0.0001,0.0001,0.1525,0.1459,0.1525,0.1459,1
0,0,1.4322,0,0,1.4322,0,0.7161,0,0,2.1483,0,2.1483,0,2.8644,0,0,2.1483,0.7161,0,0,0,0.0001,0,0,0.0001,0,0.0001,0,0,0.0002,0,0.0002,0,0.0003,0,0,0.0002,0.0001,0,0.1312,0.1527,0.1312,0.1527,1
0,0.5398,0.5398,0.5398,0.5398,1.0796,0.5398,0,1.6194,0.5398,0.5398,0,2.1592,0,1.0796,0.5398,0.5398,0.5398,0.5398,0,0,0,0,0,0,0.0001,0,0,0.0001,0,0,0,0.0002,0,0.0001,0,0,0,0,0,0.2554,0.2048,0.2554,0.2048,1
2.1146,0,0,1.0573,1.0573,1.0573,1.0573,0.5287,2.1146,0,0.5287,0.5287,0,0,0,0,0.5287,2.1146,0,0,0.0002,0,0,0.0001,0.0001,0.0001,0.0001,0.0001,0.0002,0,0.0001,0.0001,0,0,0,0,0.0001,0.0002,0,0,0.2445,0.2268,0.2445,0.2268,1
1.4006,0,0.7003,0,0,1.4006,0,0.7003,0.7003,0,0.7003,0.7003,1.4006,0,1.4006,0.7003,1.4006,1.4006,0.7003,0,0.0002,0,0.0001,0,0,0.0002,0,0.0001,0.0001,0,0.0001,0.0001,0.0002,0,0.0002,0.0001,0.0002,0.0002,0.0001,0,0.156,0.1437,0.156,0.1437,1
1.1939,0.597,1.1939,0,0,0,1.1939,0.597,0.597,0,0,0.597,0,0,1.7909,0.597,0.597,0,0,0,0.0002,0.0001,0.0002,0,0,0,0.0002,0.0001,0.0001,0,0,0.0001,0,0,0.0002,0.0001,0.0001,0,0,0,0.2519,0.1511,0.2519,0.1511,1
0.6314,0,0,0.6314,1.2628,1.8942,0.6314,1.2628,0,1.2628,1.2628,0.6314,0,0,0.6314,0.6314,1.2628,0,0,1.2628,0.0001,0,0,0.0001,0.0001,0.0002,0.0001,0.0001,0,0.0001,0.0001,0.0001,0,0,0.0001,0.0001,0.0001,0,0,0.0001,0.1791,0.1895,0.1791,0.1895,1
1.2909,0,0,0.6454,0,0,0,0.6454,1.2909,0.6454,0,0.6454,0,1.2909,0.6454,0,0.6454,1.2909,0.6454,0.6454,0.0002,0,0,0.0001,0,0,0,0.0001,0.0002,0.0001,0,0.0001,0,0.0002,0.0001,0,0.0001,0.0002,0.0001,0.0001,0.2063,0.1483,0.2063,0.1483,1
2.509,1.2545,0.6272,0,0.6272,0,0.6272,0.6272,0.6272,0,1.2545,0.6272,0,0,0.6272,0.6272,1.2545,0,0,0,0.0002,0.0001,0.0001,0,0.0001,0,0.0001,0.0001,0.0001,0,0.0001,0.0001,0,0,0.0001,0.0001,0.0001,0,0,0,0.1761,0.1967,0.1761,0.1967,1
1.1867,0,0,0,0,1.1867,0,0,2.9667,0,0.5933,0,0,1.1867,2.9667,0.5933,0,0,0,0,0.0002,0,0,0,0,0.0002,0,0,0.0005,0,0.0001,0,0,0.0002,0.0005,0.0001,0,0,0,0,0.196,0.2107,0.196,0.2107,1
1.1839,2.3678,0,0,0,1.1839,0,0,0.592,2.3678,0,0,0,0,1.7759,0,1.1839,0,0,0.592,0.0001,0.0001,0,0,0,0.0001,0,0,0,0.0001,0,0,0,0,0.0001,0,0.0001,0,0,0,0.1864,0.2217,0.1864,0.2217,1
0.5355,0.5355,1.0709,0.5355,1.0709,1.0709,1.6064,0,0.5355,0.5355,1.0709,1.6064,0,0.5355,0,0,1.0709,1.0709,0.5355,0,0,0,0.0001,0,0.0001,0.0001,0.0001,0,0,0,0.0001,0.0001,0,0,0,0,0.0001,0.0001,0,0,0.2742,0.1903,0.2742,0.1903,1
0.6147,3.0733,0.6147,0,0,1.2293,0.6147,0,0.6147,0.6147,1.844,0.6147,1.2293,0,0.6147,0.6147,1.2293,1.2293,0.6147,0,0,0.0001,0,0,0,0,0,0,0,0,0.0001,0,0,0,0,0,0,0,0,0,0.154,0.2313,0.154,0.2313,1
0.5964,0.5964,1.7892,1.1928,1.1928,0.5964,0,0,0.5964,0.5964,0,0.5964,1.7892,0,2.3856,0.5964,0.5964,0.5964,0,0,0,0,0.0001,0.0001,0.0001,0,0,0,0,0,0,0,0.0001,0,0.0002,0,0,0,0,0,0.2084,0.1952,0.2084,0.1952,1
0.7165,0,0,0,0.7165,0,0,0,1.4331,0.7165,0,0,0,0.7165,1.4331,0.7165,0,0,0.7165,0,0.0002,0,0,0,0.0002,0,0,0,0.0003,0.0002,0,0,0,0.0002,0.0003,0.0002,0,0,0.0002,0,0.1916,0.0918,0.1916,0.0918,1
2.2188,0,0,0.7396,0,0,0,0,3.698,0.7396,0,0,0,0,0,0,0.7396,1.4792,0,0.7396,0.0004,0,0,0.0001,0,0,0,0,0.0007,0.0001,0,0,0,0,0,0,0.0001,0.0003,0,0.0001,0.1566,0.1038,0.1566,0.1038,1
1.806,0.602,0,0,0,1.806,1.204,1.204,1.806,1.806,0,0,0,0,2.408,0.602,0.602,1.204,0,0,0.0001,0,0,0,0,0.0001,0.0001,0.0001,0.0001,0.0001,0,0,0,0,0.0002,0,0,0.0001,0,0,0.2154,0.1826,0.2154,0.1826,1
2.1474,0,0,0,0,0,0,0.7158,4.2948,0,0,0,0,0,0,0,0.7158,1.4316,0,0.7158,0.0005,0,0,0,0,0,0,0.0002,0.0009,0,0,0,0,0,0,0,0.0002,0.0003,0,0.0002,0.1045,0.1797,0.1045,0.1797,1
1.3857,0,0.6928,0,0,4.157,0,1.3857,0,0.6928,0,0,0.6928,0,0.6928,0,1.3857,0.6928,0,0.6928,0.0001,0,0.0001,0,0,0.0004,0,0.0001,0,0.0001,0,0,0.0001,0,0.0001,0,0.0001,0.0001,0,0.0001,0.1491,0.1581,0.1491,0.1581,1
0.5191,1.0383,0.5191,1.0383,0.5191,1.5574,1.0383,0,0,0,0.5191,0.5191,1.0383,0,0.5191,0.5191,0,1.5574,0,0,0,0.0001,0,0.0001,0,0.0001,0.0001,0,0,0,0,0,0.0001,0,0,0,0,0.0001,0,0,0.2571,0.2238,0.2571,0.2238,1
1.4635,0,0.7317,0,1.4635,0.7317,0.7317,0.7317,0,1.4635,0,0.7317,0,0.7317,0,1.4635,0.7317,0,0,0,0.0001,0,0.0001,0,0.0001,0.0001,0.0001,0.0001,0,0.0001,0,0.0001,0,0.0001,0,0.0001,0.0001,0,0,0,0.1357,0.1326,0.1357,0.1326,1
2.1557,0,0.5389,0,0,1.6168,0.5389,0,1.6168,1.0778,0,0.5389,1.6168,0,0.5389,2.1557,0.5389,0.5389,0,1.0778,0.0002,0,0,0,0,0.0001,0,0,0.0001,0.0001,0,0,0.0001,0,0,0.0002,0,0,0,0.0001,0.2381,0.223,0.2381,0.223,1
1.2768,0.6384,0,2.5535,0,0.6384,0,0.6384,0.6384,1.2768,0,0,0.6384,0,0,0.6384,1.2768,0.6384,0,0,0.0001,0.0001,0,0.0002,0,0.0001,0,0.0001,0.0001,0.0001,0,0,0.0001,0,0,0.0001,0.0001,0.0001,0,0,0.1934,0.1682,0.1934,0.1682,1
1.2463,0,1.8694,0,0,2.4926,0,0,0,3.1157,0,0,0.6231,0,0,0,0,0.6231,0.6231,0.6231,0.0001,0,0.0001,0,0,0.0002,0,0,0,0.0002,0,0,0,0,0,0,0,0,0,0,0.1837,0.1932,0.1837,0.1932,1
1.3721,0,0,0,0,0,0.6861,1.3721,0.6861,0,0.6861,0.6861,0.6861,0.6861,0.6861,0,0,0.6861,0,0,0.0002,0,0,0,0,0,0.0001,0.0002,0.0001,0,0.0001,0.0001,0.0001,0.0001,0.0001,0,0,0.0001,0,0,0.1631,0.1508,0.1631,0.1508,1
0,0.5151,2.0606,0.5151,1.0303,0,0,0.5151,0.5151,1.5454,0,0.5151,0,0,0.5151,0.5151,0,0.5151,1.5454,0,0,0,0.0001,0,0.0001,0,0,0,0,0.0001,0,0,0,0,0,0,0,0,0.0001,0,0.2413,0.2435,0.2413,0.2435,1
1.3842,2.7685,0.6921,0,1.3842,2.7685,0,0.6921,0,0.6921,0,0.6921,0,0,0,0.6921,0.6921,1.3842,0.6921,0.6921,0.0001,0.0001,0,0,0.0001,0.0001,0,0,0,0,0,0,0,0,0,0,0,0.0001,0,0,0.1756,0.1323,0.1756,0.1323,1
0.6932,0,0.6932,0.6932,0,0,0.6932,0,0.6932,0.6932,0,1.3864,0,0,0,0,0.6932,0,0.6932,0,0.0001,0,0.0001,0.0001,0,0,0.0001,0,0.0001,0.0001,0,0.0002,0,0,0,0,0.0001,0,0.0001,0,0.1345,0.1723,0.1345,0.1723,1
1.647,0.549,2.196,0,0.549,0,0,0,0,1.098,2.196,0.549,0,0.549,0.549,0.549,1.098,1.647,0.549,0,0.0001,0,0.0001,0,0,0,0,0,0,0.0001,0.0001,0,0,0,0,0,0.0001,0.0001,0,0,0.1887,0.2623,0.1887,0.2623,1
1.6395,0,0,0,0.8197,0,0,0,3.279,0,0,0,0,0.8197,0,0,0.8197,3.279,0,0.8197,0.0004,0,0,0,0.0002,0,0,0,0.0008,0,0,0,0,0.0002,0,0,0.0002,0.0008,0,0.0002,0.0691,0.1112,0.0691,0.1112,1
0,0,0,0,0,1.4623,0,0,1.4623,3.8994,0,0,0,0,1.9497,0,0,0.4874,0,0,0,0,0,0,0,0.0002,0,0,0.0002,0.0004,0,0,0,0,0.0002,0,0,0.0001,0,0,0.2147,0.2979,0.2147,0.2979,1
0.5334,0,1.6003,1.0669,0,1.0669,0,1.6003,2.1337,1.0669,0,0.5334,0.5334,1.0669,2.1337,0,0.5334,0.5334,0,0,0,0,0.0001,0.0001,0,0.0001,0,0.0001,0.0002,0.0001,0,0,0,0.0001,0.0002,0,0,0,0,0,0.2342,0.2324,0.2342,0.2324,1
1.5741,0,0,0,0,0,0.787,0.787,0,0.787,0,2.3611,0,0,0,0,0.787,0,0.787,0,0.0002,0,0,0,0,0,0.0001,0.0001,0,0.0001,0,0.0003,0,0,0,0,0.0001,0,0.0001,0,0.1053,0.1077,0.1053,0.1077,1
0.7041,0,2.1122,0,0,0,0,0.7041,0,0.7041,0,2.1122,0.7041,0,0,2.1122,0,0,1.4081,0,0.0001,0,0.0002,0,0,0,0,0.0001,0,0.0001,0,0.0002,0.0001,0,0,0.0002,0,0,0.0001,0,0.1352,0.1607,0.1352,0.1607,1
0.5977,2.3909,1.1955,0,0.5977,1.1955,0,1.7932,0,0.5977,1.1955,1.1955,0,0,1.1955,0.5977,0.5977,2.3909,0,0,0,0.0001,0.0001,0,0,0.0001,0,0.0001,0,0,0.0001,0.0001,0,0,0.0001,0,0,0.0001,0,0,0.2128,0.1894,0.2128,0.1894,1
0,0,1.5466,0.5155,0.5155,0,0,1.0311,1.0311,1.0311,0,0,0,0,0.5155,1.0311,0,0.5155,1.5466,0,0,0,0.0001,0,0,0,0,0.0001,0.0001,0.0001,0,0,0,0,0,0.0001,0,0,0.0001,0,0.2257,0.2587,0.2257,0.2587,1
0,1.7246,0,0,0,1.7246,0,1.1498,1.7246,0.5749,1.1498,0,0,0,3.4493,0,1.7246,1.1498,1.1498,0,0,0.0001,0,0,0,0.0001,0,0.0001,0.0001,0,0.0001,0,0,0,0.0002,0,0.0001,0.0001,0.0001,0,0.2007,0.2244,0.2007,0.2244,1
1.9227,0,0,0.4807,0.9614,0.9614,0.9614,0.9614,1.9227,1.9227,0.4807,0.9614,0,0,0.4807,0.4807,0,0.4807,0,0.4807,0.0002,0,0,0,0.0001,0.0001,0.0001,0.0001,0.0002,0.0002,0,0.0001,0,0,0,0,0,0,0,0,0.2609,0.2584,0.2609,0.2584,1
0,0.5306,0.5306,0.5306,0.5306,2.1222,0.5306,1.5917,0.5306,0,1.0611,2.1222,0,0.5306,1.0611,0.5306,0.5306,0.5306,0,0,0,0,0,0,0,0.0002,0,0.0001,0,0,0.0001,0.0002,0,0,0.0001,0,0,0,0,0,0.2808,0.1886,0.2808,0.1886,1
0,0,0,0,0.6062,1.8185,0,0.6062,0.6062,1.8185,0.6062,0.6062,0,0,2.4246,0,1.2123,0.6062,0,1.2123,0,0,0,0,0.0001,0.0002,0,0.0001,0.0001,0.0002,0.0001,0.0001,0,0,0.0003,0,0.0001,0.0001,0,0.0001,0.227,0.1669,0.227,0.1669,1
0,0.5927,0,1.1855,0.5927,0,0.5927,2.3709,0.5927,1.1855,0,1.7782,1.1855,0.5927,0.5927,1.1855,0.5927,0.5927,0,0,0,0,0,0.0001,0,0,0,0.0002,0,0.0001,0,0.0001,0.0001,0,0,0.0001,0,0,0,0,0.2101,0.1972,0.2101,0.1972,1
0.7049,1.4099,0.7049,0.7049,0,0.7049,0,0,0,2.1148,1.4099,0,0,0,0,0.7049,0.7049,0,0.7049,0.7049,0,0.0001,0,0,0,0,0,0,0,0.0001,0.0001,0,0,0,0,0,0,0,0,0,0.1567,0.1383,0.1567,0.1383,1
0.5279,0,1.0558,0.5279,1.0558,1.0558,0.5279,0,1.5837,0.5279,0,0.5279,4.2233,0,1.5837,0,0.5279,1.5837,0,0.5279,0,0,0.0001,0,0.0001,0.0001,0,0,0.0001,0,0,0,0.0004,0,0.0001,0,0,0.0001,0,0,0.2713,0.2008,0.2713,0.2008,1
2.2454,0,0,0,0,0,0.5613,0.5613,2.2454,0,1.1227,0,0,0,1.684,0,0,0.5613,0.5613,0,0.0004,0,0,0,0,0,0.0001,0.0001,0.0004,0,0.0002,0,0,0,0.0003,0,0,0.0001,0.0001,0,0.1926,0.246,0.1926,0.246,1
0.5203,1.0406,0,1.0406,0.5203,1.5609,1.0406,1.0406,1.0406,1.5609,0.5203,1.0406,0.5203,0.5203,0,1.0406,0.5203,1.0406,0,0.5203,0,0.0001,0,0.0001,0,0.0001,0.0001,0.0001,0.0001,0.0001,0,0.0001,0,0,0,0.0001,0,0.0001,0,0,0.2412,0.2385,0.2412,0.2385,1
1.9329,0,0,0,0,1.2886,0,0,0.6443,0.6443,0,0,1.9329,0,1.9329,1.2886,0.6443,0,0.6443,0,0.0002,0,0,0,0,0.0001,0,0,0.0001,0.0001,0,0,0.0002,0,0.0002,0.0001,0.0001,0,0.0001,0,0.1669,0.1888,0.1669,0.1888,1
0.5912,0,0.5912,0,0.5912,0,0.5912,0,0.5912,0.5912,0,0.5912,1.1823,0,1.1823,1.1823,2.3646,2.9558,0.5912,1.1823,0.0001,0,0.0001,0,0.0001,0,0.0001,0,0.0001,0.0001,0,0.0001,0.0001,0,0.0001,0.0001,0.0003,0.0003,0.0001,0.0001,0.2557,0.1532,0.2557,0.1532,1
0,0,0.8437,2.531,0,0,0,2.1092,2.531,0.8437,0,0.4218,0,1.2655,0,0.4218,0.4218,0,0.8437,0.4218,0,0,0.0001,0.0002,0,0,0,0.0002,0.0002,0.0001,0,0,0,0.0001,0,0,0,0,0.0001,0,0.2579,0.3203,0.2579,0.3203,1
0.699,0.699,0,0,0,1.398,0.699,0.699,0,0,1.398,0.699,0,0,1.398,0.699,2.796,3.495,0,0,0.0001,0.0001,0,0,0,0.0001,0.0001,0.0001,0,0,0.0001,0.0001,0,0,0.0001,0.0001,0.0002,0.0003,0,0,0.1363,0.1647,0.1363,0.1647,1
1.5505,0,0,0,0.7753,0,0,0,3.101,2.3258,0,0,0,0,0.7753,0,0.7753,0.7753,0,0.7753,0.0003,0,0,0,0.0002,0,0,0,0.0007,0.0005,0,0,0,0,0.0002,0,0.0002,0.0002,0,0.0002,0.0938,0.1309,0.0938,0.1309,1
1.1729,0,0.5864,0,1.7593,0.5864,0,1.1729,1.1729,2.3458,0,0.5864,0.5864,0,0.5864,0,0.5864,0.5864,0,0,0.0001,0,0.0001,0,0.0002,0.0001,0,0.0001,0.0001,0.0002,0,0.0001,0.0001,0,0.0001,0,0.0001,0.0001,0,0,0.248,0.1656,0.248,0.1656,1
2.2547,0,1.1273,0.5637,0,0,0.5637,0.5637,1.1273,1.691,0,1.691,0,1.1273,0,1.691,1.691,1.691,0,0,0.0002,0,0.0001,0,0,0,0,0,0.0001,0.0001,0,0.0001,0,0.0001,0,0.0001,0.0001,0.0001,0,0,0.2129,0.2234,0.2129,0.2234,1
0,0,1.0259,0,1.0259,2.0518,0.513,0,0.513,0,1.5389,1.5389,3.0777,0,1.0259,0,1.0259,1.0259,0.513,0,0,0,0.0001,0,0.0001,0.0001,0,0,0,0,0.0001,0.0001,0.0002,0,0.0001,0,0.0001,0.0001,0,0,0.2145,0.2725,0.2145,0.2725,1
0.6596,0,0.6596,0,0,1.3191,0,0.6596,0.6596,1.3191,0,0.6596,0,0,1.3191,0.6596,0,0,0,0,0.0001,0,0.0001,0,0,0.0002,0,0.0001,0.0001,0.0002,0,0.0001,0,0,0.0002,0.0001,0,0,0,0,0.2056,0.1348,0.2056,0.1348,1
1.2044,0.6022,0.6022,0,0.6022,2.4089,0,1.2044,0,0.6022,0,1.2044,1.2044,0,0,1.2044,0.6022,0,0.6022,3.6133,0.0001,0,0,0,0,0.0001,0,0.0001,0,0,0,0.0001,0.0001,0,0,0.0001,0,0,0,0.0002,0.2117,0.186,0.2117,0.186,1
0,1.0969,0.5485,0,0.5485,0,0.5485,0,1.6454,0,0,1.0969,1.0969,1.0969,2.7423,0,0.5485,0,0,0,0,0.0001,0.0001,0,0.0001,0,0.0001,0,0.0002,0,0,0.0001,0.0001,0.0001,0.0003,0,0.0001,0,0,0,0.2034,0.2481,0.2034,0.2481,1
0.6455,0,0,1.291,1.9365,0,0,0.6455,0.6455,0,0.6455,0,0,0,0.6455,0,1.291,0.6455,0,1.291,0.0001,0,0,0.0002,0.0003,0,0,0.0001,0.0001,0,0.0001,0,0,0,0.0001,0,0.0002,0.0001,0,0.0002,0.149,0.2055,0.149,0.2055,1
0.4618,0,0,0,0.4618,0.9237,1.8473,0,1.8473,0,0.4618,0.4618,0.9237,0.4618,3.2328,0,0.4618,0.9237,0,0.4618,0.0001,0,0,0,0.0001,0.0001,0.0003,0,0.0003,0,0.0001,0.0001,0.0001,0.0001,0.0005,0,0.0001,0.0001,0,0.0001,0.3049,0.2332,0.3049,0.2332,1
2.5774,0,0,0,0,0,0,0,1.7183,1.7183,0,0,0.8591,0,1.7183,0,0,0.8591,0,0,0.0007,0,0,0,0,0,0,0,0.0005,0.0005,0,0,0.0002,0,0.0005,0,0,0.0002,0,0,0.0541,0.0868,0.0541,0.0868,1
0,1.9272,0.4818,0,0.4818,0.4818,0.9636,0,1.4454,0,0.4818,0.4818,0,0.4818,2.8908,0.4818,0,0.4818,0.4818,0.9636,0,0.0001,0,0,0,0,0.0001,0,0.0001,0,0,0,0,0,0.0002,0,0,0,0,0.0001,0.273,0.2452,0.273,0.2452,1
0.7187,1.4374,1.4374,0,1.4374,0,0,0.7187,0,1.4374,0.7187,0.7187,1.4374,0,0,0.7187,2.1561,2.1561,0,0,0,0.0001,0.0001,0,0.0001,0,0,0,0,0.0001,0,0,0.0001,0,0,0,0.0001,0.0001,0,0,0.1717,0.1096,0.1717,0.1096,1
0.7421,0,0,0,0,0,0,0.7421,0.7421,1.4842,0,1.4842,0,0,0,0.7421,0,0.7421,1.4842,0,0.0001,0,0,0,0,0,0,0.0001,0.0001,0.0001,0,0.0001,0,0,0,0.0001,0,0.0001,0.0001,0,0.1347,0.1232,0.1347,0.1232,1
0,0,0,0,0.6085,0,1.2169,0.6085,0,0.6085,1.2169,1.2169,0,0.6085,1.2169,0.6085,1.2169,1.2169,1.2169,0,0,0,0,0,0.0001,0,0.0001,0.0001,0,0.0001,0.0001,0.0001,0,0.0001,0.0001,0.0001,0.0001,0.0001,0.0001,0,0.2335,0.158,0.2335,0.158,
0.4774,0,0,2.3872,0,0.4774,0.9549,1.4323,0.4774,0.9549,0.4774,0.4774,0.4774,0.9549,0,0.4774,1.4323,0.4774,0.9549,1.4323,0,0,0,0.0002,0,0,0.0001,0.0001,0,0.0001,0,0,0,0.0001,0,0,0.0001,0,0.0001,0.0001,0.2561,0.2665,0.2561,0.2665,
0.6428,0,0.6428,0.6428,0,1.9284,0,1.2856,0.6428,0,0,0,0.6428,1.2856,0,1.9284,0.6428,1.9284,0.6428,0,0.0001,0,0.0001,0.0001,0,0.0002,0,0.0001,0.0001,0,0,0,0.0001,0.0001,0,0.0002,0.0001,0.0002,0.0001,0,0.1669,0.1903,0.1669,0.1903,
0,0.3687,0,1.8437,0.7375,0.7375,0.3687,1.1062,1.475,1.475,0.7375,1.1062,1.475,1.475,1.1062,0,0,1.475,0.7375,1.1062,0,0,0,0.0001,0,0,0,0.0001,0.0001,0.0001,0,0.0001,0.0001,0.0001,0.0001,0,0,0.0001,0,0.0001,0.318,0.3133,0.318,0.3133,
2.1,1.26,0.42,1.26,0.42,1.26,0.42,0.42,0.84,0,0,0.42,0.42,1.68,0.84,0.42,0,0.42,1.26,1.26,0.0001,0.0001,0,0.0001,0,0.0001,0,0,0,0,0,0,0,0.0001,0,0,0,0,0.0001,0.0001,0.267,0.313,0.267,0.313,
0,1.6965,2.1207,0.8483,0,0.4241,0.8483,0.4241,0,0.8483,0.8483,0.4241,0.4241,0,0.8483,1.2724,1.2724,1.6965,0,1.2724,0,0.0001,0.0001,0,0,0,0,0,0,0,0,0,0,0,0,0.0001,0.0001,0.0001,0,0.0001,0.2776,0.2983,0.2776,0.2983,
1.824,0,0,0,1.216,1.216,0,3.0399,0.608,4.8639,0.608,0,0,0,0.608,1.824,2.4319,0,0,0.608,0.0001,0,0,0,0.0001,0.0001,0,0.0002,0,0.0003,0,0,0,0,0,0.0001,0.0002,0,0,0,0.2251,0.1669,0.2251,0.1669,
1.1047,0,1.4729,3.3141,0,0.3682,0.7365,1.1047,0.7365,0.7365,0,1.4729,0,1.1047,0.3682,0.7365,0.7365,0.3682,0,0,0.0001,0,0.0001,0.0003,0,0,0.0001,0.0001,0.0001,0.0001,0,0.0001,0,0.0001,0,0.0001,0.0001,0,0,0,0.2603,0.3714,0.2603,0.3714,
0.7014,1.0521,1.7535,0.7014,0.7014,0,0.7014,0.7014,2.1042,0.7014,1.4028,0,0.7014,0,1.0521,0.7014,0.7014,0,0.7014,0.7014,0,0.0001,0.0001,0,0,0,0,0,0.0001,0,0.0001,0,0,0,0.0001,0,0,0,0,0,0.3775,0.2718,0.3775,0.2718,
2.0269,0,0,0,0.6756,1.3513,0.3378,0,1.6891,1.3513,0.6756,0.6756,0.3378,0.3378,3.3781,0.6756,0.6756,0.6756,0,0,0.0002,0,0,0,0.0001,0.0001,0,0,0.0001,0.0001,0.0001,0.0001,0,0,0.0003,0.0001,0.0001,0.0001,0,0,0.3419,0.3203,0.3419,0.3203,
1.5244,1.0163,0.5081,1.0163,0,0.5081,1.0163,0,0.5081,1.0163,2.0325,0.5081,0.5081,2.0325,1.0163,0.5081,0.5081,0,1.0163,0,0.0001,0.0001,0,0.0001,0,0,0.0001,0,0,0.0001,0.0001,0,0,0.0001,0.0001,0,0,0,0.0001,0,0.2228,0.269,0.2228,0.269,
0,0,0,0,1.2796,1.2796,0.6398,1.2796,0.6398,0,0.6398,0.6398,0.6398,1.2796,0.6398,0.6398,0,0,0,0.6398,0,0,0,0,0.0001,0.0001,0.0001,0.0001,0.0001,0,0.0001,0.0001,0.0001,0.0001,0.0001,0.0001,0,0,0,0.0001,0.1739,0.1863,0.1739,0.1863,
0.7284,0,1.0926,0.3642,0,1.0926,0.3642,0.7284,1.4568,0.7284,0.3642,1.4568,0.3642,1.0926,2.5494,1.821,1.0926,1.4568,0,0.3642,0.0001,0,0.0001,0,0,0.0001,0,0.0001,0.0001,0.0001,0,0.0001,0,0.0001,0.0002,0.0001,0.0001,0.0001,0,0,0.3185,0.3173,0.3185,0.3173,
0.4083,1.225,0,0.4083,0,0.8167,0.4083,1.225,2.4501,0,0.8167,0.8167,0.4083,0.8167,2.4501,0.4083,0,2.4501,0,0,0,0.0001,0,0,0,0,0,0.0001,0.0001,0,0,0,0,0,0.0001,0,0,0.0001,0,0,0.2993,0.2924,0.2993,0.2924,
1.3069,0,2.1782,2.1782,0.8713,0.4356,0.4356,0.4356,0.8713,0.4356,0.4356,0,1.7426,0.4356,0,0.8713,0.4356,0.4356,0,0.4356,0.0001,0,0.0002,0.0002,0.0001,0,0,0,0.0001,0,0,0,0.0001,0,0,0.0001,0,0,0,0,0.3014,0.263,0.3014,0.263,
0,3.7447,0,0.6241,0.6241,1.8723,0,1.2482,1.2482,0.6241,0,1.8723,1.2482,0,0,1.2482,1.2482,2.4965,0,0.6241,0,0.0001,0,0,0,0.0001,0,0,0,0,0,0.0001,0,0,0,0,0,0.0001,0,0,0.1995,0.1764,0.1995,0.1764,
0.6834,0,0,0,0.6834,2.0501,0,0,1.3667,0,0,0.6834,0.6834,0,0.6834,0,1.3667,0.6834,0,0.6834,0.0001,0,0,0,0.0001,0.0003,0,0,0.0002,0,0,0.0001,0.0001,0,0.0001,0,0.0002,0.0001,0,0.0001,0.1287,0.1879,0.1287,0.1879,
0.7574,0,0.7574,2.2721,0.7574,0,0.7574,0,0.7574,0,0,0,0,0,0,0.7574,0.7574,0.7574,0,0,0.0002,0,0.0002,0.0005,0.0002,0,0.0002,0,0.0002,0,0,0,0,0,0,0.0002,0.0002,0.0002,0,0,0.1215,0.1211,0.1215,0.1211,
1.0923,0.3641,0,0,0.3641,1.4564,0.3641,0.3641,2.1846,1.0923,0.7282,0,0.3641,0.7282,3.2769,0.7282,1.4564,1.0923,0,0.3641,0.0001,0,0,0,0,0.0001,0,0,0.0002,0.0001,0.0001,0,0,0.0001,0.0002,0.0001,0.0001,0.0001,0,0,0.3568,0.2791,0.3568,0.2791,
0,0.7588,0,0,0.7588,0.7588,0,0,0.7588,0.7588,0,0,0,0,0,0,1.5175,0.7588,0.7588,1.5175,0,0.0001,0,0,0.0001,0.0001,0,0,0.0001,0.0001,0,0,0,0,0,0,0.0002,0.0001,0.0001,0.0002,0.1259,0.1153,0.1259,0.1153,
0.4781,0.4781,1.9123,0,0,0.9561,1.4342,0,0,1.4342,1.9123,1.4342,1.4342,0.9561,0,0,0.9561,0,0.9561,1.9123,0,0,0.0001,0,0,0.0001,0.0001,0,0,0.0001,0.0001,0.0001,0.0001,0.0001,0,0,0.0001,0,0.0001,0.0001,0.2423,0.2797,0.2423,0.2797,
0.4094,0,0.4094,1.2282,0.8188,1.2282,1.2282,2.0469,0.8188,1.6376,0.8188,2.4563,0.8188,0,0.4094,0.4094,1.2282,0.4094,0.4094,1.2282,0,0,0,0.0001,0,0.0001,0.0001,0.0001,0,0.0001,0,0.0001,0,0,0,0,0.0001,0,0,0.0001,0.3057,0.285,0.3057,0.285,
0.3789,0.3789,0.3789,0.7578,1.5156,0.7578,0.3789,0.7578,1.1367,1.5156,0.7578,0.7578,1.8945,0,1.1367,0.7578,1.8945,0.3789,0.3789,0.3789,0,0,0,0,0.0001,0,0,0,0.0001,0.0001,0,0,0.0001,0,0.0001,0,0.0001,0,0,0,0.3023,0.3188,0.3023,0.3188,
1.6589,0,0,0,1.6589,4.4237,0,2.2119,0,3.3178,0.553,0.553,0.553,0,0.553,2.2119,2.7648,1.1059,0.553,1.1059,0.0001,0,0,0,0.0001,0.0002,0,0.0001,0,0.0002,0,0,0,0,0,0.0001,0.0001,0.0001,0,0.0001,0.2079,0.2392,0.2079,0.2392,
0.4143,1.2429,0.4143,2.9,0.8286,0.4143,0.4143,0.8286,0.4143,1.6572,0.4143,1.6572,1.2429,1.2429,0,0.8286,0.8286,0.4143,1.2429,1.2429,0,0.0001,0,0.0001,0,0,0,0,0,0.0001,0,0.0001,0.0001,0.0001,0,0,0,0,0.0001,0.0001,0.3027,0.283,0.3027,0.283,
0.8584,0.4292,0.4292,1.2875,1.2875,0.4292,0.4292,2.1459,1.7167,1.2875,1.7167,0.4292,0.8584,0.4292,0.4292,0,0.8584,0.8584,0.4292,0.4292,0.0001,0,0,0.0001,0.0001,0,0,0.0001,0.0001,0.0001,0.0001,0,0.0001,0,0,0,0.0001,0.0001,0,0,0.303,0.2678,0.303,0.2678,
0.7934,0,0,0,0.7934,1.5868,0,0,0,0.7934,0.7934,0,0.7934,0.7934,0.7934,0,0,0.7934,0,0,0.0001,0,0,0,0.0001,0.0002,0,0,0,0.0001,0.0001,0,0.0001,0.0001,0.0001,0,0,0.0001,0,0,0.1055,0.1011,0.1055,0.1011,
1.4702,0,0.4901,0,1.9603,0.9802,0.4901,1.9603,0,1.4702,0.9802,0,0.9802,0.9802,1.4702,0.9802,1.9603,1.9603,0.4901,0.4901,0.0001,0,0,0,0.0001,0.0001,0,0.0001,0,0.0001,0.0001,0,0.0001,0.0001,0.0001,0.0001,0.0001,0.0001,0,0,0.2372,0.2727,0.2372,0.2727,
0.4125,1.2374,0,0,0,0.8249,0.4125,2.4747,2.0623,0,0.8249,0.4125,0.8249,0.8249,3.7121,0.8249,0,0.4125,0,0,0,0.0001,0,0,0,0.0001,0,0.0002,0.0001,0,0.0001,0,0.0001,0.0001,0.0002,0.0001,0,0,0,0,0.3076,0.28,0.3076,0.28,
1.2319,0.8212,0.8212,1.2319,0,0,1.6425,0.4106,1.6425,1.6425,1.2319,0.8212,2.0531,0.8212,0.4106,0.8212,1.2319,0.4106,0.4106,0.4106,0.0001,0.0001,0.0001,0.0001,0,0,0.0001,0,0.0001,0.0001,0.0001,0.0001,0.0001,0.0001,0,0.0001,0.0001,0,0,0,0.2794,0.3099,0.2794,0.3099,
0.9581,0,0.4791,0.4791,0.9581,0,0.4791,0.4791,0.4791,0.9581,0.4791,2.3954,0.4791,0.9581,1.4372,0.9581,0,1.9163,0,0.4791,0.0001,0,0,0,0.0001,0,0,0,0,0.0001,0,0.0002,0,0.0001,0.0001,0.0001,0,0.0001,0,0,0.247,0.2739,0.247,0.2739,
1.4674,1.4674,0,1.1005,0,0.3668,0.7337,0,2.9348,1.4674,0.7337,1.8342,0,0,0.7337,1.4674,1.8342,1.1005,0,0.7337,0.0001,0.0001,0,0.0001,0,0,0,0,0.0002,0.0001,0,0.0001,0,0,0,0.0001,0.0001,0.0001,0,0,0.3324,0.3007,0.3324,0.3007,
0,0.7474,0,0.7474,0.7474,0,0,0.7474,0,0.7474,0,0,0.7474,0,0.7474,0.7474,0,0,0.7474,0.7474,0,0.0001,0,0.0001,0.0001,0,0,0.0001,0,0.0001,0,0,0.0001,0,0.0001,0.0001,0,0,0.0001,0.0001,0.1746,0.078,0.1746,0.078,
3.274,0,1.2277,0.8185,1.2277,0.8185,0.8185,0.8185,0.4092,2.4555,1.2277,0.4092,0.4092,0.8185,0.4092,1.2277,0.8185,1.637,0.8185,0.4092,0.0002,0,0.0001,0,0.0001,0,0,0,0,0.0001,0.0001,0,0,0,0,0.0001,0,0.0001,0,0,0.2873,0.3035,0.2873,0.3035,
0.3856,0.7713,0.3856,0.7713,1.1569,0.3856,1.1569,0,1.1569,0.7713,0.7713,0.3856,2.3138,1.1569,1.5426,1.5426,1.5426,0,0,1.1569,0,0,0,0,0.0001,0,0.0001,0,0.0001,0,0,0,0.0001,0.0001,0.0001,0.0001,0.0001,0,0,0.0001,0.3239,0.2904,0.3239,0.2904,
0.6286,0,0,0,1.8859,0.6286,0,2.5145,0.6286,5.029,0.6286,0,0.6286,0,0.6286,1.8859,2.5145,1.2573,0,0.6286,0,0,0,0,0.0001,0,0,0.0002,0,0.0004,0,0,0,0,0,0.0001,0.0002,0.0001,0,0,0.22,0.1514,0.22,0.1514,
1.2343,0.8229,0.4114,0.4114,2.0571,0.8229,0.8229,1.2343,0.8229,1.2343,1.2343,1.2343,2.0571,0.4114,0.8229,1.2343,1.2343,0.8229,0.4114,1.2343,0.0001,0,0,0,0.0001,0,0,0.0001,0,0.0001,0.0001,0.0001,0.0001,0,0,0.0001,0.0001,0,0,0.0001,0.2973,0.2913,0.2973,0.2913,
1.2713,0.4238,0,0.8475,1.695,0.4238,1.2713,0.4238,0,0,1.2713,0.8475,0.8475,1.2713,1.2713,0.4238,0.8475,1.2713,0.4238,0.4238,0.0001,0,0,0.0001,0.0001,0,0.0001,0,0,0,0.0001,0.0001,0.0001,0.0001,0.0001,0,0.0001,0.0001,0,0,0.2869,0.2893,0.2869,0.2893,
0,0,0.7556,0,0,0,0,0,0.7556,0.7556,0,0,1.5113,0,0.7556,0.7556,0.7556,1.5113,0,0.7556,0,0,0.0001,0,0,0,0,0,0.0001,0.0001,0,0,0.0003,0,0.0001,0.0001,0.0001,0.0003,0,0.0001,0.1384,0.106,0.1384,0.106,
0,0,0,0.7032,0,0,0,2.1095,0,0,0,0.7032,0,0.7032,0.7032,0.7032,0,0.7032,0.7032,0.7032,0,0,0,0.0001,0,0,0,0.0003,0,0,0,0.0001,0,0.0001,0.0001,0.0001,0,0.0001,0.0001,0.0001,0.1679,0.129,0.1679,0.129,
1.3098,0,0.8732,0.4366,2.183,0.8732,0,1.3098,0.4366,3.4927,0.4366,0.8732,1.3098,0,0.8732,1.3098,1.7464,0.4366,0.4366,0.4366,0.0001,0,0,0,0.0001,0,0,0.0001,0,0.0002,0,0,0.0001,0,0,0.0001,0.0001,0,0,0,0.2708,0.2926,0.2708,0.2926,
2.1698,0,0,1.6273,1.0849,2.7122,0,1.6273,0.5424,4.3396,1.0849,0.5424,0,0.5424,0,1.0849,0.5424,1.6273,0.5424,0,0.0001,0,0,0.0001,0.0001,0.0002,0,0.0001,0,0.0003,0.0001,0,0,0,0,0.0001,0,0.0001,0,0,0.262,0.1955,0.262,0.1955,
0.6118,0,0,0.6118,0,1.8353,0,0.6118,1.2235,0,0,0.6118,0,1.2235,0,2.447,0.6118,1.8353,0.6118,0,0.0001,0,0,0.0001,0,0.0002,0,0.0001,0.0001,0,0,0.0001,0,0.0001,0,0.0002,0.0001,0.0002,0.0001,0,0.2019,0.1864,0.2019,0.1864,
0,0.7812,1.953,1.5624,0.3906,1.1718,1.1718,1.953,0.3906,0.7812,1.5624,1.5624,0.3906,0,0,0.7812,0.7812,1.953,0.3906,1.1718,0,0,0.0001,0.0001,0,0.0001,0.0001,0.0001,0,0,0.0001,0.0001,0,0,0,0,0,0.0001,0,0.0001,0.3107,0.2987,0.3107,0.2987,
1.705,1.364,0,0.682,0.341,0.341,0.682,0.682,1.705,1.023,0.682,1.023,0,1.023,2.046,0.682,1.705,0.682,0,0.341,0.0001,0.0001,0,0,0,0,0,0,0.0001,0.0001,0,0.0001,0,0.0001,0.0001,0,0.0001,0,0,0,0.301,0.358,0.301,0.358,
0.4208,2.1039,0.4208,0.8416,0,1.6831,0.8416,1.6831,0.4208,1.2623,1.2623,2.5247,2.5247,0,1.6831,1.2623,0.8416,0.4208,0,0,0,0.0001,0,0,0,0.0001,0,0.0001,0,0,0,0.0001,0.0001,0,0.0001,0,0,0,0,0,0.3707,0.2085,0.3707,0.2085,
1.5807,0,0.3952,1.1855,0.3952,0,1.1855,0.7904,0.3952,0,1.1855,0.7904,0.3952,1.1855,1.1855,2.3711,0.7904,0.7904,0.7904,0,0.0001,0,0,0.0001,0,0,0.0001,0.0001,0,0,0.0001,0.0001,0,0.0001,0.0001,0.0002,0.0001,0.0001,0.0001,0,0.2892,0.3156,0.2892,0.3156,
0.3544,1.0632,1.0632,0.7088,1.0632,1.0632,0,0,0.7088,1.0632,0.3544,0.7088,1.0632,1.0632,1.4176,0.3544,0.7088,1.0632,0.3544,1.4176,0,0.0001,0.0001,0,0.0001,0.0001,0,0,0,0.0001,0,0,0.0001,0.0001,0.0001,0,0,0.0001,0,0.0001,0.2991,0.3465,0.2991,0.3465,
0.3863,0,1.1589,0.7726,0.3863,1.1589,0.3863,0.7726,0.3863,1.1589,0.3863,0.3863,0.7726,0.3863,0.7726,1.9315,2.3178,3.0904,0.7726,0.7726,0,0,0.0001,0,0,0.0001,0,0,0,0.0001,0,0,0,0,0,0.0001,0.0001,0.0002,0,0,0.3288,0.2849,0.3288,0.2849,
1.5449,1.9312,0,1.1587,0.7725,0.7725,1.5449,1.1587,1.1587,2.7037,0.7725,1.1587,0,0.7725,0.7725,1.1587,0.7725,0.3862,0.3862,0,0.0001,0.0001,0,0,0,0,0.0001,0,0,0.0001,0,0,0,0,0,0,0,0,0,0,0.2818,0.3319,0.2818,0.3319,
0,0.6247,1.2495,0.6247,0.6247,0.6247,0,0.6247,1.2495,0.6247,0,0,0.6247,0.6247,0,0.6247,1.2495,1.2495,0,0,0,0.0001,0.0001,0.0001,0.0001,0.0001,0,0.0001,0.0001,0.0001,0,0,0.0001,0.0001,0,0.0001,0.0001,0.0001,0,0,0.185,0.1903,0.185,0.1903,
0.3589,0,0,0.7179,1.7947,0.3589,0.7179,1.4358,1.4358,0.3589,0.7179,1.0768,0,1.0768,1.0768,1.7947,0,0.3589,0.7179,0,0,0,0,0,0.0001,0,0,0.0001,0.0001,0,0,0.0001,0,0.0001,0.0001,0.0001,0,0,0,0,0.3185,0.3225,0.3185,0.3225,
0.4871,0.4871,1.4612,0,1.4612,0.9741,0.4871,1.4612,0.9741,0.4871,1.9483,0.4871,0.4871,0.9741,0,0.9741,1.4612,0,1.4612,0,0,0,0.0001,0,0.0001,0.0001,0,0.0001,0.0001,0,0.0001,0,0,0.0001,0,0.0001,0.0001,0,0.0001,0,0.2836,0.2293,0.2836,0.2293,
1.1755,0,1.7633,0.5878,0.5878,0.5878,0.5878,0,0,2.3511,0,0,0,0.5878,0,0.5878,0.5878,2.3511,0,0,0.0001,0,0.0001,0,0,0,0,0,0,0.0002,0,0,0,0,0,0,0,0.0002,0,0,0.166,0.2462,0.166,0.2462,
1.1955,1.9925,1.1955,1.1955,1.9925,0.3985,1.1955,1.594,0,1.1955,0,0.3985,1.1955,0.3985,0.3985,0.797,0.797,0.797,0,0.797,0,0.0001,0,0,0.0001,0,0,0.0001,0,0,0,0,0,0,0,0,0,0,0,0,0.302,0.2994,0.302,0.2994,
0,0,0.368,1.1041,0.368,1.1041,1.4722,1.8402,2.2083,1.8402,1.4722,0.368,0.7361,1.1041,0.368,0,0.7361,1.4722,0,0,0,0,0,0.0001,0,0.0001,0.0001,0.0001,0.0002,0.0001,0.0001,0,0.0001,0.0001,0,0,0.0001,0.0001,0,0,0.3363,0.2956,0.3363,0.2956,
0,1.5276,1.0184,0,0,3.5644,0,1.5276,0,1.0184,0,2.0368,1.5276,1.0184,1.0184,1.0184,0,0.5092,0,2.0368,0,0.0001,0,0,0,0.0002,0,0.0001,0,0,0,0.0001,0.0001,0,0,0,0,0,0,0.0001,0.2649,0.2259,0.2649,0.2259,
1.3665,1.3665,0.911,0.911,0.911,0.4555,0.4555,1.3665,0.911,1.822,0.911,0.4555,0.4555,0.911,0.911,1.3665,0,0.911,0,2.2776,0.0001,0.0001,0,0,0,0,0,0.0001,0,0.0001,0,0,0,0,0,0.0001,0,0,0,0.0001,0.2371,0.3074,0.2371,0.3074,
1.2436,0.4145,1.2436,0.4145,0.829,0.829,1.2436,0.829,0.829,0.4145,0.829,0.829,1.2436,1.6581,0,0,0,0,1.6581,0.829,0.0001,0,0.0001,0,0.0001,0.0001,0.0001,0.0001,0.0001,0,0.0001,0.0001,0.0001,0.0001,0,0,0,0,0.0001,0.0001,0.272,0.3134,0.272,0.3134,
0,0,1.3892,0,0,1.3892,0,0,0.6946,0,0.6946,0,0.6946,0,0.6946,0.6946,0,1.3892,0.6946,0,0,0,0.0002,0,0,0.0002,0,0,0.0001,0,0.0001,0,0.0001,0,0.0001,0.0001,0,0.0002,0.0001,0,0.1603,0.1451,0.1603,0.1451,
0,2.4481,0,0.9792,0.9792,0,0,0.9792,0.4896,0.9792,0.4896,0.9792,0.9792,1.9585,0.4896,0.9792,0,1.4689,1.9585,1.4689,0,0.0001,0,0,0,0,0,0,0,0,0,0,0,0.0001,0,0,0,0.0001,0.0001,0.0001,0.2454,0.265,0.2454,0.265,
0.485,0.9701,1.4551,0,0.9701,1.9401,0,1.9401,0,0.485,1.4551,0.485,0.9701,0,0.485,2.4252,4.8504,0.9701,0.485,1.4551,0,0,0.0001,0,0,0.0001,0,0.0001,0,0,0.0001,0,0,0,0,0.0001,0.0002,0,0,0.0001,0.2721,0.2429,0.2721,0.2429,
0,0,0.5195,1.0391,2.5977,1.0391,0,0,0,0.5195,0,0.5195,1.5586,0.5195,2.0782,1.5586,0,0.5195,0,0.5195,0,0,0,0.0001,0.0002,0.0001,0,0,0,0,0,0,0.0001,0,0.0002,0.0001,0,0,0,0,0.2832,0.1972,0.2832,0.1972,
0,0,3.3433,0,2.006,0,0,0,0.6687,0,0,2.006,0,1.3373,0,0,1.3373,0,0,0,0,0,0.0007,0,0.0004,0,0,0,0.0001,0,0,0.0004,0,0.0003,0,0,0.0003,0,0,0,0.15,0.1814,0.15,0.1814,
2.2672,1.2955,0.3239,0.9717,0,0.6478,0,0.6478,1.6194,0.9717,0.3239,0,0.9717,0,2.2672,0.3239,0.6478,1.6194,0,0.9717,0.0001,0.0001,0,0,0,0,0,0,0.0001,0,0,0,0,0,0.0001,0,0,0.0001,0,0,0.3688,0.3073,0.3688,0.3073,
0.8885,0.8885,0.8885,0.4443,0.4443,0,0.8885,0.4443,0.8885,0.4443,0.8885,2.6655,1.777,0,0.8885,1.3328,0.8885,0,0,1.3328,0.0001,0.0001,0.0001,0,0,0,0.0001,0,0.0001,0,0.0001,0.0002,0.0001,0,0.0001,0.0001,0.0001,0,0,0.0001,0.2824,0.2734,0.2824,0.2734,
0.605,0,1.21,0.605,0.605,0,0,0.605,0,0.605,0.605,0.605,0,0,1.21,0.605,0,0.605,0,0.605,0.0001,0,0.0001,0.0001,0.0001,0,0,0.0001,0,0.0001,0.0001,0.0001,0,0,0.0001,0.0001,0,0.0001,0,0.0001,0.1747,0.2202,0.1747,0.2202,
1.1769,0.5884,0.5884,0.5884,0,1.7653,0.5884,0.5884,0.5884,1.1769,0,0,1.1769,1.1769,1.1769,0.5884,0,1.1769,0.5884,0,0.0001,0.0001,0.0001,0.0001,0,0.0002,0.0001,0.0001,0.0001,0.0001,0,0,0.0001,0.0001,0.0001,0.0001,0,0.0001,0.0001,0,0.1987,0.2128,0.1987,0.2128,
0.4041,0.4041,0.8083,0,0.4041,0.4041,2.0207,0.8083,0.8083,0.4041,0.4041,1.2124,1.2124,1.2124,1.2124,1.2124,0.8083,0,0.4041,1.2124,0,0,0.0001,0,0,0,0.0001,0.0001,0.0001,0,0,0.0001,0.0001,0.0001,0.0001,0.0001,0.0001,0,0,0.0001,0.2822,0.3137,0.2822,0.3137,
0.9796,0.9796,0.4898,0.4898,0.9796,0,0.4898,0.9796,0.9796,1.4695,0,1.4695,0.9796,0.4898,0.9796,1.4695,1.4695,1.9593,0.4898,0.4898,0.0001,0.0001,0,0,0.0001,0,0,0.0001,0.0001,0.0001,0,0.0001,0.0001,0,0.0001,0.0001,0.0001,0.0001,0,0,0.2546,0.2556,0.2546,0.2556,
1.1272,0.3757,0.7515,0.7515,0.3757,0.3757,0.3757,0.3757,1.1272,0.7515,0.3757,0.7515,0.3757,0.7515,1.503,0.3757,0,0.3757,0.3757,2.6302,0.0001,0,0,0,0,0,0,0,0.0001,0,0,0,0,0,0.0001,0,0,0,0,0.0002,0.2893,0.335,0.2893,0.335,
1.4015,0,0.9344,1.4015,1.8687,1.8687,0.4672,0.9344,0,2.8031,0.4672,0,0.9344,1.4015,0.4672,1.4015,2.3359,0.4672,0,0.9344,0.0001,0,0.0001,0.0001,0.0001,0.0001,0,0.0001,0,0.0002,0,0,0.0001,0.0001,0,0.0001,0.0001,0,0,0.0001,0.2512,0.2816,0.2512,0.2816,
0.7186,0,0.7186,0,0,0,0,2.1559,0,0.7186,0,0.7186,0.7186,0,1.4373,0,0,0,0.7186,0,0.0001,0,0.0001,0,0,0,0,0.0004,0,0.0001,0,0.0001,0.0001,0,0.0003,0,0,0,0.0001,0,0.1407,0.1406,0.1407,0.1406,
1.2167,1.2167,0.4056,0,0.4056,0.8111,1.2167,0.8111,0.4056,1.2167,1.2167,0.4056,0.8111,1.6223,0.8111,2.4334,0.8111,1.6223,1.2167,0.4056,0.0001,0.0001,0,0,0,0,0.0001,0,0,0.0001,0.0001,0,0,0.0001,0,0.0001,0,0.0001,0.0001,0,0.3162,0.2782,0.3162,0.2782,
0.6944,1.3889,0.6944,2.4306,1.3889,0,0.3472,0.3472,1.3889,0.3472,0.3472,0,1.0417,1.0417,0,3.125,1.0417,0.3472,0.3472,0.6944,0,0.0001,0,0.0001,0.0001,0,0,0,0.0001,0,0,0,0.0001,0.0001,0,0.0002,0.0001,0,0,0,0.319,0.3338,0.319,0.3338,
2.21,0,0,0,0,0,0,0.7367,0,0,0,1.4734,0.7367,0.7367,0.7367,0,0,0.7367,1.4734,0.7367,0.0002,0,0,0,0,0,0,0.0001,0,0,0,0.0002,0.0001,0.0001,0.0001,0,0,0.0001,0.0002,0.0001,0.1475,0.1159,0.1475,0.1159,
0.6368,1.2735,1.2735,0,1.2735,0,0.6368,0,1.2735,0,0.6368,0,0.6368,0.6368,0,0,0,0,0.6368,0,0,0.0001,0.0001,0,0.0001,0,0,0,0.0001,0,0,0,0,0,0,0,0,0,0,0,0.2249,0.1384,0.2249,0.1384,
0,1.5902,0,0,0,0.7951,0.7951,2.3852,0,0,0,0,0,0.7951,0,1.5902,0,0.7951,0.7951,0,0,0.0001,0,0,0,0.0001,0.0001,0.0002,0,0,0,0,0,0.0001,0,0.0001,0,0.0001,0.0001,0,0.1189,0.086,0.1189,0.086,
0.9941,0.9941,1.6568,0.6627,1.9882,0.6627,0.9941,0.3314,0.3314,0,1.6568,1.6568,0.6627,0.6627,1.3254,0.6627,0,0.3314,0.6627,0.3314,0,0,0.0001,0,0.0001,0,0,0,0,0,0.0001,0.0001,0,0,0.0001,0,0,0,0,0,0.3297,0.3389,0.3297,0.3389,
0.3428,2.3993,0,0,0,0,0,0,0,0.3428,0.3428,0,0,1.0283,9.2545,1.371,0.3428,1.0283,0,0.6855,0,0.0001,0,0,0,0,0,0,0,0,0,0,0,0.0001,0.0005,0.0001,0,0.0001,0,0,0.3419,0.3154,0.3419,0.3154,
2.1243,0,0,0,0.7081,1.0621,0.354,0,1.7702,1.0621,0.7081,0.354,0.354,0.354,3.8945,1.0621,1.0621,0.7081,0,0,0.0002,0,0,0,0.0001,0.0001,0,0,0.0001,0.0001,0.0001,0,0,0,0.0003,0.0001,0.0001,0.0001,0,0,0.3518,0.2942,0.3518,0.2942,
1.2483,0,0,1.8724,1.2483,0.6241,0,3.1207,0.6241,4.369,0.6241,0.6241,0.6241,0.6241,0,1.2483,2.4966,1.2483,0,0.6241,0.0001,0,0,0.0001,0.0001,0,0,0.0002,0,0.0003,0,0,0,0,0,0.0001,0.0002,0.0001,0,0,0.1821,0.1937,0.1821,0.1937,
0,1.9755,1.4816,0.4939,0,0.4939,0.4939,0.9877,0.4939,0,0.9877,0.4939,2.4694,1.9755,1.4816,0,0.9877,0,0.4939,0.9877,0,0.0001,0.0001,0,0,0,0,0,0,0,0,0,0.0001,0.0001,0.0001,0,0,0,0,0,0.2954,0.2107,0.2954,0.2107,
1.0284,1.5426,2.571,0.5142,0.5142,0,0.5142,0,1.0284,0.5142,0,0,0,2.0568,0,0,1.5426,1.0284,0.5142,0.5142,0.0001,0.0001,0.0001,0,0,0,0,0,0.0001,0,0,0,0,0.0001,0,0,0.0001,0.0001,0,0,0.2285,0.2573,0.2285,0.2573,
1.0367,0,0,0,0.3456,1.0367,0.6911,0.3456,2.4189,0.3456,0.6911,1.0367,0.3456,0.3456,4.1467,0,1.3822,0.6911,0,0.3456,0.0001,0,0,0,0,0.0001,0.0001,0,0.0002,0,0.0001,0.0001,0,0,0.0004,0,0.0001,0.0001,0,0,0.3454,0.309,0.3454,0.309,
0.3726,0.3726,1.1178,1.863,0.7452,0.7452,1.1178,0.7452,1.1178,0.3726,0.3726,0.3726,1.1178,0.3726,0.3726,0.7452,0.3726,1.1178,1.4904,1.4904,0,0,0.0001,0.0001,0,0,0.0001,0,0.0001,0,0,0,0.0001,0,0,0,0,0.0001,0.0001,0.0001,0.3173,0.3101,0.3173,0.3101,
0.3578,0,1.4311,0.7156,1.4311,0.7156,0.3578,0.7156,1.4311,0.3578,0.3578,1.4311,1.4311,0,1.0733,0.7156,0.3578,2.1467,0.3578,0.3578,0,0,0.0001,0,0.0001,0,0,0,0.0001,0,0,0.0001,0.0001,0,0.0001,0,0,0.0001,0,0,0.3061,0.3361,0.3061,0.3361,
1.9771,1.4828,0.4943,0.4943,0.9885,0.4943,1.4828,0.4943,0.9885,0.4943,0.4943,0.9885,1.4828,0.4943,0,0,0.4943,0.9885,0.9885,0.4943,0.0001,0.0001,0,0,0,0,0.0001,0,0,0,0,0,0.0001,0,0,0,0,0,0,0,0.2233,0.2824,0.2233,0.2824,
0.43,0.8601,0.43,1.2901,2.1502,0,1.2901,0.43,0,0,0.8601,0.43,1.2901,0.8601,0.8601,0,0.43,0.8601,1.7202,0.43,0,0,0,0.0001,0.0001,0,0.0001,0,0,0,0,0,0.0001,0,0,0,0,0,0.0001,0,0.345,0.2249,0.345,0.2249,
0,1.6134,0.8067,1.2101,0,0.4034,0.4034,0.4034,1.2101,1.2101,1.2101,0,0.8067,0.4034,0.8067,0.4034,0,0,0.8067,1.6134,0,0.0001,0,0.0001,0,0,0,0,0.0001,0.0001,0.0001,0,0,0,0,0,0,0,0,0.0001,0.2629,0.3338,0.2629,0.3338,
0.4331,1.2992,1.2992,1.2992,0.4331,0.8661,0.4331,1.2992,0.8661,0.4331,0,0.4331,0,0.4331,0.8661,0.4331,1.2992,0.8661,0,0.4331,0,0.0001,0.0001,0.0001,0,0.0001,0,0.0001,0.0001,0,0,0,0,0,0.0001,0,0.0001,0.0001,0,0,0.295,0.272,0.295,0.272,
1.0065,0,1.0065,0.5033,1.5098,2.0131,0,2.0131,0,3.5229,0.5033,0,0.5033,1.0065,1.0065,0.5033,1.0065,1.5098,0,1.0065,0.0001,0,0.0001,0,0.0001,0.0001,0,0.0001,0,0.0002,0,0,0,0.0001,0.0001,0,0.0001,0.0001,0,0.0001,0.2647,0.2321,0.2647,0.2321,
0.6152,0,0.6152,1.2304,1.2304,3.076,0,0.6152,0,1.8456,0,0,3.6912,0,0.6152,1.8456,1.8456,0.6152,0,0,0,0,0,0.0001,0.0001,0.0002,0,0,0,0.0001,0,0,0.0003,0,0,0.0001,0.0001,0,0,0,0.2063,0.1785,0.2063,0.1785,
0,0,0,0,0.7778,0.7778,0,0.7778,0.7778,0.7778,0.7778,0,1.5555,1.5555,0.7778,0,0,0,0,0,0,0,0,0,0.0001,0.0001,0,0.0001,0.0001,0.0001,0.0001,0,0.0002,0.0002,0.0001,0,0,0,0,0,0.1327,0.0896,0.1327,0.0896,
0.8329,0.8329,0.4165,1.2494,0,1.6658,0.8329,0.4165,2.0823,1.2494,0,0.4165,0.4165,2.4988,0,0.4165,0.4165,0.8329,0,0.4165,0.0001,0.0001,0,0.0001,0,0.0001,0.0001,0,0.0001,0.0001,0,0,0,0.0002,0,0,0,0.0001,0,0,0.3266,0.257,0.3266,0.257,
0.752,1.504,0.752,1.504,0.752,0.752,0.376,0.752,0,1.128,0.376,1.128,0.752,0,1.504,0,0,0.376,1.128,0.376,0,0.0001,0,0.0001,0,0,0,0,0,0.0001,0,0.0001,0,0,0.0001,0,0,0,0.0001,0,0.2829,0.3411,0.2829,0.3411,
0.4177,0.8354,0.8354,0.4177,0.8354,0,0,0.8354,1.6708,1.2531,0,0.8354,1.2531,1.2531,1.2531,0.4177,0.4177,1.2531,0.4177,1.6708,0,0,0,0,0,0,0,0,0.0001,0.0001,0,0,0.0001,0.0001,0.0001,0,0,0.0001,0,0.0001,0.2773,0.305,0.2773,0.305,
1.5823,0,0,0,0.7912,1.5823,0,0,0,0,0,0,0.7912,0.7912,0.7912,0,0,0.7912,0,0.7912,0.0002,0,0,0,0.0001,0.0002,0,0,0,0,0,0,0.0001,0.0001,0.0001,0,0,0.0001,0,0.0001,0.0952,0.1136,0.0952,0.1136,
1.1906,0.3969,0.3969,0.3969,0.7938,0,0.3969,0.3969,1.9844,0.3969,1.5875,1.1906,1.1906,0.7938,1.1906,0.3969,1.1906,2.3813,0.7938,1.1906,0.0001,0,0,0,0.0001,0,0,0,0.0001,0,0.0001,0.0001,0.0001,0.0001,0.0001,0,0.0001,0.0002,0.0001,0.0001,0.3153,0.2878,0.3153,0.2878,
0,3.5514,0.5919,0.5919,0,1.1838,0,2.3676,1.7757,0,0,0.5919,1.1838,0,0,1.7757,1.1838,1.7757,0,1.1838,0,0.0001,0,0,0,0,0,0.0001,0.0001,0,0,0,0,0,0,0.0001,0,0.0001,0,0,0.1892,0.2189,0.1892,0.2189,
0.9798,0,0.4899,0.9798,2.4495,1.4697,0,1.4697,0.9798,1.9596,0.4899,0,1.4697,0,0.9798,0.4899,0.9798,1.4697,0,0.4899,0.0001,0,0,0.0001,0.0002,0.0001,0,0.0001,0.0001,0.0001,0,0,0.0001,0,0.0001,0,0.0001,0.0001,0,0,0.2267,0.2834,0.2267,0.2834,
0.404,0.404,0,1.616,1.212,0.808,0,0,0.404,0.404,1.616,1.212,1.212,1.212,0.808,1.212,1.212,0.404,1.212,0.808,0,0,0,0.0001,0.0001,0,0,0,0,0,0.0001,0.0001,0.0001,0.0001,0,0.0001,0.0001,0,0.0001,0,0.2716,0.3244,0.2716,0.3244,
2.6169,0.5234,1.5702,0,0.5234,0,0.5234,0,0.5234,1.0468,0.5234,0.5234,1.5702,0.5234,1.5702,0,0,1.0468,0.5234,0.5234,0.0002,0,0.0001,0,0,0,0,0,0,0.0001,0,0,0.0001,0,0.0001,0,0,0.0001,0,0,0.2143,0.2623,0.2143,0.2623,
0,0.9159,0,0,0,0.9159,0,3.6636,0,0,1.8318,0,0,0.9159,0,0,0,0.9159,0,0,0,0.0001,0,0,0,0.0001,0,0.0004,0,0,0.0002,0,0,0.0001,0,0,0,0.0001,0,0,0.0532,0.0309,0.0532,0.0309,
1.6608,0,0,0,0.6643,1.6608,0.3322,0.3322,0.9965,0.6643,0.6643,0.6643,0.3322,0.3322,4.9824,0.3322,1.3286,0.6643,0,0,0.0001,0,0,0,0.0001,0.0001,0,0,0.0001,0.0001,0.0001,0.0001,0,0,0.0004,0,0.0001,0.0001,0,0,0.3822,0.2856,0.3822,0.2856,
0,0,0,0.5293,0.5293,1.0586,0,0,1.588,0,0.5293,0.5293,0,1.588,1.0586,0.5293,0,0.5293,0.5293,0.5293,0,0,0,0.0001,0.0001,0.0001,0,0,0.0002,0,0.0001,0.0001,0,0.0002,0.0001,0.0001,0,0.0001,0.0001,0.0001,0.2319,0.2388,0.2319,0.2388,
0.4846,0,1.9384,0.4846,1.9384,0.9692,0,2.423,0,0.4846,0.4846,0.9692,1.4538,0,0.4846,1.9384,1.4538,0.9692,0.9692,0,0,0,0.0001,0,0.0001,0.0001,0,0.0001,0,0,0,0.0001,0.0001,0,0,0.0001,0.0001,0.0001,0.0001,0,0.2655,0.2499,0.2655,0.2499,
0.6861,0.6861,1.7153,1.0292,0.3431,0.3431,0.3431,1.0292,0.3431,1.7153,0,0.3431,1.7153,0,1.3723,0.6861,1.3723,1.0292,0.6861,1.3723,0,0,0.0001,0.0001,0,0,0,0.0001,0,0.0001,0,0,0.0001,0,0.0001,0,0.0001,0.0001,0,0.0001,0.3817,0.2752,0.3817,0.2752,
1.819,0.4547,0.4547,0.4547,1.819,0.9095,0.4547,1.819,0.9095,1.819,1.819,1.3642,0.4547,0.4547,0.4547,0.9095,1.3642,0.9095,0,1.3642,0.0001,0,0,0,0.0001,0,0,0.0001,0,0.0001,0.0001,0.0001,0,0,0,0,0.0001,0,0,0.0001,0.2931,0.2522,0.2931,0.2522,
0.6727,0,0.6727,0,0,0,0.6727,0.6727,0.6727,0.6727,0.6727,0.6727,0.6727,1.3454,0.6727,0,0.6727,0,0,0.6727,0.0001,0,0.0001,0,0,0,0.0001,0.0001,0.0001,0.0001,0.0001,0.0001,0.0001,0.0002,0.0001,0,0.0001,0,0,0.0001,0.1255,0.2018,0.1255,0.2018,
0.7791,0,0,1.1687,1.5582,1.1687,1.1687,0.7791,0.3896,1.5582,0,0.7791,0.3896,0.7791,0.7791,1.5582,0.7791,0.3896,1.5582,1.5582,0.0001,0,0,0.0001,0.0001,0.0001,0.0001,0.0001,0,0.0001,0,0.0001,0,0.0001,0.0001,0.0001,0.0001,0,0.0001,0.0001,0.325,0.2854,0.325,0.2854,
2.6689,0,0,1.0676,0.5338,0.5338,0.5338,0,1.0676,1.0676,0.5338,0.5338,0.5338,0.5338,1.0676,0,0,1.6014,0,0,0.0003,0,0,0.0001,0.0001,0.0001,0.0001,0,0.0001,0.0001,0.0001,0.0001,0.0001,0.0001,0.0001,0,0,0.0002,0,0,0.2163,0.2499,0.2163,0.2499,
0.4832,0.9665,0.9665,0.9665,0.4832,0.4832,0.4832,0.4832,0.4832,0.9665,0.4832,0.4832,1.9329,0.9665,0,1.9329,1.4497,0.9665,0.9665,0.4832,0,0.0001,0.0001,0.0001,0,0,0,0,0,0.0001,0,0,0.0001,0.0001,0,0.0001,0.0001,0.0001,0.0001,0,0.2745,0.2423,0.2745,0.2423,
0.403,1.2089,1.2089,2.4179,0.403,2.0149,1.6119,0.806,0.403,0,0.806,0.403,1.6119,0.806,0.403,1.2089,0.403,0.403,0.403,0,0,0.0001,0.0001,0.0001,0,0.0001,0.0001,0,0,0,0,0,0.0001,0,0,0.0001,0,0,0,0,0.3167,0.2803,0.3167,0.2803,
0.5561,0.5561,0.5561,0.5561,0.5561,0.5561,0,1.1123,0.5561,2.2245,0.5561,0,0,0,1.1123,1.6684,0.5561,1.6684,0.5561,0,0,0,0,0,0,0,0,0.0001,0,0.0001,0,0,0,0,0.0001,0.0001,0,0.0001,0,0,0.2314,0.2125,0.2314,0.2125,
1.7181,0,0.6873,1.3745,0.6873,0.6873,0.6873,0.6873,0.6873,1.0309,0.3436,0.3436,0.6873,0.3436,2.749,0.3436,1.7181,0,0,1.0309,0.0001,0,0.0001,0.0001,0.0001,0.0001,0.0001,0.0001,0.0001,0.0001,0,0,0.0001,0,0.0002,0,0.0001,0,0,0.0001,0.3558,0.3006,0.3558,0.3006,
2.7187,0,0.4531,0.4531,2.7187,0.4531,0,0.9062,0.4531,3.6249,0.4531,0.4531,1.3593,0,0.9062,0.9062,1.3593,0.4531,0.4531,0.9062,0.0002,0,0,0,0.0002,0,0,0.0001,0,0.0002,0,0,0.0001,0,0.0001,0.0001,0.0001,0,0,0.0001,0.2613,0.2855,0.2613,0.2855,
0,0,0,0,0,0.6485,0,0,1.9456,0.6485,0,0,0,0,0.6485,1.2971,0,1.9456,0.6485,0.6485,0,0,0,0,0,0.0001,0,0,0.0003,0.0001,0,0,0,0,0.0001,0.0002,0,0.0003,0.0001,0.0001,0.1811,0.1704,0.1811,0.1704,
0.3804,1.1411,0.3804,0,0,0.7607,0.7607,1.1411,1.9018,0,0.7607,0.3804,0.3804,0.7607,2.2822,0.3804,0.3804,2.2822,0,0,0,0.0001,0,0,0,0.0001,0.0001,0.0001,0.0001,0,0.0001,0,0,0.0001,0.0002,0,0,0.0002,0,0,0.3089,0.3108,0.3089,0.3108,
0.851,1.2764,0,0.851,0.4255,0.851,1.7019,0.4255,0.851,0.851,1.2764,0.851,0,0.851,0.4255,1.7019,1.2764,0,0.851,0.4255,0.0001,0.0001,0,0.0001,0,0.0001,0.0001,0,0.0001,0.0001,0.0001,0.0001,0,0.0001,0,0.0001,0.0001,0,0.0001,0,0.2708,0.3037,0.2708,0.3037,
2.6531,0,0.5306,0.5306,1.5919,0.5306,0,2.1225,1.5919,3.1837,0.5306,0.5306,0.5306,0.5306,0,0.5306,1.0612,0,0,0,0.0002,0,0,0,0.0001,0,0,0.0002,0.0001,0.0002,0,0,0,0,0,0,0.0001,0,0,0,0.2192,0.2502,0.2192,0.2502,
0.4738,0.4738,0,1.895,0.9475,0,1.4213,0.9475,0.9475,0.4738,0.4738,0.4738,0.9475,0.9475,0.9475,0,0.4738,0,0,0.4738,0,0,0,0.0002,0.0001,0,0.0001,0.0001,0.0001,0,0,0,0.0001,0.0001,0.0001,0,0,0,0,0,0.2843,0.242,0.2843,0.242,
1.0719,0.5359,1.0719,0.5359,1.6078,1.6078,0,0,0.5359,1.0719,1.6078,0,1.0719,1.0719,0.5359,2.1437,0,0.5359,0,0.5359,0.0001,0,0.0001,0,0.0001,0.0001,0,0,0,0.0001,0.0001,0,0.0001,0.0001,0,0.0001,0,0,0,0,0.2391,0.225,0.2391,0.225,
1.1657,1.7486,0.5829,0,1.1657,0,0,1.7486,0,0.5829,2.3314,0,1.1657,1.7486,1.1657,0.5829,2.3314,0.5829,1.1657,0.5829,0.0001,0.0001,0,0,0.0001,0,0,0.0001,0,0,0.0001,0,0.0001,0.0001,0.0001,0,0.0001,0,0.0001,0,0.1949,0.2222,0.1949,0.2222,
1.2045,0.803,0.4015,1.606,0,0.803,0.4015,0,0.803,1.606,1.606,1.2045,0.4015,1.606,0.803,1.2045,1.2045,0.803,0.803,0.4015,0.0001,0,0,0.0001,0,0,0,0,0,0.0001,0.0001,0.0001,0,0.0001,0,0.0001,0.0001,0,0,0,0.2906,0.308,0.2906,0.308,
0.3864,0.3864,0.7727,0.3864,0.7727,0,1.1591,0,1.5455,0.7727,0.7727,1.1591,0.3864,0.3864,1.1591,0.7727,1.1591,0.3864,1.5455,0.7727,0,0,0.0001,0,0.0001,0,0.0001,0,0.0001,0.0001,0.0001,0.0001,0,0,0.0001,0.0001,0.0001,0,0.0001,0.0001,0.2762,0.3374,0.2762,0.3374,
0,0.6623,1.3246,0.6623,0,0,1.9868,0,0,0.6623,0.6623,0,0,1.3246,0,1.3246,0,0,0,0,0,0.0001,0.0002,0.0001,0,0,0.0003,0,0,0.0001,0.0001,0,0,0.0002,0,0.0002,0,0,0,0,0.2258,0.1119,0.2258,0.1119,
0.5129,0.5129,0,0,1.0257,0,0.5129,2.5643,1.0257,3.59,0.5129,2.5643,0.5129,0.5129,1.0257,1.5386,1.0257,1.0257,0,0.5129,0,0,0,0,0.0001,0,0,0.0001,0.0001,0.0002,0,0.0001,0,0,0.0001,0.0001,0.0001,0.0001,0,0,0.2555,0.2316,0.2555,0.2316,
0,0,0,0,1.3131,1.3131,2.6263,1.9697,0,1.3131,0.6566,0,0,0.6566,0,0,0.6566,0,0,0.6566,0,0,0,0,0.0002,0.0002,0.0005,0.0003,0,0.0002,0.0001,0,0,0.0001,0,0,0.0001,0,0,0.0001,0.1574,0.1861,0.1574,0.1861,
1.3924,0,1.3924,0,0.6962,0.6962,0,0,0,0.6962,0.6962,1.3924,0.6962,0.6962,0,0.6962,2.0886,0,0,0.6962,0.0001,0,0.0001,0,0.0001,0.0001,0,0,0,0.0001,0.0001,0.0001,0.0001,0.0001,0,0.0001,0.0002,0,0,0.0001,0.148,0.1558,0.148,0.1558,
0,0.5158,0.5158,1.0316,0,0.5158,0.5158,1.0316,1.0316,0.5158,0.5158,0.5158,0.5158,2.0631,1.0316,1.5473,1.0316,0.5158,0,1.5473,0,0,0,0.0001,0,0,0,0.0001,0.0001,0,0,0,0,0.0002,0.0001,0.0001,0.0001,0,0,0.0001,0.2636,0.2206,0.2636,0.2206,
0.5037,1.0074,1.5111,0,2.0148,0.5037,1.0074,0,0.5037,0,1.0074,0.5037,2.0148,0.5037,0.5037,1.5111,0.5037,0.5037,0,0.5037,0,0.0001,0.0001,0,0.0001,0,0.0001,0,0,0,0.0001,0,0.0001,0,0,0.0001,0,0,0,0,0.2999,0.1964,0.2999,0.1964,
0.4278,1.2835,0.8557,0,0.8557,0.8557,0.8557,0.4278,0.4278,1.2835,2.1392,1.2835,0,0.8557,0.4278,2.1392,0.8557,2.1392,1.7113,0,0,0.0001,0,0,0,0,0,0,0,0.0001,0.0001,0.0001,0,0,0,0.0001,0,0.0001,0.0001,0,0.2884,0.2838,0.2884,0.2838,
1.3802,1.3802,0.9201,0.4601,0,0.4601,0.9201,0.4601,1.3802,0,1.3802,0,0,0,0.4601,1.3802,0.4601,0.4601,1.8402,0,0.0001,0.0001,0,0,0,0,0,0,0.0001,0,0.0001,0,0,0,0,0.0001,0,0,0.0001,0,0.2857,0.2542,0.2857,0.2542,
1.2941,1.2941,0.3235,1.9412,0.6471,0,0.9706,0.3235,1.2941,1.2941,0.3235,0.3235,0.6471,0.6471,0.9706,0.3235,1.9412,0.6471,0.3235,0.6471,0.0001,0.0001,0,0.0001,0,0,0.0001,0,0.0001,0.0001,0,0,0,0,0.0001,0,0.0001,0,0,0,0.323,0.3535,0.323,0.3535,
3.3235,0,0,0.5539,1.6617,3.8774,0,1.6617,0,2.7696,0.5539,0,0.5539,0,0.5539,1.1078,0,3.3235,0.5539,1.1078,0.0002,0,0,0,0.0001,0.0002,0,0.0001,0,0.0002,0,0,0,0,0,0.0001,0,0.0002,0,0.0001,0.2322,0.2139,0.2322,0.2139,
0.8159,0.408,0.408,1.2239,1.2239,0.408,1.2239,1.6318,2.0398,0.408,0.408,0.8159,0.408,0.8159,0.408,0,0.8159,1.6318,0.408,0,0.0001,0,0,0.0001,0.0001,0,0.0001,0.0001,0.0001,0,0,0.0001,0,0.0001,0,0,0.0001,0.0001,0,0,0.2811,0.3109,0.2811,0.3109,
0.8021,0.4011,1.2032,0.4011,1.6042,1.2032,0.4011,1.2032,0.8021,2.4064,1.2032,0.8021,0.4011,0.8021,0.8021,0.4011,0,0,0.8021,0.8021,0,0,0.0001,0,0.0001,0.0001,0,0.0001,0,0.0001,0.0001,0,0,0,0,0,0,0,0,0,0.339,0.2599,0.339,0.2599,
2.027,0.8108,0.4054,1.2162,0.4054,1.6216,0.8108,1.2162,0.4054,0.8108,0.4054,1.6216,1.2162,1.6216,0.4054,0.4054,0,1.2162,0.8108,0.4054,0.0001,0,0,0.0001,0,0.0001,0,0.0001,0,0,0,0.0001,0.0001,0.0001,0,0,0,0.0001,0,0,0.2759,0.3187,0.2759,0.3187,
0.4481,0,1.3442,0.8961,0,0.4481,1.3442,0.8961,0.4481,0.4481,0.4481,0.4481,1.3442,0.8961,0.4481,1.3442,0.4481,0.8961,1.3442,0.4481,0,0,0.0001,0.0001,0,0,0.0001,0.0001,0,0,0,0,0.0001,0.0001,0,0.0001,0,0.0001,0.0001,0,0.271,0.2809,0.271,0.2809,
0,0,0,2.2405,0.7468,0.7468,0,0.7468,0,2.2405,1.4936,0,0,0,0,0.7468,0,0,0,0,0,0,0,0.0003,0.0001,0.0001,0,0.0001,0,0.0003,0.0002,0,0,0,0,0.0001,0,0,0,0,0.1252,0.128,0.1252,0.128,
0.4161,0.8323,1.2484,0.8323,0.8323,1.6645,0,0,0.8323,0.8323,0.4161,0.4161,1.6645,1.2484,0,0.4161,0.8323,0.8323,1.2484,1.2484,0,0,0.0001,0,0,0.0001,0,0,0,0,0,0,0.0001,0.0001,0,0,0,0,0.0001,0.0001,0.2971,0.2868,0.2971,0.2868,
0.7496,0,0,0,0,1.4991,0,0,0,0.7496,0,0.7496,0,0,1.4991,1.4991,0,0.7496,0,0.7496,0.0001,0,0,0,0,0.0002,0,0,0,0.0001,0,0.0001,0,0,0.0002,0.0002,0,0.0001,0,0.0001,0.1588,0.0916,0.1588,0.0916,
0.7289,0,0,1.4578,0,1.4578,0,0,0,0,0.7289,0.7289,0,0.7289,0,0,1.4578,2.9155,0,0.7289,0.0001,0,0,0.0002,0,0.0002,0,0,0,0,0.0001,0.0001,0,0.0001,0,0,0.0002,0.0004,0,0.0001,0.1308,0.1403,0.1308,0.1403,
1.1631,0.3877,0.7754,0,0.3877,2.3261,1.5508,0.3877,0.3877,1.1631,0.7754,0.7754,1.1631,1.1631,1.1631,0.7754,0.7754,1.1631,1.1631,0.7754,0.0001,0,0,0,0,0.0001,0.0001,0,0,0.0001,0,0,0.0001,0.0001,0.0001,0,0,0.0001,0.0001,0,0.3535,0.2588,0.3535,0.2588,
0.3748,0.7496,0.3748,1.4993,0.7496,0.3748,0.7496,0,0.3748,0.3748,0.3748,0.7496,0.3748,1.4993,0.7496,1.4993,1.4993,1.1245,1.8741,1.1245,0,0,0,0.0001,0,0,0,0,0,0,0,0,0,0.0001,0,0.0001,0.0001,0.0001,0.0001,0.0001,0.3034,0.3218,0.3034,0.3218,
0,0.5805,0.5805,0,0.5805,0,0,1.161,1.7415,0.5805,0,0.5805,0.5805,0,1.7415,0.5805,0,0,0,0,0,0.0001,0.0001,0,0.0001,0,0,0.0001,0.0002,0.0001,0,0.0001,0.0001,0,0.0002,0.0001,0,0,0,0,0.2282,0.1913,0.2282,0.1913,
0,0,0,0.6777,1.3553,0.6777,0.6777,0,0.6777,0.6777,0,0.6777,0,0.6777,0.6777,0.6777,1.3553,0.6777,0,0,0,0,0,0.0001,0.0002,0.0001,0.0001,0,0.0001,0.0001,0,0.0001,0,0.0001,0.0001,0.0001,0.0002,0.0001,0,0,0.1939,0.1284,0.1939,0.1284,
0,0.4317,0,0,0.4317,0.8634,1.2951,0.8634,1.2951,0.4317,1.7268,0,0.4317,0.4317,1.2951,1.2951,0.8634,0.4317,0.8634,0.8634,0,0,0,0,0,0.0001,0.0001,0.0001,0.0001,0,0.0001,0,0,0,0.0001,0.0001,0.0001,0,0.0001,0.0001,0.3075,0.2608,0.3075,0.2608,
0.7862,0,0.7862,0.3931,0.3931,0.3931,1.1793,2.3586,0,1.1793,0.3931,0.7862,0.7862,0,1.5724,0.3931,1.5724,0.3931,0.3931,1.1793,0.0001,0,0.0001,0,0,0,0.0001,0.0002,0,0.0001,0,0.0001,0.0001,0,0.0001,0,0.0001,0,0,0.0001,0.3396,0.2673,0.3396,0.2673,
1.0267,1.0267,0.6845,0.6845,0.6845,0,1.369,0.6845,0.6845,0.3422,0.3422,1.0267,0.6845,0.3422,1.7112,1.7112,0.3422,0,0.3422,1.0267,0.0001,0.0001,0,0,0,0,0.0001,0,0,0,0,0.0001,0,0,0.0001,0.0001,0,0,0,0.0001,0.3166,0.3412,0.3166,0.3412,
2.372,0,0.593,0.593,1.779,2.372,0,2.965,0.593,2.965,0.593,0,0.593,1.186,0,0.593,0,1.186,0.593,0,0.0002,0,0,0,0.0001,0.0002,0,0.0002,0,0.0002,0,0,0,0.0001,0,0,0,0.0001,0,0,0.2003,0.2067,0.2003,0.2067,
0.5127,1.0254,1.0254,0,0.5127,1.0254,1.5381,0,0.5127,1.5381,0.5127,0,1.0254,0.5127,0.5127,1.5381,1.0254,2.5634,0,0,0,0.0001,0.0001,0,0,0.0001,0.0001,0,0,0.0001,0,0,0.0001,0,0,0.0001,0.0001,0.0001,0,0,0.2831,0.2042,0.2831,0.2042,
0.5621,0,0,0,0,3.9345,0,0,1.6862,1.6862,0.5621,2.8103,0.5621,1.1241,0,2.2483,3.3724,1.1241,0.5621,0,0,0,0,0,0,0.0003,0,0,0.0001,0.0001,0,0.0002,0,0.0001,0,0.0002,0.0002,0.0001,0,0,0.2287,0.2093,0.2287,0.2093,
1.6903,0,1.2677,0.8452,0.4226,0.4226,0.8452,0.8452,1.6903,1.6903,0.8452,0.4226,1.6903,0.8452,0,0.8452,0.4226,2.5355,0,1.2677,0.0001,0,0.0001,0.0001,0,0,0.0001,0.0001,0.0001,0.0001,0.0001,0,0.0001,0.0001,0,0.0001,0,0.0002,0,0.0001,0.293,0.2844,0.293,0.2844,
2.8789,0.3599,2.1592,1.4395,0.3599,0.7197,0,1.0796,1.0796,1.4395,0,0.3599,0.7197,0,1.0796,0,0,1.7993,0.3599,0.3599,0.0002,0,0.0001,0.0001,0,0,0,0.0001,0.0001,0.0001,0,0,0,0,0.0001,0,0,0.0001,0,0,0.3521,0.2881,0.3521,0.2881,
0.5177,0,1.0355,0.5177,1.0355,0.5177,0.5177,0.5177,0,1.5532,0,0.5177,0,0.5177,1.5532,0,0,1.5532,0,2.5887,0.0001,0,0.0001,0.0001,0.0001,0.0001,0.0001,0.0001,0,0.0002,0,0.0001,0,0.0001,0.0002,0,0,0.0002,0,0.0003,0.2344,0.2479,0.2344,0.2479,
0,1.187,0,0.7913,0,0.7913,0.3957,1.5827,2.7697,0,0.7913,0.3957,1.187,0.7913,1.9784,0.3957,0,1.5827,0,0,0,0.0001,0,0.0001,0,0.0001,0,0.0001,0.0002,0,0.0001,0,0.0001,0.0001,0.0001,0,0,0.0001,0,0,0.3308,0.2735,0.3308,0.2735,
0,0.3938,1.575,0.7875,0,1.575,0,1.9688,0.7875,0.7875,0.7875,1.9688,0.7875,1.1813,0.3938,1.575,1.1813,0.7875,0.7875,0.7875,0,0,0.0001,0,0,0.0001,0,0.0001,0,0,0,0.0001,0,0.0001,0,0.0001,0.0001,0,0,0,0.302,0.3043,0.302,0.3043,
0.9437,0.9437,0.4719,0.9437,0.4719,0,0.4719,0.4719,0.9437,0,0.4719,0.9437,0,2.8312,0.9437,1.8875,0.4719,0.9437,0,0.4719,0.0001,0.0001,0,0.0001,0,0,0,0,0.0001,0,0,0.0001,0,0.0002,0.0001,0.0001,0,0.0001,0,0,0.2635,0.2646,0.2635,0.2646,
0,1.1751,0,0.3917,0,0.7834,0.3917,1.5668,2.7419,0,0.3917,0.7834,0.3917,0.7834,1.5668,1.5668,0,1.9585,0,0,0,0.0001,0,0,0,0.0001,0,0.0001,0.0002,0,0,0.0001,0,0.0001,0.0001,0.0001,0,0.0001,0,0,0.3001,0.3082,0.3001,0.3082,
0.6706,3.0176,0,0,0,0,0,0,0,0,0.3353,0,0.3353,0,9.7235,1.3412,0,0.3353,0,0.6706,0,0.0001,0,0,0,0,0,0,0,0,0,0,0,0,0.0005,0.0001,0,0,0,0,0.3811,0.2836,0.3811,0.2836,
0.7526,0.7526,0,0,0.7526,0,0,0.7526,0,0.7526,1.5052,0,0.7526,0,0.7526,1.5052,0.7526,1.5052,2.2579,0,0.0001,0.0001,0,0,0.0001,0,0,0.0001,0,0.0001,0.0001,0,0.0001,0,0.0001,0.0001,0.0001,0.0001,0.0002,0,0.1146,0.1328,0.1146,0.1328,
1.9417,0.4854,1.4562,0,0.9708,0.9708,1.4562,0,0,0,0.9708,1.9417,0.4854,1.4562,0.4854,0.9708,2.4271,1.4562,0.4854,0,0.0001,0,0.0001,0,0.0001,0.0001,0.0001,0,0,0,0.0001,0.0001,0,0.0001,0,0.0001,0.0001,0.0001,0,0,0.2471,0.2675,0.2471,0.2675,
1.2789,0.4263,0.4263,0.4263,1.2789,0,0.8526,1.2789,2.1316,1.7053,0.4263,2.5579,1.7053,1.2789,0,0,0.8526,2.1316,0.4263,0.8526,0.0001,0,0,0,0.0001,0,0.0001,0.0001,0.0001,0.0001,0,0.0002,0.0001,0.0001,0,0,0.0001,0.0001,0,0.0001,0.2928,0.2809,0.2928,0.2809,
1.0737,1.4316,1.4316,0.7158,0.7158,1.0737,1.0737,1.4316,1.4316,0.3579,0.7158,0,0.3579,0.3579,0.3579,0,0.7158,0.7158,1.0737,0.3579,0,0.0001,0.0001,0,0,0,0,0.0001,0.0001,0,0,0,0,0,0,0,0,0,0,0,0.3241,0.318,0.3241,0.318,
0.7486,0.7486,1.4971,1.1228,0,0.3743,0.3743,1.4971,0.3743,0.7486,1.1228,0.7486,1.1228,1.4971,1.4971,2.9942,1.1228,0.3743,0.3743,0,0,0,0.0001,0.0001,0,0,0,0.0001,0,0,0.0001,0,0.0001,0.0001,0.0001,0.0002,0.0001,0,0,0,0.3174,0.3083,0.3174,0.3083,
1.1876,2.3753,0.7918,0.3959,0.7918,0,0.3959,0.7918,1.1876,0.7918,1.9794,0.7918,0,0,0.3959,0.7918,1.9794,0,0.7918,1.9794,0,0.0001,0,0,0,0,0,0,0,0,0.0001,0,0,0,0,0,0.0001,0,0,0.0001,0.3282,0.2759,0.3282,0.2759,
0.4502,0.9004,0,0.4502,1.8007,0,1.8007,1.8007,0.9004,0.4502,1.8007,0.4502,1.8007,0.9004,0.9004,1.3505,0,1.8007,0.4502,0.4502,0,0.0001,0,0,0.0001,0,0.0001,0.0001,0.0001,0,0.0001,0,0.0001,0.0001,0.0001,0.0001,0,0.0001,0,0,0.3241,0.2258,0.3241,0.2258,
0,0,1.4346,0,1.4346,0.7173,0,0,0,0,0,0,0,1.4346,0,0.7173,0,0,0,1.4346,0,0,0.0002,0,0.0002,0.0001,0,0,0,0,0,0,0,0.0002,0,0.0001,0,0,0,0.0002,0.1473,0.1354,0.1473,0.1354,
0.7484,0.7484,0.3742,0.7484,1.1225,0.3742,0.3742,1.4967,1.1225,0.3742,0.3742,0.7484,0.7484,0,1.1225,0.3742,1.1225,0,1.4967,0.3742,0,0,0,0,0.0001,0,0,0.0001,0.0001,0,0,0,0,0,0.0001,0,0.0001,0,0.0001,0,0.3865,0.2393,0.3865,0.2393,
2.3154,0,0.5788,0,1.1577,1.1577,0,2.8942,1.1577,3.473,0.5788,0.5788,1.1577,0.5788,0.5788,2.3154,1.7365,1.7365,0.5788,0,0.0001,0,0,0,0.0001,0.0001,0,0.0002,0.0001,0.0002,0,0,0.0001,0,0,0.0001,0.0001,0.0001,0,0,0.2097,0.2114,0.2097,0.2114,
1.394,0.4647,0,1.8587,0.4647,0.4647,0.4647,0.4647,0.4647,0,1.8587,0.9294,0,0.4647,1.8587,0.4647,0.9294,0.4647,0.9294,0.4647,0.0001,0,0,0.0001,0,0,0,0,0,0,0.0001,0.0001,0,0,0.0001,0,0.0001,0,0.0001,0,0.2631,0.2722,0.2631,0.2722,
0.3892,1.1676,0.3892,0,0,0.3892,0.3892,0.7784,2.7244,0.3892,0.3892,1.1676,0.3892,0.7784,1.946,0.3892,0.3892,2.7244,0,0,0,0.0001,0,0,0,0,0,0.0001,0.0002,0,0,0.0001,0,0.0001,0.0001,0,0,0.0002,0,0,0.3292,0.2816,0.3292,0.2816,
1.3143,0,0.8762,0.4381,2.6285,0.8762,0,0.8762,0.4381,3.9428,0.4381,0.4381,1.3143,0,0.8762,1.7524,1.3143,0.8762,0.4381,0.4381,0.0001,0,0,0,0.0001,0,0,0,0,0.0002,0,0,0.0001,0,0,0.0001,0.0001,0,0,0,0.276,0.2859,0.276,0.2859,
0,0,1.9365,0.6455,0,3.5502,0,0.3227,0,0.6455,2.2592,0,0,0,0.9682,0.6455,0,0.3227,1.9365,0,0,0,0.0001,0,0,0.0002,0,0,0,0,0.0001,0,0,0,0,0,0,0,0.0001,0,0.3317,0.3456,0.3317,0.3456,
0.9138,1.3707,1.8276,0,0.9138,1.3707,0,0.9138,0.4569,1.8276,0.9138,2.2845,0.4569,0.4569,0,1.3707,1.3707,0,0.9138,0.9138,0,0.0001,0.0001,0,0,0.0001,0,0,0,0.0001,0,0.0001,0,0,0,0.0001,0.0001,0,0,0,0.249,0.2941,0.249,0.2941,
0.9643,0.4821,1.4464,1.9286,1.4464,1.4464,0.4821,0.9643,0.4821,2.4107,0.4821,0,1.9286,0,0.4821,1.9286,1.4464,1.9286,0,0.9643,0,0,0.0001,0.0001,0.0001,0.0001,0,0,0,0.0001,0,0,0.0001,0,0,0.0001,0.0001,0.0001,0,0,0.2513,0.2666,0.2513,0.2666,
1.2257,0,0.8171,0,0.4086,0,0.8171,0.4086,1.2257,1.2257,1.2257,0.8171,0.8171,0.8171,2.0428,0.4086,0.8171,0.4086,0.8171,0.4086,0.0001,0,0.0001,0,0,0,0.0001,0,0.0001,0.0001,0.0001,0.0001,0.0001,0.0001,0.0002,0,0.0001,0,0.0001,0,0.2438,0.3477,0.2438,0.3477,
0.9949,0,0,0,0.3316,1.3265,0.3316,1.3265,1.6582,0.3316,0.3316,0,0.3316,0.6633,3.3163,0.9949,1.3265,0.9949,0,0.3316,0.0001,0,0,0,0,0.0001,0,0.0001,0.0001,0,0,0,0,0.0001,0.0003,0.0001,0.0001,0.0001,0,0,0.3791,0.2893,0.3791,0.2893,
1.2742,1.2742,0.8494,0.4247,0.8494,0.8494,0.4247,0.4247,0.4247,1.2742,0.4247,1.2742,1.6989,0.4247,0.4247,1.2742,0.8494,1.6989,1.6989,1.2742,0,0,0,0,0,0,0,0,0,0,0,0,0.0001,0,0,0,0,0.0001,0.0001,0,0.2987,0.2766,0.2987,0.2766,
0.8025,0.4012,1.6049,0.4012,1.6049,1.2037,0.8025,0,0.4012,0.8025,1.2037,0.4012,0.8025,0,0.4012,1.2037,1.2037,0.4012,0.8025,0.4012,0,0,0.0001,0,0.0001,0.0001,0,0,0,0,0.0001,0,0,0,0,0.0001,0.0001,0,0,0,0.3191,0.2797,0.3191,0.2797,
0.3503,0,0,0.3503,0.3503,1.0509,0.3503,0.3503,3.1527,1.0509,0.7006,0,0.3503,0.7006,4.2037,0.3503,1.4012,0.3503,0,0.3503,0,0,0,0,0,0.0001,0,0,0.0003,0.0001,0.0001,0,0,0.0001,0.0005,0,0.0002,0,0,0,0.2985,0.3512,0.2985,0.3512,
0,0.3937,0,0.3937,0.7873,1.9683,0.3937,1.5746,2.3619,0.7873,1.181,1.181,0.3937,0.3937,0.3937,0.7873,2.7556,1.181,0.3937,0.3937,0,0,0,0,0,0.0001,0,0.0001,0.0001,0,0.0001,0.0001,0,0,0,0,0.0002,0.0001,0,0,0.3224,0.2839,0.3224,0.2839,
0.4948,1.4845,0.9897,0.9897,0.4948,0.4948,0.4948,1.4845,0.9897,1.4845,0.4948,1.4845,0.9897,0.9897,0,0.9897,1.9793,0.9897,0.4948,1.9793,0,0.0001,0,0,0,0,0,0.0001,0,0.0001,0,0.0001,0,0,0,0,0.0001,0,0,0.0001,0.3056,0.1996,0.3056,0.1996,
0.9463,0,0,0.4732,0,2.3659,0.9463,2.3659,0.4732,0.4732,0.9463,1.4195,1.8927,0.9463,0.4732,0,0,0.4732,1.8927,0.4732,0.0001,0,0,0,0,0.0001,0.0001,0.0001,0,0,0.0001,0.0001,0.0001,0.0001,0,0,0,0,0.0001,0,0.2842,0.2427,0.2842,0.2427,
0,0.8786,1.3179,0.4393,0.8786,0.8786,0,0.8786,0.4393,0.4393,0.4393,1.3179,0.4393,1.3179,1.7572,0,0,0.4393,1.3179,0.8786,0,0,0.0001,0,0,0,0,0,0,0,0,0.0001,0,0.0001,0.0001,0,0,0,0.0001,0,0.2345,0.3262,0.2345,0.3262,
0.6374,0,0,0.6374,2.5497,1.2749,0,2.5497,0.6374,3.8246,0.6374,1.2749,0.6374,1.9123,0,1.9123,1.2749,2.5497,0,0,0,0,0,0,0.0002,0.0001,0,0.0002,0,0.0003,0,0.0001,0,0.0001,0,0.0001,0.0001,0.0002,0,0,0.1857,0.1769,0.1857,0.1769,
1.1521,0.7681,0.384,0,0.384,0.7681,0,0.384,2.3043,0.7681,0.384,0.384,0.7681,0.7681,3.4564,1.5362,0.384,2.3043,0,0.7681,0.0001,0,0,0,0,0,0,0,0.0001,0,0,0,0,0,0.0002,0.0001,0,0.0001,0,0,0.3371,0.2789,0.3371,0.2789,
0.6753,0.6753,1.3506,0.6753,1.013,1.013,1.3506,0.3377,1.3506,0.6753,1.013,1.3506,0.3377,0.6753,0.6753,0.3377,0.6753,1.013,0.3377,0,0,0,0.0001,0,0.0001,0.0001,0.0001,0,0.0001,0,0.0001,0.0001,0,0,0,0,0,0.0001,0,0,0.3223,0.3401,0.3223,0.3401,
0,0,0.5373,1.0746,3.2239,1.6119,0,1.0746,0.5373,2.6866,0.5373,1.0746,1.0746,0,1.0746,1.0746,1.0746,2.1492,0,0.5373,0,0,0,0.0001,0.0002,0.0001,0,0.0001,0,0.0002,0,0.0001,0.0001,0,0.0001,0.0001,0.0001,0.0002,0,0,0.2293,0.2334,0.2293,0.2334,
0,0.6652,0.6652,0.6652,0,0.6652,0.6652,0,0.6652,1.3304,0,0.6652,1.9956,0.6652,0,0,0,1.3304,0,0.6652,0,0.0001,0.0001,0.0001,0,0.0001,0.0001,0,0.0001,0.0001,0,0.0001,0.0002,0.0001,0,0,0,0.0001,0,0.0001,0.1882,0.1466,0.1882,0.1466,
1.2343,0.4114,0,0.8229,0.8229,0.4114,0.8229,1.2343,0.4114,0.8229,0.8229,1.2343,1.2343,1.2343,1.2343,1.6458,2.4687,1.2343,1.2343,0.8229,0.0001,0,0,0,0,0,0,0.0001,0,0,0,0.0001,0.0001,0.0001,0.0001,0.0001,0.0001,0.0001,0.0001,0,0.2668,0.3218,0.2668,0.3218,
0.9804,0,1.3072,0.6536,0,0.3268,0.6536,0,2.6144,0.9804,0.6536,1.3072,0.3268,0.6536,2.6144,0.6536,0.9804,0.9804,0.6536,0,0.0001,0,0.0001,0.0001,0,0,0.0001,0,0.0002,0.0001,0.0001,0.0001,0,0.0001,0.0002,0.0001,0.0001,0.0001,0.0001,0,0.3357,0.3375,0.3357,0.3375,
1.0763,0,0,0,0.3588,1.0763,0.3588,0.7175,2.1526,1.0763,0.3588,0.7175,0.3588,0.7175,3.9464,1.4351,0.7175,0.7175,0,0.3588,0.0001,0,0,0,0,0.0001,0,0.0001,0.0002,0.0001,0,0.0001,0,0.0001,0.0003,0.0001,0.0001,0.0001,0,0,0.3651,0.2762,0.3651,0.2762,
1.5205,0,0,0,0.7602,2.2807,0,0,0,0.7602,0,0,1.5205,0,0.7602,0.7602,1.5205,0.7602,0.7602,0,0.0002,0,0,0,0.0001,0.0003,0,0,0,0.0001,0,0,0.0002,0,0.0001,0.0001,0.0002,0.0001,0.0001,0,0.118,0.1217,0.118,0.1217,
0,0.4584,0.4584,1.3752,0.4584,2.2921,1.3752,1.3752,0,0.9168,1.3752,1.3752,0.4584,0.9168,0.4584,2.2921,0.4584,0,0,0.9168,0,0,0,0.0001,0,0.0001,0.0001,0.0001,0,0.0001,0.0001,0.0001,0,0.0001,0,0.0001,0,0,0,0.0001,0.238,0.3036,0.238,0.3036,
1.2028,0,1.2028,1.2028,0.8018,0.8018,0.4009,0,1.2028,0.8018,0.4009,1.2028,0,0.4009,1.2028,1.6037,0.4009,0.4009,0.4009,0.8018,0.0001,0,0.0001,0.0001,0.0001,0.0001,0,0,0.0001,0.0001,0,0.0001,0,0,0.0001,0.0001,0,0,0,0.0001,0.27,0.3291,0.27,0.3291,
0.8097,0,0.8097,0,0.8097,0.8097,0,0,0,0.8097,0,0,1.6195,0,0.8097,1.6195,0,1.6195,0,0,0.0001,0,0.0001,0,0.0001,0.0001,0,0,0,0.0001,0,0,0.0002,0,0.0001,0.0002,0,0.0002,0,0,0.0717,0.1185,0.0717,0.1185,
0.5746,1.1493,1.1493,0.5746,0.5746,1.1493,1.1493,0.5746,0,0.5746,0.5746,1.1493,0.5746,1.1493,0,0,0,0,0.5746,0,0,0.0001,0.0001,0,0,0.0001,0.0001,0,0,0,0,0.0001,0,0.0001,0,0,0,0,0,0,0.2314,0.1939,0.2314,0.1939,
1.2165,0.4055,1.2165,0.4055,2.0275,1.2165,0.4055,0,0.4055,0.4055,0.811,0,1.622,0.4055,1.2165,0,0.4055,0,0.811,0.811,0.0001,0,0.0001,0,0.0001,0.0001,0,0,0,0,0.0001,0,0.0001,0,0.0001,0,0,0,0.0001,0.0001,0.2955,0.299,0.2955,0.299,
1.328,0.4427,3.0986,0.4427,1.328,0.4427,0,0.8853,0.8853,0.8853,0.4427,0,0.4427,1.328,0.4427,0.4427,0.4427,1.328,0.4427,0.4427,0.0001,0,0.0002,0,0.0001,0,0,0.0001,0.0001,0.0001,0,0,0,0.0001,0,0,0,0.0001,0,0,0.2847,0.2726,0.2847,0.2726,
0,0.7883,1.5765,0.7883,1.9706,1.5765,0.3941,1.1824,0.7883,1.5765,0.7883,0,0,1.1824,0.3941,1.9706,0,1.1824,0.3941,1.1824,0,0,0.0001,0,0.0001,0.0001,0,0.0001,0,0.0001,0,0,0,0.0001,0,0.0001,0,0.0001,0,0.0001,0.3013,0.3046,0.3013,0.3046,
0.5308,1.5923,1.5923,0,1.5923,1.0615,1.0615,0,0,0.5308,0,0,0,0.5308,0.5308,1.0615,0,0,0.5308,0,0,0.0001,0.0001,0,0.0001,0.0001,0.0001,0,0,0,0,0,0,0,0,0.0001,0,0,0,0,0.2462,0.223,0.2462,0.223,
0.3573,0.7145,0.3573,1.7863,0,0,2.5008,0.7145,0,0.7145,1.0718,0.7145,0.3573,0.3573,1.0718,0.7145,1.0718,0.7145,1.429,0.7145,0,0,0,0.0001,0,0,0.0001,0,0,0,0.0001,0,0,0,0.0001,0,0.0001,0,0.0001,0,0.3677,0.2751,0.3677,0.2751,
1.0421,1.0421,0.5211,0.5211,1.0421,1.0421,0.5211,1.5632,1.5632,0.5211,1.0421,0,1.0421,0.5211,0,0,1.0421,1.5632,0,0,0.0001,0.0001,0,0,0.0001,0.0001,0,0.0001,0.0001,0,0.0001,0,0.0001,0,0,0,0.0001,0.0001,0,0,0.2483,0.2306,0.2483,0.2306,
2.7947,0.7985,0.7985,0.3992,0.7985,0.3992,0.3992,0.3992,1.597,0,0.3992,0,0.7985,0.7985,0.7985,0.7985,1.9962,1.9962,1.1977,0.3992,0.0002,0,0,0,0,0,0,0,0.0001,0,0,0,0,0,0,0,0.0001,0.0001,0.0001,0,0.3824,0.2184,0.3824,0.2184,
0.6694,0,0.6694,0,0,0,1.3388,1.3388,0.6694,0,0,1.3388,0.6694,0,1.3388,0.6694,0.6694,0,0,0.6694,0.0001,0,0.0001,0,0,0,0.0002,0.0002,0.0001,0,0,0.0002,0.0001,0,0.0002,0.0001,0.0001,0,0,0.0001,0.1533,0.1773,0.1533,0.1773,
0.3771,0,1.1313,0.3771,1.1313,0.3771,0,1.5085,0.7542,0.3771,0,0,0,1.5085,3.0169,0.7542,0.3771,1.1313,1.1313,0,0,0,0.0001,0,0.0001,0,0,0.0001,0.0001,0,0,0,0,0.0001,0.0002,0.0001,0,0.0001,0.0001,0,0.3622,0.2607,0.3622,0.2607,
0,1.0917,0,1.0917,0,0.3639,1.0917,1.4556,3.2752,1.0917,0.3639,1.4556,1.0917,0.7278,0.7278,1.4556,0.7278,0.7278,0,0.7278,0,0.0001,0,0.0001,0,0,0.0001,0.0001,0.0002,0.0001,0,0.0001,0.0001,0,0,0.0001,0,0,0,0,0.3488,0.2873,0.3488,0.2873,
0.6366,0.6366,0.6366,0.6366,0,1.9097,0,0,0,1.9097,0.6366,0.6366,0,0.6366,0,0.6366,0.6366,0.6366,1.2732,1.2732,0,0,0,0,0,0.0001,0,0,0,0.0001,0,0,0,0,0,0,0,0,0.0001,0.0001,0.1939,0.1695,0.1939,0.1695,
0,0,0.7871,1.5742,0,0.7871,0,0.7871,0,0.7871,0,1.5742,0,0.7871,0,0.7871,1.5742,0.7871,0,1.5742,0,0,0.0001,0.0003,0,0.0001,0,0.0001,0,0.0001,0,0.0003,0,0.0001,0,0.0001,0.0003,0.0001,0,0.0003,0.0958,0.1171,0.0958,0.1171,
0.4747,0.9495,0,1.4242,0.9495,1.4242,0,1.899,1.4242,1.899,0.4747,1.4242,0.9495,0.4747,0.4747,0,0.4747,1.4242,0.4747,1.4242,0,0,0,0.0001,0,0.0001,0,0.0001,0.0001,0.0001,0,0.0001,0,0,0,0,0,0.0001,0,0.0001,0.2921,0.2332,0.2921,0.2332,
0,0.5105,0,0,0.5105,0,1.021,0.5105,1.5314,0,1.021,1.021,1.021,1.021,0.5105,1.021,0,0,1.021,0,0,0,0,0,0,0,0.0001,0,0.0001,0,0.0001,0.0001,0.0001,0.0001,0,0.0001,0,0,0.0001,0,0.2308,0.2587,0.2308,0.2587,
0.8477,0.4239,0.8477,0,0.8477,1.2716,1.6954,1.2716,1.2716,0,1.2716,0.4239,1.2716,0.8477,0,0.8477,0.8477,1.2716,0.4239,0,0.0001,0,0.0001,0,0.0001,0.0001,0.0001,0.0001,0.0001,0,0.0001,0,0.0001,0.0001,0,0.0001,0.0001,0.0001,0,0,0.3088,0.2674,0.3088,0.2674,
0.48,0,0.9599,0,1.4399,1.4399,0.48,0,0.48,0.48,0,2.3998,1.4399,1.4399,0.9599,2.3998,0.48,0,0.48,1.4399,0,0,0.0001,0,0.0001,0.0001,0,0,0,0,0,0.0001,0.0001,0.0001,0.0001,0.0001,0,0,0,0.0001,0.2774,0.2426,0.2774,0.2426,
0.9879,0.6586,0.6586,0.6586,1.3172,1.6465,0.6586,0,0.3293,1.9758,0.3293,0,0,0.6586,1.6465,2.3051,0.6586,0,0.6586,1.3172,0.0001,0,0,0,0.0001,0.0001,0,0,0,0.0001,0,0,0,0,0.0001,0.0001,0,0,0,0.0001,0.3716,0.2991,0.3716,0.2991,
2.1327,0,0.5332,1.0664,1.0664,1.0664,0.5332,0,1.0664,0.5332,1.0664,0.5332,0,0,0,1.0664,0.5332,0,0.5332,0,0.0002,0,0,0.0001,0.0001,0.0001,0,0,0.0001,0,0.0001,0,0,0,0,0.0001,0,0,0,0,0.2509,0.2159,0.2509,0.2159,
1.8486,0,0,0,1.2324,1.2324,0,3.081,0.6162,3.6972,0.6162,0,1.2324,0,0.6162,1.8486,2.4648,0,0,0.6162,0.0001,0,0,0,0.0001,0.0001,0,0.0002,0,0.0002,0,0,0.0001,0,0,0.0001,0.0002,0,0,0,0.2165,0.1674,0.2165,0.1674,
0.4946,0.9892,0.9892,0,0,0.9892,0.4946,0,0.9892,0.4946,0.4946,0,0.4946,1.4838,0.9892,0,0.9892,0.9892,0.9892,0,0,0.0001,0.0001,0,0,0.0001,0,0,0.0001,0,0,0,0,0.0001,0.0001,0,0.0001,0.0001,0.0001,0,0.2379,0.2675,0.2379,0.2675,
0,0,0,0,0,0.6753,0.6753,0.6753,0,1.3506,0,1.3506,0.6753,0,1.3506,0.6753,0.6753,0,0,0,0,0,0,0,0,0.0001,0.0001,0.0001,0,0.0002,0,0.0002,0.0001,0,0.0002,0.0001,0.0001,0,0,0,0.1654,0.1592,0.1654,0.1592,
0,0.707,0,0.707,0,0,0,2.1211,0,0,0,0.707,0,0,0.707,0,0,0.707,1.4141,0.707,0,0.0001,0,0.0001,0,0,0,0.0002,0,0,0,0.0001,0,0,0.0001,0,0,0.0001,0.0001,0.0001,0.1465,0.1464,0.1465,0.1464,
1.1591,0.3864,0.3864,0.3864,0.3864,0.7728,0.3864,1.1591,0.3864,0,1.1591,1.1591,0.3864,0.3864,1.9319,0.3864,0.7728,1.1591,0.7728,0,0.0001,0,0,0,0,0.0001,0,0.0001,0,0,0.0001,0.0001,0,0,0.0001,0,0.0001,0.0001,0.0001,0,0.3223,0.2913,0.3223,0.2913,
0.3482,0,0.3482,0,0,1.0446,0.3482,0.6964,2.0891,1.0446,0.3482,1.0446,0,1.0446,3.1337,0.6964,0.3482,1.0446,0,0.6964,0,0,0,0,0,0.0001,0,0.0001,0.0002,0.0001,0,0.0001,0,0.0001,0.0003,0.0001,0,0.0001,0,0.0001,0.3543,0.2975,0.3543,0.2975,
0,0.3153,1.5765,1.5765,0,0.3153,0.9459,0.9459,1.2612,0.6306,0.6306,1.8918,0.3153,0,1.2612,0.9459,0.6306,0.3153,0.9459,0.9459,0,0,0.0001,0.0001,0,0,0.0001,0.0001,0.0001,0,0,0.0001,0,0,0.0001,0.0001,0,0,0.0001,0.0001,0.3166,0.3681,0.3166,0.3681,
0.6638,1.3276,1.3276,0,0.6638,0,0.6638,0.6638,0,0.6638,0,0,0.6638,1.3276,0.6638,0.6638,0,0,0,0,0,0.0001,0.0001,0,0,0,0,0,0,0,0,0,0,0.0001,0,0,0,0,0,0,0.1728,0.1634,0.1728,0.1634,
0,0,0.5123,1.5368,1.0245,1.0245,0.5123,0.5123,2.0491,1.0245,0,1.0245,1.0245,1.0245,0,0,0,1.0245,0,0,0,0,0.0001,0.0002,0.0001,0.0001,0.0001,0.0001,0.0002,0.0001,0,0.0001,0.0001,0.0001,0,0,0,0.0001,0,0,0.2629,0.2248,0.2629,0.2248,
0,0,1.1639,0,1.1639,0.5819,0,2.3277,0.5819,0,1.1639,0.5819,0.5819,0,0.5819,1.1639,1.1639,1.1639,0.5819,1.1639,0,0,0.0001,0,0.0001,0,0,0.0002,0,0,0.0001,0,0,0,0,0.0001,0.0001,0.0001,0,0.0001,0.1978,0.2203,0.1978,0.2203,
0.6714,0,0,0.6714,0,1.3427,0,2.0141,0,0.6714,1.3427,1.3427,0.6714,0,0.6714,1.3427,0.6714,0.6714,0,0,0.0001,0,0,0.0001,0,0.0001,0,0.0002,0,0.0001,0.0001,0.0001,0.0001,0,0.0001,0.0001,0.0001,0.0001,0,0,0.164,0.1647,0.164,0.1647,
0.4644,0.4644,0.9287,0,0.4644,0.4644,0.4644,0.4644,1.3931,0.4644,0.4644,0.4644,0.9287,2.3218,1.3931,0.4644,0.4644,0.4644,0.4644,0.4644,0,0,0.0001,0,0,0,0,0,0.0001,0,0,0,0.0001,0.0002,0.0001,0,0,0,0,0,0.2778,0.2578,0.2778,0.2578,
1.6709,0,0.8354,0,0,0.8354,0,0.4177,0.8354,1.2531,0.8354,0.4177,1.6709,0.8354,2.0886,2.924,0,1.2531,0,0.8354,0.0001,0,0.0001,0,0,0.0001,0,0,0.0001,0.0001,0.0001,0,0.0001,0.0001,0.0001,0.0002,0,0.0001,0,0.0001,0.3155,0.2668,0.3155,0.2668,
1.3835,0.4612,1.3835,1.3835,1.3835,2.3058,0.9223,0.9223,0,0.4612,0.4612,0.9223,1.3835,0,1.3835,0.9223,0.9223,0.4612,0,0,0.0001,0,0.0001,0.0001,0.0001,0.0001,0.0001,0.0001,0,0,0,0.0001,0.0001,0,0.0001,0.0001,0.0001,0,0,0,0.2942,0.2447,0.2942,0.2447,
0.7653,1.148,0.3827,0,0,0.7653,0.3827,1.9133,3.0613,0,0.7653,0.3827,0.3827,1.148,1.9133,0.3827,0,0.7653,0,0,0,0.0001,0,0,0,0,0,0.0001,0.0002,0,0,0,0,0.0001,0.0001,0,0,0,0,0,0.3157,0.3017,0.3157,0.3017,
0,0,1.4346,0,0.7173,1.4346,0,2.1519,0,0.7173,0.7173,2.8692,0,0,0,0,0,0,0,0,0,0,0.0001,0,0.0001,0.0001,0,0.0002,0,0.0001,0.0001,0.0002,0,0,0,0,0,0,0,0,0.1244,0.1583,0.1244,0.1583,
2.0888,0,0.6963,0.6963,0.6963,1.3925,0.6963,0.3481,2.0888,1.0444,0.3481,2.785,0,0.6963,1.3925,0.6963,0.6963,0,0,0.3481,0.0001,0,0,0,0,0.0001,0,0,0.0001,0.0001,0,0.0002,0,0,0.0001,0,0,0,0,0,0.3097,0.3422,0.3097,0.3422,
1.4047,0,0.9364,0.9364,0.4682,0.9364,0.4682,0,0.9364,0.9364,0,0,0,0.9364,0.4682,1.8729,1.4047,0.9364,0.4682,0.9364,0.0001,0,0.0001,0.0001,0,0.0001,0,0,0.0001,0.0001,0,0,0,0.0001,0,0.0001,0.0001,0.0001,0,0.0001,0.2533,0.2785,0.2533,0.2785,
0,0.5038,1.0076,0.5038,0,0.5038,1.0076,0.5038,1.0076,1.5113,0.5038,0,0.5038,0.5038,1.0076,1.5113,1.0076,0.5038,0,0.5038,0,0,0.0001,0,0,0,0.0001,0,0.0001,0.0001,0,0,0,0,0.0001,0.0001,0.0001,0,0,0,0.2197,0.2765,0.2197,0.2765,
2.1189,0.3532,0.7063,1.7658,0.7063,0,1.0595,0.7063,0,1.4126,0.7063,1.0595,1.0595,1.0595,1.4126,0.3532,1.0595,0.7063,0.3532,0.3532,0.0001,0,0,0.0001,0,0,0.0001,0,0,0.0001,0,0.0001,0.0001,0.0001,0.0001,0,0.0001,0,0,0,0.3158,0.331,0.3158,0.331,
0.369,1.107,0.369,0,0,0.738,1.107,0.738,2.2139,0,0.738,0.369,0.369,0.738,2.2139,0.738,0,2.2139,0,0,0,0.0001,0,0,0,0,0.0001,0,0.0001,0,0,0,0,0,0.0001,0,0,0.0001,0,0,0.3493,0.2817,0.3493,0.2817,
0.6651,0.6651,0,0.6651,0,0.6651,0,0.6651,1.3302,0,0,0.6651,0.6651,0,0.6651,0,0.6651,0,0,0,0.0001,0.0001,0,0.0001,0,0.0001,0,0.0001,0.0002,0,0,0.0001,0.0001,0,0.0001,0,0.0001,0,0,0,0.1522,0.1827,0.1522,0.1827,
1.2254,1.2254,0.8169,0.4085,0.8169,1.6339,1.2254,0.8169,0.4085,0,0.8169,0.4085,0.8169,0.8169,1.2254,0.8169,0.8169,1.2254,0,0.4085,0.0001,0.0001,0,0,0,0.0001,0.0001,0,0,0,0,0,0,0,0.0001,0,0,0.0001,0,0,0.2788,0.3127,0.2788,0.3127,
0,0,1.6835,0.3367,0,1.0101,1.0101,0,2.6936,0.3367,1.0101,2.3569,1.0101,0.6734,1.0101,1.3468,1.0101,0.6734,0,0,0,0,0.0001,0,0,0.0001,0.0001,0,0.0002,0,0.0001,0.0002,0.0001,0.0001,0.0001,0.0001,0.0001,0.0001,0,0,0.3781,0.2852,0.3781,0.2852,
0.3657,0.3657,0.3657,1.0972,1.0972,0.7315,0.7315,0.7315,1.463,1.8287,0.7315,0.7315,0.3657,1.0972,1.0972,0.3657,0.7315,0,1.463,0.7315,0,0,0,0.0001,0.0001,0,0,0,0.0001,0.0001,0,0,0,0.0001,0.0001,0,0,0,0.0001,0,0.3379,0.2964,0.3379,0.2964,
0,0.4192,1.677,0.4192,0.8385,1.2577,2.0962,0.8385,0.4192,1.2577,0.8385,1.2577,0.8385,0.8385,0.4192,0,0,1.2577,0.8385,0.8385,0,0,0.0001,0,0,0.0001,0.0001,0,0,0.0001,0,0.0001,0,0,0,0,0,0.0001,0,0,0.3609,0.2199,0.3609,0.2199,
0.7715,0,0,1.543,0,0,0,0.7715,0.7715,2.3146,0,0,1.543,0,0,0,0,1.543,0,0,0.0001,0,0,0.0002,0,0,0,0.0001,0.0001,0.0004,0,0,0.0002,0,0,0,0,0.0002,0,0,0.1222,0.1063,0.1222,0.1063,
0.4523,0.4523,0,0,0.4523,0.4523,1.8092,0.4523,1.3569,0.4523,0.4523,0.9046,0.9046,0.9046,0.9046,1.3569,1.3569,1.3569,0.4523,1.3569,0,0,0,0,0,0,0.0001,0,0.0001,0,0,0.0001,0.0001,0.0001,0.0001,0.0001,0.0001,0.0001,0,0.0001,0.2726,0.2751,0.2726,0.2751,
1.0894,1.0894,1.0894,0.5447,0,1.0894,0.5447,0,0.5447,1.6341,0,0,0,0,0.5447,2.1788,0.5447,1.0894,0,0.5447,0.0001,0.0001,0.0001,0,0,0.0001,0,0,0,0.0001,0,0,0,0,0,0.0001,0,0.0001,0,0,0.1984,0.2569,0.1984,0.2569,
1.3739,0,0,2.0608,0.6869,0.6869,0,0,0.6869,0,0,0,0,0.6869,0,0.6869,0,0.6869,0.6869,0,0.0002,0,0,0.0003,0.0001,0.0001,0,0,0.0001,0,0,0,0,0.0001,0,0.0001,0,0.0001,0.0001,0,0.1466,0.1664,0.1466,0.1664,
2.1885,0,0,0,0.3126,0.9379,0.6253,0.6253,2.5012,0.3126,0.6253,0.3126,0.3126,0.3126,2.5012,0.3126,0.9379,0.6253,0.3126,0,0.0002,0,0,0,0,0.0001,0.0001,0.0001,0.0002,0,0.0001,0,0,0,0.0002,0,0.0001,0.0001,0,0,0.4003,0.2871,0.4003,0.2871,
1.097,0,0.5485,0,1.6455,2.1939,0,2.1939,0,2.7424,0.5485,0.5485,0,0,0.5485,2.1939,0,1.097,1.097,0,0.0001,0,0,0,0.0001,0.0001,0,0.0001,0,0.0001,0,0,0,0,0,0.0001,0,0.0001,0.0001,0,0.2635,0.188,0.2635,0.188,
0,0.43,0.43,0.86,0,0.43,0.86,0.86,0.86,0,0.43,1.29,1.7199,0.43,1.29,1.7199,2.1499,0.43,0.86,0.86,0,0,0,0.0001,0,0,0.0001,0.0001,0.0001,0,0,0.0001,0.0001,0,0.0001,0.0001,0.0001,0,0.0001,0.0001,0.2864,0.2836,0.2864,0.2836,
0.7235,1.0853,1.0853,1.447,0.3618,0,1.0853,0.7235,0.3618,0,1.447,0,0.7235,1.0853,0.3618,1.8088,0.3618,0,1.447,1.8088,0,0.0001,0.0001,0.0001,0,0,0.0001,0,0,0,0.0001,0,0,0.0001,0,0.0001,0,0,0.0001,0.0001,0.3102,0.3281,0.3102,0.3281,
0.4743,0.9486,0,0.4743,0.9486,0.9486,0.4743,0.4743,0.9486,0.9486,0.4743,1.8972,0,1.4229,0.9486,1.8972,0.9486,0.4743,0,0.4743,0,0.0001,0,0,0.0001,0.0001,0,0,0.0001,0.0001,0,0.0001,0,0.0001,0.0001,0.0001,0.0001,0,0,0,0.2896,0.2361,0.2896,0.2361,
0,0.5091,2.0365,0.5091,1.0182,0,0,0,0.5091,1.0182,0,0,1.5274,0.5091,1.5274,0.5091,2.0365,0.5091,1.5274,1.0182,0,0,0.0001,0,0.0001,0,0,0,0,0.0001,0,0,0.0001,0,0.0001,0,0.0001,0,0.0001,0.0001,0.2434,0.2475,0.2434,0.2475,
1.7023,0.4256,0,0.8512,0.8512,0.4256,1.7023,1.7023,0.8512,0,0,1.2767,0.8512,0.8512,0.8512,0.4256,0.8512,1.7023,0,0.8512,0.0001,0,0,0.0001,0.0001,0,0.0001,0.0001,0.0001,0,0,0.0001,0.0001,0.0001,0.0001,0,0.0001,0.0001,0,0.0001,0.3002,0.2742,0.3002,0.2742,
0.34,0,1.3599,1.3599,0.34,0.68,0.34,0.68,0.34,1.02,1.02,1.02,0.34,0.34,1.6999,0.68,1.02,0.34,1.02,0.68,0,0,0.0001,0.0001,0,0,0,0,0,0.0001,0.0001,0.0001,0,0,0.0001,0,0.0001,0,0.0001,0,0.3537,0.3063,0.3537,0.3063,
1.4554,0,0,0.4851,0.9702,0.9702,0,0.9702,0.9702,1.4554,0,0.9702,0.4851,0,1.4554,0.4851,0.4851,0,0,2.4256,0.0001,0,0,0,0.0001,0.0001,0,0.0001,0.0001,0.0001,0,0.0001,0,0,0.0001,0,0,0,0,0.0002,0.3224,0.1925,0.3224,0.1925,
0.5073,0,2.0292,0.5073,0.5073,0,1.5219,1.0146,1.5219,2.0292,0,0.5073,0.5073,0,0.5073,1.0146,0,0.5073,0,0,0,0,0.0002,0,0,0,0.0001,0.0001,0.0001,0.0002,0,0,0,0,0,0.0001,0,0,0,0,0.2551,0.2376,0.2551,0.2376,
4.3978,0.4398,0.8796,1.3194,0.8796,1.7591,0,0.8796,0.4398,1.7591,0.4398,0,0.4398,0.8796,0.8796,2.1989,0.8796,2.1989,0.8796,0.4398,0.0002,0,0,0.0001,0,0.0001,0,0,0,0.0001,0,0,0,0,0,0.0001,0,0.0001,0,0,0.2648,0.2954,0.2648,0.2954,
1.1734,0.3911,1.1734,0.3911,0,0.7823,0.3911,0,1.1734,1.9557,0.7823,1.1734,0,0,1.1734,1.1734,0.3911,0.7823,1.5646,0.3911,0.0001,0,0.0001,0,0,0,0,0,0.0001,0.0001,0,0.0001,0,0,0.0001,0.0001,0,0,0.0001,0,0.3109,0.2979,0.3109,0.2979,
2.1673,0,0,5.4182,0,0,0,0.5418,3.2509,0,0,0.5418,0,0,0,0,0,0.5418,0,0,0.0003,0,0,0.0007,0,0,0,0.0001,0.0004,0,0,0.0001,0,0,0,0,0,0.0001,0,0,0.2299,0.2283,0.2299,0.2283,
1.9992,0.3998,1.1995,0.7997,0,1.1995,1.1995,0.7997,0.7997,1.1995,1.1995,0.7997,0.3998,0.7997,0.7997,0.7997,0.7997,0.7997,1.1995,0.3998,0.0001,0,0.0001,0,0,0.0001,0.0001,0,0,0.0001,0.0001,0,0,0,0,0,0,0,0.0001,0,0.3127,0.2875,0.3127,0.2875,
2.299,0,0.5747,0.5747,0.5747,0.5747,0,0,0,4.0232,0.5747,0,0.5747,0.5747,1.1495,0,1.7242,2.299,0,1.1495,0.0002,0,0.0001,0.0001,0.0001,0.0001,0,0,0,0.0004,0.0001,0,0.0001,0.0001,0.0001,0,0.0002,0.0002,0,0.0001,0.2066,0.2186,0.2066,0.2186,
0.4691,0,0.9382,0,0.4691,0.9382,1.4074,0,1.8765,0.4691,1.4074,0.4691,0,0.9382,0.4691,1.8765,0,0,0.9382,0.9382,0,0,0.0001,0,0,0.0001,0.0001,0,0.0002,0,0.0001,0,0,0.0001,0,0.0002,0,0,0.0001,0.0001,0.2521,0.2787,0.2521,0.2787,
0,1.0961,0.3654,0,0,0.3654,0.3654,1.4614,1.4614,0.3654,0.3654,0.7307,0.3654,1.0961,2.9228,0.3654,0.3654,1.8268,0,0,0,0.0001,0,0,0,0,0,0.0001,0.0001,0,0,0.0001,0,0.0001,0.0002,0,0,0.0001,0,0,0.3289,0.3058,0.3289,0.3058,
0,0.681,0.681,0,0,0.681,0,0,1.362,0.681,0,1.362,0,0,0.681,0.681,1.362,0,0,0,0,0.0001,0.0001,0,0,0.0001,0,0,0.0002,0.0001,0,0.0002,0,0,0.0001,0.0001,0.0002,0,0,0,0.166,0.153,0.166,0.153,
1.4836,0.3709,1.1127,0,1.1127,1.1127,1.4836,0.7418,1.1127,0,1.1127,0.3709,2.2255,1.4836,0.3709,0.7418,0.3709,1.1127,0,1.4836,0.0001,0,0.0001,0,0.0001,0.0001,0.0001,0,0.0001,0,0.0001,0,0.0001,0.0001,0,0,0,0.0001,0,0.0001,0.3236,0.3055,0.3236,0.3055,
1.195,0.3983,0,1.195,0.3983,1.195,1.5933,0.7967,1.195,0.7967,0.7967,0.3983,0,1.195,0.3983,0.3983,0.3983,0.7967,0.7967,0.3983,0.0001,0,0,0.0001,0,0.0001,0.0001,0.0001,0.0001,0.0001,0.0001,0,0,0.0001,0,0,0,0.0001,0.0001,0,0.2778,0.3239,0.2778,0.3239,
0.4118,1.2355,0,1.6473,0.4118,0,0.4118,0.8237,1.2355,0.8237,0.8237,0.8237,0,1.2355,1.2355,1.6473,1.6473,0.4118,0.4118,0.4118,0,0.0001,0,0.0001,0,0,0,0.0001,0.0001,0.0001,0.0001,0.0001,0,0.0001,0.0001,0.0001,0.0001,0,0,0,0.372,0.2162,0.372,0.2162,
1.1826,0,1.7739,0,0.5913,2.3652,0,0,0,0.5913,0,1.1826,0,0.5913,0.5913,0,1.1826,2.3652,0,0.5913,0.0001,0,0.0002,0,0.0001,0.0002,0,0,0,0.0001,0,0.0001,0,0.0001,0.0001,0,0.0001,0.0002,0,0.0001,0.2285,0.1802,0.2285,0.1802,
1.0536,0.5268,1.5804,0.5268,2.1073,1.0536,0.5268,0.5268,1.0536,1.0536,0.5268,0,1.5804,0.5268,0,1.0536,1.0536,1.5804,0,0,0.0001,0,0.0001,0,0.0001,0.0001,0,0,0.0001,0.0001,0,0,0.0001,0,0,0.0001,0.0001,0.0001,0,0,0.1851,0.2881,0.1851,0.2881,
1.158,0,0.772,0,0,1.544,0.772,0.386,1.158,1.544,0.386,0.386,1.158,0.386,1.544,1.93,0.386,0.772,0.772,0.772,0.0001,0,0.0001,0,0,0.0001,0.0001,0,0.0001,0.0001,0,0,0.0001,0,0.0001,0.0001,0,0.0001,0.0001,0.0001,0.3116,0.3024,0.3116,0.3024,
0.3477,0.6953,1.043,0.6953,0.6953,1.043,2.0859,1.043,1.043,0.3477,0.6953,1.043,0.6953,0.6953,0.6953,0.3477,0.6953,0.6953,0.6953,1.043,0,0,0.0001,0,0,0.0001,0.0001,0.0001,0.0001,0,0,0.0001,0,0,0,0,0,0,0,0.0001,0.3309,0.3215,0.3309,0.3215,
1.7443,1.3955,0,0.6977,0.3489,0.6977,0.6977,0.3489,2.7909,1.3955,0.3489,1.3955,0,0,1.3955,1.3955,1.3955,0.6977,0,0.3489,0.0001,0.0001,0,0,0,0,0,0,0.0001,0.0001,0,0.0001,0,0,0.0001,0.0001,0.0001,0,0,0,0.3074,0.3437,0.3074,0.3437,
1.1296,0,0.5648,0,0,0.5648,0.5648,1.1296,1.6944,1.6944,0,0,0,0,0,0.5648,0.5648,1.1296,0,0,0.0001,0,0.0001,0,0,0.0001,0.0001,0.0001,0.0002,0.0002,0,0,0,0,0,0.0001,0.0001,0.0001,0,0,0.2288,0.2064,0.2288,0.2064,
0,0,0,0.4918,0,0.9835,0.4918,0,1.4753,0.9835,0,0,1.4753,0.4918,1.9671,0.4918,0.4918,0.9835,0,0.4918,0,0,0,0.0001,0,0.0001,0.0001,0,0.0002,0.0001,0,0,0.0002,0.0001,0.0002,0.0001,0.0001,0.0001,0,0.0001,0.2502,0.2581,0.2502,0.2581,
0.7813,0,1.1719,0.7813,0.3906,0.7813,0.7813,0.7813,0.7813,0.7813,0.7813,0.3906,0.7813,1.5626,0.3906,0.3906,0.7813,0,1.5626,1.1719,0.0001,0,0.0001,0.0001,0,0.0001,0.0001,0.0001,0.0001,0.0001,0.0001,0,0.0001,0.0001,0,0,0.0001,0,0.0001,0.0001,0.2984,0.311,0.2984,0.311,
0.7102,0,1.4204,0,0.7102,2.1307,0,0.7102,0,0.7102,0.7102,0,0,0,0.7102,0.7102,0.7102,1.4204,0,0,0.0001,0,0.0001,0,0.0001,0.0002,0,0.0001,0,0.0001,0.0001,0,0,0,0.0001,0.0001,0.0001,0.0001,0,0,0.1441,0.1457,0.1441,0.1457,
0.3187,1.2749,0.9561,0.9561,0.3187,0,0.6374,0,3.5059,0.9561,0.9561,0.9561,0.3187,0.3187,1.2749,0.3187,1.5936,0.3187,0,0.6374,0,0.0001,0.0001,0.0001,0,0,0,0,0.0002,0.0001,0.0001,0.0001,0,0,0.0001,0,0.0001,0,0,0,0.3836,0.2977,0.3836,0.2977,
0.9128,1.8256,1.3692,0.4564,1.3692,0.9128,0,0.4564,0.9128,0.4564,1.3692,1.8256,0.9128,0.9128,0.9128,0.9128,0.4564,0.4564,0.4564,0.4564,0,0.0001,0.0001,0,0.0001,0,0,0,0,0,0.0001,0.0001,0,0,0,0,0,0,0,0,0.2265,0.3171,0.2265,0.3171,
0.3968,1.1903,0.3968,1.587,1.1903,0.7935,1.1903,1.9838,0.3968,1.1903,1.587,0,1.1903,1.1903,0.3968,0.3968,1.1903,0.3968,1.1903,1.9838,0,0.0001,0,0.0001,0.0001,0,0.0001,0.0001,0,0.0001,0.0001,0,0.0001,0.0001,0,0,0.0001,0,0.0001,0.0001,0.3363,0.267,0.3363,0.267,
0,0,1.029,0.5145,2.5725,0.5145,0,2.058,1.029,3.0871,0.5145,1.029,1.029,0,1.029,2.058,1.5435,1.029,0,0.5145,0,0,0.0001,0,0.0002,0,0,0.0001,0.0001,0.0002,0,0.0001,0.0001,0,0.0001,0.0001,0.0001,0.0001,0,0,0.2472,0.2383,0.2472,0.2383,
0.4759,0,0,0.4759,0.4759,0.4759,0.4759,0.9519,0.9519,1.9037,0.9519,0.4759,0,0,0.9519,1.4278,0.9519,0.4759,0.9519,1.4278,0,0,0,0,0,0,0,0.0001,0.0001,0.0001,0.0001,0,0,0,0.0001,0.0001,0.0001,0,0.0001,0.0001,0.2504,0.2737,0.2504,0.2737,
0.5248,1.5743,0.5248,0,1.0495,0.5248,0.5248,0,0,0,0.5248,1.0495,0,0,2.0991,0.5248,0,0.5248,0,1.5743,0,0.0001,0,0,0.0001,0,0,0,0,0,0,0.0001,0,0,0.0001,0,0,0,0,0.0001,0.2399,0.2354,0.2399,0.2354,
1.6101,1.6101,0.5367,1.6101,1.6101,0,0,0,1.0734,0.5367,2.6835,0,1.0734,0,0.5367,2.1468,1.0734,2.1468,0,1.6101,0.0001,0.0001,0,0.0001,0.0001,0,0,0,0.0001,0,0.0001,0,0.0001,0,0,0.0001,0.0001,0.0001,0,0.0001,0.2072,0.2561,0.2072,0.2561,
0,1.113,1.113,0,0,0,0.5565,0.5565,0.5565,0.5565,0,0.5565,0,0.5565,1.113,0.5565,0.5565,1.6695,0,0,0,0.0001,0.0001,0,0,0,0.0001,0.0001,0.0001,0.0001,0,0.0001,0,0.0001,0.0001,0.0001,0.0001,0.0002,0,0,0.2135,0.23,0.2135,0.23,
0.4186,0.4186,1.6744,1.6744,1.2558,0.4186,0.8372,1.2558,0.4186,0.4186,0,1.2558,0.4186,0.4186,0.8372,0.8372,0.4186,0.8372,0,0.4186,0,0,0.0001,0.0001,0.0001,0,0.0001,0.0001,0,0,0,0.0001,0,0,0.0001,0.0001,0,0.0001,0,0,0.279,0.3023,0.279,0.3023,
0.9346,1.8692,0.4673,0.4673,0.4673,1.8692,1.8692,0,0,0.4673,0,0.9346,1.8692,1.4019,0,0.4673,1.8692,1.4019,0.4673,0.9346,0,0.0001,0,0,0,0.0001,0.0001,0,0,0,0,0,0.0001,0.0001,0,0,0.0001,0.0001,0,0,0.2682,0.2645,0.2682,0.2645,
0.6327,0,0,0,2.5308,1.2654,0,2.5308,0.6327,5.6943,0.6327,0.6327,0,0.6327,0,1.2654,1.8981,0.6327,0,0.6327,0,0,0,0,0.0001,0.0001,0,0.0001,0,0.0003,0,0,0,0,0,0.0001,0.0001,0,0,0,0.1893,0.178,0.1893,0.178,
1.9174,0.9587,2.3968,0,1.4381,0.9587,0,0.9587,0,2.3968,0,1.4381,2.3968,0.4794,0.4794,0.9587,0,0,0,0.4794,0.0001,0,0.0001,0,0.0001,0,0,0,0,0.0001,0,0.0001,0.0001,0,0,0,0,0,0,0,0.2652,0.2555,0.2652,0.2555,
0.3403,1.3613,0,2.0419,0.3403,0,0.6806,1.7016,4.0838,1.021,0.3403,0.6806,0,0,0.6806,1.3613,0.6806,0,0,0.3403,0,0.0001,0,0.0001,0,0,0,0.0001,0.0002,0.0001,0,0,0,0,0,0.0001,0,0,0,0,0.359,0.3007,0.359,0.3007,
0,0,1.0512,1.5768,0,0.5256,0,0.5256,0.5256,3.6793,0.5256,0.5256,0,0.5256,1.0512,1.0512,1.0512,1.5768,0,0.5256,0,0,0.0001,0.0001,0,0,0,0,0,0.0003,0,0,0,0,0.0001,0.0001,0.0001,0.0001,0,0,0.2428,0.2316,0.2428,0.2316,
0.7846,0.7846,0,0.3923,0.3923,0.3923,0.3923,0,1.9614,0.7846,1.1769,1.9614,0,0.3923,1.1769,0,0.3923,0.7846,0.7846,0.7846,0.0001,0.0001,0,0,0,0,0,0,0.0001,0.0001,0.0001,0.0001,0,0,0.0001,0,0,0.0001,0.0001,0.0001,0.3006,0.3071,0.3006,0.3071,
0,1.028,1.028,0,0.514,0.514,0,0,0.514,0,1.028,0.514,0.514,0.514,1.028,1.028,0,0.514,1.5419,0.514,0,0.0001,0.0001,0,0,0,0,0,0,0,0.0001,0,0,0,0.0001,0.0001,0,0,0.0001,0,0.2129,0.2731,0.2129,0.2731,
0.9428,1.4143,0,0.4714,1.4143,0,0.9428,1.4143,1.4143,0,0.4714,1.4143,1.4143,0.4714,0.9428,0.4714,1.4143,1.4143,0.9428,0.4714,0,0.0001,0,0,0.0001,0,0,0.0001,0.0001,0,0,0.0001,0.0001,0,0,0,0.0001,0.0001,0,0,0.2599,0.2687,0.2599,0.2687,
0,0,2.7562,0,0.689,1.3781,0,1.3781,0.689,0,0,0.689,0.689,0,0.689,0,0.689,0.689,0,0.689,0,0,0.0003,0,0.0001,0.0001,0,0.0001,0.0001,0,0,0.0001,0.0001,0,0.0001,0,0.0001,0.0001,0,0.0001,0.1297,0.1813,0.1297,0.1813,
0,0.3853,0,2.3116,0.3853,1.1558,0.3853,2.6969,1.1558,1.5411,0.7705,1.1558,0.3853,0,1.1558,1.9263,0.3853,0.7705,0,0.3853,0,0,0,0.0001,0,0.0001,0,0.0002,0.0001,0.0001,0,0.0001,0,0,0.0001,0.0001,0,0,0,0,0.3393,0.2754,0.3393,0.2754,
0.4316,0.4316,1.2949,0.8633,0.4316,0,0,0.4316,0.8633,1.7266,0,0,0.4316,0.4316,0.4316,1.7266,0.8633,0.8633,1.2949,0.8633,0,0,0.0001,0.0001,0,0,0,0,0.0001,0.0001,0,0,0,0,0,0.0001,0.0001,0.0001,0.0001,0.0001,0.2519,0.3164,0.2519,0.3164,
1.2028,0.8019,0.4009,0,0.8019,1.6038,2.0047,0.4009,1.6038,1.6038,1.2028,0.4009,1.2028,1.2028,0.4009,0.4009,0.4009,0.4009,0.8019,0.8019,0.0001,0,0,0,0,0.0001,0.0001,0,0.0001,0.0001,0.0001,0,0.0001,0.0001,0,0,0,0,0,0,0.2705,0.3286,0.2705,0.3286,
0.7276,0,1.819,1.4552,2.1828,3.2742,0,0.7276,0.7276,0.3638,0.3638,1.0914,0,0.7276,1.0914,0.7276,1.0914,1.0914,0,0,0,0,0.0001,0.0001,0.0001,0.0002,0,0,0,0,0,0.0001,0,0,0.0001,0,0.0001,0.0001,0,0,0.3519,0.2843,0.3519,0.2843,
0,0,0.542,0,3.2519,1.084,0,0.542,0.542,2.168,0.542,1.084,1.084,0,1.084,1.626,1.626,2.7099,0,0.542,0,0,0,0,0.0002,0.0001,0,0,0,0.0002,0,0.0001,0.0001,0,0.0001,0.0001,0.0001,0.0002,0,0,0.2363,0.2217,0.2363,0.2217,
0.7995,0.7995,0.3997,0,0.7995,0.7995,0.3997,1.599,1.1992,0.7995,0.7995,0.7995,0.3997,0.3997,1.1992,1.599,1.1992,1.1992,0,2.3985,0,0,0,0,0,0,0,0.0001,0.0001,0,0,0,0,0,0.0001,0.0001,0.0001,0.0001,0,0.0001,0.3206,0.2797,0.3206,0.2797,
1.4363,1.4363,0.4788,0.4788,0.4788,0.9575,0.4788,0.4788,0.9575,0,0.9575,0.9575,1.4363,1.9151,1.4363,0.4788,0,2.3939,1.4363,0.4788,0.0001,0.0001,0,0,0,0,0,0,0,0,0,0,0.0001,0.0001,0.0001,0,0,0.0001,0.0001,0,0.2576,0.2636,0.2576,0.2636,
1.0628,0.5314,0,0,1.0628,1.5942,0.5314,1.0628,1.0628,1.0628,1.0628,0.5314,0.5314,0.5314,0,0.5314,1.0628,1.5942,2.1255,0.5314,0.0001,0,0,0,0.0001,0.0001,0,0.0001,0.0001,0.0001,0.0001,0,0,0,0,0,0.0001,0.0001,0.0001,0,0.2327,0.2359,0.2327,0.2359,
0.7057,0,0.7057,0.7057,0,0.7057,0.7057,0.7057,0,0,0.7057,0,0,0.7057,0,0.7057,0,0,0.7057,0,0.0001,0,0.0001,0.0001,0,0.0001,0.0001,0.0001,0,0,0.0001,0,0,0.0001,0,0.0001,0,0,0.0001,0,0.1322,0.1621,0.1322,0.1621,
0.5297,2.6485,1.5891,1.0594,0.5297,1.5891,2.1188,0.5297,0.5297,0,0.5297,0.5297,0,0,0,0,1.5891,0.5297,1.0594,0,0,0.0001,0.0001,0.0001,0,0.0001,0.0001,0,0,0,0,0,0,0,0,0,0.0001,0,0.0001,0,0.2331,0.2372,0.2331,0.2372,
0.3513,0.7026,0.3513,1.0539,0.3513,0.7026,1.7565,0.7026,0.3513,0.7026,0.7026,1.0539,0.7026,0.7026,1.0539,0.3513,0.3513,0.3513,1.0539,1.4052,0,0,0,0.0001,0,0,0.0001,0,0,0,0,0.0001,0,0,0.0001,0,0,0,0.0001,0.0001,0.353,0.2957,0.353,0.2957,
1.1125,3.3375,0.5562,0.5562,0.5562,1.6687,0.5562,1.6687,0,0,0,1.6687,1.1125,1.1125,0.5562,0.5562,1.6687,0.5562,0,0,0,0.0001,0,0,0,0.0001,0,0.0001,0,0,0,0.0001,0,0,0,0,0.0001,0,0,0,0.2478,0.1959,0.2478,0.1959,
1.1372,1.1372,0.7582,1.5163,1.1372,0.7582,1.8954,0.3791,0.3791,1.5163,0.3791,0.3791,1.5163,0,0.3791,1.1372,0,0.3791,0.3791,0.3791,0.0001,0.0001,0,0.0001,0.0001,0,0.0001,0,0,0.0001,0,0,0.0001,0,0,0.0001,0,0,0,0,0.3054,0.3155,0.3054,0.3155,
0.7609,1.1413,0.7609,0.3804,0.3804,0.3804,0.7609,1.5218,0.7609,0.7609,0,1.5218,0,0.7609,1.5218,0,0.3804,0,1.5218,1.1413,0,0.0001,0,0,0,0,0,0.0001,0,0,0,0.0001,0,0,0.0001,0,0,0,0.0001,0.0001,0.3373,0.2823,0.3373,0.2823,
0.7283,0.7283,0.7283,0,0,0,0,0,0,0,0.7283,1.4566,0.7283,0.7283,0.7283,0,0,0.7283,0,0.7283,0.0001,0.0001,0.0001,0,0,0,0,0,0,0,0.0001,0.0002,0.0001,0.0001,0.0001,0,0,0.0001,0,0.0001,0.1407,0.131,0.1407,0.131,
1.4359,0,1.4359,0,0.9572,0.4786,0,0.9572,0.9572,0.9572,0,0,0.9572,2.3931,0.4786,0.4786,0.4786,0.4786,0.9572,1.4359,0.0001,0,0.0001,0,0.0001,0,0,0.0001,0.0001,0.0001,0,0,0.0001,0.0002,0,0,0,0,0.0001,0.0001,0.2302,0.2911,0.2302,0.2911,
0.5044,0,1.0088,0.5044,3.0265,1.5132,0,1.5132,1.0088,2.5221,0.5044,0.5044,1.0088,0,1.0088,1.0088,1.0088,2.0176,0,0.5044,0,0,0.0001,0,0.0002,0.0001,0,0.0001,0.0001,0.0002,0,0,0.0001,0,0.0001,0.0001,0.0001,0.0001,0,0,0.2527,0.2429,0.2527,0.2429,
0,0.4282,1.7127,2.5691,0.4282,0.4282,0.4282,2.1409,0.8564,1.2845,0.4282,1.2845,0.4282,0,0,1.2845,2.1409,1.2845,0,0.4282,0,0,0.0001,0.0001,0,0,0,0.0001,0,0.0001,0,0.0001,0,0,0,0.0001,0.0001,0.0001,0,0,0.2677,0.3041,0.2677,0.3041,
0,0,2.2639,0.566,0,0,0,2.2639,0,1.132,0,0,0.566,1.132,0,1.132,1.132,0.566,2.2639,0.566,0,0,0.0001,0,0,0,0,0.0001,0,0.0001,0,0,0,0.0001,0,0.0001,0.0001,0,0.0001,0,0.2318,0.2022,0.2318,0.2022,
0,0,0,0,1.3551,0,0.6776,0.6776,0.6776,0.6776,0,0.6776,1.3551,0,0.6776,0.6776,0,0,0,0,0,0,0,0,0.0002,0,0.0001,0.0001,0.0001,0.0001,0,0.0001,0.0002,0,0.0001,0.0001,0,0,0,0,0.1763,0.1461,0.1763,0.1461,
2.2363,0,0,1.1181,1.6772,0,0,1.6772,0.5591,2.2363,1.1181,0,1.1181,0.5591,1.1181,0.5591,1.1181,1.6772,0,0.5591,0.0002,0,0,0.0001,0.0002,0,0,0.0002,0.0001,0.0002,0.0001,0,0.0001,0.0001,0.0001,0.0001,0.0001,0.0002,0,0.0001,0.2176,0.2234,0.2176,0.2234,
1.0814,0,0.5407,0,0,0.5407,1.622,0,1.622,1.0814,0,0,1.0814,0,0,2.7034,0,1.0814,0,0.5407,0.0001,0,0.0001,0,0,0.0001,0.0002,0,0.0002,0.0001,0,0,0.0001,0,0,0.0003,0,0.0001,0,0.0001,0.2256,0.2337,0.2256,0.2337,
1.3916,0.9277,0.4639,0.4639,1.8554,0.4639,0.9277,0.4639,1.3916,1.3916,0.4639,0.4639,1.3916,0.4639,0,0.4639,0.9277,0,1.8554,0.9277,0.0001,0,0,0,0.0001,0,0,0,0.0001,0.0001,0,0,0.0001,0,0,0,0,0,0.0001,0,0.3021,0.2341,0.3021,0.2341,
2.396,0,0,1.5973,0.3993,1.9967,0.3993,0.7987,2.396,0.3993,0.7987,2.7953,0.7987,1.5973,1.198,0.7987,0.7987,0,0,0.3993,0.0002,0,0,0.0001,0,0.0001,0,0.0001,0.0002,0,0.0001,0.0002,0.0001,0.0001,0.0001,0.0001,0.0001,0,0,0,0.2514,0.3492,0.2514,0.3492,
0,2.1674,0.7225,0,0,0,0,0.7225,1.4449,0,0,1.4449,0.7225,0.7225,0,0.7225,2.1674,0,0,0,0,0.0002,0.0001,0,0,0,0,0.0001,0.0001,0,0,0.0001,0.0001,0.0001,0,0.0001,0.0002,0,0,0,0.151,0.1265,0.151,0.1265,
0.7215,0,0.7215,1.443,0,0,0.7215,0.7215,1.443,0,0,0.7215,0.7215,0,0,1.443,0,0,0,1.443,0.0001,0,0.0001,0.0002,0,0,0.0001,0.0001,0.0002,0,0,0.0001,0.0001,0,0,0.0002,0,0,0,0.0002,0.1398,0.1387,0.1398,0.1387,
1.1234,0,1.1234,1.1234,0.3745,1.1234,0.7489,0.7489,0.7489,1.4979,0.3745,0.7489,1.1234,1.1234,0,0,1.1234,1.8723,0.7489,1.4979,0.0001,0,0.0001,0.0001,0,0.0001,0,0,0,0.0001,0,0,0.0001,0.0001,0,0,0.0001,0.0001,0,0.0001,0.3007,0.3249,0.3007,0.3249,
0,0.6654,0.6654,0,0,0.6654,0,0.6654,1.3308,0,0,0,0,0.6654,0,0.6654,0.6654,1.3308,0.6654,1.3308,0,0.0001,0.0001,0,0,0.0001,0,0.0001,0.0001,0,0,0,0,0.0001,0,0.0001,0.0001,0.0001,0.0001,0.0001,0.215,0.1196,0.215,0.1196,
0,0,0,2.5099,0,0,1.2549,0.6275,0,0.6275,0,0,0,0,0.6275,0.6275,1.2549,0,0.6275,1.2549,0,0,0,0.0004,0,0,0.0002,0.0001,0,0.0001,0,0,0,0,0.0001,0.0001,0.0002,0,0.0001,0.0002,0.2352,0.1373,0.2352,0.1373,
0.8089,0,1.2134,2.0223,0.8089,0.8089,1.2134,0,0.8089,0.4045,0,0.8089,0.4045,0.4045,0,0.4045,1.2134,1.6179,0.8089,1.6179,0.0001,0,0.0001,0.0002,0.0001,0.0001,0.0001,0,0.0001,0,0,0.0001,0,0,0,0,0.0001,0.0001,0.0001,0.0001,0.3334,0.2622,0.3334,0.2622,
0,2.4935,1.6624,0,0,2.078,0,0.8312,1.2468,2.078,0.8312,0.8312,1.2468,0,1.2468,0.8312,0,0.8312,0.4156,0.4156,0,0.0001,0.0001,0,0,0.0001,0,0,0,0.0001,0,0,0,0,0,0,0,0,0,0,0.2601,0.3243,0.2601,0.3243,
0.7814,0.3907,0,0,1.1721,0,0.3907,1.1721,4.6885,1.1721,0.3907,1.9535,0.3907,0.7814,0.7814,1.1721,0,0.7814,0,0.7814,0.0001,0,0,0,0.0001,0,0,0.0001,0.0003,0.0001,0,0.0001,0,0.0001,0.0001,0.0001,0,0.0001,0,0.0001,0.3415,0.2678,0.3415,0.2678,
0.7861,0,0,0,0.7861,1.5722,0,0,0,0.7861,0,0,0.7861,0,0.7861,0.7861,0,0.7861,0,0.7861,0.0001,0,0,0,0.0001,0.0002,0,0,0,0.0001,0,0,0.0001,0,0.0001,0.0001,0,0.0001,0,0.0001,0.0982,0.1157,0.0982,0.1157,
2.9752,0,0.595,1.1901,0.595,0.595,0,0.595,1.1901,0,0.595,0.595,1.1901,0.595,0.595,0.595,0,1.7851,0,0,0.0003,0,0.0001,0.0001,0.0001,0.0001,0,0.0001,0.0001,0,0.0001,0.0001,0.0001,0.0001,0.0001,0.0001,0,0.0002,0,0,0.1885,0.2165,0.1885,0.2165,
0.6047,0.6047,1.814,0,0,0.6047,0,1.2093,0.6047,0,0,0.6047,0,0.6047,0.6047,0,0,0,1.2093,0,0.0001,0.0001,0.0002,0,0,0.0001,0,0.0001,0.0001,0,0,0.0001,0,0.0001,0.0001,0,0,0,0.0001,0,0.2173,0.1781,0.2173,0.1781,
0.7523,0.7523,0.7523,0,0,0,0,0,0.7523,0.7523,0.7523,0.7523,0,1.5046,0,0,1.5046,0,0.7523,0,0.0001,0.0001,0.0001,0,0,0,0,0,0.0001,0.0001,0.0001,0.0001,0,0.0001,0,0,0.0001,0,0.0001,0,0.1381,0.1097,0.1381,0.1097,
0,1.1274,0.7516,0,1.879,0.7516,0.3758,0.3758,1.5032,1.879,0.7516,1.879,0.7516,0.3758,1.879,1.1274,1.879,0,0,0.3758,0,0.0001,0,0,0.0001,0,0,0,0.0001,0.0001,0,0.0001,0,0,0.0001,0.0001,0.0001,0,0,0,0.309,0.3151,0.309,0.3151,
1.2444,0.8296,0.4148,0.4148,0.4148,0.8296,1.6592,0.8296,0.8296,0.4148,1.2444,1.2444,0.8296,1.2444,1.2444,0,0.8296,1.2444,0,0.4148,0.0001,0.0001,0,0,0,0.0001,0.0001,0.0001,0.0001,0,0.0001,0.0001,0.0001,0.0001,0.0001,0,0.0001,0.0001,0,0,0.3052,0.28,0.3052,0.28,
0,1.151,0.3837,0,0,0.7673,0.3837,0.7673,3.0693,0.7673,0.7673,0.3837,0.7673,1.151,1.9183,0.3837,0.3837,1.151,0,0,0,0.0001,0,0,0,0,0,0,0.0002,0,0,0,0,0.0001,0.0001,0,0,0.0001,0,0,0.3084,0.3079,0.3084,0.3079,
1.5068,0,1.1301,1.1301,0.3767,0.3767,0,0.7534,1.5068,0.7534,1.1301,0,0.7534,0.7534,0.3767,1.8834,1.5068,0.7534,1.5068,1.1301,0.0001,0,0.0001,0.0001,0,0,0,0,0.0001,0,0.0001,0,0,0,0,0.0001,0.0001,0,0.0001,0.0001,0.3244,0.2989,0.3244,0.2989,
0,0.7793,0,0,0.7793,0,0,0.7793,0,0.7793,0,0.7793,0,1.5586,0.7793,0.7793,0,2.3379,0,2.3379,0,0.0001,0,0,0.0001,0,0,0.0001,0,0.0001,0,0.0001,0,0.0002,0.0001,0.0001,0,0.0003,0,0.0003,0.126,0.0947,0.126,0.0947,
0.3849,1.5396,1.1547,0.7698,0,0.7698,0.3849,0,1.5396,1.1547,0.7698,1.1547,0.3849,1.1547,0.3849,0.3849,0.3849,0.7698,0.7698,1.1547,0,0.0001,0.0001,0,0,0,0,0,0.0001,0.0001,0,0.0001,0,0.0001,0,0,0,0,0,0.0001,0.3183,0.2968,0.3183,0.2968,
3.5889,0,1.3458,1.7944,2.243,0,0.8972,0.4486,0,1.3458,0,0.4486,0.8972,1.3458,0.8972,0,0,2.243,0,0.4486,0.0003,0,0.0001,0.0001,0.0002,0,0.0001,0,0,0.0001,0,0,0.0001,0.0001,0.0001,0,0,0.0002,0,0,0.2849,0.2664,0.2849,0.2664,
0.4539,0.9077,0.9077,1.8155,2.2693,0.4539,0.4539,0.4539,1.3616,0.4539,0.4539,1.3616,0,0.4539,0,0.9077,0.9077,1.3616,0.9077,0.9077,0,0,0,0.0001,0.0001,0,0,0,0.0001,0,0,0.0001,0,0,0,0,0,0.0001,0,0,0.2597,0.2865,0.2597,0.2865,
0.8722,2.6165,0.4361,1.3082,0,1.7443,0,1.7443,0,0.4361,0,0.4361,2.1804,1.7443,1.3082,0.4361,0,0.4361,0.4361,0.4361,0,0.0001,0,0.0001,0,0.0001,0,0.0001,0,0,0,0,0.0001,0.0001,0.0001,0,0,0,0,0,0.2675,0.2964,0.2675,0.2964,
1.1337,1.1337,0,0.7558,1.8895,0.7558,0,0.3779,0.7558,1.1337,1.1337,1.1337,0.7558,1.1337,1.1337,1.1337,0.3779,1.1337,1.1337,0.7558,0.0001,0.0001,0,0,0.0001,0,0,0,0,0.0001,0.0001,0.0001,0,0.0001,0.0001,0.0001,0,0.0001,0.0001,0,0.3426,0.2795,0.3426,0.2795,
1.2159,0.8106,1.6212,0.4053,0.8106,0.4053,1.6212,0.8106,0.4053,1.2159,0,0.8106,1.6212,0.8106,1.2159,0.8106,0.4053,0.8106,1.2159,0.8106,0.0001,0,0.0001,0,0,0,0.0001,0,0,0.0001,0,0,0.0001,0,0.0001,0,0,0,0.0001,0,0.3248,0.2699,0.3248,0.2699,
0,0,0,0.6192,1.2385,0,0.6192,0,0.6192,0.6192,0,0,0,1.2385,1.2385,1.8577,0,0.6192,0,0.6192,0,0,0,0.0001,0.0002,0,0.0001,0,0.0001,0.0001,0,0,0,0.0002,0.0002,0.0003,0,0.0001,0,0.0001,0.1632,0.2175,0.1632,0.2175,
0,0.7398,0,0,0.7398,0,0,0.7398,0.7398,0,0,0.7398,1.4795,0,0.7398,0.7398,0,0.7398,1.4795,0,0,0.0001,0,0,0.0001,0,0,0.0001,0.0001,0,0,0.0001,0.0001,0,0.0001,0.0001,0,0.0001,0.0001,0,0.1461,0.1141,0.1461,0.1141,
0.9734,0.9734,0.9734,2.4335,0.4867,0.9734,0.4867,0.4867,0,0.4867,0,1.4601,0,0,0.9734,0,0,0.9734,0.9734,0.4867,0.0001,0.0001,0.0001,0.0001,0,0.0001,0,0,0,0,0,0.0001,0,0,0.0001,0,0,0.0001,0.0001,0,0.2494,0.2639,0.2494,0.2639,
1.2229,2.0381,0.8153,0,1.2229,0.8153,1.6305,0.8153,0,0.4076,0.4076,0,0.4076,1.2229,1.6305,1.2229,1.6305,1.2229,0,1.2229,0.0001,0.0001,0,0,0.0001,0,0.0001,0,0,0,0,0,0,0.0001,0.0001,0.0001,0.0001,0.0001,0,0.0001,0.2954,0.297,0.2954,0.297,
1.7069,0.4267,1.7069,1.2802,0.8534,0.8534,0.4267,0.4267,0,0.4267,1.2802,1.2802,0.4267,0,0.4267,1.7069,0,1.2802,0.8534,1.7069,0.0001,0,0.0001,0.0001,0,0,0,0,0,0,0.0001,0.0001,0,0,0,0.0001,0,0.0001,0,0.0001,0.2755,0.2978,0.2755,0.2978,
1.053,1.053,0.702,1.404,1.404,0.702,1.404,0,1.053,0.702,0.702,0.702,2.106,0,0,0.351,0.702,0.702,0.702,1.053,0,0,0,0.0001,0.0001,0,0.0001,0,0,0,0,0,0.0001,0,0,0,0,0,0,0,0.3121,0.3369,0.3121,0.3369,
0.5939,1.1879,0.5939,1.1879,0,0,0,0.5939,1.1879,0.5939,0,0.5939,0.5939,1.1879,1.1879,0.5939,1.1879,0.5939,0.5939,0,0,0.0001,0,0.0001,0,0,0,0,0.0001,0,0,0,0,0.0001,0.0001,0,0.0001,0,0,0,0.184,0.222,0.184,0.222,
0.4021,1.2063,0,0.8042,0,0.8042,0.4021,1.2063,4.0209,0,0.8042,0.4021,0.8042,0.8042,0.8042,0.4021,0,2.0104,0,0,0,0.0001,0,0,0,0,0,0.0001,0.0002,0,0,0,0,0,0,0,0,0.0001,0,0,0.3268,0.2712,0.3268,0.2712,
2.3066,0.9226,0.4613,0,1.3839,1.3839,0.4613,0,0.9226,0.9226,0.4613,1.8453,0.4613,0,0.9226,1.3839,1.8453,1.3839,0,0,0.0001,0,0,0,0.0001,0.0001,0,0,0,0,0,0.0001,0,0,0,0.0001,0.0001,0.0001,0,0,0.2529,0.2858,0.2529,0.2858,
0,0,0,0,0.905,0,0,0,0,0.905,0.905,0.905,6.3353,0,0,0,0.905,2.7151,0,0.905,0,0,0,0,0.0001,0,0,0,0,0.0001,0.0001,0.0001,0.001,0,0,0,0.0001,0.0004,0,0.0001,0.0418,0.0531,0.0418,0.0531,
0.7961,0,0.3981,1.1942,0.7961,0.3981,0,0.3981,1.9903,0.7961,0,0.3981,0.3981,1.1942,1.1942,1.1942,0.3981,0,0.3981,0.3981,0.0001,0,0,0.0001,0.0001,0,0,0,0.0002,0.0001,0,0,0,0.0001,0.0001,0.0001,0,0,0,0,0.2973,0.3047,0.2973,0.3047,
1.3392,0,0,0,0.6696,1.0044,0.3348,0.3348,1.674,0.6696,0.6696,0.3348,0.3348,0.6696,3.6829,0.6696,1.674,0.6696,0,0,0.0001,0,0,0,0.0001,0.0001,0,0,0.0001,0.0001,0.0001,0,0,0.0001,0.0003,0.0001,0.0001,0.0001,0,0,0.3593,0.3059,0.3593,0.3059,
1.1862,1.1862,0.3954,0.7908,0.3954,0.3954,1.9769,0.3954,0.7908,1.1862,0,0.3954,0.3954,1.1862,0,1.5815,0.7908,1.9769,1.5815,0.7908,0.0001,0.0001,0,0,0,0,0.0001,0,0,0.0001,0,0,0,0.0001,0,0.0001,0,0.0001,0.0001,0,0.3154,0.2892,0.3154,0.2892,
0.6616,0.6616,0,0,0.6616,0,0,0.6616,0,1.3233,0.6616,0,0,1.3233,1.3233,1.3233,0,0,1.9849,0.6616,0,0,0,0,0,0,0,0,0,0.0001,0,0,0,0.0001,0.0001,0.0001,0,0,0.0001,0,0.1956,0.1427,0.1956,0.1427,
1.5233,1.5233,0.5078,0.5078,2.5389,2.0311,0,1.5233,0.5078,0.5078,1.5233,1.0156,0.5078,1.0156,0.5078,1.0156,3.0467,1.5233,0,0.5078,0.0001,0.0001,0,0,0.0001,0.0001,0,0.0001,0,0,0.0001,0,0,0,0,0,0.0001,0.0001,0,0,0.2487,0.2435,0.2487,0.2435,
0.7633,1.1449,1.5265,0.7633,0.7633,0.7633,0.3816,0,0.7633,0.3816,0.7633,1.9082,0.3816,0.3816,1.5265,0.3816,0.3816,0.7633,0,0.7633,0,0.0001,0.0001,0,0,0,0,0,0,0,0,0.0001,0,0,0.0001,0,0,0,0,0,0.3563,0.2621,0.3563,0.2621,
0,0,0.781,0,0,0.781,0,1.562,2.7335,0,0.3905,0.781,0.781,1.1715,2.7335,1.1715,0,1.562,0,0.3905,0,0,0.0001,0,0,0.0001,0,0.0001,0.0002,0,0,0.0001,0.0001,0.0001,0.0002,0.0001,0,0.0001,0,0,0.3263,0.2832,0.3263,0.2832,
2.0749,0,0,0,0.6916,1.3833,0.3458,0,1.7291,1.0375,0.6916,0.3458,0.3458,0.3458,3.8041,1.3833,0.6916,0.6916,0,0,0.0002,0,0,0,0.0001,0.0001,0,0,0.0001,0.0001,0.0001,0,0,0,0.0003,0.0001,0.0001,0.0001,0,0,0.3498,0.3043,0.3498,0.3043,
1.3655,2.7309,0.9103,0.9103,0.4552,1.8206,0,0.4552,1.8206,0.4552,0,0.4552,0.9103,0.9103,0.4552,0.9103,1.8206,0,0,0,0.0001,0.0001,0,0,0,0.0001,0,0,0.0001,0,0,0,0,0,0,0,0.0001,0,0,0,0.2702,0.2746,0.2702,0.2746,
4.0144,0.446,0.446,0.8921,0,0.8921,0.446,0,0.8921,2.6763,0.446,0,0.446,2.2302,0.8921,1.3381,0,1.3381,0,0,0.0002,0,0,0.0001,0,0.0001,0,0,0.0001,0.0002,0,0,0,0.0001,0.0001,0.0001,0,0.0001,0,0,0.2981,0.2559,0.2981,0.2559,
1.417,0,0,0,0,0,0,1.417,0.7085,0.7085,0,0,0.7085,0.7085,1.417,0.7085,0,0.7085,0,0.7085,0.0002,0,0,0,0,0,0,0.0002,0.0001,0.0001,0,0,0.0001,0.0001,0.0002,0.0001,0,0.0001,0,0.0001,0.1416,0.1499,0.1416,0.1499,
0,0.6439,1.2877,0.9658,0,0.3219,0.6439,1.2877,0.6439,0.6439,0.9658,1.2877,0.3219,0.3219,1.2877,0.9658,0.9658,0.3219,0.6439,2.2535,0,0,0.0001,0.0001,0,0,0,0.0001,0,0,0.0001,0.0001,0,0,0.0001,0.0001,0.0001,0,0,0.0001,0.3322,0.3458,0.3322,0.3458,
0,3.9493,0,0,0,2.9619,0,0.4937,1.9746,0,0,0.9873,0.4937,0.4937,0.9873,0.4937,0.4937,0.4937,0,0.4937,0,0.0002,0,0,0,0.0001,0,0,0.0001,0,0,0,0,0,0,0,0,0,0,0,0.2412,0.2652,0.2412,0.2652,
0,0,0,0.5367,1.0734,0.5367,0.5367,0,0,3.2203,1.0734,1.6101,0,1.6101,1.0734,0.5367,0.5367,1.0734,0,0,0,0,0,0,0.0001,0,0,0,0,0.0003,0.0001,0.0001,0,0.0001,0.0001,0,0,0.0001,0,0,0.2138,0.2495,0.2138,0.2495,
0.9618,0.4809,0,1.4427,0,0,0,0,2.4045,0.4809,1.9236,0.4809,0,0.4809,1.4427,2.8854,0,1.9236,0,0,0.0001,0,0,0.0001,0,0,0,0,0.0002,0,0.0001,0,0,0,0.0001,0.0002,0,0.0001,0,0,0.2475,0.2716,0.2475,0.2716,
0.7415,0.7415,1.1122,0.7415,0,1.1122,1.1122,0.7415,0,0.7415,1.483,0.7415,0.7415,0,0.7415,2.2245,2.2245,1.1122,1.483,0.7415,0,0,0.0001,0,0,0.0001,0.0001,0,0,0,0.0001,0,0,0,0,0.0001,0.0001,0.0001,0.0001,0,0.3285,0.3008,0.3285,0.3008,
1.2092,0.6046,0,0,1.2092,0,0,1.2092,1.8138,0.6046,1.2092,1.2092,0.6046,0,0,0.6046,1.8138,1.8138,0.6046,1.2092,0.0001,0,0,0,0.0001,0,0,0.0001,0.0001,0,0.0001,0.0001,0,0,0,0,0.0001,0.0001,0,0.0001,0.213,0.1824,0.213,0.1824,
0,0.8492,0.8492,0.4246,0.4246,0.8492,1.2739,0.8492,0.8492,0.4246,2.1231,0.4246,1.6985,0,1.2739,0.8492,0.4246,1.6985,1.6985,1.6985,0,0,0,0,0,0,0.0001,0,0,0,0.0001,0,0.0001,0,0.0001,0,0,0.0001,0.0001,0.0001,0.3338,0.2415,0.3338,0.2415,
1.8344,1.8344,0.9172,0.4586,1.3758,1.8344,1.3758,0.4586,0.4586,0,0.4586,0,0.9172,0,0.4586,0,0.4586,0.9172,0.4586,0.4586,0.0001,0.0001,0,0,0.0001,0.0001,0.0001,0,0,0,0,0,0,0,0,0,0,0,0,0,0.2786,0.2628,0.2786,0.2628,
0.4722,0,0.4722,0.4722,0.9444,1.4166,0.9444,2.3609,0,1.4166,1.8887,0.4722,0.4722,0.4722,0.9444,0.9444,0,0.4722,0.9444,0.9444,0,0,0,0,0.0001,0.0001,0.0001,0.0001,0,0.0001,0.0001,0,0,0,0.0001,0.0001,0,0,0.0001,0.0001,0.2615,0.2664,0.2615,0.2664,
1.3993,1.0495,0.6997,1.3993,0.6997,0.6997,0.6997,1.0495,1.7491,0.6997,0.3498,0.3498,0.6997,0,0.6997,0.3498,0.3498,0.6997,0.6997,1.3993,0.0001,0.0001,0,0.0001,0,0,0,0.0001,0.0001,0,0,0,0,0,0,0,0,0,0,0.0001,0.3185,0.3317,0.3185,0.3317,
1.094,0.7293,0.3647,1.094,1.094,1.8233,0.3647,1.4587,0.7293,0.3647,0.3647,0.7293,0.3647,1.4587,1.4587,0.7293,1.4587,0.7293,1.094,0,0.0001,0,0,0.0001,0.0001,0.0001,0,0.0001,0,0,0,0,0,0.0001,0.0001,0,0.0001,0,0.0001,0,0.3018,0.3336,0.3018,0.3336,
1.7434,0,1.1623,1.1623,2.3246,1.7434,0,2.9057,0,2.9057,1.1623,0,1.1623,0,0,1.1623,0.5811,1.7434,0,0.5811,0.0001,0,0.0001,0.0001,0.0001,0.0001,0,0.0002,0,0.0002,0.0001,0,0.0001,0,0,0.0001,0,0.0001,0,0,0.1875,0.2313,0.1875,0.2313,
0,0,1.4556,2.1834,0.3639,0.7278,0,0.3639,2.9112,0.7278,0.3639,0.7278,0.7278,0.3639,0,1.4556,2.5473,1.0917,0,0,0,0,0.0001,0.0002,0,0.0001,0,0,0.0002,0.0001,0,0.0001,0.0001,0,0,0.0001,0.0002,0.0001,0,0,0.2824,0.3537,0.2824,0.3537,
1.1558,0,0.5779,0,1.1558,0.5779,0,2.3116,0.5779,4.0452,0.5779,0.5779,1.1558,0.5779,1.1558,3.4673,1.7337,2.8895,0,0,0.0001,0,0,0,0.0001,0,0,0.0001,0,0.0002,0,0,0.0001,0,0.0001,0.0002,0.0001,0.0002,0,0,0.2011,0.221,0.2011,0.221,
1.199,0.3997,0,1.199,0.3997,1.199,0,1.5987,1.199,0,0.7993,0.3997,0.7993,1.199,0.3997,0.3997,0,0.7993,1.9984,0.3997,0.0001,0,0,0.0001,0,0.0001,0,0.0001,0.0001,0,0,0,0,0.0001,0,0,0,0,0.0001,0,0.2854,0.3149,0.2854,0.3149,
0.5852,0,1.1703,1.1703,0.5852,0.5852,0,0.5852,0.5852,0.5852,0.5852,0,0,0,0.5852,1.7555,1.1703,1.7555,0,0,0.0001,0,0.0001,0.0001,0.0001,0.0001,0,0.0001,0.0001,0.0001,0.0001,0,0,0,0.0001,0.0002,0.0001,0.0002,0,0,0.1844,0.2305,0.1844,0.2305,
1.0144,1.0144,0.6763,0.3381,0.6763,0.3381,1.3525,0.3381,1.3525,1.0144,0.6763,0.6763,1.0144,0.6763,1.0144,1.0144,1.3525,0,1.3525,1.0144,0.0001,0.0001,0,0,0,0,0.0001,0,0.0001,0.0001,0,0,0.0001,0,0.0001,0.0001,0.0001,0,0.0001,0.0001,0.3404,0.3215,0.3404,0.3215,
1.5369,0,0,1.0246,2.0492,2.0492,0,1.5369,0,2.5615,1.0246,0.5123,0.5123,1.0246,1.0246,1.0246,0.5123,2.0492,0,0.5123,0.0001,0,0,0.0001,0.0001,0.0001,0,0.0001,0,0.0001,0.0001,0,0,0.0001,0.0001,0.0001,0,0.0001,0,0,0.2341,0.2536,0.2341,0.2536,
0,0.9357,0.4678,0.9357,1.4035,0.4678,0.9357,1.8713,0.4678,0.9357,0,1.4035,0.9357,0.9357,0.9357,0.4678,0.4678,0.9357,0.9357,0.4678,0,0.0001,0,0.0001,0.0001,0,0.0001,0.0001,0,0.0001,0,0.0001,0.0001,0.0001,0.0001,0,0,0.0001,0.0001,0,0.2752,0.257,0.2752,0.257,
0.4716,0.4716,0,0.9432,1.4149,0.9432,0.4716,0,0.4716,0.9432,1.4149,0.4716,0.4716,0.4716,0,0.4716,0.9432,0,3.3014,0,0,0,0,0.0001,0.0001,0.0001,0,0,0,0.0001,0.0001,0,0,0,0,0,0.0001,0,0.0002,0,0.2618,0.2666,0.2618,0.2666,
0.6818,1.0228,0.3409,0,0.3409,0.6818,0.3409,0.6818,3.0683,1.3637,0.3409,0.3409,1.0228,1.0228,3.0683,0.6818,0,1.7046,0,0.3409,0,0.0001,0,0,0,0,0,0,0.0002,0.0001,0,0,0.0001,0.0001,0.0002,0,0,0.0001,0,0,0.3883,0.2708,0.3883,0.2708,
0.3665,0.733,1.0995,0.3665,1.466,1.8326,1.0995,0.3665,0.733,0.733,1.0995,0.3665,0.3665,0.733,1.0995,0,1.0995,0.3665,0.3665,1.8326,0,0,0.0001,0,0.0001,0.0001,0.0001,0,0,0,0.0001,0,0,0,0.0001,0,0.0001,0,0,0.0001,0.3393,0.2942,0.3393,0.2942,
0.5625,0.5625,0.5625,1.125,1.125,0,0.5625,0.5625,0.5625,0.5625,0,0,0,0,0,1.125,1.6875,0.5625,1.125,1.125,0,0,0,0.0001,0.0001,0,0,0,0,0,0,0,0,0,0,0.0001,0.0001,0,0.0001,0.0001,0.2012,0.2363,0.2012,0.2363,
0.4044,1.6175,1.2131,1.6175,1.6175,0.4044,1.2131,0.4044,0.4044,0.4044,0.4044,0,0.4044,0,0.8087,1.6175,0.8087,0.8087,1.6175,0.4044,0,0.0001,0,0.0001,0.0001,0,0,0,0,0,0,0,0,0,0,0.0001,0,0,0.0001,0,0.3221,0.2735,0.3221,0.2735,
2.222,0.5555,1.111,0.5555,1.111,1.6665,0,2.7774,0,1.111,1.111,0,0,2.222,0.5555,0.5555,0.5555,1.6665,0,0.5555,0.0001,0,0.0001,0,0.0001,0.0001,0,0.0001,0,0.0001,0.0001,0,0,0.0001,0,0,0,0.0001,0,0,0.2412,0.2034,0.2412,0.2034,
0.7878,1.9695,1.1817,0.7878,1.1817,1.5756,0,0,0.7878,0.7878,1.5756,1.9695,0.3939,1.1817,0,1.1817,1.1817,0.3939,0.7878,1.5756,0,0.0001,0,0,0,0.0001,0,0,0,0,0.0001,0.0001,0,0,0,0,0,0,0,0.0001,0.3401,0.266,0.3401,0.266,
1.6082,0.8041,0.8041,1.2062,0.4021,0,1.6082,0.8041,0,0.4021,0.8041,1.2062,1.2062,0.8041,1.2062,1.2062,1.2062,1.6082,0,0.4021,0.0001,0,0,0.0001,0,0,0.0001,0,0,0,0,0.0001,0.0001,0,0.0001,0.0001,0.0001,0.0001,0,0,0.3078,0.2901,0.3078,0.2901,
1.8415,0,1.2277,0,1.8415,2.4553,0,1.8415,0,1.8415,1.2277,0,0,0,0.6138,1.8415,1.2277,3.0692,0,0.6138,0.0001,0,0.0001,0,0.0001,0.0002,0,0.0001,0,0.0001,0.0001,0,0,0,0,0.0001,0.0001,0.0002,0,0,0.2049,0.1812,0.2049,0.1812,
0,0.4428,2.2139,0,0,0.8856,0,0,0.4428,0.8856,0.4428,0,1.3284,1.7711,2.6567,0.4428,1.7711,0,0,0.8856,0,0,0.0002,0,0,0.0001,0,0,0,0.0001,0,0,0.0001,0.0002,0.0002,0,0.0002,0,0,0.0001,0.2802,0.2771,0.2802,0.2771,
0,0.426,1.704,0.426,0,0,0.852,0.426,0.852,0,0.852,1.278,2.556,0.426,0.852,1.278,1.704,0.852,0.852,0.426,0,0,0.0001,0,0,0,0.0001,0,0.0001,0,0.0001,0.0001,0.0002,0,0.0001,0.0001,0.0001,0.0001,0.0001,0,0.2832,0.2908,0.2832,0.2908,
0,1.349,1.349,0,0.8993,0.4497,0.8993,3.1477,0.4497,0.4497,0.8993,0.8993,0.8993,0.4497,0.8993,0.4497,0.4497,0,0.8993,1.7987,0,0.0001,0.0001,0,0,0,0,0.0001,0,0,0,0,0,0,0,0,0,0,0,0.0001,0.2842,0.2662,0.2842,0.2662,
1.6896,1.2672,0.4224,1.2672,0.4224,1.6896,0.4224,1.6896,2.112,0.4224,0.8448,0.4224,0.4224,0.8448,0,0.8448,0.8448,0.4224,0.4224,1.6896,0.0001,0.0001,0,0.0001,0,0.0001,0,0.0001,0.0001,0,0,0,0,0,0,0,0,0,0,0.0001,0.2781,0.2995,0.2781,0.2995,
1.9812,0,0.6604,1.3208,0,0,0,0.6604,0.6604,0.6604,0,0,0,0,0.6604,0.6604,0.6604,0.6604,0.6604,0,0.0002,0,0.0001,0.0001,0,0,0,0.0001,0.0001,0.0001,0,0,0,0,0.0001,0.0001,0.0001,0.0001,0.0001,0,0.176,0.1636,0.176,0.1636,
0.8153,1.2229,2.8534,1.2229,0.8153,0.8153,0.4076,2.0381,0.8153,0.8153,0,1.2229,0.4076,0,0.4076,1.6305,1.2229,0,0.4076,0.8153,0,0.0001,0.0002,0.0001,0,0,0,0.0001,0,0,0,0.0001,0,0,0,0.0001,0.0001,0,0,0,0.3244,0.268,0.3244,0.268,
0.7169,1.4338,1.0754,0.7169,0,0.3585,0.7169,0.7169,1.0754,0.3585,0,0,1.4338,0,1.0754,0.7169,1.0754,0.3585,1.7923,0.7169,0,0.0001,0,0,0,0,0,0,0,0,0,0,0.0001,0,0,0,0,0,0.0001,0,0.3341,0.3074,0.3341,0.3074,
0.7443,0,1.1164,2.977,0,0.3721,0,0.7443,0.7443,0.3721,1.1164,0,1.1164,1.4885,0.7443,2.2328,0.7443,0.3721,0,1.4885,0.0001,0,0.0001,0.0002,0,0,0,0.0001,0.0001,0,0.0001,0,0.0001,0.0001,0.0001,0.0002,0.0001,0,0,0.0001,0.2964,0.3315,0.2964,0.3315,
0.4108,0.4108,1.2324,0.8216,1.2324,0,1.6433,0,1.2324,0.8216,0,2.0541,0.8216,0.8216,0,0,1.2324,0.4108,1.2324,1.2324,0,0,0.0001,0,0.0001,0,0.0001,0,0.0001,0,0,0.0001,0,0,0,0,0.0001,0,0.0001,0.0001,0.287,0.3022,0.287,0.3022,
0.6707,0,0.6707,0.6707,0.6707,0.6707,0,0,0,0.6707,0.6707,0,0,0,1.3415,0,0.6707,0,0,0,0.0001,0,0.0001,0.0001,0.0001,0.0001,0,0,0,0.0001,0.0001,0,0,0,0.0002,0,0.0001,0,0,0,0.1877,0.1416,0.1877,0.1416,
0.8126,0.8126,0,0,0.8126,0,1.6253,0.8126,0,0,0.8126,0,0.8126,0,0,0.8126,0.8126,0,0,0,0.0001,0.0001,0,0,0.0001,0,0.0002,0.0001,0,0,0.0001,0,0.0001,0,0,0.0001,0.0001,0,0,0,0.0956,0.0918,0.0956,0.0918,
0.7928,0.3964,0,1.1892,0,1.5856,0.7928,0.3964,1.982,1.5856,0.7928,1.5856,1.5856,0.7928,0.3964,1.1892,0,0.7928,0.3964,0.7928,0,0,0,0.0001,0,0.0001,0,0,0.0001,0.0001,0,0.0001,0.0001,0,0,0.0001,0,0,0,0,0.2876,0.316,0.2876,0.316,
0,0.687,1.0305,0.687,1.3741,1.0305,0.687,0.3435,0.687,1.7176,0.687,0.3435,0.3435,0.3435,1.0305,0.3435,1.7176,1.0305,1.3741,0.687,0,0,0.0001,0,0.0001,0.0001,0,0,0,0.0001,0,0,0,0,0.0001,0,0.0001,0.0001,0.0001,0,0.329,0.3274,0.329,0.3274,
0.9652,0,0.4826,0,1.4479,1.9305,0,1.4479,0.4826,4.3436,1.4479,0.9652,0,0,0.9652,0.4826,1.4479,1.9305,0.4826,0.4826,0.0001,0,0,0,0.0001,0.0001,0,0.0001,0,0.0002,0.0001,0.0001,0,0,0.0001,0,0.0001,0.0001,0,0,0.2586,0.2588,0.2586,0.2588,
0,0,0,0,1.579,0.7895,0.7895,0.7895,0,0,0,0.7895,0,0.7895,0,0,0.7895,1.579,0,0,0,0,0,0,0.0002,0.0001,0.0001,0.0001,0,0,0,0.0001,0,0.0001,0,0,0.0001,0.0002,0,0,0.1121,0.0984,0.1121,0.0984,
0.6811,0.6811,1.3622,0.3405,0.6811,0.6811,1.7027,0.6811,0.3405,0.6811,1.0216,0.6811,1.7027,1.0216,1.0216,0.3405,1.3622,0.3405,1.0216,0.3405,0,0,0.0001,0,0,0,0.0001,0,0,0,0.0001,0,0.0001,0.0001,0.0001,0,0.0001,0,0.0001,0,0.3647,0.2948,0.3647,0.2948,
0.7117,0.7117,0,0,0,1.4234,0.7117,0.7117,1.4234,0.7117,0,0,0,0,0,0,0.7117,0,0,0.7117,0.0001,0.0001,0,0,0,0.0001,0.0001,0.0001,0.0001,0.0001,0,0,0,0,0,0,0.0001,0,0,0.0001,0.1397,0.1486,0.1397,0.1486,
1.6621,1.1081,0.554,0.554,0.554,1.1081,0,1.1081,0,1.1081,0.554,0.554,2.2161,2.2161,0.554,1.1081,3.3242,0,1.1081,0.554,0.0001,0.0001,0,0,0,0.0001,0,0.0001,0,0.0001,0,0,0.0001,0.0001,0,0.0001,0.0002,0,0.0001,0,0.2366,0.2094,0.2366,0.2094,
2.1316,0,0,0.8526,1.279,1.7053,0.8526,0.4263,1.279,1.279,1.279,0.8526,0,0.8526,0.4263,1.279,2.1316,1.7053,0.4263,0,0.0001,0,0,0.0001,0.0001,0.0001,0.0001,0,0.0001,0.0001,0.0001,0.0001,0,0.0001,0,0.0001,0.0001,0.0001,0,0,0.3214,0.2523,0.3214,0.2523,
2.1227,1.0613,1.0613,0.5307,1.0613,2.6534,0,0.5307,0,1.592,1.0613,0.5307,0.5307,0.5307,1.0613,1.592,0.5307,2.6534,1.0613,0,0.0001,0.0001,0.0001,0,0.0001,0.0001,0,0,0,0.0001,0.0001,0,0,0,0.0001,0.0001,0,0.0001,0.0001,0,0.2043,0.265,0.2043,0.265,
1.6238,0.8119,2.0297,0.8119,0.8119,0.4059,0.4059,0.8119,0.8119,0.4059,0.8119,1.6238,0.4059,1.6238,0,0,0.8119,0.8119,0.8119,0.8119,0.0001,0,0.0001,0,0,0,0,0,0,0,0,0.0001,0,0.0001,0,0,0,0,0,0,0.3104,0.2837,0.3104,0.2837,
1.7791,0,0.4448,0.8896,1.3343,0.4448,1.3343,1.3343,0.4448,1.7791,0.8896,3.1134,2.2239,0.8896,0,0.8896,1.7791,0.8896,0.8896,0.4448,0.0001,0,0,0,0.0001,0,0.0001,0.0001,0,0.0001,0,0.0002,0.0001,0,0,0,0.0001,0,0,0,0.2797,0.2755,0.2797,0.2755,
2.3388,0.9355,0.9355,1.4033,1.871,1.871,0.4678,2.3388,0,1.871,0.9355,0.9355,1.4033,0,0,0.4678,0,0.9355,0,0.4678,0.0001,0,0,0.0001,0.0001,0.0001,0,0.0001,0,0.0001,0,0,0.0001,0,0,0,0,0,0,0,0.2623,0.27,0.2623,0.27,
1.1612,0,0.7741,1.5483,1.1612,0.3871,0.7741,2.3224,0.3871,1.5483,0.7741,0.3871,0.7741,1.9353,0.3871,0.7741,0.7741,0.3871,0.3871,1.1612,0.0001,0,0,0.0001,0.0001,0,0,0.0001,0,0.0001,0,0,0,0.0001,0,0,0,0,0,0.0001,0.3121,0.3008,0.3121,0.3008,
0.6336,0,0,1.9009,0.6336,0.6336,1.2673,0,0,0,0.6336,0.6336,0,0,1.2673,0.6336,0,0,0,0,0.0001,0,0,0.0003,0.0001,0.0001,0.0002,0,0,0,0.0001,0.0001,0,0,0.0002,0.0001,0,0,0,0,0.2534,0.113,0.2534,0.113,
2.4283,0,0,0,3.0353,1.8212,0,5.4636,1.2141,1.8212,0.6071,0,0,0,0,0.6071,0,1.8212,0,0.6071,0.0002,0,0,0,0.0002,0.0001,0,0.0004,0.0001,0.0001,0,0,0,0,0,0,0,0.0001,0,0,0.2008,0.1922,0.2008,0.1922,
2.0292,0,0.5073,0,0,0.5073,0,0.5073,1.0146,4.0584,0,0.5073,1.0146,1.0146,1.0146,0,0,3.5511,1.0146,0.5073,0.0002,0,0,0,0,0,0,0,0.0001,0.0003,0,0,0.0001,0.0001,0.0001,0,0,0.0003,0.0001,0,0.2688,0.2239,0.2688,0.2239,
0.9898,0.9898,0.4949,0.4949,1.4847,0.4949,0.4949,1.9795,0,0.4949,1.9795,1.4847,0.9898,0,0.4949,0.9898,2.9693,0,0.9898,0,0,0,0,0,0.0001,0,0,0.0001,0,0,0.0001,0.0001,0,0,0,0,0.0001,0,0,0,0.2388,0.2663,0.2388,0.2663,
1.6376,1.0917,1.0917,0.5459,0.5459,0.5459,0,0.5459,1.0917,0.5459,0.5459,0,1.0917,0,0.5459,1.6376,1.0917,1.0917,0.5459,1.0917,0.0001,0.0001,0.0001,0,0,0,0,0,0.0001,0,0,0,0.0001,0,0,0.0001,0.0001,0.0001,0,0.0001,0.2536,0.2006,0.2536,0.2006,
0.4656,0,0.4656,0.9311,1.8623,1.8623,0.9311,1.3967,0,0.9311,0.4656,0,1.3967,0.9311,0.4656,1.8623,1.3967,1.3967,0.4656,0.4656,0,0,0,0.0001,0.0001,0.0001,0.0001,0.0001,0,0.0001,0,0,0.0001,0.0001,0,0.0001,0.0001,0.0001,0,0,0.2901,0.2443,0.2901,0.2443,
0.7177,0.7177,1.7942,0.7177,0.3588,1.0765,1.7942,0.7177,0.3588,1.4354,0.3588,0.7177,0.3588,1.0765,1.0765,0.7177,0.3588,1.4354,0.3588,0.7177,0,0,0.0001,0,0,0.0001,0.0001,0,0,0.0001,0,0,0,0.0001,0.0001,0,0,0.0001,0,0,0.3285,0.3126,0.3285,0.3126,
1.4892,1.9856,1.4892,0.4964,0.9928,0,0,1.9856,0,0.4964,0.4964,0,0.9928,0.4964,0.9928,0.4964,0,0.9928,0,0.9928,0.0001,0.0001,0.0001,0,0,0,0,0.0001,0,0,0,0,0,0,0,0,0,0,0,0,0.2575,0.2462,0.2575,0.2462,
2.152,1.2297,0,1.2297,0.6149,0.3074,0,0.6149,2.4594,0.3074,0.9223,0.9223,0.3074,0,1.8446,0.6149,0,0.3074,0.3074,0.3074,0.0001,0.0001,0,0.0001,0,0,0,0,0.0001,0,0,0,0,0,0.0001,0,0,0,0,0,0.3543,0.3383,0.3543,0.3383,
0.3643,0.3643,0,0.3643,0,0.7287,0,0.7287,2.9146,0.7287,0.3643,1.093,0.7287,0.7287,2.186,0.3643,0.3643,1.093,0,0.7287,0,0,0,0,0,0.0001,0,0.0001,0.0002,0.0001,0,0.0001,0.0001,0.0001,0.0002,0,0,0.0001,0,0.0001,0.3353,0.3004,0.3353,0.3004,
0.9166,0,1.8333,1.3749,1.3749,0,0.4583,0.9166,0.9166,0.9166,0,1.3749,0.9166,0,0.9166,0,0.9166,0.9166,0.9166,0.4583,0.0001,0,0.0002,0.0001,0.0001,0,0,0.0001,0.0001,0.0001,0,0.0001,0.0001,0,0.0001,0,0.0001,0.0001,0.0001,0,0.2825,0.2592,0.2825,0.2592,
0,0,0.4907,0.4907,0.4907,0,1.4722,1.4722,0.9815,1.4722,1.963,0.9815,0.4907,2.4537,0.9815,0.9815,0.4907,0.4907,0,0.4907,0,0,0,0,0,0,0.0001,0.0001,0.0001,0.0001,0.0001,0.0001,0,0.0002,0.0001,0.0001,0,0,0,0,0.2315,0.2778,0.2315,0.2778,
1.6758,0,0,0,0.6703,1.0055,0.3352,0,1.6758,1.0055,0.6703,0.6703,0.3352,0.6703,3.3517,1.0055,1.0055,0.6703,0,0,0.0001,0,0,0,0.0001,0.0001,0,0,0.0001,0.0001,0.0001,0.0001,0,0.0001,0.0003,0.0001,0.0001,0.0001,0,0,0.351,0.3138,0.351,0.3138,
0,0,3.6965,0,1.2322,1.8482,0,0,0,0.6161,0.6161,0,0,0,0.6161,0,0,0,0,0,0,0,0.0003,0,0.0001,0.0001,0,0,0,0,0,0,0,0,0,0,0,0,0,0,0.2305,0.1534,0.2305,0.1534,
0.3979,0.7959,1.1938,0.7959,0.7959,0.3979,0.7959,1.1938,1.1938,0,0.3979,0.7959,1.1938,0.3979,0.7959,0.7959,1.5918,0,0.3979,0.7959,0,0,0.0001,0,0,0,0,0.0001,0.0001,0,0,0,0.0001,0,0,0,0.0001,0,0,0,0.303,0.299,0.303,0.299,
1.0955,0.3652,1.0955,0.7303,0.3652,1.4607,0.7303,0.3652,1.4607,0.3652,1.8259,0.7303,0.7303,2.191,0.3652,1.0955,0.7303,0.3652,1.4607,0.3652,0.0001,0,0.0001,0,0,0.0001,0,0,0.0001,0,0.0001,0,0,0.0001,0,0.0001,0,0,0.0001,0,0.3418,0.2931,0.3418,0.2931,
1.4783,1.8479,0,1.1087,0.7392,0.7392,1.8479,1.4783,0.7392,0.3696,0.7392,1.1087,1.1087,0.3696,1.1087,0.7392,0.3696,0,0,0.7392,0.0001,0.0001,0,0,0,0,0.0001,0.0001,0,0,0,0,0,0,0,0,0,0,0,0,0.3171,0.3134,0.3171,0.3134,
3.9423,0,0.7885,0.7885,0,0,0,0,0,0,0,0,2.3654,0.7885,0,0.7885,0.7885,0.7885,0,0.7885,0.0006,0,0.0001,0.0001,0,0,0,0,0,0,0,0,0.0003,0.0001,0,0.0001,0.0001,0.0001,0,0.0001,0.1144,0.0971,0.1144,0.0971,
1.0432,0.6955,1.0432,0,0.3477,1.3909,1.0432,0.3477,0.3477,0.6955,0.6955,0.3477,0.6955,1.0432,1.7386,1.0432,1.0432,0,0.3477,1.0432,0.0001,0,0.0001,0,0,0.0001,0.0001,0,0,0,0,0,0,0.0001,0.0001,0.0001,0.0001,0,0,0.0001,0.3316,0.3207,0.3316,0.3207,
0,0.5041,1.0083,1.0083,1.5124,0.5041,0,1.0083,0.5041,0.5041,2.0165,2.0165,0.5041,1.0083,0,1.0083,2.0165,1.5124,0,0,0,0,0.0001,0.0001,0.0001,0,0,0.0001,0,0,0.0001,0.0001,0,0.0001,0,0.0001,0.0001,0.0001,0,0,0.2175,0.2783,0.2175,0.2783,
0,0.7456,0.7456,0,2.2369,0,0,2.2369,0,0.7456,0,0.7456,0,0,0,1.4913,0.7456,0.7456,0.7456,0,0,0,0,0,0.0001,0,0,0.0001,0,0,0,0,0,0,0,0.0001,0,0,0,0,0.108,0.1463,0.108,0.1463,
0.6018,2.7083,0,0,0,0,0,0,0.3009,0.3009,0.3009,0,0,0,8.4258,0.9028,0.3009,0,0,1.2037,0,0.0001,0,0,0,0,0,0,0,0,0,0,0,0,0.0005,0,0,0,0,0.0001,0.4038,0.2953,0.4038,0.2953,
0,0.8899,0.445,0.8899,0,0.445,1.3349,0.445,1.3349,0.8899,1.7799,0,1.3349,0,0.445,0,0.445,1.3349,1.7799,1.3349,0,0,0,0,0,0,0.0001,0,0.0001,0,0.0001,0,0.0001,0,0,0,0,0.0001,0.0001,0.0001,0.2905,0.2645,0.2905,0.2645,
1.26,1.68,0.84,1.26,0.84,0.42,0,0.84,1.68,0.42,0.42,1.68,1.26,0.42,0,0,1.26,1.26,0.84,0.42,0.0001,0.0001,0,0.0001,0,0,0,0,0.0001,0,0,0.0001,0.0001,0,0,0,0.0001,0.0001,0,0,0.2966,0.2834,0.2966,0.2834,
1.0345,0,0,1.5518,1.0345,0,0,1.0345,0,1.5518,0.5173,1.0345,0.5173,0,1.0345,1.5518,1.5518,0,0,0.5173,0.0001,0,0,0.0001,0.0001,0,0,0.0001,0,0.0001,0,0.0001,0,0,0.0001,0.0001,0.0001,0,0,0,0.2559,0.2269,0.2559,0.2269,
0,0.8135,0.8135,1.627,0.4067,0.4067,0.8135,0.8135,0.8135,1.2202,0,2.0337,0.8135,0,0.8135,0.4067,1.2202,0.4067,0.8135,0.8135,0,0,0,0.0001,0,0,0,0,0,0.0001,0,0.0001,0,0,0,0,0.0001,0,0,0,0.309,0.2842,0.309,0.2842,
1.7339,0.4335,0.867,0.4335,1.3005,0,0.4335,0.4335,0.867,1.7339,0.867,1.7339,1.7339,0.867,1.3005,0,1.7339,1.3005,0.4335,0.867,0.0001,0,0.0001,0,0.0001,0,0,0,0.0001,0.0001,0.0001,0.0001,0.0001,0.0001,0.0001,0,0.0001,0.0001,0,0.0001,0.3609,0.2057,0.3609,0.2057,
0,0,1.0831,1.6247,3.7909,0.5416,0,1.6247,0.5416,2.1662,0.5416,1.0831,1.6247,0,1.0831,1.0831,0.5416,2.1662,0,0.5416,0,0,0.0001,0.0001,0.0003,0,0,0.0001,0,0.0002,0,0.0001,0.0001,0,0.0001,0.0001,0,0.0002,0,0,0.2305,0.2279,0.2305,0.2279,
0.7834,1.5669,0.7834,0.3917,0,0.3917,0.7834,0.3917,2.3503,1.1752,1.1752,0.7834,0,0.7834,0.7834,0.3917,0,0.7834,0.3917,0.7834,0,0.0001,0,0,0,0,0,0,0.0001,0.0001,0.0001,0,0,0,0,0,0,0,0,0,0.2899,0.3184,0.2899,0.3184,
1.3161,0,0,0,0.329,0.9871,0.658,0.329,2.9612,0.658,0.658,0.658,0.658,0.329,2.9612,0,1.3161,0.329,0,0.329,0.0001,0,0,0,0,0.0001,0.0001,0,0.0003,0.0001,0.0001,0.0001,0.0001,0,0.0003,0,0.0001,0,0,0,0.3593,0.3117,0.3593,0.3117,
0.4153,0.4153,0.4153,0.4153,0.8305,0.4153,0,1.6611,1.2458,0,1.2458,2.0763,1.2458,0.8305,0.8305,4.568,1.6611,1.2458,0.4153,0.8305,0,0,0,0,0,0,0,0.0001,0.0001,0,0.0001,0.0001,0.0001,0,0,0.0002,0.0001,0.0001,0,0,0.2514,0.3333,0.2514,0.3333,
0,0,0,0,6.7642,0,0,3.6422,2.0813,2.0813,0.5203,2.6016,2.0813,0.5203,0,1.0406,0.5203,1.0406,0.5203,2.6016,0,0,0,0,0.0004,0,0,0.0002,0.0001,0.0001,0,0.0001,0.0001,0,0,0.0001,0,0.0001,0,0.0001,0.2149,0.2648,0.2149,0.2648,
1.7615,1.3211,0.4404,0.4404,0.4404,0.8808,2.2019,0.8808,1.3211,0.4404,1.7615,0,1.3211,0,0,0.8808,0.4404,0.8808,0.8808,0.4404,0.0001,0.0001,0,0,0,0,0.0001,0,0.0001,0,0.0001,0,0.0001,0,0,0,0,0,0,0,0.2927,0.267,0.2927,0.267,
2.0077,0,2.0077,1.5058,1.0038,1.0038,0.5019,2.5096,0.5019,1.0038,1.0038,0.5019,2.0077,0,0,2.5096,1.0038,2.0077,0,0.5019,0.0001,0,0.0001,0.0001,0.0001,0.0001,0,0.0001,0,0.0001,0.0001,0,0.0001,0,0,0.0001,0.0001,0.0001,0,0,0.2484,0.2497,0.2484,0.2497,
1.4436,0,0,0,2.1654,3.609,0,2.8872,0,2.8872,0.7218,0,0,0,0,1.4436,1.4436,2.8872,0,1.4436,0.0001,0,0,0,0.0002,0.0003,0,0.0002,0,0.0002,0.0001,0,0,0,0,0.0001,0.0001,0.0002,0,0.0001,0.139,0.1392,0.139,0.1392,
1.3778,0,0,0,0.3445,1.3778,0.3445,0.3445,1.7223,0.6889,0.6889,0,0.3445,0.3445,4.1335,1.0334,1.3778,0.6889,0,0.3445,0.0001,0,0,0,0,0.0001,0,0,0.0002,0.0001,0.0001,0,0,0,0.0004,0.0001,0.0001,0.0001,0,0,0.3121,0.3434,0.3121,0.3434,
0.5638,1.1276,0,1.1276,1.1276,0.5638,0.5638,2.2552,0.5638,1.6914,1.6914,0,1.6914,1.1276,0,2.2552,1.6914,1.1276,0.5638,1.1276,0,0.0001,0,0.0001,0.0001,0,0,0.0001,0,0.0001,0.0001,0,0.0001,0.0001,0,0.0001,0.0001,0.0001,0,0.0001,0.2217,0.2145,0.2217,0.2145,
1.2208,0.8138,0,0.8138,0.4069,0,0.4069,1.2208,0.8138,0.8138,1.2208,0,0.4069,1.6277,1.6277,1.6277,0.4069,0.4069,0.8138,0.4069,0.0001,0,0,0,0,0,0,0.0001,0,0,0.0001,0,0,0.0001,0.0001,0.0001,0,0,0,0,0.3136,0.2795,0.3136,0.2795,
0.4462,1.7847,1.7847,0.8924,0.8924,0.4462,1.3386,0.8924,0.4462,0.4462,0.4462,0.4462,0.8924,0.8924,0.8924,1.3386,0.4462,0.8924,0.4462,0,0,0.0001,0.0001,0,0,0,0.0001,0,0,0,0,0,0,0,0,0.0001,0,0,0,0,0.3152,0.2386,0.3152,0.2386,
0.481,0,0.481,0,2.4052,1.4431,0,1.4431,0.9621,1.9242,0.481,0.481,0.9621,0,1.9242,1.9242,0.481,1.9242,0,0.481,0,0,0,0,0.0002,0.0001,0,0.0001,0.0001,0.0001,0,0,0.0001,0,0.0001,0.0001,0,0.0001,0,0,0.2339,0.2851,0.2339,0.2851,
1.7981,0,0.899,1.3485,0.4495,1.3485,0.4495,0,0.899,1.3485,0.4495,0,1.3485,1.3485,0.4495,0.4495,0.4495,0.4495,0.899,0.4495,0.0001,0,0.0001,0.0001,0,0.0001,0,0,0.0001,0.0001,0,0,0.0001,0.0001,0,0,0,0,0.0001,0,0.2888,0.2617,0.2888,0.2617,
0,0,0,1.1019,0.551,3.8568,0,1.1019,0.551,1.6529,0.551,0.551,0.551,1.1019,0.551,0.551,0.551,1.6529,0,1.6529,0,0,0,0.0001,0,0.0003,0,0.0001,0,0.0001,0,0,0,0.0001,0,0,0,0.0001,0,0.0001,0.2303,0.2188,0.2303,0.2188,
0,1.3645,0,1.3645,0.9097,0,1.3645,0.4548,1.3645,1.8194,0.9097,0.9097,1.8194,0.9097,0,0.9097,0.4548,0.4548,0.9097,1.3645,0,0.0001,0,0.0001,0,0,0.0001,0,0.0001,0.0001,0,0,0.0001,0,0,0,0,0,0,0.0001,0.2729,0.2722,0.2729,0.2722,
1.9125,0,1.9125,1.275,0.6375,0,0,0.6375,0,0,0,0,0,0.6375,0,0.6375,0,0.6375,0,1.275,0.0002,0,0.0002,0.0001,0.0001,0,0,0.0001,0,0,0,0,0,0.0001,0,0.0001,0,0.0001,0,0.0001,0.2438,0.1187,0.2438,0.1187,
0.5827,3.496,0,0.5827,0,1.1653,0,1.1653,1.748,1.748,0,0.5827,1.1653,0,0,1.748,1.1653,1.748,0,1.1653,0,0.0001,0,0,0,0,0,0,0.0001,0.0001,0,0,0,0,0,0.0001,0,0.0001,0,0,0.2293,0.188,0.2293,0.188,
1.0775,0,0,1.0775,2.6937,0.5387,0,2.155,1.6162,2.155,0.5387,0,1.0775,0,0.5387,1.0775,1.6162,1.0775,0,0.5387,0.0001,0,0,0.0001,0.0002,0,0,0.0002,0.0001,0.0002,0,0,0.0001,0,0,0.0001,0.0001,0.0001,0,0,0.2076,0.2537,0.2076,0.2537,
0.5393,1.0785,0.5393,0,1.0785,0,0,0.5393,1.0785,1.0785,0,1.0785,0.5393,0,1.0785,0.5393,1.0785,0.5393,0.5393,0.5393,0,0.0001,0,0,0.0001,0,0,0,0.0001,0.0001,0,0.0001,0,0,0.0001,0,0.0001,0,0,0,0.2324,0.2283,0.2324,0.2283,
1.6303,2.0379,0.4076,1.2227,2.4455,1.2227,0.4076,1.2227,1.2227,0.4076,0.8152,0.8152,0,0.8152,0.4076,0.4076,0.4076,1.2227,0.4076,0,0.0001,0.0001,0,0,0.0001,0,0,0,0,0,0,0,0,0,0,0,0,0,0,0,0.2608,0.3316,0.2608,0.3316,
0.8127,4.0635,1.219,0.8127,0.8127,2.4381,0,0.4063,2.4381,0,0,0.8127,0.8127,0.8127,0.4063,0.4063,1.6254,1.219,0,0.4063,0,0.0001,0,0,0,0.0001,0,0,0.0001,0,0,0,0,0,0,0,0.0001,0,0,0,0.28,0.3136,0.28,0.3136,
1.5832,0.3958,0.3958,0,0.3958,1.1874,0.7916,0.7916,1.1874,1.1874,1.1874,0.3958,0,1.5832,1.1874,0.7916,0.7916,0.7916,0.7916,0,0.0001,0,0,0,0,0.0001,0,0,0.0001,0.0001,0.0001,0,0,0.0001,0.0001,0,0,0,0,0,0.2849,0.3193,0.2849,0.3193,
1.3445,0,0.4482,0.4482,1.3445,1.3445,0,1.3445,0.4482,1.3445,0,0.8963,1.7927,0,1.3445,0.8963,0,0,0.4482,0.4482,0.0001,0,0,0,0.0001,0.0001,0,0.0001,0,0.0001,0,0.0001,0.0001,0,0.0001,0.0001,0,0,0,0,0.2962,0.2556,0.2962,0.2556,
0.7313,2.194,1.4627,0.3657,1.097,1.4627,1.097,0.3657,0.3657,1.8283,0.3657,0.7313,1.097,1.097,0.7313,1.097,0,1.097,0,1.097,0,0.0001,0.0001,0,0,0.0001,0,0,0,0.0001,0,0,0,0,0,0,0,0,0,0,0.2772,0.3572,0.2772,0.3572,
1.291,0.8607,1.291,1.7214,0,0,0.4303,0.8607,0.4303,2.1517,2.1517,0.4303,1.7214,0.8607,0.4303,0.4303,0.8607,1.7214,0.8607,0.4303,0.0001,0,0.0001,0.0001,0,0,0,0,0,0.0001,0.0001,0,0.0001,0,0,0,0,0.0001,0,0,0.2656,0.3041,0.2656,0.3041,
0,0.453,1.8119,0,1.3589,0.9059,0.9059,0.453,0,0.453,0.453,1.3589,1.3589,0.453,0.453,1.3589,0.9059,1.3589,2.2649,0.9059,0,0,0.0001,0,0.0001,0,0,0,0,0,0,0.0001,0.0001,0,0,0.0001,0,0.0001,0.0001,0,0.2491,0.298,0.2491,0.298,
0.5713,0.5713,0.5713,0.5713,0.5713,1.7138,0,1.7138,0.5713,2.8563,0.5713,0,0,0.5713,1.1425,0.5713,0.5713,0.5713,0,0,0,0,0,0,0,0.0001,0,0.0001,0,0.0002,0,0,0,0,0.0001,0,0,0,0,0,0.2019,0.2269,0.2019,0.2269,
0.7721,0.7721,1.9302,0.7721,1.1581,0.7721,0.7721,0,1.1581,1.9302,1.1581,0.7721,0.386,0.7721,0,1.1581,0.386,0.7721,1.1581,0.386,0,0,0.0001,0,0.0001,0,0,0,0.0001,0.0001,0.0001,0,0,0,0,0.0001,0,0,0.0001,0,0.3337,0.2802,0.3337,0.2802,
1.801,0.7204,0.7204,1.0806,1.0806,0.7204,0.7204,0,0.7204,2.5214,1.4408,1.801,0.7204,0.7204,1.0806,1.0806,0.7204,0,0.3602,0,0.0001,0,0,0.0001,0.0001,0,0,0,0,0.0001,0.0001,0.0001,0,0,0.0001,0.0001,0,0,0,0,0.2692,0.3706,0.2692,0.3706,
1.9031,0,0.3806,1.9031,0,0,0.7613,1.1419,1.5225,3.045,1.5225,0.3806,1.1419,1.9031,0.3806,1.1419,0.3806,0,0,0,0.0001,0,0,0.0001,0,0,0.0001,0.0001,0.0001,0.0002,0.0001,0,0.0001,0.0001,0,0.0001,0,0,0,0,0.3143,0.305,0.3143,0.305,
0.5279,0.5279,0.5279,0.5279,0,0,0.5279,1.0557,1.0557,2.6394,1.5836,0,0.5279,0,0.5279,2.1115,0.5279,0.5279,0,1.0557,0,0,0,0,0,0,0,0.0001,0.0001,0.0002,0.0001,0,0,0,0,0.0001,0,0,0,0.0001,0.2316,0.2405,0.2316,0.2405,
1.4854,0.4951,0.9903,0,0,0.4951,0.9903,0.9903,0,1.4854,0.9903,1.9805,0.4951,1.9805,0.9903,1.9805,0,0,0,0.9903,0.0001,0,0.0001,0,0,0,0.0001,0.0001,0,0.0001,0.0001,0.0001,0,0.0001,0.0001,0.0001,0,0,0,0.0001,0.2547,0.2501,0.2547,0.2501,
1.337,0.8913,0.8913,0.4457,0.4457,2.2283,0,0.8913,1.337,0,0,0.8913,1.337,0.8913,0.4457,1.337,1.7826,2.6739,0.8913,0.4457,0.0001,0,0,0,0,0.0001,0,0,0.0001,0,0,0,0.0001,0,0,0.0001,0.0001,0.0001,0,0,0.2878,0.2666,0.2878,0.2666,
0.5395,0.5395,0,1.0789,0,1.0789,1.0789,0,1.0789,1.6184,1.6184,0,0,0,1.0789,0,0,0.5395,1.0789,0.5395,0.0001,0.0001,0,0.0001,0,0.0001,0.0001,0,0.0001,0.0002,0.0002,0,0,0,0.0001,0,0,0.0001,0.0001,0.0001,0.2544,0.2061,0.2544,0.2061,
0,0,0.7613,0,0.7613,0,0.7613,0.7613,0,2.2839,0.7613,0.7613,1.5226,1.5226,0,0.7613,0,0.7613,0,0,0,0,0.0001,0,0.0001,0,0.0001,0.0001,0,0.0002,0.0001,0.0001,0.0001,0.0001,0,0.0001,0,0.0001,0,0,0.1317,0.107,0.1317,0.107,
0.4868,0.9736,0.4868,0,0.9736,0.4868,0,0.9736,0.9736,0,0.9736,1.4603,0,0.4868,0.9736,0.9736,0.9736,0.9736,0.4868,1.4603,0,0.0001,0,0,0.0001,0,0,0.0001,0.0001,0,0.0001,0.0001,0,0,0.0001,0.0001,0.0001,0.0001,0,0.0001,0.2652,0.2481,0.2652,0.2481,
1.8144,1.2096,0.6048,0.6048,3.0241,1.2096,0.6048,1.2096,0,0.6048,2.4192,0.6048,0.6048,0.6048,0,3.0241,3.0241,0.6048,0,0,0.0001,0.0001,0,0,0.0002,0.0001,0,0.0001,0,0,0.0001,0,0,0,0,0.0002,0.0002,0,0,0,0.214,0.1812,0.214,0.1812,
0,0,0.6409,0.6409,0,0.6409,0.6409,0,1.2818,0,1.2818,0,0,0.6409,0,0.6409,0.6409,0,0.6409,0.6409,0,0,0.0001,0.0001,0,0.0001,0.0001,0,0.0002,0,0.0002,0,0,0.0001,0,0.0001,0.0001,0,0.0001,0.0001,0.2214,0.1377,0.2214,0.1377,
0,0.3837,0.7674,1.5348,1.1511,0.7674,0.3837,0,1.9185,1.1511,0.7674,0.3837,0,1.1511,0,2.3022,1.1511,1.1511,0.3837,1.5348,0,0,0,0.0001,0.0001,0,0,0,0.0001,0.0001,0,0,0,0.0001,0,0.0001,0.0001,0.0001,0,0.0001,0.3306,0.2857,0.3306,0.2857,
0.8295,1.2442,0.8295,0.4147,0,0.4147,0,0,1.2442,0.8295,0.8295,1.659,2.0737,2.0737,0.4147,0.8295,1.659,0.8295,1.2442,0.4147,0,0.0001,0,0,0,0,0,0,0.0001,0,0,0.0001,0.0001,0.0001,0,0,0.0001,0,0.0001,0,0.2873,0.2979,0.2873,0.2979,
0.7218,0,0.7218,0,0.7218,0,0,0,0,1.4437,0,0,0.7218,0,2.1655,0,0.7218,0,0,0,0.0002,0,0.0002,0,0.0002,0,0,0,0,0.0004,0,0,0.0002,0,0.0005,0,0.0002,0,0,0,0.1809,0.0973,0.1809,0.0973,
1.7429,1.7429,0.8715,0.8715,1.3072,0.8715,0.8715,0.4357,0.4357,0.8715,1.7429,1.7429,1.7429,1.3072,0.4357,0.4357,0.4357,0.4357,0,1.3072,0.0001,0.0001,0,0,0.0001,0,0,0,0,0,0.0001,0.0001,0.0001,0.0001,0,0,0,0,0,0.0001,0.2734,0.2909,0.2734,0.2909,
0.3439,0.6877,1.0316,1.3754,0.6877,0.6877,0.3439,0.6877,0.3439,0,0.3439,0.3439,1.3754,2.407,1.3754,0.6877,0.6877,0,1.0316,0.6877,0,0,0.0001,0.0001,0,0,0,0,0,0,0,0,0.0001,0.0001,0.0001,0,0,0,0.0001,0,0.3067,0.3494,0.3067,0.3494,
3.0333,0.7583,0.7583,0,0,0.7583,0,0,0,2.275,0,0,0,0,0.7583,0.7583,0.7583,0.7583,0,0,0.0003,0.0001,0.0001,0,0,0.0001,0,0,0,0.0002,0,0,0,0,0.0001,0.0001,0.0001,0.0001,0,0,0.1185,0.1232,0.1185,0.1232,
1.4229,0.4743,0.4743,0.9486,1.4229,0,2.3715,0,1.4229,1.4229,1.4229,2.3715,0.9486,1.4229,0.4743,0.4743,0.4743,0,0,0.4743,0.0001,0,0,0.0001,0.0001,0,0.0001,0,0.0001,0.0001,0.0001,0.0001,0.0001,0.0001,0,0,0,0,0,0,0.2585,0.2672,0.2585,0.2672,
0,1.6285,0,0,1.6285,1.6285,0.8143,0.8143,0,0,0,0,0,0,0,0,0.8143,0.8143,0,0,0,0.0002,0,0,0.0002,0.0002,0.0001,0.0001,0,0,0,0,0,0,0,0,0.0001,0.0001,0,0,0.1026,0.0832,0.1026,0.0832,
1.5307,0,1.5307,0.5102,1.5307,1.5307,0,0.5102,1.0205,0.5102,0.5102,0.5102,0.5102,0,1.0205,1.0205,1.0205,1.0205,1.0205,0,0.0001,0,0.0001,0,0.0001,0.0001,0,0,0.0001,0,0,0,0,0,0.0001,0.0001,0.0001,0.0001,0.0001,0,0.2566,0.2331,0.2566,0.2331,
0,0,0,0,0.9333,0,0,0.9333,0,0.9333,0,0,0,10.2667,0,0,0.9333,0,0,0,0,0,0,0,0.0003,0,0,0.0003,0,0.0003,0,0,0,0.0038,0,0,0.0003,0,0,0,0.0215,0.0452,0.0215,0.0452,
0.4081,0.4081,0.4081,0.8163,1.2244,0.8163,0.4081,1.2244,1.2244,1.2244,0.4081,1.2244,0.4081,0.4081,0.4081,0.8163,0.4081,0,1.2244,0.4081,0,0,0,0,0.0001,0,0,0.0001,0.0001,0.0001,0,0.0001,0,0,0,0,0,0,0.0001,0,0.3169,0.275,0.3169,0.275,
0.9847,0.9847,0,0.4923,0.4923,1.9694,1.477,2.9541,0.9847,0.4923,0.9847,1.477,1.477,0.4923,0,1.477,0,0.9847,0,0.4923,0,0,0,0,0,0.0001,0.0001,0.0001,0,0,0,0.0001,0.0001,0,0,0.0001,0,0,0,0,0.2851,0.2226,0.2851,0.2226,
0.7039,1.0558,1.0558,0.7039,0.7039,1.0558,0.3519,1.4078,0.7039,0.7039,0.3519,0,0,1.0558,1.4078,1.0558,0.7039,0.3519,2.1117,0.7039,0,0,0,0,0,0,0,0.0001,0,0,0,0,0,0,0.0001,0,0,0,0.0001,0,0.3374,0.3107,0.3374,0.3107,
0.8525,0,0.8525,0.8525,1.705,1.2787,1.705,0,0.4262,1.705,0.4262,0.4262,0,0.8525,0,1.2787,1.705,0.4262,0.4262,2.1312,0.0001,0,0.0001,0.0001,0.0001,0.0001,0.0001,0,0,0.0001,0,0,0,0.0001,0,0.0001,0.0001,0,0,0.0001,0.3037,0.2701,0.3037,0.2701,
0.4396,1.3189,0.4396,0.4396,0.8793,0.4396,0,2.1982,0.4396,1.3189,0,1.3189,2.6378,1.7585,1.3189,1.3189,0,0.8793,1.3189,1.3189,0,0.0001,0,0,0,0,0,0.0001,0,0.0001,0,0.0001,0.0001,0.0001,0.0001,0.0001,0,0,0.0001,0.0001,0.2771,0.2832,0.2771,0.2832,
0,0,0.7119,0,0.7119,0,2.1356,0,0,0.7119,0.7119,0.7119,0.7119,0,0,0.7119,0,0,0,0,0,0,0.0001,0,0.0001,0,0.0003,0,0,0.0001,0.0001,0.0001,0.0001,0,0,0.0001,0,0,0,0,0.1637,0.1244,0.1637,0.1244,
0.4758,2.8546,1.4273,0,0,3.3304,0,0.9515,1.4273,0.4758,0,0.4758,0.9515,0,1.4273,1.4273,0,0.4758,0,0.4758,0,0.0001,0.0001,0,0,0.0001,0,0,0.0001,0,0,0,0,0,0.0001,0.0001,0,0,0,0,0.2512,0.273,0.2512,0.273,
0,0,0.5975,0,1.195,0,1.7925,0,0.5975,0.5975,1.195,1.7925,0,0,0.5975,1.7925,0,0,0.5975,1.195,0,0,0,0,0.0001,0,0.0001,0,0,0,0.0001,0.0001,0,0,0,0.0001,0,0,0,0.0001,0.2112,0.1913,0.2112,0.1913,
1.3598,0.9065,0,0.9065,1.813,0,2.2663,1.3598,0,1.3598,2.7195,0,0.9065,1.813,0.9065,0.4533,1.3598,0,0.4533,0.4533,0.0001,0.0001,0,0.0001,0.0001,0,0.0001,0.0001,0,0.0001,0.0002,0,0.0001,0.0001,0.0001,0,0.0001,0,0,0,0.2321,0.3146,0.2321,0.3146,
2.0783,0,1.247,0.8313,0.4157,0,0.8313,1.6626,0.8313,1.6626,0,1.247,0,1.6626,1.247,0.4157,0.8313,0,0,0.4157,0.0002,0,0.0001,0.0001,0,0,0.0001,0.0001,0.0001,0.0001,0,0.0001,0,0.0001,0.0001,0,0.0001,0,0,0,0.3395,0.2448,0.3395,0.2448,
1.5519,0,0,1.0346,1.0346,2.0693,0,1.5519,0,3.1039,1.0346,0.5173,0.5173,1.0346,1.0346,1.0346,0.5173,2.0693,0,1.0346,0.0001,0,0,0.0001,0.0001,0.0001,0,0.0001,0,0.0002,0.0001,0,0,0.0001,0.0001,0.0001,0,0.0001,0,0.0001,0.2321,0.2506,0.2321,0.2506,
1.6605,0.4151,1.2454,1.2454,0.4151,0.4151,0.8303,0.8303,0.8303,0,0.8303,1.2454,0.8303,0.8303,0.8303,0.8303,0.4151,0.8303,0.8303,1.2454,0.0001,0,0.0001,0.0001,0,0,0,0,0,0,0,0.0001,0,0,0,0,0,0,0,0.0001,0.2664,0.3185,0.2664,0.3185,
1.6038,0.4009,0.8019,0.8019,1.2028,0.8019,0.4009,0.4009,0.8019,0.8019,0.4009,1.2028,0.8019,0.4009,0.8019,1.6038,1.2028,1.2028,1.6038,1.6038,0.0001,0,0,0,0.0001,0,0,0,0,0,0,0.0001,0,0,0,0.0001,0.0001,0.0001,0.0001,0.0001,0.2423,0.3568,0.2423,0.3568,
1.4237,0,0,0,0.3559,1.7796,0.3559,0,1.0678,1.0678,0.7118,0,0,0.3559,4.9829,1.0678,1.7796,0.7118,0,0,0.0001,0,0,0,0,0.0002,0,0,0.0001,0.0001,0.0001,0,0,0,0.0005,0.0001,0.0002,0.0001,0,0,0.3251,0.319,0.3251,0.319,
0.4031,0.8061,1.2092,0.8061,0.4031,0.8061,1.2092,0,1.6122,1.6122,1.2092,0.8061,0.4031,0,0.8061,1.6122,0,0.4031,0,0.8061,0,0,0.0001,0,0,0,0.0001,0,0.0001,0.0001,0.0001,0,0,0,0,0.0001,0,0,0,0,0.3075,0.2894,0.3075,0.2894,
0.7044,0,0,0.7044,0,0.7044,0.7044,0.7044,0,0,0.7044,1.4088,0,0,0.7044,0,0,0,0.7044,0,0.0001,0,0,0.0001,0,0.0001,0.0001,0.0001,0,0,0.0001,0.0002,0,0,0.0001,0,0,0,0.0001,0,0.1229,0.1727,0.1229,0.1727,
2.0266,0.6755,0.6755,0,0.6755,1.3511,0,0,1.3511,0,0,0,1.3511,0,0,0.6755,1.3511,1.3511,0,0,0.0002,0.0001,0.0001,0,0.0001,0.0001,0,0,0.0001,0,0,0,0.0001,0,0,0.0001,0.0001,0.0001,0,0,0.1869,0.1376,0.1869,0.1376,
0.3881,1.5525,1.5525,1.1643,0.7762,1.5525,0.7762,0,0.3881,0.7762,0.3881,1.1643,0.7762,0.3881,0.7762,0.3881,0.3881,1.9406,1.9406,0,0,0.0001,0.0001,0.0001,0,0.0001,0,0,0,0,0,0.0001,0,0,0,0,0,0.0001,0.0001,0,0.3091,0.3028,0.3091,0.3028,
0.3855,0.3855,0.3855,0.3855,1.1565,0.3855,0.771,0.771,1.1565,0.3855,1.1565,1.1565,0.771,0.3855,0.771,1.1565,0.771,0.3855,1.1565,1.9275,0,0,0,0,0.0001,0,0,0,0.0001,0,0.0001,0.0001,0,0,0,0.0001,0,0,0.0001,0.0001,0.2914,0.3231,0.2914,0.3231,
0,0,0.5285,0,0,2.1141,0.5285,1.5856,0.5285,2.1141,0.5285,1.5856,0.5285,0,1.0571,0.5285,0.5285,0.5285,0,0.5285,0,0,0,0,0,0.0002,0,0.0001,0,0.0002,0,0.0001,0,0,0.0001,0,0,0,0,0,0.2334,0.2381,0.2334,0.2381,
1.3318,0,0,0,2.6637,1.3318,0,1.3318,0.6659,3.9955,1.3318,2.6637,1.3318,0.6659,0,1.3318,1.3318,1.9978,0,0.6659,0.0001,0,0,0,0.0002,0.0001,0,0.0001,0,0.0003,0.0001,0.0002,0.0001,0,0,0.0001,0.0001,0.0001,0,0,0.176,0.1581,0.176,0.1581,
0.6796,0,0.6796,0,0.6796,0,0,1.3593,1.3593,0.6796,0,1.3593,1.3593,0,0,0.6796,0.6796,0.6796,0,1.3593,0.0001,0,0.0001,0,0.0001,0,0,0.0001,0.0001,0.0001,0,0.0001,0.0001,0,0,0.0001,0.0001,0.0001,0,0.0001,0.1483,0.1721,0.1483,0.1721,
0.6496,0,0,1.9489,0,0,1.2993,0.6496,0.6496,0.6496,1.9489,1.2993,0.6496,0,0.6496,0,0.6496,1.2993,0.6496,0.6496,0.0001,0,0,0.0002,0,0,0.0001,0.0001,0.0001,0.0001,0.0002,0.0001,0.0001,0,0.0001,0,0.0001,0.0001,0.0001,0.0001,0.1776,0.1727,0.1776,0.1727,
0,0.7872,0,0.3936,1.5744,0,0.7872,1.5744,0.7872,1.1808,1.1808,1.1808,0.7872,1.9679,1.1808,1.1808,1.1808,0.3936,1.1808,0.3936,0,0,0,0,0.0001,0,0,0.0001,0,0.0001,0.0001,0.0001,0,0.0001,0.0001,0.0001,0.0001,0,0.0001,0,0.3207,0.2857,0.3207,0.2857,
0.4734,0.9467,1.4201,0,0.9467,0.4734,1.4201,1.8935,0,0.4734,0.9467,0.4734,0.4734,0.9467,0.4734,0,0.4734,2.8402,2.3669,0.9467,0,0.0001,0.0001,0,0.0001,0,0.0001,0.0001,0,0,0.0001,0,0,0.0001,0,0,0,0.0002,0.0001,0.0001,0.2553,0.2713,0.2553,0.2713,
1.339,0,1.339,0.6695,0,0,0,0,0.6695,2.0086,0,0.6695,0,0,0.6695,1.339,0,0.6695,0,0,0.0001,0,0.0001,0.0001,0,0,0,0,0.0001,0.0002,0,0.0001,0,0,0.0001,0.0001,0,0.0001,0,0,0.1634,0.1671,0.1634,0.1671,
0.7005,0.7005,0,0.7005,0,0,0.7005,0,1.401,0,0,0,0,1.401,0,0,0.7005,0.7005,0,0.7005,0.0001,0.0001,0,0.0001,0,0,0.0001,0,0.0002,0,0,0,0,0.0002,0,0,0.0001,0.0001,0,0.0001,0.1678,0.1317,0.1678,0.1317,
0.707,0,0,1.414,1.414,1.414,0,0,1.414,0.707,0.707,0,1.414,0,0,0,0,0,0,0.707,0.0001,0,0,0.0002,0.0002,0.0002,0,0,0.0002,0.0001,0.0001,0,0.0002,0,0,0,0,0,0,0.0001,0.1301,0.163,0.1301,0.163,
0.411,0.822,1.233,0.411,0,0.822,1.644,1.233,0.411,0.411,1.233,0.411,0.411,1.644,1.233,0.822,0.411,0.411,0.411,0.822,0,0.0001,0.0001,0,0,0.0001,0.0001,0.0001,0,0,0.0001,0,0,0.0001,0.0001,0.0001,0,0,0,0.0001,0.2682,0.3208,0.2682,0.3208,
0.8858,0,0.8858,0.8858,0.4429,0.8858,1.7716,0.4429,1.3287,1.3287,0.4429,0.4429,0.4429,1.7716,0.4429,0.8858,0,1.3287,0,1.7716,0.0001,0,0.0001,0.0001,0,0.0001,0.0001,0,0.0001,0.0001,0,0,0,0.0001,0,0.0001,0,0.0001,0,0.0001,0.2631,0.294,0.2631,0.294,
0.5809,0,0.5809,0,0,2.3236,0.5809,0,1.7427,1.1618,0,0.5809,0,0,0,1.1618,0.5809,0.5809,0,0.5809,0.0001,0,0.0001,0,0,0.0002,0.0001,0,0.0002,0.0001,0,0.0001,0,0,0,0.0001,0.0001,0.0001,0,0.0001,0.2357,0.1833,0.2357,0.1833,
0.4547,1.3642,0,0.4547,0.9095,0.4547,0.4547,0.4547,0.9095,1.3642,1.3642,2.7284,0,0.4547,0.4547,0.9095,0.9095,0.4547,1.819,0.9095,0,0.0001,0,0,0,0,0,0,0,0.0001,0.0001,0.0001,0,0,0,0,0,0,0.0001,0,0.2787,0.2666,0.2787,0.2666,
1.0319,0.688,1.3759,1.0319,1.0319,2.0639,0.688,0.344,0.688,0,0.344,0.688,0.688,1.3759,0,1.0319,0,0.688,0.688,1.7199,0.0001,0,0.0001,0.0001,0.0001,0.0001,0,0,0,0,0,0,0,0.0001,0,0.0001,0,0,0,0.0001,0.3212,0.3349,0.3212,0.3349,
0,0.8259,0.8259,0,0,0.8259,1.6518,0,0,0,0.8259,2.4777,0,0,0,0.8259,0.8259,0,0,0,0,0.0001,0.0001,0,0,0.0001,0.0002,0,0,0,0.0001,0.0003,0,0,0,0.0001,0.0001,0,0,0,0.0788,0.0953,0.0788,0.0953,
1.0467,1.0467,0.5234,0.5234,0.5234,0,0.5234,1.0467,0.5234,0,0,0,0,0,1.5701,0,1.0467,0.5234,1.0467,0.5234,0.0001,0.0001,0,0,0,0,0,0.0001,0,0,0,0,0,0,0.0001,0,0.0001,0,0.0001,0,0.3053,0.1714,0.3053,0.1714,
1.1584,0,1.1584,0.5792,0,1.1584,0,1.7377,0.5792,1.7377,0,1.1584,0,0,0.5792,0.5792,0,0,0,1.1584,0.0001,0,0.0001,0,0,0.0001,0,0.0001,0,0.0001,0,0.0001,0,0,0,0,0,0,0,0.0001,0.1991,0.2217,0.1991,0.2217,
0.6118,0,0,0,0.3059,1.2237,0.3059,0,3.0592,0.9178,0.3059,0.6118,0.9178,0.6118,3.3651,0.6118,1.5296,0.3059,0,0.3059,0.0001,0,0,0,0,0.0001,0,0,0.0003,0.0001,0,0.0001,0.0001,0.0001,0.0003,0.0001,0.0001,0,0,0,0.3542,0.3399,0.3542,0.3399,
1.1373,0.7582,1.1373,0,0.7582,0.7582,0.7582,0.7582,0,1.5163,1.1373,0.3791,0.7582,1.8954,1.5163,0.3791,2.2745,0.7582,0.7582,1.1373,0.0001,0,0.0001,0,0,0,0,0,0,0.0001,0.0001,0,0,0.0001,0.0001,0,0.0001,0,0,0.0001,0.3003,0.3206,0.3003,0.3206,
0.4267,0.8534,1.7068,1.2801,1.2801,0.4267,0.8534,0.4267,0.4267,1.2801,0,0.8534,1.2801,0.4267,0.4267,0.8534,0.4267,1.2801,1.2801,0.4267,0,0,0.0001,0.0001,0.0001,0,0,0,0,0.0001,0,0,0.0001,0,0,0,0,0.0001,0.0001,0,0.2873,0.286,0.2873,0.286,
1.8607,0,0.6202,0.6202,1.2405,0,0,0.6202,1.8607,0,0.6202,0,0,0,0,0.6202,0.6202,0.6202,0,0,0.0002,0,0.0001,0.0001,0.0001,0,0,0.0001,0.0002,0,0.0001,0,0,0,0,0.0001,0.0001,0.0001,0,0,0.2301,0.1496,0.2301,0.1496,
0.5219,0,0,0.5219,0.5219,0,0.5219,2.0875,0.5219,0,1.5656,0.5219,1.0438,1.0438,1.0438,0.5219,0.5219,1.0438,1.0438,1.0438,0.0001,0,0,0.0001,0.0001,0,0.0001,0.0002,0.0001,0,0.0002,0.0001,0.0001,0.0001,0.0001,0.0001,0.0001,0.0001,0.0001,0.0001,0.2517,0.2264,0.2517,0.2264,
2.2797,0,0,0.7599,0,0,0,0,0,0,0.7599,0,0,0.7599,1.5198,0.7599,0.7599,0.7599,0.7599,1.5198,0.0003,0,0,0.0001,0,0,0,0,0,0,0.0001,0,0,0.0001,0.0002,0.0001,0.0001,0.0001,0.0001,0.0002,0.1087,0.1313,0.1087,0.1313,
1.7376,0,0,1.3032,0.8688,1.3032,0.4344,1.3032,0.4344,0.4344,0,1.7376,2.172,3.9096,0.4344,1.3032,0.4344,0.4344,1.7376,1.3032,0.0001,0,0,0.0001,0.0001,0.0001,0,0.0001,0,0,0,0.0001,0.0001,0.0002,0,0.0001,0,0,0.0001,0.0001,0.2914,0.2742,0.2914,0.2742,
1.6279,0.407,1.6279,0.814,1.2209,0.407,0.814,1.6279,0.407,0.407,0.407,0.407,1.2209,0.407,0.407,0.814,0.814,0.407,0.407,0.814,0.0001,0,0.0001,0,0.0001,0,0,0.0001,0,0,0,0,0.0001,0,0,0,0,0,0,0,0.2699,0.3231,0.2699,0.3231,
1.0104,2.5259,1.5155,1.0104,2.5259,0.5052,0.5052,1.0104,0,0,0,1.5155,0,0.5052,0,3.0311,0.5052,1.0104,0,1.5155,0,0.0001,0.0001,0,0.0001,0,0,0,0,0,0,0.0001,0,0,0,0.0001,0,0,0,0.0001,0.2496,0.2452,0.2496,0.2452,
1.3415,0,0.4472,0.8943,2.2358,1.3415,0.4472,1.3415,0.4472,4.0245,0.8943,0.4472,1.3415,0,0.4472,0.8943,1.3415,0.4472,0,0.4472,0.0001,0,0,0.0001,0.0001,0.0001,0,0.0001,0,0.0002,0.0001,0,0.0001,0,0,0.0001,0.0001,0,0,0,0.2736,0.2792,0.2736,0.2792,
0.942,2.355,0,0.942,1.413,1.413,0.471,0.942,0,0.471,0.942,1.413,0.942,0.942,0.471,1.884,0.942,0.942,0.942,1.413,0,0.0001,0,0,0.0001,0.0001,0,0,0,0,0,0.0001,0,0,0,0.0001,0,0,0,0.0001,0.2862,0.2428,0.2862,0.2428,
1.4823,0.3706,0.7411,1.1117,0.7411,1.8528,1.4823,2.2234,0,0.3706,1.4823,1.1117,1.1117,1.1117,0.7411,0.7411,0,0.3706,0.7411,0.7411,0.0001,0,0,0.0001,0,0.0001,0.0001,0.0001,0,0,0.0001,0.0001,0.0001,0.0001,0,0,0,0,0,0,0.3011,0.3284,0.3011,0.3284,
1.2079,0.4026,1.2079,1.2079,0,0.8053,1.2079,0.4026,0.4026,0.4026,0.4026,0.4026,0.8053,0.8053,1.2079,1.2079,2.0132,0.4026,0.4026,0,0.0001,0,0.0001,0.0001,0,0.0001,0.0001,0,0,0,0,0,0.0001,0.0001,0.0001,0.0001,0.0002,0,0,0,0.2725,0.3248,0.2725,0.3248,
1.8421,0,0,0.614,0.614,1.2281,0,2.4561,0.614,6.1404,0.614,1.2281,0.614,1.2281,0,0.614,1.2281,1.2281,0,0,0.0001,0,0,0,0,0.0001,0,0.0002,0,0.0004,0,0.0001,0,0.0001,0,0,0.0001,0.0001,0,0,0.2021,0.1838,0.2021,0.1838,
1.1134,1.1134,1.1134,0.3711,1.1134,1.1134,1.4846,1.4846,0.3711,0.7423,0.7423,1.4846,1.1134,0.3711,0.7423,0.3711,0.3711,0.7423,1.8557,0,0,0,0,0,0,0,0.0001,0.0001,0,0,0,0.0001,0,0,0,0,0,0,0.0001,0,0.329,0.2998,0.329,0.2998,
1.315,0,0,0,0.3288,1.315,0.3288,0,1.9725,0.9863,0.6575,0,0.3288,0.3288,3.9451,0.9863,0.9863,0.6575,0,0.3288,0.0001,0,0,0,0,0.0001,0,0,0.0002,0.0001,0.0001,0,0,0,0.0003,0.0001,0.0001,0.0001,0,0,0.3214,0.3499,0.3214,0.3499,
0,0.4357,1.3072,0.4357,1.3072,1.7429,1.3072,0.4357,0.4357,1.3072,0.8715,0,1.3072,1.7429,1.3072,0.4357,1.3072,0.4357,0,0,0,0,0.0001,0,0.0001,0.0001,0.0001,0,0,0.0001,0.0001,0,0.0001,0.0001,0.0001,0,0.0001,0,0,0,0.2747,0.2896,0.2747,0.2896,
1.3489,1.3489,1.3489,1.0117,1.6861,0,1.3489,0.3372,0,0.6744,1.0117,0.3372,0.6744,0.6744,1.3489,0.6744,0,0.3372,0.6744,0.6744,0.0001,0.0001,0.0001,0,0.0001,0,0.0001,0,0,0,0,0,0,0,0.0001,0,0,0,0,0,0.3202,0.3426,0.3202,0.3426,
0.8684,1.3025,0.8684,0.8684,0.8684,0.4342,0.4342,0.4342,0.8684,0.8684,2.6051,1.3025,0.8684,0,0.8684,0.8684,0.4342,0,0.8684,0.8684,0,0.0001,0,0,0,0,0,0,0,0,0.0001,0.0001,0,0,0,0,0,0,0,0,0.2637,0.3021,0.2637,0.3021,
1.2983,2.1639,0.8655,0.4328,0.4328,1.7311,0.8655,0.8655,0,0.4328,1.2983,0.8655,0.4328,0,0.8655,0.4328,1.2983,1.2983,0.8655,1.2983,0.0001,0.0001,0,0,0,0.0001,0,0,0,0,0.0001,0,0,0,0,0,0.0001,0.0001,0,0.0001,0.2939,0.2733,0.2939,0.2733,
1.6632,0,0,0,0.6653,1.3306,0.3326,0.3326,1.3306,0.3326,0.6653,0.6653,0.3326,0.3326,4.3243,1.6632,0.9979,0.6653,0,0,0.0001,0,0,0,0,0.0001,0,0,0.0001,0,0,0,0,0,0.0003,0.0001,0.0001,0,0,0,0.348,0.3193,0.348,0.3193,
2.0789,0,0.693,1.386,0.3465,0.693,0.693,2.0789,1.0395,0.3465,0,1.386,1.0395,1.0395,1.0395,0.3465,0,0.3465,0.693,0.3465,0.0001,0,0,0.0001,0,0,0,0.0001,0.0001,0,0,0.0001,0.0001,0.0001,0.0001,0,0,0,0,0,0.3429,0.3106,0.3429,0.3106,
1.3965,0,1.862,2.7929,0.931,0.931,0,0.4655,0,0.4655,0,0.931,3.2584,0,0.4655,0.4655,1.862,0.931,0,0.4655,0.0001,0,0.0001,0.0002,0.0001,0.0001,0,0,0,0,0,0.0001,0.0002,0,0,0,0.0001,0.0001,0,0,0.2805,0.254,0.2805,0.254,
1.4882,0.7441,0.372,0,0,0,1.4882,1.1161,1.4882,2.2323,0.7441,0.372,0.372,1.1161,0.7441,0.372,2.6043,0.372,1.1161,0.372,0.0001,0,0,0,0,0,0.0001,0.0001,0.0001,0.0001,0,0,0,0.0001,0,0,0.0002,0,0.0001,0,0.3274,0.3006,0.3274,0.3006,
1.0698,0.5349,0.5349,0.5349,0.5349,0,1.0698,0,1.0698,0,1.6047,1.0698,1.6047,0.5349,0,0.5349,1.6047,0,1.6047,0,0.0001,0,0,0,0,0,0.0001,0,0.0001,0,0.0001,0.0001,0.0001,0,0,0,0.0001,0,0.0001,0,0.2125,0.2526,0.2125,0.2526,
2.1323,0.4265,1.2794,1.2794,1.2794,1.7058,0.4265,1.2794,0.4265,1.7058,0.4265,0.4265,0.8529,0.4265,0,2.5587,1.7058,0.4265,0.4265,0.8529,0.0001,0,0.0001,0.0001,0.0001,0.0001,0,0.0001,0,0.0001,0,0,0,0,0,0.0001,0.0001,0,0,0,0.2993,0.2743,0.2993,0.2743,
0.404,1.2119,0,0.404,0,0.404,0.404,1.6159,2.8279,0,0.404,0.404,0.808,0.808,2.4239,0.404,0.404,2.0199,0,0,0,0.0001,0,0,0,0,0,0.0001,0.0002,0,0,0,0.0001,0.0001,0.0002,0,0,0.0001,0,0,0.3201,0.2759,0.3201,0.2759,
0,0.7313,0.7313,0,1.4625,0.3656,0,1.4625,1.4625,0,1.0969,1.4625,0.3656,0.3656,1.0969,1.0969,0.7313,0,1.4625,1.0969,0,0,0,0,0.0001,0,0,0.0001,0.0001,0,0.0001,0.0001,0,0,0.0001,0.0001,0,0,0.0001,0.0001,0.3192,0.3151,0.3192,0.3151,
0.7407,0,0.7407,0.7407,0.7407,0.7407,0,1.4813,0.7407,0.7407,0,0,0.7407,0,0,0.7407,1.4813,0,0,0,0.0001,0,0.0001,0.0001,0.0001,0.0001,0,0.0002,0.0001,0.0001,0,0,0.0001,0,0,0.0001,0.0002,0,0,0,0.1175,0.1418,0.1175,0.1418,
0.7565,2.2696,0.7565,0,1.5131,0,0,0,0,1.5131,0.7565,0.7565,1.5131,0,0,0.7565,0.7565,0.7565,1.5131,1.5131,0,0.0001,0,0,0.0001,0,0,0,0,0.0001,0,0,0.0001,0,0,0,0,0,0.0001,0.0001,0.1374,0.1061,0.1374,0.1061,
1.2072,0.6036,0.6036,0.6036,0,1.2072,0,0.6036,0.6036,0.6036,0,0,0.6036,1.2072,0.6036,0,0.6036,0,1.2072,0.6036,0.0001,0,0,0,0,0.0001,0,0,0,0,0,0,0,0.0001,0,0,0,0,0.0001,0,0.19,0.2063,0.19,0.2063,
0.6406,0.6406,0.6406,0.9609,1.6015,0.6406,0.3203,0.3203,1.2812,0.6406,0.9609,0,1.6015,0.3203,1.2812,0.9609,0.6406,0.6406,0.9609,0.6406,0,0,0,0.0001,0.0001,0,0,0,0.0001,0,0.0001,0,0.0001,0,0.0001,0.0001,0,0,0.0001,0,0.2861,0.3936,0.2861,0.3936,
0.8524,0.4262,0.4262,0.8524,0.8524,0.8524,0.8524,0.4262,1.7048,0,0.4262,0.4262,0,0.8524,0,0.4262,1.2786,1.2786,0.8524,0.4262,0.0001,0,0,0.0001,0.0001,0.0001,0.0001,0,0.0001,0,0,0,0,0.0001,0,0,0.0001,0.0001,0.0001,0,0.287,0.2868,0.287,0.2868,
0.6285,0,0.6285,0.6285,0,0,0,0,0,1.8854,0,0.6285,3.7708,5.6562,0.6285,1.2569,0,0,0,1.8854,0,0,0,0,0,0,0,0,0,0.0001,0,0,0.0003,0.0004,0,0.0001,0,0,0,0.0001,0.2092,0.1624,0.2092,0.1624,
0,0,0.6454,0.6454,0,1.9361,0,0,1.2907,0,0.6454,0.6454,0,0,1.2907,0,0,0,0,0,0,0,0.0001,0.0001,0,0.0003,0,0,0.0002,0,0.0001,0.0001,0,0,0.0002,0,0,0,0,0,0.1843,0.1704,0.1843,0.1704,
0,3.5113,0,0.5852,0.5852,1.7557,0,2.3409,1.7557,0,0,0.5852,1.1704,0,0,2.3409,0.5852,2.3409,0,0.5852,0,0.0001,0,0,0,0.0001,0,0.0001,0.0001,0,0,0,0,0,0,0.0001,0,0.0001,0,0,0.227,0.1878,0.227,0.1878,
1.0192,0.5096,1.0192,0.5096,0.5096,0,1.0192,2.5481,0.5096,0.5096,0.5096,0.5096,0,0.5096,1.0192,1.0192,1.5288,1.0192,0.5096,0.5096,0.0001,0,0.0001,0,0,0,0.0001,0.0002,0,0,0,0,0,0,0.0001,0.0001,0.0001,0.0001,0,0,0.2165,0.2738,0.2165,0.2738,
1.6739,0.837,0.4185,1.2555,0.837,0.4185,0,0.4185,0.4185,1.2555,1.6739,0.837,0.837,1.6739,0.837,0.837,0.837,0,0.837,1.6739,0.0001,0,0,0.0001,0,0,0,0,0,0.0001,0.0001,0,0,0.0001,0,0,0,0,0,0.0001,0.3241,0.2574,0.3241,0.2574,
1.0629,0,1.0629,2.4802,0.3543,0.3543,0,1.0629,2.8345,0.7086,0.7086,0.3543,0.7086,0.7086,0.3543,1.0629,1.7716,0,0,0,0.0001,0,0.0001,0.0002,0,0,0,0.0001,0.0002,0.0001,0.0001,0,0.0001,0.0001,0,0.0001,0.0001,0,0,0,0.3289,0.3168,0.3289,0.3168,
0.8924,1.3386,0.8924,0,1.3386,0.8924,1.7848,0.4462,0.4462,1.3386,0.4462,0.4462,0.8924,0.8924,0.4462,1.3386,1.3386,0.8924,0.4462,0.4462,0,0.0001,0,0,0.0001,0,0.0001,0,0,0.0001,0,0,0,0,0,0.0001,0.0001,0,0,0,0.3028,0.251,0.3028,0.251,
0.4644,0.9288,0.4644,0.9288,0,0.9288,0.4644,1.3932,0.4644,0.9288,2.7864,1.3932,1.3932,0.9288,0.9288,0,0.9288,0.9288,0.4644,0.9288,0,0.0001,0,0.0001,0,0.0001,0,0.0001,0,0.0001,0.0002,0.0001,0.0001,0.0001,0.0001,0,0.0001,0.0001,0,0.0001,0.2843,0.2513,0.2843,0.2513,
1.3939,0.4646,0,0,0.4646,0,0.9293,1.3939,0.9293,0.9293,0.4646,1.3939,0.4646,0.9293,0.9293,0.4646,1.3939,0.4646,0.9293,0.4646,0.0001,0,0,0,0,0,0.0001,0.0001,0.0001,0.0001,0,0.0001,0,0.0001,0.0001,0,0.0001,0,0.0001,0,0.3164,0.2189,0.3164,0.2189,
1.0608,0.7072,0.3536,1.4144,0,0.7072,0.3536,1.0608,0.7072,0.3536,1.4144,0.7072,0,1.4144,1.4144,1.4144,0.3536,1.768,1.0608,1.4144,0.0001,0,0,0.0001,0,0,0,0.0001,0,0,0.0001,0,0,0.0001,0.0001,0.0001,0,0.0001,0.0001,0.0001,0.3664,0.28,0.3664,0.28,
0,2.0101,0.804,0.804,0,1.2061,1.6081,1.2061,0.804,0.402,1.6081,0.402,2.0101,1.2061,0.402,0.804,0.804,1.2061,0.804,1.6081,0,0.0001,0,0,0,0,0.0001,0,0,0,0.0001,0,0.0001,0,0,0,0,0,0,0.0001,0.2713,0.3267,0.2713,0.3267,
2.2115,0,0.4423,0.8846,0.4423,2.2115,0.8846,0,0,2.2115,2.2115,0.4423,0,1.7692,0,0.4423,0.8846,0.8846,0.4423,2.6537,0.0001,0,0,0,0,0.0001,0,0,0,0.0001,0.0001,0,0,0.0001,0,0,0,0,0,0.0001,0.2856,0.2721,0.2856,0.2721,
0,1.7513,0,0.8756,0.8756,1.7513,0,0.4378,1.3135,0.4378,0.4378,0.4378,0.4378,0.8756,1.3135,0.8756,1.3135,1.3135,0,0.4378,0,0.0001,0,0,0,0.0001,0,0,0.0001,0,0,0,0,0,0.0001,0,0.0001,0.0001,0,0,0.3076,0.2546,0.3076,0.2546,
1.4391,0,0,1.4391,0.4797,0.9594,0.4797,0.9594,0,1.9188,1.9188,1.9188,0.4797,2.3985,0.4797,0.9594,0.9594,0.9594,0.9594,0.4797,0.0001,0,0,0.0001,0,0.0001,0,0.0001,0,0.0001,0.0001,0.0001,0,0.0001,0,0.0001,0.0001,0.0001,0.0001,0,0.2771,0.2432,0.2771,0.2432,
0.713,0,2.8519,0,0,1.4259,0,0,0.713,0,0,1.4259,0.713,0.713,0,0,0.713,0,0,0,0.0001,0,0.0006,0,0,0.0003,0,0,0.0001,0,0,0.0003,0.0001,0.0001,0,0,0.0001,0,0,0,0.1521,0.1349,0.1521,0.1349,
0,0.3819,1.1458,1.1458,1.1458,0,0,3.8192,3.4373,1.9096,0.3819,1.5277,0,1.1458,0,0,0.7638,1.9096,0,0.3819,0,0,0.0001,0.0001,0.0001,0,0,0.0003,0.0002,0.0001,0,0.0001,0,0.0001,0,0,0.0001,0.0001,0,0,0.3192,0.2989,0.3192,0.2989,
0,1.4714,0.9809,0,0.9809,0.4905,0,0.4905,0.9809,0.9809,0.9809,1.9619,0.4905,0.4905,0,0.9809,0.9809,0.9809,1.4714,0.4905,0,0.0001,0,0,0,0,0,0,0,0,0,0.0001,0,0,0,0,0,0,0.0001,0,0.2599,0.2496,0.2599,0.2496,
0.7817,0.7817,0.3908,2.345,1.1725,0,0.7817,0.7817,1.1725,0.3908,0.7817,0.3908,0.7817,0.7817,0.7817,0,0.7817,2.345,0.3908,1.1725,0.0001,0.0001,0,0.0002,0.0001,0,0.0001,0.0001,0.0001,0,0.0001,0,0.0001,0.0001,0.0001,0,0.0001,0.0002,0,0.0001,0.2964,0.3127,0.2964,0.3127,
2.0555,0.5139,0.5139,1.0278,0.5139,1.0278,1.0278,1.0278,1.0278,1.0278,1.0278,1.5416,0,1.5416,0,1.5416,1.0278,1.5416,0,0,0.0001,0,0,0.0001,0,0.0001,0.0001,0.0001,0.0001,0.0001,0.0001,0.0001,0,0.0001,0,0.0001,0.0001,0.0001,0,0,0.251,0.2351,0.251,0.2351,
0,0,0,0.7014,0.7014,5.6113,0,0,0,0.7014,0.7014,0,0.7014,0,0.7014,1.4028,0.7014,0,0.7014,0,0,0,0,0.0001,0.0001,0.0007,0,0,0,0.0001,0.0001,0,0.0001,0,0.0001,0.0002,0.0001,0,0.0001,0,0.146,0.1526,0.146,0.1526,
1.6225,0,0,0,0.8112,1.6225,0,0.8112,0,1.6225,0,0,0.8112,0,0.8112,0.8112,0,0,0,0,0.0002,0,0,0,0.0001,0.0002,0,0.0001,0,0.0002,0,0,0.0001,0,0.0001,0.0001,0,0,0,0,0.1118,0.077,0.1118,0.077,
1.1749,1.1749,0.5875,0,0,0.5875,1.1749,1.1749,0.5875,1.7624,1.7624,0.5875,1.7624,0.5875,0.5875,0,1.1749,1.1749,0.5875,0,0.0001,0.0001,0,0,0,0,0.0001,0.0001,0,0.0001,0.0001,0,0.0001,0,0,0,0.0001,0.0001,0,0,0.1868,0.2257,0.1868,0.2257,
0,0.4757,0.9514,0.4757,0.4757,0.4757,0.9514,0.9514,0,0.4757,0.4757,0,1.4271,0.9514,0.9514,1.9028,1.4271,0.4757,0.9514,0.9514,0,0,0.0001,0,0,0,0.0001,0.0001,0,0,0,0,0.0001,0.0001,0.0001,0.0001,0.0001,0,0.0001,0.0001,0.2732,0.2511,0.2732,0.2511,
2.0949,0,0.5237,0,1.5712,1.0474,0.5237,1.5712,1.5712,2.6186,0.5237,1.5712,0.5237,0.5237,0,1.5712,1.0474,2.6186,0,1.0474,0.0001,0,0,0,0.0001,0.0001,0,0.0001,0.0001,0.0002,0,0.0001,0,0,0,0.0001,0.0001,0.0002,0,0.0001,0.2552,0.2211,0.2552,0.2211,
1.207,0.8047,0.8047,1.207,1.6093,0.8047,0.8047,0.8047,0.4023,1.6093,1.207,0.4023,0.8047,1.207,0,1.207,1.6093,0.4023,0.4023,1.6093,0.0001,0,0,0.0001,0.0001,0,0,0,0,0.0001,0.0001,0,0,0.0001,0,0.0001,0.0001,0,0,0.0001,0.2585,0.3392,0.2585,0.3392,
0.896,1.7921,0.448,0,2.2401,0,0.448,0.448,0.448,0.448,0.896,0.896,0,0.896,0.896,0.448,1.7921,0.896,1.3441,1.3441,0,0.0001,0,0,0.0001,0,0,0,0,0,0,0,0,0,0,0,0.0001,0,0.0001,0.0001,0.2911,0.2609,0.2911,0.2609,
0.4616,0.4616,0.4616,0,1.3849,0.4616,0.4616,0.4616,1.3849,0.9233,0.4616,1.3849,1.3849,0.9233,0.9233,0,0.4616,0.9233,0.4616,0.4616,0,0,0,0,0.0001,0,0,0,0.0001,0.0001,0,0.0001,0.0001,0.0001,0.0001,0,0,0.0001,0,0,0.2823,0.256,0.2823,0.256,
0,0.4713,0,0,1.8853,0.4713,1.414,0,1.414,0.9426,0.4713,0.9426,0.9426,1.414,0.9426,0.4713,1.8853,0.9426,0,0,0,0,0,0,0.0002,0,0.0001,0,0.0001,0.0001,0,0.0001,0.0001,0.0001,0.0001,0,0.0002,0.0001,0,0,0.2592,0.2695,0.2592,0.2695,
0,0,0,2.1412,0,0,0,0,0,0,0,0,0,0,0.7137,0.7137,1.4275,0.7137,0.7137,0.7137,0,0,0,0.0004,0,0,0,0,0,0,0,0,0,0,0.0001,0.0001,0.0003,0.0001,0.0001,0.0001,0.1308,0.1555,0.1308,0.1555,
0.9649,2.8948,0.4825,0.4825,0.9649,1.9299,0.4825,0.4825,0.9649,0.9649,0.9649,0.9649,1.9299,0,0.4825,0,1.4474,0,0,1.4474,0,0.0001,0,0,0,0.0001,0,0,0,0,0,0,0.0001,0,0,0,0.0001,0,0,0.0001,0.2608,0.2568,0.2608,0.2568,
0.3881,1.1643,0.3881,0,0,0.7762,0.3881,0.7762,2.3286,0,1.1643,0.7762,1.1643,1.1643,1.9405,0.7762,0,1.9405,0,0,0,0.0001,0,0,0,0.0001,0,0.0001,0.0002,0,0.0001,0.0001,0.0001,0.0001,0.0001,0.0001,0,0.0001,0,0,0.3323,0.2795,0.3323,0.2795,
0,0,0,0.3773,0,0.7546,0,1.1319,4.1502,0.7546,0.7546,0,0.3773,0.3773,4.1502,0,0,0,1.1319,0,0,0,0,0,0,0.0001,0,0.0001,0.0005,0.0001,0.0001,0,0,0,0.0005,0,0,0,0.0001,0,0.3389,0.2838,0.3389,0.2838,
0,0,0,0,1.8736,0,0,0.9368,0,1.8736,0,0,0.9368,0,0,0.9368,0,0.9368,0,1.8736,0,0,0,0,0.0004,0,0,0.0002,0,0.0004,0,0,0.0002,0,0,0.0002,0,0.0002,0,0.0004,0.0414,0.0218,0.0414,0.0218,
0.8385,1.2578,0.8385,0.8385,1.2578,1.2578,0,0.4193,0.4193,2.5156,0.4193,0,0.4193,0.4193,1.6771,1.6771,0,2.0963,0,0.8385,0,0.0001,0,0,0.0001,0.0001,0,0,0,0.0001,0,0,0,0,0.0001,0.0001,0,0.0001,0,0,0.3254,0.2553,0.3254,0.2553,
0.6171,0,0,0.6171,1.2343,0.6171,0,0,0.6171,0.6171,0,0.6171,0.6171,0,1.2343,0,0,0.6171,0.6171,0,0.0001,0,0,0.0001,0.0002,0.0001,0,0,0.0001,0.0001,0,0.0001,0.0001,0,0.0002,0,0,0.0001,0.0001,0,0.1857,0.1972,0.1857,0.1972,
0,0.9104,0.9104,0,0.4552,0.9104,0,0.9104,1.3657,0.9104,1.3657,0.9104,1.3657,1.8209,0.4552,0.9104,0,0.9104,1.8209,0.4552,0,0.0001,0.0001,0,0,0.0001,0,0.0001,0.0001,0.0001,0.0001,0.0001,0.0001,0.0001,0,0.0001,0,0.0001,0.0001,0,0.2813,0.2634,0.2813,0.2634,
0.7766,0,1.9415,0.3883,1.1649,0,1.5532,0.3883,0.3883,1.1649,0.7766,1.5532,0.3883,0.7766,0.7766,1.1649,0.7766,0.3883,1.1649,1.1649,0,0,0.0001,0,0.0001,0,0.0001,0,0,0.0001,0,0.0001,0,0,0,0.0001,0,0,0.0001,0.0001,0.3107,0.301,0.3107,0.301,
0.4245,0.4245,0.8489,1.2734,0.4245,0.4245,0,0,1.2734,2.9713,1.2734,0,2.5468,1.2734,0.8489,0,0,1.2734,0.4245,0.4245,0,0,0.0001,0.0001,0,0,0,0,0.0001,0.0002,0.0001,0,0.0002,0.0001,0.0001,0,0,0.0001,0,0,0.2903,0.2852,0.2903,0.2852,
0.6848,0,0,0.6848,0,0.6848,0,0,0,2.0543,0,0,1.3695,0.6848,1.3695,0,0,0.6848,0.6848,0,0.0001,0,0,0.0001,0,0.0001,0,0,0,0.0003,0,0,0.0002,0.0001,0.0002,0,0,0.0001,0.0001,0,0.2047,0.1105,0.2047,0.1105,
0.3856,1.1567,0,0,0,0.7711,0.3856,1.9278,1.9278,0.3856,0.3856,0.3856,0.3856,0.7711,3.47,0.7711,0.3856,0.7711,0,0,0,0.0001,0,0,0,0.0001,0,0.0001,0.0001,0,0,0,0,0.0001,0.0002,0.0001,0,0.0001,0,0,0.3464,0.268,0.3464,0.268,
1.9325,0,0.773,1.1595,0.3865,1.9325,0,0.773,1.546,1.1595,0.773,0.3865,0.3865,0.773,0.773,0,0.3865,2.319,0,0,0.0001,0,0.0001,0.0001,0,0.0001,0,0.0001,0.0001,0.0001,0.0001,0,0,0.0001,0.0001,0,0,0.0002,0,0,0.344,0.2695,0.344,0.2695,
0.6948,0.3474,0.6948,2.4316,0.3474,0.3474,0,1.7369,2.4316,1.3895,0.3474,0.3474,0.3474,1.3895,1.3895,0.6948,1.0421,0.6948,0,0.6948,0,0,0,0.0001,0,0,0,0.0001,0.0001,0.0001,0,0,0,0.0001,0.0001,0,0.0001,0,0,0,0.3139,0.3387,0.3139,0.3387,
0,2.0394,1.2237,1.6315,0.8158,0.8158,1.2237,0.8158,0.8158,0.4079,1.2237,0.8158,0.4079,0,0.4079,0.4079,0.4079,0.8158,0,0,0,0.0001,0.0001,0.0001,0,0,0.0001,0,0,0,0.0001,0,0,0,0,0,0,0,0,0,0.3121,0.28,0.3121,0.28,
0.3922,0,0.3922,0,1.5686,1.5686,2.353,0.7843,0,1.1765,1.1765,1.5686,0.3922,0.7843,0.3922,0.7843,2.353,1.5686,0.7843,1.1765,0,0,0,0,0.0001,0.0001,0.0001,0,0,0.0001,0.0001,0.0001,0,0,0,0,0.0001,0.0001,0,0.0001,0.313,0.2949,0.313,0.2949,
0.6459,1.2918,1.2918,0,1.2918,0.6459,0.6459,0,0.6459,1.2918,3.8753,0,1.9376,0,0,1.9376,0,0,0,0,0,0.0001,0.0001,0,0.0001,0,0,0,0,0.0001,0.0002,0,0.0001,0,0,0.0001,0,0,0,0,0.1552,0.1989,0.1552,0.1989,
1.4748,0,0.7374,0,0,0.7374,0,0.7374,0.7374,1.4748,0,0.7374,0.7374,1.4748,0,0.7374,2.2122,0,0,0.7374,0.0002,0,0.0001,0,0,0.0001,0,0.0001,0.0001,0.0002,0,0.0001,0.0001,0.0002,0,0.0001,0.0002,0,0,0.0001,0.1275,0.1351,0.1275,0.1351,
0.7326,0,1.099,1.099,0,1.4653,0.3663,1.099,0.3663,1.8316,1.099,0.7326,0.3663,0.3663,1.099,0.3663,0.3663,0.3663,0.3663,1.4653,0,0,0.0001,0.0001,0,0.0001,0,0.0001,0,0.0001,0.0001,0,0,0,0.0001,0,0,0,0,0.0001,0.3141,0.3196,0.3141,0.3196,
2.3982,1.1991,0.3997,1.1991,0,0,1.1991,0.7994,1.1991,0,1.1991,0,1.5988,0.7994,0.3997,0.3997,0,0,0.7994,1.1991,0.0001,0.0001,0,0.0001,0,0,0.0001,0,0.0001,0,0.0001,0,0.0001,0,0,0,0,0,0,0.0001,0.2763,0.324,0.2763,0.324,
0,1.1185,0.3728,0,0,0.3728,0.3728,1.4913,1.8641,0,0.3728,0.7457,0.7457,1.1185,2.6098,0.3728,0.3728,1.8641,0,0,0,0.0001,0,0,0,0,0,0.0001,0.0001,0,0,0.0001,0.0001,0.0001,0.0002,0,0,0.0001,0,0,0.3237,0.3035,0.3237,0.3035,
0.6834,1.0251,1.3669,1.0251,1.0251,0.6834,1.7086,0,0.3417,0.6834,0.3417,0.6834,0.3417,0.6834,1.7086,0,0.6834,0.3417,1.0251,1.0251,0,0.0001,0.0001,0.0001,0.0001,0,0.0001,0,0,0,0,0,0,0,0.0001,0,0,0,0.0001,0.0001,0.322,0.3363,0.322,0.3363,
2.3269,0,0.4654,0.4654,2.3269,0.4654,0.4654,1.3961,0.9308,1.8615,0.9308,0.4654,1.3961,0,0.4654,0,1.8615,0.9308,0.9308,0,0.0002,0,0,0,0.0002,0,0,0.0001,0.0001,0.0001,0.0001,0,0.0001,0,0,0,0.0001,0.0001,0.0001,0,0.2373,0.2973,0.2373,0.2973,
1.1386,1.5181,0.3795,0.3795,1.5181,1.1386,1.5181,0.759,1.1386,1.8976,0.759,0.3795,1.1386,0,1.1386,1.5181,1.1386,0,1.5181,0,0.0001,0.0001,0,0,0.0001,0.0001,0.0001,0,0.0001,0.0001,0,0,0.0001,0,0.0001,0.0001,0.0001,0,0.0001,0,0.3139,0.3066,0.3139,0.3066,
0.4051,0.4051,0.8103,1.6206,0.4051,0.4051,0.8103,1.2154,0.8103,0.4051,0.8103,0.8103,1.6206,1.2154,0.4051,1.6206,0,1.2154,1.6206,0,0,0,0,0.0001,0,0,0,0.0001,0,0,0,0,0.0001,0.0001,0,0.0001,0,0.0001,0.0001,0,0.3017,0.2931,0.3017,0.2931,
2.1354,0.4271,1.7083,1.2812,0,0,0.8541,0.4271,1.7083,0.4271,1.2812,0.8541,1.2812,0.4271,0,0.4271,0.8541,2.1354,1.7083,0.8541,0.0001,0,0.0001,0.0001,0,0,0.0001,0,0.0001,0,0.0001,0.0001,0.0001,0,0,0,0.0001,0.0001,0.0001,0.0001,0.2663,0.3067,0.2663,0.3067,
0.7029,0,0,0,0,0.7029,0,0.7029,1.4059,0.7029,0,0,1.4059,0,1.4059,0,0,0.7029,0,0,0.0001,0,0,0,0,0.0001,0,0.0001,0.0003,0.0001,0,0,0.0003,0,0.0003,0,0,0.0001,0,0,0.2116,0.0854,0.2116,0.0854,
2.2076,1.8396,0.3679,0.3679,0.3679,0.3679,1.8396,0.7359,0.3679,1.8396,0.7359,1.1038,0.7359,0.7359,1.4717,0.3679,0.3679,0.3679,0.3679,1.1038,0.0001,0.0001,0,0,0,0,0.0001,0,0,0.0001,0,0,0,0,0.0001,0,0,0,0,0,0.3093,0.3228,0.3093,0.3228,
0.7467,0,0.3733,0.7467,0.7467,0.3733,0.7467,1.4933,1.12,1.12,1.8666,0,0.3733,0,1.8666,0.3733,0.3733,0.3733,1.12,0.3733,0.0001,0,0,0.0001,0.0001,0,0.0001,0.0001,0.0001,0.0001,0.0002,0,0,0,0.0002,0,0,0,0.0001,0,0.3012,0.3254,0.3012,0.3254,
0.5261,0.5261,0.5261,0,1.0521,0.5261,1.0521,1.0521,1.0521,0,1.0521,1.5782,1.0521,0.5261,0.5261,0,1.0521,1.5782,1.0521,0,0,0,0,0,0.0001,0,0.0001,0.0001,0.0001,0,0.0001,0.0001,0.0001,0,0,0,0.0001,0.0001,0.0001,0,0.2626,0.2114,0.2626,0.2114,
0.5079,0.5079,0.5079,0.5079,0.5079,1.0158,0.5079,0,0,1.5236,1.0158,0.5079,1.0158,1.5236,1.0158,0,1.0158,0.5079,0.5079,1.5236,0,0,0,0,0,0.0001,0,0,0,0.0001,0.0001,0,0.0001,0.0001,0.0001,0,0.0001,0,0,0.0001,0.2554,0.2367,0.2554,0.2367,
0.3204,0.6408,1.6021,0.9613,1.6021,1.6021,0.3204,0,0.3204,1.2817,0.6408,0,0.3204,0.3204,0.9613,0.9613,0,0.9613,0.6408,1.9225,0,0,0.0001,0,0.0001,0.0001,0,0,0,0.0001,0,0,0,0,0,0,0,0,0,0.0001,0.3421,0.3375,0.3421,0.3375,
0.7829,1.1743,1.1743,0.3914,1.9572,1.1743,0.3914,0.7829,0.7829,2.7401,0,0.7829,0,1.5657,0.7829,1.1743,0.7829,0.3914,0,0.3914,0,0.0001,0.0001,0,0.0001,0.0001,0,0,0,0.0001,0,0,0,0.0001,0,0.0001,0,0,0,0,0.3459,0.2627,0.3459,0.2627,
0.3938,1.5752,1.1814,0.3938,0,1.1814,0,1.5752,1.1814,1.969,0.7876,0.3938,1.969,1.5752,0.7876,0.3938,0.7876,0.7876,0.3938,1.1814,0,0.0001,0.0001,0,0,0.0001,0,0.0001,0.0001,0.0001,0,0,0.0001,0.0001,0,0,0,0,0,0.0001,0.3234,0.2828,0.3234,0.2828,
1.3594,0.9062,0.4531,3.1719,0.4531,0,0,1.8125,0.9062,0.9062,1.8125,0,0,0.9062,0.4531,0,0.9062,0.4531,1.3594,1.3594,0.0001,0.0001,0,0.0002,0,0,0,0.0001,0.0001,0.0001,0.0001,0,0,0.0001,0,0,0.0001,0,0.0001,0.0001,0.3224,0.2245,0.3224,0.2245,
1.3627,0.9085,0.9085,0.4542,0.4542,0.9085,0,0.9085,0.9085,0,1.817,0.4542,0,0.9085,1.3627,0.4542,0.9085,0.9085,0.4542,0.4542,0.0001,0.0001,0.0001,0,0,0.0001,0,0.0001,0.0001,0,0.0001,0,0,0.0001,0.0001,0,0.0001,0.0001,0,0,0.2693,0.2765,0.2693,0.2765,
0.3453,0,0,0,0.3453,1.7266,0.3453,0.3453,1.3812,0.6906,0.6906,0,0,0,5.1797,1.0359,2.0719,1.3812,0,0,0,0,0,0,0,0.0002,0,0,0.0001,0.0001,0.0001,0,0,0,0.0005,0.0001,0.0002,0.0001,0,0,0.3628,0.2919,0.3628,0.2919,
0.4323,1.7291,0.8645,0.4323,1.2968,0.8645,0.4323,1.2968,0.8645,3.4581,0.8645,0,2.1613,0.4323,0.8645,0.8645,1.7291,1.2968,0,0.4323,0,0.0001,0,0,0.0001,0,0,0.0001,0,0.0002,0,0,0.0001,0,0,0,0.0001,0.0001,0,0,0.2447,0.323,0.2447,0.323,
3.5354,0,2.2096,0.4419,0.8839,1.3258,0.4419,0.8839,0.8839,3.0935,0.4419,0,1.7677,0.4419,0,1.3258,2.2096,1.3258,0.8839,0,0.0002,0,0.0001,0,0,0.0001,0,0,0,0.0002,0,0,0.0001,0,0,0.0001,0.0001,0.0001,0,0,0.2843,0.2738,0.2843,0.2738,
1.5787,0,0,0.5262,0.5262,0,0.5262,1.0525,1.5787,2.1049,1.0525,0.5262,0.5262,0,1.5787,0.5262,0.5262,1.0525,0,0.5262,0.0001,0,0,0,0,0,0,0.0001,0.0001,0.0002,0.0001,0,0,0,0.0001,0,0,0.0001,0,0,0.2661,0.2077,0.2661,0.2077,
0.998,1.3307,0.3327,0.998,0.3327,0.6653,0.6653,0.3327,0.6653,1.6634,0,0.3327,0,0.998,1.6634,0.998,0.998,0.998,1.996,0.6653,0,0.0001,0,0,0,0,0,0,0,0.0001,0,0,0,0,0.0001,0,0,0,0.0001,0,0.3228,0.3445,0.3228,0.3445,
1.4055,0.7028,0.7028,0,0.7028,0,0.7028,0,0,0,0.7028,0.7028,0.7028,1.4055,0,2.1083,0,0.7028,0,0.7028,0.0001,0.0001,0.0001,0,0.0001,0,0.0001,0,0,0,0.0001,0.0001,0.0001,0.0001,0,0.0002,0,0.0001,0,0.0001,0.1699,0.1274,0.1699,0.1274,
0.9265,0,0.4632,0.4632,2.7794,0.4632,0.4632,2.3162,0.4632,3.7059,0.4632,1.3897,2.3162,0.4632,0.4632,0.4632,2.3162,0.4632,0.4632,0,0.0001,0,0,0,0.0002,0,0,0.0001,0,0.0002,0,0.0001,0.0001,0,0,0,0.0001,0,0,0,0.2472,0.2896,0.2472,0.2896,
0,0.75,0,1.1251,1.1251,1.5001,0.75,0.375,0.75,1.1251,0.75,1.1251,1.1251,1.1251,1.5001,0.75,0,0.75,0.75,1.1251,0,0,0,0.0001,0.0001,0.0001,0,0,0,0.0001,0,0.0001,0.0001,0.0001,0.0001,0,0,0,0,0.0001,0.3507,0.2743,0.3507,0.2743,
1.1499,1.9165,0,0.7666,0.7666,0,0.7666,0.7666,0.3833,0.7666,1.1499,0.3833,1.5332,0.7666,1.9165,0.7666,1.5332,1.5332,0.3833,0.3833,0.0001,0.0001,0,0,0,0,0,0,0,0,0.0001,0,0.0001,0,0.0001,0,0.0001,0.0001,0,0,0.2765,0.3402,0.2765,0.3402,
0,0,0,0,0.7206,0,0,0,0,1.4413,0,1.4413,0.7206,0.7206,2.1619,0.7206,0,0,0,0,0,0,0,0,0.0002,0,0,0,0,0.0003,0,0.0003,0.0002,0.0002,0.0005,0.0002,0,0,0,0,0.1954,0.084,0.1954,0.084,
0,1.7892,0.8946,0,1.7892,0.8946,1.7892,0.8946,0.8946,0.8946,0.4473,0.8946,0.4473,0.4473,0.8946,0.4473,0.8946,0.4473,0.4473,0.4473,0,0.0001,0,0,0.0001,0,0.0001,0,0,0,0,0,0,0,0,0,0,0,0,0,0.282,0.2707,0.282,0.2707,
0.3649,1.0947,1.0947,0.7298,1.0947,0.3649,1.4596,1.4596,2.1894,0,0.7298,0.3649,0.7298,0.3649,0,1.4596,1.0947,1.4596,0.3649,0.3649,0,0.0001,0.0001,0,0.0001,0,0.0001,0.0001,0.0001,0,0,0,0,0,0,0.0001,0.0001,0.0001,0,0,0.3288,0.3063,0.3288,0.3063,
1.2806,0,1.2806,0.4269,2.1343,1.2806,1.2806,0.4269,0,0.8537,0.4269,1.7075,0,0.4269,0.4269,2.5612,0.4269,0.4269,1.2806,0.8537,0.0001,0,0.0001,0,0.0001,0.0001,0.0001,0,0,0,0,0.0001,0,0,0,0.0001,0,0,0.0001,0,0.3056,0.2675,0.3056,0.2675,
1.6259,0,0,0,0.6504,0.9755,0.3252,0,1.6259,0.9755,0.6504,0.9755,0.3252,0.6504,3.577,0.9755,0.9755,0.9755,0,0,0.0001,0,0,0,0.0001,0.0001,0,0,0.0001,0.0001,0.0001,0.0001,0,0.0001,0.0003,0.0001,0.0001,0.0001,0,0,0.3825,0.2923,0.3825,0.2923,
1.0057,0,0.5028,0.5028,1.0057,2.0113,0,1.0057,0,3.5198,0.5028,0,0.5028,0.5028,1.5085,1.5085,1.5085,3.017,0,1.0057,0.0001,0,0,0,0.0001,0.0001,0,0.0001,0,0.0002,0,0,0,0,0.0001,0.0001,0.0001,0.0002,0,0.0001,0.2219,0.2753,0.2219,0.2753,
0,0,0,1.0368,1.0368,0,0.5184,2.5919,0.5184,2.5919,1.5551,2.5919,0.5184,1.0368,0.5184,1.0368,1.5551,1.0368,0.5184,0,0,0,0,0.0001,0.0001,0,0,0.0002,0,0.0002,0.0001,0.0002,0,0.0001,0,0.0001,0.0001,0.0001,0,0,0.2771,0.2045,0.2771,0.2045,
0.9254,0.9254,0.4627,0,0.4627,0.4627,1.8508,0.4627,0.9254,1.3881,0.9254,0.4627,1.3881,1.3881,0.4627,0.9254,0.4627,0.4627,0.4627,0.9254,0.0001,0.0001,0,0,0,0,0.0001,0,0.0001,0.0001,0.0001,0,0.0001,0.0001,0,0.0001,0,0,0,0.0001,0.2618,0.2755,0.2618,0.2755,
0.894,1.341,0.894,0.894,0,0.447,0.894,0.894,0.894,0.447,1.341,1.341,1.788,1.341,0.447,0.447,0,0.894,0.894,0.447,0,0.0001,0,0,0,0,0,0,0,0,0.0001,0.0001,0.0001,0.0001,0,0,0,0,0,0,0.355,0.198,0.355,0.198,
1.2533,1.671,0.4178,0.8355,0.4178,0.8355,0.4178,2.0888,0.8355,0.8355,0.8355,0.8355,1.671,0.4178,0,0.8355,0.8355,0.8355,1.671,1.671,0,0.0001,0,0,0,0,0,0.0001,0,0,0,0,0.0001,0,0,0,0,0,0.0001,0.0001,0.2903,0.292,0.2903,0.292,
0.831,0,0.831,0.4155,0.831,1.6621,0.831,0,0.831,1.6621,0.4155,0.4155,0.831,0,0.831,0.4155,0.4155,1.2465,1.2465,2.0776,0,0,0,0,0,0.0001,0,0,0,0.0001,0,0,0,0,0,0,0,0.0001,0.0001,0.0001,0.2813,0.3032,0.2813,0.3032,
0,1.1989,0,0,1.1989,0,1.1989,1.1989,1.1989,0,0,0.5995,0,1.1989,0.5995,0,0.5995,2.9974,0.5995,0.5995,0,0.0001,0,0,0.0001,0,0.0001,0.0001,0.0001,0,0,0.0001,0,0.0001,0.0001,0,0.0001,0.0003,0.0001,0.0001,0.1757,0.2248,0.1757,0.2248,
0,1.1092,0.5546,0.5546,0,0.5546,0.5546,1.6638,1.1092,1.1092,0.5546,1.1092,1.1092,0,1.1092,0,0,2.2184,0.5546,2.2184,0,0.0001,0,0,0,0,0,0.0001,0.0001,0.0001,0,0.0001,0.0001,0,0.0001,0,0,0.0001,0,0.0001,0.2012,0.2442,0.2012,0.2442,
0.4955,0.9909,0,0.9909,1.9818,0.4955,0.4955,0,0.4955,0,0.4955,0.4955,1.4864,1.9818,0.9909,2.4773,2.4773,0.9909,0,0,0,0.0001,0,0.0001,0.0001,0,0,0,0,0,0,0,0.0001,0.0001,0.0001,0.0001,0.0001,0.0001,0,0,0.2741,0.2304,0.2741,0.2304,
1.741,0,0,0,2.9016,0.5803,0.5803,2.3213,1.1607,2.9016,1.1607,1.741,1.741,0.5803,0,1.741,0,2.3213,0,0,0.0001,0,0,0,0.0002,0,0,0.0001,0.0001,0.0002,0.0001,0.0001,0.0001,0,0,0.0001,0,0.0001,0,0,0.2182,0.2015,0.2182,0.2015,
1.5549,0,0,0.7775,0.7775,0.7775,0,0,0,2.3324,0,0,1.5549,0,0.7775,0,0,0,0,0,0.0002,0,0,0.0001,0.0001,0.0001,0,0,0,0.0004,0,0,0.0002,0,0.0001,0,0,0,0,0,0.1277,0.0949,0.1277,0.0949,
0.6142,0,0,0.6142,1.2284,0,0,0.6142,1.2284,0.6142,1.2284,0.6142,0,0,0.6142,0,0.6142,0.6142,0,1.2284,0.0001,0,0,0.0001,0.0002,0,0,0.0001,0.0002,0.0001,0.0002,0.0001,0,0,0.0001,0,0.0001,0.0001,0,0.0002,0.2169,0.1689,0.2169,0.1689,
0.9999,0,1.4999,0.5,0,0.5,1.4999,0.5,1.4999,0.5,0,0.5,0,0.5,0,0.9999,0.5,1.9998,0,0.9999,0.0001,0,0.0001,0,0,0,0.0001,0,0.0001,0,0,0,0,0,0,0.0001,0,0.0002,0,0.0001,0.2428,0.2572,0.2428,0.2572,
1.8577,0,0.4644,0.4644,3.251,0.4644,0.4644,1.3933,0.9289,1.8577,0.9289,0.4644,1.3933,0,0.4644,0,1.8577,0.9289,0.4644,0,0.0001,0,0,0,0.0002,0,0,0.0001,0.0001,0.0001,0.0001,0,0.0001,0,0,0,0.0001,0.0001,0,0,0.2385,0.297,0.2385,0.297,
0.3495,0.6989,0.3495,0,0,1.3979,0.3495,0.6989,3.4946,0.3495,0.3495,1.0484,0.3495,0.3495,1.7473,1.0484,0,1.7473,0,0.3495,0,0,0,0,0,0.0001,0,0,0.0002,0,0,0.0001,0,0,0.0001,0.0001,0,0.0001,0,0,0.3844,0.2662,0.3844,0.2662,
0,0,0.7189,0.3594,0.3594,1.0783,0,1.0783,0.7189,0.7189,0.3594,1.7971,1.7971,0.3594,2.1566,1.7971,0,1.0783,1.4377,1.4377,0,0,0,0,0,0.0001,0,0.0001,0,0,0,0.0001,0.0001,0,0.0001,0.0001,0,0.0001,0.0001,0.0001,0.3308,0.3097,0.3308,0.3097,
1.3334,6.2223,0,0.4445,0,1.3334,0,0,2.2223,0,0,1.3334,0.8889,0,1.3334,3.1112,0,0.8889,0,0,0,0.0002,0,0,0,0,0,0,0.0001,0,0,0,0,0,0,0.0001,0,0,0,0,0.2781,0.2775,0.2781,0.2775,
0,0,0.6396,0.6396,0,1.2791,0,2.5582,0,1.2791,0,0.6396,1.2791,0.6396,1.2791,1.2791,0.6396,1.9187,0,0.6396,0,0,0.0001,0.0001,0,0.0001,0,0.0002,0,0.0001,0,0.0001,0.0001,0.0001,0.0001,0.0001,0.0001,0.0002,0,0.0001,0.1788,0.1816,0.1788,0.1816,
0.7524,0.3762,1.1285,1.1285,1.1285,0.7524,0.7524,0.7524,1.1285,0.7524,0.7524,1.1285,0.7524,0.3762,0.7524,1.5047,0.3762,0,1.5047,0.3762,0,0,0.0001,0.0001,0.0001,0,0,0,0.0001,0,0,0.0001,0,0,0,0.0001,0,0,0.0001,0,0.316,0.3078,0.316,0.3078,
0.4406,2.203,1.3218,0,1.3218,0.4406,0.8812,0.8812,0,0.4406,1.3218,1.3218,1.3218,0.4406,1.3218,1.3218,0.8812,0.4406,0.4406,0.4406,0,0.0001,0.0001,0,0.0001,0,0,0,0,0,0.0001,0.0001,0.0001,0,0.0001,0.0001,0,0,0,0,0.246,0.3134,0.246,0.3134,
0,1.2714,0.6357,0,0,0,1.2714,1.9071,0.6357,0,0,0,0.6357,0.6357,0,0,0,1.2714,1.2714,1.9071,0,0.0001,0,0,0,0,0.0001,0.0001,0,0,0,0,0,0,0,0,0,0.0001,0.0001,0.0001,0.1714,0.1929,0.1714,0.1929,
2.1647,0,0.7216,1.0824,1.0824,1.804,0,0.3608,2.5255,1.804,0.7216,1.4432,0.3608,0.7216,0.7216,1.0824,0.3608,0.3608,0.3608,0,0.0001,0,0,0.0001,0.0001,0.0001,0,0,0.0002,0.0001,0,0.0001,0,0,0,0.0001,0,0,0,0,0.3491,0.2901,0.3491,0.2901,
2.7344,0,0,0.6836,1.3672,2.0508,0,1.3672,0,4.7852,0.6836,0.6836,0,0,0,0.6836,0.6836,2.7344,0,1.3672,0.0002,0,0,0,0.0001,0.0001,0,0.0001,0,0.0003,0,0,0,0,0,0,0,0.0002,0,0.0001,0.1623,0.1541,0.1623,0.1541,
0,0,0.6865,1.373,0,1.373,0,0,0.6865,1.373,0.6865,0.6865,0.6865,0,0,0,1.373,1.373,0,0,0,0,0.0001,0.0002,0,0.0002,0,0,0.0001,0.0002,0.0001,0.0001,0.0001,0,0,0,0.0002,0.0002,0,0,0.1391,0.1745,0.1391,0.1745,
1.4588,0,0.9725,0.9725,1.4588,1.9451,1.4588,0.9725,0.4863,0.4863,0.9725,0.4863,2.4313,0.4863,0.4863,0.9725,0,0.9725,0,1.4588,0.0001,0,0.0001,0.0001,0.0001,0.0001,0.0001,0.0001,0,0,0.0001,0,0.0002,0,0,0.0001,0,0.0001,0,0.0001,0.2726,0.2412,0.2726,0.2412,
0.5358,0,0.5358,0.5358,3.2146,1.6073,0,1.0715,1.0715,2.6789,0.5358,1.0715,1.0715,0,1.0715,1.0715,0.5358,2.1431,0,0.5358,0,0,0,0,0.0002,0.0001,0,0.0001,0.0001,0.0002,0,0.0001,0.0001,0,0.0001,0.0001,0,0.0002,0,0,0.2288,0.2354,0.2288,0.2354,
0.7426,0.7426,1.4853,0.3713,1.4853,0.7426,0.7426,2.2279,1.1139,0.3713,0.3713,0.3713,0.7426,0.3713,0,0.3713,0.7426,0.7426,1.4853,1.1139,0,0,0.0001,0,0.0001,0,0,0.0001,0.0001,0,0,0,0,0,0,0,0,0,0.0001,0.0001,0.3062,0.3225,0.3062,0.3225,
1.2929,0.431,2.1548,0.431,0.431,0,0.8619,0.8619,0.8619,1.2929,1.7239,0.431,0.8619,0.431,0.431,0.8619,0.8619,0.8619,1.7239,0,0.0001,0,0.0001,0,0,0,0,0,0,0.0001,0.0001,0,0,0,0,0,0,0,0.0001,0,0.304,0.2651,0.304,0.2651,
0.3308,1.3231,0.3308,0.9923,0.3308,0,0.6616,0.3308,3.3078,0.6616,0.9923,1.6539,0.3308,0.3308,1.3231,0,1.9847,0.6616,0,0.6616,0,0.0001,0,0.0001,0,0,0,0,0.0002,0,0.0001,0.0001,0,0,0.0001,0,0.0001,0,0,0,0.4061,0.2631,0.4061,0.2631,
0.3911,0.7822,1.5644,0.7822,0.7822,0.7822,1.5644,1.1733,0.3911,0.3911,1.1733,0.3911,1.5644,0.7822,0,1.5644,0.7822,0.3911,1.5644,0,0,0,0.0001,0,0,0,0.0001,0.0001,0,0,0.0001,0,0.0001,0,0,0.0001,0,0,0.0001,0,0.3395,0.2694,0.3395,0.2694,
1.4136,0.7068,1.4136,1.767,1.0602,1.0602,0.3534,0.3534,0.3534,1.4136,0,0.7068,1.767,1.0602,1.0602,0,0.7068,0.3534,0,1.767,0.0001,0,0.0001,0.0001,0.0001,0.0001,0,0,0,0.0001,0,0,0.0001,0.0001,0.0001,0,0,0,0,0.0001,0.2968,0.3498,0.2968,0.3498,
0,1.1408,0.3803,0.3803,0.3803,1.9013,1.1408,0.3803,1.1408,1.521,1.521,0.7605,0,1.1408,0.3803,0.7605,1.521,1.1408,0.7605,0.7605,0,0.0001,0,0,0,0.0001,0.0001,0,0.0001,0.0001,0.0001,0,0,0.0001,0,0,0.0001,0.0001,0,0,0.3224,0.2973,0.3224,0.2973,
1.0717,2.1434,0,1.0717,1.0717,0,0.5359,0,1.0717,1.0717,0.5359,2.1434,0.5359,0,0,1.0717,0.5359,0,2.1434,0,0,0.0001,0,0,0,0,0,0,0,0,0,0.0001,0,0,0,0,0,0,0.0001,0,0.2102,0.254,0.2102,0.254,
1.3543,0,0.6771,0,0.6771,1.3543,0.6771,1.3543,0,1.3543,0,0,0.6771,2.0314,0,1.3543,2.0314,0.6771,0,0,0.0001,0,0.0001,0,0.0001,0.0001,0.0001,0.0001,0,0.0001,0,0,0.0001,0.0002,0,0.0001,0.0002,0.0001,0,0,0.1638,0.1591,0.1638,0.1591,
0,0,0.6698,1.3397,0,2.0095,0,1.3397,0,1.3397,0,0,1.3397,1.3397,0,0.6698,1.3397,1.3397,0,0.6698,0,0,0.0001,0.0001,0,0.0002,0,0.0001,0,0.0001,0,0,0.0001,0.0001,0,0.0001,0.0001,0.0001,0,0.0001,0.1665,0.1637,0.1665,0.1637,
0,0,0.7007,0,0.7007,0,0,0,0,0,0,0,0,0,1.4015,1.4015,1.4015,0,0.7007,0.7007,0,0,0.0001,0,0.0001,0,0,0,0,0,0,0,0,0,0.0002,0.0002,0.0002,0,0.0001,0.0001,0.1524,0.1469,0.1524,0.1469,
0.7139,1.4278,1.7847,1.4278,0,0.7139,1.4278,0.3569,1.0708,0.3569,0.3569,0.7139,1.4278,0.3569,0.7139,1.4278,1.4278,0.7139,0.3569,0.7139,0,0.0001,0.0001,0.0001,0,0,0.0001,0,0.0001,0,0,0,0.0001,0,0,0.0001,0.0001,0,0,0,0.3124,0.3306,0.3124,0.3306,
0.4053,0.8105,0.8105,1.2158,0.8105,0.8105,0.8105,1.2158,0,1.2158,0.4053,0.8105,1.2158,0.4053,1.2158,1.2158,0.8105,0,0.4053,2.0263,0,0,0,0.0001,0,0,0,0.0001,0,0.0001,0,0,0.0001,0,0.0001,0.0001,0,0,0,0.0001,0.3422,0.2525,0.3422,0.2525,
3.7467,0,0.9367,1.8733,0.4683,1.405,0,0.9367,1.405,3.2783,0.4683,1.405,0.4683,0,0,1.405,0,0.9367,0,0.9367,0.0002,0,0.0001,0.0001,0,0.0001,0,0.0001,0.0001,0.0002,0,0.0001,0,0,0,0.0001,0,0.0001,0,0.0001,0.2707,0.261,0.2707,0.261,
0.8493,1.274,0.4247,1.6987,1.274,0.4247,0,0.4247,0.8493,0,0.8493,0.8493,0.8493,0,0.4247,0.8493,0.4247,0.8493,0.8493,0.4247,0,0.0001,0,0.0001,0.0001,0,0,0,0,0,0,0,0,0,0,0,0,0,0,0,0.2683,0.3071,0.2683,0.3071,
0.6028,0,1.2055,1.2055,0.6028,0.6028,0,0,1.2055,0.6028,0.6028,0,0.6028,0,0.6028,0,0.6028,0.6028,0,1.8083,0.0001,0,0.0001,0.0001,0.0001,0.0001,0,0,0.0001,0.0001,0.0001,0,0.0001,0,0.0001,0,0.0001,0.0001,0,0.0002,0.2196,0.1776,0.2196,0.1776,
0.864,0.864,1.2961,0.432,0.864,0,0.864,1.2961,1.7281,2.1601,1.2961,0.432,0.432,0.864,0.864,0,1.7281,1.2961,0.864,0.864,0,0,0.0001,0,0,0,0,0.0001,0.0001,0.0001,0.0001,0,0,0,0,0,0.0001,0.0001,0,0,0.2827,0.2853,0.2827,0.2853,
2.067,1.2402,0,0.4134,0,2.8938,1.2402,0,0,1.2402,0.8268,0,0,0,1.6536,2.4804,0.8268,1.6536,0,1.6536,0.0001,0.0001,0,0,0,0.0001,0.0001,0,0,0.0001,0,0,0,0,0.0001,0.0001,0,0.0001,0,0.0001,0.3196,0.267,0.3196,0.267,
0.3814,1.1443,0.3814,0,0,0.3814,0.7629,1.9072,3.4329,0.3814,0.3814,0,0.3814,0.7629,1.9072,0.3814,0.3814,1.1443,0,0,0,0.0001,0,0,0,0,0.0001,0.0001,0.0002,0,0,0,0,0.0001,0.0001,0,0,0.0001,0,0,0.341,0.2776,0.341,0.2776,
0.375,1.125,0,0.375,0,0.75,0.375,1.875,1.5,0.375,0.375,0.375,0.375,0.75,3.75,0.75,0,0.75,0,0,0,0.0001,0,0,0,0,0,0.0001,0.0001,0,0,0,0,0,0.0002,0,0,0,0,0,0.3411,0.2839,0.3411,0.2839,
0.7554,0,0.7554,0,1.5109,0,0,0.7554,0,0,0,0.7554,2.2663,0.7554,0.7554,0.7554,0,0,0,0,0.0001,0,0.0001,0,0.0003,0,0,0.0001,0,0,0,0.0001,0.0004,0.0001,0.0001,0.0001,0,0,0,0,0.1333,0.1113,0.1333,0.1113,
0.7453,0,0.3726,1.4905,0,1.8632,0.7453,0.3726,2.6085,0.3726,0.3726,1.4905,1.4905,0.7453,1.1179,1.1179,1.1179,0.7453,0,0,0.0001,0,0,0.0001,0,0.0002,0.0001,0,0.0002,0,0,0.0001,0.0001,0.0001,0.0001,0.0001,0.0001,0.0001,0,0,0.3056,0.3218,0.3056,0.3218,
0.8129,0.8129,0.4064,1.2193,0.8129,1.2193,0.4064,0.4064,0.4064,0,0.8129,1.2193,0.8129,0.4064,0.4064,1.2193,0.8129,0.4064,2.0322,0.8129,0,0,0,0.0001,0,0.0001,0,0,0,0,0,0.0001,0,0,0,0.0001,0,0,0.0001,0,0.2948,0.2987,0.2948,0.2987,
1.212,1.6161,0.808,1.6161,1.212,0,0.404,0,0.404,0.808,0.404,2.0201,0.808,0.404,0.404,0.808,1.212,1.212,1.212,1.212,0.0001,0.0001,0,0.0001,0.0001,0,0,0,0,0,0,0.0001,0,0,0,0,0.0001,0.0001,0.0001,0.0001,0.3036,0.2924,0.3036,0.2924,
0.9497,0,0.4748,0.4748,1.4245,0.9497,0,0.4748,0,1.4245,1.4245,0.9497,0,0.9497,1.4245,0.4748,0,0.4748,0.4748,1.8993,0.0001,0,0,0,0.0001,0.0001,0,0,0,0.0001,0.0001,0.0001,0,0.0001,0.0001,0,0,0,0,0.0001,0.2623,0.2628,0.2623,0.2628,
0.9861,1.4791,1.4791,0.493,0,0.493,0.493,0,0,0.493,1.4791,0.493,0.493,1.4791,0.493,0.493,0,0.9861,1.4791,0.9861,0.0001,0.0001,0.0001,0,0,0,0,0,0,0,0.0001,0,0,0.0001,0,0,0,0.0001,0.0001,0.0001,0.2802,0.2268,0.2802,0.2268,
0,0.5252,0.5252,0.5252,1.0505,0.5252,0,1.0505,2.101,3.1514,1.0505,0.5252,0,0,0,0,0.5252,1.0505,0,1.0505,0,0,0,0,0.0001,0,0,0.0001,0.0001,0.0002,0.0001,0,0,0,0,0,0,0.0001,0,0.0001,0.234,0.2408,0.234,0.2408,
1.333,0.6665,1.333,0.6665,0,0.6665,0,1.333,1.333,0.6665,0.6665,0,0,0.6665,0,0.6665,0,0.6665,0,0,0.0001,0.0001,0.0001,0.0001,0,0.0001,0,0.0001,0.0001,0.0001,0.0001,0,0,0.0001,0,0.0001,0,0.0001,0,0,0.1656,0.1679,0.1656,0.1679,
0,1.4406,1.0805,1.0805,0.3602,0.7203,1.4406,0.7203,0.3602,0.7203,1.0805,1.8008,0.3602,1.0805,0.7203,1.0805,0.7203,0.7203,0.7203,0.3602,0,0.0001,0.0001,0.0001,0,0,0.0001,0,0,0,0.0001,0.0001,0,0.0001,0,0.0001,0,0,0,0,0.3034,0.3364,0.3034,0.3364,
0,0,0,0.6832,0,2.0496,0,0.6832,0,0,0,0,3.4159,0.6832,0.6832,0,0,0,0.6832,0,0,0,0,0.0001,0,0.0003,0,0.0001,0,0,0,0,0.0004,0.0001,0.0001,0,0,0,0.0001,0,0.1606,0.1562,0.1606,0.1562,
0.3443,0,0.6886,2.4102,0.3443,0.6886,0,0.6886,3.0989,0.6886,0.6886,0.6886,1.033,1.3773,0,1.3773,1.033,0,0,0,0,0,0.0001,0.0002,0,0.0001,0,0.0001,0.0002,0.0001,0.0001,0.0001,0.0001,0.0001,0,0.0001,0.0001,0,0,0,0.3305,0.3252,0.3305,0.3252,
1.5768,0.5256,0.5256,0,1.0512,1.5768,0.5256,0.5256,0,1.5768,0.5256,2.1024,0.5256,0,1.0512,2.6279,1.5768,0.5256,0,0,0.0001,0,0,0,0.0001,0.0001,0,0,0,0.0001,0,0.0001,0,0,0.0001,0.0001,0.0001,0,0,0,0.2169,0.2576,0.2169,0.2576,
2.5761,0,0.644,0.644,1.932,0,0,3.2201,0.644,3.2201,0.644,1.288,0.644,0.644,0,0.644,1.932,2.5761,0,0.644,0.0002,0,0.0001,0.0001,0.0002,0,0,0.0003,0.0001,0.0003,0.0001,0.0001,0.0001,0.0001,0,0.0001,0.0002,0.0002,0,0.0001,0.1833,0.1727,0.1833,0.1727,
2.8932,0,0.9644,0.4822,2.411,0.9644,0,1.9288,0,4.822,0.4822,0,1.9288,1.4466,0.4822,0.4822,0.4822,1.4466,0.4822,0.9644,0.0001,0,0,0,0.0001,0,0,0.0001,0,0.0002,0,0,0.0001,0.0001,0,0,0,0.0001,0,0,0.2754,0.2424,0.2754,0.2424,
0.3776,1.1328,1.5105,1.1328,0,1.5105,0.7552,0.7552,0.3776,1.5105,0,1.8881,0.3776,0.7552,0.7552,1.8881,0.3776,0.3776,0.7552,0.3776,0,0.0001,0.0001,0.0001,0,0.0001,0,0,0,0.0001,0,0.0001,0,0,0,0.0001,0,0,0,0,0.328,0.2944,0.328,0.2944,
0.8448,0.4224,0,0.8448,0.8448,0.8448,1.2673,0.4224,1.2673,1.2673,1.6897,0.8448,0.4224,1.6897,0.4224,0,0.8448,0.8448,0.4224,0.8448,0.0001,0,0,0.0001,0.0001,0.0001,0.0001,0,0.0001,0.0001,0.0001,0.0001,0,0.0001,0,0,0.0001,0.0001,0,0.0001,0.2988,0.2788,0.2988,0.2788,
0,1.6081,0.804,0,0.804,0,0,0,0,0,0.804,0,0.804,0.804,0,0.804,0.804,0,0.804,0.804,0,0.0001,0.0001,0,0.0001,0,0,0,0,0,0.0001,0,0.0001,0.0001,0,0.0001,0.0001,0,0.0001,0.0001,0.0897,0.1063,0.0897,0.1063,
0,0.5648,0,0,1.6945,1.1297,1.1297,0,0,0.5648,0.5648,0,0,0,1.1297,1.1297,0.5648,1.6945,1.1297,0.5648,0,0,0,0,0.0001,0.0001,0.0001,0,0,0,0,0,0,0,0.0001,0.0001,0,0.0001,0.0001,0,0.2287,0.2065,0.2287,0.2065,
1.5049,1.0033,2.0065,2.0065,0,0.5016,0.5016,0.5016,0,0.5016,2.0065,0.5016,1.0033,0.5016,0,1.5049,0.5016,0,0,1.0033,0.0001,0.0001,0.0001,0.0001,0,0,0,0,0,0,0.0001,0,0.0001,0,0,0.0001,0,0,0,0.0001,0.2792,0.2192,0.2792,0.2192,
2.6366,2.1972,0.8789,0.4394,1.7578,0.8789,0.8789,0.8789,0.4394,0.8789,0.8789,0.4394,0.4394,0.4394,0.8789,0.8789,0.8789,1.7578,0,1.7578,0.0001,0.0001,0,0,0.0001,0,0,0,0,0,0,0,0,0,0,0,0,0.0001,0,0.0001,0.2997,0.2608,0.2997,0.2608,
0.3741,1.4965,0.7483,1.1224,0.3741,0.7483,0.7483,1.4965,0.7483,0.7483,0,2.2448,1.4965,1.8706,0.7483,1.1224,0.3741,0.3741,0.3741,1.4965,0,0.0001,0,0,0,0,0,0.0001,0,0,0,0.0001,0.0001,0.0001,0,0,0,0,0,0.0001,0.3211,0.3048,0.3211,0.3048,
1.324,1.7653,0.4413,1.324,0.8826,0.4413,0,1.324,0,0.8826,2.2066,1.7653,0,0.8826,0.8826,0.8826,1.324,1.324,0.4413,0.8826,0.0001,0.0001,0,0.0001,0,0,0,0.0001,0,0,0.0001,0.0001,0,0,0,0,0.0001,0.0001,0,0,0.2716,0.2871,0.2716,0.2871,
0.6686,0.6686,0,0.6686,0.6686,0,0.6686,0.6686,0.6686,1.3372,0,0.6686,0.6686,0.6686,0,0.6686,0,0,0.6686,0.6686,0.0001,0.0001,0,0.0001,0.0001,0,0.0001,0.0001,0.0001,0.0001,0,0.0001,0.0001,0.0001,0,0.0001,0,0,0.0001,0.0001,0.1638,0.1676,0.1638,0.1676,
0.5091,0,0.5091,0.5091,2.0363,0.5091,0,0.5091,0.5091,3.0545,0.5091,3.5636,2.5454,0.5091,0.5091,1.0182,1.0182,1.5272,0.5091,1.0182,0,0,0,0,0.0001,0,0,0,0,0.0002,0,0.0002,0.0002,0,0,0.0001,0.0001,0.0001,0,0.0001,0.256,0.235,0.256,0.235,
2.5466,1.0914,0.7276,0.7276,1.0914,0.3638,0.3638,1.4552,1.0914,1.0914,0.3638,0.3638,1.0914,0.3638,0.7276,1.4552,0.7276,0.7276,1.4552,0.3638,0.0001,0,0,0,0,0,0,0.0001,0,0,0,0,0,0,0,0.0001,0,0,0.0001,0,0.3193,0.3169,0.3193,0.3169,
1.139,0,0.3797,0.3797,0.3797,2.6576,0.7593,0.3797,1.8983,0.3797,0.7593,1.8983,1.5186,2.2779,0.7593,0.7593,0.7593,0.3797,0,0.3797,0.0001,0,0,0,0,0.0002,0.0001,0,0.0001,0,0.0001,0.0001,0.0001,0.0002,0.0001,0.0001,0.0001,0,0,0,0.3156,0.3048,0.3156,0.3048,
1.4016,0.3504,0,1.4016,1.0512,1.0512,2.1024,0.3504,1.0512,1.0512,0.7008,0.7008,0.3504,1.0512,0.7008,1.0512,0.3504,0,0.7008,1.0512,0.0001,0,0,0.0001,0.0001,0.0001,0.0001,0,0.0001,0.0001,0,0,0,0.0001,0,0.0001,0,0,0,0.0001,0.3153,0.3343,0.3153,0.3343,
1.4102,0.9401,0,0.4701,0.9401,0.4701,2.8204,0,0.4701,0.4701,0.4701,0,1.8803,1.4102,0.4701,0.4701,0,1.4102,0,0.4701,0.0001,0.0001,0,0,0.0001,0,0.0002,0,0,0,0,0,0.0001,0.0001,0,0,0,0.0001,0,0,0.2466,0.2834,0.2466,0.2834,
0.3384,0,1.3535,0.3384,0.3384,1.3535,0.6767,1.6919,0.6767,0.3384,0.3384,0.3384,0.6767,0.3384,1.3535,0.6767,1.3535,0.6767,1.3535,0.6767,0,0,0.0001,0,0,0.0001,0,0.0001,0,0,0,0,0,0,0.0001,0,0.0001,0,0.0001,0,0.3513,0.3104,0.3513,0.3104,
1.2487,1.2487,0,0,0,0,0,1.2487,2.4974,0,0,1.2487,0.6244,1.8731,0,0.6244,1.2487,0,0,0.6244,0.0001,0.0001,0,0,0,0,0,0.0001,0.0002,0,0,0.0001,0.0001,0.0002,0,0.0001,0.0001,0,0,0.0001,0.1798,0.1958,0.1798,0.1958,
1.065,1.065,0.5325,0.5325,1.065,0.5325,0.5325,0.5325,0.5325,1.065,0,0.5325,0.5325,0.5325,1.5975,2.13,1.5975,2.13,0.5325,0.5325,0.0001,0.0001,0,0,0.0001,0,0,0,0,0.0001,0,0,0,0,0.0001,0.0001,0.0001,0.0001,0,0,0.2183,0.2492,0.2183,0.2492,
3.1922,0,0,0.6384,1.9153,1.2769,0,0,0.6384,3.8306,1.2769,1.9153,0.6384,1.2769,0,0.6384,0,4.4691,0,0,0.0002,0,0,0,0.0001,0.0001,0,0,0,0.0003,0.0001,0.0001,0,0.0001,0,0,0,0.0003,0,0,0.1779,0.1837,0.1779,0.1837,
2.2888,0.5722,0.5722,0.5722,0,0.5722,0.5722,0,0.5722,0,0.5722,0,0,0.5722,0.5722,0.5722,0.5722,1.1444,0.5722,0,0.0002,0,0,0,0,0,0,0,0,0,0,0,0,0,0,0,0,0.0001,0,0,0.2276,0.2002,0.2276,0.2002,
0.6907,3.4534,0.6907,0.6907,0,0,2.072,0,1.3814,0.6907,3.4534,0,0.6907,0,0,0,0,0.6907,0,0,0,0.0002,0,0,0,0,0.0001,0,0.0001,0,0.0002,0,0,0,0,0,0,0,0,0,0.1383,0.171,0.1383,0.171,
2.1235,0.5309,0.5309,0.5309,0,0.5309,0.5309,0.5309,0.5309,0,1.0617,0.5309,1.0617,1.5926,1.0617,0,1.0617,0,1.0617,0.5309,0.0002,0,0,0,0,0,0,0,0,0,0.0001,0,0.0001,0.0001,0.0001,0,0.0001,0,0.0001,0,0.223,0.2461,0.223,0.2461,
1.899,0,0,0.3165,0.3165,1.266,0.633,0.3165,1.899,0.633,0.633,0.3165,0.3165,0.3165,2.532,0.633,0.633,0.9495,0.3165,0,0.0002,0,0,0,0,0.0001,0.0001,0,0.0002,0.0001,0.0001,0,0,0,0.0002,0.0001,0.0001,0.0001,0,0,0.3803,0.3032,0.3803,0.3032,
0.4445,2.667,0.889,0.889,0,1.3335,0,0.889,1.3335,0.4445,0,0.4445,0.889,0.4445,1.778,0.4445,0,0,0,0.4445,0,0.0001,0,0,0,0.0001,0,0,0.0001,0,0,0,0,0,0.0001,0,0,0,0,0,0.2574,0.2981,0.2574,0.2981,
0.4976,2.9859,1.4929,2.4882,0.4976,1.4929,0.4976,0.9953,0.4976,0.4976,0.4976,0.4976,0.4976,1.4929,0,0,1.9906,1.4929,0,0.9953,0,0.0001,0.0001,0.0001,0,0.0001,0,0,0,0,0,0,0,0.0001,0,0,0.0001,0.0001,0,0,0.2213,0.2811,0.2213,0.2811,
2.2603,0.4521,0.9041,0,0,1.3562,1.3562,1.3562,0.4521,0.4521,0.4521,0.9041,0.9041,3.1645,0,0,1.3562,0.9041,0.4521,2.7124,0.0001,0,0,0,0,0.0001,0.0001,0.0001,0,0,0,0,0,0.0002,0,0,0.0001,0,0,0.0001,0.2527,0.2952,0.2527,0.2952,
0.4023,0.8047,1.6093,0.4023,0,0.8047,0,1.207,1.207,0.8047,0.4023,0,1.207,0,1.207,0.4023,1.6093,2.414,0.4023,1.207,0,0,0.0001,0,0,0,0,0.0001,0.0001,0,0,0,0.0001,0,0.0001,0,0.0001,0.0001,0,0.0001,0.3018,0.2959,0.3018,0.2959,
1.1973,0,0.5986,0,1.1973,1.1973,0,0.5986,0,2.9932,1.1973,0,0,0,0.5986,2.9932,0.5986,2.9932,1.1973,0,0.0001,0,0,0,0.0001,0.0001,0,0,0,0.0002,0.0001,0,0,0,0,0.0002,0,0.0002,0.0001,0,0.2462,0.1552,0.2462,0.1552,
0,0.606,0.606,0,0.606,0.606,1.212,0,0,1.212,0.606,1.8179,0,0,0.606,0,0.606,0,1.212,0,0,0,0,0,0,0,0.0001,0,0,0.0001,0,0.0001,0,0,0,0,0,0,0.0001,0,0.2246,0.1694,0.2246,0.1694,
0.3796,0,0,0.3796,0.3796,1.1388,0.3796,0.3796,3.0369,0.7592,1.1388,0.3796,0.3796,1.1388,4.1758,0.3796,1.1388,0.3796,0.3796,0.3796,0,0,0,0,0,0.0001,0,0,0.0003,0.0001,0.0001,0,0,0.0001,0.0004,0,0.0001,0,0,0,0.2994,0.3209,0.2994,0.3209,
0.6902,1.3804,1.3804,0.6902,0,0.6902,0,0,0,0.6902,0,0,0,0.6902,0,0,0,0.6902,2.0706,0,0,0.0001,0.0001,0,0,0,0,0,0,0,0,0,0,0,0,0,0,0,0.0001,0,0.1609,0.1489,0.1609,0.1489,
0.8015,0,0.4008,0,1.2023,0,0.4008,1.6031,1.2023,1.2023,1.2023,1.2023,0.4008,1.2023,1.2023,0.4008,0,1.6031,1.6031,0.8015,0.0001,0,0,0,0.0001,0,0,0.0001,0.0001,0.0001,0.0001,0.0001,0,0.0001,0.0001,0,0,0.0001,0.0001,0.0001,0.2767,0.3225,0.2767,0.3225,
0.4149,0.4149,0.4149,1.2446,1.2446,0.4149,0.8297,0.8297,0.4149,0.8297,1.2446,0,1.2446,1.2446,1.2446,0,1.2446,0.4149,1.2446,0,0,0,0,0.0001,0.0001,0,0.0001,0.0001,0,0.0001,0.0001,0,0.0001,0.0001,0.0001,0,0.0001,0,0.0001,0,0.2957,0.2895,0.2957,0.2895,
0.4902,0,2.4512,1.961,0.4902,0.4902,0.4902,0.9805,0.4902,0.9805,0,0.4902,0,0.4902,0,0.9805,0,1.4707,0,0.4902,0,0,0.0002,0.0002,0,0,0,0.0001,0,0.0001,0,0,0,0,0,0.0001,0,0.0001,0,0,0.2448,0.2649,0.2448,0.2649,
0,0.5744,0,0.5744,0,0.5744,0,0,1.7231,1.1487,1.7231,1.1487,0,0.5744,0.5744,1.1487,0.5744,1.1487,0,0,0,0,0,0,0,0,0,0,0.0001,0.0001,0.0001,0.0001,0,0,0,0.0001,0,0.0001,0,0,0.2108,0.2148,0.2108,0.2148,
1.9405,0,0,0,2.4256,1.4553,0.4851,2.9107,0.4851,1.4553,0.9702,0.9702,1.4553,1.4553,0.9702,0,1.9405,0.9702,0.4851,0.4851,0.0001,0,0,0,0.0002,0.0001,0,0.0002,0,0.0001,0.0001,0.0001,0.0001,0.0001,0.0001,0,0.0001,0.0001,0,0,0.2572,0.2577,0.2572,0.2577,
0.4394,1.3181,0.4394,0,1.7575,0,1.3181,1.7575,1.3181,1.3181,0,0.8788,0.8788,1.3181,0,1.7575,0.8788,1.3181,0.4394,3.0756,0,0.0001,0,0,0.0001,0,0.0001,0.0001,0.0001,0.0001,0,0,0,0.0001,0,0.0001,0,0.0001,0,0.0001,0.2928,0.2678,0.2928,0.2678,
0.3692,0,0.7384,1.8459,0,0.3692,1.4767,0.7384,1.1076,0.7384,0.7384,0.3692,1.8459,1.1076,1.4767,1.4767,0.3692,1.1076,0.7384,0.7384,0,0,0.0001,0.0001,0,0,0.0001,0.0001,0.0001,0.0001,0.0001,0,0.0001,0.0001,0.0001,0.0001,0,0.0001,0.0001,0.0001,0.3189,0.3119,0.3189,0.3119,
0,1.1411,0,0,0.5705,0.5705,0.5705,1.1411,0.5705,2.8527,1.1411,1.1411,0,0,1.1411,0.5705,1.7116,0,1.7116,0.5705,0,0.0001,0,0,0,0,0,0.0001,0,0.0002,0.0001,0.0001,0,0,0.0001,0,0.0001,0,0.0001,0,0.2059,0.2235,0.2059,0.2235,
0,0,0,0,0,1.0134,0.5067,0.5067,1.5201,0.5067,0.5067,1.5201,0.5067,0,1.5201,0.5067,1.0134,2.0268,0,0.5067,0,0,0,0,0,0.0001,0.0001,0.0001,0.0002,0.0001,0.0001,0.0002,0.0001,0,0.0002,0.0001,0.0001,0.0002,0,0.0001,0.2756,0.2177,0.2756,0.2177,
0.4295,1.718,0.859,2.1475,0,2.577,0,0,1.2885,1.2885,0.859,0.4295,0,0.859,0,0,0.4295,2.577,0,0.4295,0,0.0001,0,0.0001,0,0.0001,0,0,0.0001,0.0001,0,0,0,0,0,0,0,0.0001,0,0,0.275,0.2955,0.275,0.2955,
0,0,0,1.2678,0,0.6339,0.6339,0,0.6339,1.2678,0,0.6339,0,0.6339,0.6339,0.6339,0.6339,1.2678,0,0,0,0,0,0.0002,0,0.0001,0.0001,0,0.0001,0.0002,0,0.0001,0,0.0001,0.0001,0.0001,0.0001,0.0002,0,0,0.1377,0.2283,0.1377,0.2283,
0,0.6795,0,0,1.359,0,0,0,0.6795,0.6795,0.6795,0,0,0,2.0384,0.6795,0,1.359,0,0,0,0.0001,0,0,0.0001,0,0,0,0.0001,0.0001,0.0001,0,0,0,0.0002,0.0001,0,0.0001,0,0,0.1535,0.167,0.1535,0.167,
0.709,0.3545,2.127,1.0635,1.7725,1.418,0.3545,2.4814,0.3545,0,1.0635,0.709,0,0,0.709,0.3545,1.0635,0,0.709,0.3545,0,0,0.0001,0.0001,0.0001,0.0001,0,0.0001,0,0,0.0001,0,0,0,0,0,0.0001,0,0,0,0.3046,0.3409,0.3046,0.3409,
1.0077,0,1.0077,0,0.5039,0.5039,0.5039,1.5116,1.0077,1.5116,0.5039,1.0077,0,3.0232,0.5039,0.5039,3.0232,0,1.0077,0.5039,0.0001,0,0.0001,0,0,0,0,0.0001,0.0001,0.0001,0,0.0001,0,0.0002,0,0,0.0002,0,0.0001,0,0.2163,0.2799,0.2163,0.2799,
0.7479,0.7479,0.7479,0.3739,1.4957,0.7479,0.7479,0.3739,0,1.4957,0.7479,0.7479,0.7479,1.8696,1.4957,1.1218,0.3739,1.8696,1.4957,0.7479,0,0,0,0,0.0001,0,0,0,0,0.0001,0,0,0,0.0001,0.0001,0.0001,0,0.0001,0.0001,0,0.3294,0.2967,0.3294,0.2967,
0,0.7139,0,0.7139,0.7139,0.7139,0.7139,0,0,0.7139,0.7139,0,0.7139,1.4279,0,2.8557,0,1.4279,0.7139,0,0,0.0001,0,0.0001,0.0001,0.0001,0.0001,0,0,0.0001,0.0001,0,0.0001,0.0001,0,0.0002,0,0.0001,0.0001,0,0.1284,0.1576,0.1284,0.1576,
0.953,0.953,0.953,0.4765,0.953,0.953,0,0.953,1.4295,1.4295,0,0.4765,0.953,0.4765,0.953,0.4765,0.953,0.4765,0.4765,0.4765,0.0001,0.0001,0.0001,0,0.0001,0.0001,0,0.0001,0.0001,0.0001,0,0,0.0001,0,0.0001,0,0.0001,0,0,0,0.2873,0.2361,0.2873,0.2361,
0.4665,0.4665,0.4665,1.3994,0.4665,0.9329,0,0.4665,0.9329,0.4665,1.3994,1.8658,0.4665,0.9329,0.4665,0.9329,0.4665,0,0.9329,0.4665,0,0,0,0.0001,0,0.0001,0,0,0.0001,0,0.0001,0.0001,0,0.0001,0,0.0001,0,0,0.0001,0,0.2746,0.2589,0.2746,0.2589,
2.5705,1.7137,0.8568,0.4284,0.4284,2.1421,0.8568,0.8568,0,1.2852,0.8568,1.2852,0,0.8568,0.8568,0.8568,1.2852,0.8568,0.8568,0.8568,0.0001,0.0001,0,0,0,0.0001,0,0,0,0.0001,0,0.0001,0,0,0,0,0.0001,0,0,0,0.2959,0.2757,0.2959,0.2757,
0,0,1.2308,0.6154,0,1.8462,1.2308,0,0,0.6154,0.6154,0,0.6154,1.2308,0,0.6154,1.2308,1.2308,0,1.2308,0,0,0.0001,0.0001,0,0.0002,0.0001,0,0,0.0001,0.0001,0,0.0001,0.0001,0,0.0001,0.0001,0.0001,0,0.0001,0.1428,0.2418,0.1428,0.2418,
1.0457,1.0457,0.5228,1.0457,0,1.0457,0.5228,1.0457,0,1.0457,0,0,1.0457,2.6141,0,0.5228,0.5228,1.5685,1.5685,1.0457,0.0001,0.0001,0,0.0001,0,0.0001,0,0.0001,0,0.0001,0,0,0.0001,0.0001,0,0,0,0.0001,0.0001,0.0001,0.2578,0.2193,0.2578,0.2193,
0,0,1.4425,0,0.7213,0.7213,0,3.6063,0,0,0,0,0,1.4425,0,1.4425,0,0,0,0,0,0,0.0001,0,0.0001,0.0001,0,0.0003,0,0,0,0,0,0.0001,0,0.0001,0,0,0,0,0.1095,0.1692,0.1095,0.1692,
0.544,0,1.6321,1.6321,1.0881,2.1761,0,0,0.544,1.6321,0,0,1.0881,0,1.6321,0.544,0.544,0,0,1.6321,0,0,0.0001,0.0001,0.0001,0.0002,0,0,0,0.0001,0,0,0.0001,0,0.0001,0,0,0,0,0.0001,0.2601,0.1958,0.2601,0.1958,
0,0,0,0.5335,1.067,1.6005,0.5335,1.067,2.134,1.067,0.5335,0,0,0,0,3.201,1.067,1.067,0.5335,0,0,0,0,0,0.0001,0.0001,0,0.0001,0.0002,0.0001,0,0,0,0,0,0.0002,0.0001,0.0001,0,0,0.2107,0.2558,0.2107,0.2558,
0.7592,1.1387,0.7592,0.3796,0.3796,1.5183,0.3796,0.7592,0.3796,1.5183,1.5183,0.3796,0.3796,1.1387,1.8979,1.8979,0.3796,1.5183,0.3796,0.3796,0,0.0001,0,0,0,0.0001,0,0,0,0.0001,0.0001,0,0,0.0001,0.0001,0.0001,0,0.0001,0,0,0.3368,0.2836,0.3368,0.2836,
0,3.1336,0,0.5223,0.5223,2.089,0,0.5223,2.6113,0,0,0.5223,1.5668,0,0,0.5223,1.5668,0.5223,0,1.0445,0,0.0001,0,0,0,0.0001,0,0,0.0001,0,0,0,0.0001,0,0,0,0.0001,0,0,0,0.2575,0.2202,0.2575,0.2202,
1.9636,0,0.4909,0,1.9636,0.9818,0.4909,1.9636,0,1.4727,0.9818,0,0.9818,0.9818,1.4727,0.4909,1.9636,1.9636,0.4909,0.4909,0.0001,0,0,0,0.0001,0.0001,0,0.0001,0,0.0001,0.0001,0,0.0001,0.0001,0.0001,0,0.0001,0.0001,0,0,0.2371,0.2719,0.2371,0.2719,
0.7036,0,0,0.7036,0.7036,2.8146,0,0,0,0.7036,0.7036,0,0.7036,0,0.7036,3.5182,0,0,0.7036,0,0.0001,0,0,0.0001,0.0001,0.0003,0,0,0,0.0001,0.0001,0,0.0001,0,0.0001,0.0004,0,0,0.0001,0,0.147,0.1494,0.147,0.1494,
0.4187,2.512,0.8373,0,0.4187,0.8373,0,0,2.512,0.8373,0,0,1.256,0.4187,0.4187,2.512,0,1.256,0.8373,1.256,0,0.0001,0,0,0,0,0,0,0.0001,0,0,0,0,0,0,0.0001,0,0,0,0,0.3152,0.2662,0.3152,0.2662,
1.1343,1.5124,0,0,0.7562,1.1343,2.6468,0,0.3781,0.3781,1.1343,0.3781,0.3781,1.1343,1.5124,0.3781,0.3781,1.8906,0.3781,1.1343,0.0001,0.0001,0,0,0,0.0001,0.0001,0,0,0,0.0001,0,0,0.0001,0.0001,0,0,0.0001,0,0.0001,0.2976,0.3243,0.2976,0.3243,
2.1802,0,0.7267,1.0901,1.0901,1.8168,0,0.3634,2.5436,1.8168,0.7267,1.4535,0,0.7267,0.7267,1.0901,0.3634,0.3634,0.3634,0,0.0001,0,0,0.0001,0.0001,0.0001,0,0,0.0002,0.0001,0,0.0001,0,0,0,0.0001,0,0,0,0,0.3492,0.2874,0.3492,0.2874,
1.6199,1.2149,0.405,0.81,0.405,1.6199,1.2149,1.2149,0.405,1.2149,0.81,0.81,1.6199,0.81,0.405,0.405,0,1.6199,1.2149,0.405,0.0001,0.0001,0,0,0,0.0001,0.0001,0.0001,0,0.0001,0,0,0.0001,0,0,0,0,0.0001,0.0001,0,0.3018,0.2932,0.3018,0.2932,
0,0,0.6164,1.2327,1.8491,0.6164,0,1.2327,0,0.6164,0.6164,1.2327,0.6164,0.6164,0,0.6164,2.4655,0.6164,1.2327,0,0,0,0,0.0001,0.0001,0,0,0.0001,0,0,0,0.0001,0,0,0,0,0.0002,0,0.0001,0,0.2219,0.1618,0.2219,0.1618,
1.0046,0.5023,1.5069,0.5023,1.5069,0,0,0.5023,0.5023,0,0.5023,0.5023,0.5023,2.0093,1.0046,0.5023,2.0093,0.5023,0,1.0046,0.0001,0,0.0001,0,0.0001,0,0,0,0,0,0,0,0,0.0001,0.0001,0,0.0001,0,0,0.0001,0.2853,0.2124,0.2853,0.2124,
1.3218,0,0.4406,1.7624,0,0,0.8812,0,0.4406,0.4406,0.8812,2.203,0.4406,0,0.8812,0,0.8812,0.8812,0.8812,0.4406,0.0001,0,0,0.0001,0,0,0.0001,0,0,0,0.0001,0.0002,0,0,0.0001,0,0.0001,0.0001,0.0001,0,0.2912,0.2682,0.2912,0.2682,
0.3339,0.3339,0.6678,1.0017,0,0.3339,0.3339,0.3339,2.3373,1.3356,0.6678,1.3356,0.6678,0,2.0034,0.3339,2.6712,0.6678,0,1.0017,0,0,0.0001,0.0001,0,0,0,0,0.0002,0.0001,0.0001,0.0001,0.0001,0,0.0002,0,0.0002,0.0001,0,0.0001,0.3353,0.3308,0.3353,0.3308,
0.9919,0.496,0.496,0,0.9919,1.9839,0.9919,0.9919,0,1.4879,0.9919,1.9839,2.9758,0.496,0.496,0.496,0,1.4879,0.496,0.496,0,0,0,0,0,0.0001,0,0,0,0.0001,0,0.0001,0.0001,0,0,0,0,0.0001,0,0,0.2536,0.2504,0.2536,0.2504,
0,0.588,1.1761,0.588,0.588,0.588,1.1761,0,0.588,0,0.588,0.588,0.588,0,0.588,0,0,0.588,0.588,1.1761,0,0,0.0001,0,0,0,0.0001,0,0,0,0,0,0,0,0,0,0,0,0,0.0001,0.1778,0.2342,0.1778,0.2342,
0.7324,0.7324,0,0.3662,1.831,0.7324,1.0986,0.7324,1.4648,1.0986,1.4648,1.4648,1.831,0.3662,0.7324,0.3662,0.3662,1.4648,0.7324,0,0,0,0,0,0.0001,0,0.0001,0,0.0001,0.0001,0.0001,0.0001,0.0001,0,0,0,0,0.0001,0,0,0.3117,0.3221,0.3117,0.3221,
1.29,0,0.86,0.43,0.86,2.15,0.86,0.43,0.43,0.86,0.43,0,2.15,0.43,0.86,0.86,1.29,2.15,0.43,2.15,0.0001,0,0.0001,0,0.0001,0.0001,0.0001,0,0,0.0001,0,0,0.0001,0,0.0001,0.0001,0.0001,0.0001,0,0.0001,0.2859,0.2841,0.2859,0.2841,
0,1.3947,0,0,1.3947,0,0,0.6974,0,0,0,0.6974,0.6974,1.3947,1.3947,0.6974,0,0.6974,0,1.3947,0,0.0001,0,0,0.0001,0,0,0,0,0,0,0,0,0.0001,0.0001,0,0,0,0,0.0001,0.1819,0.1208,0.1819,0.1208,
0.4626,1.8506,0.4626,1.3879,0.9253,0.9253,0.4626,0.4626,1.3879,1.3879,0.4626,0,0,0.4626,0.4626,0.9253,0.4626,0.9253,0,0.4626,0,0.0001,0,0.0001,0.0001,0.0001,0,0,0.0001,0.0001,0,0,0,0,0,0.0001,0,0.0001,0,0,0.2766,0.2607,0.2766,0.2607,
1.9437,1.4578,0.9718,0,2.4296,0.4859,0,1.4578,0.9718,2.4296,1.4578,0.9718,0.4859,1.9437,0.4859,0.4859,0,3.4014,0.9718,0,0.0001,0.0001,0,0,0.0001,0,0,0.0001,0,0.0001,0.0001,0,0,0.0001,0,0,0,0.0001,0,0,0.2652,0.2489,0.2652,0.2489,
1.3029,0.4343,2.6059,0.4343,0,0,0.8686,0,0.8686,1.3029,0.8686,2.1716,0.4343,0.4343,0.8686,0.4343,0.4343,0.4343,0.4343,0.8686,0.0001,0,0.0002,0,0,0,0.0001,0,0.0001,0.0001,0.0001,0.0002,0,0,0.0001,0,0,0,0,0.0001,0.2804,0.2853,0.2804,0.2853,
0.6522,0,0,1.3044,2.6088,1.3044,0,2.6088,0,3.9132,0.6522,1.3044,0.6522,1.9566,0.6522,0.6522,1.9566,2.6088,0,0,0.0001,0,0,0.0001,0.0002,0.0001,0,0.0002,0,0.0003,0.0001,0.0001,0.0001,0.0002,0.0001,0.0001,0.0002,0.0002,0,0,0.2164,0.1314,0.2164,0.1314,
0.3761,1.1284,0.3761,0.3761,0,0.7523,0.3761,0.3761,2.633,0.3761,0.7523,0.3761,0.3761,0.7523,1.8807,0.7523,0,2.2569,0,0,0,0.0001,0,0,0,0.0001,0,0,0.0002,0,0.0001,0,0,0.0001,0.0001,0.0001,0,0.0002,0,0,0.3203,0.3036,0.3203,0.3036,
0.639,1.278,0.639,0.639,2.5561,0.639,0,0,0.639,0.639,1.278,0,0.639,0.639,0,0,1.278,2.5561,0.639,0.639,0,0.0001,0,0,0.0001,0,0,0,0,0,0.0001,0,0,0,0,0,0.0001,0.0001,0,0,0.1945,0.1664,0.1945,0.1664,
0,2.4236,0.9694,0.4847,0.9694,0,0.4847,2.4236,0.4847,0.4847,0.4847,0.4847,0.4847,0.4847,0.4847,0.4847,0.4847,0.9694,0.9694,1.4541,0,0.0001,0,0,0,0,0,0.0001,0,0,0,0,0,0,0,0,0,0,0,0.0001,0.2591,0.2562,0.2591,0.2562,
1.5111,0.7556,0.7556,1.1333,0.3778,1.1333,0.7556,1.1333,0.7556,0.7556,0.3778,1.1333,1.1333,0.3778,1.1333,1.1333,1.5111,0.7556,0.3778,0.3778,0.0001,0,0,0.0001,0,0.0001,0,0.0001,0,0,0,0.0001,0.0001,0,0.0001,0.0001,0.0001,0,0,0,0.3175,0.3047,0.3175,0.3047,
0,0.4243,0.4243,0.8487,0.4243,0,0.4243,1.273,0.8487,1.6974,0.8487,0,0.4243,0,1.273,0.8487,0.8487,0.8487,0.8487,0.8487,0,0,0,0.0001,0,0,0,0.0001,0.0001,0.0001,0.0001,0,0,0,0.0001,0.0001,0.0001,0.0001,0.0001,0.0001,0.2987,0.277,0.2987,0.277,
0.6993,0.6993,0.6993,0,0.6993,2.098,0,0.6993,0.6993,1.3986,0,0,1.3986,0,0,2.7973,0.6993,0,0,0.6993,0,0,0,0,0,0.0001,0,0,0,0.0001,0,0,0.0001,0,0,0.0002,0,0,0,0,0.1605,0.1402,0.1605,0.1402,
1.1256,1.8761,0.7504,0.3752,1.1256,1.1256,1.1256,0.3752,0.7504,2.2513,1.1256,0.7504,0.7504,1.5009,0.7504,0,0.7504,0.3752,0.7504,0.7504,0,0.0001,0,0,0,0,0,0,0,0.0001,0,0,0,0.0001,0,0,0,0,0,0,0.3512,0.2736,0.3512,0.2736,
0.7573,0,0.3787,0.3787,1.136,0.3787,0.7573,1.136,0,0.7573,2.272,2.272,1.136,0.7573,1.5146,1.136,1.136,0.3787,1.5146,0.3787,0,0,0,0,0.0001,0,0,0.0001,0,0,0.0001,0.0001,0.0001,0,0.0001,0.0001,0.0001,0,0.0001,0,0.3044,0.317,0.3044,0.317,
0.645,0,0,0,2.58,0.645,0,5.1601,0.645,3.8701,0.645,0,0,0.645,0,3.2251,1.29,0,0,0.645,0,0,0,0,0.0001,0,0,0.0003,0,0.0002,0,0,0,0,0,0.0002,0.0001,0,0,0,0.1786,0.1763,0.1786,0.1763,
0.3579,0.3579,0.3579,1.4316,0.3579,0.3579,0,0.3579,1.0737,0.7158,0,0,0.3579,2.5053,1.0737,0.3579,0,0.7158,3.2211,0.3579,0,0,0,0.0001,0,0,0,0,0.0001,0,0,0,0,0.0002,0.0001,0,0,0,0.0002,0,0.2988,0.3433,0.2988,0.3433,
0,1.274,0.4247,0.4247,1.274,0.4247,1.6986,1.274,0,0.8493,1.274,0,1.274,1.274,1.6986,1.274,0.8493,0.8493,0,0,0,0.0001,0,0,0.0001,0,0.0001,0.0001,0,0,0.0001,0,0.0001,0.0001,0.0001,0.0001,0,0,0,0,0.2902,0.2851,0.2902,0.2851,
0.4222,0.8444,0,0.8444,1.6888,0.8444,0.4222,1.2666,2.5332,0.8444,0.8444,1.6888,0.4222,0.8444,0.8444,0,1.2666,0,1.2666,0.4222,0,0,0,0,0.0001,0,0,0.0001,0.0001,0,0,0.0001,0,0,0,0,0.0001,0,0.0001,0,0.2853,0.2925,0.2853,0.2925,
1.8117,0,0.9058,0.4529,3.1704,0.4529,0,1.3587,0.4529,3.1704,0.4529,0.4529,1.3587,0.4529,0.4529,1.8117,1.8117,0.4529,0.4529,0.4529,0.0001,0,0,0,0.0002,0,0,0.0001,0,0.0002,0,0,0.0001,0,0,0.0001,0.0001,0,0,0,0.2713,0.2758,0.2713,0.2758,
0.8495,0.8495,1.2742,1.6989,0.4247,1.2742,0,1.2742,0.8495,1.2742,0,0.4247,0,0,0,2.1236,0.8495,1.2742,0.4247,0.4247,0,0,0.0001,0.0001,0,0.0001,0,0.0001,0,0.0001,0,0,0,0,0,0.0001,0,0.0001,0,0,0.2866,0.2887,0.2866,0.2887,
2.7167,0,0.5433,0.5433,2.1734,0.5433,0,2.7167,1.0867,2.1734,0.5433,0,1.0867,0,0.5433,0.5433,1.0867,0,0,0.5433,0.0002,0,0,0,0.0002,0,0,0.0002,0.0001,0.0002,0,0,0.0001,0,0,0,0.0001,0,0,0,0.2336,0.2231,0.2336,0.2231,
0.9028,0,1.8056,0.9028,0,0,0,0.9028,1.3542,0.9028,0,0,1.3542,0.4514,0,1.3542,0,0.9028,0,1.8056,0.0001,0,0.0001,0.0001,0,0,0,0.0001,0.0001,0.0001,0,0,0.0001,0,0,0.0001,0,0.0001,0,0.0001,0.2622,0.2864,0.2622,0.2864,
1.012,1.012,0.506,0.506,0,0.506,0.506,0,1.012,0.506,1.012,0.506,1.518,0.506,1.012,0.506,0.506,0,1.518,1.012,0.0001,0.0001,0,0,0,0,0,0,0.0001,0,0.0001,0,0.0001,0,0.0001,0,0,0,0.0001,0.0001,0.2516,0.2424,0.2516,0.2424,
1.0618,0,0,0.5309,1.5927,2.6544,0,1.5927,0,4.2471,0.5309,0.5309,1.0618,1.0618,1.0618,0,0.5309,2.1235,0,1.0618,0.0001,0,0,0,0.0001,0.0002,0,0.0001,0,0.0003,0,0,0.0001,0.0001,0.0001,0,0,0.0001,0,0.0001,0.2208,0.2483,0.2208,0.2483,
0.3426,1.0277,0.3426,1.7128,0,0.3426,0.3426,0.6851,2.0554,1.3702,0.3426,1.7128,0.6851,0,2.3979,0.3426,1.7128,0.6851,0,0.6851,0,0.0001,0,0.0001,0,0,0,0,0.0001,0.0001,0,0.0001,0,0,0.0001,0,0.0001,0,0,0,0.3153,0.3421,0.3153,0.3421,
3.6899,0,0.4612,0.9225,0.4612,0.9225,0,0.4612,1.3837,3.2286,0,0.9225,0.4612,0,0,2.3062,2.3062,1.8449,0,0.4612,0.0002,0,0,0.0001,0,0.0001,0,0,0.0001,0.0002,0,0.0001,0,0,0,0.0001,0.0001,0.0001,0,0,0.2776,0.2611,0.2776,0.2611,
0.4093,0.4093,0.4093,0.8186,0,1.6373,0.4093,0.8186,0.8186,0.8186,1.228,0,1.6373,0.8186,1.228,0.4093,0.8186,1.228,0.4093,0.8186,0,0,0,0.0001,0,0.0001,0,0.0001,0.0001,0.0001,0.0001,0,0.0001,0.0001,0.0001,0,0.0001,0.0001,0,0.0001,0.2965,0.2942,0.2965,0.2942,
0,1.6862,0.4215,1.6862,0.4215,2.1077,0.4215,0.4215,0.8431,0.8431,0.8431,0.4215,1.2646,0,0.4215,0.8431,1.2646,0.8431,0,1.6862,0,0.0001,0,0.0001,0,0.0001,0,0,0,0,0,0,0.0001,0,0,0,0.0001,0,0,0.0001,0.2485,0.33,0.2485,0.33,
2.8607,0,0,0,1.1443,4.5771,0,2.8607,0,1.7164,0.5721,0,0.5721,0,0.5721,2.2886,1.1443,2.8607,0.5721,1.1443,0.0001,0,0,0,0.0001,0.0002,0,0.0001,0,0.0001,0,0,0,0,0,0.0001,0.0001,0.0001,0,0.0001,0.2079,0.22,0.2079,0.22,
2.445,0,0.978,0.489,1.956,0,0,1.467,0.489,4.4011,0.489,0,2.445,0.489,0.489,1.467,0,2.445,0.489,0.489,0.0001,0,0.0001,0,0.0001,0,0,0.0001,0,0.0002,0,0,0.0001,0,0,0.0001,0,0.0001,0,0,0.2665,0.2445,0.2665,0.2445,
2.1133,0,0.7044,0,0,1.4089,0.7044,0.7044,0,1.4089,0,0,0,0.7044,0.7044,0.7044,0.7044,0.7044,0,0,0.0002,0,0.0001,0,0,0.0002,0.0001,0.0001,0,0.0002,0,0,0,0.0001,0.0001,0.0001,0.0001,0.0001,0,0,0.1654,0.1302,0.1654,0.1302,
0,0,0.5104,0.5104,2.0414,1.0207,0,0.5104,0,4.0829,0.5104,3.0622,1.5311,1.0207,1.0207,1.5311,0.5104,2.0414,0,1.0207,0,0,0,0,0.0001,0.0001,0,0,0,0.0002,0,0.0002,0.0001,0.0001,0.0001,0.0001,0,0.0001,0,0.0001,0.2222,0.2674,0.2222,0.2674,
2.9988,0,1.1995,0.5998,1.1995,0.5998,0.5998,0,0,0.5998,0,0,0,0,0.5998,0,0.5998,0,0,0,0.0003,0,0.0001,0.0001,0.0001,0.0001,0.0001,0,0,0.0001,0,0,0,0,0.0001,0,0.0001,0,0,0,0.1834,0.2168,0.1834,0.2168,
0.6742,0,0.6742,1.3485,0,0.6742,0,0.6742,0,0.6742,2.0227,0.6742,0,0.6742,0.6742,1.3485,0.6742,0,0,0.6742,0.0001,0,0.0001,0.0001,0,0.0001,0,0.0001,0,0.0001,0.0002,0.0001,0,0.0001,0.0001,0.0001,0.0001,0,0,0.0001,0.1483,0.1774,0.1483,0.1774,
0,0,0,0,1.4253,1.4253,0,0.7127,0.7127,0,0.7127,1.4253,0,0,0,1.4253,0,0,0.7127,0,0,0,0,0,0.0001,0.0001,0,0.0001,0.0001,0,0.0001,0.0001,0,0,0,0.0001,0,0,0.0001,0,0.1675,0.1198,0.1675,0.1198,
1.3612,0.4537,1.3612,0,0.4537,0.9075,0.9075,0.4537,0.9075,1.815,0,0.4537,0.4537,1.3612,0,0.9075,0.4537,0.9075,1.3612,0.4537,0.0001,0,0.0001,0,0,0.0001,0.0001,0,0.0001,0.0001,0,0,0,0.0001,0,0.0001,0,0.0001,0.0001,0,0.2779,0.2683,0.2779,0.2683,
0,0,0,1.3653,0.6826,1.3653,0,0,0,0.6826,0.6826,0,1.3653,0,0.6826,1.3653,0,0.6826,0.6826,0,0,0,0,0.0002,0.0001,0.0002,0,0,0,0.0001,0.0001,0,0.0002,0,0.0001,0.0002,0,0.0001,0.0001,0,0.1849,0.1324,0.1849,0.1324,
0.7033,0,0,0.3516,0.3516,0.7033,0.3516,0.7033,1.7582,1.0549,0.7033,1.7582,0.3516,0.3516,3.5164,0.3516,0.3516,0.7033,0,0.3516,0.0001,0,0,0,0,0.0001,0,0.0001,0.0002,0.0001,0.0001,0.0002,0,0,0.0003,0,0,0.0001,0,0,0.3593,0.289,0.3593,0.289,
1.1341,0.7561,0.7561,1.1341,0,0.378,0.7561,0.7561,0.378,0.7561,1.1341,1.1341,0.378,1.5121,1.1341,0.378,0.7561,1.1341,1.5121,1.1341,0.0001,0,0,0.0001,0,0,0,0,0,0,0.0001,0.0001,0,0.0001,0.0001,0,0,0.0001,0.0001,0.0001,0.3126,0.3094,0.3126,0.3094,
0.4092,0,0,0.4092,1.2277,0.8185,0.4092,0.8185,1.637,0.4092,1.2277,1.2277,0.8185,0.8185,1.2277,0.4092,0.8185,0.8185,1.2277,0.4092,0,0,0,0,0.0001,0.0001,0,0.0001,0.0001,0,0.0001,0.0001,0.0001,0.0001,0.0001,0,0.0001,0.0001,0.0001,0,0.32,0.2707,0.32,0.2707,
0,1.4263,0.9508,1.4263,0.4754,0.9508,0,0.4754,1.4263,1.4263,0,0,0.9508,0.4754,1.4263,0,0.4754,0.4754,0,0.9508,0,0.0001,0.0001,0.0001,0,0.0001,0,0,0.0001,0.0001,0,0,0.0001,0,0.0001,0,0,0,0,0.0001,0.2616,0.2629,0.2616,0.2629,
1.2221,0.611,0.611,1.2221,0,0.611,0.611,0.611,0.611,1.8331,0.611,0.611,0.611,0,0,1.2221,1.2221,1.2221,0,1.2221,0.0001,0,0,0.0001,0,0,0,0,0,0.0001,0,0,0,0,0,0.0001,0.0001,0.0001,0,0.0001,0.2187,0.1703,0.2187,0.1703,
0,1.1639,0.388,0,0,0.7759,0.388,1.1639,2.7157,0,1.1639,0.388,0.7759,0.7759,2.3278,0.7759,0,1.9398,0,0,0,0.0001,0,0,0,0.0001,0,0.0001,0.0002,0,0.0001,0,0.0001,0.0001,0.0002,0.0001,0,0.0001,0,0,0.3267,0.2853,0.3267,0.2853,
0.8978,1.7955,0.4489,0,0.8978,0.4489,0.4489,2.6933,0.8978,0.8978,0.4489,1.3466,0.8978,0.4489,0.8978,0,0.4489,1.3466,0,1.7955,0,0.0001,0,0,0,0,0,0.0001,0,0,0,0.0001,0,0,0,0,0,0.0001,0,0.0001,0.2786,0.2725,0.2786,0.2725,
0.4469,0,1.3407,0.4469,0.4469,0.4469,0,1.7876,1.3407,1.3407,0,0.4469,0.4469,1.3407,1.3407,0.8938,0.4469,0.4469,0,0.4469,0,0,0.0001,0,0,0,0,0.0001,0.0001,0.0001,0,0,0,0.0001,0.0001,0.0001,0,0,0,0,0.2978,0.2552,0.2978,0.2552,
0.6758,0,0.6758,2.0273,0,0,0.6758,0,0,0,0,0.6758,0,0,1.3515,0,1.3515,0.6758,0,0,0.0002,0,0.0002,0.0006,0,0,0.0002,0,0,0,0,0.0002,0,0,0.0004,0,0.0004,0.0002,0,0,0.1655,0.1587,0.1655,0.1587,
0.4514,0.9027,0.4514,0.9027,1.3541,1.8054,0.4514,0.4514,0,0.9027,0,0.4514,0.9027,0,0.9027,0.4514,0.9027,0.4514,1.3541,0.4514,0,0,0,0,0.0001,0.0001,0,0,0,0,0,0,0,0,0,0,0,0,0.0001,0,0.2816,0.267,0.2816,0.267,
0,0.7416,0,0,0,0.7416,0.7416,0.7416,0,0.7416,0,0,0,0,0.7416,0,0.7416,0.7416,1.4832,0.7416,0,0.0001,0,0,0,0.0001,0.0001,0.0001,0,0.0001,0,0,0,0,0.0001,0,0.0001,0.0001,0.0001,0.0001,0.1467,0.1117,0.1467,0.1117,
2.1726,0,0,0,0.7242,1.0863,0.3621,0.3621,1.8105,1.0863,0.7242,0.7242,0.3621,0.3621,3.983,1.0863,0.7242,0.3621,0,0,0.0002,0,0,0,0.0001,0.0001,0,0,0.0001,0.0001,0.0001,0.0001,0,0,0.0003,0.0001,0.0001,0,0,0,0.3311,0.3068,0.3311,0.3068,
0.3475,1.0424,1.3899,1.0424,1.0424,0.3475,2.0848,1.3899,1.3899,0.6949,1.0424,1.7373,0.3475,0.6949,0.3475,0.6949,0,0.3475,0.6949,0.6949,0,0.0001,0.0001,0.0001,0.0001,0,0.0001,0.0001,0.0001,0,0.0001,0.0001,0,0,0,0,0,0,0,0,0.3342,0.3183,0.3342,0.3183,
1.8727,0,0.4682,2.809,0.9363,0,0,0.9363,0.9363,1.8727,0.4682,0.4682,0,0,0,0.9363,1.4045,0,0,0.4682,0.0001,0,0,0.0002,0.0001,0,0,0.0001,0.0001,0.0001,0,0,0,0,0,0.0001,0.0001,0,0,0,0.2347,0.2971,0.2347,0.2971,
0,0.7431,0.7431,0.7431,0,0,0,0,0.7431,0,0,1.4862,1.4862,0,1.4862,0,0,0.7431,0,0,0,0.0001,0.0001,0.0001,0,0,0,0,0.0001,0,0,0.0002,0.0002,0,0.0002,0,0,0.0001,0,0,0.1583,0.0985,0.1583,0.0985,
1.4231,0.3558,1.4231,0.3558,0.3558,0.7116,0.3558,1.7789,2.1347,0.3558,0.7116,1.0673,0.7116,0.3558,0.7116,0,0.7116,0.3558,0.3558,0.3558,0.0001,0,0.0001,0,0,0,0,0.0001,0.0001,0,0,0.0001,0,0,0,0,0,0,0,0,0.3265,0.3177,0.3265,0.3177,
0.606,3.6358,0.606,0.606,0.606,2.4239,0,2.4239,1.2119,0,0,0.606,1.2119,0,0,1.2119,1.2119,1.8179,0,0.606,0,0.0001,0,0,0,0.0001,0,0.0001,0,0,0,0,0,0,0,0,0,0.0001,0,0,0.2071,0.1869,0.2071,0.1869,
0,0.4786,0.4786,1.4359,0,1.9146,1.4359,0.4786,0.9573,0.9573,1.9146,0.4786,1.4359,0.4786,0.4786,0.4786,0.4786,0,0,0.9573,0,0,0,0.0001,0,0.0002,0.0001,0,0.0001,0.0001,0.0002,0,0.0001,0,0,0,0,0,0,0.0001,0.2383,0.2831,0.2383,0.2831,
0,2.0462,0.6821,0.6821,0.6821,0,0,1.3641,0,0.6821,0.6821,0.6821,0.6821,0.6821,0,0.6821,0,2.0462,0,2.0462,0,0.0001,0,0,0,0,0,0.0001,0,0,0,0,0,0,0,0,0,0.0001,0,0.0001,0.1531,0.1648,0.1531,0.1648,
0,0,0.6769,0.6769,0,0,0,0.6769,0,0.6769,0.6769,0.6769,0,0,1.3537,0,0.6769,0,0.6769,0.6769,0,0,0.0001,0.0001,0,0,0,0.0001,0,0.0001,0.0001,0.0001,0,0,0.0002,0,0.0001,0,0.0001,0.0001,0.1789,0.1442,0.1789,0.1442,
0.3902,0.7805,1.5609,0.7805,0.7805,1.9512,0.3902,0.7805,0,0.7805,0.3902,0.3902,1.9512,0.3902,0.7805,1.1707,0.3902,1.9512,0.7805,0.7805,0,0,0.0001,0,0,0.0001,0,0,0,0,0,0,0.0001,0,0,0.0001,0,0.0001,0,0,0.3352,0.2746,0.3352,0.2746,
1.4974,0,1.4974,0,1.4974,1.4974,1.9965,0,0,0,0.9983,0,0,0,0.9983,0.4991,0.9983,0.4991,0.4991,0,0.0001,0,0.0001,0,0.0001,0.0001,0.0002,0,0,0,0.0001,0,0,0,0.0001,0,0.0001,0,0,0,0.2597,0.2411,0.2597,0.2411,
1.7579,0,0,0.879,0.4395,0.879,0,0.4395,1.3184,0.879,0.4395,0.879,0,0.879,1.3184,0.4395,2.6369,0,0,1.3184,0.0002,0,0,0.0001,0,0.0001,0,0,0.0001,0.0001,0,0.0001,0,0.0001,0.0001,0,0.0002,0,0,0.0001,0.3007,0.2598,0.3007,0.2598,
0.4162,0.8323,0,1.6646,0.4162,0,0.4162,0,1.2485,0.4162,0,0.8323,0.8323,0.8323,1.6646,1.2485,0.8323,0.8323,1.6646,0.4162,0,0.0001,0,0.0001,0,0,0,0,0.0001,0,0,0.0001,0.0001,0.0001,0.0001,0.0001,0.0001,0.0001,0.0001,0,0.3031,0.2808,0.3031,0.2808,
0.7134,0,0.7134,0,0.7134,2.8537,0,0,0,1.4268,0,0.7134,0,0,0.7134,2.1402,0.7134,0,0,0,0.0001,0,0.0001,0,0.0001,0.0002,0,0,0,0.0001,0,0.0001,0,0,0.0001,0.0002,0.0001,0,0,0,0.1354,0.1511,0.1354,0.1511,
0.4695,0.4695,0.939,1.8779,1.8779,1.4085,0.4695,1.8779,0.4695,1.8779,0.4695,0,0.939,0.939,0.4695,1.4085,1.8779,1.4085,0,0.939,0,0,0,0.0001,0.0001,0.0001,0,0.0001,0,0.0001,0,0,0,0,0,0.0001,0.0001,0.0001,0,0,0.2516,0.2789,0.2516,0.2789,
1.9013,0.7605,0,0.3803,0.7605,1.1408,0.3803,1.1408,1.1408,0.7605,1.9013,0.3803,0.7605,0.3803,1.1408,0.3803,1.521,1.9013,0.3803,1.9013,0.0001,0,0,0,0,0.0001,0,0.0001,0.0001,0,0.0001,0,0,0,0.0001,0,0.0001,0.0001,0,0.0001,0.3278,0.2919,0.3278,0.2919,
0.7266,0,1.4531,0,0.7266,0,0,0.7266,0,0,0,0,2.1797,0,0.7266,1.4531,0,0,0,0,0.0001,0,0.0002,0,0.0001,0,0,0.0001,0,0,0,0,0.0003,0,0.0001,0.0002,0,0,0,0,0.1145,0.1589,0.1145,0.1589,
0,0,0.5905,0,1.181,0,0,2.3619,0.5905,2.3619,0.5905,1.7715,1.181,0,0.5905,3.5429,0,1.181,0,0.5905,0,0,0,0,0.0001,0,0,0.0001,0,0.0001,0,0.0001,0.0001,0,0,0.0002,0,0.0001,0,0,0.1952,0.2143,0.1952,0.2143,
0,0.6911,0,0,1.3822,0.6911,0.6911,0,0,0,1.3822,0.6911,0.6911,0.6911,0.6911,0,1.3822,0,0.6911,0.6911,0,0.0001,0,0,0.0001,0.0001,0.0001,0,0,0,0.0001,0.0001,0.0001,0.0001,0.0001,0,0.0001,0,0.0001,0.0001,0.1338,0.1751,0.1338,0.1751,
0.3257,1.303,0,1.303,0.3257,0.3257,0.9772,0.3257,3.909,0.9772,0.6515,0.6515,0.3257,0.3257,0.6515,1.9545,0.6515,0.6515,0,0.6515,0,0.0001,0,0.0001,0,0,0,0,0.0002,0,0,0,0,0,0,0.0001,0,0,0,0,0.3168,0.3574,0.3168,0.3574,
1.8032,0,0.9016,0.4508,1.3524,0.9016,0,0.9016,0.4508,4.5081,0.4508,0.4508,0.9016,0,0.9016,1.3524,1.3524,0.9016,0.4508,0.4508,0.0001,0,0,0,0.0001,0,0,0,0,0.0002,0,0,0,0,0,0.0001,0.0001,0,0,0,0.2653,0.2839,0.2653,0.2839,
0.4295,1.2886,0.8591,0.8591,1.2886,1.2886,0,0.4295,1.2886,0.4295,0.4295,0.8591,0.4295,0.4295,0.4295,0.4295,0,1.2886,0.4295,1.2886,0,0.0001,0,0,0.0001,0.0001,0,0,0.0001,0,0,0,0,0,0,0,0,0.0001,0,0.0001,0.2696,0.3008,0.2696,0.3008,
1.6009,0,0.4002,0.4002,2.8016,0.4002,0.4002,2.8016,0.8004,1.2007,1.2007,0.8004,1.2007,0,0.8004,1.2007,0.8004,0.4002,0.4002,0,0.0001,0,0,0,0.0002,0,0,0.0002,0,0.0001,0.0001,0,0.0001,0,0,0.0001,0,0,0,0,0.2844,0.3154,0.2844,0.3154,
1.308,0,0,0,0.327,0.981,0,1.308,2.2891,0.981,0.654,0.327,0.327,0.654,3.2701,1.308,1.635,0.327,0,0,0.0001,0,0,0,0,0.0001,0,0.0001,0.0002,0.0001,0.0001,0,0,0.0001,0.0003,0.0001,0.0001,0,0,0,0.3472,0.3258,0.3472,0.3258,
0.4093,0,0.8186,0.8186,1.6371,0.8186,0.4093,0.4093,0.8186,0,2.4557,2.0464,1.2278,0,0,0.4093,1.2278,0.4093,1.6371,0.8186,0,0,0,0,0.0001,0,0,0,0,0,0.0001,0.0001,0.0001,0,0,0,0.0001,0,0.0001,0,0.2803,0.3104,0.2803,0.3104,
0.9707,1.4561,0.4854,0.9707,0.9707,0.4854,0,0,0,0,0.4854,0.9707,2.9122,0.9707,1.4561,0,0.9707,0.9707,1.9415,0.4854,0,0.0001,0,0,0,0,0,0,0,0,0,0,0.0001,0,0.0001,0,0,0,0.0001,0,0.2551,0.2596,0.2551,0.2596,
0.7495,0.7495,0,0,1.4991,0.7495,0,0,0.7495,0.7495,0,0.7495,0,0.7495,0,0,0,0,0.7495,0,0.0001,0.0001,0,0,0.0001,0.0001,0,0,0.0001,0.0001,0,0.0001,0,0.0001,0,0,0,0,0.0001,0,0.1294,0.1211,0.1294,0.1211,
1.8905,0,0.4726,0.4726,2.3632,0.9453,0.4726,1.8905,0.4726,3.3084,0.4726,0.4726,1.8905,0.4726,0.4726,0.4726,0.9453,1.4179,0.4726,0.4726,0.0001,0,0,0,0.0001,0.0001,0,0.0001,0,0.0002,0,0,0.0001,0,0,0,0.0001,0.0001,0,0,0.2547,0.2727,0.2547,0.2727,
0.4104,2.4622,2.0518,0.4104,0,2.0518,0,1.6414,2.0518,0,0,1.2311,0.8207,0.8207,0.8207,0.4104,1.2311,0.4104,0,0,0,0.0001,0.0001,0,0,0.0001,0,0.0001,0.0001,0,0,0.0001,0,0,0,0,0.0001,0,0,0,0.3266,0.263,0.3266,0.263,
1.067,0.3557,0.3557,0,0,1.067,0.3557,1.067,2.4897,1.067,0.3557,0.7113,0.3557,0.7113,2.4897,0.3557,0.3557,0.7113,0,0.7113,0.0001,0,0,0,0,0.0001,0,0.0001,0.0002,0.0001,0,0.0001,0,0.0001,0.0002,0,0,0.0001,0,0.0001,0.3574,0.2869,0.3574,0.2869,
0,0.7428,0.7428,0,0,0.7428,0.7428,0.7428,0,0.7428,0,0.7428,0,0,0,0,0.7428,0,1.4857,0.7428,0,0.0001,0.0001,0,0,0.0001,0.0001,0.0001,0,0.0001,0,0.0001,0,0,0,0,0.0001,0,0.0001,0.0001,0.1492,0.108,0.1492,0.108,
0.773,1.1595,0.3865,0,0,0.773,0.773,0.773,1.9325,0,1.1595,0.3865,0.3865,0.773,2.7055,0.3865,0,1.9325,0,0,0.0001,0.0001,0,0,0,0.0001,0.0001,0.0001,0.0001,0,0.0001,0,0,0.0001,0.0002,0,0,0.0001,0,0,0.3157,0.2978,0.3157,0.2978,
0,0,0.7064,2.1191,0,0.7064,0,0,0,0.7064,0,0.7064,0.7064,1.4127,0,0,0,0,0.7064,0,0,0,0.0001,0.0003,0,0.0001,0,0,0,0.0001,0,0.0001,0.0001,0.0002,0,0,0,0,0.0001,0,0.1413,0.1523,0.1413,0.1523,
1.1099,0.37,1.1099,0.7399,0.7399,1.1099,0,0.37,1.4798,0.7399,1.8498,1.8498,1.4798,1.4798,1.4798,0,0.37,0.37,0.37,1.1099,0.0001,0,0.0001,0.0001,0.0001,0.0001,0,0,0.0001,0.0001,0.0001,0.0001,0.0001,0.0001,0.0001,0,0,0,0,0.0001,0.3725,0.2575,0.3725,0.2575,
1.4602,0,0.4867,0,1.947,0.9735,0.4867,2.9204,0,1.4602,0.9735,0,0.9735,0.9735,1.4602,0.9735,1.4602,1.4602,0.4867,0.4867,0.0001,0,0,0,0.0001,0.0001,0,0.0002,0,0.0001,0.0001,0,0.0001,0.0001,0.0001,0.0001,0.0001,0.0001,0,0,0.2322,0.2811,0.2322,0.2811,
1.6056,1.2042,0.8028,0.8028,0,0.4014,0.8028,2.007,0.8028,0,0.4014,0.4014,0.8028,0.4014,0.8028,0.4014,0.8028,1.2042,0.8028,0.8028,0.0001,0.0001,0,0,0,0,0,0.0001,0,0,0,0,0,0,0,0,0,0.0001,0,0,0.3231,0.2755,0.3231,0.2755,
1.2483,2.0806,1.2483,0,0,0.4161,1.6645,1.6645,0.8322,0.8322,1.6645,0.8322,1.2483,0.4161,0.8322,1.2483,0.4161,1.2483,1.2483,0.4161,0.0001,0.0001,0.0001,0,0,0,0.0001,0.0001,0,0,0.0001,0,0.0001,0,0,0.0001,0,0.0001,0.0001,0,0.3251,0.2588,0.3251,0.2588,
0,0,0,0.6648,0,1.3296,0.6648,0.6648,0,0.6648,0.6648,0.6648,0.6648,0.6648,0,0.6648,0,0,1.3296,0.6648,0,0,0,0.0001,0,0.0001,0.0001,0.0001,0,0.0001,0.0001,0.0001,0.0001,0.0001,0,0.0001,0,0,0.0001,0.0001,0.1797,0.1554,0.1797,0.1554,
0.683,0.683,1.0246,1.0246,1.7076,0.3415,1.0246,0.683,1.3661,1.0246,0,0.683,0.3415,0.683,0.683,0.683,1.0246,0.683,0.683,1.3661,0,0,0.0001,0.0001,0.0001,0,0.0001,0,0.0001,0.0001,0,0,0,0,0,0,0.0001,0,0,0.0001,0.3589,0.2996,0.3589,0.2996,
0.4759,0,0.4759,0.4759,1.4276,0.9517,0,0.4759,0,3.8068,0.4759,2.3793,0.9517,0.4759,1.4276,1.9034,0.4759,1.4276,0,0.9517,0,0,0,0,0.0001,0.0001,0,0,0,0.0002,0,0.0001,0.0001,0,0.0001,0.0001,0,0.0001,0,0.0001,0.2449,0.2792,0.2449,0.2792,
0,0.8547,0,0.4273,0.8547,0.4273,0.8547,0.8547,0.4273,2.9914,0.8547,1.7094,0,1.282,1.282,1.7094,0.8547,0.4273,0,0,0,0.0001,0,0,0.0001,0,0.0001,0.0001,0,0.0002,0.0001,0.0001,0,0.0001,0.0001,0.0001,0.0001,0,0,0,0.2594,0.3133,0.2594,0.3133,
0,1.2292,0.4097,0.4097,0.8195,1.639,0.4097,0.4097,0.8195,1.2292,0.4097,0.4097,0.8195,0.8195,1.639,1.639,0.4097,0.8195,1.2292,1.2292,0,0.0001,0,0,0,0.0001,0,0,0,0.0001,0,0,0,0,0.0001,0.0001,0,0,0.0001,0.0001,0.2701,0.3201,0.2701,0.3201,
0.7549,0.7549,0.3774,1.1323,1.5098,0.3774,1.5098,0.7549,0.7549,1.1323,1.5098,0.7549,0,0.7549,0.3774,0.7549,1.5098,0,0.7549,1.1323,0,0,0,0.0001,0.0001,0,0.0001,0,0,0.0001,0.0001,0,0,0,0,0,0.0001,0,0,0.0001,0.3278,0.2948,0.3278,0.2948,
0,0,1.0575,0,1.0575,0.5287,0,3.1725,1.0575,1.5862,1.5862,1.5862,0.5287,0,0.5287,1.0575,0.5287,1.5862,0.5287,1.0575,0,0,0.0001,0,0.0001,0,0,0.0002,0.0001,0.0001,0.0001,0.0001,0,0,0,0.0001,0,0.0001,0,0.0001,0.2167,0.2545,0.2167,0.2545,
1.209,1.209,0.6045,0.6045,0,1.209,0.6045,0.6045,0,0,0.6045,1.8135,0,0.6045,0.6045,0.6045,0,1.8135,0,0,0.0001,0.0001,0,0,0,0.0001,0,0,0,0,0,0.0001,0,0,0,0,0,0.0001,0,0,0.1976,0.1979,0.1976,0.1979,
0.5097,1.0194,1.0194,0,4.5874,2.0388,0.5097,0.5097,0,6.1165,0.5097,0.5097,0.5097,1.0194,0.5097,0,0.5097,1.5291,1.0194,0,0,0.0001,0.0001,0,0.0002,0.0001,0,0,0,0.0003,0,0,0,0.0001,0,0,0,0.0001,0.0001,0,0.2617,0.2286,0.2617,0.2286,
0,0,1.2038,0.6019,0.6019,3.0096,0,0,0.6019,0.6019,1.2038,0,0.6019,0,0.6019,0.6019,0,0,0.6019,0,0,0,0.0001,0.0001,0.0001,0.0003,0,0,0.0001,0.0001,0.0001,0,0.0001,0,0.0001,0.0001,0,0,0.0001,0,0.2357,0.1624,0.2357,0.1624,
2.3976,0,0,1.5984,0.3996,1.998,0.3996,0.3996,2.3976,0.3996,0.7992,2.7972,0.7992,1.5984,1.1988,0.7992,1.1988,0,0,0.3996,0.0002,0,0,0.0001,0,0.0001,0,0,0.0002,0,0.0001,0.0002,0.0001,0.0001,0.0001,0.0001,0.0001,0,0,0,0.2571,0.3433,0.2571,0.3433,
0.7262,0,0,0.7262,0,0.7262,0.7262,0,0.7262,1.4524,0,0.7262,0.7262,2.1786,0,0,0,0.7262,0,0.7262,0.0001,0,0,0.0001,0,0.0001,0.0001,0,0.0001,0.0002,0,0.0001,0.0001,0.0003,0,0,0,0.0001,0,0.0001,0.1488,0.125,0.1488,0.125,
0,0.5358,1.0716,0,0.5358,0,1.0716,2.1432,1.0716,0.5358,0.5358,1.6074,0.5358,0,0.5358,0.5358,0.5358,1.0716,0.5358,0,0,0,0.0001,0,0,0,0.0001,0.0001,0.0001,0,0,0.0001,0,0,0,0,0,0.0001,0,0,0.2473,0.2169,0.2473,0.2169,
0.5107,0.5107,1.0213,0.5107,3.5747,0,0.5107,0.5107,0.5107,1.0213,0.5107,1.532,0.5107,0.5107,0,1.532,1.532,1.0213,1.0213,1.532,0,0,0.0001,0,0.0002,0,0,0,0,0.0001,0,0.0001,0,0,0,0.0001,0.0001,0.0001,0.0001,0.0001,0.2737,0.2156,0.2737,0.2156,
0.5367,0,0.5367,0.5367,2.1468,0.5367,0,0.5367,0,3.2202,0.5367,3.2202,1.0734,1.0734,0.5367,1.6101,1.0734,1.6101,0.5367,1.0734,0,0,0,0,0.0001,0,0,0,0,0.0002,0,0.0002,0.0001,0.0001,0,0.0001,0.0001,0.0001,0,0.0001,0.2367,0.2266,0.2367,0.2266,
0.7298,0.3649,0.3649,0.3649,0.7298,0.7298,1.4595,1.0947,0,0.7298,0.3649,1.0947,1.4595,1.4595,1.4595,0.7298,0.7298,1.0947,1.0947,0.7298,0,0,0,0,0,0,0.0001,0.0001,0,0,0,0.0001,0.0001,0.0001,0.0001,0,0,0.0001,0.0001,0,0.3329,0.3023,0.3329,0.3023,
0.817,0.817,0.817,0.817,0.4085,0.4085,0.817,0.817,0,0.4085,0.817,0.817,0,2.0426,1.2256,0.4085,1.2256,1.6341,1.2256,0.4085,0.0001,0.0001,0.0001,0.0001,0,0,0.0001,0.0001,0,0,0.0001,0.0001,0,0.0001,0.0001,0,0.0001,0.0001,0.0001,0,0.2929,0.2986,0.2929,0.2986,
1.8684,0.9342,1.4013,1.4013,0.4671,0.9342,0,0,0,3.7368,0.9342,0,0.9342,0.9342,0,2.8026,1.4013,1.8684,0,0.4671,0.0001,0,0.0001,0.0001,0,0,0,0,0,0.0002,0,0,0,0,0,0.0001,0.0001,0.0001,0,0,0.257,0.2759,0.257,0.2759,
0,0.5683,1.1365,0.5683,0,1.1365,1.1365,1.1365,0,1.1365,0.5683,0.5683,1.1365,0,0,1.1365,1.1365,0.5683,0,1.7048,0,0,0.0001,0,0,0.0001,0.0001,0.0001,0,0.0001,0,0,0.0001,0,0,0.0001,0.0001,0,0,0.0001,0.2523,0.1794,0.2523,0.1794,
0,1.4398,0,1.0799,0,0,1.0799,1.0799,2.1597,1.7998,0.36,1.4398,0,0.36,1.4398,1.4398,2.1597,0.7199,0,0.7199,0,0.0001,0,0.0001,0,0,0.0001,0.0001,0.0001,0.0001,0,0.0001,0,0,0.0001,0.0001,0.0001,0,0,0,0.3153,0.3247,0.3153,0.3247,
0.5453,1.0907,1.0907,0.5453,0,0,0.5453,0.5453,1.0907,0,1.0907,0.5453,1.636,0,0.5453,1.636,1.0907,0,0.5453,0.5453,0,0.0001,0.0001,0,0,0,0,0,0.0001,0,0.0001,0,0.0001,0,0,0.0001,0.0001,0,0,0,0.2281,0.2266,0.2281,0.2266,
0.555,0,0.555,0,1.11,2.2199,0.555,1.6649,0,1.6649,1.11,0,0,0,0.555,1.11,1.11,2.7749,1.11,0,0,0,0,0,0.0001,0.0001,0,0.0001,0,0.0001,0.0001,0,0,0,0,0.0001,0.0001,0.0002,0.0001,0,0.243,0.202,0.243,0.202,
1.212,0,0,0,1.8181,1.212,0,3.0301,0.606,4.2421,0.606,0,0,0,0.606,1.8181,2.4241,0.606,0,0.606,0.0001,0,0,0,0.0001,0.0001,0,0.0002,0,0.0003,0,0,0,0,0,0.0001,0.0002,0,0,0,0.2239,0.1701,0.2239,0.1701,
0,0.4841,1.4522,0,0.9681,0.4841,0.9681,0.9681,0.4841,0.4841,0.4841,1.4522,0.9681,0.9681,0.4841,0.4841,0,0,0.9681,1.9362,0,0,0.0001,0,0.0001,0,0.0001,0.0001,0,0,0,0.0001,0.0001,0.0001,0,0,0,0,0.0001,0.0001,0.2869,0.229,0.2869,0.229,
0.4999,0,0,0.9997,1.9994,0.4999,0,0.4999,0.4999,3.499,0.4999,2.9991,0.4999,0.9997,0.4999,1.9994,0.9997,1.4996,0.4999,0.9997,0,0,0,0.0001,0.0001,0,0,0,0,0.0002,0,0.0002,0,0.0001,0,0.0001,0.0001,0.0001,0,0.0001,0.2512,0.249,0.2512,0.249,
0.3245,0,0.6491,1.6227,0.6491,0.9736,0.3245,0.6491,2.5963,1.9472,0.3245,1.6227,0,0.3245,0.3245,0.9736,0.6491,0.9736,0.6491,0.3245,0,0,0,0.0001,0,0.0001,0,0,0.0002,0.0001,0,0.0001,0,0,0,0.0001,0,0.0001,0,0,0.3342,0.3413,0.3342,0.3413,
0.5353,0.5353,0.5353,1.6058,0,0,0,0.5353,0.5353,0,1.0705,1.0705,0,2.1411,1.0705,0.5353,0,0,1.0705,1.0705,0,0,0,0.0001,0,0,0,0,0,0,0.0001,0.0001,0,0.0002,0.0001,0,0,0,0.0001,0.0001,0.1919,0.2728,0.1919,0.2728,
0,1.2794,0,1.2794,0,0,0,0.6397,0.6397,0.6397,0,1.2794,0.6397,0,0.6397,0.6397,0,1.2794,0,0.6397,0,0.0001,0,0.0001,0,0,0,0,0,0,0,0.0001,0,0,0,0,0,0.0001,0,0,0.2169,0.1434,0.2169,0.1434,
0.4219,1.6876,0.4219,1.6876,0.4219,1.6876,0.8438,0.4219,0.4219,0,0.8438,1.6876,0.8438,0.8438,1.2657,0.4219,0.8438,0,1.2657,0.4219,0,0.0001,0,0.0001,0,0.0001,0,0,0,0,0,0.0001,0,0,0.0001,0,0,0,0.0001,0,0.2642,0.3139,0.2642,0.3139,
1.018,0,0,1.018,2.545,0.509,0,2.036,2.036,2.036,1.018,0,1.018,0.509,0.509,0.509,1.527,1.018,0,0.509,0.0001,0,0,0.0001,0.0002,0,0,0.0002,0.0002,0.0002,0.0001,0,0.0001,0,0,0,0.0001,0.0001,0,0,0.2385,0.2525,0.2385,0.2525,
0.5233,0,0.5233,0,1.0467,4.1867,0,3.6633,0,2.0933,0.5233,0,1.0467,0,0.5233,2.0933,2.0933,1.0467,0.5233,1.0467,0,0,0,0,0.0001,0.0002,0,0.0002,0,0.0001,0,0,0.0001,0,0,0.0001,0.0001,0.0001,0,0.0001,0.2288,0.2479,0.2288,0.2479,
2.863,0,0.5726,1.1452,1.7178,0,0,2.2904,0.5726,1.7178,1.1452,0,1.1452,0,1.1452,1.1452,0,1.7178,0,0.5726,0.0002,0,0,0.0001,0.0001,0,0,0.0002,0,0.0001,0.0001,0,0.0001,0,0.0001,0.0001,0,0.0001,0,0,0.2254,0.202,0.2254,0.202,
0.4664,0.4664,0.9328,1.3993,0,1.3993,0,0.4664,0.4664,0.4664,0.4664,0,0,1.8657,0,0.9328,2.3321,0.9328,1.8657,0.4664,0,0,0.0001,0.0001,0,0.0001,0,0,0,0,0,0,0,0.0001,0,0.0001,0.0002,0.0001,0.0001,0,0.2569,0.2767,0.2569,0.2767,
0.7284,1.0926,0.3642,0,0,0.3642,0.3642,0.7284,2.1853,0,0.7284,0.7284,0.3642,0.7284,2.5495,0.3642,0,2.1853,0,0,0,0.0001,0,0,0,0,0,0,0.0001,0,0,0,0,0,0.0002,0,0,0.0001,0,0,0.3441,0.2917,0.3441,0.2917,
1.4332,0.4777,1.4332,0.4777,0.4777,0.4777,1.9109,0.9555,1.4332,1.4332,0.9555,0.9555,0,0,0.9555,0.9555,1.9109,0.4777,0.4777,0,0.0001,0,0.0001,0,0,0,0.0001,0.0001,0.0001,0.0001,0.0001,0.0001,0,0,0.0001,0.0001,0.0001,0,0,0,0.2203,0.3019,0.2203,0.3019,
0,0,0,0.6533,0,0,0,0,0,2.6133,0,1.3066,3.2666,5.2266,0.6533,2.6133,0,0,0,1.96,0,0,0,0,0,0,0,0,0,0.0002,0,0.0001,0.0002,0.0004,0,0.0002,0,0,0,0.0001,0.1684,0.1782,0.1684,0.1782,
0.6764,0,0,0,0.6764,0.6764,0.6764,1.3527,0.6764,0,0,0.6764,0,0,0.6764,0,0,0.6764,0,1.3527,0.0001,0,0,0,0.0001,0.0001,0.0001,0.0002,0.0001,0,0,0.0001,0,0,0.0001,0,0,0.0001,0,0.0002,0.1844,0.1393,0.1844,0.1393,
0,0.6254,0.6254,0.6254,0.6254,0.6254,0.6254,1.2507,1.8761,0.6254,0,0,0,0,0.6254,1.8761,0,0,0.6254,0,0,0.0001,0.0001,0.0001,0.0001,0.0001,0.0001,0.0001,0.0002,0.0001,0,0,0,0,0.0001,0.0002,0,0,0.0001,0,0.1783,0.1964,0.1783,0.1964,
0,0,0.7404,0,0.7404,1.1106,0.7404,1.4808,1.4808,1.1106,1.851,0.7404,0.7404,1.1106,0.3702,0.7404,0.7404,1.4808,1.851,0.7404,0,0,0,0,0,0.0001,0,0.0001,0.0001,0.0001,0.0001,0,0,0.0001,0,0,0,0.0001,0.0001,0,0.2797,0.3501,0.2797,0.3501,
0.4207,2.1034,0.8413,0.4207,0.4207,0.4207,0.4207,1.6827,1.262,0,1.262,0.8413,1.262,1.6827,0.4207,0,0.4207,0.4207,2.1034,0.4207,0,0.0001,0,0,0,0,0,0.0001,0.0001,0,0.0001,0,0.0001,0.0001,0,0,0,0,0.0001,0,0.2987,0.2807,0.2987,0.2807,
0,0.8243,0,0,0,0,0.8243,0,0,0.8243,0,0,0,1.6485,0,0.8243,0.8243,0,1.6485,0.8243,0,0.0001,0,0,0,0,0.0001,0,0,0.0001,0,0,0,0.0002,0,0.0001,0.0001,0,0.0002,0.0001,0.0871,0.0886,0.0871,0.0886,
1.7727,0,0,0,2.3636,0.5909,0.5909,2.9545,1.1818,2.3636,1.1818,0.5909,1.7727,0.5909,0,2.3636,0.5909,2.3636,0,0,0.0001,0,0,0,0.0001,0,0,0.0002,0.0001,0.0001,0.0001,0,0.0001,0,0,0.0001,0,0.0001,0,0,0.2331,0.176,0.2331,0.176,
1.1015,1.4687,0.3672,0.7343,0.7343,0.3672,0.3672,1.8359,0.7343,0.3672,0.3672,0.7343,1.1015,0.3672,1.4687,0.3672,2.5702,0.3672,0,1.1015,0.0001,0.0001,0,0,0,0,0,0.0001,0,0,0,0,0.0001,0,0.0001,0,0.0001,0,0,0.0001,0.3454,0.2874,0.3454,0.2874,
1.5538,0,0.7769,1.1653,0.7769,0.7769,0.3884,0,1.1653,1.1653,0.7769,0.7769,0.7769,1.1653,1.1653,1.1653,0,0.3884,1.1653,1.1653,0.0001,0,0.0001,0.0001,0.0001,0.0001,0,0,0.0001,0.0001,0.0001,0.0001,0.0001,0.0001,0.0001,0.0001,0,0,0.0001,0.0001,0.3307,0.2809,0.3307,0.2809,
2.0527,0,0,0,0.3421,1.3685,0.3421,0.3421,1.7106,1.0264,0.6842,0,0.3421,0.3421,4.1054,0.6842,0.6842,0.6842,0,0.3421,0.0002,0,0,0,0,0.0001,0,0,0.0001,0.0001,0.0001,0,0,0,0.0004,0.0001,0.0001,0.0001,0,0,0.3106,0.3473,0.3106,0.3473,
1.0417,0.5208,1.0417,0,0.5208,2.0834,1.5625,1.0417,1.5625,1.5625,1.0417,0,0.5208,0,0,0.5208,1.0417,0,0.5208,0.5208,0.0001,0,0.0001,0,0,0.0002,0.0001,0.0001,0.0001,0.0001,0.0001,0,0,0,0,0,0.0001,0,0,0,0.286,0.1932,0.286,0.1932,
0.6095,0,1.2191,0,0,0,0.6095,0.6095,0.6095,0.6095,0,0.6095,0,0,1.2191,0,0,0,0.6095,1.2191,0.0001,0,0.0002,0,0,0,0.0001,0.0001,0.0001,0.0001,0,0.0001,0,0,0.0002,0,0,0,0.0001,0.0002,0.2796,0.1109,0.2796,0.1109,
2.2316,1.7853,0.4463,0.4463,0.8926,0.4463,0.8926,2.2316,0.4463,1.339,1.339,0.4463,2.6779,1.7853,0.4463,0.8926,0.8926,0.4463,0.8926,1.339,0.0001,0.0001,0,0,0,0,0,0.0001,0,0.0001,0.0001,0,0.0001,0.0001,0,0,0,0,0,0.0001,0.2885,0.2652,0.2885,0.2652,
0,3.3898,0,1.1299,0.565,1.1299,0,0.565,0.565,0.565,0,1.1299,1.1299,0.565,0.565,1.1299,0.565,1.1299,0,1.6949,0,0.0001,0,0,0,0,0,0,0,0,0,0,0,0,0,0,0,0,0,0.0001,0.2152,0.2199,0.2152,0.2199,
0,0,0.4589,0,0.9178,0,0.4589,1.3766,1.3766,0.9178,1.8355,0.9178,2.2944,0.4589,1.3766,0.4589,0.4589,0.9178,1.3766,0.4589,0,0,0,0,0.0001,0,0,0.0001,0.0001,0.0001,0.0001,0.0001,0.0002,0,0.0001,0,0,0.0001,0.0001,0,0.2873,0.2539,0.2873,0.2539,
0.3736,0.3736,0.3736,2.2415,1.1208,0.3736,0.3736,1.4943,0.7472,1.1208,0,0,1.1208,0.7472,1.1208,0.3736,0.7472,0,0.3736,1.1208,0,0,0,0.0002,0.0001,0,0,0.0001,0.0001,0.0001,0,0,0.0001,0.0001,0.0001,0,0.0001,0,0,0.0001,0.2883,0.3381,0.2883,0.3381,
0.8834,0,1.3251,1.3251,1.3251,1.7668,1.3251,0.4417,0,0.4417,0.4417,1.7668,1.3251,0.8834,0.4417,0.4417,0.8834,0.4417,0.4417,0,0.0001,0,0.0001,0.0001,0.0001,0.0001,0.0001,0,0,0,0,0.0001,0.0001,0.0001,0,0,0.0001,0,0,0,0.2777,0.2806,0.2777,0.2806,
0.386,0.386,1.1581,1.5441,1.1581,0.386,1.1581,1.1581,0.386,0.386,2.3162,0.386,0.7721,1.9302,0.7721,0.386,0.7721,1.9302,0.386,0.7721,0,0,0.0001,0.0001,0.0001,0,0.0001,0.0001,0,0,0.0002,0,0.0001,0.0001,0.0001,0,0.0001,0.0001,0,0.0001,0.3573,0.2567,0.3573,0.2567,
1.7832,0,0,1.1888,0,1.1888,0,1.1888,1.1888,1.1888,0,0,0.5944,0.5944,0,1.1888,0.5944,0.5944,0,0.5944,0.0002,0,0,0.0001,0,0.0001,0,0.0001,0.0001,0.0001,0,0,0.0001,0.0001,0,0.0001,0.0001,0.0001,0,0.0001,0.1708,0.2348,0.1708,0.2348,
1.9054,0,0.9527,2.3818,0,0.9527,0,0.9527,0.4764,1.9054,0,0,0.4764,0.9527,0.4764,0.4764,0.9527,0.9527,0,1.4291,0.0001,0,0.0001,0.0002,0,0.0001,0,0.0001,0,0.0001,0,0,0,0.0001,0,0,0.0001,0.0001,0,0.0001,0.3137,0.2099,0.3137,0.2099,
0.6,0.6,1.8,0,1.8,0.6,0.6,0,0.6,0,1.8,0,0,0.6,0,0.6,0.6,0,0.6,0.6,0,0,0.0001,0,0.0001,0,0,0,0,0,0.0001,0,0,0,0,0,0,0,0,0,0.2055,0.1945,0.2055,0.1945,
1.3797,0,0.4599,0.4599,0,0.4599,1.3797,0.4599,1.3797,0.9198,1.3797,1.3797,0.4599,0,0.9198,0.4599,0,0.9198,0,0.9198,0.0001,0,0,0,0,0,0.0001,0,0.0001,0.0001,0.0001,0.0001,0,0,0.0001,0,0,0.0001,0,0.0001,0.2852,0.2549,0.2852,0.2549,
0,1.0971,0.5486,0.5486,0.5486,1.6457,0,0.5486,0.5486,0,0,2.1942,0,0,0.5486,0,1.6457,0,0.5486,2.1942,0,0.0001,0,0,0,0.0001,0,0,0,0,0,0.0001,0,0,0,0,0.0001,0,0,0.0001,0.2619,0.1895,0.2619,0.1895,
0.8754,0.4377,0.8754,0.4377,1.7507,0.4377,0.8754,0.8754,1.3131,1.7507,1.3131,0.8754,0,1.3131,0,0.4377,1.3131,0.8754,0.4377,0.4377,0.0001,0,0.0001,0,0.0001,0,0.0001,0.0001,0.0001,0.0001,0.0001,0.0001,0,0.0001,0,0,0.0001,0.0001,0,0,0.2408,0.3215,0.2408,0.3215,
0.6474,0.9712,0.3237,2.266,0,0.3237,0.9712,0.6474,2.266,1.6186,0.3237,0.3237,0.6474,0,1.6186,0.6474,0.9712,0.6474,0,0.6474,0,0.0001,0,0.0001,0,0,0.0001,0,0.0001,0.0001,0,0,0,0,0.0001,0,0.0001,0,0,0,0.2741,0.4022,0.2741,0.4022,
1.7401,0,0.8701,0.435,0,0.8701,0.8701,0,0,1.3051,0,0.8701,0.8701,0.8701,0.8701,0,0.435,0,0.8701,2.6102,0.0001,0,0.0001,0,0,0.0001,0.0001,0,0,0.0001,0,0.0001,0.0001,0.0001,0.0001,0,0,0,0.0001,0.0002,0.2956,0.2694,0.2956,0.2694,
1.5845,0.5282,0,1.0563,0,0.5282,0,1.0563,1.5845,0,1.5845,0.5282,1.0563,0,0.5282,0.5282,0.5282,1.5845,0.5282,0.5282,0.0001,0,0,0.0001,0,0,0,0.0001,0.0001,0,0.0001,0,0.0001,0,0,0,0,0.0001,0,0,0.2333,0.2385,0.2333,0.2385,
1.5188,0,1.5188,0.5063,2.5314,0.5063,0,0,1.0125,3.0376,0.5063,0,1.0125,0,1.0125,1.5188,1.0125,3.5439,0,0.5063,0.0001,0,0.0001,0,0.0002,0,0,0,0.0001,0.0002,0,0,0.0001,0,0.0001,0.0001,0.0001,0.0003,0,0,0.2444,0.2494,0.2444,0.2494,
0.7842,0,0.7842,2.3525,0,0,0.7842,0,0.7842,0,0,0,0,0,0,0.7842,0.7842,0.7842,0,0,0.0002,0,0.0002,0.0006,0,0,0.0002,0,0.0002,0,0,0,0,0,0,0.0002,0.0002,0.0002,0,0,0.18,0.0358,0.18,0.0358,
0.8326,0.8326,0,0.8326,0.8326,0,0,0,0,0,0,0,0.8326,0.8326,0,0.8326,0,0.8326,0.8326,0.8326,0.0001,0.0001,0,0.0001,0.0001,0,0,0,0,0,0,0,0.0001,0.0001,0,0.0001,0,0.0001,0.0001,0.0001,0.085,0.0824,0.085,0.0824,
2.3455,0,0.5864,0,0.5864,1.1728,0,1.1728,0,2.3455,1.1728,0,0,0,1.1728,2.9319,1.1728,1.7592,0.5864,0,0.0001,0,0,0,0,0.0001,0,0.0001,0,0.0001,0.0001,0,0,0,0.0001,0.0002,0.0001,0.0001,0,0,0.2616,0.1521,0.2616,0.1521,
1.2418,2.4836,0.8279,0.4139,0.4139,0,1.2418,1.2418,0.4139,1.6558,1.6558,0.4139,0.4139,0.4139,0.8279,0.8279,0.4139,2.0697,0.4139,0.4139,0,0.0001,0,0,0,0,0,0,0,0.0001,0.0001,0,0,0,0,0,0,0.0001,0,0,0.2976,0.2884,0.2976,0.2884,
0.433,0,0.433,0.433,2.5978,0,0,0.8659,0.8659,4.3297,1.2989,1.7319,0.433,0,1.7319,1.7319,0.433,3.0308,0,0.8659,0,0,0,0,0.0002,0,0,0.0001,0.0001,0.0003,0.0001,0.0001,0,0,0.0001,0.0001,0,0.0002,0,0.0001,0.2906,0.2765,0.2906,0.2765,
0.3721,1.1162,0,0.3721,0,0.7442,0.3721,1.4883,2.6046,0,0.3721,0.3721,0.3721,0.7442,1.8604,0.7442,0,2.2325,0,0,0,0.0001,0,0,0,0,0,0.0001,0.0002,0,0,0,0,0,0.0001,0,0,0.0001,0,0,0.3272,0.3008,0.3272,0.3008,
1.8853,0,1.2569,0.6284,0.6284,0.6284,0,0,0,1.8853,0,0,1.8853,0,0,0,1.2569,1.2569,0,1.2569,0.0002,0,0.0001,0.0001,0.0001,0.0001,0,0,0,0.0002,0,0,0.0002,0,0,0,0.0001,0.0001,0,0.0001,0.209,0.1625,0.209,0.1625,
5.1759,0,0.647,0,0.647,0.647,0,1.294,0,3.2349,1.294,0,0.647,0.647,0.647,1.294,1.294,1.941,0,0,0.0004,0,0,0,0,0,0,0.0001,0,0.0002,0.0001,0,0,0,0,0.0001,0.0001,0.0001,0,0,0.1923,0.1607,0.1923,0.1607,
0.7415,1.1122,0,0.3707,0,0.7415,0.3707,0.7415,2.5952,0.3707,0.3707,0.7415,0.3707,0.7415,1.8537,0.7415,0,2.2245,0,0,0,0.0001,0,0,0,0,0,0,0.0002,0,0,0,0,0,0.0001,0,0,0.0001,0,0,0.3273,0.302,0.3273,0.302,
0,0.4469,0.4469,0.4469,0.8938,0.8938,1.3407,0.4469,0.4469,1.3407,1.3407,1.3407,0.4469,0,0.8938,0.4469,0.4469,1.3407,0.8938,0.8938,0,0,0,0,0.0001,0.0001,0.0001,0,0,0.0001,0.0001,0.0001,0,0,0.0001,0,0,0.0001,0.0001,0.0001,0.285,0.2681,0.285,0.2681,
0.5975,0,0.5975,0.5975,0,0.5975,0.5975,0.5975,0,0,2.3899,0,0.5975,0.5975,0.5975,0.5975,1.195,0,1.7924,0,0.0001,0,0.0001,0.0001,0,0.0001,0.0001,0.0001,0,0,0.0002,0,0.0001,0.0001,0.0001,0.0001,0.0001,0,0.0002,0,0.1986,0.204,0.1986,0.204,
0,1.86,0.93,0.93,0.93,0,0,1.395,0.465,2.3251,1.395,0.93,0.465,0,0.465,0.465,0.465,1.395,0.93,2.7901,0,0.0001,0,0,0,0,0,0.0001,0,0.0001,0.0001,0,0,0,0,0,0,0.0001,0,0.0001,0.2497,0.2853,0.2497,0.2853,
0.3792,0.3792,0.3792,0.3792,1.8961,0.3792,1.1377,0,1.8961,0.7585,1.5169,0.7585,0,1.1377,0.3792,1.8961,0.3792,1.1377,1.1377,1.1377,0,0,0,0,0.0001,0,0.0001,0,0.0001,0,0.0001,0,0,0.0001,0,0.0001,0,0.0001,0.0001,0.0001,0.2856,0.3352,0.2856,0.3352,
0.8882,0.8882,0.8882,0.4441,0.4441,1.3323,0.4441,0.8882,0.8882,0.4441,0,0.8882,0.8882,1.3323,1.3323,1.7764,0,1.3323,0,1.7764,0,0,0,0,0,0.0001,0,0,0,0,0,0,0,0.0001,0.0001,0.0001,0,0.0001,0,0.0001,0.285,0.2709,0.285,0.2709,
0,0,0.6367,1.2735,1.2735,0.6367,0.6367,0,0,0,0.6367,0,0,0.6367,0.6367,0,0,0,0,0.6367,0,0,0.0001,0.0002,0.0002,0.0001,0.0001,0,0,0,0.0001,0,0,0.0001,0.0001,0,0,0,0,0.0001,0.2105,0.1528,0.2105,0.1528,
3.456,0,1.728,0,0,0.576,0,1.152,0,1.728,0.576,0.576,0,0.576,1.152,0.576,1.728,1.152,0,0,0.0003,0,0.0001,0,0,0,0,0.0001,0,0.0001,0,0,0,0,0.0001,0,0.0001,0.0001,0,0,0.1891,0.2349,0.1891,0.2349,
0,1.1822,0,0.3941,0,0.7882,0.7882,1.1822,3.1526,0,1.1822,0.3941,0.7882,1.1822,1.5763,0.3941,0,1.5763,0,0,0,0.0001,0,0,0,0.0001,0.0001,0.0001,0.0002,0,0.0001,0,0.0001,0.0001,0.0001,0,0,0.0001,0,0,0.313,0.2929,0.313,0.2929,
1.8376,1.2251,0,1.2251,0.3063,0.9188,0,0.6125,2.1439,0.9188,0.6125,0.9188,0.3063,0,2.1439,0.6125,0.6125,0.3063,0,0.3063,0.0001,0.0001,0,0.0001,0,0,0,0,0.0001,0,0,0,0,0,0.0001,0,0,0,0,0,0.3642,0.3295,0.3642,0.3295,
0,0,0,0.6802,0,0.6802,0,0.6802,0.6802,0,1.3603,0,0,0,0,2.0405,0,0.6802,2.0405,1.3603,0,0,0,0.0001,0,0.0001,0,0.0001,0.0001,0,0.0001,0,0,0,0,0.0002,0,0.0001,0.0002,0.0001,0.1485,0.1714,0.1485,0.1714,
0,0.7556,1.1334,0.3778,0.7556,1.1334,0.7556,2.2668,0.7556,0.7556,0.7556,0.3778,1.5112,0.7556,1.889,0.7556,0,1.5112,0.3778,0.3778,0,0,0.0001,0,0,0.0001,0,0.0001,0,0,0,0,0.0001,0,0.0001,0,0,0.0001,0,0,0.2947,0.3275,0.2947,0.3275,
1.4384,2.3973,0.4795,1.4384,0.9589,0.9589,0.9589,2.3973,0.4795,0.4795,0,0.4795,0.9589,0.4795,0.4795,0.4795,0,1.4384,1.4384,0.4795,0.0001,0.0001,0,0.0001,0,0,0,0.0001,0,0,0,0,0,0,0,0,0,0.0001,0.0001,0,0.288,0.2326,0.288,0.2326,
0,0.9208,1.3812,1.3812,0.4604,0.4604,0.4604,1.3812,0.4604,2.7623,1.3812,0.9208,0.9208,1.3812,0.4604,0,0,0.9208,0.4604,1.3812,0,0,0.0001,0.0001,0,0,0,0.0001,0,0.0001,0.0001,0,0,0.0001,0,0,0,0,0,0.0001,0.3108,0.2288,0.3108,0.2288,
0.4247,0.8495,1.2742,0.8495,0.8495,0.8495,0.4247,0.4247,0.4247,0.4247,0,0.4247,0.4247,0.8495,0.4247,0.4247,0.8495,0.4247,1.2742,1.2742,0,0,0.0001,0,0,0,0,0,0,0,0,0,0,0,0,0,0,0,0.0001,0.0001,0.3162,0.2591,0.3162,0.2591,
0,0.9321,1.8641,0,0.9321,0.9321,0.466,1.8641,0,0.9321,0.466,1.8641,0,0.466,0.9321,0,0.9321,1.3981,0.466,0,0,0,0.0001,0,0,0,0,0.0001,0,0,0,0.0001,0,0,0,0,0,0.0001,0,0,0.2412,0.2927,0.2412,0.2927,
0,0.7618,0,0,0,0,0,0.7618,0.7618,0,1.5236,1.5236,0.7618,0.7618,0,0,1.5236,0.7618,0.7618,1.5236,0,0.0001,0,0,0,0,0,0.0001,0.0001,0,0.0001,0.0001,0.0001,0.0001,0,0,0.0001,0.0001,0.0001,0.0001,0.1323,0.1059,0.1323,0.1059,
1.1837,0,1.1837,0,0.5918,0.5918,0,1.7755,0.5918,2.3674,0.5918,0,0.5918,0,1.7755,0,0.5918,0.5918,0.5918,1.1837,0.0001,0,0.0001,0,0.0001,0.0001,0,0.0002,0.0001,0.0002,0.0001,0,0.0001,0,0.0002,0,0.0001,0.0001,0.0001,0.0001,0.1805,0.2277,0.1805,0.2277,
0.5675,0,0.5675,0.5675,0,0,0.5675,0.5675,0.5675,0.5675,0,0,0,0,0.5675,0.5675,0.5675,0.5675,2.8376,1.135,0.0001,0,0.0001,0.0001,0,0,0.0001,0.0001,0.0001,0.0001,0,0,0,0,0.0001,0.0001,0.0001,0.0001,0.0003,0.0001,0.2199,0.2125,0.2199,0.2125,
0,1.1288,0,0.7525,0,0.7525,0.3763,1.1288,2.2575,0.3763,0.7525,0.7525,0.3763,1.1288,1.8813,0.3763,0,1.8813,0,0,0,0.0001,0,0,0,0,0,0.0001,0.0001,0,0,0,0,0.0001,0.0001,0,0,0.0001,0,0,0.3031,0.3207,0.3031,0.3207,
0,0.7895,0,0,0,11.0533,0,0,0.3948,0,0,0,0.3948,0,2.7633,0.7895,0,0,0,0.7895,0,0.0001,0,0,0,0.0008,0,0,0,0,0,0,0,0,0.0002,0.0001,0,0,0,0.0001,0.2683,0.337,0.2683,0.337,
0,0,0,0,0,1.5976,0.7988,0,0,0.7988,0,0,0.7988,1.5976,0,0.7988,0,0,0.7988,0.7988,0,0,0,0,0,0.0002,0.0001,0,0,0.0001,0,0,0.0001,0.0002,0,0.0001,0,0,0.0001,0.0001,0.1334,0.0678,0.1334,0.0678,
1.43,1.0725,0.715,0.715,2.145,0.715,0.3575,0,0.3575,1.7875,0,1.7875,0.715,0.715,1.43,0,1.7875,0.3575,1.0725,0.3575,0.0001,0.0001,0,0,0.0001,0,0,0,0,0.0001,0,0.0001,0,0,0.0001,0,0.0001,0,0.0001,0,0.3267,0.3158,0.3267,0.3158,
1.7972,0,0.5991,0.5991,1.1981,1.1981,0,2.3963,0.5991,3.5944,0.5991,0,0.5991,0.5991,0,1.1981,0.5991,1.7972,0,0.5991,0.0001,0,0,0,0.0001,0.0001,0,0.0002,0,0.0003,0,0,0,0,0,0.0001,0,0.0001,0,0,0.2109,0.1901,0.2109,0.1901,
2.8472,0,0.4067,1.627,1.627,0.4067,0.8135,1.2202,0.8135,1.627,0.4067,0,0.4067,0.4067,0.4067,1.2202,1.2202,2.0337,1.2202,0,0.0002,0,0,0.0001,0.0001,0,0.0001,0.0001,0.0001,0.0001,0,0,0,0,0,0.0001,0.0001,0.0001,0.0001,0,0.2671,0.3262,0.2671,0.3262,
0.9972,0,0,0.3324,0.6648,0.9972,0.6648,0,2.3268,0.9972,0.6648,1.3296,0.3324,0.3324,3.324,0.9972,0.9972,0.9972,0,0,0.0001,0,0,0,0.0001,0.0001,0.0001,0,0.0002,0.0001,0.0001,0.0001,0,0,0.0003,0.0001,0.0001,0.0001,0,0,0.3811,0.2865,0.3811,0.2865,
0,1.3712,1.0284,1.0284,1.3712,1.3712,1.3712,0.6856,0.3428,1.0284,0.6856,0.6856,0,0.3428,0.3428,1.714,1.0284,0.6856,0.6856,0.6856,0,0.0001,0,0,0.0001,0.0001,0.0001,0,0,0,0,0,0,0,0,0.0001,0,0,0,0,0.3801,0.2771,0.3801,0.2771,
0,1.5252,0,0,2.2878,0,0,0.7626,1.5252,0,2.2878,0,0,0.7626,0,1.5252,0,0,0.7626,0,0,0.0001,0,0,0.0002,0,0,0.0001,0.0001,0,0.0002,0,0,0.0001,0,0.0001,0,0,0.0001,0,0.1384,0.099,0.1384,0.099,
1.2931,0.8621,0,1.2931,0.8621,0,0,1.7241,0,0.431,0.8621,0.431,0.431,0.8621,1.7241,1.7241,0.8621,0.8621,0.8621,0.8621,0.0001,0,0,0.0001,0,0,0,0.0001,0,0,0,0,0,0,0.0001,0.0001,0,0,0,0,0.2682,0.3008,0.2682,0.3008,
0.8687,0.4344,1.3031,0.8687,0.8687,1.3031,0.8687,1.3031,0.4344,0.4344,0,0.4344,0,1.3031,0.4344,0.4344,0,0.8687,0.8687,0.8687,0,0,0.0001,0,0,0.0001,0,0.0001,0,0,0,0,0,0.0001,0,0,0,0,0,0,0.2648,0.3009,0.2648,0.3009,
0.4125,0.4125,1.2374,0.825,1.6499,1.6499,0.825,1.2374,0.4125,0.4125,1.6499,0,0.825,0,2.4749,1.6499,0.4125,0.4125,0,0.4125,0,0,0.0001,0.0001,0.0001,0.0001,0.0001,0.0001,0,0,0.0001,0,0.0001,0,0.0002,0.0001,0,0,0,0,0.2963,0.2913,0.2963,0.2913,
1.8067,0,0,0,1.8067,1.2045,0,2.4089,0.6022,5.42,0.6022,0.6022,0,0,0.6022,0.6022,2.4089,0,0,0.6022,0.0001,0,0,0,0.0001,0.0001,0,0.0002,0,0.0004,0,0,0,0,0,0,0.0002,0,0,0,0.2296,0.1682,0.2296,0.1682,
0.3457,0,0.6914,0.3457,0,1.037,1.7284,0,2.7654,0.3457,1.037,2.4198,1.3827,0.6914,0.6914,1.7284,1.037,0.3457,0,0,0,0,0.0001,0,0,0.0001,0.0002,0,0.0002,0,0.0001,0.0002,0.0001,0.0001,0.0001,0.0002,0.0001,0,0,0,0.3587,0.2957,0.3587,0.2957,
0,0.9005,0,0.9005,0.9005,1.8011,0.4503,0.9005,0.4503,0.9005,1.3508,0.4503,0.4503,1.3508,0.9005,0.4503,0.9005,0,1.8011,0.4503,0,0.0001,0,0.0001,0.0001,0.0001,0,0.0001,0,0.0001,0.0001,0,0,0.0001,0.0001,0,0.0001,0,0.0001,0,0.2904,0.2594,0.2904,0.2594,
0,0.9735,1.4603,0.9735,0.4868,0.9735,0.4868,1.4603,0,0.4868,0,0,0.4868,0,0.4868,0.4868,1.4603,0.4868,1.4603,1.9471,0,0.0001,0.0001,0.0001,0,0.0001,0,0.0001,0,0,0,0,0,0,0,0,0.0001,0,0.0001,0.0001,0.2146,0.2987,0.2146,0.2987,
0.7338,0.3669,0.7338,1.4677,1.4677,1.8346,1.4677,0.7338,1.8346,0.7338,0.7338,0.7338,0,0,0,1.1007,1.4677,0.3669,0.7338,1.1007,0,0,0,0.0001,0.0001,0.0001,0.0001,0,0.0001,0,0,0,0,0,0,0.0001,0.0001,0,0,0.0001,0.3181,0.3149,0.3181,0.3149,
0.7859,0.393,1.5718,0.7859,0.7859,0,1.1789,1.1789,0,0.7859,1.1789,2.3577,1.1789,1.1789,0.7859,1.9648,0.7859,0.393,1.1789,0.393,0,0,0.0001,0,0,0,0.0001,0.0001,0,0,0.0001,0.0001,0.0001,0.0001,0,0.0001,0,0,0.0001,0,0.3053,0.3017,0.3053,0.3017,
7.6738,0,0,0,0,0,0,0,0,0,0,0,1.7053,0,0.8526,0,3.4106,0,0,0,0.0021,0,0,0,0,0,0,0,0,0,0,0,0.0005,0,0.0002,0,0.0009,0,0,0,0.0988,0.0485,0.0988,0.0485,
1.2485,0,1.2485,0,0.6242,1.2485,0.6242,0,0.6242,0.6242,0,0.6242,0.6242,0.6242,0.6242,1.2485,0,2.4969,0,0,0.0001,0,0.0001,0,0.0001,0.0001,0.0001,0,0.0001,0.0001,0,0.0001,0.0001,0.0001,0.0001,0.0001,0,0.0003,0,0,0.1879,0.1879,0.1879,0.1879,
2.5047,0,0,1.2524,1.2524,0.6262,0,3.1309,0.6262,3.7571,0.6262,1.2524,0.6262,0,0,1.2524,2.5047,1.2524,0,0.6262,0.0002,0,0,0.0001,0.0001,0,0,0.0002,0,0.0003,0,0.0001,0,0,0,0.0001,0.0002,0.0001,0,0,0.2061,0.1677,0.2061,0.1677,
0.4275,0.4275,0.4275,2.1375,1.71,0.4275,1.71,0.4275,0.4275,0.855,0.855,0.855,0.855,0,0.4275,0.855,2.565,0,0,0.4275,0,0,0,0.0002,0.0001,0,0.0001,0,0,0.0001,0.0001,0.0001,0.0001,0,0,0.0001,0.0002,0,0,0,0.3076,0.2649,0.3076,0.2649,
0,0.7409,0,0,0,0.7409,0,0.7409,0.7409,0,0,0.7409,0.7409,0,0,0.7409,0.7409,0,1.4817,0,0,0.0001,0,0,0,0.0001,0,0.0001,0.0001,0,0,0.0001,0.0001,0,0,0.0001,0.0001,0,0.0001,0,0.1268,0.1324,0.1268,0.1324,
1.8673,0,2.801,0.4668,1.4005,1.8673,0.4668,0.9337,0,2.801,0.4668,0,1.8673,0.4668,0.4668,2.3341,1.8673,0.9337,0,0.4668,0.0001,0,0.0001,0,0.0001,0.0001,0,0,0,0.0001,0,0,0.0001,0,0,0.0001,0.0001,0,0,0,0.272,0.2611,0.272,0.2611,
0.6545,0,0,0.6545,0,1.309,0,0,0,1.9636,0,0,1.309,0.6545,1.309,0,0,0.6545,0.6545,0,0.0001,0,0,0.0001,0,0.0002,0,0,0,0.0002,0,0,0.0002,0.0001,0.0002,0,0,0.0001,0.0001,0,0.2071,0.1384,0.2071,0.1384,
0.7182,0.7182,1.0774,0.3591,1.4365,1.4365,0.3591,0.7182,0.7182,1.0774,1.4365,1.0774,0,0.3591,0.7182,1.0774,0.3591,0.3591,1.0774,1.0774,0,0,0.0001,0,0.0001,0.0001,0,0,0,0.0001,0.0001,0.0001,0,0,0,0.0001,0,0,0.0001,0.0001,0.3251,0.3158,0.3251,0.3158,
2.3524,0,0.941,0.4705,0.4705,1.8819,0,0,0.941,2.3524,0.941,1.4115,0.941,0.4705,0,2.3524,2.3524,1.4115,0.4705,1.4115,0.0001,0,0,0,0,0.0001,0,0,0,0.0001,0,0.0001,0,0,0,0.0001,0.0001,0.0001,0,0.0001,0.2644,0.2651,0.2644,0.2651,
2.4174,0.4835,0,0.4835,0,1.4504,1.4504,0.9669,0.4835,0.9669,0.9669,0.9669,0.4835,0.4835,0.9669,1.9339,0,0.4835,1.9339,0.9669,0.0001,0,0,0,0,0.0001,0.0001,0.0001,0,0.0001,0.0001,0.0001,0,0,0.0001,0.0001,0,0,0.0001,0.0001,0.2197,0.2968,0.2197,0.2968,
0.7473,0,0,0.3737,0.3737,1.121,0,0.3737,2.6157,0.7473,0.3737,1.121,0.7473,0.7473,2.6157,0.7473,0,1.8683,0,0.3737,0.0001,0,0,0,0,0.0001,0,0,0.0002,0.0001,0,0.0001,0.0001,0.0001,0.0002,0.0001,0,0.0001,0,0,0.3667,0.2596,0.3667,0.2596,
1.2749,0,0.425,0.8499,1.2749,0.425,0.425,0,1.2749,0,0,2.5497,0.8499,3.3996,0.425,0,1.2749,1.2749,1.2749,0.425,0.0001,0,0,0.0001,0.0001,0,0,0,0.0001,0,0,0.0002,0.0001,0.0002,0,0,0.0001,0.0001,0.0001,0,0.2838,0.2913,0.2838,0.2913,
0,1.3255,0,0.8837,0.4418,2.2092,0.4418,0.8837,0.4418,0,0.4418,0.4418,0.4418,0.8837,0.4418,0.4418,0.8837,0.4418,2.2092,0.4418,0,0.0001,0,0,0,0.0001,0,0,0,0,0,0,0,0,0,0,0,0,0.0001,0,0.2962,0.262,0.2962,0.262,
0.4876,1.4627,0.4876,2.4378,0.9751,0.4876,0.4876,0.4876,0.9751,0,0,0.4876,0.4876,0.4876,0.4876,0.4876,0.9751,0,0.9751,0.4876,0,0.0001,0,0.0002,0.0001,0,0,0,0.0001,0,0,0,0,0,0,0,0.0001,0,0.0001,0,0.2599,0.2526,0.2599,0.2526,
0.4089,1.6356,0,0.4089,0,0.4089,0.4089,2.4534,2.4534,0.4089,0.8178,0.4089,0,0.8178,3.2712,0.8178,0,0.4089,0,0,0,0.0001,0,0,0,0,0,0.0002,0.0002,0,0.0001,0,0,0.0001,0.0002,0.0001,0,0,0,0,0.2918,0.2993,0.2918,0.2993,
0.6395,0.6395,0,1.2789,1.2789,0,0.6395,1.2789,0.6395,0,1.2789,0.6395,0,1.2789,0,0.6395,0,0,0.6395,0,0.0001,0.0001,0,0.0001,0.0001,0,0.0001,0.0001,0.0001,0,0.0001,0.0001,0,0.0001,0,0.0001,0,0,0.0001,0,0.2353,0.1252,0.2353,0.1252,
0,0,0,0,1.0042,0.5021,0.5021,0.5021,0,0,1.0042,1.5062,1.0042,1.0042,2.5104,0,2.0083,0.5021,0,0,0,0,0,0,0.0001,0.0001,0.0001,0.0001,0,0,0.0001,0.0002,0.0001,0.0001,0.0003,0,0.0003,0.0001,0,0,0.209,0.2889,0.209,0.2889,
1.4554,0,1.4554,2.9109,0,0.7277,1.4554,0,0,0,0,0.7277,0,0,0,0.7277,0,0,0,0,0.0003,0,0.0003,0.0007,0,0.0002,0.0003,0,0,0,0,0.0002,0,0,0,0.0002,0,0,0,0,0.166,0.1063,0.166,0.1063,
1.1119,0.7413,1.1119,0.3706,0.7413,0,1.1119,1.4826,1.4826,0.3706,1.1119,0.3706,0.7413,0.7413,1.4826,0.3706,0,1.1119,0.7413,0.7413,0.0001,0,0.0001,0,0,0,0.0001,0.0001,0.0001,0,0.0001,0,0,0,0.0001,0,0,0.0001,0,0,0.2881,0.3412,0.2881,0.3412,
0.8307,0.4153,0.8307,0.4153,0,1.246,0.8307,0.4153,1.246,0.8307,0.4153,0.8307,1.6614,0.8307,0.4153,1.246,1.246,0.8307,0,2.0767,0.0001,0,0.0001,0,0,0.0001,0.0001,0,0.0001,0.0001,0,0.0001,0.0001,0.0001,0,0.0001,0.0001,0.0001,0,0.0001,0.3203,0.2643,0.3203,0.2643,
1.5576,0,0.7788,0,0,0.7788,0,0,0,0.7788,0.7788,0,0.7788,0.7788,0,0,0.7788,0,0,1.5576,0.0002,0,0.0001,0,0,0.0001,0,0,0,0.0001,0.0001,0,0.0001,0.0001,0,0,0.0001,0,0,0.0002,0.103,0.1182,0.103,0.1182,
0,0.6154,0,1.2307,1.8461,0.6154,0.6154,0.6154,0.6154,0.6154,0,0.6154,0,1.2307,0,0.6154,0.6154,2.4615,0,0,0,0.0001,0,0.0001,0.0002,0.0001,0.0001,0.0001,0.0001,0.0001,0,0.0001,0,0.0001,0,0.0001,0.0001,0.0002,0,0,0.1968,0.1879,0.1968,0.1879,
0.6876,0,0,0.6876,0,0.6876,0.6876,0,0.6876,1.3752,0.6876,0,0,0,0.6876,0.6876,0.6876,0,0,0,0.0001,0,0,0.0001,0,0.0001,0.0001,0,0.0001,0.0002,0.0001,0,0,0,0.0001,0.0001,0.0001,0,0,0,0.1648,0.1477,0.1648,0.1477,
0.4115,0,1.2344,0.823,0.823,0.823,0.4115,2.4689,1.2344,0,0.823,0,2.4689,1.6459,0.4115,0.823,0.823,0,0.823,0.823,0,0,0.0001,0.0001,0.0001,0.0001,0,0.0002,0.0001,0,0.0001,0,0.0002,0.0001,0,0.0001,0.0001,0,0.0001,0.0001,0.2908,0.2977,0.2908,0.2977,
0,0.3635,1.0906,0.7271,0.3635,0,0.7271,1.4541,1.0906,0.3635,0,0,0,1.0906,0.3635,0.3635,2.1812,0.7271,1.4541,1.0906,0,0,0.0001,0,0,0,0,0.0001,0.0001,0,0,0,0,0.0001,0,0,0.0001,0,0.0001,0.0001,0.3214,0.3151,0.3214,0.3151,
1.942,0,0.3884,1.1652,0.7768,0,0.3884,0.7768,1.5536,0.7768,0,0.3884,1.1652,1.1652,0.3884,1.5536,0,0.3884,0.7768,0.3884,0.0001,0,0,0.0001,0.0001,0,0,0.0001,0.0001,0.0001,0,0,0.0001,0.0001,0,0.0001,0,0,0.0001,0,0.3068,0.3048,0.3068,0.3048,
2.6899,0,0,1.614,1.076,2.6899,0,1.076,0.538,4.8419,0.538,0.538,0,0.538,0,1.076,0,0.538,0.538,0,0.0002,0,0,0.0001,0.0001,0.0002,0,0.0001,0,0.0003,0,0,0,0,0,0.0001,0,0,0,0,0.2334,0.2286,0.2334,0.2286,
0.6602,0,1.3203,0.6602,0.9902,1.6504,0,2.6406,2.3106,1.9805,0.3301,0.3301,0.3301,0.3301,0.6602,0.9902,0,0.3301,0,0.6602,0,0,0.0001,0,0.0001,0.0001,0,0.0001,0.0001,0.0001,0,0,0,0,0,0.0001,0,0,0,0,0.3416,0.3283,0.3416,0.3283,
0.4669,0,1.4006,1.8675,0.9338,0.9338,0.9338,0,0.9338,1.8675,0,0,0.4669,0,0.4669,2.8013,0.4669,1.4006,0.4669,1.4006,0,0,0.0001,0.0001,0.0001,0.0001,0.0001,0,0.0001,0.0001,0,0,0,0,0,0.0002,0,0.0001,0,0.0001,0.2444,0.2887,0.2444,0.2887,
0,0,0,0,1.5534,0,0.7767,0.7767,0,0,1.5534,0,0,0.7767,0.7767,0,0.7767,0,0.7767,0,0,0,0,0,0.0004,0,0.0002,0.0002,0,0,0.0004,0,0,0.0002,0.0002,0,0.0002,0,0.0002,0,0.1085,0.1148,0.1085,0.1148,
0,1.0218,1.0218,1.0218,0.3406,1.3624,1.3624,0.3406,1.0218,0.6812,1.0218,0,1.0218,1.3624,1.0218,0,1.0218,1.0218,0.3406,1.703,0,0.0001,0.0001,0.0001,0,0.0001,0.0001,0,0.0001,0,0.0001,0,0.0001,0.0001,0.0001,0,0.0001,0.0001,0,0.0001,0.3828,0.2766,0.3828,0.2766,
0,0.6501,0.6501,1.6253,0.6501,0.3251,0.6501,0.6501,1.3003,0.9752,0.6501,1.3003,0.6501,1.3003,1.6253,0,0.6501,1.9504,0.3251,0.3251,0,0,0,0.0001,0,0,0,0,0.0001,0.0001,0,0.0001,0,0.0001,0.0001,0,0,0.0001,0,0,0.3303,0.3446,0.3303,0.3446,
1.1665,0,0.5833,0.5833,0,1.1665,0,1.7498,0.5833,4.0828,1.1665,0.5833,0.5833,0.5833,0.5833,1.1665,1.1665,3.4995,0,0,0.0001,0,0,0,0,0.0001,0,0.0001,0,0.0003,0.0001,0,0,0,0,0.0001,0.0001,0.0002,0,0,0.2136,0.2031,0.2136,0.2031,
0,2.1895,0,0,0.7298,0.7298,0,0.7298,1.4597,0.7298,0.7298,0,0,0.7298,0,0.7298,0.7298,0,0,1.4597,0,0.0002,0,0,0.0001,0.0001,0,0.0001,0.0001,0.0001,0.0001,0,0,0.0001,0,0.0001,0.0001,0,0,0.0001,0.1678,0.1024,0.1678,0.1024,
1.2549,0,0.4183,0.4183,0.4183,0,1.2549,0.8366,1.6731,1.2549,0.4183,0,1.2549,1.2549,1.6731,0,0.4183,0.8366,0.4183,0,0.0001,0,0,0,0,0,0.0001,0.0001,0.0002,0.0001,0,0,0.0001,0.0001,0.0002,0,0,0.0001,0,0,0.2613,0.3204,0.2613,0.3204,
0.6818,1.7044,1.3635,1.3635,0.6818,0.3409,0.6818,1.0227,0.6818,0.6818,0.3409,0.3409,0.3409,0.6818,1.3635,0.6818,0.6818,1.0227,0.6818,1.7044,0,0.0001,0.0001,0.0001,0,0,0,0,0,0,0,0,0,0,0.0001,0,0,0,0,0.0001,0.3309,0.3282,0.3309,0.3282,
1.6285,0,0.5428,0,0,1.0856,0,1.0856,0.5428,1.6285,0,1.0856,0.5428,1.6285,1.0856,1.0856,1.0856,3.2569,0,0.5428,0.0001,0,0,0,0,0.0001,0,0.0001,0,0.0001,0,0.0001,0,0.0001,0.0001,0.0001,0.0001,0.0002,0,0,0.1972,0.26,0.1972,0.26,
0.4164,0.8328,0.4164,0,0.8328,1.2492,2.4984,0.4164,0,0.4164,1.2492,1.2492,1.6656,0,0.4164,1.6656,0.4164,1.2492,1.2492,2.4984,0,0,0,0,0,0.0001,0.0001,0,0,0,0.0001,0.0001,0.0001,0,0,0.0001,0,0.0001,0.0001,0.0001,0.3562,0.2274,0.3562,0.2274,
0.8204,0.4102,0.8204,0.8204,0.4102,0.8204,2.8714,1.2306,0.8204,0.8204,0.4102,1.2306,0,0.4102,0.4102,0.8204,0.4102,1.2306,0,1.2306,0.0001,0,0.0001,0.0001,0,0.0001,0.0002,0.0001,0.0001,0.0001,0,0.0001,0,0,0,0.0001,0,0.0001,0,0.0001,0.2836,0.3062,0.2836,0.3062,
0.5079,1.0158,0,0.5079,0,1.5237,0.5079,2.0316,1.0158,0.5079,0.5079,0,1.5237,2.5395,0.5079,0,2.0316,0.5079,1.0158,0.5079,0,0.0001,0,0,0,0.0001,0,0.0001,0.0001,0,0,0,0.0001,0.0001,0,0,0.0001,0,0.0001,0,0.2576,0.2345,0.2576,0.2345,
1.4654,0,0.7327,0.7327,0.7327,0,0.7327,0,0,0,0,0,0,1.4654,0.7327,0,0,0,0,0.7327,0.0003,0,0.0001,0.0001,0.0001,0,0.0001,0,0,0,0,0,0,0.0003,0.0001,0,0,0,0,0.0001,0.1188,0.1485,0.1188,0.1485,
0.4503,0,0.4503,1.8012,0.9006,0,0.4503,0,0.4503,0.9006,0.9006,1.8012,0.9006,0.4503,0,0.9006,0.9006,0.4503,3.1522,1.3509,0,0,0,0.0001,0.0001,0,0,0,0,0.0001,0.0001,0.0001,0.0001,0,0,0.0001,0.0001,0,0.0002,0.0001,0.3189,0.2308,0.3189,0.2308,
1.0615,0.5308,0.5308,0,1.0615,0.5308,1.0615,0.5308,1.0615,1.5923,0.5308,1.5923,1.0615,0.5308,0,2.123,1.0615,0,1.0615,0,0.0001,0,0,0,0.0001,0,0.0001,0,0.0001,0.0001,0,0.0001,0.0001,0,0,0.0001,0.0001,0,0.0001,0,0.2299,0.2393,0.2299,0.2393,
0.7492,0,0,0,2.2476,0,0,0,0.7492,0.7492,0,0,0.7492,0.7492,0.7492,0.7492,0,0,0,0,0.0001,0,0,0,0.0004,0,0,0,0.0001,0.0001,0,0,0.0001,0.0001,0.0001,0.0001,0,0,0,0,0.1231,0.1277,0.1231,0.1277,
0.5049,0,1.0098,0.5049,2.5245,1.0098,0,1.0098,0.5049,3.0294,0.5049,1.5147,1.0098,0,1.5147,1.5147,0,2.5245,0,0.5049,0,0,0.0001,0,0.0002,0.0001,0,0.0001,0,0.0002,0,0.0001,0.0001,0,0.0001,0.0001,0,0.0002,0,0,0.246,0.2491,0.246,0.2491,
1.5781,0,0.526,0.526,1.0521,2.1041,0,1.5781,0.526,4.7343,0.526,1.0521,1.0521,1.0521,0.526,0,0.526,1.5781,0,1.0521,0.0001,0,0,0,0.0001,0.0001,0,0.0001,0,0.0003,0,0.0001,0.0001,0.0001,0,0,0,0.0001,0,0.0001,0.2291,0.2449,0.2291,0.2449,
0.9637,0,0,0,1.4455,0.9637,2.4092,2.4092,0.9637,1.9273,0.9637,0.4818,1.4455,0.4818,0.9637,1.4455,0,0,0,0.4818,0.0001,0,0,0,0.0001,0.0001,0.0002,0.0002,0.0001,0.0002,0.0001,0,0.0001,0,0.0001,0.0001,0,0,0,0,0.2277,0.2904,0.2277,0.2904,
1.2826,0.8551,1.2826,0,0,1.7102,2.9928,0.4275,1.2826,1.2826,0,0.4275,0.8551,0.8551,0.8551,0.8551,0.4275,0,0.4275,0,0.0001,0.0001,0.0001,0,0,0.0001,0.0002,0,0.0001,0.0001,0,0,0.0001,0.0001,0.0001,0.0001,0,0,0,0,0.2768,0.2956,0.2768,0.2956,
1.2724,0,0,0,0,0.6362,0.6362,0,1.9086,0,0.6362,1.2724,0,0,0,1.9086,0,0,0.6362,0.6362,0.0002,0,0,0,0,0.0001,0.0001,0,0.0002,0,0.0001,0.0002,0,0,0,0.0002,0,0,0.0001,0.0001,0.1408,0.223,0.1408,0.223,
0.6922,1.3844,1.3844,2.0766,1.3844,1.0383,0,0,0.6922,0.6922,0.3461,0.3461,0.3461,0.6922,0.3461,1.0383,0.6922,0.6922,0.3461,1.3844,0,0.0001,0.0001,0.0001,0.0001,0,0,0,0,0,0,0,0,0,0,0,0,0,0,0.0001,0.3373,0.3166,0.3373,0.3166,
0.5381,0,0.5381,1.0761,1.6142,0,0,0.5381,2.1522,0,0,0.5381,0,0,0.5381,1.0761,0.5381,0.5381,0,0,0.0001,0,0.0001,0.0001,0.0002,0,0,0.0001,0.0003,0,0,0.0001,0,0,0.0001,0.0001,0.0001,0.0001,0,0,0.243,0.219,0.243,0.219,
1.199,1.199,0.5995,0,0,0,0,0.5995,1.199,1.7985,1.199,0.5995,0.5995,0.5995,0.5995,0,1.199,1.199,0.5995,0.5995,0.0001,0.0001,0,0,0,0,0,0,0.0001,0.0001,0.0001,0,0,0,0,0,0.0001,0.0001,0,0,0.203,0.1975,0.203,0.1975,
0.3773,0.3773,0.3773,0.7545,0,1.8863,0.3773,1.8863,3.018,1.509,0.3773,1.509,1.1318,0,0.3773,3.018,1.1318,0.7545,0,0,0,0,0,0,0,0.0001,0,0.0001,0.0002,0.0001,0,0.0001,0.0001,0,0,0.0002,0.0001,0,0,0,0.3554,0.2674,0.3554,0.2674,
0.3918,0,0.3918,0,0,0.3918,1.5671,0.3918,0.3918,0.3918,1.1754,0,0.3918,1.5671,1.5671,1.9589,0.3918,1.9589,1.1754,1.9589,0,0,0,0,0,0,0.0001,0,0,0,0.0001,0,0,0.0001,0.0001,0.0001,0,0.0001,0.0001,0.0001,0.332,0.2762,0.332,0.2762,
0,0,1.4505,0,1.4505,0,0.7252,0,0,0.7252,0,0,0,0.7252,0.7252,0,0,1.4505,0,0,0,0,0.0003,0,0.0003,0,0.0001,0,0,0.0001,0,0,0,0.0001,0.0001,0,0,0.0003,0,0,0.1644,0.1104,0.1644,0.1104,
1.2916,0.3229,0.9687,1.2916,1.6146,0.9687,0.3229,0,0.3229,0.6458,0,1.9375,0,0.9687,1.2916,0.6458,0.3229,0.6458,0.6458,1.6146,0.0001,0,0,0.0001,0.0001,0,0,0,0,0,0,0.0001,0,0,0.0001,0,0,0,0,0.0001,0.3485,0.3286,0.3485,0.3286,
0.9704,0,0,1.9409,0.9704,0.4852,0,0.4852,0.4852,1.4557,0.9704,0.4852,0.9704,0.9704,0.4852,0,0.4852,1.4557,0.9704,1.4557,0.0001,0,0,0.0001,0.0001,0,0,0,0,0.0001,0.0001,0,0.0001,0.0001,0,0,0,0.0001,0.0001,0.0001,0.3075,0.2073,0.3075,0.2073,
1.3679,0.456,0,0.9119,0.456,0.456,0.456,0.9119,1.3679,0.9119,0.9119,0,0.456,0.9119,1.8239,1.3679,0.456,1.8239,0.9119,1.3679,0.0001,0,0,0.0001,0,0,0,0.0001,0.0001,0.0001,0.0001,0,0,0.0001,0.0001,0.0001,0,0.0001,0.0001,0.0001,0.2699,0.2741,0.2699,0.2741,
1.3059,0,0,0,0,0.6529,0,1.9588,0.6529,1.9588,1.3059,4.5706,0,0.6529,0.6529,1.3059,1.3059,0,0,0,0.0001,0,0,0,0,0,0,0.0001,0,0.0001,0.0001,0.0003,0,0,0,0.0001,0.0001,0,0,0,0.1749,0.1721,0.1749,0.1721,
1.7682,0.4421,0.4421,1.7682,0.4421,0,0.4421,1.7682,1.7682,2.6524,0.4421,0.4421,0.8841,1.7682,0.4421,1.3262,1.3262,0.8841,0.4421,0,0.0001,0,0,0.0001,0,0,0,0.0001,0.0001,0.0002,0,0,0.0001,0.0001,0,0.0001,0.0001,0.0001,0,0,0.2776,0.2804,0.2776,0.2804,
0.8264,0.4132,0,0.8264,2.4792,1.2396,0,2.066,0.8264,0.4132,0.8264,1.2396,2.066,0.8264,1.2396,0.4132,0.4132,0.4132,0.4132,0,0.0001,0,0,0.0001,0.0002,0.0001,0,0.0001,0.0001,0,0.0001,0.0001,0.0001,0.0001,0.0001,0,0,0,0,0,0.2937,0.2931,0.2937,0.2931,
0,0,0,0,0.7587,0.7587,0.7587,0,0,0,1.5174,0,0.7587,0,0.7587,0.7587,1.5174,0,0,0,0,0,0,0,0.0001,0.0001,0.0001,0,0,0,0.0003,0,0.0001,0,0.0001,0.0001,0.0003,0,0,0,0.1146,0.1267,0.1146,0.1267,
0.4079,0.4079,0,1.2236,1.2236,0.8157,0.4079,1.2236,1.2236,0.8157,0.8157,1.6315,0.4079,0.4079,0.4079,1.2236,1.2236,0.8157,2.8551,0.4079,0,0,0,0.0001,0.0001,0,0,0.0001,0.0001,0,0,0.0001,0,0,0,0.0001,0.0001,0,0.0001,0,0.3135,0.2786,0.3135,0.2786,
0.5068,0,1.0135,0.5068,0.5068,2.027,0,2.027,0,4.0541,0.5068,0,0.5068,1.0135,1.0135,0.5068,1.5203,2.027,0,1.0135,0,0,0.0001,0,0,0.0001,0,0.0001,0,0.0002,0,0,0,0.0001,0.0001,0,0.0001,0.0001,0,0.0001,0.2504,0.2428,0.2504,0.2428,
0.3341,1.0023,0.6682,1.3364,0.3341,0.3341,0.3341,0.6682,2.6727,0.6682,0.3341,1.6705,0.6682,0,2.0046,0.6682,1.3364,0.6682,0,0.6682,0,0.0001,0,0.0001,0,0,0,0,0.0002,0,0,0.0001,0,0,0.0001,0,0.0001,0,0,0,0.3071,0.3588,0.3071,0.3588,
2.1657,1.0828,0.5414,0,0.5414,0.5414,0.5414,1.0828,1.0828,1.0828,1.6243,0.5414,1.0828,0.5414,0.5414,1.6243,0,0.5414,0.5414,1.6243,0.0001,0.0001,0,0,0,0,0,0.0001,0.0001,0.0001,0.0001,0,0.0001,0,0,0.0001,0,0,0,0.0001,0.2641,0.1945,0.2641,0.1945,
0,0.6952,2.0857,0,0,0.6952,0,0,0,1.3905,0.6952,1.3905,0,0,0,0.6952,0,0,0,0.6952,0,0.0001,0.0002,0,0,0.0001,0,0,0,0.0001,0.0001,0.0001,0,0,0,0.0001,0,0,0,0.0001,0.164,0.1408,0.164,0.1408,
1.5051,0,1.0034,0,2.0068,0,1.0034,2.0068,1.5051,1.5051,1.0034,0.5017,1.5051,1.0034,0.5017,1.0034,1.0034,0.5017,0.5017,0.5017,0.0001,0,0.0001,0,0.0001,0,0.0001,0.0001,0.0001,0.0001,0.0001,0,0.0001,0.0001,0,0.0001,0.0001,0,0,0,0.2259,0.2724,0.2259,0.2724,
0.3877,0.3877,0.3877,0.7755,0.7755,1.1632,1.1632,0,1.9387,1.1632,1.1632,1.1632,0.7755,0,0.3877,0.3877,0.3877,0,1.1632,1.1632,0,0,0,0.0001,0.0001,0.0001,0.0001,0,0.0001,0.0001,0.0001,0.0001,0.0001,0,0,0,0,0,0.0001,0.0001,0.3596,0.2527,0.3596,0.2527,
0,0.8724,0.4362,0.8724,0.4362,0.4362,1.3087,0.4362,1.7449,0.4362,0.8724,0.4362,0.4362,1.7449,0.8724,0.4362,0.8724,2.1811,0,0.4362,0,0.0001,0,0.0001,0,0,0.0001,0,0.0001,0,0.0001,0,0,0.0001,0.0001,0,0.0001,0.0002,0,0,0.3027,0.261,0.3027,0.261,
0.67,0,0,0,1.34,0.67,0.67,1.34,0,0,0,0.67,0.67,0.67,0.67,0,1.34,0,0.67,0,0.0001,0,0,0,0.0002,0.0001,0.0001,0.0002,0,0,0,0.0001,0.0001,0.0001,0.0001,0,0.0002,0,0.0001,0,0.1908,0.1392,0.1908,0.1392,
0.3932,1.1795,0,2.3589,0.7863,0.3932,1.1795,0.3932,0.7863,1.9658,0.7863,1.5726,1.1795,0.3932,0.3932,0.7863,1.1795,0.3932,0.3932,0.7863,0,0.0001,0,0.0001,0,0,0.0001,0,0,0.0001,0,0.0001,0.0001,0,0,0,0.0001,0,0,0,0.3105,0.2964,0.3105,0.2964,
1.0923,1.4565,1.0923,1.0923,0.7282,0.7282,0.7282,0,0.7282,0.3641,0,0.3641,1.0923,0.3641,1.0923,0,0.7282,2.5488,0.7282,1.4565,0,0.0001,0,0,0,0,0,0,0,0,0,0,0,0,0,0,0,0.0001,0,0.0001,0.3585,0.2774,0.3585,0.2774,
1.7597,0.4399,0.4399,0.8799,1.7597,2.1997,0.4399,1.3198,1.3198,1.3198,0.4399,0.4399,0.8799,0,0,0.4399,0.8799,1.7597,0.4399,0.4399,0.0001,0,0,0,0.0001,0.0001,0,0.0001,0.0001,0.0001,0,0,0,0,0,0,0,0.0001,0,0,0.2569,0.3032,0.2569,0.3032,
1.7911,0,0.8955,0.4478,2.6866,0.8955,0,0.8955,0.4478,3.5822,0.4478,0.4478,1.3433,0,0.8955,0.8955,1.3433,0.8955,0.4478,0.4478,0.0001,0,0,0,0.0001,0,0,0,0,0.0002,0,0,0.0001,0,0,0,0.0001,0,0,0,0.266,0.2863,0.266,0.2863,
0.6924,0,0,0,0.6924,0.6924,0,0.6924,1.3848,0.6924,0,0,1.3848,0,1.3848,0,0,0,0,0,0.0001,0,0,0,0.0001,0.0001,0,0.0001,0.0002,0.0001,0,0,0.0002,0,0.0002,0,0,0,0,0,0.2148,0.0928,0.2148,0.0928,
0.8178,0,0,0,0.8178,0,0,0.8178,0,0.8178,0,0.8178,0.8178,0.8178,0.8178,1.6355,0,0,0.8178,0,0.0001,0,0,0,0.0001,0,0,0.0001,0,0.0001,0,0.0001,0.0001,0.0001,0.0001,0.0003,0,0,0.0001,0,0.0815,0.1008,0.0815,0.1008,
2.0557,0.8223,1.2334,0,0,2.4668,0.4111,1.6445,0.4111,0.4111,0.4111,1.6445,1.6445,0.4111,0.8223,0.8223,2.0557,0.8223,0.4111,0.4111,0.0001,0,0.0001,0,0,0.0001,0,0.0001,0,0,0,0.0001,0.0001,0,0,0,0.0001,0,0,0,0.29,0.2988,0.29,0.2988,
5.1789,0,0.9416,0.4708,1.4124,0.9416,0,2.3541,0,0.9416,0.4708,1.4124,0.4708,0.9416,1.4124,0,0,1.8832,0.4708,0,0.0003,0,0.0001,0,0.0001,0.0001,0,0.0001,0,0.0001,0,0.0001,0,0.0001,0.0001,0,0,0.0001,0,0,0.308,0.2212,0.308,0.2212,
3.1379,0,0.7845,0.3922,1.9612,0.3922,0.3922,1.1767,1.1767,3.9224,0.3922,0.3922,0.7845,0,1.1767,0.7845,0.3922,1.1767,0.7845,0.3922,0.0002,0,0,0,0.0001,0,0,0.0001,0.0001,0.0002,0,0,0,0,0.0001,0,0,0.0001,0,0,0.3023,0.3054,0.3023,0.3054,
0,0,0,0,1.4298,0.7149,0,0,0.7149,0.7149,0,0.7149,0,0.7149,0,0.7149,0,1.4298,1.4298,0.7149,0,0,0,0,0.0001,0.0001,0,0,0.0001,0.0001,0,0.0001,0,0.0001,0,0.0001,0,0.0001,0.0001,0.0001,0.154,0.1311,0.154,0.1311,
0,0,0.7802,0.7802,0,0.7802,0,0.7802,0,0.7802,0.7802,0,0.7802,1.5604,0,0,0.7802,0,0.7802,0,0,0,0.0002,0.0002,0,0.0002,0,0.0002,0,0.0002,0.0002,0,0.0002,0.0003,0,0,0.0002,0,0.0002,0,0.129,0.0908,0.129,0.0908,
1.0355,1.0355,0.5177,0,0.5177,1.5532,0.5177,0,0.5177,2.071,0.5177,1.0355,1.0355,0.5177,1.0355,2.071,1.5532,0.5177,0,0.5177,0.0001,0.0001,0,0,0,0.0001,0,0,0,0.0001,0,0.0001,0.0001,0,0.0001,0.0001,0.0001,0,0,0,0.2512,0.231,0.2512,0.231,
0,1.0566,0.5283,0.5283,3.698,2.1131,0,0,0,6.8677,1.5849,0.5283,0,1.5849,0.5283,0,1.0566,1.0566,1.0566,0.5283,0,0.0001,0,0,0.0002,0.0001,0,0,0,0.0004,0.0001,0,0,0.0001,0,0,0.0001,0.0001,0.0001,0,0.2793,0.1924,0.2793,0.1924,
0,1.4893,1.4893,0.4964,0.4964,0.4964,0.4964,0.9929,1.4893,0,0.4964,0,0.9929,0.9929,1.4893,0,0.9929,0,0.9929,0,0,0.0001,0.0001,0,0,0,0,0.0001,0.0001,0,0,0,0.0001,0.0001,0.0001,0,0.0001,0,0.0001,0,0.2467,0.2569,0.2467,0.2569,
0.687,0,1.3739,2.0609,0,1.3739,1.0305,1.0305,0.687,0.687,0.3435,0.3435,1.3739,0.3435,1.0305,1.0305,0.3435,1.0305,0.3435,0.3435,0.0001,0,0.0001,0.0002,0,0.0001,0.0001,0.0001,0.0001,0.0001,0,0,0.0001,0,0.0001,0.0001,0,0.0001,0,0,0.3258,0.3307,0.3258,0.3307,
0,0.9306,0.9306,0.9306,0.9306,0.4653,0.4653,0.4653,0.9306,0.4653,1.3958,1.3958,1.3958,0,0.9306,0.4653,0.9306,1.3958,0.9306,0,0,0.0001,0.0001,0.0001,0.0001,0,0,0,0.0001,0,0.0001,0.0001,0.0001,0,0.0001,0,0.0001,0.0001,0.0001,0,0.326,0.2087,0.326,0.2087,
1.9621,0,0,0,0.327,0.981,0.654,0.654,1.9621,0.654,0.654,0.327,0.327,0.327,3.5971,0.654,0.654,0.327,0,0.327,0.0002,0,0,0,0,0.0001,0.0001,0.0001,0.0002,0.0001,0.0001,0,0,0,0.0003,0.0001,0.0001,0,0,0,0.3126,0.3604,0.3126,0.3604,
1.1574,0,0.3858,0.7716,2.3148,2.3148,0,1.1574,1.1574,1.929,1.5432,1.1574,0,0,0.3858,0.7716,1.1574,0.7716,1.1574,0.3858,0.0001,0,0,0,0.0001,0.0001,0,0.0001,0.0001,0.0001,0.0001,0.0001,0,0,0,0,0.0001,0,0.0001,0,0.3018,0.3124,0.3018,0.3124,
2.6941,0,0.6735,0,0.6735,1.0103,0.3368,0.3368,1.6838,1.0103,0.6735,0.3368,0.3368,0.3368,3.7044,0.6735,1.0103,0,0,0,0.0002,0,0.0001,0,0.0001,0.0001,0,0,0.0001,0.0001,0.0001,0,0,0,0.0003,0.0001,0.0001,0,0,0,0.3323,0.3309,0.3323,0.3309,
0,0,1.0429,1.0429,1.0429,0.5214,1.0429,0.5214,2.0857,0.5214,0.5214,0,1.0429,0,0,0.5214,0,0.5214,0.5214,0,0,0,0.0001,0.0001,0.0001,0,0.0001,0,0.0002,0,0,0,0.0001,0,0,0,0,0,0,0,0.2179,0.2607,0.2179,0.2607,
1.7114,0,0.8557,0.4279,1.7114,0.4279,0.4279,2.5672,0.8557,4.7065,0.4279,0,2.1393,0.4279,0.8557,0.8557,0,1.7114,0.4279,0.4279,0.0001,0,0,0,0.0001,0,0,0.0001,0,0.0003,0,0,0.0001,0,0,0,0,0.0001,0,0,0.2935,0.2786,0.2935,0.2786,
0.4897,0,0,0.9793,0.9793,0.4897,1.9587,1.469,0,0.9793,0.4897,0.9793,1.9587,0,0,0.9793,0.9793,0.4897,1.469,0,0,0,0,0.0001,0.0001,0,0.0001,0.0001,0,0.0001,0,0.0001,0.0001,0,0,0.0001,0.0001,0,0.0001,0,0.2491,0.2613,0.2491,0.2613,
0.8207,0.8207,1.231,1.6413,1.231,1.231,1.231,0,0,0.8207,0.4103,0.8207,0,0,0.8207,0.4103,0.4103,1.6413,0.4103,1.231,0,0,0.0001,0.0001,0.0001,0.0001,0.0001,0,0,0,0,0,0,0,0,0,0,0.0001,0,0.0001,0.2769,0.3128,0.2769,0.3128,
1.6597,0.8298,0.8298,1.2448,0.8298,1.6597,0.8298,0.4149,0.4149,0.8298,1.2448,0,0.8298,0.8298,0.8298,1.2448,0.8298,0.8298,1.2448,0.8298,0.0001,0,0,0.0001,0,0.0001,0,0,0,0,0.0001,0,0,0,0,0.0001,0,0,0.0001,0,0.3394,0.2457,0.3394,0.2457,
1.1282,1.1282,1.1282,0.7521,1.1282,0.7521,0,0.7521,1.5043,0.7521,0.7521,0.3761,0.7521,0.7521,0.3761,1.1282,1.1282,0.7521,0.7521,0.7521,0.0001,0.0001,0.0001,0,0.0001,0,0,0,0.0001,0,0,0,0,0,0,0.0001,0.0001,0,0,0,0.2961,0.3278,0.2961,0.3278,
0.3879,0,0.7759,0.3879,0,0.7759,0.3879,1.5518,2.3276,0,0.3879,1.1638,0,0.7759,3.1035,0.7759,0,1.5518,0,0.3879,0,0,0.0001,0,0,0.0001,0,0.0002,0.0002,0,0,0.0001,0,0.0001,0.0003,0.0001,0,0.0002,0,0,0.2971,0.315,0.2971,0.315,
0.3879,0.7758,0.3879,1.5517,1.1638,0.3879,0,2.7155,0.7758,0.3879,0.7758,1.1638,1.1638,0.7758,0.7758,0.3879,1.1638,1.1638,0.7758,0.3879,0,0,0,0.0001,0.0001,0,0,0.0001,0,0,0,0.0001,0.0001,0,0,0,0.0001,0.0001,0,0,0.3185,0.2936,0.3185,0.2936,
1.5488,1.1616,0.3872,0.3872,0,1.1616,0.7744,0.3872,1.1616,0,0.3872,0,0.7744,0,1.1616,0.7744,1.5488,0.7744,0.7744,1.1616,0.0001,0.0001,0,0,0,0.0001,0,0,0.0001,0,0,0,0,0,0.0001,0,0.0001,0,0,0.0001,0.304,0.3088,0.304,0.3088,
0.5587,0.5587,1.1174,0,0,0,1.1174,0.5587,1.676,0.5587,0.5587,0.5587,0,0.5587,0.5587,0.5587,1.1174,0,0,1.676,0,0,0.0001,0,0,0,0.0001,0,0.0001,0,0,0,0,0,0,0,0.0001,0,0,0.0001,0.1645,0.2768,0.1645,0.2768,
0.707,0,0,0.707,0.707,1.4141,0.707,0,0,1.4141,0.707,1.4141,0,1.4141,0,0.707,0,1.4141,0,0,0.0001,0,0,0.0001,0.0001,0.0001,0.0001,0,0,0.0001,0.0001,0.0001,0,0.0001,0,0.0001,0,0.0001,0,0,0.1615,0.1315,0.1615,0.1315,
2.2446,1.7957,0.8978,0.4489,0,0.4489,1.3467,0.4489,1.3467,0.4489,1.3467,0.4489,0.8978,0.8978,0,0,0.4489,0.8978,0.8978,0.8978,0.0001,0.0001,0,0,0,0,0.0001,0,0.0001,0,0.0001,0,0,0,0,0,0,0,0,0,0.2872,0.2639,0.2872,0.2639,
0.4033,1.2098,0,0.4033,0,0.8066,0.8066,0.8066,3.2263,0,1.2098,0.4033,1.2098,0.8066,1.6131,0.8066,0,2.0164,0,0,0,0.0001,0,0,0,0,0,0,0.0002,0,0.0001,0,0.0001,0,0.0001,0,0,0.0001,0,0,0.3308,0.2659,0.3308,0.2659,
0.8257,0.8257,0.8257,0.4128,1.2385,0,1.2385,0.4128,0.4128,0.8257,0.4128,0.4128,0,0.8257,0.4128,2.477,0,0,1.2385,0.8257,0,0,0,0,0.0001,0,0.0001,0,0,0,0,0,0,0,0,0.0001,0,0,0.0001,0,0.308,0.2792,0.308,0.2792,
0,0,0.4394,0.4394,0.8787,1.3181,0,0.8787,1.7574,1.3181,0.4394,0.8787,0.4394,1.3181,0.4394,0.8787,0.4394,0.4394,0.4394,0.4394,0,0,0,0,0.0001,0.0001,0,0.0001,0.0001,0.0001,0,0.0001,0,0.0001,0,0.0001,0,0,0,0,0.2412,0.3194,0.2412,0.3194,
0.9378,0.4689,0,0.9378,1.4067,0.9378,1.4067,0.9378,0.9378,0.4689,1.8757,0.9378,1.4067,0,0.4689,1.4067,1.4067,0,0,3.2824,0.0001,0,0,0.0001,0.0001,0.0001,0.0001,0.0001,0.0001,0,0.0001,0.0001,0.0001,0,0,0.0001,0.0001,0,0,0.0002,0.266,0.2651,0.266,0.2651,
0,0.7137,0.7137,0,1.4274,0,0.7137,0.7137,0.7137,0,2.8548,0.7137,0.7137,0,0,0.7137,0,0,0,0,0,0.0001,0.0001,0,0.0001,0,0.0001,0.0001,0.0001,0,0.0003,0.0001,0.0001,0,0,0.0001,0,0,0,0,0.1407,0.1456,0.1407,0.1456,
0.6331,1.5827,1.2662,0.6331,0.9496,0.9496,0.9496,0.6331,0.9496,0.6331,0.9496,0.3165,0.6331,0,0.9496,0.3165,1.2662,0.3165,1.2662,0.6331,0,0.0001,0.0001,0,0,0,0,0,0,0,0,0,0,0,0,0,0.0001,0,0.0001,0,0.3619,0.3216,0.3619,0.3216,
1.255,0,0,0,1.255,0.6275,0,0,1.255,0,0.6275,0,0,0,0.6275,1.255,0.6275,0.6275,0.6275,0.6275,0.0001,0,0,0,0.0001,0.0001,0,0,0.0001,0,0.0001,0,0,0,0.0001,0.0001,0.0001,0.0001,0.0001,0.0001,0.2086,0.1639,0.2086,0.1639,
0.7416,0,1.4832,0,0.3708,1.4832,1.1124,0.7416,1.1124,0,0.3708,0.7416,0,0.7416,0.3708,0.7416,0.7416,0.7416,1.4832,0.7416,0,0,0.0001,0,0,0.0001,0.0001,0,0.0001,0,0,0,0,0,0,0,0,0,0.0001,0,0.3355,0.2937,0.3355,0.2937,
0.3513,1.054,0.3513,0.3513,1.054,1.054,1.054,0.3513,1.054,1.4053,0.3513,0,0.7026,1.4053,1.4053,1.7566,0.7026,0,1.7566,0,0,0.0001,0,0,0.0001,0.0001,0.0001,0,0.0001,0.0001,0,0,0,0.0001,0.0001,0.0001,0,0,0.0001,0,0.3182,0.3305,0.3182,0.3305,
0,0,0,0,0.8315,0,0,0,0,0.8315,0,0,1.663,0.8315,0.8315,0.8315,1.663,0.8315,0,0,0,0,0,0,0.0002,0,0,0,0,0.0002,0,0,0.0003,0.0002,0.0002,0.0002,0.0003,0.0002,0,0,0.1077,0.0608,0.1077,0.0608,
1.435,0,0,0,0,1.435,0,0.7175,0,1.435,0,0.7175,0.7175,0.7175,0.7175,0.7175,1.435,0,0.7175,0,0.0002,0,0,0,0,0.0002,0,0.0001,0,0.0002,0,0.0001,0.0001,0.0001,0.0001,0.0001,0.0002,0,0.0001,0,0.1575,0.125,0.1575,0.125,
1.7108,0,0,0,0.6843,1.3687,0.3422,0.3422,1.7108,0.6843,0.6843,0.3422,0.3422,0.6843,3.7638,0.6843,0.6843,1.0265,0,0,0.0001,0,0,0,0.0001,0.0001,0,0,0.0001,0.0001,0.0001,0,0,0.0001,0.0003,0.0001,0.0001,0.0001,0,0,0.3308,0.327,0.3308,0.327,
0.5173,1.0347,0,0.5173,1.0347,0.5173,1.0347,0.5173,1.0347,0.5173,1.0347,0.5173,1.0347,0.5173,1.0347,0,1.0347,0.5173,0,0,0,0.0001,0,0,0.0001,0,0.0001,0,0.0001,0,0.0001,0,0.0001,0,0.0001,0,0.0001,0,0,0,0.2899,0.1928,0.2899,0.1928,
0.3867,1.16,0,0.3867,0,0.7733,0.3867,2.7066,1.5466,0.3867,0.3867,0.3867,0.3867,0.7733,3.4799,0.7733,0,0.3867,0,0,0,0.0001,0,0,0,0,0,0.0002,0.0001,0,0,0,0,0,0.0002,0,0,0,0,0,0.3184,0.2949,0.3184,0.2949,
0.4574,1.3722,0,1.3722,0.9148,1.8296,1.3722,0.4574,0,1.3722,2.7445,0.4574,0,0.4574,0.4574,2.2871,0.4574,1.3722,0.4574,0.9148,0,0.0001,0,0.0001,0,0.0001,0.0001,0,0,0.0001,0.0001,0,0,0,0,0.0001,0,0.0001,0,0,0.2701,0.2724,0.2701,0.2724,
0.4848,0,0.9695,0.4848,0,0.9695,0.4848,0,0,3.8781,0,0,0,0.9695,2.4238,1.4543,0.9695,0,0,0,0,0,0.0001,0,0,0.0001,0,0,0,0.0003,0,0,0,0.0001,0.0002,0.0001,0.0001,0,0,0,0.2852,0.23,0.2852,0.23,
0.3537,0,0.7073,0.7073,1.4147,1.061,1.061,1.061,1.061,0.7073,0.7073,0,0.7073,1.061,0.7073,1.7683,0.7073,0.3537,0.3537,1.061,0,0,0,0,0.0001,0.0001,0.0001,0.0001,0.0001,0,0,0,0,0.0001,0,0.0001,0,0,0,0.0001,0.3404,0.306,0.3404,0.306,
1.7681,0,0.8841,0.442,3.0942,0.8841,0,1.3261,0.442,3.0942,0.442,0.442,1.3261,0,0.8841,1.3261,0.8841,1.3261,0.442,0.442,0.0001,0,0,0,0.0002,0,0,0.0001,0,0.0002,0,0,0.0001,0,0,0.0001,0,0.0001,0,0,0.2653,0.2927,0.2653,0.2927,
0.369,0,0,0.369,0.738,1.1069,0.369,0,3.3208,0.738,1.1069,0.369,0.369,1.1069,3.6898,0.738,1.1069,0.369,0,0.369,0,0,0,0,0.0001,0.0001,0,0,0.0003,0.0001,0.0001,0,0,0.0001,0.0004,0.0001,0.0001,0,0,0,0.3332,0.2979,0.3332,0.2979,
1.5973,0,0,0,0,0,0.7987,0,0,0.7987,0.7987,0,0,0,0,0,1.5973,1.5973,1.5973,0,0.0003,0,0,0,0,0,0.0001,0,0,0.0001,0.0001,0,0,0,0,0,0.0003,0.0003,0.0003,0,0.0954,0.1059,0.0954,0.1059,
1.1752,0,1.5669,0.7834,1.1752,1.5669,0.3917,1.1752,0,0.7834,0.3917,1.9586,0.3917,0.7834,0.7834,0.7834,1.1752,2.7421,0.7834,0.3917,0.0001,0,0.0001,0,0.0001,0.0001,0,0.0001,0,0,0,0.0001,0,0,0,0,0.0001,0.0001,0,0,0.3224,0.2858,0.3224,0.2858,
0.4274,0,1.2823,1.2823,1.2823,0.8549,0,0,0.8549,1.2823,1.2823,0.8549,0,1.7097,0.4274,0.4274,0.4274,1.7097,0,0.8549,0,0,0.0001,0.0001,0.0001,0.0001,0,0,0.0001,0.0001,0.0001,0.0001,0,0.0001,0,0,0,0.0001,0,0.0001,0.2984,0.2742,0.2984,0.2742,
1.6276,0,0,1.085,2.7126,0.5425,0,2.7126,1.085,2.1701,1.085,0,1.085,0,1.085,0,0.5425,1.085,0,0.5425,0.0002,0,0,0.0001,0.0003,0.0001,0,0.0003,0.0001,0.0002,0.0001,0,0.0001,0,0.0001,0,0.0001,0.0001,0,0.0001,0.1961,0.2613,0.1961,0.2613,
0,0.7868,1.5736,0.3934,0.7868,0.7868,0.7868,0.3934,0.3934,0.7868,0.3934,0.3934,0.3934,1.5736,0.7868,0.7868,1.1802,0.7868,1.5736,0.7868,0,0,0.0001,0,0,0,0,0,0,0,0,0,0,0.0001,0,0,0.0001,0,0.0001,0,0.2811,0.3255,0.2811,0.3255,
0.5041,1.5122,0,0.5041,0.5041,0.5041,3.0244,1.5122,0,1.5122,0,1.0081,0.5041,0,0,1.0081,0,2.0163,1.0081,0.5041,0,0.0001,0,0,0,0,0.0001,0.0001,0,0.0001,0,0,0,0,0,0,0,0.0001,0,0,0.2701,0.2259,0.2701,0.2259,
0,0.8215,0,0,0.8215,0,0.8215,1.6429,0,0,2.4644,0,0,0,0,0.8215,0,0.8215,0,3.2858,0,0.0001,0,0,0.0001,0,0.0001,0.0002,0,0,0.0002,0,0,0,0,0.0001,0,0.0001,0,0.0003,0.0892,0.0893,0.0892,0.0893,
0.3438,0,0.3438,0,0,0.6876,0.3438,0.6876,2.0627,1.0313,0.3438,1.0313,0,0.6876,3.4378,0.6876,0.6876,1.0313,0,0.6876,0,0,0,0,0,0.0001,0,0.0001,0.0002,0.0001,0,0.0001,0,0.0001,0.0003,0.0001,0.0001,0.0001,0,0.0001,0.3669,0.2894,0.3669,0.2894,
0.4161,1.2484,0.8322,0.8322,0.4161,1.6645,0.4161,0.8322,0,2.4967,0.8322,2.0806,0,0.8322,1.2484,0,2.0806,0.4161,0.8322,0.8322,0,0.0001,0,0,0,0.0001,0,0,0,0.0001,0,0.0001,0,0,0.0001,0,0.0001,0,0,0,0.3204,0.2634,0.3204,0.2634,
0.4077,0.4077,0.4077,0.8154,0.8154,1.2231,1.2231,0.8154,1.6307,1.2231,1.6307,0.4077,0.8154,0,1.2231,0.8154,1.6307,0.4077,0.8154,1.6307,0,0,0,0,0,0.0001,0.0001,0,0.0001,0.0001,0.0001,0,0,0,0.0001,0,0.0001,0,0,0.0001,0.3201,0.2723,0.3201,0.2723,
0,0,0,0,2.3457,0.5864,0,0.5864,1.7593,0.5864,0.5864,0,0.5864,1.7593,0.5864,0.5864,1.1729,1.1729,1.1729,1.1729,0,0,0,0,0.0003,0.0001,0,0.0001,0.0002,0.0001,0.0001,0,0.0001,0.0002,0.0001,0.0001,0.0001,0.0001,0.0001,0.0001,0.2257,0.1879,0.2257,0.1879,
3.8923,0,0.7785,0,0,0,0,0,0,1.5569,0,0.7785,0,0.7785,0.7785,0.7785,0,0,0,0,0.0005,0,0.0001,0,0,0,0,0,0,0.0002,0,0.0001,0,0.0001,0.0001,0.0001,0,0,0,0,0.1177,0.1038,0.1177,0.1038,
1.8453,0,0.9226,0.9226,2.3066,0.9226,0,0.9226,0,3.6905,0.4613,0.4613,1.3839,0.4613,0.4613,0.9226,1.3839,1.3839,0.4613,0.4613,0.0001,0,0,0,0.0001,0,0,0,0,0.0002,0,0,0.0001,0,0,0,0.0001,0.0001,0,0,0.2564,0.2823,0.2564,0.2823,
0,0.6933,0.6933,0.6933,0,1.3865,0.6933,0,0,0,0,0,0,0,0,1.3865,0,0,1.3865,0,0,0.0001,0.0001,0.0001,0,0.0002,0.0001,0,0,0,0,0,0,0,0,0.0002,0,0,0.0002,0,0.1273,0.1795,0.1273,0.1795,
1.3842,2.0763,0,0.6921,0,1.3842,2.0763,0,0.6921,1.3842,0,0,0,0,0,1.3842,0,0,0,0.6921,0.0001,0.0001,0,0,0,0.0001,0.0001,0,0,0.0001,0,0,0,0,0,0.0001,0,0,0,0,0.1388,0.1691,0.1388,0.1691,
3.5501,0,0,1.42,0.71,0.71,0,1.42,0,2.13,0,0,0,0,0,0.71,0.71,0,0,0.71,0.0003,0,0,0.0001,0.0001,0.0001,0,0.0001,0,0.0002,0,0,0,0,0,0.0001,0.0001,0,0,0.0001,0.1367,0.1533,0.1367,0.1533,
0.7138,0,1.4277,0,0,0.7138,0,0,0,1.4277,0,0.7138,0,0,0.7138,0,0,0.7138,0.7138,0,0.0001,0,0.0002,0,0,0.0001,0,0,0,0.0002,0,0.0001,0,0,0.0001,0,0,0.0001,0.0001,0,0.1664,0.1198,0.1664,0.1198,
0.6592,0,0,0,0,0,0,1.3185,1.3185,0,0,0,1.3185,0.6592,0,1.3185,0.6592,0.6592,1.9777,0,0.0001,0,0,0,0,0,0,0.0001,0.0001,0,0,0,0.0001,0.0001,0,0.0001,0.0001,0.0001,0.0002,0,0.1651,0.1757,0.1651,0.1757,
0.7169,0,0,0,1.4339,0.7169,0,0,0.7169,0,0.7169,0,0,1.4339,0.7169,0,0,0,0.7169,0,0.0001,0,0,0,0.0002,0.0001,0,0,0.0001,0,0.0001,0,0,0.0002,0.0001,0,0,0,0.0001,0,0.154,0.1291,0.154,0.1291,
1.9852,0.4963,0.9926,2.4815,1.4889,0.9926,0.4963,0.9926,0,2.4815,0.4963,0.4963,0.9926,0.4963,0.4963,1.9852,1.9852,0.9926,0,0.9926,0.0001,0,0,0.0001,0.0001,0,0,0,0,0.0001,0,0,0,0,0,0.0001,0.0001,0,0,0,0.2409,0.2628,0.2409,0.2628,
0.7129,0.7129,0.7129,1.0693,0.7129,1.0693,1.4257,1.0693,1.0693,0.7129,0.7129,0.3564,0,0,1.7821,1.4257,0.7129,0.7129,0,0.3564,0,0,0,0.0001,0,0.0001,0.0001,0.0001,0.0001,0,0,0,0,0,0.0001,0.0001,0,0,0,0,0.2733,0.3703,0.2733,0.3703,
1.7374,1.1583,0.5791,0,0.5791,0,1.1583,1.1583,0,1.7374,0,2.8957,1.1583,0.5791,0,2.3166,0.5791,0.5791,0.5791,1.1583,0.0001,0.0001,0,0,0,0,0.0001,0.0001,0,0.0001,0,0.0001,0.0001,0,0,0.0001,0,0,0,0.0001,0.2304,0.1904,0.2304,0.1904,
0.7651,1.1476,1.5302,0,0.3825,1.1476,1.5302,1.1476,1.1476,1.1476,0.3825,0,0.3825,0,1.5302,1.1476,0,0.7651,0.3825,0.3825,0,0.0001,0.0001,0,0,0.0001,0.0001,0.0001,0.0001,0.0001,0,0,0,0,0.0001,0.0001,0,0,0,0,0.394,0.2234,0.394,0.2234,
1.5727,0,0,0,0.5242,0,1.0484,0.5242,0,3.1453,1.5727,0.5242,0,0,2.0969,2.0969,0,0.5242,0,0.5242,0.0001,0,0,0,0,0,0.0001,0,0,0.0003,0.0001,0,0,0,0.0002,0.0002,0,0,0,0,0.2423,0.2335,0.2423,0.2335,
0.8493,1.6986,0.8493,0.4247,0.8493,0.4247,1.274,1.6986,0.4247,1.274,1.6986,0.4247,1.274,0.8493,0.4247,0,1.274,1.274,0.8493,1.6986,0,0.0001,0,0,0,0,0.0001,0.0001,0,0.0001,0.0001,0,0.0001,0,0,0,0.0001,0.0001,0,0.0001,0.2705,0.3048,0.2705,0.3048,
0,0.7466,2.2399,0,0,1.4933,0.7466,0,0,0,0,1.4933,0,1.4933,0,0.7466,0,0,0,0.7466,0,0.0001,0.0003,0,0,0.0002,0.0001,0,0,0,0,0.0002,0,0.0002,0,0.0001,0,0,0,0.0001,0.1441,0.1093,0.1441,0.1093,
1.2402,0.8268,0,0,2.0671,0.4134,0.8268,1.6537,0.8268,1.6537,0.8268,1.2402,1.2402,0.8268,1.6537,0.4134,0.4134,1.2402,0,0.8268,0.0001,0,0,0,0.0001,0,0,0.0001,0,0.0001,0,0.0001,0.0001,0,0.0001,0,0,0.0001,0,0,0.2788,0.3078,0.2788,0.3078,
0,0.7422,0,0,0.7422,0.7422,0,0,0,0,0,0,0.7422,0.7422,0.7422,1.4845,0,0.7422,1.4845,0,0,0.0001,0,0,0.0001,0.0001,0,0,0,0,0,0,0.0001,0.0001,0.0001,0.0001,0,0.0001,0.0001,0,0.1259,0.1319,0.1259,0.1319,
0.3745,0.7491,0.3745,0.7491,0.3745,0.3745,0.7491,0.3745,1.1236,0,2.2472,0.3745,0.7491,0.7491,1.4981,2.9963,1.1236,0.7491,0.7491,1.1236,0,0,0,0,0,0,0,0,0.0001,0,0.0001,0,0,0,0.0001,0.0002,0.0001,0,0,0.0001,0.2804,0.3451,0.2804,0.3451,
0,0.6941,1.0412,0.3471,0.3471,0.3471,0.3471,0.3471,0.6941,1.7353,0.6941,2.0823,1.7353,0.6941,1.0412,0,0,1.0412,2.4294,1.0412,0,0,0,0,0,0,0,0,0,0.0001,0,0.0001,0.0001,0,0,0,0,0,0.0001,0,0.3379,0.315,0.3379,0.315,
0.8954,0,0.8954,0.4477,2.6863,0.8954,0,0.8954,0.4477,2.6863,1.3431,0.8954,0.8954,0.4477,0.4477,0.4477,1.7908,0.8954,0.4477,0.8954,0.0001,0,0.0001,0,0.0002,0.0001,0,0.0001,0,0.0002,0.0001,0.0001,0.0001,0,0,0,0.0001,0.0001,0,0.0001,0.2528,0.2995,0.2528,0.2995,
0.7191,0.3596,1.0787,2.5169,0.3596,0,0,0.7191,2.8764,0.7191,0.3596,0.3596,0.7191,1.4382,0,0.7191,2.1573,0.3596,0,0,0.0001,0,0.0001,0.0002,0,0,0,0.0001,0.0002,0.0001,0,0,0.0001,0.0001,0,0.0001,0.0002,0,0,0,0.3203,0.3202,0.3203,0.3202,
0,0,0,0,1.5231,1.5231,0,0.7616,0.7616,0.7616,1.5231,0,0.7616,0,0,0,0,0,1.5231,0,0,0,0,0,0.0002,0.0002,0,0.0001,0.0001,0.0001,0.0002,0,0.0001,0,0,0,0,0,0.0002,0,0.1214,0.117,0.1214,0.117,
0,0,1.4226,0,0.7113,1.4226,0.7113,0.7113,0.7113,0.7113,0,0,0.7113,0,0,0.7113,0,0,0,0,0,0,0.0002,0,0.0001,0.0002,0.0001,0.0001,0.0001,0.0001,0,0,0.0001,0,0,0.0001,0,0,0,0,0.1439,0.1448,0.1439,0.1448,
0,3.3973,0,1.1324,2.2649,2.8311,0,0,0.5662,1.6987,0.5662,0,1.1324,0,0,1.1324,0,1.6987,0.5662,0.5662,0,0.0001,0,0,0.0001,0.0001,0,0,0,0.0001,0,0,0,0,0,0,0,0.0001,0,0,0.2126,0.2212,0.2126,0.2212,
0,0,0,0,0.8257,0.8257,0,0,0,0.8257,0,1.6514,0.8257,0,0.8257,0,0,1.6514,0,0.8257,0,0,0,0,0.0001,0.0001,0,0,0,0.0001,0,0.0002,0.0001,0,0.0001,0,0,0.0002,0,0.0001,0.0981,0.0762,0.0981,0.0762,
1.2677,0.8452,0.4226,0.8452,0.4226,2.1129,0.4226,1.6903,1.6903,0,0,0.8452,0.8452,0.4226,0.4226,1.6903,1.2677,1.6903,0.8452,0.4226,0.0001,0,0,0,0,0.0001,0,0.0001,0.0001,0,0,0,0,0,0,0.0001,0.0001,0.0001,0,0,0.2972,0.2802,0.2972,0.2802,
0.6496,0.6496,1.2992,1.2992,0.6496,0.3248,0,0.6496,1.624,0,0.9744,0.9744,0.6496,0.6496,1.2992,0.6496,0.3248,0.6496,1.2992,0.9744,0,0,0.0001,0.0001,0,0,0,0,0.0001,0,0.0001,0.0001,0,0,0.0001,0,0,0,0.0001,0.0001,0.3564,0.3188,0.3564,0.3188,
0.3242,0.6484,0.9727,1.6211,0.6484,1.6211,0.6484,0.3242,0.9727,1.9453,0.6484,0,1.2969,0.3242,0.6484,0.3242,1.2969,0.3242,0.6484,0.9727,0,0,0.0001,0.0001,0,0.0001,0,0,0.0001,0.0001,0,0,0.0001,0,0,0,0.0001,0,0,0.0001,0.3175,0.3582,0.3175,0.3582,
0.5206,1.0413,1.0413,0.5206,0,1.5619,1.5619,0.5206,1.0413,0,0,1.0413,0,0,0.5206,0,1.5619,0.5206,0,0,0,0.0001,0.0001,0,0,0.0001,0.0001,0,0.0001,0,0,0.0001,0,0,0,0,0.0001,0,0,0,0.2919,0.1874,0.2919,0.1874,
1.1686,0.779,0,1.1686,1.5581,0.779,1.1686,1.5581,0.3895,0,1.1686,0.779,1.5581,1.9476,0.779,1.5581,0.3895,0.3895,0.779,1.5581,0.0001,0,0,0.0001,0.0001,0,0.0001,0.0001,0,0,0.0001,0,0.0001,0.0001,0,0.0001,0,0,0,0.0001,0.3442,0.2662,0.3442,0.2662,
0,1.499,0,0,0.7495,0.7495,0,0,0.7495,0,0.7495,0,0.7495,0,0.7495,1.499,0.7495,0,0,0,0,0.0001,0,0,0.0001,0.0001,0,0,0.0001,0,0.0001,0,0.0001,0,0.0001,0.0001,0.0001,0,0,0,0.1263,0.1242,0.1263,0.1242,
1.0106,1.0106,0,1.516,0,0.5053,1.0106,0.5053,1.0106,0.5053,1.0106,1.516,2.0213,0.5053,0,0.5053,1.0106,0,0.5053,1.516,0.0001,0.0001,0,0.0001,0,0,0.0001,0,0.0001,0,0.0001,0.0001,0.0001,0,0,0,0.0001,0,0,0.0001,0.2542,0.2405,0.2542,0.2405,
1.8355,0,0,0,2.4473,0.6118,0,2.4473,1.2236,2.4473,1.2236,0,1.8355,0.6118,0,3.0591,1.8355,2.4473,0,0.6118,0.0001,0,0,0,0.0001,0,0,0.0001,0.0001,0.0001,0.0001,0,0.0001,0,0,0.0002,0.0001,0.0001,0,0,0.2052,0.1829,0.2052,0.1829,
4.2234,0,0,0,1.4078,0.9385,0.4693,0.9385,1.4078,2.3463,0.4693,0.9385,1.4078,0.4693,0.4693,0,1.877,1.4078,0.4693,1.4078,0.0003,0,0,0,0.0001,0.0001,0,0.0001,0.0001,0.0002,0,0.0001,0.0001,0,0,0,0.0001,0.0001,0,0.0001,0.2937,0.2371,0.2937,0.2371,
1.1113,0,0.5557,0,2.2227,0.5557,0.5557,1.667,1.1113,3.334,1.1113,1.1113,1.667,0.5557,0,1.1113,0.5557,2.7784,0,0,0.0001,0,0,0,0.0001,0,0,0.0001,0.0001,0.0002,0.0001,0.0001,0.0001,0,0,0.0001,0,0.0002,0,0,0.2303,0.214,0.2303,0.214,
0,1.0925,0.3642,1.4567,0.3642,1.8208,0.7283,0.7283,1.0925,0.3642,2.185,0.7283,1.0925,0.7283,0.7283,0.7283,0.7283,1.0925,1.0925,0.7283,0,0.0001,0,0.0001,0,0.0001,0,0,0.0001,0,0.0001,0,0.0001,0,0,0,0,0.0001,0.0001,0,0.3597,0.2761,0.3597,0.2761,
0.3537,1.0612,0.7075,1.0612,0.3537,0.7075,0.7075,0.7075,2.4762,0.3537,1.415,1.0612,0.7075,0,0.3537,0.7075,0.7075,0,1.0612,1.415,0,0.0001,0,0.0001,0,0,0,0,0.0001,0,0.0001,0.0001,0,0,0,0,0,0,0.0001,0.0001,0.3343,0.312,0.3343,0.312,
2.3811,0,1.1906,0.5953,0,0.5953,0,1.1906,0,1.7859,0,1.1906,0.5953,0,1.1906,0,0.5953,2.9764,0,0,0.0002,0,0.0001,0,0,0,0,0.0001,0,0.0001,0,0.0001,0,0,0.0001,0,0,0.0002,0,0,0.1538,0.2509,0.1538,0.2509,
1.0757,0.7171,0,0.3586,1.0757,2.51,2.51,1.4343,0.7171,0,0.7171,0,0.7171,0.3586,0.3586,0.3586,0,1.4343,1.4343,0.7171,0.0001,0,0,0,0.0001,0.0001,0.0001,0.0001,0,0,0,0,0,0,0,0,0,0.0001,0.0001,0,0.3109,0.3305,0.3109,0.3305,
1.8347,1.8347,0,1.4678,0.3669,1.1008,0.3669,1.1008,0.7339,1.4678,0,0.7339,0.7339,0,1.1008,0.7339,1.1008,1.4678,1.1008,0.7339,0.0001,0.0001,0,0.0001,0,0,0,0,0,0.0001,0,0,0,0,0,0,0,0.0001,0,0,0.2799,0.3532,0.2799,0.3532,
0,0,1.4486,1.4486,0.9657,0.4829,0,0.4829,1.4486,1.9315,0,0.4829,0.9657,0.4829,0,0.9657,0.9657,1.9315,0,0,0,0,0.0001,0.0001,0.0001,0,0,0,0.0001,0.0001,0,0,0.0001,0,0,0.0001,0.0001,0.0001,0,0,0.2526,0.2646,0.2526,0.2646,
1.3596,0,0,0.6798,0,0,0,1.3596,0,2.0394,0.6798,0.6798,0,0,1.3596,0,0,0,0,0.6798,0.0002,0,0,0.0001,0,0,0,0.0002,0,0.0003,0.0001,0.0001,0,0,0.0002,0,0,0,0,0.0001,0.1351,0.1851,0.1351,0.1851,
0.6931,0.3466,0.3466,0,0.3466,0.6931,0,1.0397,2.426,0.6931,0.3466,1.3863,0.3466,0.3466,2.7726,0.6931,0.3466,1.0397,0,0.3466,0,0,0,0,0,0,0,0.0001,0.0002,0,0,0.0001,0,0,0.0002,0,0,0.0001,0,0,0.373,0.2804,0.373,0.2804,
2.0744,0,0.5186,0,1.0372,0.5186,1.5558,1.5558,0.5186,0.5186,0.5186,1.5558,1.0372,1.5558,0,0.5186,1.0372,1.0372,0.5186,0.5186,0.0002,0,0,0,0.0001,0,0.0001,0.0001,0,0,0,0.0001,0.0001,0.0001,0,0,0.0001,0.0001,0,0,0.2742,0.2072,0.2742,0.2072,
0.6234,0.6234,0.6234,0.6234,1.2469,0,1.2469,0,0,0.6234,0,0.6234,1.8703,0.6234,0,0,0.6234,0.6234,0.6234,0,0,0,0,0,0.0001,0,0.0001,0,0,0,0,0,0.0001,0,0,0,0,0,0,0,0.2031,0.1735,0.2031,0.1735,
0.6546,0.3273,1.3092,0.3273,0.6546,0.9819,1.3092,0.6546,0.6546,0.6546,1.3092,0.9819,0.6546,0,1.3092,0.3273,0.3273,0.6546,0.6546,0.9819,0,0,0.0001,0,0,0.0001,0.0001,0,0,0,0.0001,0.0001,0,0,0.0001,0,0,0,0,0.0001,0.3141,0.3586,0.3141,0.3586,
0.3456,0,0,1.0367,0.6912,0.6912,1.0367,0.3456,0,1.7279,1.0367,1.3823,0,1.3823,2.0735,0.3456,1.0367,1.0367,0.6912,0.6912,0,0,0,0.0001,0.0001,0.0001,0.0001,0,0,0.0001,0.0001,0.0001,0,0.0001,0.0002,0,0.0001,0.0001,0.0001,0.0001,0.3267,0.3277,0.3267,0.3277,
1.608,0,0.402,0.402,0.804,0.804,1.206,0.402,0.804,0,1.608,1.206,0.804,0.402,0.402,0,0.804,0.804,1.608,0.402,0.0001,0,0,0,0.0001,0.0001,0.0001,0,0.0001,0,0.0001,0.0001,0.0001,0,0,0,0.0001,0.0001,0.0001,0,0.2877,0.3103,0.2877,0.3103,
0,0.7861,0.7861,0,0,0,1.5721,0.7861,0,0.7861,0,0.7861,0,0.7861,0,0,0.7861,0,0,1.5721,0,0.0001,0.0001,0,0,0,0.0002,0.0001,0,0.0001,0,0.0001,0,0.0001,0,0,0.0001,0,0,0.0002,0.1062,0.1077,0.1062,0.1077,
0.4347,0,0.8694,0.8694,0.8694,0.4347,0.4347,0,0.8694,0.8694,0,0.8694,0,0.8694,0.8694,1.7388,0.8694,0.4347,0.4347,0.8694,0,0,0.0001,0.0001,0.0001,0,0,0,0.0001,0.0001,0,0.0001,0,0.0001,0.0001,0.0001,0.0001,0,0,0.0001,0.2772,0.2881,0.2772,0.2881,
0.7668,0.3834,0.3834,0,0.3834,0.3834,0.3834,0.7668,2.6837,0.7668,0.3834,0.7668,0.3834,0.7668,2.6837,1.1502,0.7668,1.5336,0,0.3834,0.0001,0,0,0,0,0,0,0.0001,0.0002,0.0001,0,0.0001,0,0.0001,0.0002,0.0001,0.0001,0.0001,0,0,0.3564,0.2602,0.3564,0.2602,
0.971,0,0,0.4855,0,0.971,0.4855,0.4855,1.9419,0.4855,1.4564,0,0.4855,0,3.3984,0,0,0.971,0,0.4855,0.0001,0,0,0.0001,0,0.0001,0.0001,0.0001,0.0002,0.0001,0.0002,0,0.0001,0,0.0004,0,0,0.0001,0,0.0001,0.35,0.1645,0.35,0.1645,
1.9382,0,0.4845,0.4845,1.9382,0.9691,0,1.9382,0.4845,3.8764,0.4845,0.9691,1.4536,0.4845,0.4845,1.4536,0.9691,0.9691,0.4845,0.4845,0.0001,0,0,0,0.0001,0,0,0.0001,0,0.0002,0,0,0.0001,0,0,0.0001,0,0,0,0,0.2473,0.2682,0.2473,0.2682,
0.3915,0.783,1.1745,1.1745,0.3915,0,0.3915,1.5661,1.9576,0.783,0,1.9576,0,1.1745,0.783,0.3915,0.3915,0.783,0.783,2.3491,0,0,0.0001,0.0001,0,0,0,0.0001,0.0001,0,0,0.0001,0,0.0001,0,0,0,0,0,0.0001,0.2779,0.3306,0.2779,0.3306,
0.607,1.214,0.607,0,1.821,0.607,0,1.214,0,0.607,0.607,1.214,1.214,0.607,0,1.214,2.428,0.607,1.821,1.214,0,0.0001,0,0,0.0001,0,0,0.0001,0,0,0,0.0001,0.0001,0,0,0.0001,0.0001,0,0.0001,0.0001,0.1906,0.2024,0.1906,0.2024,
0.5063,0,0,0,0,0,0,0,3.5439,0.5063,1.5188,0,0,0.5063,5.0627,0.5063,0,0,0.5063,0,0.0001,0,0,0,0,0,0,0,0.0006,0.0001,0.0002,0,0,0.0001,0.0008,0.0001,0,0,0.0001,0,0.3264,0.1673,0.3264,0.1673,
0,0,0.5359,1.0717,3.7511,1.0717,0,1.0717,0.5359,2.1435,0.5359,1.0717,1.0717,0,1.6076,1.0717,1.0717,2.1435,0,0.5359,0,0,0,0.0001,0.0003,0.0001,0,0.0001,0,0.0002,0,0.0001,0.0001,0,0.0001,0.0001,0.0001,0.0002,0,0,0.2247,0.2394,0.2247,0.2394,
0.5247,0,0.5247,0,3.1482,3.1482,0,2.6235,1.0494,2.6235,0.5247,0,0.5247,1.0494,1.0494,1.5741,1.0494,1.0494,0,0.5247,0,0,0,0,0.0002,0.0002,0,0.0001,0.0001,0.0001,0,0,0,0.0001,0.0001,0.0001,0.0001,0.0001,0,0,0.197,0.2783,0.197,0.2783,
1.2137,0,1.2137,0.9103,0,0.6068,0.6068,1.2137,1.8205,2.124,0.3034,0.9103,0.3034,0.3034,0.9103,0.3034,0.3034,0.3034,0.9103,0.9103,0.0001,0,0.0001,0.0001,0,0,0,0.0001,0.0001,0.0001,0,0.0001,0,0,0.0001,0,0,0,0.0001,0.0001,0.3757,0.3209,0.3757,0.3209,
1.1835,0,0.5918,0,1.7753,0.5918,0,1.7753,1.1835,3.5506,1.1835,1.1835,1.7753,0.5918,0,1.1835,1.1835,2.9588,0,0.5918,0.0001,0,0,0,0.0001,0,0,0.0001,0.0001,0.0002,0.0001,0.0001,0.0001,0,0,0.0001,0.0001,0.0002,0,0,0.217,0.1912,0.217,0.1912,
1.0964,0.5482,1.6445,0,1.6445,0.5482,0,0.5482,0.5482,0,1.0964,0,0.5482,1.0964,1.0964,0.5482,2.1927,0,0,0.5482,0.0001,0,0.0001,0,0.0001,0,0,0,0,0,0.0001,0,0,0.0001,0.0001,0,0.0002,0,0,0,0.2393,0.2125,0.2393,0.2125,
0.3954,1.1863,0.3954,0,0,0.3954,0.3954,1.1863,2.3727,0.3954,0.3954,1.1863,0.3954,1.1863,1.5818,1.1863,0,2.3727,0,0,0,0.0001,0,0,0,0,0,0.0001,0.0002,0,0,0.0001,0,0.0001,0.0001,0.0001,0,0.0002,0,0,0.3113,0.2932,0.3113,0.2932,
0.9948,0.4974,0.9948,1.9897,0.9948,0,0.4974,0.4974,0,0,0.4974,0.4974,0.4974,0.4974,0.9948,0,0.4974,2.4871,0.4974,1.4923,0.0001,0,0.0001,0.0001,0.0001,0,0,0,0,0,0,0,0,0,0.0001,0,0,0.0002,0,0.0001,0.3173,0.1853,0.3173,0.1853,
0.6082,0.6082,1.5206,1.2165,0.9123,0.3041,0.3041,0.3041,1.2165,0.9123,0.6082,0.3041,0.6082,0.3041,0.6082,1.8247,0.9123,0,0.9123,0.6082,0,0,0.0001,0.0001,0,0,0,0,0.0001,0,0,0,0,0,0,0.0001,0,0,0,0,0.325,0.3708,0.325,0.3708,
0.4025,1.2076,0,0,0,0.4025,0.4025,2.0126,2.0126,0.4025,0.4025,0.4025,0.4025,1.2076,3.6227,0.805,0.4025,0.805,0,0,0,0.0001,0,0,0,0,0,0.0001,0.0001,0,0,0,0,0.0001,0.0002,0.0001,0,0.0001,0,0,0.3378,0.2597,0.3378,0.2597,
0.6533,0.6533,0.6533,0.9799,0.6533,0.3266,0.9799,1.6332,0.9799,0,0.3266,0.6533,0.6533,0.6533,1.3066,0.3266,1.6332,0.9799,0.6533,1.3066,0,0,0,0.0001,0,0,0.0001,0.0001,0.0001,0,0,0,0,0,0.0001,0,0.0001,0.0001,0,0.0001,0.3603,0.313,0.3603,0.313,
1.3451,0.8967,1.3451,1.3451,1.3451,0.8967,1.3451,1.3451,0,0,1.3451,0.8967,0.4484,0.8967,0.4484,1.7935,0.4484,0.4484,0.8967,0.4484,0.0001,0,0.0001,0.0001,0.0001,0,0.0001,0.0001,0,0,0.0001,0,0,0,0,0.0001,0,0,0,0,0.2902,0.2614,0.2902,0.2614,
1.8048,0,0.6016,0,1.2032,1.2032,0,1.2032,0,2.4064,1.2032,0,0,0,0.6016,3.008,0,3.008,1.2032,0,0.0001,0,0,0,0.0001,0.0001,0,0.0001,0,0.0001,0.0001,0,0,0,0,0.0002,0,0.0002,0.0001,0,0.2484,0.15,0.2484,0.15,
1.4303,0.4768,0.9536,2.3839,1.9071,0.9536,0.4768,0.9536,0.4768,2.3839,0.4768,0,0.9536,0.4768,0.4768,1.4303,1.9071,1.4303,0,0.9536,0.0001,0,0,0.0001,0.0001,0,0,0,0,0.0001,0,0,0,0,0,0.0001,0.0001,0.0001,0,0,0.2482,0.275,0.2482,0.275,
0,2.0859,0.4172,0.8343,0.4172,0,0.8343,0,0.4172,0.4172,1.2515,1.6687,0.8343,0.4172,2.0859,1.2515,0.8343,0.4172,0.4172,0,0,0.0001,0,0,0,0,0,0,0,0,0.0001,0.0001,0,0,0.0001,0.0001,0,0,0,0,0.3139,0.2689,0.3139,0.2689,
0.5322,1.5966,0,0.5322,2.6611,0,0,1.0644,1.5966,0.5322,0.5322,0,0.5322,0,1.0644,0.5322,1.0644,1.5966,1.0644,0.5322,0,0.0001,0,0,0.0002,0,0,0.0001,0.0001,0,0,0,0,0,0.0001,0,0.0001,0.0001,0.0001,0,0.2571,0.2107,0.2571,0.2107,
0.4454,1.7815,1.3361,1.3361,0.4454,0,0.4454,1.3361,0,0.4454,0,0.8908,1.3361,0.4454,0,1.3361,0.8908,2.2269,1.7815,0.4454,0,0.0001,0.0001,0.0001,0,0,0,0.0001,0,0,0,0,0.0001,0,0,0.0001,0,0.0001,0.0001,0,0.2838,0.2708,0.2838,0.2708,
0.6883,1.0325,0.3442,1.7208,0.6883,0.6883,0.3442,0.3442,0.6883,1.0325,0.6883,0.6883,0.6883,0.3442,0.6883,0.3442,2.065,0.6883,1.0325,1.7208,0,0.0001,0,0.0001,0,0,0,0,0,0.0001,0,0,0,0,0,0,0.0001,0,0.0001,0.0001,0.3261,0.3298,0.3261,0.3298,
2.1206,0,0,0,0.7069,1.0603,0.3534,0,2.1206,1.0603,0.7069,0.3534,0.3534,0.3534,3.5344,0.7069,0.7069,1.4137,0,0,0.0002,0,0,0,0.0001,0.0001,0,0,0.0002,0.0001,0.0001,0,0,0,0.0003,0.0001,0.0001,0.0001,0,0,0.3204,0.3262,0.3204,0.3262,
2.1062,1.685,0,1.685,0.8425,0.4212,0,1.2637,0.4212,1.685,0.8425,0.8425,0.4212,0.8425,1.2637,0.4212,1.2637,0.4212,1.685,0.4212,0.0001,0.0001,0,0.0001,0,0,0,0.0001,0,0.0001,0,0,0,0,0.0001,0,0.0001,0,0.0001,0,0.2675,0.3112,0.2675,0.3112,
0.4604,0.4604,0.9209,0.4604,3.223,1.3813,1.3813,0,0.4604,0.9209,0.4604,0,0.4604,0.4604,0.4604,0.4604,1.3813,0.4604,0.4604,0.9209,0,0,0.0001,0,0.0002,0.0001,0.0001,0,0,0.0001,0,0,0,0,0,0,0.0001,0,0,0.0001,0.3005,0.2391,0.3005,0.2391,
1.2218,0,0,0,2.4436,1.2218,0,3.0545,0.6109,4.2763,0.6109,0,0,0,0.6109,1.2218,3.0545,0.6109,0,0,0.0001,0,0,0,0.0002,0.0001,0,0.0002,0,0.0003,0,0,0,0,0,0.0001,0.0002,0,0,0,0.2186,0.1705,0.2186,0.1705,
0,1.0663,1.0663,1.7771,0,1.7771,0.7108,0.7108,0.7108,1.0663,1.0663,0.7108,1.0663,0.7108,1.4217,0.7108,0,0.3554,0.3554,0.3554,0,0.0001,0.0001,0.0001,0,0.0001,0,0,0,0.0001,0.0001,0,0.0001,0,0.0001,0,0,0,0,0,0.3428,0.3018,0.3428,0.3018,
1.28,1.7066,0,0.8533,0.4267,0.8533,0.8533,1.28,0.8533,0.8533,0.4267,0,0.8533,0.4267,0.8533,0.8533,1.7066,0.4267,1.28,0,0.0001,0.0001,0,0,0,0,0,0.0001,0,0,0,0,0,0,0,0,0.0001,0,0.0001,0,0.2793,0.294,0.2793,0.294,
1.6391,3.2781,1.0927,1.6391,0.5464,0.5464,0.5464,1.0927,0.5464,0.5464,0,1.0927,2.7318,0.5464,1.0927,1.0927,0.5464,1.0927,0,0.5464,0.0001,0.0001,0,0.0001,0,0,0,0,0,0,0,0,0.0001,0,0,0,0,0,0,0,0.2585,0.1952,0.2585,0.1952,
1.937,0,0,0.9685,1.4528,0.4843,1.4528,0.4843,0,2.4213,0.9685,0,0.9685,0.9685,0.9685,0.9685,0.4843,0,0.4843,0.4843,0.0002,0,0,0.0001,0.0001,0,0.0001,0,0,0.0002,0.0001,0,0.0001,0.0001,0.0001,0.0001,0,0,0,0,0.2522,0.2635,0.2522,0.2635,
0.3923,1.1768,0.3923,0,0,0.7846,0.3923,1.1768,1.5691,0,0.3923,0.3923,0.3923,0.7846,2.7459,0.7846,0.7846,2.3537,0,0,0,0.0001,0,0,0,0.0001,0,0.0001,0.0001,0,0,0,0,0.0001,0.0002,0.0001,0.0001,0.0002,0,0,0.3168,0.2909,0.3168,0.2909,
2.0597,0,0,0,0.6866,1.3731,0.3433,0.3433,1.7164,0.3433,0.6866,0,0.3433,0.3433,3.7761,1.0298,1.0298,1.0298,0,0,0.0002,0,0,0,0.0001,0.0001,0,0,0.0002,0,0.0001,0,0,0,0.0003,0.0001,0.0001,0.0001,0,0,0.3882,0.2686,0.3882,0.2686,
2.8028,0,1.1211,0,0,1.1211,0,0.5606,0.5606,2.8028,0.5606,1.1211,2.2422,0.5606,0,1.6817,0.5606,0.5606,0,1.1211,0.0002,0,0.0001,0,0,0.0001,0,0,0,0.0002,0,0.0001,0.0001,0,0,0.0001,0,0,0,0.0001,0.224,0.2155,0.224,0.2155,
1.3585,0,1.3585,0.4528,0.4528,1.3585,0.4528,0,0.9057,0.9057,0,0,0,0.9057,1.3585,1.8113,1.3585,0.9057,0.4528,0.9057,0.0001,0,0.0001,0,0,0.0001,0,0,0.0001,0.0001,0,0,0,0.0001,0.0001,0.0001,0.0001,0.0001,0,0.0001,0.2612,0.286,0.2612,0.286,
0.3282,0.3282,0.6565,0.9847,0,0.3282,0.3282,0.6565,2.6259,1.6412,0.3282,0.9847,0.6565,0,1.9694,0.3282,2.6259,0.3282,0,0.9847,0,0,0.0001,0.0001,0,0,0,0.0001,0.0002,0.0001,0,0.0001,0.0001,0,0.0002,0,0.0002,0,0,0.0001,0.3514,0.3204,0.3514,0.3204,
0.4528,1.3583,1.3583,0.4528,0.9055,1.3583,0.9055,2.2639,0,1.3583,0.9055,0.9055,1.3583,1.3583,0.4528,0,0.9055,0.9055,0.4528,0.9055,0,0.0001,0.0001,0,0,0.0001,0,0.0001,0,0.0001,0,0,0.0001,0.0001,0,0,0,0,0,0,0.2888,0.2584,0.2888,0.2584,
0.7239,0.362,0.7239,0,1.0859,1.8099,1.8099,0,1.4479,1.8099,1.0859,0.7239,1.8099,0.362,0.7239,1.0859,0.362,1.0859,0.362,0,0,0,0,0,0.0001,0.0001,0.0001,0,0.0001,0.0001,0.0001,0,0.0001,0,0,0.0001,0,0.0001,0,0,0.3214,0.3167,0.3214,0.3167,
0.5356,0,1.0711,0,3.2134,1.6067,0,0.5356,1.0711,2.6779,0.5356,1.0711,1.0711,0,1.0711,1.0711,0.5356,2.6779,0,0.5356,0,0,0.0001,0,0.0002,0.0001,0,0,0.0001,0.0002,0,0.0001,0.0001,0,0.0001,0.0001,0,0.0002,0,0,0.2303,0.2342,0.2303,0.2342,
0.8099,0.405,0.8099,0.8099,0.405,0,2.4298,0.405,1.2149,1.2149,1.2149,0,0.405,0.8099,0.405,1.2149,1.2149,0.8099,0.405,0.405,0.0001,0,0.0001,0.0001,0,0,0.0002,0,0.0001,0.0001,0.0001,0,0,0.0001,0,0.0001,0.0001,0.0001,0,0,0.2951,0.2999,0.2951,0.2999,
0.3938,0.7876,1.1813,0.7876,1.9689,1.1813,0.3938,1.1813,0.7876,1.5751,0.3938,1.1813,0,0.3938,0.7876,0,0,0.7876,0.7876,0,0,0,0.0001,0,0.0001,0.0001,0,0.0001,0,0.0001,0,0.0001,0,0,0,0,0,0,0,0,0.2872,0.3191,0.2872,0.3191,
1.3504,2.2507,0,0.9003,0.4501,0.4501,0.4501,0.9003,1.3504,0.4501,1.8005,0.9003,0.9003,0.4501,0,0.4501,0.9003,2.7008,1.8005,1.8005,0.0001,0.0001,0,0,0,0,0,0,0.0001,0,0.0001,0,0,0,0,0,0,0.0001,0.0001,0.0001,0.3032,0.2467,0.3032,0.2467,
1.5321,0,0,1.0214,2.5535,0.5107,0,1.5321,2.0428,2.0428,0.5107,0,2.0428,0,0.5107,0.5107,1.5321,2.0428,0,0.5107,0.0001,0,0,0.0001,0.0002,0,0,0.0001,0.0002,0.0002,0,0,0.0002,0,0,0,0.0001,0.0002,0,0,0.2352,0.2541,0.2352,0.2541,
1.5759,0,0.5253,1.0506,1.0506,0,2.1012,0.5253,0,1.0506,0.5253,0.5253,0,0.5253,0.5253,0.5253,1.0506,1.0506,0.5253,0.5253,0.0002,0,0.0001,0.0001,0.0001,0,0.0002,0.0001,0,0.0001,0.0001,0.0001,0,0.0001,0.0001,0.0001,0.0001,0.0001,0.0001,0.0001,0.2293,0.2454,0.2293,0.2454,
0,0,0.7178,0,0,0,0,0,0,0,0,2.1534,0,0,0.7178,0,0.7178,0.7178,1.4356,0.7178,0,0,0.0001,0,0,0,0,0,0,0,0,0.0004,0,0,0.0001,0,0.0001,0.0001,0.0003,0.0001,0.1321,0.1501,0.1321,0.1501,
0,0,1.0732,0.5366,3.2197,1.6099,0,1.0732,0.5366,2.6831,0.5366,1.0732,1.0732,0,1.0732,1.0732,1.0732,2.1465,0,0.5366,0,0,0.0001,0,0.0002,0.0001,0,0.0001,0,0.0002,0,0.0001,0.0001,0,0.0001,0.0001,0.0001,0.0002,0,0,0.2294,0.234,0.2294,0.234,
0.7438,1.4876,0.7438,0,0.7438,1.4876,0.7438,0,0,0,2.2314,0.7438,1.4876,0,0,0.7438,0,0.7438,0,0,0.0001,0.0001,0.0001,0,0.0001,0.0001,0.0001,0,0,0,0.0002,0.0001,0.0001,0,0,0.0001,0,0.0001,0,0,0.1167,0.1395,0.1167,0.1395,
1.5227,0.7614,0,0,1.5227,0,0,0.7614,0,0.7614,0.7614,0.7614,0,0,0.7614,0,0,0.7614,0.7614,0.7614,0.0001,0.0001,0,0,0.0001,0,0,0.0001,0,0.0001,0.0001,0.0001,0,0,0.0001,0,0,0.0001,0.0001,0.0001,0.1407,0.098,0.1407,0.098,
0.8289,1.2434,0.4145,0.4145,1.6578,1.2434,0.8289,0.8289,0.4145,1.2434,1.2434,0.8289,0.8289,1.2434,0.4145,2.4867,1.2434,0,1.2434,0.8289,0,0.0001,0,0,0.0001,0.0001,0,0,0,0.0001,0.0001,0,0,0.0001,0,0.0001,0.0001,0,0.0001,0,0.2959,0.2897,0.2959,0.2897,
2.17,0,0.434,0.868,1.302,2.17,1.302,0,0,0,0,0,1.736,0.868,0.868,0.868,0.868,1.302,1.736,0.434,0.0002,0,0,0.0001,0.0001,0.0002,0.0001,0,0,0,0,0,0.0001,0.0001,0.0001,0.0001,0.0001,0.0001,0.0001,0,0.3136,0.2524,0.3136,0.2524,
2.3774,0,0,1.5849,0.7925,1.9811,0.3962,0.3962,2.3774,0,0.7925,2.7736,0.7925,1.5849,1.1887,0.7925,1.1887,0,0,0.3962,0.0002,0,0,0.0001,0.0001,0.0001,0,0,0.0002,0,0.0001,0.0002,0.0001,0.0001,0.0001,0.0001,0.0001,0,0,0,0.2597,0.3441,0.2597,0.3441,
1.4301,1.4301,0,2.8603,0.4767,0.9534,0,0.4767,1.9069,0,0.4767,1.4301,1.4301,1.4301,0.4767,0.4767,0,0.4767,0.9534,1.9069,0.0001,0.0001,0,0.0001,0,0,0,0,0.0001,0,0,0.0001,0.0001,0.0001,0,0,0,0,0,0.0001,0.2165,0.3068,0.2165,0.3068,
0,1.2015,0,0.6007,0,0.6007,1.2015,1.8022,0,1.8022,0,1.8022,0,0.6007,0.6007,1.2015,0.6007,0,0,1.2015,0,0.0001,0,0,0,0,0.0001,0.0001,0,0.0001,0,0.0001,0,0,0,0.0001,0,0,0,0.0001,0.1721,0.2271,0.1721,0.2271,
1.124,1.124,0.562,0.562,0.562,2.248,0,0.562,0.562,0,0.562,0.562,1.124,0,1.124,0,1.124,0,0,1.124,0.0001,0.0001,0,0,0,0.0001,0,0,0,0,0,0,0.0001,0,0.0001,0,0.0001,0,0,0.0001,0.2572,0.1808,0.2572,0.1808,
0.6655,0,1.3311,0,0,0.6655,0.6655,0,0.6655,0,0.6655,0,0,1.3311,0,0,0,0,1.3311,0,0.0001,0,0.0002,0,0,0.0001,0.0001,0,0.0001,0,0.0001,0,0,0.0002,0,0,0,0,0.0002,0,0.1772,0.1573,0.1772,0.1573,
0.4197,0.8393,1.6786,0,1.259,0.4197,0.8393,0.4197,0.4197,0.8393,0.4197,0,1.6786,1.259,0.8393,0.4197,0.4197,1.259,1.6786,0,0,0,0.0001,0,0.0001,0,0,0,0,0,0,0,0.0001,0.0001,0,0,0,0.0001,0.0001,0,0.2965,0.2838,0.2965,0.2838,
0.8493,0.4247,0.8493,2.548,0.4247,1.274,0.4247,1.274,0.8493,1.6987,0.4247,0.4247,0,0,0.4247,1.6987,0,1.274,0,0.8493,0,0,0,0.0001,0,0.0001,0,0.0001,0,0.0001,0,0,0,0,0,0.0001,0,0.0001,0,0,0.2711,0.3042,0.2711,0.3042,
1.0709,0,0,1.0709,1.6063,2.6772,0,0,1.0709,1.6063,0,1.0709,0,0,1.0709,1.0709,0.5354,0.5354,0,0.5354,0.0001,0,0,0.0001,0.0001,0.0002,0,0,0.0001,0.0001,0,0.0001,0,0,0.0001,0.0001,0,0,0,0,0.2311,0.2335,0.2311,0.2335,
1.2217,0.4072,0.8145,0.8145,0.8145,1.2217,1.2217,0.4072,0,0,1.6289,0,2.0362,1.2217,1.2217,1.2217,1.6289,1.2217,0.4072,0,0.0001,0,0.0001,0.0001,0.0001,0.0001,0.0001,0,0,0,0.0001,0,0.0001,0.0001,0.0001,0.0001,0.0001,0.0001,0,0,0.2716,0.3211,0.2716,0.3211,
0,0,0.7493,1.124,0.7493,0.3747,1.124,0.7493,1.124,0,0,0.7493,0.7493,0.7493,1.4986,1.124,1.124,1.4986,0.3747,1.124,0,0,0.0001,0.0001,0.0001,0,0.0001,0.0001,0.0001,0,0,0.0001,0.0001,0.0001,0.0001,0.0001,0.0001,0.0001,0,0.0001,0.3005,0.3249,0.3005,0.3249,
0.3387,1.355,2.3712,0,0.3387,1.0162,0,0.3387,1.355,0.6775,0,1.355,0.3387,1.0162,1.0162,1.355,1.6937,0.6775,1.0162,0.6775,0,0.0001,0.0001,0,0,0,0,0,0.0001,0,0,0.0001,0,0,0,0.0001,0.0001,0,0,0,0.3214,0.3399,0.3214,0.3399,
0.8794,0.4397,0.4397,0.8794,0.8794,0.4397,0,1.7588,1.7588,0.8794,0.4397,1.3191,1.3191,0.4397,0.4397,1.7588,0.4397,0,0.4397,1.3191,0,0,0,0,0,0,0,0.0001,0.0001,0,0,0.0001,0.0001,0,0,0.0001,0,0,0,0.0001,0.2748,0.2855,0.2748,0.2855,
0.4061,1.2182,0.4061,0,2.4365,1.6243,0.4061,2.0304,0.8122,1.2182,1.2182,0.8122,0.4061,1.2182,0.8122,1.2182,0,1.2182,0.8122,0.8122,0,0.0001,0,0,0.0001,0.0001,0,0.0001,0,0.0001,0.0001,0,0,0.0001,0,0.0001,0,0.0001,0,0,0.3142,0.2797,0.3142,0.2797,
0.7377,0.3688,0.3688,1.8442,0.7377,0.7377,1.4753,1.4753,0.3688,0.7377,1.4753,1.1065,1.4753,0.3688,0.3688,0.3688,1.1065,0.3688,1.1065,0,0,0,0,0.0001,0,0,0.0001,0.0001,0,0,0.0001,0.0001,0.0001,0,0,0,0.0001,0,0.0001,0,0.3114,0.3198,0.3114,0.3198,
0.6951,0,0.6951,0.6951,0.6951,0.6951,0.6951,0,0.6951,0,0,0,0.6951,0,0,1.3902,0,0.6951,0,0,0.0001,0,0.0001,0.0001,0.0001,0.0001,0.0001,0,0.0001,0,0,0,0.0001,0,0,0.0002,0,0.0001,0,0,0.1558,0.1491,0.1558,0.1491,
1.1786,0,0.7858,2.3573,0.3929,0.3929,0,0,1.9644,3.5359,0,0.7858,1.1786,0.7858,0.7858,1.1786,1.1786,1.9644,0,0.7858,0.0001,0,0,0.0001,0,0,0,0,0.0001,0.0002,0,0,0.0001,0,0,0.0001,0.0001,0.0001,0,0,0.288,0.3191,0.288,0.3191,
1.0335,0,0.5168,1.0335,1.5503,0.5168,0,0.5168,0.5168,0.5168,1.0335,0,0.5168,0.5168,1.0335,0,1.5503,0.5168,0.5168,0.5168,0.0001,0,0,0.0001,0.0001,0,0,0,0,0,0.0001,0,0,0,0.0001,0,0.0001,0,0,0,0.2988,0.1844,0.2988,0.1844,
0.3962,0,1.5848,0.3962,0.7924,1.981,0,0.3962,0.7924,0.7924,0.3962,0.3962,0,1.5848,1.1886,0.3962,0.3962,0.7924,0.3962,0.3962,0,0,0.0001,0,0.0001,0.0001,0,0,0.0001,0.0001,0,0,0,0.0001,0.0001,0,0,0.0001,0,0,0.3268,0.277,0.3268,0.277,
0,3.5939,0.599,0.599,0.599,2.9949,0.599,0.599,0,0.599,0,1.198,1.7969,0,0,1.198,3.5939,0,0.599,0,0,0.0001,0,0,0,0.0001,0,0,0,0,0,0,0.0001,0,0,0,0.0001,0,0,0,0.2158,0.1852,0.2158,0.1852,
0.5408,0.5408,1.6224,0.5408,1.0816,0,0,1.0816,0.5408,1.0816,0.5408,0,1.0816,0.5408,0.5408,0.5408,0.5408,0.5408,0.5408,0,0,0,0.0001,0,0.0001,0,0,0.0001,0,0.0001,0,0,0.0001,0,0,0,0,0,0,0,0.2141,0.245,0.2141,0.245,
0,1.1346,0,0.3782,0.3782,0.7564,0.7564,1.891,3.0256,0,0.3782,0.3782,0.3782,0.7564,1.891,1.1346,0,0.7564,0,0.3782,0,0.0001,0,0,0,0,0,0.0001,0.0002,0,0,0,0,0,0.0001,0.0001,0,0,0,0,0.3048,0.317,0.3048,0.317,
9.7813,0,1.5444,0,0,0,0,0.5148,2.0592,0.5148,0.5148,0,1.0296,0,0,0,1.0296,0,0,0,0.0009,0,0.0001,0,0,0,0,0,0.0002,0,0,0,0.0001,0,0,0,0.0001,0,0,0,0.2374,0.2478,0.2374,0.2478,
0,0.6954,0.3477,0.3477,0,1.3909,0.3477,1.3909,2.7817,0.3477,0.3477,1.0431,0.3477,0.3477,2.0863,1.0431,0.3477,1.0431,0,0.3477,0,0,0,0,0,0.0001,0,0.0001,0.0002,0,0,0.0001,0,0,0.0001,0.0001,0,0.0001,0,0,0.381,0.2713,0.381,0.2713,
1.3354,0,0.8902,0.4451,2.2256,0.8902,0.4451,2.2256,0.4451,3.1158,0.4451,0.4451,1.3354,0,0.4451,0.4451,1.7805,0.4451,0.4451,0.4451,0.0001,0,0,0,0.0001,0,0,0.0001,0,0.0002,0,0,0.0001,0,0,0,0.0001,0,0,0,0.2537,0.3012,0.2537,0.3012,
0,1.217,0.6085,0.6085,0,1.8255,0,0,1.217,0,0,0.6085,1.8255,0,0,0,0.6085,0.6085,0.6085,1.217,0,0.0001,0,0,0,0.0001,0,0,0.0001,0,0,0,0.0001,0,0,0,0,0,0,0.0001,0.2305,0.161,0.2305,0.161,
2.215,0.7383,1.1075,1.4766,0.7383,1.1075,1.1075,0.3692,1.8458,1.4766,0.3692,0.7383,0.3692,0.7383,0.3692,0.3692,1.4766,1.1075,0,0.3692,0.0001,0,0.0001,0.0001,0,0.0001,0.0001,0,0.0001,0.0001,0,0,0,0,0,0,0.0001,0.0001,0,0,0.3108,0.3201,0.3108,0.3201,
0.4559,0,0,0,0,0.9117,0,0,0,0,0.4559,0,1.3676,0,9.1171,0.9117,0,0.9117,0,0,0.0001,0,0,0,0,0.0001,0,0,0,0,0.0001,0,0.0002,0,0.0011,0.0001,0,0.0001,0,0,0.2216,0.3226,0.2216,0.3226,
0.4766,0,0.4766,0.4766,1.4297,0.9531,0,0.9531,0,3.8125,0.4766,2.3828,0.9531,0.9531,1.4297,1.4297,0.4766,0.9531,0,0.9531,0,0,0,0,0.0001,0.0001,0,0.0001,0,0.0002,0,0.0002,0.0001,0.0001,0.0001,0.0001,0,0.0001,0,0.0001,0.2434,0.28,0.2434,0.28,
0,0.4403,0.4403,1.3209,0.4403,0.4403,1.3209,0,1.3209,0.8806,0.8806,0.4403,0.4403,0,1.3209,0.4403,0,1.7612,1.7612,1.3209,0,0,0,0.0001,0,0,0.0001,0,0.0001,0.0001,0.0001,0,0,0,0.0001,0,0,0.0001,0.0001,0.0001,0.3229,0.2368,0.3229,0.2368,
0,0.9598,0.3199,1.9196,0,0.3199,0.3199,0.9598,1.5996,1.2797,0.3199,1.2797,0.6399,0,2.5594,0,1.9196,0.6399,0,0.6399,0,0.0001,0,0.0001,0,0,0,0.0001,0.0001,0.0001,0,0.0001,0,0,0.0002,0,0.0001,0,0,0,0.337,0.3431,0.337,0.3431,
0.4437,0.8874,0.8874,0.4437,1.3311,0,0.8874,1.3311,0.4437,0.8874,0.4437,0,0.8874,0.8874,0.4437,0.4437,0.8874,1.3311,2.6622,0.8874,0,0,0,0,0.0001,0,0,0.0001,0,0,0,0,0,0,0,0,0,0.0001,0.0001,0,0.3012,0.2551,0.3012,0.2551,
1.2696,0.8464,1.2696,1.2696,0,0.8464,0.8464,0,0,0,0.8464,1.2696,1.2696,0.8464,0.8464,0,0.4232,0.4232,0.4232,0.4232,0.0001,0.0001,0.0001,0.0001,0,0.0001,0.0001,0,0,0,0.0001,0.0001,0.0001,0.0001,0.0001,0,0,0,0,0,0.2836,0.2932,0.2836,0.2932,
1.0833,0,0,0.3611,0.3611,1.0833,0.7222,0,2.5278,0.7222,0.7222,0.3611,0.3611,0.3611,3.9722,1.0833,0.7222,1.0833,0,0.3611,0.0001,0,0,0,0,0.0001,0.0001,0,0.0002,0.0001,0.0001,0,0,0,0.0004,0.0001,0.0001,0.0001,0,0,0.2953,0.3436,0.2953,0.3436,
1.1964,1.1964,0.3988,1.9941,0,0.7976,0.7976,1.1964,0.7976,0.7976,0.7976,0.7976,0,0.7976,1.1964,0.3988,0.3988,1.1964,0.7976,0.3988,0.0001,0.0001,0,0.0001,0,0,0,0.0001,0,0,0,0,0,0,0.0001,0,0,0.0001,0,0,0.3116,0.2896,0.3116,0.2896,
0.5629,0,0.5629,1.6886,1.6886,1.6886,0,0,0.5629,0.5629,0,0,1.6886,0.5629,0,1.1257,1.1257,0,0,0.5629,0,0,0,0.0001,0.0001,0.0001,0,0,0,0,0,0,0.0001,0,0,0.0001,0.0001,0,0,0,0.2054,0.2317,0.2054,0.2317,
0,0.8705,0.4352,0.4352,0.8705,0.4352,1.3057,1.741,0.8705,1.3057,0.8705,1.741,0,0.4352,0.8705,0.8705,1.741,0.4352,0.4352,0.4352,0,0.0001,0,0,0.0001,0,0.0001,0.0001,0.0001,0.0001,0.0001,0.0001,0,0,0.0001,0.0001,0.0001,0,0,0,0.2711,0.2937,0.2711,0.2937,
0.7572,0.3786,0.7572,0,0.7572,1.1358,0.3786,0.3786,3.0287,0.7572,0.3786,0.7572,0.3786,1.1358,2.2715,1.1358,0.3786,2.2715,0,0,0,0,0,0,0,0.0001,0,0,0.0002,0,0,0,0,0.0001,0.0001,0.0001,0,0.0001,0,0,0.3452,0.2762,0.3452,0.2762,
0.4675,0.4675,0.4675,0.4675,0.4675,0.9351,0.9351,0.4675,1.8702,0.9351,2.3377,1.8702,1.4026,0.9351,0,0.4675,1.4026,0.9351,0.9351,0,0,0,0,0,0,0,0,0,0.0001,0,0.0001,0.0001,0.0001,0,0,0,0.0001,0,0,0,0.2535,0.279,0.2535,0.279,
1.7231,0,0.5744,0,1.7231,1.7231,0,0.5744,0,4.0206,0.5744,0.5744,0.5744,0.5744,2.8718,1.7231,0.5744,2.8718,0.5744,0.5744,0.0001,0,0,0,0.0001,0.0001,0,0,0,0.0002,0,0,0,0,0.0002,0.0001,0,0.0002,0,0,0.2057,0.2199,0.2057,0.2199,
0,0.7451,0,0.7451,0,0.7451,0.7451,0,0,1.4901,0.7451,1.4901,0,1.4901,0,0.7451,1.4901,1.4901,0,0,0,0.0001,0,0.0001,0,0.0001,0.0001,0,0,0.0002,0.0001,0.0002,0,0.0002,0,0.0001,0.0002,0.0002,0,0,0.1447,0.1102,0.1447,0.1102,
1.7851,0,0.595,0,1.19,1.7851,0,1.19,0,2.3801,1.19,0,0,0,0.595,1.7851,0.595,2.9751,1.19,0,0.0001,0,0,0,0.0001,0.0001,0,0.0001,0,0.0001,0.0001,0,0,0,0,0.0001,0,0.0002,0.0001,0,0.251,0.154,0.251,0.154,
1.2066,0.4022,0,0.4022,1.2066,0.8044,0.4022,0.8044,0.4022,0.4022,0.8044,0.4022,0.8044,0.8044,1.6088,0.8044,1.2066,0.4022,1.2066,0.8044,0.0001,0,0,0,0.0001,0.0001,0,0.0001,0,0,0.0001,0,0.0001,0.0001,0.0001,0.0001,0.0001,0,0.0001,0.0001,0.2908,0.307,0.2908,0.307,
1.1522,1.1522,0.5761,0.5761,1.1522,2.3043,0,0,0.5761,0,0,0.5761,1.1522,0.5761,1.1522,0,1.7283,0,0,0.5761,0.0001,0.0001,0,0,0.0001,0.0002,0,0,0,0,0,0,0.0001,0,0.0001,0,0.0001,0,0,0,0.2534,0.1705,0.2534,0.1705,
0.8529,0,0,0.8529,1.7058,0.8529,1.7058,0,1.2793,0.8529,0,0,0.8529,0.4264,1.2793,0.8529,1.7058,0.4264,0.8529,0.4264,0.0001,0,0,0.0001,0.0001,0.0001,0.0001,0,0.0001,0.0001,0,0,0.0001,0,0.0001,0.0001,0.0001,0,0.0001,0,0.3428,0.2308,0.3428,0.2308,
0.3692,0.7385,0.7385,0.7385,0.7385,0,1.477,1.477,1.1077,1.477,1.1077,1.477,0.3692,0.7385,0.7385,0.3692,0.3692,1.477,0.7385,1.477,0,0,0,0,0,0,0.0001,0.0001,0.0001,0.0001,0.0001,0.0001,0,0,0,0,0,0.0001,0,0.0001,0.3472,0.2836,0.3472,0.2836,
0.9146,0,0.9146,0.9146,0.4573,0.9146,0.4573,0.4573,0.9146,0.4573,1.3719,1.3719,0.9146,1.8292,0.4573,0.9146,1.3719,0.4573,1.3719,0,0.0001,0,0.0001,0.0001,0,0.0001,0,0,0.0001,0,0.0001,0.0001,0.0001,0.0001,0,0.0001,0.0001,0,0.0001,0,0.3132,0.2295,0.3132,0.2295,
0.7682,0.7682,1.9205,1.5364,0.7682,0.3841,0.3841,1.1523,1.1523,0.3841,0.3841,1.1523,2.3046,0.3841,0.3841,0.3841,1.9205,0.7682,0.3841,1.1523,0,0,0.0001,0.0001,0,0,0,0.0001,0.0001,0,0,0.0001,0.0001,0,0,0,0.0001,0,0,0.0001,0.3118,0.3041,0.3118,0.3041,
0.4758,0,0.9516,0,0.4758,0,0.4758,0.4758,1.9032,0.9516,0.4758,0.4758,0,0.9516,0.9516,0.9516,0.4758,1.4274,0,0.9516,0,0,0.0001,0,0,0,0,0,0.0002,0.0001,0,0,0,0.0001,0.0001,0.0001,0,0.0001,0,0.0001,0.2325,0.2917,0.2325,0.2917,
0.6861,0,1.3722,0,2.0583,0.3431,0.3431,0.6861,1.0292,0.6861,0.6861,0.6861,1.0292,0.6861,1.0292,0.6861,0.3431,1.3722,1.0292,0.3431,0,0,0.0001,0,0.0001,0,0,0,0.0001,0,0,0,0.0001,0,0.0001,0,0,0.0001,0.0001,0,0.3549,0.3021,0.3549,0.3021,
1.1675,0,0.5837,0,0.5837,0.5837,1.1675,0.5837,0,0,0.5837,0.5837,1.7512,0,0.5837,0,1.1675,0,1.1675,1.1675,0.0001,0,0,0,0,0,0.0001,0,0,0,0,0,0.0001,0,0,0,0.0001,0,0.0001,0.0001,0.1978,0.2184,0.1978,0.2184,
1.1691,0,0.3897,1.9485,1.1691,1.1691,0.3897,0,1.5588,0.3897,0.3897,0.3897,1.5588,0,1.1691,1.1691,0,1.1691,0.3897,0.7794,0.0001,0,0,0.0002,0.0001,0.0001,0,0,0.0001,0,0,0,0.0001,0,0.0001,0.0001,0,0.0001,0,0.0001,0.3078,0.3025,0.3078,0.3025,
0.5263,0.5263,1.5788,0.5263,0.5263,1.0526,0.5263,1.5788,0,0.5263,0.5263,1.0526,1.5788,0,0,0.5263,1.0526,1.0526,1.5788,1.5788,0,0,0.0001,0,0,0.0001,0,0.0001,0,0,0,0.0001,0.0001,0,0,0,0.0001,0.0001,0.0001,0.0001,0.2647,0.209,0.2647,0.209,
0,0,0.412,0,1.648,0.824,0.824,1.648,0.824,0,0.824,1.648,0.412,1.236,1.236,1.236,1.648,0.412,0.412,0.824,0,0,0,0,0.0001,0.0001,0.0001,0.0001,0.0001,0,0.0001,0.0001,0,0.0001,0.0001,0.0001,0.0001,0,0,0.0001,0.2906,0.2974,0.2906,0.2974,
0.3744,0.3744,1.1233,1.4977,0.7488,0,0.3744,0.3744,2.2465,1.1233,1.1233,1.1233,1.1233,1.1233,0.3744,1.1233,1.1233,0.7488,0,0,0,0,0.0001,0.0001,0,0,0,0,0.0001,0.0001,0.0001,0.0001,0.0001,0.0001,0,0.0001,0.0001,0,0,0,0.3306,0.295,0.3306,0.295,
0,1.0786,0,1.7977,0,0.3595,0.7191,0.7191,2.8763,1.0786,0.3595,1.4382,1.0786,0,0.7191,1.7977,1.0786,1.4382,0,0.7191,0,0.0001,0,0.0001,0,0,0,0,0.0002,0.0001,0,0.0001,0.0001,0,0,0.0001,0.0001,0.0001,0,0,0.3629,0.2775,0.3629,0.2775,
0,0,1.704,0.852,0,9.3721,7.668,0,0,0,0,0,0,0,0,0,0,0.852,0,0,0,0,0.0005,0.0002,0,0.0026,0.0021,0,0,0,0,0,0,0,0,0,0,0.0002,0,0,0.0613,0.0867,0.0613,0.0867,
1.2004,0.4001,1.2004,0.4001,0.8002,1.2004,1.2004,0.8002,0.4001,0.4001,2.0006,0,1.2004,0.4001,1.2004,0.4001,0.8002,0,0,2.8008,0.0001,0,0.0001,0,0,0.0001,0.0001,0,0,0,0.0001,0,0.0001,0,0.0001,0,0,0,0,0.0002,0.337,0.2629,0.337,0.2629,
0.5217,0,0.5217,0.5217,0.5217,1.5652,0.5217,0.5217,0.5217,0.5217,1.5652,0,0.5217,0.5217,0.5217,0.5217,0,0,1.5652,1.5652,0,0,0,0,0,0.0001,0,0,0,0,0.0001,0,0,0,0,0,0,0,0.0001,0.0001,0.2497,0.2286,0.2497,0.2286,
1.0602,2.1204,0.5301,1.0602,0.5301,0.5301,0.5301,0,0,1.0602,2.1204,0.5301,0.5301,0.5301,1.0602,0.5301,1.5903,2.1204,0,0,0.0001,0.0001,0,0.0001,0,0,0,0,0,0.0001,0.0001,0,0,0,0.0001,0,0.0001,0.0001,0,0,0.2236,0.2463,0.2236,0.2463,
0.799,0.799,0,1.598,0,0,0,1.598,0,0.799,0,0,0,0,0,0.799,0.799,0.799,0.799,0,0.0001,0.0001,0,0.0002,0,0,0,0.0002,0,0.0001,0,0,0,0,0,0.0001,0.0001,0.0001,0.0001,0,0.1495,0.0515,0.1495,0.0515,
1.1177,0.3726,0.3726,0.7452,1.1177,1.4903,1.4903,0,0.3726,1.1177,0,0.3726,0.3726,1.1177,1.4903,0.3726,0.3726,0.3726,0.3726,0,0.0001,0,0,0.0001,0.0001,0.0001,0.0001,0,0,0.0001,0,0,0,0.0001,0.0001,0,0,0,0,0,0.2947,0.3327,0.2947,0.3327,
0.405,0.405,0.81,0,2.025,0,0,1.62,1.215,0.405,0.405,2.025,0.405,0.405,2.025,2.025,0.81,2.43,0.405,0.405,0,0,0,0,0.0001,0,0,0.0001,0.0001,0,0,0.0001,0,0,0.0001,0.0001,0,0.0001,0,0,0.3051,0.2899,0.3051,0.2899,
1.2191,0.4064,1.2191,0,1.6255,0.4064,1.2191,0.4064,0,0.4064,0.8127,1.2191,0.8127,0.4064,1.6255,0.4064,0,0.8127,1.6255,0.8127,0.0001,0,0.0001,0,0.0001,0,0.0001,0,0,0,0,0.0001,0,0,0.0001,0,0,0,0.0001,0,0.2756,0.318,0.2756,0.318,
1.5307,1.1481,0,0.7654,1.1481,1.1481,0.7654,2.2961,1.5307,0.7654,0.7654,1.5307,0.7654,0.7654,1.1481,0,0,1.1481,0.3827,0.7654,0.0001,0.0001,0,0,0.0001,0.0001,0,0.0001,0.0001,0,0,0.0001,0,0,0.0001,0,0,0.0001,0,0,0.3319,0.2854,0.3319,0.2854,
2.4474,0,0,0,1.6316,1.6316,0,0,0,0,0.8158,0,0.8158,0,0.8158,0,0,0,0,0,0.0004,0,0,0,0.0003,0.0003,0,0,0,0,0.0001,0,0.0001,0,0.0001,0,0,0,0,0,0.093,0.0912,0.093,0.0912,
0,0,0,0,0,0,1.3606,1.3606,0,0.6803,0,0.6803,1.3606,0.6803,0.6803,0,0.6803,0,1.3606,0.6803,0,0,0,0,0,0,0.0002,0.0002,0,0.0001,0,0.0001,0.0002,0.0001,0.0001,0,0.0001,0,0.0002,0.0001,0.1858,0.1339,0.1858,0.1339,
0,0,0.5506,0,0,0.5506,0.5506,1.6519,0,1.6519,0,1.1013,0.5506,0,1.6519,0.5506,0.5506,1.1013,0,0.5506,0,0,0,0,0,0,0,0.0001,0,0.0001,0,0.0001,0,0,0.0001,0,0,0.0001,0,0,0.2457,0.2037,0.2457,0.2037,
0,0.3844,2.6911,1.1533,0.3844,0.3844,0.3844,0,0.7689,0.7689,1.5378,1.1533,0,0.7689,0,0.3844,0.7689,1.1533,1.1533,0.7689,0,0,0.0002,0.0001,0,0,0,0,0.0001,0.0001,0.0001,0.0001,0,0.0001,0,0,0.0001,0.0001,0.0001,0.0001,0.3444,0.2712,0.3444,0.2712,
0,2.4977,0.8326,1.2489,0.8326,0.4163,0.4163,0,1.6651,0.8326,0.4163,0.4163,0.4163,0,0.4163,1.2489,0,1.2489,1.2489,1.6651,0,0.0001,0,0.0001,0,0,0,0,0.0001,0,0,0,0,0,0,0.0001,0,0.0001,0.0001,0.0001,0.2968,0.2869,0.2968,0.2869,
0,0,0,0,3.5038,0.5005,0,2.0022,0.5005,7.0076,1.5016,0.5005,1.5016,1.5016,1.0011,1.0011,1.5016,0.5005,0,1.5016,0,0,0,0,0.0002,0,0,0.0001,0,0.0004,0.0001,0,0.0001,0.0001,0.0001,0.0001,0.0001,0,0,0.0001,0.2441,0.2553,0.2441,0.2553,
0.8551,0.8551,0,1.2827,0,1.7103,1.2827,0,0.4276,1.2827,1.7103,0.8551,0.4276,1.2827,0.8551,1.2827,0,0,0.4276,1.2827,0,0,0,0.0001,0,0.0001,0.0001,0,0,0.0001,0.0001,0,0,0.0001,0,0.0001,0,0,0,0.0001,0.3076,0.2649,0.3076,0.2649,
0,0.7045,1.4091,0,0,0,0.7045,0.7045,0,0,1.4091,0,0,0.7045,0,0.7045,0.7045,0,0.7045,0,0,0.0001,0.0001,0,0,0,0.0001,0.0001,0,0,0.0001,0,0,0.0001,0,0.0001,0.0001,0,0.0001,0,0.1653,0.1302,0.1653,0.1302,
1.2478,2.0797,0,1.2478,1.2478,1.6637,1.2478,1.2478,0.4159,1.2478,0.4159,0.4159,1.2478,0.8319,0.4159,0.8319,1.6637,0.8319,0.4159,0.8319,0,0.0001,0,0,0,0.0001,0,0,0,0,0,0,0,0,0,0,0.0001,0,0,0,0.2781,0.306,0.2781,0.306,
1.3165,0.4388,1.3165,0,0.8777,1.7554,0.8777,0.4388,0.4388,0,1.7554,0.4388,0.4388,0.4388,0.8777,0,1.3165,2.633,0.4388,0.8777,0.0001,0,0.0001,0,0.0001,0.0001,0.0001,0,0,0,0.0001,0,0,0,0.0001,0,0.0001,0.0002,0,0.0001,0.2987,0.2625,0.2987,0.2625,
0.5942,2.3767,1.1884,0.5942,0.5942,1.1884,0,0.5942,0,0.5942,0,0.5942,0.5942,0,1.1884,0.5942,2.3767,0,0,1.1884,0,0.0001,0.0001,0,0,0.0001,0,0,0,0,0,0,0,0,0.0001,0,0.0001,0,0,0.0001,0.1553,0.2505,0.1553,0.2505,
0.503,0.503,0,1.509,1.509,0.503,1.006,0,0,0,0,1.509,1.006,1.509,1.006,1.006,2.012,0.503,0.503,0,0,0,0,0.0001,0.0001,0,0.0001,0,0,0,0,0.0001,0.0001,0.0001,0.0001,0.0001,0.0002,0,0,0,0.2356,0.2614,0.2356,0.2614,
1.8941,0,0,0.9471,0,1.4206,0,0,0.4735,0.9471,0.9471,0.4735,0.4735,0.4735,1.8941,0.9471,0.9471,0.9471,0,1.4206,0.0002,0,0,0.0001,0,0.0001,0,0,0,0.0001,0.0001,0,0,0,0.0002,0.0001,0.0001,0.0001,0,0.0001,0.3331,0.1934,0.3331,0.1934,
0.8503,2.1258,0.4252,0.4252,0,0.4252,0,0.4252,1.2755,1.2755,0.4252,0.4252,1.2755,0.4252,2.1258,0,1.2755,1.2755,0,0.4252,0,0.0001,0,0,0,0,0,0,0.0001,0.0001,0,0,0.0001,0,0.0001,0,0.0001,0.0001,0,0,0.2641,0.3107,0.2641,0.3107,
0.7798,0.7798,0.7798,0,0,0.7798,1.1697,0.7798,1.1697,1.1697,1.9496,1.1697,1.5597,0.3899,0.7798,1.9496,1.1697,0.7798,0.3899,0.3899,0,0,0,0,0,0,0.0001,0,0.0001,0.0001,0.0001,0.0001,0.0001,0,0,0.0001,0.0001,0,0,0,0.3212,0.2889,0.3212,0.2889,
0.5608,0.5608,1.1216,0,0,1.1216,0,2.2431,0,0,0,1.1216,0.5608,1.1216,1.1216,0,1.1216,0,0,1.1216,0,0,0.0001,0,0,0.0001,0,0.0002,0,0,0,0.0001,0,0.0001,0.0001,0,0.0001,0,0,0.0001,0.2112,0.228,0.2112,0.228,
0,1.579,1.0526,1.0526,0.5263,1.579,0.5263,1.0526,0.5263,1.0526,1.0526,1.0526,2.1053,0,1.0526,0.5263,0.5263,0.5263,0,0.5263,0,0.0001,0.0001,0.0001,0,0.0001,0,0.0001,0,0.0001,0.0001,0.0001,0.0001,0,0.0001,0,0,0,0,0,0.2832,0.1905,0.2832,0.1905,
2.9635,0,0.5927,1.1854,0.5927,0,0.5927,0.5927,0.5927,1.7781,0,0,1.7781,0,0,0.5927,0,0,0,0.5927,0.0003,0,0.0001,0.0001,0.0001,0,0.0001,0.0001,0.0001,0.0002,0,0,0.0002,0,0,0.0001,0,0,0,0.0001,0.2149,0.1924,0.2149,0.1924,
0.3587,0,0,0,0.3587,1.4347,0.3587,0,2.1521,1.076,0.3587,0.3587,0.7174,0.3587,5.0215,0.3587,1.4347,0.7174,0.3587,0.3587,0,0,0,0,0,0.0001,0,0,0.0002,0.0001,0,0,0.0001,0,0.0005,0,0.0001,0.0001,0,0,0.3067,0.3346,0.3067,0.3346,
0.3757,1.127,0.3757,0.3757,0,0.7513,0.3757,0.3757,2.6297,0.7513,0.3757,0.3757,0.3757,0.7513,1.8783,0.7513,0,2.254,0,0,0,0.0001,0,0,0,0,0,0,0.0002,0,0,0,0,0,0.0001,0,0,0.0001,0,0,0.3205,0.3039,0.3205,0.3039,
1.84,0,0,0,0.736,1.104,0.736,0.368,1.472,1.104,0.736,0.368,0.736,0.368,4.416,1.104,0.736,0.368,0,0,0.0002,0,0,0,0.0001,0.0001,0.0001,0,0.0001,0.0001,0.0001,0,0.0001,0,0.0004,0.0001,0.0001,0,0,0,0.3214,0.3106,0.3214,0.3106,
0.8124,0.8124,0.8124,1.2186,0.8124,0.8124,0.8124,0.4062,0.4062,0,0.8124,0.8124,0,0,0.4062,1.2186,2.4373,1.6248,0,2.4373,0,0,0,0.0001,0,0,0,0,0,0,0,0,0,0,0,0.0001,0.0001,0.0001,0,0.0001,0.2964,0.2974,0.2964,0.2974,
0,0.9177,0.4589,0.9177,1.8355,0.9177,0.9177,1.3766,0.9177,0.4589,0,0.9177,0.9177,0,0.4589,0.4589,0.4589,0.4589,0.9177,0.9177,0,0,0,0,0.0001,0,0,0.0001,0,0,0,0,0,0,0,0,0,0,0,0,0.2523,0.2888,0.2523,0.2888,
0.494,0.988,0.988,0.494,0,0.988,0.494,0,0.988,0,0.494,0.988,0.988,1.482,0.988,0.988,1.482,0,1.482,0,0,0.0001,0.0001,0,0,0.0001,0,0,0.0001,0,0,0.0001,0.0001,0.0001,0.0001,0.0001,0.0001,0,0.0001,0,0.2349,0.271,0.2349,0.271,
0.3884,1.1652,0,0.3884,0,0.7768,0.3884,1.9421,1.5537,0.3884,0.7768,0.3884,0.3884,0.7768,3.4957,0.7768,0,0.7768,0,0,0,0.0001,0,0,0,0.0001,0,0.0001,0.0001,0,0.0001,0,0,0.0001,0.0002,0.0001,0,0.0001,0,0,0.3175,0.2941,0.3175,0.2941,
0,0,0,0,1.3922,0,1.3922,1.3922,1.3922,0,0,0,0,0.6961,0,0,0.6961,0,0.6961,0,0,0,0,0,0.0003,0,0.0003,0.0003,0.0003,0,0,0,0,0.0001,0,0,0.0001,0,0.0001,0,0.1801,0.1237,0.1801,0.1237,
0,0.3932,0.7863,1.1795,0,0.7863,1.1795,0,1.1795,0.7863,0.3932,0.3932,0.7863,0.3932,0.3932,0.7863,1.1795,0,1.9659,1.9659,0,0,0.0001,0.0001,0,0.0001,0.0001,0,0.0001,0.0001,0,0,0.0001,0,0,0.0001,0.0001,0,0.0001,0.0001,0.2542,0.3526,0.2542,0.3526,
0,0.5187,1.0374,0,1.0374,0.5187,1.0374,0.5187,0,2.0747,0.5187,0.5187,0.5187,1.5561,1.5561,0,1.5561,0.5187,0.5187,1.0374,0,0,0.0001,0,0.0001,0,0.0001,0,0,0.0001,0,0,0,0.0001,0.0001,0,0.0001,0,0,0.0001,0.2433,0.238,0.2433,0.238,
1.5693,1.177,1.5693,0.7847,0,0.3923,0.7847,0,1.177,0.7847,0.7847,0.3923,1.9616,0,1.5693,0.3923,1.5693,1.177,0,0.7847,0.0001,0.0001,0.0001,0,0,0,0,0,0.0001,0,0,0,0.0001,0,0.0001,0,0.0001,0.0001,0,0,0.3878,0.2199,0.3878,0.2199,
0,0.7037,0,1.4075,0,1.4075,0.7037,0,0,0,1.4075,0.7037,0,0,0,0,1.4075,1.4075,0.7037,0,0,0.0001,0,0.0001,0,0.0001,0.0001,0,0,0,0.0001,0.0001,0,0,0,0,0.0001,0.0001,0.0001,0,0.1409,0.1553,0.1409,0.1553,
0.4924,0.9848,0.4924,0,2.4621,1.4773,0,0.4924,0.4924,2.4621,1.4773,3.447,1.9697,0.4924,0.4924,0.4924,0.9848,1.4773,0.9848,1.4773,0,0,0,0,0.0001,0.0001,0,0,0,0.0001,0.0001,0.0001,0.0001,0,0,0,0,0.0001,0,0.0001,0.2686,0.2389,0.2686,0.2389,
2.7354,0,1.3677,0.4559,2.7354,0.4559,0,0.9118,0.9118,5.0149,0.4559,0,1.8236,0.9118,0,0,0,1.8236,0.4559,0.4559,0.0002,0,0.0001,0,0.0002,0,0,0.0001,0.0001,0.0003,0,0,0.0001,0.0001,0,0,0,0.0001,0,0,0.29,0.2541,0.29,0.2541,
1.2216,0.6108,0.6108,0,0.6108,0.6108,0,1.2216,1.2216,0.6108,0,0.6108,0.6108,0,0.6108,1.2216,1.2216,0.6108,0,0.6108,0.0001,0.0001,0.0001,0,0.0001,0.0001,0,0.0001,0.0001,0.0001,0,0.0001,0.0001,0,0.0001,0.0001,0.0001,0.0001,0,0.0001,0.2343,0.1549,0.2343,0.1549,
0.6771,1.6928,0.3386,0,0.3386,0.3386,1.6928,0,2.0314,0.6771,0.6771,1.6928,0.3386,0.3386,1.0157,1.6928,1.0157,0.6771,0,1.6928,0,0.0001,0,0,0,0,0.0001,0,0.0001,0,0,0.0001,0,0,0,0.0001,0,0,0,0.0001,0.3629,0.2985,0.3629,0.2985,
1.3256,0.4419,1.7675,0,0.4419,0,1.3256,0,0.4419,2.6513,0,0,0.8838,1.3256,1.3256,2.2094,0,1.3256,0.8838,0,0.0001,0,0.0001,0,0,0,0.0001,0,0,0.0001,0,0,0,0.0001,0.0001,0.0001,0,0.0001,0,0,0.2669,0.2913,0.2669,0.2913,
1.1217,0.5608,0,0.5608,0,0.5608,0.5608,1.6825,1.1217,1.1217,0.5608,0.5608,2.2433,0.5608,0,1.6825,0.5608,0,0.5608,1.1217,0.0001,0,0,0,0,0,0,0.0001,0.0001,0.0001,0,0,0.0001,0,0,0.0001,0,0,0,0.0001,0.2178,0.2213,0.2178,0.2213,
0.4459,0.4459,1.7835,0.4459,0.4459,0.8917,1.3376,0,0.4459,1.3376,0,0,0.4459,0.8917,0.4459,0,1.3376,0,0.8917,0.4459,0,0,0.0001,0,0,0.0001,0.0001,0,0,0.0001,0,0,0,0.0001,0,0,0.0001,0,0.0001,0,0.2607,0.2934,0.2607,0.2934,
0,0,0.4566,1.3697,2.2828,0,0.4566,2.2828,0.9131,1.3697,0.9131,1.3697,0.4566,1.3697,0.4566,0,0.9131,0.4566,0.4566,0.4566,0,0,0,0.0001,0.0002,0,0,0.0002,0.0001,0.0001,0.0001,0.0001,0,0.0001,0,0,0.0001,0,0,0,0.2536,0.2899,0.2536,0.2899,
1.0584,0,0,0.5292,1.0584,2.6461,0,1.0584,0,4.763,0.5292,0.5292,1.0584,1.0584,1.0584,0.5292,0.5292,2.1169,0,1.0584,0.0001,0,0,0,0.0001,0.0002,0,0.0001,0,0.0003,0,0,0.0001,0.0001,0.0001,0,0,0.0001,0,0.0001,0.2173,0.2535,0.2173,0.2535,
0,0,0,0,0.6855,1.7138,0.3428,0,1.371,0.3428,0.6855,0,0,0,5.1414,1.371,2.0566,1.7138,0,0,0,0,0,0,0.0001,0.0002,0,0,0.0001,0,0.0001,0,0,0,0.0005,0.0001,0.0002,0.0002,0,0,0.3664,0.2908,0.3664,0.2908,
1.5817,0,0.5272,0.5272,0.5272,2.109,0,1.0545,0,3.1635,0.5272,0,1.0545,1.0545,1.0545,0.5272,1.5817,2.6362,0.5272,1.0545,0.0001,0,0,0,0,0.0001,0,0.0001,0,0.0002,0,0,0.0001,0.0001,0.0001,0,0.0001,0.0002,0,0.0001,0.2242,0.2486,0.2242,0.2486,
1.4218,0.9478,0.4739,0,0.4739,0.9478,0,0.4739,0.4739,1.4218,0.4739,0.9478,1.8957,0.9478,1.8957,0.9478,3.7913,1.4218,0,2.8435,0.0001,0,0,0,0,0,0,0,0,0.0001,0,0,0.0001,0,0.0001,0,0.0002,0.0001,0,0.0001,0.3006,0.2255,0.3006,0.2255,
0.371,0.742,1.1129,0.742,0.742,1.1129,0.742,0.371,0.371,1.4839,1.4839,1.1129,0.742,0,1.4839,1.4839,1.8549,1.1129,1.4839,0,0,0,0.0001,0,0,0.0001,0,0,0,0.0001,0.0001,0.0001,0,0,0.0001,0.0001,0.0001,0.0001,0.0001,0,0.3322,0.2968,0.3322,0.2968,
3.5507,0,0.7101,0,0.7101,1.4203,0.7101,0,0,2.1304,0,1.4203,1.4203,0,0,0,0.7101,0.7101,0,0.7101,0.0003,0,0.0001,0,0.0001,0.0001,0.0001,0,0,0.0002,0,0.0001,0.0001,0,0,0,0.0001,0.0001,0,0.0001,0.1252,0.1647,0.1252,0.1647,
0.846,0,0,0,3.3839,0,0.846,0,0,1.692,0,0,1.692,0,0,0,0,0,0,0,0.0002,0,0,0,0.0008,0,0.0002,0,0,0.0004,0,0,0.0004,0,0,0,0,0,0,0,0.0861,0.0679,0.0861,0.0679,
1.7142,0,0.8571,0,0.8571,0,4.2856,0.8571,0,0.4286,0.8571,0.4286,1.7142,0.8571,0.4286,0.4286,0.8571,0.8571,0,0.8571,0.0001,0,0.0001,0,0.0001,0,0.0004,0.0001,0,0,0.0001,0,0.0001,0.0001,0,0,0.0001,0.0001,0,0.0001,0.329,0.2425,0.329,0.2425,
1.0995,1.8324,1.8324,1.0995,1.0995,0.3665,0.733,0.3665,0.3665,1.0995,0.733,0.3665,0.3665,0.733,1.0995,1.466,0.733,0.733,0.733,0.733,0,0.0001,0.0001,0,0,0,0,0,0,0,0,0,0,0,0,0.0001,0,0,0,0,0.3029,0.3306,0.3029,0.3306,
0.7022,0,0,3.1598,0,0.7022,0,1.0533,1.7554,1.0533,0.3511,0,0,0,0.7022,0.7022,0.3511,1.0533,0.3511,0.7022,0.0001,0,0,0.0002,0,0.0001,0,0.0001,0.0001,0.0001,0,0,0,0,0.0001,0.0001,0,0.0001,0,0.0001,0.3197,0.3292,0.3197,0.3292,
0.6876,0,0,0,0.6876,2.0629,0,0.6876,1.3753,1.3753,0,0,0.6876,0,0.6876,0.6876,1.3753,0.6876,0,0,0.0001,0,0,0,0.0001,0.0002,0,0.0001,0.0002,0.0002,0,0,0.0001,0,0.0001,0.0001,0.0002,0.0001,0,0,0.2066,0.1058,0.2066,0.1058,
0.4388,1.3164,0.8776,1.3164,0.8776,0.8776,1.3164,0.8776,0.4388,0.4388,0.4388,0.4388,0.8776,1.3164,0,0.4388,1.3164,1.3164,2.194,0,0,0.0001,0,0.0001,0,0,0.0001,0,0,0,0,0,0,0.0001,0,0,0.0001,0.0001,0.0001,0,0.2946,0.2666,0.2946,0.2666,
1.0862,2.1724,0.5431,0.5431,0,1.6293,0,1.6293,1.0862,0,1.6293,0,1.0862,1.0862,0.5431,1.6293,0.5431,2.1724,0,1.0862,0,0.0001,0,0,0,0.0001,0,0.0001,0,0,0.0001,0,0,0,0,0.0001,0,0.0001,0,0,0.2287,0.2282,0.2287,0.2282,
0.361,0,1.083,1.083,0,0,1.8051,1.4441,0.361,1.8051,1.4441,0.722,0,1.083,1.083,1.4441,1.083,0.361,0.361,0.722,0,0,0.0001,0.0001,0,0,0.0001,0.0001,0,0.0001,0.0001,0.0001,0,0.0001,0.0001,0.0001,0.0001,0,0,0.0001,0.3398,0.2992,0.3398,0.2992,
1.4064,0.4688,1.4064,1.4064,1.4064,0.9376,0.4688,0.9376,0.4688,2.3441,0.4688,0,0.9376,0.9376,0.4688,1.8753,2.3441,0.9376,0,0.9376,0.0001,0,0.0001,0.0001,0.0001,0,0,0,0,0.0001,0,0,0,0,0,0.0001,0.0001,0,0,0,0.2643,0.2669,0.2643,0.2669,
0,0.4432,1.7729,0.4432,0,0,0.4432,0,0.4432,1.3297,1.3297,1.7729,0,0.4432,1.7729,0.4432,0.8865,0.4432,0,0.8865,0,0,0.0001,0,0,0,0,0,0,0.0001,0.0001,0.0001,0,0,0.0001,0,0.0001,0,0,0.0001,0.3006,0.2562,0.3006,0.2562,
0.5723,0,0,0,0,1.7168,0,0,1.1445,0,0.5723,0,0.5723,0,1.1445,1.1445,0,1.7168,1.1445,0,0,0,0,0,0,0.0001,0,0,0.0001,0,0,0,0,0,0.0001,0.0001,0,0.0001,0.0001,0,0.1938,0.234,0.1938,0.234,
2.114,1.057,0.5285,0.5285,0.5285,1.057,0.5285,1.057,0,0.5285,2.6425,0.5285,2.114,0.5285,0.5285,1.057,0.5285,1.5855,1.5855,0.5285,0.0001,0,0,0,0,0,0,0,0,0,0.0001,0,0.0001,0,0,0,0,0.0001,0.0001,0,0.2872,0.1843,0.2872,0.1843,
1.3012,0,0,0,0.6506,0.9759,0.3253,0,1.6264,0.9759,0.6506,0.6506,0.3253,0.6506,3.5782,1.3012,0.9759,0.9759,0,0,0.0001,0,0,0,0.0001,0.0001,0,0,0.0001,0.0001,0.0001,0.0001,0,0.0001,0.0003,0.0001,0.0001,0.0001,0,0,0.3829,0.2918,0.3829,0.2918,
0.5806,3.4834,0,0.5806,0,1.7417,0,2.3222,1.7417,0,0,0.5806,1.1611,0,0,2.9028,0,1.7417,0,1.1611,0,0.0001,0,0,0,0.0001,0,0.0001,0.0001,0,0,0,0,0,0,0.0001,0,0.0001,0,0,0.2254,0.194,0.2254,0.194,
1.2758,0.8506,0.4253,0.8506,1.2758,0.8506,1.2758,1.2758,0,0.8506,0.8506,0.4253,0.8506,0,1.2758,1.2758,0.8506,0,0.4253,0.8506,0.0001,0,0,0,0.0001,0,0.0001,0.0001,0,0,0,0,0,0,0.0001,0.0001,0,0,0,0,0.3286,0.2461,0.3286,0.2461,
0.4111,0,1.2332,0.4111,0,2.0554,0.4111,1.2332,3.6996,0.4111,0.4111,1.2332,0,0,0.4111,0,0.4111,1.2332,0,0.4111,0,0,0.0001,0,0,0.0002,0,0.0001,0.0003,0,0,0.0001,0,0,0,0,0,0.0001,0,0,0.309,0.2799,0.309,0.2799,
0,0,0,0,0.827,0.827,0,0,0,0,0,1.6541,0.827,0.827,0,0,1.6541,0.827,0.827,0,0,0,0,0,0.0001,0.0001,0,0,0,0,0,0.0002,0.0001,0.0001,0,0,0.0002,0.0001,0.0001,0,0.1021,0.0708,0.1021,0.0708,
0.7769,0,0,0,0,2.3307,0,0.7769,0.7769,1.5538,0,0,0.7769,0,0,1.5538,0,1.5538,0,0,0.0001,0,0,0,0,0.0003,0,0.0001,0.0001,0.0002,0,0,0.0001,0,0,0.0002,0,0.0002,0,0,0.1181,0.105,0.1181,0.105,
2.989,0.5978,0.5978,0.5978,1.1956,1.1956,0.5978,0,0,0.5978,0,1.1956,1.7934,0,0.5978,1.1956,0.5978,0.5978,0,0,0.0002,0,0,0,0.0001,0.0001,0,0,0,0,0,0.0001,0.0001,0,0,0.0001,0,0,0,0,0.1958,0.2064,0.1958,0.2064,
2.5775,0.4296,1.2887,0,0.8592,1.2887,0.4296,0.4296,0,0.8592,0.4296,0.4296,0.8592,0.4296,0.8592,0.4296,0.8592,0,1.7183,0.4296,0.0001,0,0.0001,0,0,0.0001,0,0,0,0,0,0,0,0,0,0,0,0,0.0001,0,0.3055,0.265,0.3055,0.265,
0.7606,0,0,0,0,0.7606,0,0.7606,0.7606,0.7606,1.5212,0,0,1.5212,0,0.7606,0,0.7606,0.7606,0,0.0001,0,0,0,0,0.0001,0,0.0001,0.0001,0.0001,0.0002,0,0,0.0002,0,0.0001,0,0.0001,0.0001,0,0.1085,0.1309,0.1085,0.1309,
0.4966,1.4897,0.4966,0.4966,1.4897,0.9932,0.4966,0.4966,0.4966,0,0,0,0.4966,0.4966,0.9932,0.9932,0,0,0.4966,1.9863,0,0.0001,0,0,0.0001,0.0001,0,0,0,0,0,0,0,0,0.0001,0.0001,0,0,0,0.0001,0.2468,0.2566,0.2468,0.2566,
0.5359,1.0718,1.0718,0,0.5359,0.5359,0,0.5359,1.0718,0.5359,0,0.5359,0,1.0718,1.0718,1.0718,0,0,0,0.5359,0,0.0001,0.0001,0,0,0,0,0,0.0001,0,0,0,0,0.0001,0.0001,0.0001,0,0,0,0,0.2271,0.237,0.2271,0.237,
3.0043,0,0.8584,0.4292,0,3.4335,0,1.7168,0.8584,0.4292,0.8584,0,0.4292,0,0.8584,0.8584,0.4292,3.8627,0.4292,0.4292,0.0002,0,0.0001,0,0,0.0002,0,0.0001,0.0001,0,0.0001,0,0,0,0.0001,0.0001,0,0.0002,0,0,0.2651,0.3057,0.2651,0.3057,
0.3821,1.1463,0.3821,0,0,0.7642,0.3821,1.5285,1.9106,0,0.3821,0.3821,0.3821,0.7642,2.6748,0.7642,0.3821,1.9106,0,0,0,0.0001,0,0,0,0.0001,0,0.0001,0.0001,0,0,0,0,0.0001,0.0002,0.0001,0,0.0001,0,0,0.3062,0.3116,0.3062,0.3116,
0,0,0.6682,0.6682,0.6682,0.6682,1.3363,0,0,0,0,0,0,0.6682,0.6682,0.6682,0.6682,0,0,0.6682,0,0,0.0001,0.0001,0.0001,0.0001,0.0002,0,0,0,0,0,0,0.0001,0.0001,0.0001,0.0001,0,0,0.0001,0.2323,0.0995,0.2323,0.0995,
1.3267,0,1.6584,0.995,0.6634,0.995,0.995,0.6634,0.995,0.3317,0,0.3317,0.995,0,0.995,0.6634,1.3267,0.3317,1.3267,0,0.0001,0,0.0001,0.0001,0,0.0001,0.0001,0,0.0001,0,0,0,0.0001,0,0.0001,0,0.0001,0,0.0001,0,0.3305,0.3379,0.3305,0.3379,
4.0558,0,1.5209,2.0279,1.0139,1.5209,0.507,2.0279,0,2.5349,0.507,0,1.5209,0,0,1.0139,2.0279,1.0139,0,0.507,0.0002,0,0.0001,0.0001,0.0001,0.0001,0,0.0001,0,0.0001,0,0,0.0001,0,0,0.0001,0.0001,0.0001,0,0,0.2578,0.2353,0.2578,0.2353,
1.8229,0,0,0,1.2153,1.2153,0,3.0382,0.6076,4.2534,0.6076,0,0.6076,0,0.6076,1.8229,2.4305,0,0,0.6076,0.0001,0,0,0,0.0001,0.0001,0,0.0002,0,0.0003,0,0,0,0,0,0.0001,0.0002,0,0,0,0.2226,0.1697,0.2226,0.1697,
0,0.7358,0,0.7358,0,0.7358,0.7358,0.7358,0,1.4716,0.7358,0,0,0,0,0.7358,1.4716,0,0.7358,0,0,0.0001,0,0.0001,0,0.0001,0.0001,0.0001,0,0.0001,0.0001,0,0,0,0,0.0001,0.0001,0,0.0001,0,0.1364,0.1279,0.1364,0.1279,
0,1.4878,0,0,0,0.7439,0.7439,0.7439,0,0.7439,2.9757,0,0.7439,1.4878,0,0.7439,0.7439,2.2318,0.7439,1.4878,0,0.0001,0,0,0,0,0,0,0,0,0.0002,0,0,0.0001,0,0,0,0.0001,0,0.0001,0.1156,0.1404,0.1156,0.1404,
1.3239,1.3239,0.8826,0.8826,0.8826,0.4413,0.4413,1.7651,0.8826,3.9716,0.8826,0.4413,0.4413,0.4413,1.7651,0.4413,2.6477,1.3239,0,0.4413,0.0001,0.0001,0,0,0,0,0,0.0001,0,0.0002,0,0,0,0,0.0001,0,0.0001,0.0001,0,0,0.2916,0.2671,0.2916,0.2671,
0.3519,0,1.4077,1.4077,0.7039,1.0558,1.7597,0.3519,1.0558,0.7039,1.4077,0.3519,0.7039,0.7039,1.4077,0,1.4077,1.4077,0.7039,0.7039,0,0,0.0001,0.0001,0.0001,0.0001,0.0001,0,0.0001,0.0001,0.0001,0,0.0001,0.0001,0.0001,0,0.0001,0.0001,0.0001,0.0001,0.2925,0.3556,0.2925,0.3556,
0.7327,1.4655,0,0,0,0.7327,0,0,0.7327,0,0,0,0.7327,0,0.7327,0,0,0.7327,0.7327,1.4655,0.0001,0.0001,0,0,0,0.0001,0,0,0.0001,0,0,0,0.0001,0,0.0001,0,0,0.0001,0.0001,0.0001,0.1629,0.1044,0.1629,0.1044,
0.7237,0,0.7237,0,0.7237,0.7237,0.7237,0.7237,0,0,0,0,1.4474,0,0.7237,0,0,0.7237,0,0.7237,0.0001,0,0.0001,0,0.0001,0.0001,0.0001,0.0001,0,0,0,0,0.0003,0,0.0001,0,0,0.0001,0,0.0001,0.1169,0.1594,0.1169,0.1594,
1.2897,0,0,0,0.6448,0.9673,0.3224,0.9673,2.257,0.6448,0.6448,0,0.3224,0.3224,3.8691,0.9673,0.9673,0,0,0,0.0001,0,0,0,0.0001,0.0001,0,0.0001,0.0002,0.0001,0.0001,0,0,0,0.0003,0.0001,0.0001,0,0,0,0.3324,0.3451,0.3324,0.3451,
0.4863,1.9452,1.4589,0.4863,0.4863,0.4863,0.9726,0.9726,0.9726,0,0.4863,0.9726,0.4863,1.4589,0.4863,0.4863,0,0.9726,0,0.4863,0,0.0001,0.0001,0,0,0,0.0001,0.0001,0.0001,0,0,0.0001,0,0.0001,0,0,0,0.0001,0,0,0.2535,0.2602,0.2535,0.2602,
0.8416,0.4208,0,1.6831,2.1039,1.2623,0.8416,1.6831,1.2623,0.4208,0,0.4208,0,0.8416,0.8416,0.8416,0.8416,0.4208,0.4208,0.4208,0.0001,0,0,0.0001,0.0001,0.0001,0.0001,0.0001,0.0001,0,0,0,0,0.0001,0.0001,0.0001,0.0001,0,0,0,0.2614,0.3178,0.2614,0.3178,
1.978,0,0.4945,0.4945,0.4945,0.989,0.989,0.4945,0,0.989,2.967,0,0.4945,0.4945,0.989,0,1.4835,1.4835,0,1.978,0.0002,0,0,0,0,0.0001,0.0001,0,0,0.0001,0.0002,0,0,0,0.0001,0,0.0001,0.0001,0,0.0002,0.2818,0.2237,0.2818,0.2237,
1.2694,1.6926,1.6926,0,0.8463,0.8463,1.2694,0,0,1.2694,1.2694,0.4231,0.8463,0,0.8463,0.8463,0,0.8463,1.2694,0.8463,0.0001,0.0001,0.0001,0,0,0,0.0001,0,0,0.0001,0.0001,0,0,0,0,0,0,0,0.0001,0,0.3248,0.252,0.3248,0.252,
1.706,0,1.1373,0,2.2747,1.706,0.5687,1.1373,0.5687,2.2747,1.706,1.1373,0,0,0,1.1373,0,1.1373,0.5687,0.5687,0.0001,0,0.0001,0,0.0001,0.0001,0,0.0001,0,0.0001,0.0001,0.0001,0,0,0,0.0001,0,0.0001,0,0,0.197,0.2344,0.197,0.2344,
0.9457,1.8914,0.9457,0.4729,0.4729,2.3643,0,1.4186,0.4729,2.3643,0,0.4729,0.9457,0,0.4729,0.9457,0.9457,0.4729,0.4729,1.4186,0,0.0001,0,0,0,0.0001,0,0.0001,0,0.0001,0,0,0,0,0,0,0,0,0,0.0001,0.2877,0.2395,0.2877,0.2395,
1.4026,0.3506,1.0519,0.3506,1.0519,0,0.7013,1.4026,0.3506,0.7013,1.0519,1.4026,0.7013,0.7013,2.4545,1.4026,0.3506,0.3506,0.3506,0.3506,0.0001,0,0.0001,0,0.0001,0,0,0.0001,0,0,0.0001,0.0001,0,0,0.0001,0.0001,0,0,0,0,0.3091,0.3402,0.3091,0.3402,
1.5421,1.5421,0.771,0,0,0.3855,0.771,0.771,1.1566,1.1566,1.1566,1.1566,0.771,1.1566,1.1566,1.5421,0.3855,0.771,0.771,0.771,0.0001,0.0001,0,0,0,0,0,0,0.0001,0.0001,0.0001,0.0001,0,0.0001,0.0001,0.0001,0,0,0,0,0.3221,0.2923,0.3221,0.2923,
0.7205,0.3602,0.7205,1.4409,1.0807,1.0807,0.3602,0.7205,0.3602,0.3602,1.0807,0.7205,1.0807,1.0807,1.4409,1.8012,0.3602,0.7205,0.3602,1.8012,0,0,0,0.0001,0.0001,0.0001,0,0,0,0,0.0001,0,0.0001,0.0001,0.0001,0.0001,0,0,0,0.0001,0.3369,0.3028,0.3369,0.3028,
0,1.6819,0,0,0.841,0.841,0,0,0,0.841,0,0.841,0,0.841,0,0,0,0,0.841,1.6819,0,0.0001,0,0,0.0001,0.0001,0,0,0,0.0001,0,0.0001,0,0.0001,0,0,0,0,0.0001,0.0001,0.0885,0.0706,0.0885,0.0706,
0.9878,0,0.4939,0,1.4818,1.4818,0.4939,0.9878,0.4939,1.4818,0.4939,0,1.4818,0,1.4818,0,0.9878,0,0.4939,0.9878,0.0001,0,0,0,0.0001,0.0001,0,0.0001,0,0.0001,0,0,0.0001,0,0.0001,0,0.0001,0,0,0.0001,0.2455,0.2606,0.2455,0.2606,
0.4982,2.9895,1.993,0.4982,0,0.9965,0,0,0.9965,0.4982,0,0.4982,0.9965,0,0.4982,0.9965,1.993,1.4947,0,0,0,0.0001,0.0001,0,0,0,0,0,0,0,0,0,0,0,0,0,0.0001,0.0001,0,0,0.2692,0.2325,0.2692,0.2325,
0,0.9872,0,0,0,0.4936,1.4809,0.4936,2.4681,0,0,0,0.4936,1.9745,0,0.4936,0.4936,0.4936,1.4809,0.4936,0,0.0001,0,0,0,0,0.0001,0,0.0002,0,0,0,0,0.0002,0,0,0,0,0.0001,0,0.3081,0.1983,0.3081,0.1983,
1.1129,0,0.5564,1.1129,1.6693,0.5564,0,2.7821,0,2.7821,1.1129,0.5564,0,0.5564,0.5564,1.6693,1.1129,2.7821,0,0,0.0001,0,0,0.0001,0.0001,0,0,0.0002,0,0.0002,0.0001,0,0,0,0,0.0001,0.0001,0.0002,0,0,0.1943,0.2493,0.1943,0.2493,
0,0,1.1485,2.297,1.1485,0,1.1485,0,0.5742,0.5742,1.1485,0,0,0,1.1485,0,0.5742,1.7227,0,0,0,0,0.0001,0.0003,0.0001,0,0.0001,0,0.0001,0.0001,0.0001,0,0,0,0.0001,0,0.0001,0.0002,0,0,0.2551,0.1707,0.2551,0.1707,
0.3733,1.1199,0.3733,0.3733,0,0.7466,0.7466,0.7466,2.2397,0,1.1199,0.3733,0.3733,0.7466,2.2397,0.3733,0,1.8664,0,0,0,0.0001,0,0,0,0.0001,0.0001,0.0001,0.0002,0,0.0001,0,0,0.0001,0.0002,0,0,0.0001,0,0,0.3215,0.3053,0.3215,0.3053,
0.8901,0.8901,0,0,0,0.8901,0,0.8901,0,0.8901,0.8901,0.8901,0,0.8901,0,0,0.8901,1.7802,0,0,0.0001,0.0001,0,0,0,0.0001,0,0.0001,0,0.0001,0.0001,0.0001,0,0.0001,0,0,0.0001,0.0002,0,0,0.0726,0.0373,0.0726,0.0373,
0,0.6365,0,0,0.6365,1.2731,0.6365,0.6365,0,0,1.2731,0.6365,0.6365,0,1.2731,0,0,0.6365,0.6365,0.6365,0,0.0001,0,0,0.0001,0.0001,0.0001,0.0001,0,0,0.0001,0.0001,0.0001,0,0.0001,0,0,0.0001,0.0001,0.0001,0.1823,0.1812,0.1823,0.1812,
0,0,0,0,0,1.6469,0,0.8235,0,0.8235,0.8235,0,0.8235,0,0.8235,2.4704,0,0.8235,0,0,0,0,0,0,0,0.0002,0,0.0001,0,0.0001,0.0001,0,0.0001,0,0.0001,0.0003,0,0.0001,0,0,0.1051,0.0715,0.1051,0.0715,
0,0.576,0,0.576,0.576,0.576,0.576,1.1521,1.7281,0.576,0,0,0.576,0,0.576,0.576,0,0,0.576,1.1521,0,0.0001,0,0.0001,0.0001,0.0001,0.0001,0.0001,0.0002,0.0001,0,0,0.0001,0,0.0001,0.0001,0,0,0.0001,0.0001,0.2478,0.1762,0.2478,0.1762,
1.111,0,2.222,0,0,0.7407,0.7407,1.111,0.3703,0.7407,0.7407,0.7407,0.7407,1.8517,1.111,0.7407,0.7407,1.111,0.3703,1.4814,0.0001,0,0.0001,0,0,0,0,0.0001,0,0,0,0,0,0.0001,0.0001,0,0,0.0001,0,0.0001,0.2962,0.3335,0.2962,0.3335,
1.7094,0.8547,1.282,0.4273,1.282,0,0.8547,0.4273,0.4273,0.8547,0,0,1.282,2.1367,0.8547,1.282,0.4273,0.8547,0.4273,0.4273,0.0001,0,0.0001,0,0.0001,0,0,0,0,0,0,0,0.0001,0.0001,0,0.0001,0,0,0,0,0.2797,0.293,0.2797,0.293,
0.4442,0,0.8884,1.3326,0,0.8884,0.4442,0.8884,1.7768,1.7768,0.4442,0,0,1.7768,0.8884,1.3326,0.4442,0.8884,0,0,0,0,0.0001,0.0001,0,0.0001,0,0.0001,0.0002,0.0002,0,0,0,0.0002,0.0001,0.0001,0,0.0001,0,0,0.3055,0.2503,0.3055,0.2503,
0.6746,0,0,2.6986,0.3373,0.6746,1.012,1.3493,1.6866,1.6866,1.3493,1.012,0,0.6746,0,1.3493,1.012,0,0,0.3373,0,0,0,0.0002,0,0,0.0001,0.0001,0.0001,0.0001,0.0001,0.0001,0,0,0,0.0001,0.0001,0,0,0,0.3053,0.3574,0.3053,0.3574,
0.691,0,0.3455,0.691,0.3455,1.0365,0.3455,0.691,2.4186,0.691,0.691,0,0.691,0.3455,1.0365,0.3455,0.3455,1.7276,0.691,0.691,0.0001,0,0,0.0001,0,0.0001,0,0.0001,0.0002,0.0001,0.0001,0,0.0001,0,0.0001,0,0,0.0001,0.0001,0.0001,0.3694,0.2851,0.3694,0.2851,
0.3736,0.3736,0.3736,1.1208,0.3736,1.4945,1.1208,0.7472,0.7472,0.3736,0.3736,1.4945,1.1208,0.3736,1.8681,1.1208,0.3736,1.1208,0.3736,0,0,0,0,0.0001,0,0.0001,0.0001,0.0001,0.0001,0,0,0.0001,0.0001,0,0.0001,0.0001,0,0.0001,0,0,0.3204,0.306,0.3204,0.306,
2.1162,0,1.4108,0,0,0.7054,0.7054,0,0,1.4108,0,0,0,0,0.7054,0,0,0.7054,0,0.7054,0.0002,0,0.0002,0,0,0.0001,0.0001,0,0,0.0002,0,0,0,0,0.0001,0,0,0.0001,0,0.0001,0.1636,0.131,0.1636,0.131,
0,0.9306,0.4653,0.9306,1.396,1.396,0,0.4653,0.4653,0.9306,0,0.4653,0.4653,0.4653,2.7919,0.4653,0.4653,0.4653,0.9306,0.9306,0,0.0001,0,0.0001,0.0001,0.0001,0,0,0,0.0001,0,0,0,0,0.0002,0,0,0,0.0001,0.0001,0.2345,0.3001,0.2345,0.3001,
1.0055,0,2.3461,2.3461,0,1.0055,0.3352,1.0055,0.3352,1.0055,0.3352,0.6703,0.3352,0.3352,1.6758,1.0055,0,1.0055,0.3352,0,0.0001,0,0.0002,0.0002,0,0.0001,0,0.0001,0,0.0001,0,0,0,0,0.0001,0.0001,0,0.0001,0,0,0.3385,0.3263,0.3385,0.3263,
2.2131,0.3689,1.4754,0.3689,0.3689,1.1066,0.3689,0.3689,0.3689,0.7377,0.3689,1.4754,0.3689,0.3689,1.1066,1.8443,0,0.7377,0.7377,1.4754,0.0001,0,0.0001,0,0,0.0001,0,0,0,0,0,0.0001,0,0,0.0001,0.0001,0,0,0,0.0001,0.3111,0.3201,0.3111,0.3201,
0,0,0,0,0.7249,0,0,0,2.1746,0,0.7249,0,1.4498,0.7249,0.7249,0.7249,0.7249,0.7249,0,0,0,0,0,0,0.0002,0,0,0,0.0005,0,0.0002,0,0.0003,0.0002,0.0002,0.0002,0.0002,0.0002,0,0,0.144,0.1312,0.144,0.1312,
0.7204,0,0.7204,0,1.4407,0,0,0,0.7204,0,0.7204,1.4407,0,0,0.7204,0.7204,0.7204,0,0,0,0.0001,0,0.0001,0,0.0002,0,0,0,0.0001,0,0.0001,0.0002,0,0,0.0001,0.0001,0.0001,0,0,0,0.1723,0.1073,0.1723,0.1073,
0.6789,0,1.3577,1.3577,1.3577,0.3394,0.6789,0,1.0183,0.3394,1.6972,1.0183,0.3394,0,0.6789,1.0183,0.6789,0.3394,1.6972,0.3394,0,0,0.0001,0.0001,0.0001,0,0,0,0.0001,0,0.0001,0.0001,0,0,0,0.0001,0,0,0.0001,0,0.3076,0.3529,0.3076,0.3529,
2.0903,0,0.5226,0.5226,2.0903,0.5226,0,1.0451,1.0451,2.6128,0.5226,0,1.0451,0,1.0451,0,1.5677,1.5677,0,0.5226,0.0002,0,0,0,0.0002,0,0,0.0001,0.0001,0.0002,0,0,0.0001,0,0.0001,0,0.0001,0.0001,0,0,0.207,0.2704,0.207,0.2704,
1.6718,0,2.5077,1.2539,1.2539,0.8359,0,0,0,1.2539,0,0.8359,1.2539,0,0.418,2.0898,1.2539,1.6718,0,0,0.0001,0,0.0002,0.0001,0.0001,0.0001,0,0,0,0.0001,0,0.0001,0.0001,0,0,0.0001,0.0001,0.0001,0,0,0.292,0.29,0.292,0.29,
0.451,1.3531,0.9021,1.3531,0.451,1.8041,0.451,0.451,0.451,0.9021,0.9021,0.451,1.3531,0.9021,0.451,1.3531,0.451,1.3531,0.9021,0,0,0.0001,0,0.0001,0,0.0001,0,0,0,0,0,0,0.0001,0,0,0.0001,0,0.0001,0,0,0.291,0.258,0.291,0.258,
0.4995,0,0.4995,0.4995,1.4985,0.4995,1.4985,0.999,0,0.999,0.4995,1.4985,0.999,0.4995,0.4995,0.4995,0,1.998,0.4995,1.998,0,0,0,0,0.0001,0,0.0001,0.0001,0,0.0001,0,0.0001,0.0001,0,0,0,0,0.0001,0,0.0001,0.2793,0.2212,0.2793,0.2212,
1.4758,0,1.4758,1.9678,1.4758,1.4758,0.4919,1.9678,0.4919,0.9839,0.9839,0,1.9678,0,0,1.9678,1.4758,2.4597,0,0.4919,0.0001,0,0.0001,0.0001,0.0001,0.0001,0,0.0001,0,0.0001,0.0001,0,0.0001,0,0,0.0001,0.0001,0.0001,0,0,0.2566,0.2514,0.2566,0.2514,
1.0916,1.4555,1.0916,0.7277,1.4555,1.4555,0.7277,0.7277,1.0916,0.3639,0.3639,0.7277,0.7277,1.0916,0.7277,1.0916,1.0916,0.3639,0.3639,1.0916,0.0001,0.0001,0.0001,0,0.0001,0.0001,0,0,0.0001,0,0,0,0,0.0001,0,0.0001,0.0001,0,0,0.0001,0.3334,0.3028,0.3334,0.3028,
0.3648,1.0944,0,0.3648,0,0.7296,0.3648,0.7296,1.824,0.3648,0.7296,0.7296,0.3648,0.7296,2.5536,0.7296,0,2.1888,0,0,0,0.0001,0,0,0,0,0,0,0.0001,0,0,0,0,0,0.0002,0,0,0.0001,0,0,0.3297,0.3055,0.3297,0.3055,
0.7168,0,0.7168,2.1503,0,0.7168,0,0.7168,0,0,0,1.4336,0,0.7168,0,1.4336,0.7168,0,0,0,0.0001,0,0.0001,0.0004,0,0.0001,0,0.0001,0,0,0,0.0003,0,0.0001,0,0.0003,0.0001,0,0,0,0.1597,0.1235,0.1597,0.1235,
0.6388,0,0.6388,0,0,0,1.9165,0,0.6388,0,0,0.6388,0.6388,0.6388,0.6388,0,2.5554,0,0.6388,1.2777,0.0001,0,0.0001,0,0,0,0.0003,0,0.0001,0,0,0.0001,0.0001,0.0001,0.0001,0,0.0004,0,0.0001,0.0002,0.1858,0.1754,0.1858,0.1754,
0,0,0.938,0.938,0.469,0.469,1.4071,0.469,0,0.469,0,0,0.469,1.4071,0.938,0.938,1.4071,1.4071,1.8761,0,0,0,0.0001,0.0001,0,0,0.0001,0,0,0,0,0,0,0.0001,0.0001,0.0001,0.0001,0.0001,0.0001,0,0.2769,0.2541,0.2769,0.2541,
1.1049,0.3683,1.4732,0.3683,0.3683,0.3683,1.1049,0.7366,0.7366,0.3683,0.3683,1.1049,0.7366,1.4732,0.3683,2.2099,0.3683,1.1049,1.8415,0.3683,0.0001,0,0.0001,0,0,0,0.0001,0,0,0,0,0.0001,0,0.0001,0,0.0001,0,0.0001,0.0001,0,0.331,0.3007,0.331,0.3007,
0.5578,0,0,0,0.5578,3.9044,0,2.2311,0,2.7888,0.5578,0.5578,1.1155,0,0.5578,3.3466,2.2311,2.2311,0.5578,1.1155,0,0,0,0,0,0.0002,0,0.0001,0,0.0001,0,0,0.0001,0,0,0.0002,0.0001,0.0001,0,0.0001,0.2172,0.225,0.2172,0.225,
1.3152,0,1.3152,0.6576,0,0,0,0.6576,0,3.9455,0.6576,0,0.6576,0,0,0,1.3152,1.9728,0.6576,0,0.0001,0,0.0001,0.0001,0,0,0,0.0001,0,0.0003,0.0001,0,0.0001,0,0,0,0.0001,0.0002,0.0001,0,0.1859,0.1565,0.1859,0.1565,
0.8282,0,0,0,0,1.6564,0,0.8282,0,0.8282,0.8282,0,0.8282,0,0.8282,1.6564,0,0.8282,0,0,0.0001,0,0,0,0,0.0003,0,0.0001,0,0.0001,0.0001,0,0.0001,0,0.0001,0.0003,0,0.0001,0,0,0.1019,0.0698,0.1019,0.0698,
2.4276,0.4855,0.971,0,1.9421,0.4855,0,1.4566,0.4855,0.971,0,0.971,0.971,1.9421,0.4855,2.4276,0.971,0,0,0.4855,0.0001,0,0,0,0.0001,0,0,0.0001,0,0,0,0,0,0.0001,0,0.0001,0,0,0,0,0.2587,0.2558,0.2587,0.2558,
0.61,0.305,0.305,0.61,0.9151,0.61,0.9151,0.61,0.61,0.61,0,0.61,0,0.9151,1.8301,0.305,1.5251,1.2201,1.2201,1.5251,0,0,0,0,0.0001,0,0.0001,0,0,0,0,0,0,0.0001,0.0001,0,0.0001,0.0001,0.0001,0.0001,0.3803,0.3147,0.3803,0.3147,
0,1.2108,0.8072,0,0,0.8072,0.8072,1.2108,1.6144,0.4036,0.8072,0.4036,1.2108,0.8072,2.4217,0.8072,0,1.6144,0,0,0,0.0001,0.0001,0,0,0.0001,0.0001,0.0001,0.0001,0,0.0001,0,0.0001,0.0001,0.0002,0.0001,0,0.0001,0,0,0.32,0.2764,0.32,0.2764,
0.6762,0.6762,0,0.6762,0,0,0.6762,1.3525,0.6762,0.6762,0,0,0,0,0.6762,0,1.3525,0.6762,0,1.3525,0.0001,0.0001,0,0.0001,0,0,0.0001,0.0002,0.0001,0.0001,0,0,0,0,0.0001,0,0.0002,0.0001,0,0.0002,0.1882,0.1356,0.1882,0.1356,
1.421,0,0,0,0.3552,1.421,0.3552,0,1.421,1.421,0.3552,0.7105,0.3552,0.3552,4.263,1.0657,0.7105,1.0657,0,0.3552,0.0001,0,0,0,0,0.0001,0,0,0.0001,0.0001,0,0.0001,0,0,0.0003,0.0001,0.0001,0.0001,0,0,0.3,0.3448,0.3,0.3448,
0,0,0.7385,0.7385,0.7385,0.7385,0.7385,0,0,0,0,0.7385,0,0.7385,0.7385,0,0,0.7385,0,1.4769,0,0,0.0002,0.0002,0.0002,0.0002,0.0002,0,0,0,0,0.0002,0,0.0002,0.0002,0,0,0.0002,0,0.0004,0.1638,0.0977,0.1638,0.0977,
0,0,1.3354,0,0.6677,1.3354,0,0,0,0.6677,0,0,2.0031,2.0031,0.6677,0.6677,0,0.6677,0.6677,0,0,0,0.0001,0,0.0001,0.0001,0,0,0,0.0001,0,0,0.0002,0.0002,0.0001,0.0001,0,0.0001,0.0001,0,0.1792,0.1531,0.1792,0.1531,
0,1.171,1.9516,1.171,0.3903,0,0.3903,1.9516,1.171,0.7807,0.7807,0.7807,1.171,1.5613,0.3903,0.7807,1.5613,0.7807,0.3903,0,0,0.0001,0.0001,0.0001,0,0,0,0.0001,0.0001,0,0,0,0.0001,0.0001,0,0,0.0001,0,0,0,0.3465,0.2632,0.3465,0.2632,
1.0321,1.0321,0.516,1.0321,0.516,0.516,0.516,1.0321,1.0321,0.516,1.0321,1.0321,1.0321,0,0.516,0.516,0.516,1.0321,0.516,1.0321,0.0001,0.0001,0,0.0001,0,0,0,0.0001,0.0001,0,0.0001,0.0001,0.0001,0,0,0,0,0.0001,0,0.0001,0.2375,0.2465,0.2375,0.2465,
2.2811,0,0.5703,0.5703,1.7108,2.2811,0,2.8514,1.1406,2.8514,0.5703,0,0.5703,0.5703,0,0.5703,0,1.1406,0.5703,0,0.0002,0,0,0,0.0001,0.0002,0,0.0002,0.0001,0.0002,0,0,0,0,0,0,0,0.0001,0,0,0.1981,0.2317,0.1981,0.2317,
0.937,0,0.937,0,0,0,0.937,1.4054,0.937,0,0,1.4054,0,0.4685,0.4685,0.4685,1.4054,1.8739,0.937,1.4054,0.0001,0,0.0001,0,0,0,0.0001,0.0001,0.0001,0,0,0.0001,0,0,0,0,0.0001,0.0001,0.0001,0.0001,0.2893,0.2422,0.2893,0.2422,
0,0.7492,1.1239,0.7492,0.3746,0.3746,1.1239,1.4985,1.1239,0.3746,0,0.7492,0.7492,0.7492,1.4985,0.3746,0.3746,0.3746,0.7492,1.1239,0,0,0.0001,0,0,0,0.0001,0.0001,0.0001,0,0,0,0,0,0.0001,0,0,0,0,0.0001,0.3041,0.3213,0.3041,0.3213,
1.3218,1.7624,0,0,0,0.4406,0,0,6.1685,0,0,0,0.8812,0,3.0842,0,0,0.4406,0,0,0.0001,0.0001,0,0,0,0,0,0,0.0004,0,0,0,0.0001,0,0.0002,0,0,0,0,0,0.2862,0.2732,0.2862,0.2732,
2.5461,0,0.6365,1.273,2.5461,0.6365,0,1.273,0.6365,3.8191,1.273,0,1.9096,0,0,1.9096,0.6365,3.1826,0,0.6365,0.0001,0,0,0.0001,0.0001,0,0,0.0001,0,0.0002,0.0001,0,0.0001,0,0,0.0001,0,0.0002,0,0,0.1475,0.216,0.1475,0.216,
1.0956,0,0,0,0,0,0.5478,0.5478,0.5478,1.6434,1.0956,1.6434,0.5478,1.0956,1.6434,0.5478,1.0956,1.0956,0.5478,1.0956,0.0001,0,0,0,0,0,0.0001,0.0001,0.0001,0.0002,0.0001,0.0002,0.0001,0.0001,0.0002,0.0001,0.0001,0.0001,0.0001,0.0001,0.2063,0.2459,0.2063,0.2459,
0,1.2205,1.6274,0.4068,0.8137,0.4068,1.2205,0.8137,0.4068,0.8137,1.2205,0.4068,1.6274,1.2205,0.4068,2.0342,1.6274,1.6274,0.4068,0.4068,0,0.0001,0.0001,0,0,0,0.0001,0,0,0,0.0001,0,0.0001,0.0001,0,0.0001,0.0001,0.0001,0,0,0.27,0.3231,0.27,0.3231,
0.3803,0,0.3803,0.7607,0.3803,1.9017,1.9017,0,0.3803,0.7607,1.141,0,0.7607,0.3803,0.7607,0.3803,1.141,1.5214,0.7607,0.7607,0,0,0,0.0001,0,0.0002,0.0002,0,0,0.0001,0.0001,0,0.0001,0,0.0001,0,0.0001,0.0001,0.0001,0.0001,0.329,0.2907,0.329,0.2907,
2.8906,0,0.4818,0.4818,2.4088,0.4818,0.4818,1.4453,0.4818,1.4453,0.9635,0,1.4453,0.9635,0.9635,0.4818,1.9271,2.4088,0.4818,0.4818,0.0002,0,0,0,0.0002,0,0,0.0001,0,0.0001,0.0001,0,0.0001,0.0001,0.0001,0,0.0001,0.0002,0,0,0.239,0.2792,0.239,0.2792,
1.8769,0,0.9384,1.4077,1.8769,1.8769,0.4692,0.4692,0,2.8153,0.4692,0,0.9384,1.4077,0.4692,1.4077,1.8769,0.9384,0,0.9384,0.0001,0,0.0001,0.0001,0.0001,0.0001,0,0,0,0.0002,0,0,0.0001,0.0001,0,0.0001,0.0001,0.0001,0,0.0001,0.2497,0.2811,0.2497,0.2811,
0.7823,0,0,0.7823,0,0,0,0,0.7823,2.3468,0.7823,0,1.5645,0,0,0,0.7823,0,0,0.7823,0.0001,0,0,0.0001,0,0,0,0,0.0001,0.0004,0.0001,0,0.0003,0,0,0,0.0001,0,0,0.0001,0.1423,0.0754,0.1423,0.0754,
0,1.6924,0.4231,1.2693,1.6924,1.2693,1.6924,0.4231,0,0,0.4231,0.4231,0.8462,1.2693,1.2693,0,1.2693,0.4231,0.4231,0.8462,0,0.0001,0,0.0001,0.0001,0.0001,0.0001,0,0,0,0,0,0,0.0001,0.0001,0,0.0001,0,0,0,0.2482,0.3287,0.2482,0.3287,
1.7102,0.8551,0.8551,0.8551,0.8551,0.8551,0.4276,1.7102,0.8551,0,1.2827,0.8551,1.2827,0.4276,0.8551,0.4276,1.2827,0.8551,0.8551,0.4276,0.0001,0,0,0,0,0,0,0.0001,0,0,0.0001,0,0.0001,0,0,0,0.0001,0,0,0,0.2984,0.274,0.2984,0.274,
1.636,1.636,0.818,0.818,2.045,0.818,1.227,0.818,0.409,0.818,1.227,1.227,0,0.409,0,1.227,1.227,0.409,0.818,1.227,0.0001,0.0001,0,0,0.0001,0,0,0,0,0,0,0,0,0,0,0,0,0,0,0,0.2961,0.2949,0.2961,0.2949,
0,0,0,0.7514,0.7514,0,0.7514,1.5029,0,0,1.5029,0,0,0,1.5029,0.7514,0,0,0.7514,0.7514,0,0,0,0.0002,0.0002,0,0.0002,0.0003,0,0,0.0003,0,0,0,0.0003,0.0002,0,0,0.0002,0.0002,0.0886,0.16,0.0886,0.16,
0.9065,1.3597,0.4532,1.3597,0.9065,0.4532,0,2.2662,0,0,0,0,0,0.9065,1.813,1.3597,0.4532,1.813,0.4532,0,0.0001,0.0001,0,0.0001,0.0001,0,0,0.0001,0,0,0,0,0,0.0001,0.0001,0.0001,0,0.0001,0,0,0.2921,0.2546,0.2921,0.2546,
0.3458,0,0.3458,0,0,1.0373,0.3458,1.3831,2.0746,1.3831,0.3458,1.0373,0,0.6915,3.1119,0.6915,0.3458,0.3458,0,0.6915,0,0,0,0,0,0.0001,0,0.0001,0.0002,0.0001,0,0.0001,0,0.0001,0.0003,0.0001,0,0,0,0.0001,0.3463,0.3079,0.3463,0.3079,
0.3952,1.1855,0,0.3952,0,0.7903,0.3952,1.1855,1.9759,0,0.7903,0.7903,1.5807,0.7903,1.9759,0.3952,0,1.9759,0,0.3952,0,0.0001,0,0,0,0,0,0.0001,0.0001,0,0,0,0.0001,0,0.0001,0,0,0.0001,0,0,0.3231,0.2817,0.3231,0.2817,
1.0108,1.0108,0.5054,1.5162,0.5054,1.0108,2.0216,1.5162,0,0.5054,0.5054,2.0216,2.5269,0.5054,0,1.5162,1.0108,0,0.5054,2.0216,0.0001,0.0001,0,0.0001,0,0.0001,0.0001,0.0001,0,0,0,0.0001,0.0002,0,0,0.0001,0.0001,0,0,0.0001,0.2166,0.278,0.2166,0.278,
0,0.5656,1.1312,0,1.1312,0.5656,0,1.1312,1.1312,1.6968,2.2624,0,0.5656,1.1312,0,0.5656,0,0.5656,1.1312,0,0,0,0.0001,0,0.0001,0,0,0.0001,0.0001,0.0001,0.0001,0,0,0.0001,0,0,0,0,0.0001,0,0.2026,0.2318,0.2026,0.2318,
1.7537,0.5846,0.5846,0.5846,1.7537,2.3383,0,1.7537,0.5846,4.0921,0.5846,0,0.5846,0,0,0.5846,1.1692,1.1692,0,0.5846,0.0001,0,0,0,0.0001,0.0001,0,0.0001,0,0.0002,0,0,0,0,0,0,0.0001,0.0001,0,0,0.2211,0.1943,0.2211,0.1943,
1.026,2.565,1.539,1.026,0.513,1.539,1.539,0.513,0.513,0,0.513,0.513,1.026,0.513,0.513,1.026,0,0.513,0.513,1.026,0,0.0001,0.0001,0,0,0.0001,0.0001,0,0,0,0,0,0,0,0,0,0,0,0,0,0.2543,0.2327,0.2543,0.2327,
0.4923,0.4923,0.4923,0.9845,0.4923,1.4768,0,0.9845,0,3.4458,0.9845,0.4923,1.4768,0.4923,0.9845,1.969,0.4923,1.969,0.9845,0.4923,0,0,0,0,0,0.0001,0,0,0,0.0002,0,0,0.0001,0,0,0.0001,0,0.0001,0,0,0.2485,0.2592,0.2485,0.2592,
0.9124,0.9124,0.4562,0,0.4562,0.9124,0.9124,0.4562,0.4562,1.3687,0.4562,0,0,0.9124,1.3687,0,0.9124,0.4562,0.9124,1.8249,0.0001,0.0001,0,0,0,0.0001,0.0001,0,0,0.0001,0,0,0,0.0001,0.0001,0,0.0001,0,0.0001,0.0001,0.3267,0.2171,0.3267,0.2171,
0.3984,1.1953,0,0.7968,0.3984,0.7968,1.1953,0.7968,1.1953,0,0.3984,1.5937,1.5937,2.7889,0.7968,0,0,1.1953,0.7968,1.5937,0,0.0001,0,0,0,0,0.0001,0,0.0001,0,0,0.0001,0.0001,0.0001,0,0,0,0.0001,0,0.0001,0.304,0.2975,0.304,0.2975,
1.6894,0,0,0.5631,0.5631,1.1263,0,2.8157,0.5631,3.942,0.5631,0.5631,0.5631,0.5631,0.5631,1.1263,1.6894,1.1263,0.5631,0,0.0001,0,0,0,0,0.0001,0,0.0002,0,0.0003,0,0,0,0,0,0.0001,0.0001,0.0001,0,0,0.1994,0.2374,0.1994,0.2374,
1.923,0.7692,1.923,1.5384,0.7692,0,1.923,0.3846,0.3846,0.7692,0.3846,1.923,1.1538,1.5384,0.7692,0.7692,0.3846,0.7692,0,0.7692,0.0001,0,0.0001,0.0001,0,0,0.0001,0,0,0,0,0.0001,0.0001,0.0001,0,0,0,0,0,0,0.293,0.3224,0.293,0.3224,
1.3958,0,0,0,0,0.4653,0,1.861,1.861,2.3263,0.4653,0.9305,0,0,0.9305,1.3958,1.861,2.3263,0,0,0.0001,0,0,0,0,0,0,0.0001,0.0001,0.0002,0,0.0001,0,0,0.0001,0.0001,0.0001,0.0002,0,0,0.2408,0.294,0.2408,0.294,
1.4875,0,0.9917,0.4958,0.4958,0,0.4958,2.9751,0.9917,0.4958,0.4958,0.9917,0,0.4958,0,0.4958,0.9917,0.4958,0.9917,2.4792,0.0001,0,0.0001,0,0,0,0,0.0002,0.0001,0,0,0.0001,0,0,0,0,0.0001,0,0.0001,0.0002,0.2592,0.245,0.2592,0.245,
0.3642,0,0.3642,0,0.3642,0.3642,0,1.0926,3.6418,1.4567,0.3642,1.0926,0.3642,0.3642,2.1851,1.4567,0.3642,0.7284,0,0.3642,0,0,0,0,0,0,0,0.0001,0.0003,0.0001,0,0.0001,0,0,0.0002,0.0001,0,0.0001,0,0,0.3607,0.2751,0.3607,0.2751,
0,1.5388,0.7694,0.3847,0,1.9235,0.3847,0.7694,1.1541,0.3847,0.7694,1.5388,0.7694,0.7694,0.7694,0.7694,0.3847,0.7694,0.7694,1.9235,0,0.0001,0,0,0,0.0001,0,0,0.0001,0,0,0.0001,0,0,0,0,0,0,0,0.0001,0.3081,0.3072,0.3081,0.3072,
0,0,0,0,1.4212,1.4212,0,0.7106,0.7106,0,0,0.7106,1.4212,0,0.7106,0.7106,0,0,0,0.7106,0,0,0,0,0.0002,0.0002,0,0.0001,0.0001,0,0,0.0001,0.0002,0,0.0001,0.0001,0,0,0,0.0001,0.1168,0.1725,0.1168,0.1725,
0.4654,0,0.9308,0.4654,0.4654,0.9308,0.4654,0,0,2.7924,0,0,0,0.9308,1.8616,1.8616,0.9308,0.4654,0,0,0,0,0.0001,0,0,0.0001,0,0,0,0.0002,0,0,0,0.0001,0.0001,0.0001,0.0001,0,0,0,0.2698,0.2648,0.2698,0.2648,
0.4564,0.4564,0.4564,0.4564,0,0.9128,0.4564,0.4564,2.2821,0.4564,0.4564,1.3693,0.9128,0.4564,0,0,0.9128,0.9128,0.4564,2.2821,0,0,0,0,0,0.0001,0,0,0.0002,0,0,0.0001,0.0001,0,0,0,0.0001,0.0001,0,0.0002,0.2965,0.2471,0.2965,0.2471,
1.8442,0,0,0.9221,1.8442,2.3053,0,4.6106,0,2.3053,1.8442,1.8442,0.4611,0.4611,0.9221,0.4611,0.4611,0.9221,0,0,0.0001,0,0,0,0.0001,0.0001,0,0.0002,0,0.0001,0.0001,0.0001,0,0,0,0,0,0,0,0,0.2575,0.2815,0.2575,0.2815,
1.4607,0,0.4869,0,1.9476,0.9738,0.4869,1.9476,0,1.4607,0.9738,0,0.9738,0.9738,1.4607,1.4607,1.9476,1.9476,0.4869,0,0.0001,0,0,0,0.0001,0.0001,0,0.0001,0,0.0001,0.0001,0,0.0001,0.0001,0.0001,0.0001,0.0001,0.0001,0,0,0.2436,0.2695,0.2436,0.2695,
1.153,0.3843,1.5373,0,0.3843,2.6903,0.3843,1.5373,0.3843,0.3843,0.3843,1.153,1.153,0.3843,1.153,1.5373,1.5373,1.153,0.3843,0,0.0001,0,0.0001,0,0,0.0001,0,0.0001,0,0,0,0.0001,0.0001,0,0.0001,0.0001,0.0001,0.0001,0,0,0.2967,0.319,0.2967,0.319,
0,0,1.3321,0,0,0,1.3321,0,0,0.666,0.666,0,0.666,0,0.666,1.3321,0,0.666,0,0.666,0,0,0.0002,0,0,0,0.0002,0,0,0.0001,0.0001,0,0.0001,0,0.0001,0.0002,0,0.0001,0,0.0001,0.1637,0.1703,0.1637,0.1703,
4.0026,0,0,0.5003,0.5003,1.501,0,1.501,1.501,1.0007,0.5003,1.0007,0.5003,1.501,1.0007,1.0007,0.5003,1.0007,0,0.5003,0.0003,0,0,0,0,0.0001,0,0.0001,0.0001,0.0001,0,0.0001,0,0.0001,0.0001,0.0001,0,0.0001,0,0,0.2395,0.2601,0.2395,0.2601,
2.0162,0,0,0,0.336,1.3442,0.336,0.336,1.6802,0.6721,0.6721,0.336,0,0.336,3.6964,0.336,1.0081,1.3442,0,0.336,0.0002,0,0,0,0,0.0001,0,0,0.0001,0.0001,0.0001,0,0,0,0.0003,0,0.0001,0.0001,0,0,0.3776,0.2864,0.3776,0.2864,
3.3197,0,1.1066,0.5533,2.7664,0,0,0,1.1066,2.2131,1.1066,0,1.1066,0,0.5533,0.5533,1.1066,1.1066,0,0.5533,0.0002,0,0.0001,0,0.0002,0,0,0,0.0001,0.0002,0.0001,0,0.0001,0,0,0,0.0001,0.0001,0,0,0.2362,0.2105,0.2362,0.2105,
0.5306,0,0,1.0611,2.6529,1.0611,0,2.6529,0.5306,2.1223,0.5306,0,1.0611,0,1.0611,0.5306,1.0611,1.0611,0,0.5306,0,0,0,0.0001,0.0002,0.0001,0,0.0002,0,0.0002,0,0,0.0001,0,0.0001,0,0.0001,0.0001,0,0,0.2184,0.2511,0.2184,0.2511,
2.4147,0,0,0,0.345,1.0349,0.345,0.345,1.7248,0.6899,0.6899,0,0.345,0.345,4.1395,1.0349,0.6899,0.6899,0,0.345,0.0002,0,0,0,0,0.0001,0,0,0.0001,0.0001,0.0001,0,0,0,0.0004,0.0001,0.0001,0.0001,0,0,0.313,0.342,0.313,0.342,
1.3088,0.8726,0.8726,0.4363,1.3088,0.4363,1.3088,1.3088,0,0,0.8726,0.8726,0.4363,1.7451,0.4363,0.8726,1.3088,0.8726,0.4363,0.4363,0.0001,0,0,0,0.0001,0,0.0001,0.0001,0,0,0,0,0,0.0001,0,0,0.0001,0,0,0,0.2812,0.2826,0.2812,0.2826,
0.596,0,0.596,0.596,0.596,0.596,0,0,0.596,0.596,0,0,1.192,0,1.192,0,0.596,1.192,1.192,0.596,0.0001,0,0.0001,0.0001,0.0001,0.0001,0,0,0.0001,0.0001,0,0,0.0001,0,0.0001,0,0.0001,0.0001,0.0001,0.0001,0.1878,0.2162,0.1878,0.2162,
0.606,0,0.606,0,2.4239,1.2119,0,1.2119,0,3.0298,1.2119,0.606,0,0,0.606,2.4239,0,2.4239,1.2119,0,0,0,0,0,0.0001,0.0001,0,0.0001,0,0.0002,0.0001,0,0,0,0,0.0001,0,0.0001,0.0001,0,0.2479,0.1461,0.2479,0.1461,
0.5251,0,0.5251,0,1.0502,4.201,0,2.6256,0,3.1507,0.5251,0,0.5251,0,0.5251,2.1005,1.5754,2.1005,0.5251,1.0502,0,0,0,0,0.0001,0.0002,0,0.0001,0,0.0002,0,0,0,0,0,0.0001,0.0001,0.0001,0,0.0001,0.2197,0.2552,0.2197,0.2552,
0.4074,1.2222,0.4074,0,0,0.4074,0.4074,1.2222,2.4444,0.4074,0.8148,0.4074,0.4074,0.8148,3.2592,0.8148,0,1.6296,0,0,0,0.0001,0,0,0,0,0,0.0001,0.0002,0,0.0001,0,0,0.0001,0.0002,0.0001,0,0.0001,0,0,0.2932,0.2994,0.2932,0.2994,
0.4601,0.9203,0.4601,0,1.3804,1.8406,1.3804,0.4601,0.9203,0.9203,0,0.9203,0.4601,0.9203,0.4601,0.9203,0,1.8406,0.9203,1.8406,0,0,0,0,0.0001,0.0001,0.0001,0,0,0,0,0,0,0,0,0,0,0.0001,0,0.0001,0.2541,0.2858,0.2541,0.2858,
1.0487,0,0.5244,0,0,2.6218,1.0487,0,0.5244,1.0487,1.0487,0.5244,1.5731,0.5244,0.5244,0,0.5244,1.5731,0.5244,0.5244,0.0001,0,0,0,0,0.0002,0.0001,0,0,0.0001,0.0001,0,0.0001,0,0,0,0,0.0001,0,0,0.2141,0.2616,0.2141,0.2616,
0.4721,0.4721,0.4721,0.4721,0.4721,0,0,3.7768,0.4721,2.3605,0.4721,0,0.4721,0,1.4163,2.3605,0.9442,0,0.9442,0.4721,0,0,0,0,0,0,0,0.0002,0,0.0001,0,0,0,0,0.0001,0.0001,0.0001,0,0.0001,0,0.2367,0.2912,0.2367,0.2912,
0,0.377,0.754,1.508,0,0.377,0,0.377,0.377,1.131,0,0.754,1.131,0.754,2.639,0.754,1.131,0.377,0.754,0.754,0,0,0.0001,0.0001,0,0,0,0,0,0.0001,0,0.0001,0.0001,0.0001,0.0002,0.0001,0.0001,0,0.0001,0.0001,0.3355,0.2875,0.3355,0.2875,
0,2.03,0,0,0.6767,0,0.6767,0.6767,0,0,1.3533,0.6767,0,0.6767,0.6767,1.3533,0.6767,0,0.6767,1.3533,0,0.0001,0,0,0,0,0,0,0,0,0.0001,0,0,0,0,0.0001,0,0,0,0.0001,0.1494,0.174,0.1494,0.174,
1.1601,0.58,1.1601,0,0,0.58,0.58,0.58,0.58,0,1.1601,1.1601,0,1.1601,0,1.1601,0,0.58,1.7401,1.7401,0.0001,0,0.0001,0,0,0,0,0,0,0,0.0001,0.0001,0,0.0001,0,0.0001,0,0,0.0001,0.0001,0.2119,0.208,0.2119,0.208,
1.6052,0,0.5351,0.5351,0.5351,2.1402,0,1.0701,0.5351,4.8155,1.0701,1.0701,1.0701,1.0701,0.5351,0,0.5351,2.1402,0,1.0701,0.0001,0,0,0,0,0.0001,0,0.0001,0,0.0003,0.0001,0.0001,0.0001,0.0001,0,0,0,0.0001,0,0.0001,0.2274,0.2375,0.2274,0.2375,
0,0.8374,0.4187,0.4187,1.2562,1.2562,1.6749,1.6749,0.8374,0,0.4187,0.8374,1.6749,1.2562,0.4187,0.4187,1.2562,1.6749,0.8374,0.8374,0,0,0,0,0.0001,0.0001,0.0001,0.0001,0,0,0,0,0.0001,0.0001,0,0,0.0001,0.0001,0,0,0.2844,0.2969,0.2844,0.2969,
0.7272,0,1.4545,0,0.7272,0,0,0,0,0.7272,0,0,2.1817,0,0.7272,1.4545,0,0,0,0,0.0001,0,0.0002,0,0.0001,0,0,0,0,0.0001,0,0,0.0003,0,0.0001,0.0002,0,0,0,0,0.1141,0.1587,0.1141,0.1587,
2.3745,1.3568,0,1.3568,1.0176,1.0176,0,0.3392,1.696,0.6784,0.6784,1.3568,0.6784,0,2.0352,0,1.0176,0.3392,0,0.3392,0.0001,0.0001,0,0.0001,0,0,0,0,0.0001,0,0,0.0001,0,0,0.0001,0,0,0,0,0,0.383,0.2778,0.383,0.2778,
0.4257,1.703,0.4257,0.4257,1.703,0.8515,0.8515,0,0.8515,1.703,1.2772,1.2772,1.2772,1.703,0.8515,0.4257,0.4257,0.8515,1.2772,0.4257,0,0.0001,0,0,0.0001,0,0,0,0,0.0001,0,0,0,0.0001,0,0,0,0,0,0,0.2801,0.2941,0.2801,0.2941,
0.4236,0.8473,0.4236,0.4236,0.4236,1.2709,1.6945,0.8473,0.4236,0.8473,1.6945,0.4236,0.8473,1.6945,0.8473,0.4236,1.2709,1.2709,0,0.8473,0,0.0001,0,0,0,0.0001,0.0001,0.0001,0,0.0001,0.0001,0,0.0001,0.0001,0.0001,0,0.0001,0.0001,0,0.0001,0.2797,0.2967,0.2797,0.2967,
1.2683,0,0,0.6342,0,1.2683,0,0.6342,0.6342,0.6342,0,0,0,0,0.6342,0.6342,0,1.9025,0,0.6342,0.0002,0,0,0.0001,0,0.0002,0,0.0001,0.0001,0.0001,0,0,0,0,0.0001,0.0001,0,0.0002,0,0.0001,0.1823,0.1835,0.1823,0.1835,
0,0,0,0.7857,2.3571,2.3571,0,0,0.7857,0,0,0.7857,0,0,0,0,0.7857,0.7857,0,0,0,0,0,0.0001,0.0003,0.0003,0,0,0.0001,0,0,0.0001,0,0,0,0,0.0001,0.0001,0,0,0.1215,0.0928,0.1215,0.0928,
0,0,0,0,0.8479,0,0,0,0.8479,0.8479,0.8479,0,0,0,0,1.6958,0,1.6958,0.8479,0.8479,0,0,0,0,0.0001,0,0,0,0.0001,0.0001,0.0001,0,0,0,0,0.0002,0,0.0002,0.0001,0.0001,0.0723,0.0798,0.0723,0.0798,
0.5071,0,0,0,0,0,0,0,4.0571,0.5071,1.5214,0,0,0.5071,4.5642,0.5071,0,0,0.5071,0,0.0001,0,0,0,0,0,0,0,0.0006,0.0001,0.0002,0,0,0.0001,0.0007,0.0001,0,0,0.0001,0,0.3264,0.1665,0.3264,0.1665,
1.4072,0.7036,0.3518,0.7036,0.3518,0,1.0554,1.4072,0.7036,0.3518,0.7036,0.7036,1.0554,0.7036,1.759,0,1.4072,0.7036,1.4072,0.3518,0.0001,0,0,0,0,0,0.0001,0.0001,0,0,0,0,0.0001,0,0.0001,0,0.0001,0,0.0001,0,0.3268,0.3214,0.3268,0.3214,
2.6351,0,0,0,0.6588,1.9763,0,1.3175,0.6588,1.3175,0,0,0.6588,1.3175,0.6588,0,1.9763,1.9763,0,0.6588,0.0003,0,0,0,0.0001,0.0002,0,0.0001,0.0001,0.0001,0,0,0.0001,0.0001,0.0001,0,0.0002,0.0002,0,0.0001,0.2129,0.1283,0.2129,0.1283,
0.9926,1.4889,0.9926,0,1.4889,0.4963,0,4.963,0.9926,1.4889,0.9926,0.9926,0.4963,1.9852,0.4963,0.4963,0.9926,2.4815,1.4889,0,0,0.0001,0,0,0.0001,0,0,0.0002,0,0.0001,0,0,0,0.0001,0,0,0,0.0001,0.0001,0,0.2653,0.2384,0.2653,0.2384,
0,0,0.6959,0,0,1.3918,0.6959,0,0.6959,0,1.3918,0.6959,0,0,0,2.0876,0.6959,0,0.6959,0,0,0,0.0001,0,0,0.0002,0.0001,0,0.0001,0,0.0002,0.0001,0,0,0,0.0002,0.0001,0,0.0001,0,0.1362,0.1679,0.1362,0.1679,
0,0,0,0,0,0.7938,0.7938,2.3814,0,0.7938,0,0.7938,0,0.7938,0,0,0,0,0.7938,0.7938,0,0,0,0,0,0.0001,0.0001,0.0003,0,0.0001,0,0.0001,0,0.0001,0,0,0,0,0.0001,0.0001,0.1143,0.0919,0.1143,0.0919,
2.5241,0,0.4207,1.6827,1.262,0.4207,1.6827,1.262,0.4207,2.5241,0,0,0.4207,0.4207,0.4207,0.4207,1.6827,1.6827,0.4207,0,0.0002,0,0,0.0001,0.0001,0,0.0001,0.0001,0,0.0002,0,0,0,0,0,0,0.0001,0.0001,0,0,0.2812,0.2981,0.2812,0.2981,
0.7531,0.7531,0.7531,0,1.5061,0,0.7531,1.5061,0,0,0.7531,1.5061,1.5061,0,0.7531,0,0,0,0.7531,0,0.0001,0.0001,0.0001,0,0.0001,0,0.0001,0.0001,0,0,0.0001,0.0001,0.0001,0,0.0001,0,0,0,0.0001,0,0.1093,0.1376,0.1093,0.1376,
0.7379,0,0.369,0.369,1.1069,0.369,1.8448,0.7379,0.7379,1.1069,0.7379,1.4759,1.4759,2.2138,0.7379,0.369,0.369,1.1069,0.7379,0.7379,0.0001,0,0,0,0.0001,0,0.0001,0.0001,0.0001,0.0001,0.0001,0.0001,0.0001,0.0002,0.0001,0,0,0.0001,0.0001,0.0001,0.3178,0.3132,0.3178,0.3132,
1.1616,1.1616,0.5808,0.5808,1.1616,1.7424,0,0,0.5808,0,0,0.5808,1.1616,0.5808,1.1616,0,1.7424,0.5808,0,0.5808,0.0001,0.0001,0,0,0.0001,0.0001,0,0,0,0,0,0,0.0001,0,0.0001,0,0.0001,0,0,0,0.2627,0.1565,0.2627,0.1565,
0.679,0,0,1.3579,0.679,0,0,0,1.3579,0,0.679,0,0,0,0.679,0,0,1.3579,0.679,0,0.0001,0,0,0.0002,0.0001,0,0,0,0.0002,0,0.0001,0,0,0,0.0001,0,0,0.0002,0.0001,0,0.2296,0.0914,0.2296,0.0914,
1.9999,0,0,0,0.6666,0.9999,0.3333,0,1.6666,0.9999,0.6666,0.3333,0.3333,0.6666,3.3331,0.9999,0.9999,0.6666,0,0,0.0002,0,0,0,0.0001,0.0001,0,0,0.0001,0.0001,0.0001,0,0,0.0001,0.0003,0.0001,0.0001,0.0001,0,0,0.3552,0.3115,0.3552,0.3115,
0.7497,0.7497,1.4993,0,0,1.4993,0,0,0,0,0,0,1.4993,1.4993,0,0,0.7497,2.249,0,0,0.0001,0.0001,0.0002,0,0,0.0002,0,0,0,0,0,0,0.0002,0.0002,0,0,0.0001,0.0002,0,0,0.1228,0.1275,0.1228,0.1275,
1.9212,0,0.6404,0.6404,0,0,0,0.6404,0.6404,0.6404,0.6404,0.6404,0,0,0.6404,1.2808,0.6404,1.2808,0,0,0.0002,0,0.0001,0.0001,0,0,0,0.0001,0.0001,0.0001,0.0001,0.0001,0,0,0.0001,0.0001,0.0001,0.0001,0,0,0.1394,0.2202,0.1394,0.2202,
0.3219,0.3219,0.6439,1.9316,1.2877,0.6439,0.9658,0.9658,0.6439,0.6439,0.9658,0.9658,0.9658,0.6439,0.6439,0.3219,0.3219,0.6439,1.6097,0.3219,0,0,0,0.0001,0.0001,0,0.0001,0.0001,0,0,0.0001,0.0001,0.0001,0,0,0,0,0,0.0001,0,0.3697,0.3083,0.3697,0.3083,
0,1.1461,0.382,0.382,0,0.764,0.764,1.1461,2.2921,0.382,0.764,0.382,0.382,1.1461,1.9101,0.382,0,1.9101,0,0,0,0.0001,0,0,0,0,0,0.0001,0.0001,0,0,0,0,0.0001,0.0001,0,0,0.0001,0,0,0.3052,0.3128,0.3052,0.3128,
0,0,0,0,0.7618,0.7618,0,0,1.5236,0.7618,0.7618,0,0,0.7618,0,0,0.7618,1.5236,0,0,0,0,0,0,0.0001,0.0001,0,0,0.0003,0.0001,0.0001,0,0,0.0001,0,0,0.0001,0.0003,0,0,0.0916,0.1466,0.0916,0.1466,
1.1549,0,0.385,0.385,0.385,2.6947,1.1549,0.7699,1.9248,0,0.7699,1.1549,1.1549,2.6947,0.7699,1.1549,0.7699,0.7699,0,0,0.0001,0,0,0,0,0.0002,0.0001,0.0001,0.0001,0,0.0001,0.0001,0.0001,0.0002,0.0001,0.0001,0.0001,0.0001,0,0,0.3041,0.3109,0.3041,0.3109,
1.5793,0.5264,0.5264,0,0,0,1.5793,1.0529,0,1.5793,1.0529,2.1058,0.5264,1.0529,1.0529,0,0.5264,1.5793,1.0529,1.0529,0.0001,0,0,0,0,0,0.0001,0.0001,0,0.0001,0.0001,0.0001,0,0.0001,0.0001,0,0,0.0001,0.0001,0.0001,0.224,0.2495,0.224,0.2495,
0,0,0,0.7982,0,0,0.7982,1.5964,0,0,0,0,0.7982,1.5964,0,0.7982,0,1.5964,0,0,0,0,0,0.0002,0,0,0.0002,0.0003,0,0,0,0,0.0002,0.0003,0,0.0002,0,0.0003,0,0,0.1229,0.0789,0.1229,0.0789,
0.4507,0.9015,0.4507,1.8029,0,0.9015,0.4507,0.4507,1.8029,0,0.9015,0.4507,0.4507,0.9015,0.4507,0.4507,0.9015,0,0.9015,0,0,0.0001,0,0.0001,0,0.0001,0,0,0.0001,0,0.0001,0,0,0.0001,0,0,0.0001,0,0.0001,0,0.2472,0.3021,0.2472,0.3021,
2.1802,0,1.0901,1.4535,1.0901,1.8169,0.3634,0.7267,0.7267,0.7267,0,0.7267,0,0.3634,1.8169,1.0901,1.0901,1.0901,0,0.3634,0.0001,0,0.0001,0.0001,0.0001,0.0001,0,0,0,0,0,0,0,0,0.0001,0.0001,0.0001,0.0001,0,0,0.2932,0.3434,0.2932,0.3434,
1.1373,0.5687,0,0.5687,0.5687,1.1373,0.5687,0.5687,0.5687,0,0.5687,0.5687,0,0,0.5687,0.5687,0.5687,0,0,1.1373,0.0001,0,0,0,0,0.0001,0,0,0,0,0,0,0,0,0,0,0,0,0,0.0001,0.2131,0.2182,0.2131,0.2182,
1.8004,1.3503,2.2506,0,0.9002,0.9002,1.3503,0.4501,1.3503,0.4501,1.3503,0.9002,0.9002,0.9002,0,0.4501,0.4501,0,0.4501,0.4501,0.0001,0.0001,0.0001,0,0,0,0.0001,0,0.0001,0,0.0001,0,0,0,0,0,0,0,0,0,0.2835,0.2664,0.2835,0.2664,
0.4472,1.3415,1.7886,0.8943,1.3415,0.8943,1.3415,0,0,0.4472,0,1.7886,0.8943,0.8943,0.4472,0.8943,0.4472,0.4472,0.8943,0.4472,0,0.0001,0.0001,0.0001,0.0001,0.0001,0.0001,0,0,0,0,0.0001,0.0001,0.0001,0,0.0001,0,0,0.0001,0,0.2366,0.3162,0.2366,0.3162,
1.0423,1.7371,0,0.3474,1.0423,1.0423,1.7371,1.0423,1.0423,1.0423,0.3474,0.3474,1.0423,1.0423,1.3897,0.3474,1.0423,0,0.3474,0,0.0001,0.0001,0,0,0.0001,0.0001,0.0001,0.0001,0.0001,0.0001,0,0,0.0001,0.0001,0.0001,0,0.0001,0,0,0,0.3716,0.281,0.3716,0.281,
0.9072,0.4536,2.2681,0.4536,0.4536,0.9072,2.2681,1.8145,0.4536,0.4536,1.3609,0.4536,0.4536,0.9072,0,0.9072,0,0.4536,0.4536,0.9072,0.0001,0,0.0001,0,0,0.0001,0.0001,0.0001,0,0,0.0001,0,0,0.0001,0,0.0001,0,0,0,0.0001,0.3048,0.2416,0.3048,0.2416,
0,0.3632,1.0897,0.7264,0,2.1793,1.0897,0.3632,0.3632,1.0897,0.7264,1.4529,0.7264,1.0897,1.8161,0.7264,1.4529,0,0.7264,0.7264,0,0,0.0001,0,0,0.0001,0.0001,0,0,0.0001,0,0.0001,0,0.0001,0.0001,0,0.0001,0,0,0,0.315,0.3218,0.315,0.3218,
1.1098,1.6647,0,0.5549,1.1098,1.6647,1.1098,0,0.5549,0.5549,0.5549,1.1098,1.1098,1.1098,1.1098,1.1098,1.6647,0.5549,0.5549,0,0.0001,0.0001,0,0,0.0001,0.0001,0.0001,0,0,0,0,0.0001,0.0001,0.0001,0.0001,0.0001,0.0001,0,0,0,0.2097,0.2354,0.2097,0.2354,
0.9228,0.4614,0.4614,0.4614,0.4614,0,1.8456,0.4614,0.9228,0.9228,0.4614,1.3842,0.4614,0,0.4614,0,0.4614,0.9228,0.9228,0.4614,0.0001,0,0,0,0,0,0.0001,0,0.0001,0.0001,0,0.0001,0,0,0,0,0,0.0001,0.0001,0,0.2287,0.31,0.2287,0.31,
0.8693,0.8693,0.4347,0.4347,2.1733,0.4347,0.4347,0.4347,0.8693,2.608,1.304,3.0426,0.8693,0,0.4347,0,0,1.7386,1.7386,0.8693,0,0,0,0,0.0001,0,0,0,0,0.0001,0.0001,0.0001,0,0,0,0,0,0.0001,0.0001,0,0.2609,0.3044,0.2609,0.3044,
1.1287,1.1287,0.7525,0,0.7525,1.505,1.505,0.3762,1.505,1.1287,0,0.3762,0.7525,0,0.7525,0,0,0.3762,1.8812,0.3762,0.0001,0.0001,0,0,0,0.0001,0.0001,0,0.0001,0.0001,0,0,0,0,0,0,0,0,0.0001,0,0.3063,0.3174,0.3063,0.3174,
0.8102,0,0.4051,0,1.2154,1.6205,1.2154,0.8102,0.4051,0.8102,1.2154,0.8102,0.4051,0.4051,1.2154,0,0.8102,0.8102,1.2154,0.4051,0.0001,0,0,0,0.0001,0.0001,0.0001,0.0001,0,0.0001,0.0001,0.0001,0,0,0.0001,0,0.0001,0.0001,0.0001,0,0.2851,0.3098,0.2851,0.3098,
0.5241,0,0.5241,0,1.0483,4.1931,0,2.6207,0,3.1449,0.5241,0,0.5241,0,0.5241,2.0966,2.0966,1.5724,0.5241,1.0483,0,0,0,0,0.0001,0.0002,0,0.0001,0,0.0002,0,0,0,0,0,0.0001,0.0001,0.0001,0,0.0001,0.2228,0.253,0.2228,0.253,
0.3937,0.3937,0.7873,0,0.7873,0.7873,0,1.181,4.3303,0.7873,0.3937,0.7873,0,1.181,1.5747,1.181,0,1.5747,0,0,0,0,0.0001,0,0.0001,0.0001,0,0.0001,0.0003,0.0001,0,0.0001,0,0.0001,0.0001,0.0001,0,0.0001,0,0,0.3095,0.2969,0.3095,0.2969,
0,0,0.6865,1.7161,0.6865,0.6865,0.3432,0,2.0594,0,0.6865,1.3729,0,2.0594,2.7458,0.6865,0.6865,0.6865,0.6865,0,0,0,0.0001,0.0001,0.0001,0.0001,0,0,0.0002,0,0.0001,0.0001,0,0.0002,0.0002,0.0001,0.0001,0.0001,0.0001,0,0.3041,0.3527,0.3041,0.3527,
0.3643,0,2.1858,0.3643,0.3643,1.4572,0.7286,0,1.0929,1.4572,1.0929,1.8215,1.8215,0,1.0929,0.3643,0.3643,0.3643,0.7286,1.4572,0,0,0.0001,0,0,0.0001,0,0,0.0001,0.0001,0.0001,0.0001,0.0001,0,0.0001,0,0,0,0,0.0001,0.3326,0.3031,0.3326,0.3031,
1.3305,0,1.3305,0.6653,0,0.6653,0,1.3305,0,0.6653,0,1.3305,0,0,0,1.3305,0.6653,0,0.6653,0,0.0001,0,0.0001,0.0001,0,0.0001,0,0.0001,0,0.0001,0,0.0001,0,0,0,0.0001,0.0001,0,0.0001,0,0.1854,0.1493,0.1854,0.1493,
2.1574,1.2944,0,0,1.7259,1.2944,1.2944,0.4315,0.4315,0.4315,0.863,0.4315,0.863,0.4315,1.2944,1.7259,0.4315,0,2.5889,0.863,0.0001,0.0001,0,0,0.0001,0.0001,0.0001,0,0,0,0,0,0,0,0.0001,0.0001,0,0,0.0001,0,0.3037,0.2648,0.3037,0.2648,
1.2122,1.2122,1.2122,0.6061,0,0,1.8184,1.8184,0,0,1.2122,0,0.6061,0.6061,0,1.2122,1.8184,1.8184,0,1.2122,0.0001,0.0001,0.0001,0,0,0,0.0001,0.0001,0,0,0.0001,0,0,0,0,0.0001,0.0001,0.0001,0,0.0001,0.1996,0.1943,0.1996,0.1943,
0,0,1.0184,0.5092,3.5642,0.5092,0,1.5275,1.0184,2.0367,0.5092,1.5275,1.0184,0,1.0184,1.5275,1.5275,1.5275,0,0.5092,0,0,0.0001,0,0.0002,0,0,0.0001,0.0001,0.0001,0,0.0001,0.0001,0,0.0001,0.0001,0.0001,0.0001,0,0,0.2524,0.2384,0.2524,0.2384,
2.6438,0.4406,1.3219,0.8813,1.3219,1.7626,0.4406,0.4406,2.6438,3.0845,0.4406,0,0.8813,0.4406,0.8813,1.3219,0,0.4406,0,0.8813,0.0001,0,0.0001,0,0.0001,0.0001,0,0,0.0001,0.0002,0,0,0,0,0,0.0001,0,0,0,0,0.2532,0.3062,0.2532,0.3062,
0.9293,0.4647,1.8586,0,0,1.8586,0.4647,0.4647,0.4647,1.8586,0.9293,0.9293,1.394,2.3233,0.4647,0.4647,1.394,0.4647,0,0.4647,0.0001,0,0.0001,0,0,0.0001,0,0,0,0.0001,0.0001,0.0001,0.0001,0.0002,0,0,0.0001,0,0,0,0.2791,0.2563,0.2791,0.2563,
1.4377,0,0,1.4377,0,1.4377,0,2.3961,1.9169,0,0.4792,0,0.4792,0.9585,0,0.4792,0.9585,1.9169,0,0.9585,0.0001,0,0,0.0001,0,0.0001,0,0.0002,0.0002,0,0,0,0,0.0001,0,0,0.0001,0.0002,0,0.0001,0.2686,0.2522,0.2686,0.2522,
1.3864,0,1.8485,0.9243,0.4621,0.4621,0,0.9243,0.9243,1.3864,0.4621,1.3864,0.9243,0,0,0.4621,1.3864,0.4621,0.4621,0.4621,0.0001,0,0.0001,0.0001,0,0,0,0.0001,0.0001,0.0001,0,0.0001,0.0001,0,0,0,0.0001,0,0,0,0.2802,0.2577,0.2802,0.2577,
3.2888,0,0,0.5481,1.6444,3.8369,0,1.6444,0,3.2888,1.0963,0,0.5481,0,0.5481,1.0963,0.5481,1.6444,0.5481,1.0963,0.0002,0,0,0,0.0001,0.0002,0,0.0001,0,0.0002,0.0001,0,0,0,0,0.0001,0,0.0001,0,0.0001,0.2343,0.2175,0.2343,0.2175,
0,0,0,0.7915,0,0,0.7915,0,0,0.7915,1.583,0,0,0,0,2.3745,0,1.583,0,0,0,0,0,0.0001,0,0,0.0001,0,0,0.0001,0.0002,0,0,0,0,0.0003,0,0.0002,0,0,0.114,0.0945,0.114,0.0945,
0.4003,1.2008,0.4003,1.6011,0.4003,0.4003,0.8005,2.4016,0.8005,0.4003,0.4003,0.8005,1.2008,0.8005,1.6011,1.2008,0.8005,0.8005,0.4003,0.8005,0,0.0001,0,0.0001,0,0,0,0.0001,0,0,0,0,0.0001,0,0.0001,0.0001,0,0,0,0,0.313,0.2868,0.313,0.2868,
2.0744,0,0,0,0.6915,1.3829,0.3457,0.3457,1.7286,0.6915,0.6915,0.3457,0.3457,0.3457,3.803,1.3829,0.6915,0.6915,0,0,0.0002,0,0,0,0.0001,0.0001,0,0,0.0001,0.0001,0.0001,0,0,0,0.0003,0.0001,0.0001,0.0001,0,0,0.3498,0.3045,0.3498,0.3045,
1.2967,1.2967,0,1.2967,1.2967,0.8644,0.4322,0.8644,0,0.8644,1.2967,0.4322,1.2967,0.8644,0.8644,0,0.4322,0.4322,1.7289,0.4322,0.0001,0.0001,0,0.0001,0.0001,0,0,0,0,0,0.0001,0,0.0001,0,0,0,0,0,0.0001,0,0.2935,0.2743,0.2935,0.2743,
0.3755,1.1264,0.3755,0.3755,0.7509,0.7509,0.3755,1.1264,0.7509,1.5019,0,1.5019,0.7509,0.7509,2.2528,1.1264,0.7509,0,0.3755,1.5019,0,0.0001,0,0,0,0,0,0.0001,0,0.0001,0,0.0001,0,0,0.0001,0.0001,0,0,0,0.0001,0.3247,0.2998,0.3247,0.2998,
0.4955,0,0.4955,0,1.4865,1.4865,0,0.991,1.982,1.4865,0.991,0,0.4955,0,0.991,0.4955,0.4955,0.4955,0,0.4955,0,0,0,0,0.0001,0.0001,0,0.0001,0.0002,0.0001,0.0001,0,0,0,0.0001,0,0,0,0,0,0.2401,0.2644,0.2401,0.2644,
0.4429,0,1.7718,1.3288,1.3288,0.4429,0.4429,0.8859,1.7718,0.4429,0.8859,0,0.8859,1.3288,0.8859,2.2147,0.4429,1.3288,1.3288,0,0,0,0.0001,0.0001,0.0001,0,0,0.0001,0.0001,0,0.0001,0,0.0001,0.0001,0.0001,0.0001,0,0.0001,0.0001,0,0.2497,0.3074,0.2497,0.3074,
1.1132,0.5566,1.1132,1.1132,1.6699,1.1132,1.1132,1.1132,0.5566,0,0.5566,1.1132,1.1132,1.1132,0,1.6699,0,1.1132,0.5566,0.5566,0.0001,0,0.0001,0.0001,0.0001,0.0001,0.0001,0.0001,0,0,0,0.0001,0.0001,0.0001,0,0.0001,0,0.0001,0,0,0.2178,0.2256,0.2178,0.2256,
0.8022,1.6044,1.2033,0.4011,2.0055,0.8022,0,0.8022,1.2033,2.0055,0.4011,0,1.2033,2.0055,0.4011,2.0055,0.8022,0.8022,0,1.2033,0,0.0001,0,0,0.0001,0,0,0,0,0.0001,0,0,0,0.0001,0,0.0001,0,0,0,0,0.3098,0.2891,0.3098,0.2891,
0.5302,0,0,1.0605,2.121,0.5302,0,0.5302,0,3.7117,0.5302,2.6512,0.5302,1.5907,0.5302,1.5907,1.5907,1.5907,0.5302,1.0605,0,0,0,0.0001,0.0001,0,0,0,0,0.0002,0,0.0002,0,0.0001,0,0.0001,0.0001,0.0001,0,0.0001,0.2283,0.2415,0.2283,0.2415,
2.2076,0,1.6557,1.1038,1.6557,0,0,0.5519,0.5519,1.1038,0.5519,0,3.3113,1.1038,0.5519,0.5519,0.5519,1.6557,0,0,0.0002,0,0.0001,0.0001,0.0001,0,0,0,0,0.0001,0,0,0.0003,0.0001,0,0,0,0.0001,0,0,0.2538,0.1944,0.2538,0.1944,
0.7445,0.7445,0.3723,1.4891,1.1168,1.1168,0.3723,1.1168,0.3723,1.1168,0.7445,1.4891,0.3723,1.4891,0.7445,0.3723,0.3723,1.4891,1.1168,0.7445,0,0,0,0.0001,0,0,0,0,0,0,0,0.0001,0,0.0001,0,0,0,0.0001,0,0,0.3028,0.3249,0.3028,0.3249,
0.4011,1.6044,1.6044,0.4011,0.8022,1.2033,1.2033,0,0.4011,0.8022,0.4011,1.2033,0.8022,0.8022,0,1.2033,0.4011,0.8022,0.8022,1.6044,0,0.0001,0.0001,0,0,0.0001,0.0001,0,0,0,0,0.0001,0,0,0,0.0001,0,0,0,0.0001,0.3132,0.2857,0.3132,0.2857,
0,1.6361,0.818,0.409,0,0.818,2.0451,0.818,0.409,1.227,0,0.409,1.6361,0.409,1.6361,0.409,0.409,0.409,1.227,0.409,0,0.0001,0,0,0,0,0.0001,0,0,0.0001,0,0,0.0001,0,0.0001,0,0,0,0.0001,0,0.2833,0.3077,0.2833,0.3077,
0,0,1.5855,0.7928,0,0.7928,0.7928,0,0,0.7928,0.7928,0,0,0,0.7928,2.3783,0,0,0,0,0,0,0.0002,0.0001,0,0.0001,0.0001,0,0,0.0001,0.0001,0,0,0,0.0001,0.0003,0,0,0,0,0.0993,0.108,0.0993,0.108,
0.7307,0,0.7307,1.4615,1.8268,0.7307,0.3654,1.0961,0.7307,1.4615,0.7307,1.0961,0.7307,0,0.3654,2.9229,0.3654,0,0,1.8268,0,0,0,0.0001,0.0001,0,0,0.0001,0,0.0001,0,0.0001,0,0,0,0.0002,0,0,0,0.0001,0.3129,0.3218,0.3129,0.3218,
1.6272,0,1.2204,0,0.4068,1.2204,2.0341,1.2204,1.2204,0,0,1.2204,1.2204,2.0341,0.4068,1.2204,0.8136,0.4068,0.4068,1.2204,0.0001,0,0.0001,0,0,0.0001,0.0001,0.0001,0.0001,0,0,0.0001,0.0001,0.0001,0,0.0001,0.0001,0,0,0.0001,0.3,0.2932,0.3,0.2932,
1.1585,0.7724,0.7724,0.3862,1.1585,0.3862,1.5447,0.7724,1.1585,0.3862,0.3862,0.7724,1.1585,0.3862,1.1585,0.3862,1.1585,0.7724,0.3862,1.9309,0.0001,0,0,0,0.0001,0,0.0001,0,0.0001,0,0,0,0.0001,0,0.0001,0,0.0001,0,0,0.0001,0.3012,0.3126,0.3012,0.3126,
0,1.0848,0,0.3616,0,0.7232,0.7232,1.0848,2.5311,0,0.3616,0.3616,0.7232,1.0848,1.8079,0.7232,0.3616,1.8079,0,0,0,0.0001,0,0,0,0,0,0.0001,0.0002,0,0,0,0,0.0001,0.0001,0,0,0.0001,0,0,0.3179,0.3205,0.3179,0.3205,
0.8032,0,0.8032,0,0.8032,0.8032,0,0,0,0,0,2.4096,0.8032,0.8032,0,0,0.8032,0,0,0.8032,0.0001,0,0.0001,0,0.0001,0.0001,0,0,0,0,0,0.0004,0.0001,0.0001,0,0,0.0001,0,0,0.0001,0.1035,0.0933,0.1035,0.0933,
1.6127,0.4032,0.8063,1.2095,0.4032,1.6127,0.4032,1.2095,1.2095,0.4032,0.4032,0,0.4032,0.8063,0.4032,0.4032,2.0158,0.8063,0.4032,0.4032,0.0001,0,0.0001,0.0001,0,0.0001,0,0.0001,0.0001,0,0,0,0,0.0001,0,0,0.0001,0.0001,0,0,0.3091,0.2878,0.3091,0.2878,
0.725,1.8126,0.725,1.8126,0.3625,0.725,0.725,1.4501,2.5376,0.3625,1.0876,0,1.0876,0.3625,1.0876,0,0.725,0.3625,0,0.725,0,0.0001,0,0.0001,0,0,0,0.0001,0.0001,0,0.0001,0,0.0001,0,0.0001,0,0,0,0,0,0.3234,0.3141,0.3234,0.3141,
0.785,0,0.785,0,0,0,0,0,0,1.57,0,0,0.785,1.57,0.785,0.785,0.785,0.785,0,0,0.0002,0,0.0002,0,0,0,0,0,0,0.0003,0,0,0.0002,0.0003,0.0002,0.0002,0.0002,0.0002,0,0,0.1096,0.1054,0.1096,0.1054,
0,0.5029,1.0058,0,2.0115,2.0115,1.0058,1.0058,0.5029,0,1.0058,1.0058,2.0115,1.0058,0.5029,1.5087,1.0058,0,0.5029,0.5029,0,0,0.0001,0,0.0001,0.0001,0.0001,0.0001,0,0,0.0001,0.0001,0.0001,0.0001,0,0.0001,0.0001,0,0,0,0.3015,0.1957,0.3015,0.1957,
2.2442,0.5611,0,0,2.2442,7.2938,0,2.8053,1.1221,1.6832,1.1221,0.5611,0,0,0.5611,2.2442,0.5611,2.2442,0,0,0.0001,0,0,0,0.0001,0.0004,0,0.0001,0.0001,0.0001,0.0001,0,0,0,0,0.0001,0,0.0001,0,0,0.2372,0.2017,0.2372,0.2017,
1.6658,0,0.8329,1.6658,0.8329,0.8329,0.4164,0.8329,0.4164,1.2493,1.2493,0.8329,0.4164,0.4164,1.2493,0.8329,0,0.4164,0.8329,0.4164,0.0001,0,0.0001,0.0001,0.0001,0.0001,0,0.0001,0,0.0001,0.0001,0.0001,0,0,0.0001,0.0001,0,0,0.0001,0,0.3248,0.2587,0.3248,0.2587,
0.4906,0.4906,0.4906,0,1.4719,0.4906,0.4906,0,1.9626,2.4532,0.4906,0.9813,1.9626,0.4906,0.9813,0.4906,0.9813,1.4719,0,0,0,0,0,0,0.0001,0,0,0,0.0001,0.0002,0,0.0001,0.0001,0,0.0001,0,0.0001,0.0001,0,0,0.2518,0.2576,0.2518,0.2576,
0.9345,0.4672,0,0,0.4672,1.4017,0.4672,0.9345,0.4672,0.9345,0.4672,1.8689,1.4017,1.8689,1.4017,0,0.9345,0.4672,0.9345,1.8689,0.0001,0,0,0,0,0.0001,0,0.0001,0,0.0001,0,0.0001,0.0001,0.0001,0.0001,0,0.0001,0,0.0001,0.0001,0.2419,0.2908,0.2419,0.2908,
0.9729,0.3243,0.6486,0.6486,0.9729,0.6486,0.9729,0.9729,0.6486,0.6486,0.6486,0.6486,0,1.2972,1.6214,0,0.6486,1.6214,0.9729,0.9729,0.0001,0,0,0,0.0001,0,0.0001,0.0001,0,0,0,0,0,0.0001,0.0001,0,0,0.0001,0.0001,0.0001,0.3121,0.3636,0.3121,0.3636,
2.784,0,1.1931,0.7954,1.5908,1.1931,0.7954,0.3977,0,2.3863,0.7954,0.3977,0.3977,0.7954,0.3977,1.1931,1.5908,1.5908,0.7954,0.7954,0.0002,0,0.0001,0,0.0001,0.0001,0,0,0,0.0001,0,0,0,0,0,0.0001,0.0001,0.0001,0,0,0.2894,0.3129,0.2894,0.3129,
0.6394,1.2788,0,0,0,1.2788,0,1.2788,0.6394,5.1154,0.6394,0.6394,1.2788,0,1.2788,0,0,8.3125,0,0,0,0.0001,0,0,0,0.0001,0,0.0001,0,0.0003,0,0,0.0001,0,0.0001,0,0,0.0005,0,0,0.1769,0.1836,0.1769,0.1836,
1.2228,0.4076,1.6304,0.4076,0.4076,1.6304,0.8152,0.4076,0,0.8152,0.8152,0.4076,0.4076,1.6304,0.8152,0.4076,0.4076,0.4076,1.2228,1.2228,0.0001,0,0.0001,0,0,0.0001,0,0,0,0,0,0,0,0.0001,0,0,0,0,0.0001,0.0001,0.3152,0.2772,0.3152,0.2772,
0.3285,1.314,0.657,0.9855,0.3285,0.3285,0.657,0.3285,2.9565,0.657,1.314,1.314,0.3285,0.657,1.6425,0,1.314,0.3285,0,0.657,0,0.0001,0,0.0001,0,0,0,0,0.0002,0,0.0001,0.0001,0,0,0.0001,0,0.0001,0,0,0,0.3895,0.282,0.3895,0.282,
1.5385,0,0,0,1.5385,0,0.7692,0,0,0,0.7692,0,0,0,0.7692,0.7692,1.5385,0,0.7692,0,0.0003,0,0,0,0.0003,0,0.0001,0,0,0,0.0001,0,0,0,0.0001,0.0001,0.0003,0,0.0001,0,0.1456,0.0852,0.1456,0.0852,
2.5073,0,0,0,0.6268,1.2536,0,3.7609,0,4.3877,0.6268,1.2536,1.2536,1.2536,1.2536,0.6268,1.2536,1.2536,0,0,0.0002,0,0,0,0,0.0001,0,0.0003,0,0.0003,0,0.0001,0.0001,0.0001,0.0001,0,0.0001,0.0001,0,0,0.1569,0.2163,0.1569,0.2163,
0,0.6317,0,0,1.8951,0.6317,0,0,0.6317,0,0.6317,1.8951,0,0,1.2634,1.2634,1.2634,0,0,0,0,0.0001,0,0,0.0002,0.0001,0,0,0.0001,0,0.0001,0.0002,0,0,0.0001,0.0001,0.0001,0,0,0,0.2093,0.159,0.2093,0.159,
0,0,1.2855,0,0,1.9282,0.6427,0.6427,0,0,1.9282,0.6427,0,0.6427,0.6427,0.6427,0.6427,0,0,0,0,0,0.0002,0,0,0.0003,0.0001,0.0001,0,0,0.0003,0.0001,0,0.0001,0.0001,0.0001,0.0001,0,0,0,0.2096,0.1476,0.2096,0.1476,
0.3381,1.0142,0.3381,1.6903,0.3381,0.3381,0.3381,0.3381,2.0284,0.6761,0.6761,2.0284,0.3381,0.3381,2.0284,0.3381,2.0284,1.0142,0,0.3381,0,0.0001,0,0.0001,0,0,0,0,0.0001,0,0,0.0001,0,0,0.0001,0,0.0001,0.0001,0,0,0.3209,0.341,0.3209,0.341,
1.0086,0.3362,0.3362,1.0086,0.3362,0.3362,2.0173,0.3362,1.3449,0.3362,0.3362,1.0086,1.0086,1.3449,1.0086,1.0086,1.6811,0.3362,0.6724,0.3362,0.0001,0,0,0.0001,0,0,0.0001,0,0.0001,0,0,0.0001,0.0001,0.0001,0.0001,0.0001,0.0001,0,0,0,0.3057,0.3581,0.3057,0.3581,
0.3704,0.7408,0.3704,0.7408,1.4815,1.1112,0.7408,0.7408,1.4815,0,1.4815,0,1.4815,0,1.1112,1.1112,1.1112,0.7408,0.3704,1.1112,0,0,0,0,0.0001,0.0001,0,0,0.0001,0,0.0001,0,0.0001,0,0.0001,0.0001,0.0001,0,0,0.0001,0.3296,0.3,0.3296,0.3,
0,0,0.7838,0,0.7838,0.7838,0.7838,0,0.7838,0.7838,0.7838,0,0,0,0,0.7838,0.7838,0.7838,0,0,0,0,0.0001,0,0.0001,0.0001,0.0001,0,0.0001,0.0001,0.0001,0,0,0,0,0.0001,0.0001,0.0001,0,0,0.1157,0.1005,0.1157,0.1005,
1.9887,0.3977,1.1932,0.3977,0.7955,1.9887,0.3977,1.5909,1.9887,1.5909,0.3977,1.1932,0,0.7955,0.3977,1.5909,0,0.7955,0.7955,0.3977,0.0001,0,0.0001,0,0,0.0001,0,0.0001,0.0001,0.0001,0,0.0001,0,0,0,0.0001,0,0,0,0,0.2871,0.3152,0.2871,0.3152,
0.9237,1.8473,2.3092,0.4618,0.4618,1.8473,0.4618,1.8473,0.4618,0,4.1565,0.4618,0.4618,0.4618,0.4618,1.3855,1.3855,0.4618,0,0.4618,0,0.0001,0.0001,0,0,0.0001,0,0.0001,0,0,0.0002,0,0,0,0,0.0001,0.0001,0,0,0,0.2493,0.2889,0.2493,0.2889,
1.6987,0,0,0,0.6795,1.0192,0.3397,0.3397,2.3781,1.0192,0.6795,0.6795,0.3397,0.3397,3.3973,0.6795,1.0192,0.3397,0,0,0.0001,0,0,0,0.0001,0.0001,0,0,0.0002,0.0001,0.0001,0.0001,0,0,0.0003,0.0001,0.0001,0,0,0,0.3817,0.2786,0.3817,0.2786,
0.6689,0,0.6689,0.6689,0,0.6689,0.6689,0,0,0,0.6689,1.3378,1.3378,0,0.6689,0,0,1.3378,0.6689,0.6689,0.0001,0,0.0001,0.0001,0,0.0001,0.0001,0,0,0,0.0001,0.0001,0.0001,0,0.0001,0,0,0.0001,0.0001,0.0001,0.1752,0.1559,0.1752,0.1559,
0,1.2625,1.2625,1.6833,0.4208,1.6833,1.2625,1.2625,0,0.4208,1.2625,0.4208,0,0.4208,0.4208,0.4208,1.2625,1.2625,0.4208,1.6833,0,0.0001,0.0001,0.0001,0,0.0001,0.0001,0.0001,0,0,0.0001,0,0,0,0,0,0.0001,0.0001,0,0.0001,0.2819,0.2973,0.2819,0.2973,
1.9683,0,0,0.6561,1.9683,0,0,3.2804,0.6561,3.2804,0.6561,1.9683,0.6561,0.6561,0,1.3122,1.9683,2.6243,0,0.6561,0.0002,0,0,0.0001,0.0002,0,0,0.0003,0.0001,0.0003,0.0001,0.0002,0.0001,0.0001,0,0.0001,0.0002,0.0002,0,0.0001,0.1772,0.1667,0.1772,0.1667,
0.8177,0.4088,0.4088,0.8177,0.4088,0.8177,0.4088,1.2265,1.2265,0.8177,1.6353,0.8177,1.6353,0.4088,0.8177,0.4088,0.4088,0.8177,0.8177,2.453,0,0,0,0,0,0,0,0.0001,0.0001,0,0.0001,0,0.0001,0,0,0,0,0,0,0.0001,0.2684,0.3228,0.2684,0.3228,
0.4129,1.6518,1.2388,1.6518,0.4129,0.8259,0.4129,1.2388,0.8259,0,0.4129,1.2388,1.2388,0.8259,0.8259,0.4129,0.8259,1.6518,0.8259,1.2388,0,0.0001,0.0001,0.0001,0,0,0,0.0001,0,0,0,0.0001,0.0001,0,0,0,0,0.0001,0,0.0001,0.3181,0.269,0.3181,0.269,
0.4795,0.9591,0.9591,0.4795,1.4386,0.4795,0.4795,0.4795,0.4795,0.9591,0.4795,0,0,0.4795,1.4386,0.4795,0.4795,0,0,1.4386,0,0.0001,0.0001,0,0.0001,0,0,0,0,0.0001,0,0,0,0,0.0001,0,0,0,0,0.0001,0.2535,0.267,0.2535,0.267,
0.9597,0,0.9597,0.9597,0.4799,1.4396,0.9597,0,0,0.9597,0.9597,0,1.4396,0,0.4799,0.4799,1.9195,0.4799,0.9597,0.4799,0.0001,0,0.0001,0.0001,0,0.0001,0.0001,0,0,0.0001,0.0001,0,0.0001,0,0,0,0.0001,0,0.0001,0,0.2575,0.2626,0.2575,0.2626,
0.7285,0,0,0,0.7285,0,1.457,0,0,1.457,0.7285,0,0,1.457,0,0,1.457,2.1855,0.7285,0,0.0001,0,0,0,0.0001,0,0.0002,0,0,0.0002,0.0001,0,0,0.0002,0,0,0.0002,0.0004,0.0001,0,0.1438,0.1277,0.1438,0.1277,
2.8303,0,0.4717,0.9434,0.4717,0.4717,0,3.302,1.8868,1.4151,1.4151,1.4151,0.4717,1.4151,0.4717,0.4717,0.9434,2.3585,0.4717,0.4717,0.0002,0,0,0.0001,0,0,0,0.0002,0.0001,0.0001,0.0001,0.0001,0,0.0001,0,0,0.0001,0.0002,0,0,0.2366,0.2917,0.2366,0.2917,
1.1193,0.3731,0.7462,0,1.1193,1.1193,1.4923,0.7462,1.1193,1.4923,0.7462,1.8654,0.7462,0.7462,0.7462,1.1193,1.1193,0.3731,0.3731,1.1193,0.0001,0,0,0,0.0001,0.0001,0.0001,0,0.0001,0.0001,0,0.0001,0,0,0,0.0001,0.0001,0,0,0.0001,0.337,0.2899,0.337,0.2899,
1.3357,0,0.4452,1.7809,0.8904,0.4452,1.7809,0.4452,0.4452,0.8904,0,0,1.3357,0.8904,0.4452,0.4452,0.8904,0.4452,0.4452,0.4452,0.0001,0,0,0.0002,0.0001,0,0.0002,0,0,0.0001,0,0,0.0001,0.0001,0,0,0.0001,0,0,0,0.2781,0.2767,0.2781,0.2767,
0,0,0,2.3571,0,0,0,0.7857,3.1427,0,0,0,0,0,0.7857,0.7857,0,0,0,0,0,0,0,0.0006,0,0,0,0.0002,0.0008,0,0,0,0,0,0.0002,0.0002,0,0,0,0,0.116,0.0983,0.116,0.0983,
1.9119,0,2.3898,1.4339,1.4339,2.3898,0.478,0,0.478,2.3898,0.9559,0,1.9119,0.478,0,1.9119,0.9559,2.3898,0,0.478,0.0001,0,0.0001,0.0001,0.0001,0.0001,0,0,0,0.0001,0,0,0.0001,0,0,0.0001,0,0.0001,0,0,0.2684,0.2536,0.2684,0.2536,
0.3532,1.413,0,0.3532,0.3532,0.7065,1.413,1.7662,1.0597,0.3532,1.7662,0.7065,0,1.0597,1.0597,0.3532,0.3532,0.7065,1.413,1.0597,0,0.0001,0,0,0,0,0.0001,0.0001,0.0001,0,0.0001,0,0,0.0001,0.0001,0,0,0,0.0001,0.0001,0.2889,0.3578,0.2889,0.3578,
0,0,1.8026,0.6009,0.6009,1.2017,0,0,0.6009,1.2017,0,0.6009,0,0,1.2017,0,0,0.6009,0,0.6009,0,0,0.0002,0.0001,0.0001,0.0001,0,0,0.0001,0.0001,0,0.0001,0,0,0.0001,0,0,0.0001,0,0.0001,0.2481,0.1511,0.2481,0.1511,
1.0696,0.3565,0.713,1.4261,1.0696,0.3565,1.0696,1.4261,1.0696,1.0696,0.713,1.0696,0.3565,0.713,1.0696,0.3565,0.713,0.713,0.3565,0.713,0.0001,0,0,0.0001,0.0001,0,0.0001,0.0001,0.0001,0.0001,0,0.0001,0,0,0.0001,0,0,0,0,0,0.3146,0.3289,0.3146,0.3289,
1.9515,0,0,0,2.4393,1.4636,0.4879,2.4393,0.4879,1.4636,0.9757,0.9757,1.4636,1.4636,0.9757,0,1.9515,1.4636,0.4879,0.4879,0.0001,0,0,0,0.0002,0.0001,0,0.0002,0,0.0001,0.0001,0.0001,0.0001,0.0001,0.0001,0,0.0001,0.0001,0,0,0.2558,0.2563,0.2558,0.2563,
0.3794,1.1381,1.1381,0.3794,1.8969,0.3794,1.1381,0.7587,0.7587,0,1.8969,0.7587,1.5175,0.7587,0.7587,1.8969,0.7587,1.1381,0.3794,0.3794,0,0.0001,0.0001,0,0.0001,0,0.0001,0,0,0,0.0001,0,0.0001,0,0,0.0001,0,0.0001,0,0,0.299,0.3216,0.299,0.3216,
2.0634,1.0317,1.0317,0.5159,1.0317,2.0634,0,1.0317,0.5159,0.5159,2.0634,1.0317,1.0317,0,0.5159,0.5159,0,0.5159,0,0,0.0001,0.0001,0.0001,0,0.0001,0.0001,0,0.0001,0,0,0.0001,0.0001,0.0001,0,0,0,0,0,0,0,0.2536,0.2306,0.2536,0.2306,
0.4092,1.637,0.4092,0,0,0.8185,0.4092,0.8185,2.0462,0.4092,0.8185,0.8185,0.4092,0.8185,2.4555,0.8185,0,2.0462,0,0,0,0.0001,0,0,0,0,0,0,0.0001,0,0,0,0,0,0.0001,0,0,0.0001,0,0,0.2981,0.2926,0.2981,0.2926,
0.3953,0.3953,0.3953,0.3953,0.7906,0,0.7906,0.7906,1.9766,1.9766,1.1859,1.5813,0.7906,0.3953,0.3953,0.3953,1.1859,0.7906,0.7906,0.7906,0,0,0,0,0,0,0,0,0.0001,0.0001,0.0001,0.0001,0,0,0,0,0.0001,0,0,0,0.2862,0.3185,0.2862,0.3185,
0,0.9352,0,0,0.4676,1.8705,2.3381,1.8705,0.9352,0.4676,0.9352,1.4029,1.4029,0.4676,0,0.9352,1.4029,0.9352,0,0.9352,0,0.0001,0,0,0,0.0001,0.0001,0.0001,0.0001,0,0.0001,0.0001,0.0001,0,0,0.0001,0.0001,0.0001,0,0.0001,0.2676,0.2648,0.2676,0.2648,
0.5821,3.4927,0,0.5821,0,1.7464,0,1.7464,1.1642,0.5821,0,0.5821,1.1642,0,0.5821,2.3285,0.5821,1.1642,0,1.1642,0,0.0001,0,0,0,0.0001,0,0.0001,0,0,0,0,0,0,0,0.0001,0,0,0,0,0.2402,0.1776,0.2402,0.1776,
0,0.6936,0.6936,0.6936,1.3873,0.6936,0,1.3873,0,0.6936,0.6936,0,0.6936,0.6936,0,0,0,0,1.3873,2.0809,0,0,0,0,0.0001,0,0,0.0001,0,0,0,0,0,0,0,0,0,0,0.0001,0.0001,0.149,0.1574,0.149,0.1574,
0.7005,0,0.7005,0.7005,1.4009,0,0,0,0.7005,1.4009,0,0,0,0.7005,0,0,0,0,0.7005,0,0.0001,0,0.0001,0.0001,0.0002,0,0,0,0.0001,0.0002,0,0,0,0.0001,0,0,0,0,0.0001,0,0.1875,0.1121,0.1875,0.1121,
0,0,0,0,0,0.9141,0,0,0,0,0.4571,0,1.3712,0,9.5981,1.8282,0,0.9141,0,0,0,0,0,0,0,0.0001,0,0,0,0,0.0001,0,0.0002,0,0.0012,0.0002,0,0.0001,0,0,0.2219,0.321,0.2219,0.321,
1.6508,0,0,0,0.3302,0.9905,0.3302,0,1.981,0.9905,0.6603,0.6603,0.3302,0.3302,3.9619,0.6603,0.6603,0.6603,0,0.3302,0.0001,0,0,0,0,0.0001,0,0,0.0002,0.0001,0.0001,0.0001,0,0,0.0003,0.0001,0.0001,0.0001,0,0,0.3098,0.36,0.3098,0.36,
0.4539,0.4539,0.4539,0.4539,0.9078,0,0,1.8156,0.9078,1.8156,0.4539,1.3617,0,0.4539,0.4539,0.9078,0.9078,0.4539,0,4.539,0,0,0,0,0,0,0,0.0001,0,0.0001,0,0.0001,0,0,0,0,0,0,0,0.0002,0.284,0.2621,0.284,0.2621,
0.7239,0.3619,0.7239,1.4478,0.7239,1.4478,0,0.7239,2.1717,0.7239,0.3619,0.7239,1.0858,0.7239,1.0858,0.3619,1.0858,0.7239,1.4478,1.0858,0,0,0,0.0001,0,0.0001,0,0,0.0001,0,0,0,0.0001,0,0.0001,0,0.0001,0,0.0001,0.0001,0.3067,0.3314,0.3067,0.3314,
0,1.3874,0.4625,1.8499,1.3874,1.3874,0,0.4625,0.4625,0.9249,0.4625,1.3874,0.9249,0.9249,0.9249,1.3874,0.9249,0.4625,0,0.4625,0,0.0001,0,0.0001,0.0001,0.0001,0,0,0,0.0001,0,0.0001,0.0001,0.0001,0.0001,0.0001,0.0001,0,0,0,0.3076,0.23,0.3076,0.23,
1.514,1.2112,0.3028,0.9084,0.3028,0.6056,0,0.6056,1.8168,0.6056,0.6056,1.2112,0.3028,0,2.7253,0.3028,0.6056,0.9084,0,0.3028,0.0001,0.0001,0,0,0,0,0,0,0.0001,0,0,0.0001,0,0,0.0001,0,0,0,0,0,0.3577,0.3395,0.3577,0.3395,
0.5083,1.0165,1.0165,1.5248,0.5083,0,0,1.5248,0.5083,1.0165,2.0331,0.5083,0.5083,0,0.5083,1.0165,2.0331,0,1.5248,0,0,0.0001,0.0001,0.0001,0,0,0,0.0001,0,0.0001,0.0001,0,0,0,0,0.0001,0.0001,0,0.0001,0,0.2463,0.2454,0.2463,0.2454,
0,0,0,0,0.8084,1.6168,0,0,0,0.8084,0,0.8084,0,0.8084,0,1.6168,0.8084,0,0.8084,0,0,0,0,0,0.0001,0.0002,0,0,0,0.0001,0,0.0001,0,0.0001,0,0.0002,0.0001,0,0.0001,0,0.1135,0.078,0.1135,0.078,
0,0,0.5501,1.1001,0,0.5501,0,2.2003,1.6502,0.5501,0.5501,0,1.6502,0.5501,0.5501,0,0.5501,0,0.5501,1.6502,0,0,0.0001,0.0001,0,0.0001,0,0.0002,0.0002,0.0001,0.0001,0,0.0002,0.0001,0.0001,0,0.0001,0,0.0001,0.0002,0.2228,0.2271,0.2228,0.2271,
2.6141,1.307,0.3268,1.307,0.3268,0.3268,0,0.6535,1.9605,0.9803,0.6535,0.9803,0.3268,0,2.2873,0.9803,0.3268,0.3268,0,0,0.0001,0.0001,0,0.0001,0,0,0,0,0.0001,0,0,0,0,0,0.0001,0,0,0,0,0,0.3715,0.3018,0.3715,0.3018,
1.7369,0,0.579,0.579,0.579,2.8949,0,0,0.579,1.7369,0.579,0.579,0.579,0,0,0.579,0.579,2.3159,0.579,0,0.0001,0,0,0,0,0.0002,0,0,0,0.0001,0,0,0,0,0,0,0,0.0002,0,0,0.2161,0.2049,0.2161,0.2049,
1.187,0,0.3957,1.187,0.7914,1.187,0,0.7914,1.9784,1.5827,1.187,0,0,0,0.3957,0.7914,1.187,0.7914,1.187,0.3957,0.0001,0,0,0.0001,0.0001,0.0001,0,0.0001,0.0001,0.0001,0.0001,0,0,0,0,0.0001,0.0001,0.0001,0.0001,0,0.3198,0.2845,0.3198,0.2845,
0.5733,1.1466,0.5733,0.5733,1.1466,2.2931,0,0,0.5733,0,0,0.5733,1.1466,0.5733,1.1466,0,1.7198,0.5733,0,0.5733,0,0.0001,0,0,0.0001,0.0001,0,0,0,0,0,0,0.0001,0,0.0001,0,0.0001,0,0,0,0.2508,0.1759,0.2508,0.1759,
0,0,0.7736,0.7736,0,0,0,0.7736,0,0.7736,0,0,0,0.7736,0,0,0.7736,2.3207,0.7736,0.7736,0,0,0.0001,0.0001,0,0,0,0.0001,0,0.0001,0,0,0,0.0001,0,0,0.0001,0.0003,0.0001,0.0001,0.0946,0.1318,0.0946,0.1318,
2.0296,0,0,0.3383,0.6765,1.3531,0.3383,0.3383,1.3531,1.0148,0.6765,0.6765,0.3383,0.3383,4.0592,0.6765,1.0148,0,0,0,0.0002,0,0,0,0.0001,0.0001,0,0,0.0001,0.0001,0.0001,0.0001,0,0,0.0003,0.0001,0.0001,0,0,0,0.3837,0.278,0.3837,0.278,
0,1.6288,0.8144,0,0.4072,0.4072,2.036,0.8144,1.6288,1.6288,0.4072,1.6288,1.2216,0.4072,0.8144,0.8144,0,0,0.4072,0.4072,0,0.0001,0,0,0,0,0.0001,0,0.0001,0.0001,0,0.0001,0.0001,0,0,0,0,0,0,0,0.296,0.2969,0.296,0.2969,
0.4199,0,1.6796,2.5194,1.2597,0.4199,0.8398,0.8398,1.6796,0.4199,0.8398,0.8398,0.4199,0.8398,0,0.8398,2.0995,0.4199,1.2597,0,0,0,0.0001,0.0002,0.0001,0,0.0001,0.0001,0.0001,0,0.0001,0.0001,0,0.0001,0,0.0001,0.0002,0,0.0001,0,0.3385,0.2416,0.3385,0.2416,
0.9419,0.9419,0.471,0.9419,1.4129,1.4129,1.4129,0.471,0,0.471,0.471,0.471,0.471,0.471,0.471,0.9419,0.471,1.8838,0.471,0.9419,0.0001,0.0001,0,0.0001,0.0001,0.0001,0.0001,0,0,0,0,0,0,0,0,0.0001,0,0.0001,0,0.0001,0.2658,0.2632,0.2658,0.2632,
0,1.348,0.674,0,0,0.674,0,0.674,0.674,0,2.0219,0,1.348,0,0.674,0.674,0.674,0,0,1.348,0,0.0001,0,0,0,0,0,0,0,0,0.0001,0,0.0001,0,0,0,0,0,0,0.0001,0.1931,0.1329,0.1931,0.1329,
1.1961,0.598,0.598,1.1961,0.598,1.7941,0.598,0,0,0.598,0.598,0.598,0,1.7941,0.598,0,0,0.598,0,0.598,0.0001,0,0,0.0001,0,0.0001,0,0,0,0,0,0,0,0.0001,0,0,0,0,0,0,0.1825,0.2195,0.1825,0.2195,
0.8325,2.0813,0,0,0,0.4163,0.4163,0.8325,0,0.4163,0,0.4163,0.4163,6.2438,3.33,0,0.4163,0.8325,0,0,0,0.0001,0,0,0,0,0,0,0,0,0,0,0,0.0004,0.0002,0,0,0,0,0,0.3114,0.2724,0.3114,0.2724,
0,1.1629,0.3876,1.1629,0.7753,0.7753,1.1629,0.7753,0.3876,0.7753,0.3876,1.1629,0.3876,0,1.1629,1.1629,1.9382,0,0.3876,0.7753,0,0.0001,0,0.0001,0,0,0.0001,0,0,0,0,0.0001,0,0,0.0001,0.0001,0.0001,0,0,0,0.2858,0.3266,0.2858,0.3266,
0.765,0.3825,0.3825,0.765,1.1475,0.765,0.765,1.1475,0.3825,0.3825,1.1475,1.53,1.1475,1.1475,1.53,0.3825,1.1475,0.3825,1.1475,0,0,0,0,0,0.0001,0,0,0.0001,0,0,0.0001,0.0001,0.0001,0.0001,0.0001,0,0.0001,0,0.0001,0,0.3057,0.3118,0.3057,0.3118,
1.558,0,0,0.779,0.779,0.779,0,0,0,1.558,0,0,1.558,0,0.779,0,0,0.779,0,0,0.0003,0,0,0.0001,0.0001,0.0001,0,0,0,0.0003,0,0,0.0003,0,0.0001,0,0,0.0001,0,0,0.1279,0.0931,0.1279,0.0931,
0.7738,1.1607,1.1607,1.5476,1.5476,0,1.5476,0,0.7738,0,0.7738,0.7738,0.3869,1.1607,0.3869,0.7738,0.3869,1.1607,0.7738,0.7738,0,0.0001,0.0001,0.0001,0.0001,0,0.0001,0,0,0,0,0,0,0.0001,0,0,0,0.0001,0,0,0.2968,0.3163,0.2968,0.3163,
0.7523,0,0,0,1.5046,0,2.2568,0.7523,0.7523,0.7523,0,0,0.7523,0,0.7523,0,0,0,0,0,0.0002,0,0,0,0.0004,0,0.0006,0.0002,0.0002,0.0002,0,0,0.0002,0,0.0002,0,0,0,0,0,0.1284,0.1193,0.1284,0.1193,
1.1862,1.1862,0.3954,1.5816,1.5816,0,0.3954,1.5816,1.5816,3.954,0.7908,0,0.3954,0.7908,0.7908,1.1862,0.7908,0.3954,0.3954,0.7908,0.0001,0.0001,0,0.0001,0.0001,0,0,0.0001,0.0001,0.0002,0,0,0,0,0,0.0001,0,0,0,0,0.3404,0.2642,0.3404,0.2642,
1.3876,0,0.6938,0.6938,0,0.6938,0,0.6938,0.6938,0.6938,0,0,2.0814,0,0,0,0,0.6938,0,0.6938,0.0002,0,0.0001,0.0001,0,0.0001,0,0.0001,0.0001,0.0001,0,0,0.0003,0,0,0,0,0.0001,0,0.0001,0.1353,0.1709,0.1353,0.1709,
0.8126,0,0,0,0.8126,1.6252,0,0.8126,0,1.6252,0,0,0.8126,0,0.8126,1.6252,0,0,0,0,0.0001,0,0,0,0.0001,0.0003,0,0.0001,0,0.0003,0,0,0.0001,0,0.0001,0.0003,0,0,0,0,0.111,0.0764,0.111,0.0764,
1.342,0.8947,0.4473,0.4473,0.4473,0.4473,1.342,0.4473,0.8947,0.8947,0.4473,1.342,0.4473,1.342,0.4473,1.342,0.4473,0.8947,0.4473,0.8947,0.0001,0,0,0,0,0,0.0001,0,0,0,0,0.0001,0,0.0001,0,0.0001,0,0,0,0,0.3001,0.2526,0.3001,0.2526,
0.5114,0,0.5114,0.5114,1.0227,1.0227,0.5114,0.5114,1.0227,1.0227,1.0227,1.0227,0,1.5341,0.5114,1.5341,0.5114,0.5114,0,0.5114,0,0,0,0,0.0001,0.0001,0,0,0.0001,0.0001,0.0001,0.0001,0,0.0001,0,0.0001,0,0,0,0,0.2585,0.2301,0.2585,0.2301,
0.3864,1.1593,0.7728,1.1593,0,0,0.3864,1.5457,0.3864,0.7728,0.7728,0,1.9321,0.3864,1.1593,1.1593,1.9321,0.3864,1.9321,0.3864,0,0.0001,0,0.0001,0,0,0,0.0001,0,0,0,0,0.0001,0,0.0001,0.0001,0.0001,0,0.0001,0,0.3377,0.2759,0.3377,0.2759,
1.5776,0,1.5776,0.7888,1.1832,0.7888,0,1.972,0.3944,0,1.1832,2.3664,0.7888,0,0.3944,1.5776,0.7888,0.7888,0.7888,1.972,0.0001,0,0.0001,0,0.0001,0,0,0.0001,0,0,0.0001,0.0001,0,0,0,0.0001,0,0,0,0.0001,0.3001,0.3055,0.3001,0.3055,
0.3876,1.1629,0.3876,1.1629,0.3876,1.9381,1.1629,0.7752,1.1629,1.1629,0.3876,1.1629,0.3876,0.7752,0.7752,0.3876,0.3876,0.3876,0.3876,0,0,0.0001,0,0.0001,0,0.0001,0.0001,0,0.0001,0.0001,0,0.0001,0,0,0,0,0,0,0,0,0.3393,0.273,0.3393,0.273,
0,1.7701,1.3275,1.7701,0.885,0.885,0,1.3275,0.4425,0,1.3275,0.4425,1.7701,0,0.4425,0.4425,0,0.885,1.7701,0.4425,0,0.0001,0.0001,0.0001,0,0,0,0.0001,0,0,0.0001,0,0.0001,0,0,0,0,0,0.0001,0,0.2538,0.3036,0.2538,0.3036,
2.6799,0.8933,0.4467,0.4467,0.4467,1.7866,0.8933,1.34,0.4467,0.4467,1.34,1.34,0.4467,0.4467,0.4467,1.34,1.34,0,1.34,0.4467,0.0001,0,0,0,0,0.0001,0,0.0001,0,0,0.0001,0.0001,0,0,0,0.0001,0.0001,0,0.0001,0,0.2908,0.2625,0.2908,0.2625,
0.3608,0,0.3608,0.7216,2.5256,0.3608,0,1.4432,2.1648,3.2472,0.7216,0.3608,0,0,1.0824,1.4432,0.3608,0,0,0.7216,0,0,0,0,0.0002,0,0,0.0001,0.0001,0.0002,0,0,0,0,0.0001,0.0001,0,0,0,0,0.3493,0.2899,0.3493,0.2899,
1.2958,1.2958,2.1596,0.4319,1.7277,0.4319,0,0.8638,0.8638,1.7277,0.8638,2.1596,0.8638,0,0.4319,2.1596,1.2958,0.8638,0.8638,0.8638,0.0001,0.0001,0.0001,0,0.0001,0,0,0,0,0.0001,0,0.0001,0,0,0,0.0001,0.0001,0,0,0,0.2545,0.3136,0.2545,0.3136,
0.7385,0,1.1078,1.4771,0.7385,0,0,1.4771,1.8463,1.1078,0.3693,1.4771,0,1.1078,1.1078,1.1078,0.3693,1.4771,0,0,0,0,0.0001,0.0001,0,0,0,0.0001,0.0001,0.0001,0,0.0001,0,0.0001,0.0001,0.0001,0,0.0001,0,0,0.314,0.3168,0.314,0.3168,
0.3949,0.7898,1.1846,2.7642,0.3949,0.3949,1.1846,0.7898,0,0.7898,0.3949,1.1846,0.7898,0.7898,0.3949,0,0.7898,1.1846,0.3949,0.3949,0,0.0001,0.0001,0.0002,0,0,0.0001,0.0001,0,0.0001,0,0.0001,0.0001,0.0001,0,0,0.0001,0.0001,0,0,0.3292,0.2759,0.3292,0.2759,
1.8213,0,0,0,1.8213,1.2142,0,2.4284,0.6071,4.2497,0.6071,0,0,0,0.6071,1.8213,3.0355,0,0,0.6071,0.0001,0,0,0,0.0001,0.0001,0,0.0002,0,0.0003,0,0,0,0,0,0.0001,0.0002,0,0,0,0.2181,0.1748,0.2181,0.1748,
0.4661,0.9323,0.9323,0,1.3984,1.8645,1.3984,0,0.4661,0,1.3984,0.9323,0,0.4661,0,0.4661,0,0.4661,0.9323,2.7968,0,0.0001,0.0001,0,0.0001,0.0001,0.0001,0,0,0,0.0001,0.0001,0,0,0,0,0,0,0.0001,0.0002,0.2821,0.2518,0.2821,0.2518,
0.7074,1.0611,1.7685,0.7074,1.7685,0.3537,0.7074,1.0611,0.7074,1.0611,0.7074,0.3537,0,0,1.4148,0.3537,0.3537,0,0.3537,0.7074,0,0.0001,0.0001,0,0.0001,0,0,0.0001,0,0.0001,0,0,0,0,0.0001,0,0,0,0,0,0.3445,0.3018,0.3445,0.3018,
0,1.3907,0.6953,0,0,0,1.3907,0,0.6953,0,0.6953,0.6953,0.6953,0,0,0.6953,0,0.6953,0.6953,0.6953,0,0.0001,0.0001,0,0,0,0.0001,0,0.0001,0,0.0001,0.0001,0.0001,0,0,0.0001,0,0.0001,0.0001,0.0001,0.1221,0.1826,0.1221,0.1826,
1.4098,0,0.7049,0.7049,0,0,0,0,1.4098,0.7049,0,0,0.7049,0,0.7049,0.7049,0,0.7049,0,0,0.0002,0,0.0001,0.0001,0,0,0,0,0.0002,0.0001,0,0,0.0001,0,0.0001,0.0001,0,0.0001,0,0,0.2296,0.0655,0.2296,0.0655,
0.8349,0.4174,0.4174,0.8349,0.8349,0.4174,0.4174,0.4174,0.8349,1.2523,0,2.0871,0.4174,0.8349,0.4174,1.2523,1.6697,0,1.2523,0.8349,0,0,0,0,0,0,0,0,0,0.0001,0,0.0001,0,0,0,0.0001,0.0001,0,0.0001,0,0.3119,0.2706,0.3119,0.2706,
1.733,0.8665,0.8665,0.4333,0.8665,1.733,0.4333,0.4333,0.8665,0.8665,0.4333,1.2998,1.2998,0,0.4333,1.2998,0.8665,0,0.8665,0.4333,0.0001,0,0,0,0,0.0001,0,0,0,0,0,0.0001,0.0001,0,0,0.0001,0,0,0,0,0.2905,0.2762,0.2905,0.2762,
0.795,1.1924,1.5899,1.1924,0.3975,0.3975,0.3975,0,0.795,0.795,0.795,0.795,0.795,0.3975,1.5899,0.795,0.3975,0.795,1.1924,1.1924,0,0.0001,0.0001,0.0001,0,0,0,0,0,0,0,0,0,0,0.0001,0,0,0,0.0001,0.0001,0.3127,0.2898,0.3127,0.2898,
0.3857,0.3857,1.543,0,1.543,0,0.7715,0.7715,0,1.9287,1.9287,1.543,0.3857,1.543,0.7715,1.1572,0.7715,0.7715,1.543,0.7715,0,0,0.0001,0,0.0001,0,0,0,0,0.0001,0.0001,0.0001,0,0.0001,0,0.0001,0,0,0.0001,0,0.2901,0.3242,0.2901,0.3242,
1.707,0.569,0,0,0,0.569,0,0,0.569,1.138,1.138,2.276,1.138,0.569,0.569,1.138,0,1.138,2.276,0.569,0.0001,0,0,0,0,0,0,0,0,0.0001,0.0001,0.0001,0.0001,0,0,0.0001,0,0.0001,0.0001,0,0.2143,0.2167,0.2143,0.2167,
1.7117,1.7117,0.4279,1.7117,1.2838,0.4279,0,0.4279,0.4279,1.2838,0.8558,0,0.8558,1.7117,0.4279,0.4279,0.4279,0,1.7117,0.4279,0.0001,0.0001,0,0.0001,0.0001,0,0,0,0,0.0001,0,0,0,0.0001,0,0,0,0,0.0001,0,0.3028,0.2693,0.3028,0.2693,
1.9481,0,0,0,3.2468,0.6494,0,1.2987,0.6494,5.8443,1.2987,0.6494,0,0.6494,0,0.6494,1.9481,0.6494,0,0.6494,0.0001,0,0,0,0.0002,0,0,0.0001,0,0.0004,0.0001,0,0,0,0,0,0.0001,0,0,0,0.1976,0.153,0.1976,0.153,
0.5274,2.1096,1.5822,0,0,2.6369,0,0,1.0548,1.5822,0,1.0548,1.5822,0.5274,0,1.0548,1.5822,3.1643,0,0.5274,0,0.0001,0.0001,0,0,0.0001,0,0,0,0.0001,0,0,0.0001,0,0,0,0.0001,0.0001,0,0,0.2582,0.2145,0.2582,0.2145,
1.1032,0.5516,0,0.5516,1.6548,1.6548,0,1.6548,0.5516,3.3096,1.1032,0,0,0,0.5516,1.1032,0,1.1032,0,0.5516,0.0001,0,0,0,0.0001,0.0001,0,0.0001,0,0.0002,0.0001,0,0,0,0,0.0001,0,0.0001,0,0,0.2297,0.2187,0.2297,0.2187,
0,0,0.771,0.3855,1.1565,1.9274,0,0.3855,1.9274,1.1565,0.771,0.3855,2.6984,0.771,0.771,3.0839,0.771,0.771,0,0,0,0,0,0,0.0001,0.0001,0,0,0.0001,0.0001,0,0,0.0002,0,0,0.0002,0,0,0,0,0.3032,0.3114,0.3032,0.3114,
0.6818,0,0.6818,0.6818,1.0227,1.0227,0,0.6818,2.0454,0.3409,0.6818,1.0227,1.0227,0.3409,2.0454,0.3409,0.3409,1.0227,0.3409,0.3409,0,0,0,0,0.0001,0.0001,0,0,0.0001,0,0,0.0001,0.0001,0,0.0001,0,0,0.0001,0,0,0.2818,0.3773,0.2818,0.3773,
0,0,0.8138,2.4414,1.6276,0.4069,0.4069,1.2207,1.2207,0.4069,0.8138,0,0,0,0.8138,0,0.8138,0.8138,0,0.8138,0,0,0.0001,0.0002,0.0001,0,0,0.0001,0.0001,0,0.0001,0,0,0,0.0001,0,0.0001,0.0001,0,0.0001,0.3137,0.2794,0.3137,0.2794,
2.687,0,0,0,0.6717,1.3435,0.3359,0.3359,1.3435,0.6717,0.6717,0.6717,0.3359,0.3359,4.7022,0,1.0076,0.6717,0,0,0.0002,0,0,0,0.0001,0.0001,0,0,0.0001,0.0001,0.0001,0.0001,0,0,0.0004,0,0.0001,0.0001,0,0,0.4076,0.2565,0.4076,0.2565,
0.6884,0.6884,0,0.6884,0,0,0.6884,0.6884,0,1.3768,1.3768,0,0,1.3768,0.6884,0,0,0.6884,0,0,0.0001,0.0001,0,0.0001,0,0,0.0001,0.0001,0,0.0001,0.0001,0,0,0.0001,0.0001,0,0,0.0001,0,0,0.1482,0.1634,0.1482,0.1634,
0,0.6139,0,0.6139,0,1.2278,0,0.6139,0.6139,0.6139,0,0.6139,1.2278,0.6139,0.6139,0.6139,1.2278,0.6139,0,1.8417,0,0,0,0,0,0.0001,0,0,0,0,0,0,0.0001,0,0,0,0.0001,0,0,0.0001,0.176,0.2101,0.176,0.2101,
0.7392,0.7392,0.7392,0.3696,0.3696,0,0.7392,0.3696,0.7392,0.7392,0.3696,1.1088,0.3696,0.3696,1.4783,0.3696,0.3696,1.1088,2.2175,0.7392,0,0,0,0,0,0,0,0,0,0,0,0.0001,0,0,0.0001,0,0,0.0001,0.0001,0,0.3037,0.3268,0.3037,0.3268,
1.0181,1.0181,1.5272,0.5091,1.5272,0.5091,0.5091,1.5272,0,0.5091,1.5272,0.5091,0,1.5272,1.0181,0,0.5091,0.5091,0.5091,0,0.0001,0.0001,0.0001,0,0.0001,0,0,0.0001,0,0,0.0001,0,0,0.0001,0.0001,0,0,0,0,0,0.2484,0.2425,0.2484,0.2425,
1.3268,1.3268,1.3268,0.8846,0.8846,0.8846,0.4423,0,1.3268,0.4423,1.3268,0,0.8846,1.7691,0.4423,0,0,0.8846,1.3268,0.8846,0.0001,0.0001,0.0001,0,0,0,0,0,0.0001,0,0.0001,0,0,0.0001,0,0,0,0,0.0001,0,0.2615,0.2962,0.2615,0.2962,
1.7979,0,0.8989,0.4495,2.2473,0.8989,0,1.3484,0.4495,3.5957,0.4495,0.4495,1.3484,0,0.8989,1.3484,0.8989,0.8989,0.4495,0.4495,0.0001,0,0,0,0.0001,0,0,0.0001,0,0.0002,0,0,0.0001,0,0,0.0001,0,0,0,0,0.2692,0.2814,0.2692,0.2814,
0,0.859,0,2.1474,0.859,0.859,1.2885,0.859,1.7179,0.859,1.2885,2.1474,0.4295,0.4295,0.4295,0.859,0.4295,2.5769,0,0.4295,0,0,0,0.0001,0,0,0.0001,0,0.0001,0,0.0001,0.0001,0,0,0,0,0,0.0001,0,0,0.3202,0.2503,0.3202,0.2503,
1.0175,0,1.0175,0.5087,1.5262,2.035,0,2.035,0,4.07,0.5087,0,0.5087,1.0175,1.0175,0,1.0175,1.5262,0,1.0175,0.0001,0,0.0001,0,0.0001,0.0001,0,0.0001,0,0.0003,0,0,0,0.0001,0.0001,0,0.0001,0.0001,0,0.0001,0.2601,0.2312,0.2601,0.2312,
0.891,0,1.3365,0.891,0.4455,0,1.3365,1.3365,0.4455,0.891,0.4455,1.3365,1.3365,0.4455,0.4455,1.3365,1.7821,0.891,1.3365,1.3365,0.0001,0,0.0001,0.0001,0,0,0.0001,0.0001,0,0.0001,0,0.0001,0.0001,0,0,0.0001,0.0001,0.0001,0.0001,0.0001,0.2613,0.2931,0.2613,0.2931,
0.4387,0.4387,0.4387,0.8773,1.316,0.8773,1.7547,1.316,0.4387,0.8773,0.8773,0,1.316,0,0.4387,0.8773,2.1933,1.7547,0.4387,2.1933,0,0,0,0.0001,0.0001,0.0001,0.0001,0.0001,0,0.0001,0.0001,0,0.0001,0,0,0.0001,0.0001,0.0001,0,0.0001,0.3093,0.2521,0.3093,0.2521,
1.1657,0.3886,0.7772,1.5543,0.7772,1.5543,0.3886,1.5543,1.1657,0.7772,1.5543,0,1.5543,0.3886,0.7772,0.7772,1.5543,0,1.5543,0,0.0001,0,0,0.0001,0,0.0001,0,0.0001,0.0001,0,0.0001,0,0.0001,0,0,0,0.0001,0,0.0001,0,0.2804,0.331,0.2804,0.331,
0.6284,0.6284,0,0,1.2569,0.6284,0,1.2569,1.2569,0.6284,0.6284,1.2569,0,0.6284,1.8853,0.6284,0,0,0,1.2569,0.0001,0.0001,0,0,0.0001,0.0001,0,0.0001,0.0001,0.0001,0.0001,0.0001,0,0.0001,0.0002,0.0001,0,0,0,0.0001,0.2263,0.1453,0.2263,0.1453,
0.3904,1.1712,0,0.3904,0,0.7808,0.3904,0.7808,2.7328,0,0.7808,1.1712,0.3904,0.7808,1.5616,0.3904,0.7808,1.952,0,0,0,0.0001,0,0,0,0,0,0,0.0002,0,0,0.0001,0,0,0.0001,0,0,0.0001,0,0,0.3185,0.2911,0.3185,0.2911,
0,1.1025,0.735,1.8376,0.735,1.4701,0.735,0.3675,0.3675,0.3675,1.4701,0.735,0.3675,0,1.1025,0.735,0.3675,1.1025,0,1.1025,0,0.0001,0,0.0001,0,0.0001,0,0,0,0,0.0001,0,0,0,0.0001,0,0,0.0001,0,0.0001,0.2788,0.3537,0.2788,0.3537,
0.7026,0.3513,0.7026,0.3513,1.0539,1.0539,1.0539,0,1.0539,0.7026,1.0539,0.7026,0.7026,1.7565,1.4052,0.7026,0.3513,0.3513,0.3513,1.0539,0,0,0,0,0.0001,0.0001,0.0001,0,0.0001,0,0.0001,0,0,0.0001,0.0001,0,0,0,0,0.0001,0.3007,0.348,0.3007,0.348,
1.6377,1.2283,0.4094,0.4094,0.4094,1.2283,0.8189,0.4094,2.4566,2.0472,0.4094,1.6377,0,0.4094,0,1.2283,2.0472,0.8189,0.4094,0,0.0001,0.0001,0,0,0,0.0001,0,0,0.0001,0.0001,0,0.0001,0,0,0,0.0001,0.0001,0,0,0,0.2992,0.2914,0.2992,0.2914,
1.8808,1.2539,0,0,0,0,0.6269,0,1.2539,0.6269,0,0.6269,1.2539,0,0.6269,0,0,1.2539,0.6269,0,0.0001,0.0001,0,0,0,0,0,0,0.0001,0,0,0,0.0001,0,0,0,0,0.0001,0,0,0.1752,0.1979,0.1752,0.1979,
0.3478,1.3911,0,0.6956,0.3478,0,0.6956,0.6956,3.4778,0.6956,0.6956,2.4344,0.6956,0.6956,1.0433,0,1.3911,1.0433,0,0.6956,0,0.0001,0,0,0,0,0,0,0.0002,0,0,0.0001,0,0,0.0001,0,0.0001,0.0001,0,0,0.3612,0.291,0.3612,0.291,
1.7014,0,0.5671,0,0.5671,0.5671,0.5671,1.7014,1.1342,3.9698,1.1342,0.5671,1.7014,0.5671,0,2.2685,0.5671,2.8356,0,0,0.0001,0,0,0,0,0,0,0.0001,0.0001,0.0002,0.0001,0,0.0001,0,0,0.0001,0,0.0002,0,0,0.2408,0.1921,0.2408,0.1921,
1.0109,0.5055,1.5164,1.0109,1.0109,0.5055,1.0109,0.5055,1.0109,1.0109,1.0109,0.5055,0,0.5055,0,0.5055,1.5164,0.5055,0,1.0109,0.0001,0,0.0001,0.0001,0.0001,0,0.0001,0,0.0001,0.0001,0.0001,0,0,0,0,0,0.0001,0,0,0.0001,0.2794,0.2151,0.2794,0.2151,
0,1.6383,0,0,0,1.0922,0.5461,0.5461,1.0922,1.0922,0,1.6383,1.0922,1.0922,0.5461,1.6383,1.0922,0.5461,1.0922,0.5461,0,0.0001,0,0,0,0.0001,0,0,0.0001,0.0001,0,0.0001,0.0001,0.0001,0,0.0001,0.0001,0,0.0001,0,0.2295,0.2244,0.2295,0.2244,
0.9908,0.6606,1.3211,0.9908,0.9908,0.6606,0.6606,0.9908,2.312,0.9908,0.3303,1.3211,0.3303,0.3303,0.3303,0.6606,0.3303,0.3303,0.6606,0.3303,0.0001,0,0.0001,0.0001,0.0001,0,0,0.0001,0.0001,0.0001,0,0.0001,0,0,0,0,0,0,0,0,0.3796,0.2901,0.3796,0.2901,
0.7236,0.7236,0.3618,0,0.3618,1.0854,0.7236,0.7236,2.1708,0.7236,0.3618,0.7236,0.7236,0.7236,2.8944,1.4472,0.3618,1.809,0,0.3618,0,0,0,0,0,0.0001,0,0,0.0001,0,0,0,0,0,0.0002,0.0001,0,0.0001,0,0,0.3438,0.2944,0.3438,0.2944,
0,0,0,0,0.7144,1.4289,0,1.4289,0.7144,0,1.4289,0,0.7144,1.4289,0.7144,0,0,0,0,0,0,0,0,0,0.0001,0.0002,0,0.0002,0.0001,0,0.0002,0,0.0001,0.0002,0.0001,0,0,0,0,0,0.1409,0.1446,0.1409,0.1446,
0.7935,0,0,0.7935,0.7935,0,0,0,0,0.7935,0,0,1.587,0,0.7935,0.7935,1.587,0,0,0,0.0001,0,0,0.0001,0.0001,0,0,0,0,0.0001,0,0,0.0003,0,0.0001,0.0001,0.0003,0,0,0,0.104,0.1025,0.104,0.1025,
0.9885,0,0,0.4942,1.4827,0.4942,0,0.9885,0.4942,3.4597,0.4942,1.977,0.9885,0.4942,0.9885,1.4827,0.4942,1.977,0.4942,0.9885,0.0001,0,0,0,0.0001,0,0,0.0001,0,0.0002,0,0.0001,0.0001,0,0.0001,0.0001,0,0.0001,0,0.0001,0.2508,0.255,0.2508,0.255,
1.844,0.6147,0,0,0.6147,0,0.6147,1.844,0.6147,0.6147,1.2293,1.2293,1.2293,1.844,0.6147,1.2293,0,0,0.6147,0,0.0001,0,0,0,0,0,0,0.0001,0,0,0.0001,0.0001,0.0001,0.0001,0,0.0001,0,0,0,0,0.1812,0.2041,0.1812,0.2041,
1.1416,0,0,1.1416,0.5708,0.5708,0,1.1416,0,1.1416,1.1416,0.5708,0.5708,0,1.1416,0,2.8539,0,0.5708,1.1416,0.0001,0,0,0.0001,0.0001,0.0001,0,0.0001,0,0.0001,0.0001,0.0001,0.0001,0,0.0001,0,0.0003,0,0.0001,0.0001,0.253,0.1762,0.253,0.1762,
0,0,0,0,0.7865,0.7865,0,0.7865,0,0,0,1.5731,2.3596,0.7865,0,0,0,0.7865,0.7865,1.5731,0,0,0,0,0.0001,0.0001,0,0.0001,0,0,0,0.0001,0.0002,0.0001,0,0,0,0.0001,0.0001,0.0001,0.0949,0.1185,0.0949,0.1185,
0.9641,0.482,0.482,1.4461,0.482,0,0.9641,0.482,0.482,0.482,0.482,0.9641,0.482,0.9641,0,0,1.4461,0.482,0.9641,1.4461,0.0001,0,0,0.0001,0,0,0.0001,0,0,0,0,0.0001,0,0.0001,0,0,0.0001,0,0.0001,0.0001,0.2566,0.2614,0.2566,0.2614,
1.0563,1.5845,1.0563,0.5282,0.5282,1.0563,0.5282,0.5282,0,0,0,1.0563,0.5282,1.0563,0.5282,1.0563,1.0563,2.1126,0.5282,0.5282,0,0.0001,0,0,0,0,0,0,0,0,0,0,0,0,0,0,0,0.0001,0,0,0.278,0.1938,0.278,0.1938,
0.5068,0.5068,0,0.5068,0.5068,1.0136,0,1.0136,1.0136,0.5068,0.5068,1.0136,0,1.5205,1.5205,1.0136,0,0.5068,0,0.5068,0,0,0,0,0,0.0001,0,0.0001,0.0001,0,0,0.0001,0,0.0001,0.0001,0.0001,0,0,0,0,0.255,0.2382,0.255,0.2382,
0.644,0,0,0,1.9321,0.644,0,5.1524,0.644,4.5083,0.644,0,0.644,0.644,0,2.5762,1.9321,0.644,0,0.644,0,0,0,0,0.0001,0,0,0.0003,0,0.0003,0,0,0,0,0,0.0001,0.0001,0,0,0,0.1836,0.1723,0.1836,0.1723,
3.8335,0.5476,0,1.6429,0.5476,1.0953,0,1.0953,0,1.0953,0.5476,1.6429,1.0953,1.6429,0.5476,1.0953,1.6429,1.6429,0,1.0953,0.0002,0,0,0.0001,0,0.0001,0,0.0001,0,0.0001,0,0.0001,0.0001,0.0001,0,0.0001,0.0001,0.0001,0,0.0001,0.2303,0.222,0.2303,0.222,
0.5779,0,0.5779,0.5779,0,0,0,1.1559,0,1.1559,0,2.8897,1.7338,0,0.5779,0.5779,0.5779,1.1559,2.3118,0,0,0,0,0,0,0,0,0.0001,0,0.0001,0,0.0002,0.0001,0,0,0,0,0.0001,0.0001,0,0.2321,0.19,0.2321,0.19,
1.7584,0.5861,0,2.3445,0,0,0,0,0,2.3445,0,0,0,1.1723,0.5861,1.1723,0,1.1723,0,0,0.0001,0,0,0.0002,0,0,0,0,0,0.0002,0,0,0,0.0001,0,0.0001,0,0.0001,0,0,0.2006,0.2133,0.2006,0.2133,
1.8444,1.3833,0,1.3833,0.9222,1.3833,0.4611,0,0.9222,0.9222,0.9222,1.3833,0.9222,0.9222,0.4611,0.9222,0,1.8444,0.9222,0.9222,0.0001,0.0001,0,0.0001,0,0.0001,0,0,0,0,0,0.0001,0,0,0,0,0,0.0001,0,0,0.2798,0.2591,0.2798,0.2591,
1.4245,0.9496,0.4748,0.4748,1.4245,0.9496,0.9496,0.9496,0.4748,0.4748,0.9496,0.4748,0.4748,1.8993,0.9496,0,0.4748,0.9496,0,0,0.0001,0.0001,0,0,0.0001,0.0001,0.0001,0.0001,0,0,0.0001,0,0,0.0001,0.0001,0,0,0.0001,0,0,0.2742,0.251,0.2742,0.251,
1.7975,0.4494,0.8987,0.8987,0,1.3481,0.4494,0.4494,0.8987,0.8987,0,0.8987,1.7975,0,1.3481,0.4494,0.4494,0,0,0.4494,0.0001,0,0.0001,0.0001,0,0.0001,0,0,0.0001,0.0001,0,0.0001,0.0001,0,0.0001,0,0,0,0,0,0.2908,0.2599,0.2908,0.2599,
1.4656,1.4656,0.977,0,2.4426,0.4885,0,1.4656,0.977,2.4426,1.4656,0.977,0.4885,1.9541,0.4885,0.4885,0,3.9081,1.4656,0,0.0001,0.0001,0,0,0.0001,0,0,0.0001,0,0.0001,0.0001,0,0,0.0001,0,0,0,0.0001,0.0001,0,0.2687,0.2428,0.2687,0.2428,
0,0,0,0,0.8083,1.6167,0,0.8083,0,0.8083,0,0.8083,0.8083,0,0.8083,2.425,0,0,0,0,0,0,0,0,0.0001,0.0002,0,0.0001,0,0.0001,0,0.0001,0.0001,0,0.0001,0.0003,0,0,0,0,0.1147,0.077,0.1147,0.077,
0.3438,1.3751,1.7189,0.6875,0.3438,0.3438,1.7189,1.7189,1.3751,0.3438,0.6875,0.6875,0.3438,0,0,1.3751,0.3438,1.7189,0.3438,0.6875,0,0.0001,0.0001,0,0,0,0.0001,0.0001,0.0001,0,0,0,0,0,0,0.0001,0,0.0001,0,0,0.3487,0.3075,0.3487,0.3075,
0,0,1.0404,0.5202,1.5605,0,0,0.5202,1.0404,3.1211,1.0404,0,0.5202,0.5202,0.5202,1.0404,0.5202,0.5202,0.5202,2.0807,0,0,0.0001,0,0.0001,0,0,0,0.0001,0.0003,0.0001,0,0,0,0,0.0001,0,0,0,0.0002,0.2601,0.2197,0.2601,0.2197,
1.1313,0,0,1.1313,1.1313,1.6969,0,1.1313,1.6969,2.2625,0.5656,0.5656,0.5656,0.5656,0.5656,0,1.1313,0.5656,0,0,0.0001,0,0,0.0001,0.0001,0.0002,0,0.0001,0.0002,0.0002,0.0001,0.0001,0.0001,0.0001,0.0001,0,0.0001,0.0001,0,0,0.1808,0.2536,0.1808,0.2536,
1.2474,0,0.6237,0.6237,0,0.6237,0.6237,0,0.6237,0,1.2474,1.2474,0,1.2474,0.6237,0.6237,1.8711,1.8711,0,0.6237,0.0001,0,0.0001,0.0001,0,0.0001,0.0001,0,0.0001,0,0.0001,0.0001,0,0.0001,0.0001,0.0001,0.0002,0.0002,0,0.0001,0.1894,0.1869,0.1894,0.1869,
0,0,1.4494,0,1.4494,0,0.7247,0,0,0.7247,0,0,0.7247,0,0.7247,0,0,1.4494,0,0,0,0,0.0003,0,0.0003,0,0.0001,0,0,0.0001,0,0,0.0001,0,0.0001,0,0,0.0003,0,0,0.1675,0.1078,0.1675,0.1078,
1.1669,1.1669,0,0.5834,0,1.1669,0.5834,0.5834,0.5834,1.1669,2.3338,0.5834,0,0,0,0.5834,2.3338,1.7503,2.3338,0.5834,0.0001,0.0001,0,0,0,0.0001,0,0,0,0.0001,0.0001,0,0,0,0,0,0.0001,0.0001,0.0001,0,0.2233,0.1933,0.2233,0.1933,
1.6295,0,0,0,1.6295,1.6295,0,0,0,0,0.8148,0,0.8148,0,0.8148,0.8148,0,0,0,0,0.0002,0,0,0,0.0002,0.0002,0,0,0,0,0.0001,0,0.0001,0,0.0001,0.0001,0,0,0,0,0.0926,0.0927,0.0926,0.0927,
1.5157,1.5157,0.5052,0.5052,0.5052,1.0105,1.5157,0,0,1.0105,1.0105,0,0.5052,1.0105,0,1.0105,1.5157,1.0105,0.5052,1.5157,0.0001,0.0001,0,0,0,0,0.0001,0,0,0,0,0,0,0,0,0,0.0001,0,0,0.0001,0.2658,0.2289,0.2658,0.2289,
1.1068,0.7379,1.1068,1.1068,0.7379,0.3689,1.1068,0.7379,1.1068,1.4758,0.7379,1.1068,0,0.7379,1.1068,0.3689,1.1068,0.3689,0.3689,0.7379,0.0001,0,0.0001,0.0001,0,0,0.0001,0,0.0001,0.0001,0,0.0001,0,0,0.0001,0,0.0001,0,0,0,0.3446,0.2865,0.3446,0.2865,
0.7086,0,1.4172,0.7086,0,0,0.7086,0,0,0.7086,0.7086,0.7086,0.7086,0,0.7086,0,0,0,0.7086,0,0.0001,0,0.0002,0.0001,0,0,0.0001,0,0,0.0001,0.0001,0.0001,0.0001,0,0.0001,0,0,0,0.0001,0,0.193,0.0984,0.193,0.0984,
0.364,0,0.7279,0,0,1.4559,0,0,2.5478,1.0919,0.364,0.7279,0.364,0.7279,2.5478,1.0919,0,1.8198,0.364,0.364,0,0,0.0001,0,0,0.0001,0,0,0.0002,0.0001,0,0.0001,0,0.0001,0.0002,0.0001,0,0.0001,0,0,0.3299,0.3062,0.3299,0.3062,
0.7564,0.3782,0.3782,1.1345,0.3782,0.7564,0.3782,0.3782,1.1345,1.1345,1.1345,0.7564,0.3782,2.6472,1.1345,1.1345,0.7564,1.1345,0.7564,1.5127,0,0,0,0.0001,0,0,0,0,0.0001,0.0001,0.0001,0,0,0.0002,0.0001,0.0001,0,0.0001,0,0.0001,0.3357,0.2861,0.3357,0.2861,
1.103,0,0,3.309,0.5515,0,0,0,0.5515,0.5515,1.103,0,0,0.5515,0.5515,0,0,0.5515,0,0.5515,0.0001,0,0,0.0004,0.0001,0,0,0,0.0001,0.0001,0.0001,0,0,0.0001,0.0001,0,0,0.0001,0,0.0001,0.1954,0.2531,0.1954,0.2531,
0.4741,0.4741,1.4222,0.9481,0,0.9481,0.4741,0.4741,0.4741,0.9481,0.4741,1.8963,0.9481,0.4741,0,0.9481,1.4222,0,2.3704,0.4741,0,0,0.0001,0,0,0,0,0,0,0,0,0.0001,0,0,0,0,0.0001,0,0.0001,0,0.2736,0.2524,0.2736,0.2524,
0.3228,1.291,0.6455,0.9683,0.3228,0,0.9683,0.3228,3.2275,1.291,0.6455,1.291,0.3228,0,1.291,0,1.9365,0.3228,0,0.6455,0,0.0001,0,0.0001,0,0,0.0001,0,0.0002,0.0001,0,0.0001,0,0,0.0001,0,0.0001,0,0,0,0.3867,0.2906,0.3867,0.2906,
0,0,0.6809,0,0,0,0,0,0.6809,1.3617,0,0,0.6809,0,1.3617,0,1.3617,0,0.6809,0.6809,0,0,0.0001,0,0,0,0,0,0.0001,0.0002,0,0,0.0001,0,0.0002,0,0.0002,0,0.0001,0.0001,0.2484,0.0707,0.2484,0.0707,
2.2462,0,0,0,0.5616,1.6847,0.5616,1.6847,0.5616,1.1231,0,0.5616,0.5616,0,1.1231,0.5616,1.1231,1.1231,0,0.5616,0.0002,0,0,0,0.0001,0.0002,0.0001,0.0002,0.0001,0.0001,0,0.0001,0.0001,0,0.0001,0.0001,0.0001,0.0001,0,0.0001,0.2391,0.1993,0.2391,0.1993,
1.2986,2.1643,0,0.4329,1.2986,0.8657,1.2986,1.2986,0.8657,0.4329,0.4329,0.4329,0.4329,1.7315,0.8657,0.8657,1.2986,1.2986,0.4329,0.4329,0.0001,0.0001,0,0,0.0001,0,0.0001,0.0001,0,0,0,0,0,0.0001,0,0,0.0001,0.0001,0,0,0.2838,0.2834,0.2838,0.2834,
0,0,0,0.7222,0,0.7222,0.7222,0,0.7222,0.7222,0,0,0.7222,0.7222,0,0.7222,0,0,0.7222,0.7222,0,0,0,0.0001,0,0.0001,0.0001,0,0.0001,0.0001,0,0,0.0001,0.0001,0,0.0001,0,0,0.0001,0.0001,0.181,0.0968,0.181,0.0968,
1.1823,0,1.1823,0.7882,0.3941,0.7882,0.7882,0,1.1823,1.1823,1.5765,0,0.3941,0.3941,1.1823,0.7882,0.3941,1.1823,0.7882,0.7882,0.0001,0,0.0001,0.0001,0,0.0001,0.0001,0,0.0001,0.0001,0.0001,0,0,0,0.0001,0.0001,0,0.0001,0.0001,0.0001,0.3176,0.2882,0.3176,0.2882,
1.1041,0.736,0.368,0,0.368,1.1041,0.368,0.736,2.9442,0.368,0.368,1.1041,0.736,0.368,2.2081,0.368,0.736,1.1041,0,0,0.0001,0,0,0,0,0.0001,0,0,0.0002,0,0,0.0001,0,0,0.0001,0,0,0.0001,0,0,0.3101,0.3219,0.3101,0.3219,
0.6,0.6,0,0,1.8,2.4,1.2,0.6,0,3,2.4,1.2,1.8,1.2,0,0,0,0,0.6,2.4,0,0,0,0,0.0001,0.0001,0.0001,0,0,0.0002,0.0001,0.0001,0.0001,0.0001,0,0,0,0,0,0.0001,0.1953,0.2047,0.1953,0.2047,
0.5298,1.0597,0,1.0597,1.0597,1.0597,0.5298,0,1.0597,0.5298,3.179,0.5298,1.0597,1.0597,0.5298,0.5298,1.5895,0,1.0597,0,0,0.0001,0,0.0001,0.0001,0.0001,0,0,0.0001,0,0.0002,0,0.0001,0.0001,0,0,0.0001,0,0.0001,0,0.2442,0.226,0.2442,0.226,
0.7816,0.7816,1.5633,1.1725,0,0.3908,0.3908,1.5633,0.3908,0.3908,0.7816,2.7357,0.3908,0.3908,0.7816,0.7816,0.3908,0.7816,0.3908,1.9541,0,0,0.0001,0.0001,0,0,0,0.0001,0,0,0,0.0001,0,0,0,0,0,0,0,0.0001,0.3312,0.278,0.3312,0.278,
0.5936,3.5614,0,0.5936,0,1.7807,0,1.1871,1.7807,0,0,1.1871,1.1871,0,0,2.3743,0.5936,1.7807,0.5936,0.5936,0,0.0001,0,0,0,0.0001,0,0,0.0001,0,0,0,0,0,0,0.0001,0,0.0001,0,0,0.2183,0.1881,0.2183,0.1881,
2.4963,0,0,0.4993,1.997,0.4993,0.4993,1.997,0.4993,1.4978,0.9985,0.4993,0.9985,0.9985,0.9985,0.4993,2.4963,1.4978,0.4993,0.9985,0.0002,0,0,0,0.0001,0,0,0.0001,0,0.0001,0.0001,0,0.0001,0.0001,0.0001,0,0.0002,0.0001,0,0.0001,0.2403,0.2604,0.2403,0.2604,
0,0,0.6822,0,1.3644,1.3644,0,0,0,0.6822,0,0.6822,0,0,1.3644,0,0,0,0,0.6822,0,0,0.0001,0,0.0002,0.0002,0,0,0,0.0001,0,0.0001,0,0,0.0002,0,0,0,0,0.0001,0.1664,0.1514,0.1664,0.1514,
0,1.1649,0.7766,0.3883,0,0.7766,1.9415,0.7766,1.5532,1.1649,0,1.5532,0.7766,0.3883,1.5532,0.7766,2.7181,1.5532,0.3883,0,0,0.0001,0,0,0,0,0.0001,0,0.0001,0.0001,0,0.0001,0,0,0.0001,0,0.0001,0.0001,0,0,0.3079,0.3038,0.3079,0.3038,
0.8058,0.8058,0.4029,0.8058,0,1.6116,0.4029,2.0145,1.6116,0.4029,0.8058,0.4029,0,0.4029,1.2087,0.4029,0,1.6116,0,0.8058,0,0,0,0,0,0.0001,0,0.0001,0.0001,0,0,0,0,0,0.0001,0,0,0.0001,0,0,0.2976,0.2995,0.2976,0.2995,
2.3559,0,0,1.178,1.7669,0,0,2.9449,1.7669,2.9449,0.589,1.7669,0.589,0.589,0,0.589,1.7669,1.7669,0,0.589,0.0002,0,0,0.0001,0.0002,0,0,0.0003,0.0002,0.0003,0.0001,0.0002,0.0001,0.0001,0,0.0001,0.0002,0.0002,0,0.0001,0.2218,0.1892,0.2218,0.1892,
2.3327,0.4665,0.4665,0.4665,0.9331,1.3996,0.9331,0.4665,1.8662,0.9331,0.4665,0.9331,1.3996,0.9331,0,0.4665,1.3996,0.9331,0,0.4665,0.0001,0,0,0,0.0001,0.0001,0.0001,0,0.0001,0.0001,0,0.0001,0.0001,0.0001,0,0,0.0001,0.0001,0,0,0.2892,0.2443,0.2892,0.2443,
0.7835,0.3917,0.3917,1.9586,0,0.7835,0.3917,1.1752,0.7835,0.7835,0.7835,0.3917,0.7835,1.1752,1.9586,1.1752,0.7835,0,0.7835,1.1752,0.0001,0,0,0.0001,0,0.0001,0,0.0001,0.0001,0.0001,0.0001,0,0.0001,0.0001,0.0001,0.0001,0.0001,0,0.0001,0.0001,0.3055,0.3028,0.3055,0.3028,
1.7354,1.3016,0.4339,1.3016,0.8677,1.3016,0,2.1693,0,1.3016,0.8677,0.4339,1.3016,0,0.8677,0.4339,0.8677,0,1.7354,0.4339,0.0001,0.0001,0,0.0001,0,0.0001,0,0.0001,0,0.0001,0,0,0.0001,0,0,0,0,0,0.0001,0,0.2799,0.2862,0.2799,0.2862,
1.7088,0,0.5696,0.5696,1.1392,0.5696,0.5696,1.1392,1.1392,3.4177,1.1392,1.7088,0.5696,1.1392,0,0.5696,0.5696,3.4177,0,1.1392,0.0001,0,0,0,0.0001,0,0,0.0001,0.0001,0.0002,0.0001,0.0001,0,0.0001,0,0,0,0.0002,0,0.0001,0.2055,0.2249,0.2055,0.2249,
1.2144,1.2144,1.6191,0,0.4048,0.4048,1.6191,0.4048,0.8096,1.2144,0,0,0,0.4048,1.2144,1.2144,1.2144,0.4048,0.8096,0.8096,0.0001,0.0001,0.0001,0,0,0,0.0001,0,0,0.0001,0,0,0,0,0.0001,0.0001,0.0001,0,0,0,0.308,0.2872,0.308,0.2872,
1.0278,0,0,1.0278,2.5695,0.5139,0,1.5417,2.0556,2.0556,1.0278,0.5139,1.5417,0,0.5139,0.5139,1.0278,1.5417,0,0.5139,0.0001,0,0,0.0001,0.0002,0,0,0.0001,0.0002,0.0002,0.0001,0,0.0001,0,0,0,0.0001,0.0001,0,0,0.2307,0.2554,0.2307,0.2554,
1.9363,0.9682,0.4841,0.4841,1.4523,1.9363,0.9682,0.4841,0.4841,0.9682,0.4841,0,1.4523,0.4841,0.4841,2.4204,1.4523,0.9682,0,0,0.0001,0,0,0,0.0001,0.0001,0,0,0,0,0,0,0.0001,0,0,0.0001,0.0001,0,0,0,0.25,0.2659,0.25,0.2659,
0.7027,0.7027,1.054,1.054,1.7567,0.7027,1.4054,0,0.3513,1.054,1.054,1.054,0.3513,1.7567,0.7027,1.054,0.3513,0.7027,0,0.7027,0,0,0.0001,0.0001,0.0001,0,0.0001,0,0,0.0001,0.0001,0.0001,0,0.0001,0,0.0001,0,0,0,0,0.3081,0.3406,0.3081,0.3406,
2.0863,2.0863,1.2518,0.4173,0.8345,0.8345,1.669,0.4173,0.4173,0,1.2518,1.669,0.4173,0,0,0.8345,0,1.2518,0.8345,1.2518,0.0001,0.0001,0,0,0,0,0.0001,0,0,0,0,0.0001,0,0,0,0,0,0,0,0,0.3043,0.2784,0.3043,0.2784,
1.9281,0,0.6427,0.6427,0,0.6427,0.6427,0,0,3.2136,0,0.6427,0.6427,0,0.6427,0,0,0.6427,0,0,0.0002,0,0.0001,0.0001,0,0.0001,0.0001,0,0,0.0004,0,0.0001,0.0001,0,0.0001,0,0,0.0001,0,0,0.1683,0.189,0.1683,0.189,
0.3561,0,1.0684,0.7123,0.7123,0.7123,1.7807,0.7123,2.1368,0.3561,0.3561,0.7123,1.4246,0,0.7123,0.3561,1.0684,0.3561,0.7123,1.0684,0,0,0.0001,0.0001,0.0001,0.0001,0.0001,0.0001,0.0002,0,0,0.0001,0.0001,0,0.0001,0,0.0001,0,0.0001,0.0001,0.3027,0.3412,0.3027,0.3412,
0.8466,0.8466,0.8466,0.8466,1.2699,0.4233,0.4233,0.4233,1.2699,0.4233,0.8466,1.6932,0,0.8466,0.8466,0.8466,0.8466,1.2699,0,0,0,0,0,0,0.0001,0,0,0,0.0001,0,0,0.0001,0,0,0,0,0,0.0001,0,0,0.2804,0.2963,0.2804,0.2963,
0.4124,1.2371,0.8248,1.2371,0.4124,0.8248,0.8248,1.2371,0.4124,0.4124,0.8248,1.6495,1.6495,3.299,0.8248,0.8248,0.4124,0.4124,0.4124,0,0,0.0001,0,0.0001,0,0,0,0.0001,0,0,0,0.0001,0.0001,0.0002,0,0,0,0,0,0,0.2636,0.324,0.2636,0.324,
0.8957,1.3436,0.8957,0.4479,2.2393,0.4479,0.4479,0.8957,0.4479,2.2393,0.8957,0,0.8957,0,0.8957,1.7915,0,1.3436,0,1.7915,0,0.0001,0,0,0.0001,0,0,0,0,0.0001,0,0,0,0,0,0.0001,0,0.0001,0,0.0001,0.2683,0.2838,0.2683,0.2838,
1.0482,1.3977,1.0482,0.6988,0.3494,0.6988,2.0965,0.6988,0.6988,0.3494,0.3494,1.3977,0.3494,0.3494,0.6988,0.3494,0,2.4459,1.0482,1.0482,0.0001,0.0001,0.0001,0,0,0,0.0001,0,0,0,0,0.0001,0,0,0,0,0,0.0001,0.0001,0.0001,0.3703,0.2803,0.3703,0.2803,
0.4193,0,0,0,0.8386,0.4193,0.8386,0,0.8386,0,0.4193,0.4193,0,0,4.1929,0.4193,0.4193,1.2579,0.4193,0.8386,0,0,0,0,0.0001,0,0.0001,0,0.0001,0,0,0,0,0,0.0005,0,0,0.0001,0,0.0001,0.2816,0.2991,0.2816,0.2991,
1.1524,0,0.5762,0.5762,0.5762,0,0.5762,0,0.5762,0,0,1.7286,0,0.5762,0.5762,0,0,1.1524,0,2.3048,0.0001,0,0.0001,0.0001,0.0001,0,0.0001,0,0.0001,0,0,0.0002,0,0.0001,0.0001,0,0,0.0001,0,0.0003,0.1769,0.2469,0.1769,0.2469,
1.6877,0,0.3375,1.3502,0.6751,1.6877,0.3375,0,1.6877,0,0.6751,1.6877,1.3502,0.6751,2.0253,0.6751,1.0126,0.3375,0,0.3375,0.0001,0,0,0.0001,0.0001,0.0001,0,0,0.0001,0,0.0001,0.0001,0.0001,0.0001,0.0002,0.0001,0.0001,0,0,0,0.3622,0.3002,0.3622,0.3002,
1.2679,1.2679,1.2679,0.4226,1.2679,0.8453,0.8453,0,0,0.4226,0.8453,1.2679,0.8453,0.8453,1.2679,0.8453,0.4226,0.4226,0.8453,0,0.0001,0.0001,0.0001,0,0.0001,0,0,0,0,0,0,0.0001,0,0,0.0001,0,0,0,0,0,0.2892,0.2882,0.2892,0.2882,
3.1315,0.4474,0.4474,0.8947,1.3421,1.7894,0,0.8947,0,2.2368,0.4474,0.8947,0.4474,1.3421,1.3421,0.4474,1.7894,1.3421,0.4474,0,0.0002,0,0,0,0.0001,0.0001,0,0,0,0.0001,0,0,0,0.0001,0.0001,0,0.0001,0.0001,0,0,0.2891,0.2636,0.2891,0.2636,
0.4386,1.3157,1.3157,1.3157,1.3157,2.1929,0.8771,0,0.4386,0.8771,0.8771,0.4386,0.8771,0.4386,0.4386,0.8771,0,0.4386,0,0,0,0.0001,0.0001,0.0001,0.0001,0.0001,0,0,0,0,0,0,0,0,0,0,0,0,0,0,0.2551,0.3063,0.2551,0.3063,
0,0,1.124,0,1.124,0.562,0,0.562,1.124,0.562,0,1.6859,0.562,0.562,1.124,0,0,1.6859,0.562,0,0,0,0.0001,0,0.0001,0,0,0,0.0001,0,0,0.0001,0,0,0.0001,0,0,0.0001,0,0,0.1978,0.2402,0.1978,0.2402,
2.7774,0.9258,0,0.4629,0.9258,1.3887,0,0.9258,0.4629,3.7032,0.9258,0.9258,1.3887,0.4629,1.3887,2.7774,0.4629,2.3145,0,0.4629,0.0001,0,0,0,0,0.0001,0,0,0,0.0002,0,0,0.0001,0,0.0001,0.0001,0,0.0001,0,0,0.2869,0.2502,0.2869,0.2502,
0.4586,0,2.2932,0.9173,0.4586,2.2932,0,0.4586,0.9173,2.7519,0.4586,0.4586,0.4586,0,0.4586,1.8346,0.9173,1.8346,0,0,0,0,0.0001,0.0001,0,0.0001,0,0,0.0001,0.0002,0,0,0,0,0,0.0001,0.0001,0.0001,0,0,0.2881,0.2533,0.2881,0.2533,
1.2701,0.6351,0,0.6351,0.6351,0,0.6351,1.9052,0.6351,0.6351,0,0,0.6351,0.6351,0,0.6351,1.2701,0,1.2701,0.6351,0.0001,0,0,0,0,0,0,0.0001,0,0,0,0,0,0,0,0,0.0001,0,0.0001,0,0.2162,0.1487,0.2162,0.1487,
0,0,0,0.8511,1.2767,0.8511,1.2767,1.7023,0.4256,0.8511,0.8511,0,0.4256,0.4256,0.8511,0.8511,0.4256,1.2767,1.2767,1.2767,0,0,0,0.0001,0.0001,0.0001,0.0001,0.0001,0,0.0001,0.0001,0,0,0,0.0001,0.0001,0,0.0001,0.0001,0.0001,0.2722,0.3022,0.2722,0.3022,
1.4355,0.4785,0.4785,1.914,0.4785,0.4785,0.4785,0.4785,0,0.957,0.957,0.4785,0.4785,0.4785,0.4785,0.957,0.4785,0.4785,0.957,0.957,0.0001,0,0,0.0001,0,0,0,0,0,0.0001,0.0001,0,0,0,0,0.0001,0,0,0.0001,0.0001,0.2614,0.2601,0.2614,0.2601,
0.4609,0.9218,1.3827,0.9218,0.4609,0,0.4609,0.9218,0.9218,0.4609,1.3827,1.3827,0.9218,0.9218,0.9218,0.4609,0,0.4609,0.9218,1.3827,0,0,0.0001,0,0,0,0,0,0,0,0.0001,0.0001,0,0,0,0,0,0,0,0.0001,0.2479,0.2912,0.2479,0.2912,
2.6239,0,0,0,1.5743,3.6735,0,2.6239,0.5248,2.6239,1.5743,0,0,0,1.0496,0,0.5248,1.0496,0,0.5248,0.0002,0,0,0,0.0001,0.0003,0,0.0002,0,0.0002,0.0001,0,0,0,0.0001,0,0,0.0001,0,0,0.2495,0.2257,0.2495,0.2257,
0.4902,0,0.4902,0,0.4902,0.4902,0.9803,1.4705,1.4705,0.4902,0.4902,0.9803,0.9803,0.9803,0.9803,0,1.4705,1.4705,0,0.4902,0.0001,0,0.0001,0,0.0001,0.0001,0.0001,0.0002,0.0002,0.0001,0.0001,0.0001,0.0001,0.0001,0.0001,0,0.0002,0.0002,0,0.0001,0.2662,0.2436,0.2662,0.2436,
2.1629,0.5407,1.6222,0,0,1.0815,1.0815,1.0815,0.5407,0,1.0815,0.5407,0,0,0,0.5407,1.0815,1.0815,0.5407,0,0.0001,0,0.0001,0,0,0.0001,0.0001,0.0001,0,0,0.0001,0,0,0,0,0,0.0001,0.0001,0,0,0.2315,0.2277,0.2315,0.2277,
0.4875,0,0.4875,0.9749,0.4875,0.9749,0,1.4624,1.9498,1.9498,0.4875,0,1.9498,0,0.4875,0.9749,0.9749,0.9749,0,0,0,0,0,0.0001,0,0.0001,0,0.0001,0.0002,0.0002,0,0,0.0002,0,0,0.0001,0.0001,0.0001,0,0,0.2964,0.2162,0.2964,0.2162,
1.5751,0,0.525,0.525,0.525,2.1001,0,1.05,0,4.7252,0.525,0.525,0.525,1.05,1.05,0.525,1.05,2.1001,0,1.05,0.0001,0,0,0,0,0.0001,0,0.0001,0,0.0003,0,0,0,0.0001,0.0001,0,0.0001,0.0001,0,0.0001,0.2289,0.246,0.2289,0.246,
1.1834,0.5917,0,1.7751,1.1834,1.1834,0.5917,0,0,0.5917,2.9585,2.3668,1.7751,0.5917,0,0.5917,0.5917,0.5917,1.1834,0.5917,0.0001,0,0,0.0001,0.0001,0.0001,0,0,0,0,0.0002,0.0001,0.0001,0,0,0,0,0,0.0001,0,0.2069,0.2014,0.2069,0.2014,
0,0.3396,1.3583,1.3583,0,0.6792,0.3396,0.3396,1.3583,0.6792,0.6792,1.0187,1.0187,1.6979,1.0187,0,0.3396,1.3583,1.0187,0.3396,0,0,0.0001,0.0001,0,0,0,0,0.0001,0,0,0.0001,0.0001,0.0001,0.0001,0,0,0.0001,0.0001,0,0.329,0.3314,0.329,0.3314,
1.8859,0,0.4715,0.4715,2.3574,0.4715,0.4715,1.4145,0.4715,2.3574,0.943,0.4715,1.4145,0.4715,0.4715,0,1.8859,0.943,0.943,0,0.0001,0,0,0,0.0002,0,0,0.0001,0,0.0002,0.0001,0,0.0001,0,0,0,0.0001,0.0001,0.0001,0,0.2441,0.2844,0.2441,0.2844,
0.7523,0.7523,0.3761,0,0.3761,0.7523,0.3761,0.3761,2.633,1.1284,0.3761,0.7523,0.7523,1.5046,3.0092,1.1284,0,1.8807,0,0.3761,0,0,0,0,0,0,0,0,0.0002,0.0001,0,0,0,0.0001,0.0002,0.0001,0,0.0001,0,0,0.3287,0.2951,0.3287,0.2951,
1.7377,0,0,1.3033,1.7377,1.3033,0.4344,0.8689,1.3033,2.6066,1.3033,0.8689,0.4344,0,0.4344,2.1722,0.8689,1.3033,0,0.4344,0.0001,0,0,0.0001,0.0001,0.0001,0,0,0.0001,0.0001,0.0001,0,0,0,0,0.0001,0,0.0001,0,0,0.2885,0.277,0.2885,0.277,
1.0138,0.3379,0.3379,0,0,0.6759,0.3379,0.3379,2.0276,0.3379,0.6759,1.3517,0.3379,0.3379,3.0414,0.6759,0,1.6897,0,0.3379,0.0001,0,0,0,0,0.0001,0,0,0.0002,0,0.0001,0.0001,0,0,0.0002,0.0001,0,0.0001,0,0,0.3674,0.2946,0.3674,0.2946,
3.5396,0,0,0.5899,0,1.1799,0,2.9496,0.5899,4.7194,0.5899,1.1799,0.5899,0.5899,0.5899,0.5899,0.5899,1.1799,0,0,0.0002,0,0,0,0,0.0001,0,0.0002,0,0.0003,0,0.0001,0,0,0,0,0,0.0001,0,0,0.1885,0.2216,0.1885,0.2216,
1.0386,0,1.0386,0.5193,1.558,0,0,0,1.558,1.0386,2.0773,0,0,0,0,0.5193,1.0386,0.5193,1.0386,0.5193,0.0001,0,0.0001,0,0.0001,0,0,0,0.0001,0.0001,0.0002,0,0,0,0,0,0.0001,0,0.0001,0,0.2945,0.1862,0.2945,0.1862,
0.8601,0.43,0,0,1.7201,0.43,2.1502,0.8601,2.1502,0.8601,0.8601,0.8601,2.1502,0,0.43,0.43,0.43,0.8601,0.43,1.7201,0.0001,0,0,0,0.0001,0,0.0001,0.0001,0.0001,0.0001,0.0001,0.0001,0.0001,0,0,0,0,0.0001,0,0.0001,0.2933,0.2767,0.2933,0.2767,
0.534,0,0.534,0.534,1.602,0.534,0,0,0.534,1.602,0.534,0.534,0.534,0,1.068,0.534,1.602,0.534,0.534,0.534,0,0,0,0,0.0001,0,0,0,0,0.0001,0,0,0,0,0.0001,0,0.0001,0,0,0,0.2599,0.2061,0.2599,0.2061,
0.9325,0,0.9325,1.3987,0.4662,1.3987,0.9325,0,0.9325,2.3312,0.4662,1.3987,0.4662,0.4662,0,0.9325,0.4662,0.4662,0,0.9325,0.0001,0,0.0001,0.0001,0,0.0001,0.0001,0,0.0001,0.0002,0,0.0001,0,0,0,0.0001,0,0,0,0.0001,0.2874,0.2464,0.2874,0.2464,
0,0.4506,0,2.2531,0.9012,0,0.4506,0.4506,0.9012,0.4506,0.9012,1.3519,0.9012,0.4506,0,1.3519,0.9012,0.4506,0.9012,0.9012,0,0,0,0.0001,0.0001,0,0,0,0.0001,0,0.0001,0.0001,0.0001,0,0,0.0001,0.0001,0,0.0001,0.0001,0.2843,0.265,0.2843,0.265,
0.7216,0,0,0,0.7216,1.4432,0,1.0824,2.5255,0.7216,0.7216,1.4432,0,0.3608,3.2471,2.5255,0.3608,0.3608,0,0,0.0001,0,0,0,0.0001,0.0001,0,0.0001,0.0002,0.0001,0.0001,0.0001,0,0,0.0002,0.0002,0,0,0,0,0.3015,0.3377,0.3015,0.3377,
0,1.8954,0.6318,1.2636,0,0.6318,0.6318,0.6318,0.6318,1.2636,1.8954,0.6318,0,0,0,0,1.2636,0,0,0,0,0.0001,0,0.0001,0,0,0,0,0,0.0001,0.0001,0,0,0,0,0,0.0001,0,0,0,0.1794,0.1888,0.1794,0.1888,
0.7658,1.1488,1.5317,0.3829,0,1.5317,0.3829,0.3829,1.1488,0,1.1488,0.7658,1.5317,1.1488,1.1488,0.3829,0.3829,0.3829,1.1488,0.3829,0,0.0001,0.0001,0,0,0.0001,0,0,0.0001,0,0.0001,0,0.0001,0.0001,0.0001,0,0,0,0.0001,0,0.3345,0.2825,0.3345,0.2825,
0,1.2282,0,0.8188,0,0.8188,0.4094,1.2282,3.2752,0,0.8188,0.8188,1.2282,0.8188,1.2282,0.4094,0,2.047,0,0,0,0.0001,0,0,0,0,0,0.0001,0.0002,0,0,0,0.0001,0,0.0001,0,0,0.0001,0,0,0.3094,0.2812,0.3094,0.2812,
0.7801,0.3901,1.9503,0.7801,1.1702,0.3901,1.1702,0,0.7801,0.7801,1.1702,1.1702,1.5602,0.7801,0.3901,1.1702,0,0,0,0.3901,0.0001,0,0.0001,0.0001,0.0001,0,0.0001,0,0.0001,0.0001,0.0001,0.0001,0.0001,0.0001,0,0.0001,0,0,0,0,0.282,0.328,0.282,0.328,
0.6574,0,0.6574,0,0.6574,0,0,0.6574,0,1.9723,0.6574,0,0.6574,0,0.6574,1.3149,2.6298,0.6574,1.3149,0,0.0001,0,0.0001,0,0.0001,0,0,0.0001,0,0.0002,0.0001,0,0.0001,0,0.0001,0.0001,0.0002,0.0001,0.0001,0,0.1643,0.1782,0.1643,0.1782,
0.8179,0.4089,0.8179,1.2268,0.8179,0,0.8179,0,0.8179,0.8179,0.4089,0.4089,0.4089,0.4089,1.2268,1.6358,0.4089,0.8179,1.2268,0,0,0,0,0.0001,0,0,0,0,0,0,0,0,0,0,0.0001,0.0001,0,0,0.0001,0,0.2648,0.3262,0.2648,0.3262,
1.3244,0.8829,0.4415,0,0.4415,1.3244,2.2073,1.3244,0.8829,0.4415,1.3244,0.8829,0.4415,1.3244,0,0.8829,0.4415,0.8829,0.8829,0.4415,0.0001,0,0,0,0,0.0001,0.0001,0.0001,0,0,0.0001,0,0,0.0001,0,0,0,0,0,0,0.2863,0.2722,0.2863,0.2722,
0,0.5527,1.1054,0.5527,0,0,0.5527,0.5527,0.5527,0.5527,2.2107,0.5527,0,1.1054,0,0.5527,0.5527,1.658,1.658,0.5527,0,0,0.0001,0,0,0,0,0,0,0,0.0001,0,0,0.0001,0,0,0,0.0001,0.0001,0,0.2145,0.2328,0.2145,0.2328,
2.3701,0,0.948,0.948,2.3701,0,0,1.4221,0.474,4.2662,0.474,0.474,2.8441,0.948,0.474,0.948,0.474,2.3701,0.474,0.474,0.0001,0,0.0001,0.0001,0.0001,0,0,0.0001,0,0.0002,0,0,0.0002,0.0001,0,0.0001,0,0.0001,0,0,0.2832,0.2428,0.2832,0.2428,
0.8807,0,0.8807,0.4403,0.8807,0.8807,0.8807,0.4403,0.8807,0,0.8807,0.4403,0.4403,0.4403,0.8807,1.321,0.8807,0.4403,1.321,0.4403,0.0001,0,0.0001,0,0.0001,0.0001,0.0001,0,0.0001,0,0.0001,0,0,0,0.0001,0.0001,0.0001,0,0.0001,0,0.2811,0.2786,0.2811,0.2786,
0.5187,1.556,1.0374,1.0374,1.0374,1.556,0.5187,0,1.0374,0,1.0374,0,0,0.5187,0,2.0747,0,1.556,0.5187,1.0374,0,0.0001,0.0001,0.0001,0.0001,0.0001,0,0,0.0001,0,0.0001,0,0,0,0,0.0001,0,0.0001,0,0.0001,0.2595,0.2218,0.2595,0.2218,
0.523,0,1.5691,0,1.5691,0.523,0.523,0.523,0.523,1.0461,0.523,0.523,0.523,0.523,0,1.5691,1.5691,1.0461,1.0461,0.523,0,0,0.0001,0,0.0001,0,0,0,0,0.0001,0,0,0,0,0,0.0001,0.0001,0.0001,0.0001,0,0.238,0.239,0.238,0.239,
0.4033,0.8067,0.8067,0.4033,0.8067,1.6134,0.4033,0.8067,1.21,1.6134,0.4033,0,0.4033,0.4033,0.8067,0.8067,0.8067,0.8067,0.8067,0.4033,0,0,0,0,0,0.0001,0,0,0.0001,0.0001,0,0,0,0,0,0,0,0,0,0,0.3259,0.2707,0.3259,0.2707,
1.5521,0.776,0,0.388,1.5521,0.388,0,0.776,0.776,0.776,0.776,0,0.388,0,2.7162,1.5521,0,0.776,0.776,0,0.0001,0,0,0,0.0001,0,0,0,0,0,0,0,0,0,0.0002,0.0001,0,0,0,0,0.301,0.311,0.301,0.311,
0,0,0,0,0.7965,0.7965,0.7965,0.7965,0.7965,0.7965,0.7965,0.7965,0,0,0,0.7965,0,0.7965,0,0,0,0,0,0,0.0001,0.0001,0.0001,0.0001,0.0001,0.0001,0.0001,0.0001,0,0,0,0.0001,0,0.0001,0,0,0.0954,0.1081,0.0954,0.1081,
0,0.7073,1.7683,0.7073,1.7683,0.7073,0.7073,0.3537,1.061,0.7073,0,0.3537,0.3537,1.7683,0.3537,0.3537,0,0.7073,1.061,1.7683,0,0,0.0001,0,0.0001,0,0,0,0.0001,0,0,0,0,0.0001,0,0,0,0,0.0001,0.0001,0.3307,0.3156,0.3307,0.3156,
0.4141,0.4141,0.8282,0.8282,0.8282,1.6564,0,1.6564,2.0705,2.0705,0.8282,0.4141,0,0,0.4141,0,0.8282,1.2423,0.4141,0.8282,0,0,0,0,0,0.0001,0,0.0001,0.0001,0.0001,0,0,0,0,0,0,0,0.0001,0,0,0.3358,0.2501,0.3358,0.2501,
1.2317,0,0.4106,0.8211,0.4106,0.4106,0.4106,0.8211,1.6423,1.6423,0,1.2317,0.4106,1.6423,0.4106,0.4106,0.4106,1.2317,1.2317,0.8211,0.0001,0,0,0.0001,0,0,0,0.0001,0.0001,0.0001,0,0.0001,0,0.0001,0,0,0,0.0001,0.0001,0.0001,0.3205,0.269,0.3205,0.269,
6.4837,0,0,1.6209,0.8105,0,0,0,0,0,0,0,0,0,0,0,0.8105,0,0,0,0.0016,0,0,0.0004,0.0002,0,0,0,0,0,0,0,0,0,0,0,0.0002,0,0,0,0.1228,0.0668,0.1228,0.0668,
1.3582,0,2.0372,0.3395,0.3395,1.0186,0.3395,0,0.3395,0,0.3395,1.3582,0,0,1.6977,1.6977,0.6791,0.3395,1.0186,1.3582,0.0001,0,0.0001,0,0,0.0001,0,0,0,0,0,0.0001,0,0,0.0001,0.0001,0,0,0.0001,0.0001,0.3085,0.352,0.3085,0.352,
0,0,0,2.6485,0.7567,0,0.3784,0,3.0269,1.8918,1.5135,1.1351,0,1.1351,1.1351,0.3784,0.7567,0.3784,0,0.3784,0,0,0,0.0002,0.0001,0,0,0,0.0002,0.0001,0.0001,0.0001,0,0.0001,0.0001,0,0.0001,0,0,0,0.3226,0.299,0.3226,0.299,
0.4578,1.3733,0,1.3733,0.4578,0.4578,0.4578,0,0.4578,1.8311,0.9155,0.9155,0.9155,0.9155,0.9155,0.9155,0.4578,0.9155,0.9155,0.9155,0,0.0001,0,0.0001,0,0,0,0,0,0.0001,0,0,0,0,0,0,0,0,0,0,0.2627,0.2795,0.2627,0.2795,
1.1034,0,0,0,0.3678,1.1034,0,1.1034,1.839,0.7356,0.7356,1.4712,0.7356,0.7356,2.9424,0.3678,0.3678,1.1034,0,0,0.0001,0,0,0,0,0.0001,0,0.0001,0.0002,0.0001,0.0001,0.0001,0.0001,0.0001,0.0003,0,0,0.0001,0,0,0.3481,0.2841,0.3481,0.2841,
1.0798,1.0798,1.0798,1.0798,0.3599,1.7997,1.0798,1.4397,0.7199,0.3599,1.0798,0.7199,0.7199,0.7199,0.7199,0.7199,0.3599,0.3599,0.7199,1.4397,0.0001,0.0001,0.0001,0.0001,0,0.0001,0.0001,0.0001,0,0,0.0001,0,0,0,0,0,0,0,0,0.0001,0.3245,0.3156,0.3245,0.3156,
0.3798,0.7596,0.3798,1.5191,0.3798,0.3798,0.3798,0.7596,1.8989,0.3798,0,1.5191,0.7596,0.3798,1.1394,1.1394,0,0.3798,0.3798,0.3798,0,0.0001,0,0.0001,0,0,0,0.0001,0.0001,0,0,0.0001,0.0001,0,0.0001,0.0001,0,0,0,0,0.285,0.3352,0.285,0.3352,
0.4409,0.8817,1.7634,0,0.8817,0.4409,0.4409,0.4409,0.4409,3.086,0.4409,0,0.4409,1.3226,0.8817,0.8817,2.2043,0.8817,0.4409,1.7634,0,0,0.0001,0,0,0,0,0,0,0.0002,0,0,0,0.0001,0,0,0.0001,0,0,0.0001,0.3083,0.2508,0.3083,0.2508,
1.5629,0,1.042,0.521,2.0839,0,0,0.521,1.5629,0.521,0.521,0,1.5629,0.521,0.521,1.042,0.521,1.5629,1.042,1.042,0.0001,0,0.0001,0,0.0002,0,0,0,0.0001,0,0,0,0.0001,0,0,0.0001,0,0.0001,0.0001,0.0001,0.2705,0.2085,0.2705,0.2085,
0,0.4369,0.4369,0.8738,1.3107,1.3107,0.8738,1.3107,0.8738,0.4369,1.3107,0.4369,0.4369,0.4369,0.4369,0.8738,0,0.8738,1.3107,2.1846,0,0,0,0.0001,0.0001,0.0001,0.0001,0.0001,0.0001,0,0.0001,0,0,0,0,0.0001,0,0.0001,0.0001,0.0001,0.2894,0.2737,0.2894,0.2737,
0,0,1.3541,0,0.677,0.677,0,0,0.677,0,0,0.677,0.677,1.3541,0,0.677,0,1.3541,1.3541,2.0311,0,0,0.0001,0,0.0001,0.0001,0,0,0.0001,0,0,0.0001,0.0001,0.0001,0,0.0001,0,0.0001,0.0001,0.0002,0.2083,0.1147,0.2083,0.1147,
0.416,0.8321,0.8321,0.416,0.416,1.2481,0.416,0.8321,0.8321,0.8321,0,0,2.0802,0.416,1.2481,0.416,0.8321,0.416,1.2481,1.6641,0,0.0001,0.0001,0,0,0.0001,0,0.0001,0.0001,0.0001,0,0,0.0001,0,0.0001,0,0.0001,0,0.0001,0.0001,0.3053,0.2786,0.3053,0.2786,
0,0.6487,0.6487,0,0,0,0,0.6487,0.6487,1.2974,0,0,0,0.6487,1.2974,0.6487,0,0,0,0.6487,0,0.0001,0.0001,0,0,0,0,0.0001,0.0001,0.0002,0,0,0,0.0001,0.0002,0.0001,0,0,0,0.0001,0.1572,0.1941,0.1572,0.1941,
0,0,1.3701,0.6851,0,0,1.3701,0.6851,0,0,0.6851,0.6851,0.6851,0,0.6851,0,1.3701,0.6851,0,0,0,0,0.0002,0.0001,0,0,0.0002,0.0001,0,0,0.0001,0.0001,0.0001,0,0.0001,0,0.0002,0.0001,0,0,0.1559,0.1591,0.1559,0.1591,
0.8695,0.8695,0.8695,1.3043,0.4348,0.8695,0,0,0.8695,1.3043,0.4348,0.8695,0.8695,0.8695,0.8695,0.4348,0.4348,1.3043,0.8695,0.8695,0.0001,0.0001,0.0001,0.0001,0,0.0001,0,0,0.0001,0.0001,0,0.0001,0.0001,0.0001,0.0001,0,0,0.0001,0.0001,0.0001,0.2701,0.2951,0.2701,0.2951,
2.2009,0,0.8804,2.2009,1.3206,0.8804,0.4402,0.8804,0,2.2009,0.4402,0,0.8804,0.8804,0.8804,1.7607,1.3206,0.8804,0,0.8804,0.0001,0,0.0001,0.0001,0.0001,0.0001,0,0.0001,0,0.0001,0,0,0.0001,0.0001,0.0001,0.0001,0.0001,0.0001,0,0.0001,0.2751,0.2847,0.2751,0.2847,
0.771,0.771,1.542,0.771,0.771,0.771,0.3855,0.771,1.9275,0.771,0,0,0.771,0.3855,0.3855,0.771,0.771,0.3855,0.3855,1.1565,0,0,0.0001,0,0,0,0,0,0.0001,0,0,0,0,0,0,0,0,0,0,0.0001,0.2921,0.3224,0.2921,0.3224,
1.9507,0,0.6502,0,0,0,1.3004,0,0.6502,0,0,0.6502,0.6502,1.3004,0.6502,0.6502,1.3004,0.6502,0.6502,0.6502,0.0002,0,0.0001,0,0,0,0.0001,0,0.0001,0,0,0.0001,0.0001,0.0001,0.0001,0.0001,0.0001,0.0001,0.0001,0.0001,0.1882,0.1616,0.1882,0.1616,
0,0,0.3326,1.3304,0.3326,0.3326,0.6652,0.3326,2.6608,1.9956,0.3326,0.9978,0.6652,0.3326,1.663,0.9978,1.3304,1.3304,0,0.6652,0,0,0,0.0001,0,0,0.0001,0,0.0002,0.0002,0,0.0001,0.0001,0,0.0001,0.0001,0.0001,0.0001,0,0.0001,0.3158,0.3516,0.3158,0.3516,
0.6942,0,0.3471,0,0.3471,0.6942,0.3471,1.3885,2.4299,1.3885,0.3471,1.3885,0.3471,0.3471,2.777,0.6942,0,0.3471,0,0.3471,0.0001,0,0,0,0,0.0001,0,0.0001,0.0002,0.0001,0,0.0001,0,0,0.0002,0.0001,0,0,0,0,0.377,0.2759,0.377,0.2759,
0.5272,0,0.5272,0,1.0544,4.2176,0,2.1088,0,2.636,0.5272,0,1.0544,0,0.5272,2.1088,2.1088,2.1088,0.5272,1.0544,0,0,0,0,0.0001,0.0002,0,0.0001,0,0.0001,0,0,0.0001,0,0,0.0001,0.0001,0.0001,0,0.0001,0.2253,0.2475,0.2253,0.2475,
0.5382,0,0,0.5382,2.1528,0.5382,0,0.5382,0.5382,3.2293,0.5382,2.691,1.6146,1.0764,0.5382,1.6146,1.0764,1.6146,0.5382,1.0764,0,0,0,0,0.0001,0,0,0,0,0.0002,0,0.0002,0.0001,0.0001,0,0.0001,0.0001,0.0001,0,0.0001,0.2216,0.2402,0.2216,0.2402,
0,0,1.0644,1.5966,1.5966,0,0,0.5322,0.5322,0,0,0,1.0644,0,0.5322,0.5322,0,0.5322,0.5322,1.0644,0,0,0.0001,0.0002,0.0002,0,0,0.0001,0.0001,0,0,0,0.0001,0,0.0001,0.0001,0,0.0001,0.0001,0.0001,0.2512,0.2166,0.2512,0.2166,
0,0.7692,1.1539,0.3846,0.7692,0.3846,1.9231,1.1539,0.7692,0.7692,0.7692,1.1539,1.9231,1.1539,0.3846,1.9231,0.3846,0.3846,1.5385,0.7692,0,0,0.0001,0,0,0,0.0001,0.0001,0,0,0,0.0001,0.0001,0.0001,0,0.0001,0,0,0.0001,0,0.3168,0.2985,0.3168,0.2985,
0,2.1161,0,0,0,0,1.2697,1.6929,0.8465,0.8465,0.4232,1.2697,0.4232,2.5394,1.2697,0.8465,0.8465,0,0.8465,0.8465,0,0.0001,0,0,0,0,0.0001,0.0001,0,0,0,0.0001,0,0.0001,0.0001,0,0,0,0,0,0.2799,0.2969,0.2799,0.2969,
1.9835,0,0.6612,0.6612,0.6612,0,0,0,0,0.6612,0.6612,0,0.6612,0,0.6612,2.6447,1.3223,0.6612,0,1.3223,0.0002,0,0.0001,0.0001,0.0001,0,0,0,0,0.0001,0.0001,0,0.0001,0,0.0001,0.0002,0.0001,0.0001,0,0.0001,0.1732,0.1657,0.1732,0.1657,
0.7952,0,0.7952,0,0.7952,0.7952,0,0,0.7952,0.7952,0,0,0,0,0,0.7952,2.3855,0,0,0,0.0002,0,0.0002,0,0.0002,0.0002,0,0,0.0002,0.0002,0,0,0,0,0,0.0002,0.0005,0,0,0,0.093,0.1119,0.093,0.1119,
0.562,0.562,1.1241,0,0.562,0,0.562,1.6861,1.1241,1.1241,0,0.562,1.6861,1.6861,0,0.562,1.1241,0.562,0,0.562,0,0,0.0001,0,0,0,0,0.0001,0.0001,0.0001,0,0,0.0001,0.0001,0,0,0.0001,0,0,0,0.2072,0.2307,0.2072,0.2307,
0,0,0,0,0,1.438,0,1.438,1.438,0.719,0,0,0,0,0.719,0.719,0,0,0,0.719,0,0,0,0,0,0.0002,0,0.0002,0.0002,0.0001,0,0,0,0,0.0001,0.0001,0,0,0,0.0001,0.1289,0.1521,0.1289,0.1521,
0.8032,1.6064,0,0.8032,0,2.4096,0,0,0,0,1.6064,1.6064,0,0,0,0,0,0,0.8032,0,0.0001,0.0001,0,0.0001,0,0.0002,0,0,0,0,0.0001,0.0001,0,0,0,0,0,0,0.0001,0,0.0868,0.11,0.0868,0.11,
0,1.4856,0.7428,1.8571,0.7428,0.7428,1.1142,1.1142,0,0.3714,0.3714,1.4856,0,2.5999,0.7428,0.7428,0,0.7428,1.1142,0.3714,0,0.0001,0,0.0001,0,0,0.0001,0.0001,0,0,0,0.0001,0,0.0001,0,0,0,0,0.0001,0,0.322,0.3066,0.322,0.3066,
1.2478,0,0,0.6239,1.2478,1.2478,0,0.6239,0,3.1195,0,0.6239,0,0.6239,1.2478,0.6239,0.6239,0.6239,0,0,0.0001,0,0,0.0001,0.0001,0.0001,0,0.0001,0,0.0003,0,0.0001,0,0.0001,0.0001,0.0001,0.0001,0.0001,0,0,0.1826,0.1935,0.1826,0.1935,
1.4008,0.9339,2.3346,0.9339,1.4008,0,0.4669,0,0.4669,0.4669,0,0.9339,0,0.9339,1.4008,1.4008,0.9339,2.8016,0,0.9339,0.0001,0,0.0001,0,0.0001,0,0,0,0,0,0,0,0,0,0.0001,0.0001,0,0.0001,0,0,0.2581,0.275,0.2581,0.275,
0.4593,0.4593,0,0,0.4593,0.9185,0,0.4593,0,0.4593,1.3778,0,0.9185,1.3778,1.8371,0.4593,0.4593,0.9185,1.8371,0.9185,0,0,0,0,0,0.0001,0,0,0,0,0.0001,0,0.0001,0.0001,0.0001,0,0,0.0001,0.0001,0.0001,0.2636,0.2771,0.2636,0.2771,
2.1415,0.5354,0,0.5354,1.0707,1.6061,0,0.5354,1.0707,1.6061,0.5354,1.0707,1.0707,0.5354,0.5354,2.1415,2.1415,0,0,0,0.0001,0,0,0,0.0001,0.0001,0,0,0.0001,0.0001,0,0.0001,0.0001,0,0,0.0001,0.0001,0,0,0,0.2178,0.2469,0.2178,0.2469,
0.4549,0.9098,0.4549,0,0,0,2.2745,0.4549,0.9098,0.9098,2.2745,0.4549,1.3647,0.9098,0.9098,0.9098,0.9098,0.4549,0,2.2745,0,0.0001,0,0,0,0,0.0001,0,0.0001,0.0001,0.0001,0,0.0001,0.0001,0.0001,0.0001,0.0001,0,0,0.0001,0.2695,0.2756,0.2695,0.2756,
0,0.7181,2.1544,0,0.7181,0,0,0,0,0.7181,1.4362,0.7181,0.7181,1.4362,0.7181,0,0.7181,0,0,0.7181,0,0.0001,0.0002,0,0.0001,0,0,0,0,0.0001,0.0002,0.0001,0.0001,0.0002,0.0001,0,0.0001,0,0,0.0001,0.1296,0.1523,0.1296,0.1523,
0,0,1.0142,0,3.5498,1.5213,0,1.0142,1.0142,2.0285,0.5071,1.0142,1.0142,0,0.5071,1.0142,2.0285,2.0285,0,0.5071,0,0,0.0001,0,0.0002,0.0001,0,0.0001,0.0001,0.0001,0,0.0001,0.0001,0,0,0.0001,0.0001,0.0001,0,0,0.2444,0.2485,0.2444,0.2485,
0,1.103,0.5515,1.103,1.103,0.5515,0,0,1.103,0.5515,0,0.5515,0.5515,0.5515,0,0.5515,1.103,1.103,1.6545,0.5515,0,0.0001,0,0.0001,0.0001,0,0,0,0.0001,0,0,0,0,0,0,0,0.0001,0.0001,0.0001,0,0.2162,0.2324,0.2162,0.2324,
0,0.7686,0,0.7686,0,0,0,0,0,0.7686,0.7686,0,0.7686,0.7686,0.7686,0.7686,1.5373,0.7686,0,0,0,0.0001,0,0.0001,0,0,0,0,0,0.0001,0.0001,0,0.0001,0.0001,0.0001,0.0001,0.0002,0.0001,0,0,0.1262,0.1052,0.1262,0.1052,
0.3711,1.1133,0,0.3711,0,0.7422,0.3711,1.1133,2.5977,0,0.3711,0.7422,0.3711,0.7422,1.8555,0.7422,0,2.2266,0,0,0,0.0001,0,0,0,0,0,0.0001,0.0002,0,0,0,0,0,0.0001,0,0,0.0001,0,0,0.3261,0.3028,0.3261,0.3028,
1.2241,0,0,1.2241,1.2241,0.6121,0,1.8362,0.6121,3.6724,0.6121,0.6121,0.6121,2.4483,0,2.4483,1.2241,3.0603,0,0.6121,0.0001,0,0,0.0001,0.0001,0,0,0.0001,0,0.0003,0,0,0,0.0002,0,0.0002,0.0001,0.0002,0,0,0.196,0.1919,0.196,0.1919,
0.3321,0.9963,0.3321,0.9963,0.9963,0.6642,1.3284,0,1.6605,0,1.9926,0.3321,0.3321,0.6642,0.6642,0.9963,1.6605,0.6642,1.3284,0.6642,0,0.0001,0,0.0001,0.0001,0,0.0001,0,0.0001,0,0.0001,0,0,0,0,0.0001,0.0001,0,0.0001,0,0.3512,0.3167,0.3512,0.3167,
1.8029,1.8029,0.9015,0.4507,1.3522,1.3522,0.4507,0.9015,0.9015,1.3522,0,0,0.4507,0,0.4507,0.9015,0.9015,1.3522,0.9015,0.9015,0.0001,0.0001,0,0,0.0001,0.0001,0,0,0,0.0001,0,0,0,0,0,0,0,0.0001,0,0,0.3031,0.2462,0.3031,0.2462,
0,1.5356,1.1517,0.7678,0.3839,0.3839,1.5356,0.7678,0.7678,0,0.7678,0.3839,1.1517,0.3839,0.3839,0.7678,0.7678,0.3839,1.5356,0.7678,0,0.0001,0.0001,0,0,0,0.0001,0,0,0,0,0,0.0001,0,0,0,0,0,0.0001,0,0.2771,0.339,0.2771,0.339,
1.6184,0.8092,1.2138,0.8092,0.8092,1.2138,2.023,0.4046,0.8092,0.8092,0,1.6184,1.2138,2.4276,0,0.8092,0,0.4046,0.8092,0,0.0001,0,0.0001,0,0,0.0001,0.0001,0,0,0,0,0.0001,0.0001,0.0001,0,0,0,0,0,0,0.3096,0.2858,0.3096,0.2858,
1.3149,1.3149,1.3149,0,0.8766,0,0,0.8766,1.7532,1.3149,1.3149,0,0.4383,0,1.3149,2.1915,0.4383,0.4383,0.4383,0.4383,0.0001,0.0001,0.0001,0,0,0,0,0,0.0001,0.0001,0.0001,0,0,0,0.0001,0.0001,0,0,0,0,0.253,0.3087,0.253,0.3087,
1.6453,0.8226,0.8226,0,0.4113,1.2339,1.2339,1.6453,1.2339,0,0.4113,0.4113,1.2339,0.4113,0.8226,0.4113,1.2339,0,0.8226,0.4113,0.0001,0,0,0,0,0.0001,0.0001,0.0001,0.0001,0,0,0,0.0001,0,0,0,0.0001,0,0,0,0.302,0.2867,0.302,0.2867,
0,0.6174,0,0,0.6174,0,2.4696,0.6174,0,0.6174,2.4696,1.2348,0.6174,0,0.6174,0,0.6174,1.2348,0,1.2348,0,0.0001,0,0,0.0001,0,0.0002,0.0001,0,0.0001,0.0002,0.0001,0.0001,0,0.0001,0,0.0001,0.0001,0,0.0001,0.2198,0.1628,0.2198,0.1628,
2.0818,0,0.5204,1.0409,1.0409,0.5204,0,1.0409,1.5613,0.5204,0.5204,1.5613,1.0409,0.5204,0.5204,1.0409,1.0409,1.0409,0,1.0409,0.0001,0,0,0.0001,0.0001,0,0,0.0001,0.0001,0,0,0.0001,0.0001,0,0,0.0001,0.0001,0.0001,0,0.0001,0.2243,0.2552,0.2243,0.2552,
0,0,0,0,2.8073,0.5615,0,1.6844,1.1229,1.6844,0.5615,0,0,0,1.6844,1.1229,0,0.5615,0,1.6844,0,0,0,0,0.0003,0.0001,0,0.0002,0.0001,0.0002,0.0001,0,0,0,0.0002,0.0001,0,0.0001,0,0.0002,0.1971,0.2415,0.1971,0.2415,
0,0,0,2.0996,0.6999,0.6999,0,0,0,0,0,0,0.6999,0.6999,1.3998,0,0,0,0,0.6999,0,0,0,0.0004,0.0001,0.0001,0,0,0,0,0,0,0.0001,0.0001,0.0003,0,0,0,0,0.0001,0.1496,0.1505,0.1496,0.1505,
0,0.6705,1.341,0,0,1.341,0.6705,1.341,0.6705,0.6705,0,0,1.341,0,0,0,1.341,0,0.6705,0.6705,0,0.0001,0.0001,0,0,0.0001,0.0001,0.0001,0.0001,0.0001,0,0,0.0001,0,0,0,0.0001,0,0.0001,0.0001,0.1772,0.1523,0.1772,0.1523,
2.3614,0,0,0,0.6747,1.012,0.3373,0.6747,1.012,0.6747,0.6747,0.6747,0.3373,0.3373,4.3855,0.6747,1.3494,0,0,0,0.0002,0,0,0,0.0001,0.0001,0,0.0001,0.0001,0.0001,0.0001,0.0001,0,0,0.0004,0.0001,0.0001,0,0,0,0.4085,0.2542,0.4085,0.2542,
0,0.448,1.344,1.792,0.448,0,0.448,0.896,0,0.896,0.448,0,0.448,0.448,0.896,1.792,0,0.448,0.448,0,0,0,0.0001,0.0001,0,0,0,0.0001,0,0.0001,0,0,0,0,0.0001,0.0001,0,0,0,0,0.2515,0.3005,0.2515,0.3005,
0.6603,0,0,0,0.6603,0.6603,0.6603,0.6603,0.6603,0,1.3205,2.6411,0.6603,0.6603,0,0.6603,0.6603,0,0,0.6603,0.0001,0,0,0,0.0001,0.0001,0.0001,0.0001,0.0001,0,0.0001,0.0002,0.0001,0.0001,0,0.0001,0.0001,0,0,0.0001,0.1794,0.1603,0.1794,0.1603,
0.9987,0.4993,0,0,1.498,0.4993,0.9987,2.4967,0.4993,0,0.4993,1.498,1.498,1.498,0.4993,0.9987,0.4993,1.498,1.498,0,0.0001,0,0,0,0.0001,0,0.0001,0.0001,0,0,0,0.0001,0.0001,0.0001,0,0.0001,0,0.0001,0.0001,0,0.2473,0.2533,0.2473,0.2533,
0,0,0,0,0,0.707,0.707,0.707,0.707,0.707,0.707,0,0.707,1.414,0.707,0.707,0.707,0,0,0,0,0,0,0,0,0.0001,0.0001,0.0001,0.0001,0.0001,0.0001,0,0.0001,0.0002,0.0001,0.0001,0.0001,0,0,0,0.1525,0.1405,0.1525,0.1405,
0.5292,3.1751,0.5292,0,1.0584,1.0584,0.5292,0,1.0584,0,0.5292,0.5292,0.5292,1.0584,0.5292,1.0584,0.5292,0.5292,1.5875,2.1167,0,0.0001,0,0,0,0,0,0,0,0,0,0,0,0,0,0,0,0,0.0001,0.0001,0.2168,0.2541,0.2168,0.2541,
0.8761,0.8761,0.4381,1.3142,0.4381,0.8761,0.8761,1.3142,0,0.4381,0,1.3142,1.7522,0.4381,0.8761,0.8761,0,2.1903,0.8761,0.4381,0,0,0,0.0001,0,0,0,0.0001,0,0,0,0.0001,0.0001,0,0,0,0,0.0001,0,0,0.2825,0.2795,0.2825,0.2795,
0.9942,0,0.4971,0.4971,1.4914,2.4856,0,1.9885,0,3.4798,0.4971,0,0.4971,0.4971,1.4914,0,0.9942,1.9885,0,0.9942,0.0001,0,0,0,0.0001,0.0002,0,0.0001,0,0.0002,0,0,0,0,0.0001,0,0.0001,0.0001,0,0.0001,0.2625,0.2404,0.2625,0.2404,
0,0,0,0,0,0,0.8449,0.8449,0,0.8449,0.8449,0.8449,0.8449,1.6897,0,0,3.3795,0.8449,0,0.8449,0,0,0,0,0,0,0.0002,0.0002,0,0.0002,0.0002,0.0002,0.0002,0.0003,0,0,0.0007,0.0002,0,0.0002,0.0943,0.0608,0.0943,0.0608,
1.799,0,0,0,1.799,1.1993,0,2.9983,0.5997,4.1976,0.5997,0.5997,0,0,0.5997,1.1993,2.3986,0,0,0.5997,0.0001,0,0,0,0.0001,0.0001,0,0.0002,0,0.0003,0,0,0,0,0,0.0001,0.0002,0,0,0,0.2202,0.1802,0.2202,0.1802,
0.3375,1.35,0.3375,1.35,0,1.0125,0.3375,1.6875,2.025,0.3375,0.3375,0,0.675,0.3375,1.6875,0,1.35,0.675,0,1.35,0,0.0001,0,0.0001,0,0.0001,0,0.0001,0.0001,0,0,0,0,0,0.0001,0,0.0001,0,0,0.0001,0.391,0.2715,0.391,0.2715,
1.1779,0,0.589,0,0,0.589,0,0.589,1.1779,1.1779,0.589,1.1779,0,1.1779,0,1.1779,0.589,0.589,0.589,2.3559,0.0001,0,0,0,0,0,0,0,0.0001,0.0001,0,0.0001,0,0.0001,0,0.0001,0,0,0,0.0002,0.208,0.203,0.208,0.203,
1.147,0.3823,0.3823,1.147,0.7646,0.7646,0.7646,0.7646,1.5293,1.5293,0.3823,0,0.3823,0.3823,1.147,0.3823,0.7646,0.3823,0.7646,0.7646,0.0001,0,0,0.0001,0.0001,0.0001,0.0001,0.0001,0.0001,0.0001,0,0,0,0,0.0001,0,0.0001,0,0.0001,0.0001,0.3296,0.2881,0.3296,0.2881,
2.2773,0.9109,0.9109,0.4555,0.9109,0.4555,0.9109,0.4555,0,0.4555,2.2773,1.3664,0,0.9109,1.3664,0.4555,0.4555,0,0.9109,0,0.0002,0.0001,0.0001,0,0.0001,0,0.0001,0,0,0,0.0002,0.0001,0,0.0001,0.0001,0,0,0,0.0001,0,0.2994,0.2451,0.2994,0.2451,
0.5157,0,1.0315,0.5157,1.0315,1.0315,1.5472,1.0315,0.5157,0,1.0315,0.5157,0.5157,0,0.5157,0,0.5157,1.0315,0.5157,0.5157,0,0,0.0001,0,0.0001,0.0001,0.0001,0.0001,0,0,0.0001,0,0,0,0,0,0,0.0001,0,0,0.2374,0.2468,0.2374,0.2468,
0.4324,0.4324,0.4324,1.2973,0,0.8649,0.4324,0,0.8649,2.1622,1.7298,1.7298,1.2973,0.8649,0.8649,0.4324,1.2973,0,0.8649,0,0,0,0,0.0001,0,0,0,0,0,0.0001,0.0001,0.0001,0.0001,0,0,0,0.0001,0,0,0,0.2688,0.2988,0.2688,0.2988,
1.4725,1.1044,0.7362,0.7362,0,1.1044,1.1044,0.7362,0.7362,0.7362,0,1.8406,1.1044,0.7362,1.4725,0.7362,1.1044,0.3681,0.7362,0.7362,0.0001,0.0001,0,0,0,0.0001,0.0001,0,0,0,0,0.0001,0.0001,0,0.0001,0,0.0001,0,0,0,0.3504,0.2815,0.3504,0.2815,
0,1.0301,1.0301,0.3434,1.0301,1.3735,1.3735,0.3434,0.6867,0.6867,1.0301,1.7168,0,0.3434,1.0301,1.0301,1.3735,0.6867,1.0301,0.3434,0,0,0,0,0,0.0001,0.0001,0,0,0,0,0.0001,0,0,0,0,0.0001,0,0,0,0.3542,0.3024,0.3542,0.3024,
0.6618,2.647,0,0,1.3235,0.6618,0.6618,1.3235,0.6618,3.9706,0.6618,0,0.6618,1.3235,0,1.3235,0.6618,0.6618,0.6618,0,0,0.0001,0,0,0.0001,0,0,0.0001,0,0.0002,0,0,0,0.0001,0,0.0001,0,0,0,0,0.1799,0.1583,0.1799,0.1583,
0.6253,0,0.6253,0,0.6253,0,1.2506,1.2506,0,0.6253,0,0,0.6253,0,1.2506,0.6253,0.6253,0.6253,0,0,0.0001,0,0.0001,0,0.0001,0,0.0002,0.0002,0,0.0001,0,0,0.0001,0,0.0002,0.0001,0.0001,0.0001,0,0,0.1712,0.2035,0.1712,0.2035,
0.7674,0.3837,1.151,1.151,1.5347,0,1.5347,1.5347,0,0.7674,0.7674,1.5347,0,0.7674,1.151,0.7674,0,0.7674,0,1.9184,0,0,0.0001,0.0001,0.0001,0,0.0001,0.0001,0,0,0,0.0001,0,0,0.0001,0,0,0,0,0.0001,0.3212,0.2951,0.3212,0.2951,
0.4936,0.4936,0.9873,1.4809,0.9873,0.9873,0,0.4936,0.9873,0.4936,0.4936,0,0,1.4809,0,1.4809,1.4809,1.4809,0.4936,0,0,0,0.0001,0.0001,0.0001,0.0001,0,0,0.0001,0,0,0,0,0.0001,0,0.0001,0.0001,0.0001,0,0,0.2277,0.2786,0.2277,0.2786,
0.6823,0,1.0234,1.0234,1.0234,1.0234,0,0.6823,1.3646,1.3646,0,0.3411,1.3646,0.3411,1.7057,0.6823,0.3411,0.6823,0,1.7057,0,0,0.0001,0.0001,0.0001,0.0001,0,0,0.0001,0.0001,0,0,0.0001,0,0.0001,0,0,0,0,0.0001,0.3528,0.3061,0.3528,0.3061,
1.4104,0.9403,0.9403,0,0.4701,0,1.8806,1.4104,0.9403,0.4701,0.4701,0.4701,0,0.4701,0,0.4701,0.4701,1.4104,0.9403,1.4104,0.0001,0.0001,0.0001,0,0,0,0.0001,0.0001,0.0001,0,0,0,0,0,0,0,0,0.0001,0.0001,0.0001,0.2866,0.2432,0.2866,0.2432,
0.3299,0,0.9898,2.6395,0.3299,1.3197,0,0.6599,1.9796,3.6293,0.3299,0.3299,0.3299,0,0.9898,0.6599,0.6599,0.6599,0,0,0,0,0.0001,0.0002,0,0.0001,0,0,0.0001,0.0002,0,0,0,0,0.0001,0,0,0,0,0,0.3246,0.3455,0.3246,0.3455,
0.7049,0,0.7049,1.4097,0,0.7049,0,1.4097,0.7049,0,0,0,0,0,0,0,1.4097,2.1146,0,1.4097,0.0001,0,0.0001,0.0002,0,0.0001,0,0.0002,0.0001,0,0,0,0,0,0,0,0.0002,0.0003,0,0.0002,0.1331,0.1621,0.1331,0.1621,
0,0,0.7373,0.7373,0,0.7373,0,1.4745,0,1.4745,0.7373,0,0,0,0,0,0,2.2118,1.4745,0,0,0,0.0001,0.0001,0,0.0001,0,0.0002,0,0.0002,0.0001,0,0,0,0,0,0,0.0002,0.0002,0,0.1144,0.1484,0.1144,0.1484,
0,0,0.5724,0,1.1449,1.7173,0,1.1449,0,2.2898,1.1449,0.5724,0,0,0.5724,1.7173,1.1449,2.8622,1.7173,0,0,0,0,0,0.0001,0.0001,0,0.0001,0,0.0001,0.0001,0,0,0,0,0.0001,0.0001,0.0002,0.0001,0,0.259,0.1685,0.259,0.1685,
1.1247,0.5624,0.5624,0,0,0.5624,1.1247,1.1247,1.1247,0.5624,0,1.1247,0.5624,0,1.1247,1.1247,2.8118,0.5624,0,1.1247,0.0001,0,0,0,0,0,0.0001,0.0001,0.0001,0,0,0.0001,0,0,0.0001,0.0001,0.0002,0,0,0.0001,0.2109,0.2267,0.2109,0.2267,
1.7337,0.5779,1.1558,0,0.5779,1.7337,0,0,0,0.5779,0,0.5779,1.1558,0,1.7337,0,0,1.1558,0.5779,0,0.0001,0,0.0001,0,0,0.0001,0,0,0,0,0,0,0.0001,0,0.0001,0,0,0.0001,0,0,0.2526,0.1695,0.2526,0.1695,
0.6065,0.6065,1.2131,0.6065,0,0.6065,0,3.0327,0.6065,0.6065,2.4261,0,1.2131,0,0,0,0,0.6065,0,0.6065,0,0,0.0001,0,0,0,0,0.0002,0,0,0.0002,0,0.0001,0,0,0,0,0,0,0,0.2208,0.1727,0.2208,0.1727,
0.6976,0,0.6976,0,0,0.6976,0.6976,0.6976,1.3952,0,0,0,0,0,0,0.6976,1.3952,1.3952,0,0,0.0001,0,0.0001,0,0,0.0001,0.0001,0.0001,0.0003,0,0,0,0,0,0,0.0001,0.0003,0.0003,0,0,0.2097,0.0927,0.2097,0.0927,
1.9041,0.476,1.4281,0,3.3322,0,0.9521,0.9521,0.9521,0.9521,0,1.4281,0.9521,0.476,0,0,0.9521,0.9521,0,2.3802,0.0001,0,0.0001,0,0.0002,0,0.0001,0.0001,0.0001,0.0001,0,0.0001,0.0001,0,0,0,0.0001,0.0001,0,0.0001,0.2642,0.2598,0.2642,0.2598,
1.3093,0,0.8729,0.4364,0.4364,0.4364,1.3093,1.3093,0.8729,0.4364,0.8729,0.8729,0.8729,1.3093,0,1.3093,0.4364,1.7457,0.4364,2.1822,0.0001,0,0.0001,0,0,0,0.0001,0.0001,0.0001,0,0.0001,0.0001,0.0001,0.0001,0,0.0001,0,0.0001,0,0.0001,0.3134,0.2502,0.3134,0.2502,
2.275,2.275,0,0,0,1.1375,0,1.1375,1.7062,1.1375,1.1375,0,1.1375,0.5687,0.5687,1.1375,0.5687,1.7062,0,0.5687,0.0001,0.0001,0,0,0,0.0001,0,0.0001,0.0001,0.0001,0.0001,0,0.0001,0,0,0.0001,0,0.0001,0,0,0.1966,0.2347,0.1966,0.2347,
0,0,0.9973,0.9973,0,0,0,0.4987,1.496,0.4987,0.9973,0,0.4987,0.4987,0.9973,1.9947,0,0.9973,0,0.9973,0,0,0.0001,0.0001,0,0,0,0,0.0001,0,0.0001,0,0,0,0.0001,0.0002,0,0.0001,0,0.0001,0.2627,0.2387,0.2627,0.2387,
0.3432,0,0,0,1.0297,1.0297,0,1.0297,0,0.3432,0.3432,0,0,0,6.1781,0.6865,0.3432,1.0297,0,0,0,0,0,0,0.0001,0.0001,0,0.0001,0,0,0,0,0,0,0.0007,0.0001,0,0.0001,0,0,0.2779,0.3789,0.2779,0.3789,
0.9295,0.9295,0.4648,0.4648,1.3943,0,1.3943,0.4648,0.4648,2.3239,0.4648,0,1.3943,0.9295,0.4648,0.9295,0.4648,0.9295,1.3943,1.8591,0,0,0,0,0.0001,0,0.0001,0,0,0.0001,0,0,0.0001,0,0,0,0,0,0.0001,0.0001,0.2525,0.2828,0.2525,0.2828,
0,0,0.4382,1.7527,0.4382,0.8764,0.4382,0,1.7527,0.4382,0.4382,0.4382,0.8764,0.4382,0.8764,0.4382,0.4382,0.8764,1.3146,0.4382,0,0,0,0.0002,0,0.0001,0,0,0.0002,0,0,0,0.0001,0,0.0001,0,0,0.0001,0.0001,0,0.303,0.2588,0.303,0.2588,
0.9463,0,0,0,0,0,0.3154,0.6308,2.5233,0.9463,0.6308,0.6308,0.6308,0.6308,2.8388,1.2617,1.5771,1.5771,0.6308,0,0.0001,0,0,0,0,0,0,0.0001,0.0002,0.0001,0.0001,0.0001,0.0001,0.0001,0.0003,0.0001,0.0001,0.0001,0.0001,0,0.3353,0.3493,0.3353,0.3493,
0.6498,0.3249,0.9747,0.6498,0.6498,0.9747,0.3249,0.6498,0.3249,0.9747,0.3249,0.3249,1.6244,0.9747,2.2742,0.9747,0.3249,0.9747,0.3249,1.2996,0,0,0.0001,0,0,0.0001,0,0,0,0.0001,0,0,0.0001,0.0001,0.0002,0.0001,0,0.0001,0,0.0001,0.3222,0.3529,0.3222,0.3529,
0,4.5499,0.91,0.91,0.455,2.2749,0,0.91,1.365,1.365,0.91,2.7299,0,0,0.455,2.7299,0.455,0,0,0.455,0,0.0002,0,0,0,0.0001,0,0,0.0001,0.0001,0,0.0001,0,0,0,0.0001,0,0,0,0,0.2674,0.2776,0.2674,0.2776,
1.8694,1.8694,0.9347,0.9347,0,1.8694,0.4674,0,1.8694,0.9347,0.4674,0.4674,0,0,0.9347,1.4021,0.4674,0.9347,0,0.9347,0.0001,0.0001,0,0,0,0.0001,0,0,0.0001,0,0,0,0,0,0,0.0001,0,0,0,0,0.2824,0.2503,0.2824,0.2503,
0.4838,0.9675,0.9675,1.9351,2.9026,0,0,2.4189,0.4838,5.3215,0.9675,0.4838,0.4838,0.4838,0,0.4838,0.9675,0.9675,0.4838,0.4838,0,0,0,0.0001,0.0001,0,0,0.0001,0,0.0003,0,0,0,0,0,0,0,0,0,0,0.2664,0.2499,0.2664,0.2499,
0,0,0,0.5256,2.1023,1.0512,0,0,0,3.6791,1.0512,3.1535,1.5768,0.5256,1.0512,1.5768,1.0512,2.1023,0,1.0512,0,0,0,0,0.0001,0.0001,0,0,0,0.0002,0.0001,0.0002,0.0001,0,0.0001,0.0001,0.0001,0.0001,0,0.0001,0.2236,0.2508,0.2236,0.2508,
0.4344,0.4344,0,1.7377,0.4344,0.4344,0.8688,1.7377,0.8688,1.3032,0.8688,1.3032,1.7377,1.3032,0.4344,0,1.3032,0.4344,0,0.8688,0,0,0,0.0001,0,0,0.0001,0.0001,0.0001,0.0001,0.0001,0.0001,0.0001,0.0001,0,0,0.0001,0,0,0.0001,0.2638,0.3018,0.2638,0.3018,
0,0,1.2268,0,1.2268,1.2268,1.8403,0,0,0.6134,0.6134,1.2268,0.6134,0.6134,0,1.2268,0.6134,0.6134,0,0.6134,0,0,0.0001,0,0.0001,0.0001,0.0002,0,0,0.0001,0.0001,0.0001,0.0001,0.0001,0,0.0001,0.0001,0.0001,0,0.0001,0.2216,0.165,0.2216,0.165,
1.0607,0,0,1.0607,2.6516,0.5303,0,1.591,0.5303,2.6516,1.0607,0,0.5303,0,1.591,0,1.591,1.591,0,0.5303,0.0001,0,0,0.0001,0.0003,0.0001,0,0.0002,0.0001,0.0003,0.0001,0,0.0001,0,0.0002,0,0.0002,0.0002,0,0.0001,0.2008,0.2689,0.2008,0.2689,
0.8962,0.4481,0,1.3443,0.4481,0.8962,0.8962,0.4481,1.3443,0.4481,1.7924,0.8962,0,0.4481,0.8962,1.3443,0.4481,0.4481,0.8962,0.4481,0.0001,0,0,0.0001,0,0.0001,0.0001,0,0.0001,0,0.0001,0.0001,0,0,0.0001,0.0001,0,0,0.0001,0,0.2753,0.2766,0.2753,0.2766,
1.6667,0.8334,0.8334,0.4167,0.8334,0.8334,0,1.6667,2.0834,0.8334,0.8334,1.25,0,1.25,1.25,0,0.8334,0.8334,0.4167,0,0.0001,0.0001,0.0001,0,0.0001,0.0001,0,0.0001,0.0001,0.0001,0.0001,0.0001,0,0.0001,0.0001,0,0.0001,0.0001,0,0,0.2726,0.3107,0.2726,0.3107,
0.706,0.353,0.706,1.7649,1.0589,0.353,1.0589,1.4119,0.706,1.0589,0.706,1.0589,0.353,0.353,0.706,1.4119,0,0.353,0.353,1.0589,0,0,0,0.0001,0.0001,0,0.0001,0.0001,0,0.0001,0,0.0001,0,0,0,0.0001,0,0,0,0.0001,0.2979,0.3491,0.2979,0.3491,
0.4501,0.9002,0.4501,1.3503,0.4501,0.4501,0.9002,0.4501,1.3503,0.4501,1.8004,0,0,0.9002,0.4501,0.9002,1.8004,0.4501,0,0.4501,0,0.0001,0,0.0001,0,0,0.0001,0,0.0001,0,0.0001,0,0,0.0001,0,0.0001,0.0001,0,0,0,0.2673,0.2825,0.2673,0.2825,
0.8029,0,0,0.8029,0,0,0.8029,0,0,0.8029,0,0.8029,0.8029,0,0,0.8029,0,1.6059,0,0.8029,0.0001,0,0,0.0001,0,0,0.0001,0,0,0.0001,0,0.0001,0.0001,0,0,0.0001,0,0.0002,0,0.0001,0.125,0.0721,0.125,0.0721,
0.685,0,0,0,0.685,0.685,0,2.0551,0,0,0.685,1.3701,0,0.685,1.3701,0.685,1.3701,2.0551,0,0,0.0001,0,0,0,0.0001,0.0001,0,0.0002,0,0,0.0001,0.0001,0,0.0001,0.0001,0.0001,0.0001,0.0002,0,0,0.1369,0.1781,0.1369,0.1781,
0,0,0.6947,0,0,0.6947,0.6947,0.6947,0.6947,0.6947,0,0,0,0,0.6947,0,0.6947,0.6947,0.6947,0,0,0,0.0001,0,0,0.0001,0.0001,0.0001,0.0001,0.0001,0,0,0,0,0.0001,0,0.0001,0.0001,0.0001,0,0.1407,0.1646,0.1407,0.1646,
0.8909,0,0.4455,0.8909,1.3364,2.6728,0.4455,2.2273,1.3364,3.1182,1.3364,0.8909,0.8909,0.8909,0,0.8909,0,3.1182,0,0.4455,0,0,0,0,0.0001,0.0001,0,0.0001,0.0001,0.0002,0.0001,0,0,0,0,0,0,0.0002,0,0,0.2706,0.284,0.2706,0.284,
0,1.4713,0,0.7357,0.7357,0.7357,0,0,0.7357,0,0,0,0,0,0,1.4713,0.7357,0.7357,0.7357,0.7357,0,0.0001,0,0.0001,0.0001,0.0001,0,0,0.0001,0,0,0,0,0,0,0.0001,0.0001,0.0001,0.0001,0.0001,0.1316,0.1327,0.1316,0.1327,
0,0,0,1.2424,0,0,0.6212,0.6212,0.6212,1.2424,0.6212,0,0.6212,1.8636,1.2424,0,0,0.6212,0.6212,0.6212,0,0,0,0.0002,0,0,0.0001,0.0001,0.0001,0.0002,0.0001,0,0.0001,0.0002,0.0002,0,0,0.0001,0.0001,0.0001,0.2126,0.1662,0.2126,0.1662,
0.3626,0.7253,1.0879,1.0879,2.5384,1.0879,0.3626,0.3626,1.8132,0,1.4505,0.7253,1.0879,0.7253,1.4505,0.3626,0,0.7253,0.3626,0.7253,0,0,0.0001,0.0001,0.0001,0.0001,0,0,0.0001,0,0.0001,0,0.0001,0,0.0001,0,0,0,0,0,0.3411,0.2963,0.3411,0.2963,
3.6788,0,0.7358,0,0,1.4715,0,0,0,0,0,0,2.943,0,1.4715,0.7358,0,0,0,0,0.0007,0,0.0001,0,0,0.0003,0,0,0,0,0,0,0.0006,0,0.0003,0.0001,0,0,0,0,0.115,0.1493,0.115,0.1493,
0,1.2343,0,0.4114,0,0.8229,0.4114,1.6457,2.88,0,0.8229,0.4114,0.8229,1.2343,2.0571,0.4114,0,2.0571,0,0,0,0.0001,0,0,0,0.0001,0,0.0001,0.0002,0,0.0001,0,0.0001,0.0001,0.0001,0,0,0.0001,0,0,0.3228,0.2658,0.3228,0.2658,
1.0671,0.7114,0.7114,1.0671,0.3557,0.7114,0.3557,0.7114,1.4228,1.0671,0.7114,0.7114,0.7114,0.7114,0.7114,1.0671,1.4228,1.7785,0.7114,0.7114,0.0001,0,0,0.0001,0,0,0,0,0.0001,0.0001,0,0,0,0,0,0.0001,0.0001,0.0001,0,0,0.3108,0.3335,0.3108,0.3335,
3.4174,0.4882,0.4882,1.9528,1.4646,0.9764,0,0.4882,0.4882,3.4174,0.9764,0,0.9764,0.9764,0.9764,1.4646,0.4882,1.4646,0.4882,0,0.0002,0,0,0.0001,0.0001,0.0001,0,0,0,0.0002,0.0001,0,0.0001,0.0001,0.0001,0.0001,0,0.0001,0,0,0.2644,0.2474,0.2644,0.2474,
0.8336,2.5008,0.4168,0.8336,0.4168,0.4168,0.8336,0,1.6672,1.2504,0.4168,1.2504,2.084,0.8336,0,0.8336,0.8336,0.8336,0.4168,0.8336,0,0.0001,0,0,0,0,0,0,0.0001,0,0,0,0.0001,0,0,0,0,0,0,0,0.2967,0.2865,0.2967,0.2865,
0.3996,1.1988,0,0.3996,0,0.7992,0.7992,1.1988,2.3976,0,1.1988,0.3996,1.1988,1.1988,1.5984,0.7992,0,1.5984,0,0,0,0.0001,0,0,0,0.0001,0.0001,0.0001,0.0002,0,0.0001,0,0.0001,0.0001,0.0001,0.0001,0,0.0001,0,0,0.3193,0.2811,0.3193,0.2811,
0.7485,0,0.3743,0,0.3743,0,0.3743,1.4971,1.8714,1.8714,0,1.1228,1.1228,0.7485,2.6199,1.8714,1.1228,0.3743,0.3743,0,0.0001,0,0,0,0,0,0,0.0001,0.0001,0.0001,0,0.0001,0.0001,0.0001,0.0002,0.0001,0.0001,0,0,0,0.3494,0.2763,0.3494,0.2763,
0.8317,0.4158,1.2475,0.8317,0.8317,1.6633,0.4158,0.4158,2.0791,0.4158,0.4158,0.8317,0.8317,1.2475,0.4158,0.4158,0.8317,0.8317,0.4158,0.4158,0.0001,0,0.0001,0.0001,0.0001,0.0001,0,0,0.0001,0,0,0.0001,0.0001,0.0001,0,0,0.0001,0.0001,0,0,0.3146,0.2696,0.3146,0.2696,
0.8413,1.2619,1.6825,0.8413,1.2619,0.8413,0,0,0.8413,0.4206,1.2619,0,0.4206,1.2619,0.4206,2.5238,0.8413,0,0.4206,0.8413,0,0.0001,0.0001,0,0.0001,0,0,0,0,0,0.0001,0,0,0.0001,0,0.0001,0,0,0,0,0.285,0.2944,0.285,0.2944,
1.1571,0,1.1571,0.7714,0.3857,1.9286,0.7714,3.0857,0,0,0.7714,2.3143,0.3857,1.1571,0.3857,0.7714,0.7714,0.7714,0.3857,0,0.0001,0,0.0001,0,0,0.0001,0,0.0002,0,0,0,0.0001,0,0.0001,0,0,0,0,0,0,0.3117,0.3025,0.3117,0.3025,
1.0026,0,0,0,0.6684,1.0026,0.3342,0,1.3368,1.0026,0.6684,0.6684,0.3342,0.6684,3.6762,1.3368,1.3368,0.6684,0,0.3342,0.0001,0,0,0,0.0001,0.0001,0,0,0.0001,0.0001,0.0001,0.0001,0,0.0001,0.0003,0.0001,0.0001,0.0001,0,0,0.3633,0.3025,0.3633,0.3025,
0,0,0,1.4746,0.7373,0,0.7373,1.4746,0,0,0,0,0.7373,0,0,0,0,0.7373,0.7373,0.7373,0,0,0,0.0002,0.0001,0,0.0001,0.0002,0,0,0,0,0.0001,0,0,0,0,0.0001,0.0001,0.0001,0.1185,0.1442,0.1185,0.1442,
0,1.4221,0.3555,0.711,1.0666,1.7776,1.0666,0.3555,1.0666,0.3555,1.7776,1.0666,1.0666,0.3555,0.711,0.3555,0.3555,0.711,1.0666,1.4221,0,0.0001,0,0,0,0.0001,0,0,0,0,0.0001,0,0,0,0,0,0,0,0,0.0001,0.3046,0.3398,0.3046,0.3398,
0.403,1.6121,0,0.403,0,0.403,0.403,2.8211,1.6121,0.403,0.403,0.403,0.403,0.806,3.6272,0.806,0,0.403,0,0,0,0.0001,0,0,0,0,0,0.0002,0.0001,0,0,0,0,0,0.0002,0,0,0,0,0,0.2954,0.3016,0.2954,0.3016,
0.5726,0.5726,1.1453,0,1.1453,0,0.5726,1.1453,1.1453,0.5726,0.5726,0,1.1453,2.2906,0.5726,0.5726,0,0.5726,0,0.5726,0,0,0.0001,0,0.0001,0,0,0.0001,0.0001,0,0,0,0.0001,0.0002,0,0,0,0,0,0,0.1967,0.2306,0.1967,0.2306,
3.0768,0,0.5128,0,0.5128,0,0.5128,1.5384,0.5128,2.0512,1.5384,0,0.5128,0,1.0256,0.5128,3.0768,2.0512,1.0256,2.0512,0.0002,0,0,0,0,0,0,0.0001,0,0.0002,0.0001,0,0,0,0.0001,0,0.0002,0.0002,0.0001,0.0002,0.2362,0.251,0.2362,0.251,
0,0,1.3901,0.695,0,0.695,1.3901,0.695,1.3901,0.695,0.695,0,0.695,0,0,0,0.695,0,0,0,0,0,0.0002,0.0001,0,0.0001,0.0002,0.0001,0.0002,0.0001,0.0001,0,0.0001,0,0,0,0.0001,0,0,0,0.1493,0.1556,0.1493,0.1556,
0,1.7731,0.8866,0.4433,1.3298,0.8866,0,0.8866,0.4433,0.8866,0.4433,0.4433,0.8866,0.8866,0.8866,0.8866,0.4433,0.8866,1.7731,0,0,0.0001,0,0,0.0001,0,0,0,0,0,0,0,0,0,0,0,0,0,0.0001,0,0.2337,0.3231,0.2337,0.3231,
0.4338,1.7352,0.8676,0,2.169,0.4338,0.4338,1.3014,0.4338,0,2.169,0.8676,0.8676,0.8676,0.4338,1.3014,1.7352,0.8676,0.8676,1.3014,0,0.0001,0,0,0.0001,0,0,0.0001,0,0,0.0001,0,0,0,0,0.0001,0.0001,0,0,0.0001,0.2943,0.2719,0.2943,0.2719,
1.065,0,0.5325,0.5325,2.6626,0.5325,0,2.1301,1.065,2.1301,0.5325,0,1.065,0,1.065,0,1.065,2.1301,0,0.5325,0.0001,0,0,0,0.0002,0,0,0.0002,0.0001,0.0002,0,0,0.0001,0,0.0001,0,0.0001,0.0002,0,0,0.2027,0.2648,0.2027,0.2648,
1.1441,1.7162,0,1.1441,0.5721,0.5721,0,0,0.5721,0.5721,0,0,1.7162,0,0.5721,1.1441,0,0,1.1441,0.5721,0.0001,0.0001,0,0.0001,0,0,0,0,0,0,0,0,0.0001,0,0,0.0001,0,0,0.0001,0,0.1842,0.2438,0.1842,0.2438,
1.6912,0.8456,0,0.8456,0.4228,0.8456,0.8456,1.6912,0.4228,1.2684,0.8456,0.4228,0,2.114,0.4228,0.4228,1.6912,1.2684,1.6912,0.8456,0.0001,0,0,0,0,0,0,0.0001,0,0.0001,0,0,0,0.0001,0,0,0.0001,0.0001,0.0001,0,0.2866,0.2906,0.2866,0.2906,
0.4716,0,0.4716,0.4716,0,0.9432,0,0,0.4716,0,0.4716,1.4149,1.8865,3.3013,3.3013,0.4716,0,0.4716,0,0,0.0001,0,0.0001,0.0001,0,0.0001,0,0,0.0001,0,0.0001,0.0002,0.0002,0.0004,0.0004,0.0001,0,0.0001,0,0,0.2536,0.2748,0.2536,0.2748,
1.0329,1.5493,0.5164,0.5164,0,0.5164,0,0.5164,2.0658,1.5493,0,0,2.0658,0.5164,0.5164,0,0.5164,0.5164,0.5164,0,0.0001,0.0001,0,0,0,0,0,0,0.0001,0.0001,0,0,0.0001,0,0,0,0,0,0,0,0.2061,0.2775,0.2061,0.2775,
0.8764,0,0,0,0,0.4382,0.4382,0,0,0.4382,0.4382,0,0.4382,0.4382,7.8873,0.4382,0.4382,1.7527,0,0,0.0001,0,0,0,0,0.0001,0.0001,0,0,0.0001,0.0001,0,0.0001,0.0001,0.0011,0.0001,0.0001,0.0002,0,0,0.2424,0.3194,0.2424,0.3194,
0.8239,0.412,0.8239,0.412,0.412,0.412,0.8239,0.412,1.6478,1.2359,0.412,0.8239,2.0598,0,0.8239,0.8239,1.2359,0.8239,0.8239,0.412,0.0001,0,0.0001,0,0,0,0.0001,0,0.0001,0.0001,0,0.0001,0.0001,0,0.0001,0.0001,0.0001,0.0001,0.0001,0,0.3025,0.2855,0.3025,0.2855,
0,1.6528,0.5509,1.1019,0,0,0,0.5509,0.5509,0.5509,1.1019,1.1019,2.2038,0.5509,0.5509,1.1019,1.6528,1.1019,1.6528,0,0,0.0001,0,0.0001,0,0,0,0,0,0,0.0001,0.0001,0.0001,0,0,0.0001,0.0001,0.0001,0.0001,0,0.2182,0.2309,0.2182,0.2309,
0.5217,1.0435,0,1.0435,0,0,2.087,0,0,0.5217,0.5217,0.5217,0,0,0,2.087,0.5217,1.5652,2.6087,0,0,0.0001,0,0.0001,0,0,0.0001,0,0,0,0,0,0,0,0,0.0001,0,0.0001,0.0002,0,0.2266,0.2516,0.2266,0.2516,
1.7796,0,0,0.5932,0,2.3729,0,1.7796,0.5932,3.5593,0,2.9661,0,0,0,0.5932,0.5932,1.7796,1.1864,1.1864,0.0001,0,0,0,0,0.0001,0,0.0001,0,0.0002,0,0.0002,0,0,0,0,0,0.0001,0.0001,0.0001,0.2171,0.1897,0.2171,0.1897,
1.0096,0.6731,0.3365,1.0096,1.3461,0.6731,1.3461,0.6731,0.3365,0.6731,1.3461,0,0.3365,0.6731,1.0096,0.6731,1.0096,1.3461,1.0096,1.0096,0.0001,0,0,0.0001,0.0001,0,0.0001,0,0,0,0.0001,0,0,0,0.0001,0,0.0001,0.0001,0.0001,0.0001,0.3228,0.3407,0.3228,0.3407,
0.8824,0.8824,0.4412,0.4412,0.4412,0.4412,2.6471,0,0,0.4412,0.4412,0.4412,0.4412,0.4412,1.3236,1.7648,0,1.3236,0.4412,0.4412,0.0001,0.0001,0,0,0,0,0.0002,0,0,0,0,0,0,0,0.0001,0.0001,0,0.0001,0,0,0.3172,0.2416,0.3172,0.2416,
1.1501,0.3834,1.1501,0.7668,1.1501,1.1501,1.5335,1.5335,0,0,0.7668,1.5335,0.7668,1.1501,0.3834,1.1501,0,0.3834,1.5335,0.3834,0.0001,0,0.0001,0,0.0001,0.0001,0.0001,0.0001,0,0,0,0.0001,0,0.0001,0,0.0001,0,0,0.0001,0,0.3232,0.2934,0.3232,0.2934,
1.2056,0.8038,1.2056,1.2056,1.2056,0.8038,0.4019,1.2056,0.8038,1.6075,0.4019,0,0.8038,0.4019,1.2056,0,1.2056,0.4019,0.4019,0,0.0001,0,0.0001,0.0001,0.0001,0,0,0.0001,0,0.0001,0,0,0,0,0.0001,0,0.0001,0,0,0,0.2982,0.2999,0.2982,0.2999,
0.3317,0.6634,0.3317,0.9951,0.6634,0.9951,1.6586,0.3317,0.6634,0.6634,0.3317,1.3268,0.6634,0.6634,0.6634,0.6634,0.6634,0.9951,1.3268,1.6586,0,0,0,0.0001,0,0.0001,0.0001,0,0,0,0,0.0001,0,0,0,0,0,0.0001,0.0001,0.0001,0.3385,0.3298,0.3385,0.3298,
0.7051,0.3526,0.7051,0,0.3526,1.0577,0,1.4102,2.8204,0.3526,0.3526,0.7051,0.3526,0.3526,2.4679,0.7051,0,1.4102,0,0.7051,0,0,0,0,0,0.0001,0,0.0001,0.0002,0,0,0,0,0,0.0002,0,0,0.0001,0,0,0.3581,0.2894,0.3581,0.2894,
1.5011,0.3753,0.7506,1.1258,1.5011,0.7506,0.7506,0,1.1258,0,2.627,1.8764,1.1258,1.1258,0.7506,1.1258,0.7506,0.3753,0.3753,0,0.0001,0,0,0.0001,0.0001,0,0,0,0.0001,0,0.0002,0.0001,0.0001,0.0001,0,0.0001,0,0,0,0,0.3117,0.313,0.3117,0.313,
2.9499,0,0.9833,0.9833,0.9833,0.9833,0.4917,0.9833,0.4917,0.9833,0.9833,1.475,1.9666,0.9833,0,0.9833,1.475,0,0,0.4917,0.0002,0,0.0001,0.0001,0.0001,0.0001,0,0.0001,0,0.0001,0.0001,0.0001,0.0001,0.0001,0,0.0001,0.0001,0,0,0,0.2546,0.2537,0.2546,0.2537,
0.8351,0,0.8351,0.8351,0.4175,0.4175,0.4175,1.2526,0.4175,0,1.6702,0.4175,0.8351,0.8351,2.0877,0.8351,0.8351,0,1.2526,0.8351,0.0001,0,0.0001,0.0001,0,0,0,0.0001,0,0,0.0001,0,0.0001,0.0001,0.0001,0.0001,0.0001,0,0.0001,0.0001,0.3239,0.2586,0.3239,0.2586,
0,1.8081,0.9041,0.452,0.452,0.452,0.9041,2.7122,1.8081,0.452,0.9041,0.9041,1.3561,0.9041,0,0.9041,0,0.452,0.452,1.3561,0,0.0001,0,0,0,0,0,0.0001,0.0001,0,0,0,0.0001,0,0,0,0,0,0,0.0001,0.2853,0.2627,0.2853,0.2627,
1.2416,1.6555,1.2416,0,0.8277,0.8277,2.0694,0.8277,0,1.2416,1.2416,0,0,1.2416,1.2416,0,0.8277,2.4832,1.2416,1.2416,0.0001,0.0001,0.0001,0,0,0,0.0001,0,0,0.0001,0.0001,0,0,0.0001,0.0001,0,0,0.0001,0.0001,0.0001,0.2969,0.2892,0.2969,0.2892,
0.3932,0.3932,0.3932,0.3932,1.1795,0.7863,0,0,1.1795,1.5727,1.1795,0.7863,0.7863,0.3932,1.5727,1.5727,0.7863,1.1795,1.1795,1.1795,0,0,0,0,0.0001,0,0,0,0.0001,0.0001,0.0001,0,0,0,0.0001,0.0001,0,0.0001,0.0001,0.0001,0.288,0.3189,0.288,0.3189,
1.1705,3.5115,0,0.5852,0,1.7557,0,1.1705,1.7557,0.5852,0,0.5852,1.1705,0,0,2.341,0.5852,1.7557,0.5852,0.5852,0,0.0001,0,0,0,0.0001,0,0,0.0001,0,0,0,0,0,0,0.0001,0,0.0001,0,0,0.2293,0.1854,0.2293,0.1854,
0.5233,0,0.5233,0,1.0467,4.1867,0,3.14,0,2.6167,0.5233,0,1.0467,0,0.5233,2.0933,2.0933,1.0467,0.5233,1.0467,0,0,0,0,0.0001,0.0002,0,0.0002,0,0.0001,0,0,0.0001,0,0,0.0001,0.0001,0.0001,0,0.0001,0.2288,0.2479,0.2288,0.2479,
0.3654,1.0961,0,0.7307,0.7307,0.3654,1.0961,1.4614,2.1921,0.7307,0.3654,0.7307,0.7307,0,1.8268,1.0961,0.7307,0,0,0.3654,0,0.0001,0,0,0,0,0.0001,0.0001,0.0001,0,0,0,0,0,0.0001,0.0001,0,0,0,0,0.3265,0.3082,0.3265,0.3082,
0.4148,0.8295,0,1.2443,2.4886,0,1.6591,0.4148,1.2443,0.4148,1.6591,0.8295,1.2443,1.2443,1.2443,0.8295,0.4148,2.0738,0,0,0,0.0001,0,0.0001,0.0002,0,0.0001,0,0.0001,0,0.0001,0.0001,0.0001,0.0001,0.0001,0.0001,0,0.0001,0,0,0.2984,0.2868,0.2984,0.2868,
0,0.3239,0.9718,0.3239,1.2957,0.9718,0.9718,0.9718,1.6197,0.6479,0.3239,1.6197,0.6479,1.2957,0.3239,1.6197,0.6479,0,0.3239,0.6479,0,0,0.0001,0,0.0001,0.0001,0.0001,0.0001,0.0001,0,0,0.0001,0,0.0001,0,0.0001,0,0,0,0,0.3679,0.3081,0.3679,0.3081,
1.0332,1.3776,0,0.3444,0,1.0332,0.6888,0.6888,2.4108,0.3444,0.3444,0.6888,1.0332,0,2.4108,1.722,0.6888,1.0332,0,1.0332,0.0001,0.0001,0,0,0,0.0001,0,0,0.0001,0,0,0,0.0001,0,0.0001,0.0001,0,0.0001,0,0.0001,0.3298,0.3258,0.3298,0.3258,
0,0,0,0.7725,0,1.5451,0,0.7725,0.7725,0.7725,0,0,0,0,0,0,2.3176,0.7725,0,0,0,0,0,0.0001,0,0.0003,0,0.0001,0.0001,0.0001,0,0,0,0,0,0,0.0004,0.0001,0,0,0.0992,0.1283,0.0992,0.1283,
0,0,0,0,0.8132,0.8132,0,0,0,1.6264,0,0,2.4396,0.8132,0.8132,0,0,0.8132,0,0,0,0,0,0,0.0001,0.0001,0,0,0,0.0003,0,0,0.0004,0.0001,0.0001,0,0,0.0001,0,0,0.127,0.0598,0.127,0.0598,
0.3897,1.5586,1.5586,1.169,0,1.9483,0.7793,1.5586,0.3897,1.169,0.3897,1.5586,0.3897,1.169,0.3897,0.7793,1.5586,0.7793,0.3897,1.169,0,0.0001,0.0001,0,0,0.0001,0,0.0001,0,0,0,0.0001,0,0,0,0,0.0001,0,0,0,0.2979,0.3125,0.2979,0.3125,
0.3884,1.1653,0,0.3884,0,0.7769,0.3884,2.3306,1.5537,0.3884,0.3884,0.3884,0.3884,0.7769,3.4959,0.7769,0,0.7769,0,0,0,0.0001,0,0,0,0.0001,0,0.0002,0.0001,0,0,0,0,0.0001,0.0002,0.0001,0,0.0001,0,0,0.3175,0.294,0.3175,0.294,
1.0073,0,0.3358,2.3504,0,1.3431,0.3358,0.6715,1.3431,1.0073,1.0073,0,0,0.6715,2.0146,1.0073,0.3358,0.3358,0,1.3431,0.0001,0,0,0.0002,0,0.0001,0,0.0001,0.0001,0.0001,0.0001,0,0,0.0001,0.0002,0.0001,0,0,0,0.0001,0.3707,0.2935,0.3707,0.2935,
0,0,0.6821,0,0.6821,0,1.3642,0,0.6821,0,0.6821,0.6821,1.3642,0.6821,0,0,0.6821,0.6821,0,1.3642,0,0,0.0001,0,0.0001,0,0.0002,0,0.0001,0,0.0001,0.0001,0.0002,0.0001,0,0,0.0001,0.0001,0,0.0002,0.1613,0.1566,0.1613,0.1566,
1.1698,0,0.5849,0,2.3395,0.5849,0,1.7547,1.1698,2.9244,1.1698,1.1698,1.7547,0.5849,0,1.1698,1.1698,2.9244,0,0.5849,0.0001,0,0,0,0.0001,0,0,0.0001,0.0001,0.0002,0.0001,0.0001,0.0001,0,0,0.0001,0.0001,0.0002,0,0,0.2229,0.1922,0.2229,0.1922,
1.7217,0.8609,0.4304,2.1522,0.8609,0.8609,0.4304,1.2913,0.4304,0.4304,0.8609,1.2913,0.4304,0.8609,1.2913,0.4304,0,1.2913,0,0.4304,0.0001,0,0,0.0001,0,0,0,0.0001,0,0,0,0.0001,0,0,0.0001,0,0,0.0001,0,0,0.3262,0.2434,0.3262,0.2434,
1.0074,0,1.0074,1.0074,0.6716,0,1.3432,0.3358,0.3358,0.3358,1.0074,0.3358,1.679,2.0148,1.679,0,0.3358,0.6716,0.6716,0,0.0001,0,0.0001,0.0001,0.0001,0,0.0001,0,0,0,0.0001,0,0.0001,0.0002,0.0001,0,0,0.0001,0.0001,0,0.3829,0.2813,0.3829,0.2813,
0.9828,0,0.4914,0,1.4742,0.9828,0.4914,1.9656,0.4914,1.4742,0.9828,0,0.9828,0.9828,0.9828,1.4742,2.457,1.9656,0.4914,0.4914,0.0001,0,0,0,0.0001,0.0001,0,0.0001,0,0.0001,0.0001,0,0.0001,0.0001,0.0001,0.0001,0.0002,0.0001,0,0,0.2415,0.2671,0.2415,0.2671,
0.5807,3.4844,0,0.5807,0.5807,1.7422,0,2.3229,1.1615,0,0,0.5807,1.1615,0,0.5807,2.3229,0,2.3229,0,0.5807,0,0.0001,0,0,0,0.0001,0,0.0001,0,0,0,0,0,0,0,0.0001,0,0.0001,0,0,0.2322,0.1871,0.2322,0.1871,
0.7477,2.243,0.7477,0.7477,0,0.7477,0.7477,0,0,0,0.7477,0,2.243,0,0,0.7477,0,0.7477,0.7477,0,0.0001,0.0002,0.0001,0.0001,0,0.0001,0.0001,0,0,0,0.0001,0,0.0002,0,0,0.0001,0,0.0001,0.0001,0,0.1019,0.1505,0.1019,0.1505,
0,0,0.5203,0,1.0406,4.1624,0,3.1218,0,3.6421,0.5203,0,0.5203,0,0.5203,2.0812,2.6015,0.5203,0.5203,1.0406,0,0,0,0,0.0001,0.0002,0,0.0002,0,0.0002,0,0,0,0,0,0.0001,0.0001,0,0,0.0001,0.2249,0.2548,0.2249,0.2548,
1.0635,0.5317,0,1.0635,0,0.5317,0.5317,0,0.5317,0.5317,0.5317,2.6587,1.0635,1.5952,1.0635,0,1.0635,2.127,0.5317,1.0635,0.0001,0,0,0.0001,0,0,0,0,0,0,0,0.0002,0.0001,0.0001,0.0001,0,0.0001,0.0001,0,0.0001,0.2158,0.2524,0.2158,0.2524,
0.6921,1.0381,0.346,0,0,1.0381,0.346,0.6921,2.0762,0,0.6921,0.6921,0,0.6921,2.7683,0.6921,0,2.0762,0,0,0,0.0001,0,0,0,0.0001,0,0,0.0001,0,0,0,0,0,0.0002,0,0,0.0001,0,0,0.3452,0.3088,0.3452,0.3088,
0,1.922,0,0.6407,0,1.2813,0,0.6407,0.6407,0.6407,0,1.2813,1.922,0.6407,1.2813,0,0,0,0,0,0,0.0001,0,0,0,0.0001,0,0,0,0,0,0.0001,0.0001,0,0.0001,0,0,0,0,0,0.1906,0.1687,0.1906,0.1687,
0,1.2164,0,1.6219,1.2164,0.4055,0,1.2164,0.8109,0,1.2164,1.6219,1.6219,1.6219,0.8109,0.4055,0.4055,1.2164,1.6219,0.8109,0,0.0001,0,0.0001,0.0001,0,0,0.0001,0,0,0.0001,0.0001,0.0001,0.0001,0,0,0,0.0001,0.0001,0,0.2897,0.3048,0.2897,0.3048,
0.4021,0.4021,0.8042,1.6084,0.8042,0,1.6084,1.6084,1.2063,0.8042,1.6084,0.8042,0.8042,1.2063,0,0.4021,0.8042,1.2063,0.8042,0.8042,0,0,0,0.0001,0,0,0.0001,0.0001,0.0001,0,0.0001,0,0,0.0001,0,0,0,0.0001,0,0,0.2894,0.3085,0.2894,0.3085,
1.107,1.107,1.845,0,1.476,0,1.107,0,0.369,1.107,0.738,1.107,0,0,0.738,1.107,0.738,1.107,1.476,0.738,0.0001,0.0001,0.0001,0,0.0001,0,0.0001,0,0,0.0001,0,0.0001,0,0,0,0.0001,0,0.0001,0.0001,0,0.3325,0.2985,0.3325,0.2985,
0.3894,0.7789,0.7789,0.7789,1.5577,0.7789,0.7789,0.3894,1.5577,0.3894,0,0.7789,0,0.3894,1.1683,0.3894,0.7789,0.7789,0.7789,1.1683,0,0,0,0,0.0001,0,0,0,0.0001,0,0,0,0,0,0.0001,0,0,0,0,0.0001,0.2563,0.3543,0.2563,0.3543,
1.5175,0,0.7588,0,1.5175,1.5175,0,0,0,0,0.7588,0.7588,0,0,0.7588,0,0,0,0,0,0.0003,0,0.0001,0,0.0003,0.0003,0,0,0,0,0.0001,0.0001,0,0,0.0001,0,0,0,0,0,0.1316,0.1096,0.1316,0.1096,
0.4182,0,0.4182,1.6727,0.8363,0.8363,0.4182,0,1.6727,1.2545,0.4182,0.8363,0,0.8363,0,1.2545,0.4182,0.4182,0.4182,0.8363,0,0,0,0.0001,0.0001,0.0001,0,0,0.0001,0.0001,0,0.0001,0,0.0001,0,0.0001,0,0,0,0.0001,0.2774,0.3045,0.2774,0.3045,
0.4925,0.9851,0.9851,0.4925,0.4925,0.9851,0.9851,0.4925,0.4925,0,0.9851,0,0,0,0.4925,1.4776,0,0.4925,1.9701,1.4776,0,0,0,0,0,0,0,0,0,0,0,0,0,0,0,0.0001,0,0,0.0001,0.0001,0.2798,0.2277,0.2798,0.2277,
0.4184,0.4184,1.6736,0.8368,1.2552,0.8368,0.4184,0.4184,1.2552,1.2552,0.8368,1.2552,1.6736,0.4184,0,0.4184,0.8368,0.4184,0.8368,0,0,0,0.0001,0,0.0001,0,0,0,0.0001,0.0001,0,0.0001,0.0001,0,0,0,0,0,0,0,0.2618,0.3198,0.2618,0.3198,
0.8265,0.8265,1.653,0.4133,0,0.8265,0.8265,2.0663,0.4133,0.4133,0.4133,0.8265,1.2398,0.8265,0.4133,0.8265,1.2398,2.0663,1.653,1.653,0,0,0.0001,0,0,0,0,0.0001,0,0,0,0,0.0001,0,0,0,0.0001,0.0001,0.0001,0.0001,0.2855,0.3012,0.2855,0.3012,
2.3607,0,0,0.3372,0.6745,1.349,0.3372,0.3372,1.349,0.3372,0.6745,0.6745,0.3372,0.3372,4.7214,0,1.349,0.6745,0,0,0.0002,0,0,0,0.0001,0.0001,0,0,0.0001,0,0.0001,0.0001,0,0,0.0004,0,0.0001,0.0001,0,0,0.3771,0.2857,0.3771,0.2857,
0,0,0,0,0,1.4291,1.4291,0,0,0,0,0,0.7145,0.7145,0,0.7145,0,0,1.4291,0.7145,0,0,0,0,0,0.0002,0.0002,0,0,0,0,0,0.0001,0.0001,0,0.0001,0,0,0.0002,0.0001,0.1457,0.1398,0.1457,0.1398,
0,0.7085,0,0.7085,0,0,0.7085,0,0.7085,0.7085,0,0.7085,0.7085,0.7085,0,1.4169,0,0.7085,0.7085,0.7085,0,0.0001,0,0.0001,0,0,0.0001,0,0.0001,0.0001,0,0.0001,0.0001,0.0001,0,0.0001,0,0.0001,0.0001,0.0001,0.1348,0.1567,0.1348,0.1567,
0.8953,0.8953,0.4476,1.3429,1.7905,0.4476,2.2382,0.4476,0.8953,1.3429,0.4476,0,0.8953,0.8953,0.4476,0.8953,0.8953,1.3429,0.4476,0.8953,0.0001,0.0001,0,0.0001,0.0001,0,0.0001,0,0.0001,0.0001,0,0,0.0001,0.0001,0,0.0001,0.0001,0.0001,0,0.0001,0.3067,0.2456,0.3067,0.2456,
1.8419,1.1052,0.7368,0.3684,1.1052,0,0,0.7368,1.4736,0.3684,1.1052,0.3684,0,1.1052,1.1052,0.7368,1.8419,1.1052,0.3684,0.7368,0.0001,0.0001,0,0,0.0001,0,0,0,0.0001,0,0.0001,0,0,0.0001,0.0001,0,0.0001,0.0001,0,0,0.3004,0.3313,0.3004,0.3313,
1.9249,1.4437,0.9625,0,2.4062,0.4812,0,1.4437,0.9625,2.4062,1.4437,0.9625,0.4812,1.9249,0.4812,0.4812,0,3.3686,1.4437,0,0.0001,0.0001,0,0,0.0001,0,0,0.0001,0,0.0001,0.0001,0,0,0.0001,0,0,0,0.0001,0.0001,0,0.27,0.2487,0.27,0.2487,
0,0,0.6937,0,0,0,0.6937,0,2.0812,1.3875,0.6937,0,0,0.6937,0.6937,0.6937,0,0,0,0,0,0,0.0001,0,0,0,0.0001,0,0.0004,0.0003,0.0001,0,0,0.0001,0.0001,0.0001,0,0,0,0,0.1563,0.15,0.1563,0.15,
2.7331,0,1.0932,0,2.7331,1.6398,0,1.6398,0,1.0932,1.0932,0.5466,0,0,0.5466,1.0932,1.6398,1.0932,1.0932,0,0.0002,0,0.0001,0,0.0002,0.0001,0,0.0001,0,0.0001,0.0001,0,0,0,0,0.0001,0.0001,0.0001,0.0001,0,0.274,0.1794,0.274,0.1794,
1.8335,0.9168,0.9168,1.3751,0.4584,1.3751,0,0.4584,0,1.3751,0.4584,0.9168,0.9168,0.4584,0.9168,0.4584,0.9168,0.4584,0.4584,0,0.0001,0,0,0.0001,0,0.0001,0,0,0,0.0001,0,0,0,0,0,0,0,0,0,0,0.2644,0.2772,0.2644,0.2772,
2.3183,0,0,0.5796,0.5796,3.4775,0,2.3183,0,3.4775,0.5796,1.1592,0.5796,0.5796,0.5796,0,0.5796,2.3183,0,0,0.0001,0,0,0,0,0.0002,0,0.0001,0,0.0002,0,0.0001,0,0,0,0,0,0.0001,0,0,0.2084,0.2121,0.2084,0.2121,
1.5572,1.1679,0.7786,0.3893,1.1679,2.7252,0.7786,0.3893,0.3893,0.3893,0.7786,0,0.7786,1.5572,0.7786,1.1679,0,1.9466,1.1679,0.7786,0.0001,0,0,0,0,0.0001,0,0,0,0,0,0,0,0.0001,0,0,0,0.0001,0,0,0.2863,0.3244,0.2863,0.3244,
1.7571,0,0.8785,0.4393,2.6356,0.8785,0,0.8785,0.4393,3.9534,0.4393,0.4393,1.3178,0,0.8785,1.3178,1.3178,0.8785,0.4393,0.4393,0.0001,0,0,0,0.0001,0,0,0,0,0.0002,0,0,0.0001,0,0,0.0001,0.0001,0,0,0,0.2764,0.2843,0.2764,0.2843,
0,0.4442,0.4442,0.4442,0.8885,1.7769,0.8885,0,1.3327,0.4442,0.8885,0.4442,0.8885,0.8885,1.7769,0,0.4442,0.4442,0,1.3327,0,0,0,0,0.0001,0.0001,0.0001,0,0.0001,0,0.0001,0,0.0001,0.0001,0.0001,0,0,0,0,0.0001,0.3019,0.2539,0.3019,0.2539,
1.1436,0.5718,0,0,0.5718,0.5718,0,0.5718,1.1436,1.1436,0,0.5718,0.5718,0.5718,0.5718,0.5718,1.1436,0,1.7155,0,0.0001,0,0,0,0,0,0,0,0.0001,0.0001,0,0,0,0,0,0,0.0001,0,0.0001,0,0.2089,0.2193,0.2089,0.2193,
0,0,0.5542,2.7711,0,0.5542,0.5542,0.5542,1.6627,0.5542,0,0,0.5542,0,1.1084,0.5542,0.5542,0,0,1.1084,0,0,0.0001,0.0004,0,0.0001,0.0001,0.0001,0.0002,0.0001,0,0,0.0001,0,0.0002,0.0001,0.0001,0,0,0.0002,0.2759,0.1698,0.2759,0.1698,
1.2109,3.6326,1.2109,0.6054,0,1.2109,0,0.6054,1.2109,1.8163,0,0,1.2109,0,0,1.2109,1.2109,2.4217,0.6054,0.6054,0,0.0001,0,0,0,0,0,0,0,0.0001,0,0,0,0,0,0,0,0.0001,0,0,0.1759,0.2187,0.1759,0.2187,
1.5007,0,0.7503,0,1.5007,1.5007,0,0,0,1.5007,0,1.5007,1.5007,0,0,1.5007,1.5007,0,0,0,0.0001,0,0.0001,0,0.0001,0.0001,0,0,0,0.0001,0,0.0001,0.0001,0,0,0.0001,0.0001,0,0,0,0.1584,0.0912,0.1584,0.0912,
3.1353,0,1.0451,0.5225,0,0.5225,0,0.5225,2.0902,2.0902,0,0,0,0,0,1.5676,0,1.0451,0.5225,0,0.0002,0,0.0001,0,0,0,0,0,0.0001,0.0001,0,0,0,0,0,0.0001,0,0.0001,0,0,0.2019,0.2756,0.2019,0.2756,
0.5036,1.5108,0,1.0072,0,0.5036,0.5036,0.5036,0,1.5108,2.518,1.0072,0.5036,1.0072,1.0072,0.5036,0,0.5036,1.5108,1.0072,0,0.0001,0,0,0,0,0,0,0,0.0001,0.0001,0,0,0,0,0,0,0,0.0001,0,0.2174,0.279,0.2174,0.279,
0,0,0,0.7558,0,0,0,0.7558,0,0.7558,0.7558,0.7558,0,1.5115,0,0,2.2673,0.7558,1.5115,1.5115,0,0,0,0.0001,0,0,0,0.0001,0,0.0001,0.0001,0.0001,0,0.0002,0,0,0.0003,0.0001,0.0002,0.0002,0.1086,0.1357,0.1086,0.1357,
0,0,1.4487,0.7244,0,0.7244,0,0,0.7244,0,0,0,1.4487,1.4487,0.7244,0,0.7244,0.7244,0,0,0,0,0.0003,0.0002,0,0.0002,0,0,0.0002,0,0,0,0.0003,0.0003,0.0002,0,0.0002,0.0002,0,0,0.177,0.0987,0.177,0.0987,
1.1336,1.1336,1.1336,1.1336,0,1.1336,0,0.5668,0,0.5668,0,0,1.1336,0.5668,0.5668,0.5668,2.2672,1.1336,0.5668,0.5668,0.0001,0.0001,0.0001,0.0001,0,0.0001,0,0,0,0,0,0,0.0001,0,0,0,0.0001,0.0001,0,0,0.1914,0.2418,0.1914,0.2418,
1.6261,0,0.542,0.542,1.0841,1.0841,0.542,0.542,0,2.7101,0,0,0.542,0.542,1.0841,1.6261,1.0841,0.542,0.542,0.542,0.0001,0,0,0,0.0001,0.0001,0,0,0,0.0002,0,0,0,0,0.0001,0.0001,0.0001,0,0,0,0.1871,0.2708,0.1871,0.2708,
1.4557,0,1.9409,0,0.4852,0.4852,0,1.9409,1.4557,0.4852,1.4557,1.4557,0,0.4852,0.4852,1.9409,0.9704,1.9409,0,0,0.0001,0,0.0001,0,0,0,0,0.0001,0.0001,0,0.0001,0.0001,0,0,0,0.0001,0.0001,0.0001,0,0,0.2633,0.2515,0.2633,0.2515,
0.6444,0,0.6444,0,0.6444,0.6444,0.6444,1.2888,0.6444,0.6444,0,1.2888,0,1.9332,0.6444,0.6444,0,1.2888,0,0,0.0001,0,0.0001,0,0.0001,0.0001,0.0001,0.0001,0.0001,0.0001,0,0.0001,0,0.0002,0.0001,0.0001,0,0.0001,0,0,0.173,0.1826,0.173,0.1826,
0,0,0.6383,0,0.6383,0.6383,1.2766,1.2766,0,0,0,1.9149,1.2766,0,0.6383,1.9149,0,0.6383,0.6383,0,0,0,0.0001,0,0.0001,0.0001,0.0001,0.0001,0,0,0,0.0002,0.0001,0,0.0001,0.0002,0,0.0001,0.0001,0,0.1788,0.1829,0.1788,0.1829,
0,0.7652,0.7652,0,0,1.5305,0,0,0.7652,0,0,0,0,0.7652,0,0,2.2957,0,0,1.5305,0,0.0001,0.0001,0,0,0.0002,0,0,0.0001,0,0,0,0,0.0001,0,0,0.0002,0,0,0.0002,0.1382,0.0966,0.1382,0.0966,
0,0,0.7271,1.4542,1.4542,0.3636,0.3636,1.0907,1.0907,1.0907,0.7271,1.4542,1.4542,1.4542,0,0.3636,1.4542,0.3636,1.0907,2.1814,0,0,0,0.0001,0.0001,0,0,0.0001,0.0001,0.0001,0,0.0001,0.0001,0.0001,0,0,0.0001,0,0.0001,0.0001,0.3166,0.3199,0.3166,0.3199,
1.3491,0,0,0,0.3373,1.0118,0.6745,0,2.0236,0.6745,0.6745,0.3373,0.3373,0.3373,3.3727,1.0118,1.6863,0.6745,0,0.3373,0.0001,0,0,0,0,0.0001,0.0001,0,0.0002,0.0001,0.0001,0,0,0,0.0003,0.0001,0.0002,0.0001,0,0,0.3163,0.3464,0.3163,0.3464,
0.3177,0.3177,0.9531,0.6354,0.6354,0.9531,2.5416,0.9531,1.2708,0.9531,0,0.6354,0,0.6354,2.2239,0.3177,0.6354,0.3177,0.3177,0.3177,0,0,0.0001,0,0,0.0001,0.0002,0.0001,0.0001,0.0001,0,0,0,0,0.0002,0,0,0,0,0,0.3701,0.3122,0.3701,0.3122,
1.8202,0.455,0.9101,1.3651,0.455,0.455,0,2.7303,0,1.8202,1.8202,1.3651,0.455,0.9101,0.9101,1.8202,1.8202,1.3651,0,1.3651,0.0001,0,0,0.0001,0,0,0,0.0001,0,0.0001,0.0001,0.0001,0,0,0,0.0001,0.0001,0.0001,0,0.0001,0.2862,0.2587,0.2862,0.2587,
1.2637,1.2637,0.8424,0,1.2637,0.4212,2.5273,1.2637,1.2637,0.8424,1.2637,1.2637,0.4212,1.6849,0,0,1.6849,0.8424,0,0.8424,0.0001,0.0001,0,0,0.0001,0,0.0001,0.0001,0.0001,0,0.0001,0.0001,0,0.0001,0,0,0.0001,0,0,0,0.2842,0.2946,0.2842,0.2946,
1.2383,0.6192,0.6192,0,1.2383,0.6192,1.2383,0,1.2383,0,0,0.6192,1.2383,0.6192,0,0,0.6192,0.6192,1.2383,0.6192,0.0001,0,0,0,0.0001,0,0.0001,0,0.0001,0,0,0,0.0001,0,0,0,0,0,0.0001,0,0.193,0.1879,0.193,0.1879,
1.2164,0,0.4055,0.4055,2.8382,0.4055,0.4055,1.6218,0.4055,1.6218,0.8109,0.4055,1.2164,0.4055,1.2164,0.8109,1.6218,1.6218,0.8109,0,0.0001,0,0,0,0.0002,0,0,0.0001,0,0.0001,0.0001,0,0.0001,0,0.0001,0.0001,0.0001,0.0001,0.0001,0,0.2946,0.2999,0.2946,0.2999,
1.7968,0,0.5989,0.5989,0,1.1978,0.5989,0,0,0.5989,1.1978,1.7968,0,1.1978,0,0,0.5989,1.1978,1.1978,1.7968,0.0001,0,0,0,0,0.0001,0,0,0,0,0.0001,0.0001,0,0.0001,0,0,0,0.0001,0.0001,0.0001,0.2171,0.184,0.2171,0.184,
1.0594,0,0.5297,0.5297,2.6485,0.5297,0,2.1188,1.0594,2.1188,0.5297,0,1.0594,0,1.0594,1.0594,1.5891,1.0594,0,0.5297,0.0001,0,0,0,0.0002,0,0,0.0002,0.0001,0.0002,0,0,0.0001,0,0.0001,0.0001,0.0001,0.0001,0,0,0.2129,0.2574,0.2129,0.2574,
0.4621,0.4621,0,0.9242,0,0.4621,1.8484,0.4621,0.9242,2.7725,0.9242,0,0.4621,0,0.9242,1.8484,0.4621,0.4621,0.4621,0.9242,0,0,0,0.0001,0,0,0.0001,0,0.0001,0.0002,0.0001,0,0,0,0.0001,0.0001,0,0,0,0.0001,0.2908,0.2471,0.2908,0.2471,
0.3946,0,0.7891,0.7891,0.7891,0.7891,0.3946,0.3946,1.5782,0,1.5782,0.7891,0.7891,1.1837,0.7891,0.7891,0.3946,0.3946,1.5782,0.7891,0,0,0.0001,0.0001,0.0001,0.0001,0,0,0.0001,0,0.0001,0.0001,0.0001,0.0001,0.0001,0.0001,0,0,0.0001,0.0001,0.3569,0.2486,0.3569,0.2486,
0.8315,2.0786,0.8315,0.8315,1.2472,0,1.2472,1.2472,0.8315,0.8315,1.2472,0.8315,0.8315,0.4157,0.4157,1.6629,0.8315,0.4157,0.4157,1.2472,0,0.0001,0,0,0.0001,0,0.0001,0.0001,0,0,0.0001,0,0,0,0,0.0001,0,0,0,0.0001,0.3078,0.2765,0.3078,0.2765,
0.5194,1.5581,0.5194,0,0.5194,2.0775,1.0387,1.5581,0.5194,3.6356,1.0387,0.5194,1.0387,0,0,1.5581,0.5194,1.5581,0.5194,1.5581,0,0.0001,0,0,0,0.0001,0,0.0001,0,0.0001,0,0,0,0,0,0.0001,0,0.0001,0,0.0001,0.2268,0.2538,0.2268,0.2538,
0,0.6799,2.7195,0,0.6799,0,0,0.6799,0,0,0.6799,0,0,0.6799,0,0,0.6799,0,0.6799,0,0,0.0001,0.0002,0,0.0001,0,0,0.0001,0,0,0.0001,0,0,0.0001,0,0,0.0001,0,0.0001,0,0.1818,0.1383,0.1818,0.1383,
0.4506,0.9013,0.4506,0.9013,1.3519,0,1.3519,1.3519,0.9013,1.3519,1.3519,0.4506,0,0,0.4506,1.3519,2.7038,0.4506,1.3519,0.9013,0,0,0,0,0.0001,0,0.0001,0.0001,0,0.0001,0.0001,0,0,0,0,0.0001,0.0001,0,0.0001,0,0.2814,0.2679,0.2814,0.2679,
0,0,1.1289,1.1289,1.1289,1.6934,0,0.5645,0,0.5645,0.5645,0,0,0.5645,1.1289,0,0.5645,0,0,0,0,0,0.0001,0.0001,0.0001,0.0002,0,0.0001,0,0.0001,0.0001,0,0,0.0001,0.0001,0,0.0001,0,0,0,0.1894,0.2462,0.1894,0.2462,
1.3955,1.8607,0,0.9304,0.4652,1.3955,0.4652,0,0.9304,1.8607,0,0.4652,0.4652,1.3955,0.4652,0.4652,0,0,0.9304,0,0.0001,0.0001,0,0,0,0.0001,0,0,0,0.0001,0,0,0,0.0001,0,0,0,0,0,0,0.2715,0.2634,0.2715,0.2634,
0,0,0,0,0.7082,0,0,0,0,1.4163,0,0.7082,0.7082,0,2.1245,2.1245,0,0,0,0,0,0,0,0,0.0001,0,0,0,0,0.0003,0,0.0001,0.0001,0,0.0004,0.0004,0,0,0,0,0.1971,0.0947,0.1971,0.0947,
1.0856,0.3619,1.4475,1.4475,0.7237,0.7237,0.3619,0.3619,1.8093,1.0856,1.0856,1.0856,0,1.4475,1.0856,0.3619,0.3619,0.7237,0.3619,0.7237,0.0001,0,0.0001,0.0001,0,0,0,0,0.0001,0.0001,0.0001,0.0001,0,0.0001,0.0001,0,0,0,0,0,0.3276,0.3105,0.3276,0.3105,
0.4121,0,0.4121,0.4121,0,0.8243,1.2364,0.8243,0,0.8243,0.8243,0.4121,0.4121,1.2364,0.8243,0.4121,1.6486,0.4121,2.0607,0.8243,0,0,0,0,0,0.0001,0.0001,0.0001,0,0.0001,0.0001,0,0,0.0001,0.0001,0,0.0001,0,0.0001,0.0001,0.2674,0.3204,0.2674,0.3204,
0.4172,0,1.2516,0.4172,0.8344,1.6688,0.8344,1.2516,1.2516,0,0.4172,0.4172,1.2516,1.2516,0.8344,1.2516,0.4172,0.8344,0.8344,0,0,0,0.0001,0,0.0001,0.0001,0.0001,0.0001,0.0001,0,0,0,0.0001,0.0001,0.0001,0.0001,0,0.0001,0.0001,0,0.2858,0.297,0.2858,0.297,
1.5482,0.7741,1.9352,0.7741,1.1611,0,1.1611,0.387,0.7741,0.387,1.1611,0.7741,0.387,0.7741,0.387,1.5482,0.387,1.1611,0.387,0.387,0.0001,0,0.0001,0,0.0001,0,0.0001,0,0,0,0.0001,0,0,0,0,0.0001,0,0.0001,0,0,0.2913,0.3217,0.2913,0.3217,
1.2775,1.7033,0.4258,0,0.8517,0.4258,0,0.8517,0.8517,0.8517,1.2775,1.7033,1.7033,0.8517,0.8517,0.4258,2.1291,0.8517,2.1291,1.7033,0.0001,0.0001,0,0,0,0,0,0,0,0,0.0001,0.0001,0.0001,0,0,0,0.0001,0,0.0001,0.0001,0.2947,0.2795,0.2947,0.2795,
0.6895,1.7238,0.3448,0.3448,1.0343,0.3448,1.7238,1.7238,0.6895,0.3448,0,0.6895,0.6895,0,1.379,1.0343,0.6895,0.6895,1.0343,1.0343,0,0.0001,0,0,0,0,0.0001,0.0001,0,0,0,0,0,0,0.0001,0,0,0,0,0,0.3297,0.3256,0.3297,0.3256,
2.4403,2.4403,0,1.2202,0,2.4403,0,0.6101,0.6101,1.8302,0,0.6101,0.6101,0.6101,0,1.2202,1.2202,1.2202,0,0,0.0001,0.0001,0,0.0001,0,0.0001,0,0,0,0.0001,0,0,0,0,0,0.0001,0.0001,0.0001,0,0,0.1824,0.2075,0.1824,0.2075,
1.6089,0.8044,0.4022,0.8044,1.2066,0.8044,0.4022,1.6089,0.4022,0.8044,1.2066,0,1.2066,0,1.6089,1.2066,1.2066,1.2066,0,1.2066,0.0001,0,0,0,0.0001,0,0,0.0001,0,0,0.0001,0,0.0001,0,0.0001,0.0001,0.0001,0.0001,0,0.0001,0.2941,0.3037,0.2941,0.3037,
1.0831,1.0831,1.0831,0.7221,1.0831,0.7221,0,0.7221,1.4442,1.4442,0.7221,0.361,0.7221,0,0.361,0,0,2.1663,2.5273,1.4442,0,0,0,0,0,0,0,0,0.0001,0.0001,0,0,0,0,0,0,0,0.0001,0.0001,0.0001,0.3574,0.2815,0.3574,0.2815,
0.5482,1.0965,0.5482,2.193,1.0965,0.5482,0,1.6447,0,1.0965,0.5482,0.5482,2.193,1.6447,0,1.6447,0.5482,0,0,0.5482,0,0.0001,0,0.0001,0.0001,0,0,0.0001,0,0.0001,0,0,0.0001,0.0001,0,0.0001,0,0,0,0,0.2406,0.2112,0.2406,0.2112,
1.1483,0,0.3828,2.6794,0.3828,0.3828,0.3828,0,1.9138,3.4449,0,0.7655,1.1483,0.7655,0.7655,0.7655,1.1483,1.9138,0,0.7655,0.0001,0,0,0.0002,0,0,0,0,0.0001,0.0002,0,0,0.0001,0,0,0,0.0001,0.0001,0,0,0.2905,0.3267,0.2905,0.3267,
1.5603,1.5603,1.1702,1.1702,0.7801,0.3901,0.7801,0.7801,0,1.1702,1.1702,0,1.1702,0.7801,0.7801,1.5603,1.1702,0.3901,0.3901,0.7801,0.0001,0.0001,0.0001,0.0001,0,0,0,0,0,0.0001,0.0001,0,0.0001,0,0,0.0001,0.0001,0,0,0,0.3397,0.2702,0.3397,0.2702,
0.3539,0.3539,1.4157,1.7696,0.7078,0,1.0617,0.7078,1.4157,0.3539,0,0.3539,0.7078,0,0.3539,1.0617,0.3539,0.7078,1.4157,1.4157,0,0,0.0001,0.0001,0,0,0.0001,0,0.0001,0,0,0,0,0,0,0.0001,0,0,0.0001,0.0001,0.3085,0.3376,0.3085,0.3376,
0,1.6387,2.458,0.4097,1.229,0,0.8193,1.229,1.6387,1.6387,0.4097,0.4097,0.8193,1.229,0.4097,0.8193,0,0.8193,0,0.8193,0,0.0001,0.0001,0,0.0001,0,0,0.0001,0.0001,0.0001,0,0,0,0.0001,0,0,0,0,0,0,0.3204,0.27,0.3204,0.27,
0.404,0.404,0.404,2.4241,1.2121,0.808,0.808,1.2121,0.404,1.6161,1.2121,0.404,0.808,1.6161,0.808,1.2121,0.404,0.808,0.404,0.404,0,0,0,0.0001,0.0001,0,0,0.0001,0,0.0001,0.0001,0,0,0.0001,0,0.0001,0,0,0,0,0.3075,0.2885,0.3075,0.2885,
0.8654,0,0.8654,0.8654,0.8654,2.1636,0.4327,0.4327,1.2982,1.2982,0.4327,1.2982,0.8654,1.7309,0,1.2982,0.4327,1.2982,0.4327,0,0.0001,0,0.0001,0.0001,0.0001,0.0001,0,0,0.0001,0.0001,0,0.0001,0.0001,0.0001,0,0.0001,0,0.0001,0,0,0.2622,0.3051,0.2622,0.3051,
0.7483,0,0,0,0,0.7483,1.4967,0,0,0,0,0.7483,0.7483,0,0,0.7483,0.7483,2.9933,0,1.4967,0.0001,0,0,0,0,0.0001,0.0002,0,0,0,0,0.0001,0.0001,0,0,0.0001,0.0001,0.0004,0,0.0002,0.1398,0.1118,0.1398,0.1118,
1.9228,0,0.3846,1.1537,2.3073,0.7691,0.3846,0.7691,0,0.3846,0.7691,0.7691,0.7691,0,1.5382,0.3846,0.7691,0.3846,1.5382,1.1537,0.0001,0,0,0.0001,0.0001,0,0,0,0,0,0,0,0,0,0.0001,0,0,0,0.0001,0.0001,0.3535,0.262,0.3535,0.262,
2.4621,1.6414,0.8207,0,0.8207,0,0,0.8207,0,0,0,0,0,0,0,0.8207,2.4621,1.6414,0,0,0.0002,0.0001,0.0001,0,0.0001,0,0,0.0001,0,0,0,0,0,0,0,0.0001,0.0002,0.0001,0,0,0.0964,0.0829,0.0964,0.0829,
3.3727,0,0,0,1.6863,2.2484,0,2.2484,0.5621,3.9348,0.5621,0,0,0,0.5621,0.5621,0.5621,0.5621,0,0.5621,0.0002,0,0,0,0.0001,0.0001,0,0.0001,0,0.0003,0,0,0,0,0,0,0,0,0,0,0.2164,0.2215,0.2164,0.2215,
2.6625,0,0.4437,0.8875,1.3312,0.4437,0,1.775,0.8875,0.4437,0.4437,0.4437,0.8875,1.3312,1.3312,0,0,2.2187,0.8875,0,0.0002,0,0,0.0001,0.0001,0,0,0.0001,0.0001,0,0,0,0.0001,0.0001,0.0001,0,0,0.0002,0.0001,0,0.2495,0.3067,0.2495,0.3067,
0.4792,0.4792,0,0.9585,0.4792,1.4377,0.9585,2.3961,0.9585,0,0.4792,0.9585,0.9585,0.4792,0.4792,0.4792,1.4377,1.4377,0,0.9585,0,0,0,0.0001,0,0.0001,0.0001,0.0002,0.0001,0,0,0.0001,0.0001,0,0,0,0.0001,0.0001,0,0.0001,0.2367,0.284,0.2367,0.284,
0.4367,1.7467,1.31,0.4367,0.4367,0.4367,0.4367,0.8733,1.7467,0.4367,0,1.31,1.31,0,0.4367,0.4367,0.4367,0.4367,0.8733,0.8733,0,0.0001,0.0001,0,0,0,0,0,0.0001,0,0,0.0001,0.0001,0,0,0,0,0,0,0,0.3046,0.2587,0.3046,0.2587,
1.0267,1.0267,1.0267,1.0267,1.0267,1.369,1.0267,0.6845,0.6845,0.6845,0.3422,1.0267,1.7112,0.3422,1.0267,0.3422,0.3422,0.3422,1.0267,0.6845,0.0001,0.0001,0.0001,0.0001,0.0001,0.0001,0.0001,0,0,0,0,0.0001,0.0001,0,0.0001,0,0,0,0.0001,0,0.3302,0.3276,0.3302,0.3276,
0.5449,0,0.5449,1.0897,0,0,0,3.2691,0,0,1.0897,1.0897,0.5449,0,1.0897,1.6346,0.5449,0,0,0,0,0,0,0.0001,0,0,0,0.0002,0,0,0.0001,0.0001,0,0,0.0001,0.0001,0,0,0,0,0.1985,0.2566,0.1985,0.2566,
0.7671,0.7671,1.9178,0.3836,0,0,0.7671,0.3836,0.7671,0.7671,0.3836,0.7671,1.5342,0.3836,1.1507,0.7671,0.3836,0,0.3836,1.5342,0,0,0.0001,0,0,0,0,0,0,0,0,0,0.0001,0,0.0001,0,0,0,0,0.0001,0.2931,0.3233,0.2931,0.3233,
0.7303,0.7303,0.7303,0.7303,0.7303,0,0,0,0,0.7303,0,2.9212,0.7303,1.4606,0,0,0.7303,0,0,0,0.0001,0.0001,0.0001,0.0001,0.0001,0,0,0,0,0.0001,0,0.0003,0.0001,0.0001,0,0,0.0001,0,0,0,0.1448,0.1249,0.1448,0.1249,
0,0.6554,0,0,0,0.6554,0,0,0.6554,0.6554,0.6554,0.6554,0,1.3107,1.3107,1.3107,0.6554,0,0,1.3107,0,0.0001,0,0,0,0.0001,0,0,0.0001,0.0001,0.0001,0.0001,0,0.0001,0.0001,0.0001,0.0001,0,0,0.0001,0.2079,0.1367,0.2079,0.1367,
2.1445,0,0.7148,0.7148,0,0,0,0,0,0.7148,0,0,2.1445,0,0.7148,0.7148,2.1445,0,0,0.7148,0.0003,0,0.0001,0.0001,0,0,0,0,0,0.0001,0,0,0.0003,0,0.0001,0.0001,0.0003,0,0,0.0001,0.1478,0.1374,0.1478,0.1374,
0.8375,0.8375,1.2562,0.4187,0.4187,0.8375,0.8375,1.2562,0.8375,1.2562,0.8375,2.5125,0,0.8375,0.4187,0,1.675,0.4187,0.8375,0.4187,0,0,0.0001,0,0,0,0,0.0001,0,0.0001,0,0.0001,0,0,0,0,0.0001,0,0,0,0.3359,0.2454,0.3359,0.2454,
0.7005,0,0.7005,0.7005,0.7005,0,0,0.7005,0,0.7005,0,0,0,0.7005,0.7005,0,0,0,0.7005,0.7005,0.0001,0,0.0001,0.0001,0.0001,0,0,0.0001,0,0.0001,0,0,0,0.0001,0.0001,0,0,0,0.0001,0.0001,0.1427,0.1568,0.1427,0.1568,
0.5239,0,0.5239,0,1.0478,4.1913,0,3.1435,0,3.1435,0.5239,0,0.5239,0,0.5239,2.0957,2.0957,1.0478,0.5239,1.0478,0,0,0,0,0.0001,0.0002,0,0.0002,0,0.0002,0,0,0,0,0,0.0001,0.0001,0.0001,0,0.0001,0.2249,0.2512,0.2249,0.2512,
0.3538,0.3538,0.3538,2.1226,0.7075,0.3538,0.7075,1.0613,0.7075,0.7075,0,1.4151,0.3538,0.7075,1.0613,0.3538,0.7075,0.7075,1.4151,1.4151,0,0,0,0.0001,0,0,0,0.0001,0,0,0,0.0001,0,0,0.0001,0,0,0,0.0001,0.0001,0.3482,0.298,0.3482,0.298,
0.5482,0.5482,1.0964,0,1.6446,1.6446,0,2.1928,0,1.0964,0,0,1.6446,1.6446,0.5482,2.1928,0,3.2892,1.6446,2.1928,0,0,0,0,0.0001,0.0001,0,0.0001,0,0,0,0,0.0001,0.0001,0,0.0001,0,0.0001,0.0001,0.0001,0.2579,0.1939,0.2579,0.1939,
0.3542,0.7085,1.4169,1.4169,0.3542,0.7085,1.0627,0.3542,0.7085,0.3542,1.0627,0.3542,0,0.3542,0.7085,0,0,0,3.1881,0.3542,0,0,0.0001,0.0001,0,0,0.0001,0,0,0,0.0001,0,0,0,0,0,0,0,0.0002,0,0.343,0.3027,0.343,0.3027,
0,0.3955,0.7909,1.5818,1.1864,0.3955,0.7909,0.7909,0.7909,0.3955,0.7909,1.1864,0.7909,0.7909,0.3955,1.1864,0.3955,1.1864,0.7909,0,0,0,0,0.0001,0.0001,0,0,0,0,0,0,0.0001,0,0,0,0.0001,0,0.0001,0,0,0.362,0.2425,0.362,0.2425,
0.684,0,1.368,0,1.368,0.684,0,0.684,0,0,0,0,0.684,0,0.684,2.052,0,0,0,0.684,0.0001,0,0.0001,0,0.0001,0.0001,0,0.0001,0,0,0,0,0.0001,0,0.0001,0.0002,0,0,0,0.0001,0.1479,0.1681,0.1479,0.1681,
1.2053,0,1.2053,0.8035,1.2053,0,1.2053,2.8124,0.8035,1.6071,0.8035,0.4018,1.6071,0,0.4018,0,1.6071,1.6071,0,0,0.0001,0,0.0001,0.0001,0.0001,0,0.0001,0.0002,0.0001,0.0001,0.0001,0,0.0001,0,0,0,0.0001,0.0001,0,0,0.2997,0.2985,0.2997,0.2985,
1.7338,1.7338,0.8669,0.8669,0.4334,1.7338,1.3003,0.4334,1.3003,0.8669,0,0.8669,0.8669,0.4334,0,0,1.7338,0,0.4334,0.4334,0.0001,0.0001,0,0,0,0.0001,0.0001,0,0.0001,0,0,0,0,0,0,0,0.0001,0,0,0,0.3129,0.2537,0.3129,0.2537,
0.7102,0,0,0,0,2.8409,0,3.5512,0,0,1.4205,1.4205,0,0,0.7102,0,4.9717,0,0,0,0.0001,0,0,0,0,0.0003,0,0.0004,0,0,0.0001,0.0001,0,0,0.0001,0,0.0005,0,0,0,0.1421,0.1477,0.1421,0.1477,
0.5921,0,1.1841,0.5921,0,1.1841,0,0,1.7762,1.7762,1.1841,1.1841,0,1.1841,0,0.5921,0.5921,0,0.5921,0.5921,0.0001,0,0.0001,0.0001,0,0.0001,0,0,0.0002,0.0002,0.0001,0.0001,0,0.0001,0,0.0001,0.0001,0,0.0001,0.0001,0.2165,0.1914,0.2165,0.1914,
3.3293,0,0,0,0,1.1098,0.3699,0.3699,2.9594,0.3699,0.3699,0,1.1098,0.7399,1.8496,1.1098,1.4797,0,0,0,0.0003,0,0,0,0,0.0001,0,0,0.0003,0,0,0,0.0001,0.0001,0.0002,0.0001,0.0001,0,0,0,0.2738,0.3563,0.2738,0.3563,
0.4282,0.4282,0.4282,0.8564,1.2846,0.4282,1.2846,1.2846,0.8564,0,1.7128,0.8564,0.4282,1.2846,0.8564,0.4282,1.2846,0.4282,0.8564,0.4282,0,0,0,0.0001,0.0001,0,0.0001,0.0001,0.0001,0,0.0001,0.0001,0,0.0001,0.0001,0,0.0001,0,0.0001,0,0.2886,0.2832,0.2886,0.2832,
0,3.1683,1.0561,0,1.0561,1.0561,0,0.528,1.0561,1.0561,0.528,0,1.5841,0,1.0561,0.528,1.5841,0,0,0,0,0.0001,0,0,0,0,0,0,0,0,0,0,0.0001,0,0,0,0.0001,0,0,0,0.2793,0.1927,0.2793,0.1927,
0,0.5494,0.5494,0.5494,0,1.0988,1.0988,0.5494,1.0988,0,0,0,0.5494,0.5494,0.5494,1.6483,0.5494,0,0,0.5494,0,0.0001,0.0001,0.0001,0,0.0001,0.0001,0.0001,0.0001,0,0,0,0.0001,0.0001,0.0001,0.0002,0.0001,0,0,0.0001,0.1875,0.2631,0.1875,0.2631,
0,0.7706,0,1.5413,0,0,0.7706,0,0,0,0,0,1.5413,0.7706,0,0.7706,0.7706,0.7706,0,0,0,0.0001,0,0.0002,0,0,0.0001,0,0,0,0,0,0.0002,0.0001,0,0.0001,0.0001,0.0001,0,0,0.0949,0.1344,0.0949,0.1344,
1.0002,0,0,1.0002,2.5006,0.5001,0,2.0005,1.5003,2.0005,1.0002,0,1.0002,0,1.0002,1.0002,1.5003,1.0002,0,0.5001,0.0001,0,0,0.0001,0.0002,0,0,0.0002,0.0001,0.0002,0.0001,0,0.0001,0,0.0001,0.0001,0.0001,0.0001,0,0,0.2378,0.262,0.2378,0.262,
0,0,0.6847,0,1.3693,0,0,0,1.3693,2.7386,0,0,0.6847,0,0,1.3693,1.3693,0.6847,0,0,0,0,0.0001,0,0.0001,0,0,0,0.0001,0.0003,0,0,0.0001,0,0,0.0001,0.0001,0.0001,0,0,0.1317,0.1836,0.1317,0.1836,
0.7893,0.7893,1.1839,0.7893,3.1572,0.3946,0.3946,1.5786,0.3946,0.3946,1.5786,0.7893,0.7893,1.5786,0.7893,0.3946,0.7893,1.1839,1.5786,0,0,0,0.0001,0,0.0002,0,0,0.0001,0,0,0.0001,0,0,0.0001,0,0,0,0.0001,0.0001,0,0.2819,0.3235,0.2819,0.3235,
1.0761,0.3587,1.4348,1.4348,0.3587,0.3587,0.7174,1.0761,1.7935,0.7174,1.0761,0.7174,1.0761,0.3587,0,0.7174,0.7174,0.7174,1.0761,1.0761,0.0001,0,0.0001,0.0001,0,0,0,0.0001,0.0001,0,0.0001,0,0.0001,0,0,0,0,0,0.0001,0.0001,0.3404,0.301,0.3404,0.301,
2.0275,0,0,0,0.3379,1.3517,0.3379,0.3379,2.0275,0.6758,0.6758,0,0.3379,0.3379,3.3791,0.3379,1.3517,1.0137,0,0.3379,0.0002,0,0,0,0,0.0001,0,0,0.0002,0.0001,0.0001,0,0,0,0.0003,0,0.0001,0.0001,0,0,0.3727,0.2894,0.3727,0.2894,
1.7421,0,0,0.3484,0.3484,1.3937,0,0.6968,2.4389,1.0452,0.6968,0.6968,1.0452,0,3.1357,0.6968,0.6968,0.3484,0,0.3484,0.0001,0,0,0,0,0.0001,0,0.0001,0.0002,0.0001,0.0001,0.0001,0.0001,0,0.0002,0.0001,0.0001,0,0,0,0.3438,0.3078,0.3438,0.3078,
0.7135,0.3567,0.7135,1.4269,0.3567,0.7135,0.3567,1.4269,1.0702,0.7135,0.7135,1.0702,0.7135,1.0702,1.0702,1.0702,1.0702,1.0702,0.3567,1.0702,0,0,0,0.0001,0,0,0,0.0001,0.0001,0,0,0.0001,0,0.0001,0.0001,0.0001,0.0001,0.0001,0,0.0001,0.3645,0.2788,0.3645,0.2788,
1.7238,0,0,2.1547,0.4309,0.8619,0.4309,0,4.3095,0.8619,0.8619,0.4309,0,1.2928,0.8619,0.4309,0,0.4309,0,0.4309,0.0002,0,0,0.0002,0,0.0001,0,0,0.0004,0.0001,0.0001,0,0,0.0001,0.0001,0,0,0,0,0,0.2414,0.3277,0.2414,0.3277,
0.7265,1.4529,1.0897,1.0897,0.3632,0.3632,1.0897,1.0897,1.8161,0.7265,0.7265,1.4529,1.0897,0.7265,0.7265,0.3632,0,0,0,0.7265,0,0.0001,0.0001,0.0001,0,0,0.0001,0.0001,0.0001,0,0,0.0001,0.0001,0,0,0,0,0,0,0,0.3393,0.2975,0.3393,0.2975,
0.4232,0.4232,0.8464,0,0.8464,1.2696,0.4232,2.5392,1.2696,0.4232,0.8464,2.116,1.2696,0.4232,0.8464,0.4232,0.8464,1.2696,0,0.8464,0,0,0,0,0,0.0001,0,0.0001,0.0001,0,0,0.0001,0.0001,0,0,0,0,0.0001,0,0,0.3111,0.2657,0.3111,0.2657,
0.7403,0,0,0.7403,0.7403,0.7403,0.7403,0.7403,0,1.4805,0,0,0,0,0.7403,0,0,0,0.7403,0,0.0001,0,0,0.0001,0.0001,0.0001,0.0001,0.0001,0,0.0002,0,0,0,0,0.0001,0,0,0,0.0001,0,0.1264,0.1333,0.1264,0.1333,
0.6709,0.3355,0.6709,0.6709,0.6709,1.0064,1.6773,0.6709,1.0064,1.3418,0.6709,0,0.3355,1.0064,1.3418,1.0064,0.3355,1.0064,0.3355,0,0,0,0,0,0,0.0001,0.0001,0,0.0001,0.0001,0,0,0,0.0001,0.0001,0.0001,0,0.0001,0,0,0.3087,0.3558,0.3087,0.3558,
1.3643,1.3643,1.3643,0,0,0.9095,1.3643,1.819,0.9095,0.4548,0.4548,1.3643,0.4548,1.3643,0,0.4548,0,0.4548,0.9095,1.819,0.0001,0.0001,0.0001,0,0,0,0.0001,0.0001,0,0,0,0.0001,0,0.0001,0,0,0,0,0,0.0001,0.3029,0.2424,0.3029,0.2424,
1.1658,0.3886,1.1658,0,1.5544,1.1658,0.7772,0,0.7772,2.3316,1.5544,0.3886,1.1658,1.1658,0.3886,0.7772,1.1658,0,1.1658,0.7772,0.0001,0,0.0001,0,0.0001,0.0001,0,0,0,0.0001,0.0001,0,0.0001,0.0001,0,0,0.0001,0,0.0001,0,0.2958,0.3156,0.2958,0.3156,
1.4003,0,0.9336,1.8671,0.9336,0.4668,0,0.4668,1.4003,1.8671,0.4668,0.4668,0.9336,0,0.4668,0.4668,0.9336,0,0,0,0.0001,0,0.0001,0.0001,0.0001,0,0,0,0.0001,0.0001,0,0,0.0001,0,0,0,0.0001,0,0,0,0.2618,0.2714,0.2618,0.2714,
1.5066,1.0044,0.5022,1.0044,2.0088,2.511,0,1.5066,0,0,0,0.5022,1.0044,0.5022,1.0044,0.5022,0,0.5022,0,0.5022,0.0001,0.0001,0,0.0001,0.0001,0.0001,0,0.0001,0,0,0,0,0.0001,0,0.0001,0,0,0,0,0,0.2767,0.2211,0.2767,0.2211,
1.767,1.4136,0.3534,0.7068,0.7068,0.7068,1.4136,0.7068,0.3534,0,1.767,0,0.3534,1.0602,1.767,0.3534,0.7068,0.3534,0.7068,1.0602,0.0001,0.0001,0,0,0,0,0.0001,0,0,0,0.0001,0,0,0.0001,0.0001,0,0,0,0,0.0001,0.364,0.2826,0.364,0.2826,
0.391,0,0,0.391,0.7819,1.1729,0.391,0.391,3.5187,0.7819,1.1729,0.391,0.391,1.1729,3.9097,0.7819,1.1729,0,0,0.391,0,0,0,0,0.0001,0.0001,0,0,0.0004,0.0001,0.0001,0,0,0.0001,0.0004,0.0001,0.0001,0,0,0,0.2971,0.312,0.2971,0.312,
1.806,0,0,0,1.806,1.204,0,3.01,0.602,3.612,0.602,0,0.602,0,0.602,1.806,2.408,0,0,0.602,0.0001,0,0,0,0.0001,0.0001,0,0.0002,0,0.0002,0,0,0,0,0,0.0001,0.0002,0,0,0,0.2216,0.1764,0.2216,0.1764,
1.0405,1.5608,0.5203,0.5203,0.5203,1.0405,0.5203,0,0.5203,2.6014,1.0405,1.5608,1.0405,1.0405,0.5203,1.5608,1.0405,0,0,0.5203,0.0001,0.0001,0,0,0,0.0001,0,0,0,0.0001,0.0001,0.0001,0.0001,0.0001,0,0.0001,0.0001,0,0,0,0.2673,0.2124,0.2673,0.2124,
0,1.2671,0.4224,1.6895,1.2671,1.6895,0.8447,0.8447,0.4224,0.4224,0.8447,2.1119,0.8447,0.4224,0,0,2.5342,0.8447,0.4224,1.6895,0,0.0001,0,0.0001,0.0001,0.0001,0,0,0,0,0,0.0001,0,0,0,0,0.0001,0,0,0.0001,0.304,0.2736,0.304,0.2736,
1.3405,0.8937,1.3405,1.3405,0.4468,0.8937,0,0,0,3.5746,0.8937,0,0.8937,0.8937,0.4468,2.681,1.3405,1.7873,0,0.4468,0.0001,0,0.0001,0.0001,0,0,0,0,0,0.0002,0,0,0,0,0,0.0001,0.0001,0.0001,0,0,0.282,0.2711,0.282,0.2711,
1.1635,0.7757,0.7757,0.3878,0.3878,0.7757,0.3878,0.3878,1.1635,0.7757,0.7757,0.7757,1.1635,0.7757,1.1635,0.3878,0.7757,2.327,0.7757,1.1635,0.0001,0,0,0,0,0,0,0,0.0001,0,0,0,0.0001,0,0.0001,0,0,0.0001,0,0.0001,0.313,0.2992,0.313,0.2992,
1.2366,0.6183,0.6183,0.6183,0,0.6183,0.6183,0.6183,0.6183,1.2366,0.6183,0,1.8549,0,0.6183,0,0.6183,0,0,0.6183,0.0001,0.0001,0.0001,0.0001,0,0.0001,0.0001,0.0001,0.0001,0.0001,0.0001,0,0.0002,0,0.0001,0,0.0001,0,0,0.0001,0.2239,0.1578,0.2239,0.1578,
2.7601,0,0,0,1.104,4.9681,0,2.2081,0,2.7601,0.552,0.552,0.552,0,0.552,1.656,1.104,1.656,0.552,1.104,0.0001,0,0,0,0.0001,0.0002,0,0.0001,0,0.0001,0,0,0,0,0,0.0001,0.0001,0.0001,0,0.0001,0.2115,0.2365,0.2115,0.2365,
0.9686,0.9686,0.9686,0.9686,0.9686,0.4843,0,0.4843,0.4843,0.4843,1.4529,1.4529,1.9372,1.4529,0.9686,1.4529,0.9686,0.4843,0.4843,0.4843,0.0001,0.0001,0.0001,0.0001,0.0001,0,0,0,0,0,0.0001,0.0001,0.0001,0.0001,0.0001,0.0001,0.0001,0,0,0,0.2446,0.2712,0.2446,0.2712,
0,0.7059,0,0.7059,0.7059,1.4119,0,0.7059,0.7059,0.7059,0.7059,2.1178,1.4119,0.7059,0,0.7059,0,0.7059,0,0.7059,0,0.0001,0,0.0001,0.0001,0.0001,0,0.0001,0.0001,0.0001,0.0001,0.0002,0.0001,0.0001,0,0.0001,0,0.0001,0,0.0001,0.1335,0.1606,0.1335,0.1606,
1.0443,1.0443,1.0443,0.5222,1.0443,1.0443,0.5222,0,0.5222,0.5222,0,1.0443,1.0443,0,0.5222,0.5222,0,0.5222,1.0443,1.0443,0.0001,0.0001,0.0001,0,0.0001,0.0001,0,0,0,0,0,0.0001,0.0001,0,0,0,0,0,0.0001,0.0001,0.2589,0.2189,0.2589,0.2189,
0,1.4827,0,0.4942,0,0.4942,0.9885,0.9885,0.4942,0,0,0,0,0,1.4827,0.9885,0.4942,1.9769,0.9885,0,0,0.0001,0,0,0,0,0.0001,0.0001,0,0,0,0,0,0,0.0001,0.0001,0,0.0001,0.0001,0,0.2747,0.2311,0.2747,0.2311,
0.7279,0.7279,0.364,1.0919,1.4558,1.4558,1.8198,1.4558,1.0919,0.7279,0.7279,0.7279,0.364,0.7279,0.7279,0,0.7279,0.364,0,1.0919,0,0,0,0.0001,0.0001,0.0001,0.0001,0.0001,0.0001,0,0,0,0,0,0,0,0,0,0,0.0001,0.3509,0.2852,0.3509,0.2852,
0.9885,0,0,0,0.3295,1.6475,0.3295,0,1.6475,1.318,0.659,0.3295,0.3295,0.3295,3.954,0.3295,1.318,0.659,0,0.3295,0.0001,0,0,0,0,0.0001,0,0,0.0001,0.0001,0.0001,0,0,0,0.0004,0,0.0001,0.0001,0,0,0.3716,0.2989,0.3716,0.2989,
0.4652,0.4652,0.4652,1.3955,0,1.8606,0.4652,0.4652,0.9303,2.3258,0.9303,0.4652,0.4652,0.4652,0,0.4652,0.9303,0.4652,0.9303,0.4652,0,0,0,0.0001,0,0.0001,0,0,0.0001,0.0001,0.0001,0,0,0,0,0,0.0001,0,0.0001,0,0.2678,0.2671,0.2678,0.2671,
0.4573,0.4573,1.372,0.9147,0.9147,0,0,0.9147,0,0,0.4573,0,0.4573,1.8294,0.4573,0.4573,2.2867,0.9147,0.9147,1.8294,0,0,0.0001,0.0001,0.0001,0,0,0.0001,0,0,0,0,0,0.0001,0,0,0.0001,0.0001,0.0001,0.0001,0.2565,0.2862,0.2565,0.2862,
0,0.3147,0.6294,0.9441,0.9441,0.3147,0.6294,0.3147,0.6294,0.3147,0.6294,1.5736,1.2589,1.2589,1.2589,0.6294,1.2589,0.9441,0.9441,0.3147,0,0,0,0.0001,0.0001,0,0,0,0,0,0,0.0001,0.0001,0.0001,0.0001,0,0.0001,0.0001,0.0001,0,0.3342,0.3511,0.3342,0.3511,
1.1085,0.5542,0,0,1.1085,0.5542,0,0.5542,1.1085,1.6627,1.6627,1.1085,1.1085,1.6627,0.5542,0,0.5542,1.1085,1.6627,1.1085,0.0001,0,0,0,0.0001,0,0,0,0.0001,0.0001,0.0001,0.0001,0.0001,0.0001,0,0,0,0.0001,0.0001,0.0001,0.2649,0.1809,0.2649,0.1809,
1.1622,1.5495,0.7748,1.1622,1.5495,1.1622,0.7748,0.7748,1.1622,0.3874,0.3874,0.7748,0.7748,0.3874,0.3874,0.3874,0,0.3874,0.7748,0.7748,0.0001,0.0001,0,0.0001,0.0001,0.0001,0,0,0.0001,0,0,0,0,0,0,0,0,0,0,0,0.3107,0.3019,0.3107,0.3019,
0.8101,0.8101,0.4051,1.2152,2.8354,0.8101,0.8101,0.4051,0.4051,1.2152,0.4051,0.8101,0.8101,1.6202,0.8101,0.4051,1.6202,0,0,0.4051,0,0,0,0.0001,0.0002,0,0,0,0,0.0001,0,0,0,0.0001,0,0,0.0001,0,0,0,0.3013,0.2936,0.3013,0.2936,
0,0.4128,0.8256,0.8256,0,1.2384,0.8256,0.8256,0.8256,1.6511,1.2384,0.8256,0.4128,2.4767,1.6511,0.8256,0.4128,1.2384,0,1.6511,0,0,0,0,0,0.0001,0,0,0,0.0001,0.0001,0,0,0.0001,0.0001,0,0,0.0001,0,0.0001,0.2515,0.3358,0.2515,0.3358,
1.1893,0.3964,0,0.3964,1.9822,1.1893,0,2.3787,1.1893,4.7574,0.3964,0.3964,0.7929,0,0.7929,1.1893,0.3964,0.3964,0.7929,0.7929,0.0001,0,0,0,0.0001,0.0001,0,0.0001,0.0001,0.0002,0,0,0,0,0,0.0001,0,0,0,0,0.2975,0.306,0.2975,0.306,
0,1.4589,1.4589,0.7294,1.4589,0,0,0,0,0,0,0,1.4589,0,0.7294,0,0.7294,0.7294,0,0.7294,0,0.0001,0.0001,0.0001,0.0001,0,0,0,0,0,0,0,0.0001,0,0.0001,0,0.0001,0.0001,0,0.0001,0.1567,0.1138,0.1567,0.1138,
0,0,0,0.5638,0,1.1276,0.5638,0,0,1.6914,1.1276,0.5638,1.1276,1.1276,1.6914,1.1276,1.6914,1.1276,0,0,0,0,0,0.0001,0,0.0001,0.0001,0,0,0.0002,0.0001,0.0001,0.0001,0.0001,0.0002,0.0001,0.0002,0.0001,0,0,0.2495,0.1867,0.2495,0.1867,
0,0,0.6813,0.6813,0,2.7253,0,0,0,0.6813,0,0.6813,0.6813,1.3627,0,1.3627,2.7253,1.3627,0.6813,0,0,0,0.0001,0.0001,0,0.0003,0,0,0,0.0001,0,0.0001,0.0001,0.0001,0,0.0001,0.0003,0.0001,0.0001,0,0.1753,0.1434,0.1753,0.1434,
0,0,0.7423,0.7423,0.7423,0,0.7423,0,0,0.7423,0.7423,0,0,0,0,0.7423,2.227,0,0,0.7423,0,0,0.0001,0.0001,0.0001,0,0.0001,0,0,0.0001,0.0001,0,0,0,0,0.0001,0.0004,0,0,0.0001,0.1242,0.1335,0.1242,0.1335,
0.5214,0,0.5214,0,1.0429,4.1715,0,3.65,0,2.0857,0.5214,0,0.5214,0,0.5214,2.0857,2.6072,1.0429,0.5214,1.0429,0,0,0,0,0.0001,0.0002,0,0.0002,0,0.0001,0,0,0,0,0,0.0001,0.0001,0.0001,0,0.0001,0.2312,0.2474,0.2312,0.2474,
2.1028,0,0.5257,0.5257,0.5257,1.0514,0.5257,0.5257,0.5257,1.5771,0,0.5257,1.0514,0.5257,1.5771,1.5771,1.0514,0,0,0,0.0002,0,0,0,0,0.0001,0,0,0,0.0001,0,0,0.0001,0,0.0001,0.0001,0.0001,0,0,0,0.2357,0.2386,0.2357,0.2386,
0,1.3758,0.344,1.7198,0.344,0,0.6879,0.344,3.0957,0.6879,0.6879,1.0319,0,0.344,1.0319,1.3758,1.7198,1.3758,0,0.344,0,0.0001,0,0.0001,0,0,0,0,0.0002,0,0,0.0001,0,0,0.0001,0.0001,0.0001,0.0001,0,0,0.324,0.332,0.324,0.332,
1.7174,1.145,0.5725,0.5725,1.7174,2.2899,0,0,0.5725,0.5725,0,0.5725,0.5725,0,1.145,0,1.7174,0,0,0,0.0001,0.0001,0,0,0.0001,0.0001,0,0,0,0,0,0,0,0,0.0001,0,0.0001,0,0,0,0.2507,0.1768,0.2507,0.1768,
1.7548,0,0,0.5849,0,1.7548,0,1.1699,0.5849,5.2645,0.5849,1.1699,0.5849,0.5849,0.5849,0.5849,0.5849,3.5097,0,0,0.0001,0,0,0,0,0.0001,0,0.0001,0,0.0004,0,0.0001,0,0,0,0,0,0.0002,0,0,0.1976,0.2174,0.1976,0.2174,
1.5872,1.1904,1.1904,1.5872,0.3968,0.7936,0.7936,0.7936,1.1904,0.3968,0.7936,0.3968,0.3968,1.1904,0,0.7936,0.7936,1.5872,0.7936,1.984,0.0001,0.0001,0.0001,0.0001,0,0,0,0,0.0001,0,0,0,0,0.0001,0,0,0,0.0001,0,0.0001,0.3284,0.2748,0.3284,0.2748,
1.2287,0,0,1.2287,0.6144,1.2287,0,0,0.6144,0.6144,0,0,1.8431,0,1.2287,1.2287,0,0.6144,0,0,0.0001,0,0,0.0001,0.0001,0.0001,0,0,0.0001,0.0001,0,0,0.0002,0,0.0001,0.0001,0,0.0001,0,0,0.1481,0.2375,0.1481,0.2375,
1.8293,0,0.6098,0,0,1.8293,0.6098,0.6098,1.2196,1.8293,0,0,0,0.6098,0.6098,0.6098,1.2196,0.6098,0,0,0.0002,0,0.0001,0,0,0.0002,0.0001,0.0001,0.0001,0.0002,0,0,0,0.0001,0.0001,0.0001,0.0001,0.0001,0,0,0.2111,0.1791,0.2111,0.1791,
2.2317,0,0.8927,0.8927,0,0.4463,0,0.4463,0,1.339,0.8927,0.8927,2.2317,0.8927,1.7854,0,0.8927,0.4463,0,1.7854,0.0002,0,0.0001,0.0001,0,0,0,0,0,0.0001,0.0001,0.0001,0.0002,0.0001,0.0001,0,0.0001,0,0,0.0001,0.2907,0.263,0.2907,0.263,
0.6519,1.3037,0,1.3037,0,0.6519,1.3037,0,1.3037,0.6519,0,0,0.6519,0,0,0.6519,0.6519,1.9556,0.6519,1.3037,0,0.0001,0,0.0001,0,0,0.0001,0,0.0001,0,0,0,0,0,0,0,0,0.0001,0,0.0001,0.1527,0.1955,0.1527,0.1955,
0.386,0,0,0.386,0.772,1.1579,0.386,0.386,3.4738,0.772,1.1579,0.386,0.386,1.5439,3.0878,1.1579,1.1579,0,0,0.386,0,0,0,0,0.0001,0.0001,0,0,0.0003,0.0001,0.0001,0,0,0.0001,0.0003,0.0001,0.0001,0,0,0,0.2966,0.3174,0.2966,0.3174,
0.5478,0.5478,0.5478,0.5478,0.5478,0.5478,0,1.6435,0.5478,2.7392,0.5478,0,0,0,2.1914,1.0957,1.0957,0,0,0,0,0,0,0,0,0,0,0.0001,0,0.0002,0,0,0,0,0.0002,0.0001,0.0001,0,0,0,0.2235,0.2286,0.2235,0.2286,
2.3989,0,2.3989,0.9596,0.4798,2.3989,0.4798,0.9596,0.4798,4.318,0.9596,0,0.9596,0.4798,0,0.9596,0.9596,1.9191,0.4798,0.4798,0.0001,0,0.0001,0.0001,0,0.0001,0,0.0001,0,0.0002,0.0001,0,0.0001,0,0,0.0001,0.0001,0.0001,0,0,0.2662,0.2541,0.2662,0.2541,
0.7173,0.7173,0.7173,1.076,0,1.076,0.3587,1.4346,0.3587,0.7173,1.076,0.3587,1.076,0.7173,3.228,0,0.3587,0,0.3587,0.3587,0,0,0,0.0001,0,0.0001,0,0.0001,0,0,0.0001,0,0.0001,0,0.0002,0,0,0,0,0,0.3176,0.3238,0.3176,0.3238,
0.8322,1.2483,0,0.4161,0.8322,0.8322,1.2483,0.8322,1.2483,0.4161,0,0.8322,0.8322,1.2483,0.8322,1.2483,0.8322,2.0804,0.8322,0.4161,0,0.0001,0,0,0,0,0.0001,0,0.0001,0,0,0,0,0.0001,0,0.0001,0,0.0001,0,0,0.277,0.3069,0.277,0.3069,
0,1.9452,0.6484,0.6484,0,0.6484,0,0,1.2968,0,0.6484,1.2968,1.2968,0.6484,0.6484,0,0,1.2968,0,0,0,0.0001,0,0,0,0,0,0,0.0001,0,0,0.0001,0.0001,0,0,0,0,0.0001,0,0,0.233,0.1186,0.233,0.1186,
1.4274,0.7137,0.7137,0,1.4274,0,0.7137,0,0,2.1412,0,0.7137,0.7137,1.4274,0,0,0,0,0,0.7137,0.0001,0,0,0,0.0001,0,0,0,0,0.0001,0,0,0,0.0001,0,0,0,0,0,0,0.152,0.1343,0.152,0.1343,
1.7293,1.1529,0,0,0.5764,1.1529,0.5764,0,0.5764,2.3058,0,4.0351,1.1529,0.5764,0.5764,1.7293,2.8822,1.7293,0,0.5764,0.0001,0.0001,0,0,0,0.0001,0,0,0,0.0001,0,0.0002,0.0001,0,0,0.0001,0.0001,0.0001,0,0,0.2025,0.221,0.2025,0.221,
0.5276,0,0.5276,0,1.0553,4.2211,0,2.6382,0,2.1106,1.0553,0,1.0553,0,0.5276,2.6382,2.1106,1.0553,0.5276,1.0553,0,0,0,0,0.0001,0.0002,0,0.0001,0,0.0001,0.0001,0,0.0001,0,0,0.0001,0.0001,0.0001,0,0.0001,0.2256,0.2468,0.2256,0.2468,
0,0,0,0.6934,1.3868,0,0,0,0,0,0.6934,1.3868,1.3868,0,1.3868,0,1.3868,0.6934,0,0,0,0,0,0.0001,0.0002,0,0,0,0,0,0.0001,0.0002,0.0002,0,0.0002,0,0.0002,0.0001,0,0,0.1694,0.1372,0.1694,0.1372,
0,0.5328,1.0656,1.0656,0.5328,0.5328,0.5328,1.0656,0,0.5328,1.0656,1.0656,1.0656,0,0.5328,0.5328,1.5984,1.0656,0.5328,0.5328,0,0,0.0001,0.0001,0,0,0,0.0001,0,0,0.0001,0.0001,0.0001,0,0,0,0.0001,0.0001,0,0,0.2464,0.2208,0.2464,0.2208,
0,0.7585,0.7585,1.1378,0.7585,1.1378,0,1.8963,1.5171,0.7585,1.1378,1.1378,0.3793,0.3793,0.7585,1.5171,0.7585,0.3793,0.7585,0.3793,0,0,0,0.0001,0,0.0001,0,0.0001,0.0001,0,0.0001,0.0001,0,0,0,0.0001,0,0,0,0,0.3152,0.3055,0.3152,0.3055,
0.798,1.9951,0.399,0.399,1.9951,0.399,1.197,0.798,0,0.399,0.798,0.798,0.798,0.798,1.596,0,1.596,1.197,0.798,0.399,0,0.0001,0,0,0.0001,0,0.0001,0,0,0,0,0,0,0,0.0001,0,0.0001,0.0001,0,0,0.3017,0.2993,0.3017,0.2993,
1.4013,0,0,0,0.3503,1.7516,0.3503,0.3503,2.4522,1.4013,0.7006,1.0509,0,0,3.1528,0.7006,1.7516,0.7006,0,0,0.0001,0,0,0,0,0.0001,0,0,0.0002,0.0001,0.0001,0.0001,0,0,0.0002,0.0001,0.0001,0.0001,0,0,0.3441,0.3056,0.3441,0.3056,
2.921,0,0,0,0.5842,1.7526,0.5842,1.7526,1.1684,2.921,0.5842,0,0,0,1.1684,0.5842,0.5842,0,0,0,0.0003,0,0,0,0.0001,0.0002,0.0001,0.0002,0.0001,0.0003,0.0001,0,0,0,0.0001,0.0001,0.0001,0,0,0,0.2731,0.1427,0.2731,0.1427,
0.3789,0,0.7579,0.7579,1.5157,0,1.1368,1.1368,1.1368,0.3789,0.3789,0.7579,0.3789,1.1368,0.7579,0.7579,1.5157,0.7579,0.7579,1.1368,0,0,0.0001,0.0001,0.0001,0,0.0001,0.0001,0.0001,0,0,0.0001,0,0.0001,0.0001,0.0001,0.0001,0.0001,0.0001,0.0001,0.2988,0.3223,0.2988,0.3223,
0.9634,1.4451,0.4817,0,0.9634,0,0.9634,2.4084,0,1.9268,0,0.9634,0.4817,0,0.9634,0,1.4451,1.9268,1.9268,0.9634,0,0.0001,0,0,0,0,0,0.0001,0,0.0001,0,0,0,0,0,0,0.0001,0.0001,0.0001,0,0.2468,0.2715,0.2468,0.2715,
0,2.0066,0.5016,1.0033,0.5016,2.0066,0,1.5049,0.5016,1.0033,0.5016,1.5049,0.5016,1.0033,0.5016,2.0066,0.5016,0.5016,0.5016,0.5016,0,0.0001,0,0,0,0.0001,0,0.0001,0,0,0,0.0001,0,0,0,0.0001,0,0,0,0,0.2631,0.2353,0.2631,0.2353,
0.4334,1.3002,0.4334,0.8668,0.4334,0.4334,0.4334,0.8668,0.4334,0.8668,0.8668,1.3002,2.6005,0.8668,1.3002,0.4334,0.8668,0.4334,0.4334,0.8668,0,0.0001,0,0,0,0,0,0,0,0,0,0.0001,0.0001,0,0.0001,0,0,0,0,0,0.2712,0.2954,0.2712,0.2954,
0.7344,0.7344,0.3672,0.3672,1.1016,1.1016,0.7344,1.1016,1.4688,1.1016,0,1.1016,0.3672,1.1016,0.3672,1.1016,1.836,0.3672,1.836,1.1016,0,0,0,0,0.0001,0.0001,0,0.0001,0.0001,0.0001,0,0.0001,0,0.0001,0,0.0001,0.0001,0,0.0001,0.0001,0.3122,0.3206,0.3122,0.3206,
0.3419,1.0256,0.3419,1.7093,0,0.3419,0.3419,0.6837,2.0512,1.3675,0.3419,1.7093,0.6837,0,2.3931,0.6837,1.3675,0.6837,0,0.6837,0,0.0001,0,0.0001,0,0,0,0,0.0001,0.0001,0,0.0001,0,0,0.0001,0,0.0001,0,0,0,0.3146,0.3436,0.3146,0.3436,
0,0,0,0,0.7415,0.7415,0.7415,0,0,0,0,0.7415,0,1.483,0,0.7415,1.483,0,0.7415,0.7415,0,0,0,0,0.0001,0.0001,0.0001,0,0,0,0,0.0001,0,0.0002,0,0.0001,0.0002,0,0.0001,0.0001,0.1458,0.1127,0.1458,0.1127,
0.5362,0,1.0723,0.5362,0,0.5362,0,0.5362,0.5362,0.5362,1.0723,0.5362,0,1.0723,0.5362,0,1.0723,1.0723,1.0723,0.5362,0,0,0.0001,0,0,0,0,0,0,0,0.0001,0,0,0.0001,0,0,0.0001,0.0001,0.0001,0,0.2432,0.2206,0.2432,0.2206,
0.7765,1.9413,1.9413,1.1648,0.3883,1.553,0,1.1648,0.3883,0.3883,0,0.7765,0.3883,1.1648,0.7765,1.1648,1.553,1.553,0.3883,1.9413,0,0.0001,0.0001,0,0,0.0001,0,0,0,0,0,0,0,0,0,0,0.0001,0.0001,0,0.0001,0.3569,0.2548,0.3569,0.2548,
2.0289,1.2173,1.2173,0.4058,0.8115,1.2173,0.4058,0.8115,0.4058,0,0.4058,0.4058,1.2173,0.4058,0.8115,2.4346,0.8115,1.6231,0.4058,1.2173,0.0001,0.0001,0.0001,0,0,0.0001,0,0,0,0,0,0,0.0001,0,0,0.0001,0,0.0001,0,0.0001,0.3312,0.263,0.3312,0.263,
1.2882,1.2882,0.4294,0.8588,0.4294,0,1.2882,0.4294,0.8588,0,0.4294,1.7177,1.7177,0.4294,1.2882,0,0,0.8588,0,1.7177,0.0001,0.0001,0,0.0001,0,0,0.0001,0,0.0001,0,0,0.0001,0.0001,0,0.0001,0,0,0.0001,0,0.0001,0.3151,0.2555,0.3151,0.2555,
0,0.8426,0,0,0.8426,0,0,0.8426,0.8426,0.8426,0,0.8426,1.6852,0,0,0,0,0,0,1.6852,0,0.0001,0,0,0.0001,0,0,0.0001,0.0001,0.0001,0,0.0001,0.0002,0,0,0,0,0,0,0.0002,0.0796,0.0778,0.0796,0.0778,
0.3536,0.7073,1.0609,1.7682,1.0609,0.7073,1.0609,0,1.0609,1.0609,0.3536,0.7073,0.7073,0,1.0609,1.4145,0,0,0.3536,0.7073,0,0,0.0001,0.0001,0.0001,0,0.0001,0,0.0001,0.0001,0,0,0,0,0.0001,0.0001,0,0,0,0,0.3396,0.3068,0.3396,0.3068,
0,0,0,0.7339,2.2016,0.7339,0,0,0,0,0.7339,0.7339,0,0,0,0,0.7339,0.7339,0.7339,0.7339,0,0,0,0.0001,0.0002,0.0001,0,0,0,0,0.0001,0.0001,0,0,0,0,0.0001,0.0001,0.0001,0.0001,0.139,0.1271,0.139,0.1271,
1.6606,0,0.4152,1.6606,0,0.4152,0.4152,0,0.4152,1.6606,0,0.4152,1.6606,0.4152,1.6606,1.2455,0.4152,0.4152,0,2.0758,0.0001,0,0,0.0001,0,0,0,0,0,0.0001,0,0,0.0001,0,0.0001,0.0001,0,0,0,0.0002,0.2872,0.2976,0.2872,0.2976,
1.1733,0.3911,0.7822,0.7822,0,0.3911,1.1733,0.3911,0.7822,1.5644,0.7822,1.5644,0.3911,0.3911,1.1733,1.1733,1.1733,0.7822,0.7822,0.3911,0.0001,0,0,0,0,0,0.0001,0,0,0.0001,0,0.0001,0,0,0.0001,0.0001,0.0001,0,0,0,0.3159,0.293,0.3159,0.293,
3.1197,0.6239,0.6239,0,1.2479,1.2479,0,2.4958,0,3.1197,0.6239,0,0,1.2479,0.6239,0.6239,1.2479,1.2479,0,0.6239,0.0002,0,0,0,0.0001,0.0001,0,0.0002,0,0.0002,0,0,0,0.0001,0,0,0.0001,0.0001,0,0,0.2024,0.1737,0.2024,0.1737,
0,0,0,0.744,0,0,2.2319,0,0,0.744,0.744,0,0,0.744,0,1.4879,0.744,0,0,0.744,0,0,0,0.0001,0,0,0.0004,0,0,0.0001,0.0001,0,0,0.0001,0,0.0003,0.0001,0,0,0.0001,0.1373,0.1188,0.1373,0.1188,
0.7407,1.111,0,0.7407,0,0.7407,0.3703,1.4814,1.8517,0.3703,0.3703,0.3703,0.3703,0.7407,2.5924,0.7407,0,1.4814,0,0,0,0.0001,0,0,0,0,0,0.0001,0.0001,0,0,0,0,0,0.0002,0,0,0.0001,0,0,0.3265,0.3031,0.3265,0.3031,
0.7072,1.0607,1.7679,0.3536,1.0607,0.7072,0.3536,1.0607,0.7072,0.3536,1.4143,1.4143,0.7072,1.4143,0.7072,1.0607,0.7072,0.7072,1.0607,0,0,0,0.0001,0,0,0,0,0,0,0,0.0001,0.0001,0,0.0001,0,0,0,0,0,0,0.317,0.3294,0.317,0.3294,
0.6526,0.6526,0.3263,0.979,0.6526,0.6526,0.6526,0.3263,0.6526,0.6526,0.6526,0.3263,0,1.6316,1.9579,0.6526,0.6526,0.6526,1.3053,1.6316,0,0,0,0.0001,0,0,0,0,0,0,0,0,0,0.0001,0.0001,0,0,0,0.0001,0.0001,0.2984,0.3752,0.2984,0.3752,
2.2812,0,0.9125,0.9125,2.2812,0.4562,0,0.9125,0.4562,4.1061,0.9125,0,1.8249,0.4562,0.4562,0.9125,0,2.7374,0.4562,0.4562,0.0001,0,0,0,0.0001,0,0,0,0,0.0002,0,0,0.0001,0,0,0,0,0.0001,0,0,0.2914,0.2524,0.2914,0.2524,
0.3617,1.4469,0.7235,1.4469,0.7235,0.3617,0.7235,0.3617,1.0852,0.7235,0.7235,0.7235,0.7235,1.0852,0.7235,1.4469,1.0852,0,1.0852,1.4469,0,0.0001,0,0.0001,0,0,0,0,0.0001,0,0,0,0,0.0001,0,0.0001,0.0001,0,0.0001,0.0001,0.3403,0.298,0.3403,0.298,
0.7901,1.5802,0.395,0,0,0.395,0.395,1.5802,2.3703,0.395,0.395,0.395,0,0.7901,2.3703,1.1851,0,1.9752,0,0,0,0.0001,0,0,0,0,0,0.0001,0.0001,0,0,0,0,0,0.0001,0.0001,0,0.0001,0,0,0.316,0.289,0.316,0.289,
1.5283,1.5283,0,0,0.7641,0.7641,0,0,0,1.5283,0.7641,0,0,0.7641,0.7641,0.7641,0,1.5283,1.5283,0,0.0001,0.0001,0,0,0,0,0,0,0,0.0001,0,0,0,0,0,0,0,0.0001,0.0001,0,0.1242,0.1116,0.1242,0.1116,
0.8692,0.4346,1.7383,0.4346,0,0.4346,0.8692,0.8692,0.8692,1.7383,0.8692,1.3037,0,0.8692,1.3037,0.4346,0.4346,0.4346,0.4346,0.8692,0,0,0.0001,0,0,0,0,0,0,0.0001,0,0.0001,0,0,0.0001,0,0,0,0,0,0.2624,0.303,0.2624,0.303,
3.3645,0,0,0,1.1215,0.5607,0,1.1215,0.5607,2.243,0,1.1215,0.5607,1.1215,1.1215,1.1215,0,0.5607,0.5607,0,0.0002,0,0,0,0.0001,0,0,0.0001,0,0.0001,0,0.0001,0,0.0001,0.0001,0.0001,0,0,0,0,0.2242,0.215,0.2242,0.215,
1.0844,0.3615,1.8073,1.0844,0.3615,0.3615,0.7229,0.3615,0.3615,0.7229,0,0.7229,0.7229,0.7229,1.0844,0.7229,1.4459,0.7229,1.0844,0.3615,0.0001,0,0.0001,0.0001,0,0,0,0,0,0,0,0,0,0,0.0001,0,0.0001,0,0.0001,0,0.3699,0.2686,0.3699,0.2686,
0,0.8266,0.4133,0.4133,1.6533,1.24,0.8266,0,0.4133,0,1.6533,1.24,1.24,0.4133,1.24,0.8266,1.24,0.4133,0.8266,0.4133,0,0,0,0,0.0001,0.0001,0,0,0,0,0.0001,0.0001,0.0001,0,0.0001,0,0.0001,0,0,0,0.3378,0.2489,0.3378,0.2489,
0.4184,0,0.8369,0.8369,2.5106,2.5106,0,1.2553,1.2553,2.0922,0.4184,0.4184,0.8369,0.4184,0.8369,2.929,1.6737,1.2553,0,0.4184,0,0,0,0,0.0001,0.0001,0,0.0001,0.0001,0.0001,0,0,0,0,0,0.0002,0.0001,0.0001,0,0,0.2861,0.2955,0.2861,0.2955,
0.3538,0,0,0,0.3538,1.0615,1.0615,0,2.8306,1.0615,0.7077,0.3538,0.3538,0.7077,3.8921,0.7077,1.0615,0.7077,0,0.3538,0,0,0,0,0,0.0001,0.0001,0,0.0003,0.0001,0.0001,0,0,0.0001,0.0004,0.0001,0.0001,0.0001,0,0,0.3164,0.3298,0.3164,0.3298,
0,0.6125,0,1.8374,0.6125,0.6125,0.6125,1.8374,0,0.6125,0.6125,0.6125,0.6125,0.6125,0.6125,0,0,1.8374,0,0.6125,0,0,0,0.0001,0,0,0,0.0001,0,0,0,0,0,0,0,0,0,0.0001,0,0,0.2451,0.1425,0.2451,0.1425,
0,1.4897,0,0.7448,0.7448,0.7448,0,0.7448,0.7448,0,0.7448,0.7448,0,0,0.7448,0.7448,0,0,0,0.7448,0,0.0001,0,0.0001,0.0001,0.0001,0,0.0001,0.0001,0,0.0001,0.0001,0,0,0.0001,0.0001,0,0,0,0.0001,0.1727,0.0825,0.1727,0.0825,
3.3483,0,1.3393,0,0,0.6697,0,1.3393,2.009,0,0,0,0.6697,0.6697,0.6697,0.6697,1.3393,0,0,0,0.0004,0,0.0002,0,0,0.0001,0,0.0002,0.0002,0,0,0,0.0001,0.0001,0.0001,0.0001,0.0002,0,0,0,0.1925,0.1378,0.1925,0.1378,
2.0591,1.2354,0.8236,1.2354,0.8236,0.4118,1.2354,0.8236,0.8236,0.8236,0.4118,0.4118,2.0591,0,0,0,1.6472,1.2354,0.4118,1.6472,0.0001,0.0001,0,0.0001,0,0,0.0001,0,0,0,0,0,0.0001,0,0,0,0.0001,0.0001,0,0.0001,0.3129,0.2753,0.3129,0.2753,
0.3463,1.3852,1.0389,1.3852,0.6926,0.3463,0.6926,0.3463,0.6926,0.3463,0.6926,1.3852,0.3463,1.0389,2.0778,0.6926,0.6926,0.6926,1.0389,0,0,0.0001,0.0001,0.0001,0,0,0,0,0,0,0,0.0001,0,0.0001,0.0001,0,0,0,0.0001,0,0.321,0.3327,0.321,0.3327,
0,1.0713,0.5357,0,0.5357,2.6783,0,0.5357,1.607,1.0713,0,0.5357,0.5357,0,1.0713,3.7496,0,0,0,0.5357,0,0.0001,0,0,0,0.0001,0,0,0.0001,0.0001,0,0,0,0,0.0001,0.0002,0,0,0,0,0.2307,0.2336,0.2307,0.2336,
0.5008,0.5008,0.5008,2.0033,0.5008,1.0017,0,1.0017,0.5008,0.5008,0.5008,0.5008,0.5008,1.0017,1.5025,2.5042,1.5025,0.5008,0,0,0,0,0,0.0001,0,0.0001,0,0.0001,0,0,0,0,0,0.0001,0.0001,0.0002,0.0001,0,0,0,0.2419,0.2573,0.2419,0.2573,
0.4906,0.4906,0.9812,0.4906,0.4906,2.4529,0,1.4718,0,4.4153,0.9812,0.4906,0.9812,0.4906,0.9812,0.9812,0.4906,1.4718,0.4906,0.4906,0,0,0,0,0,0.0001,0,0.0001,0,0.0002,0,0,0,0,0,0,0,0.0001,0,0,0.2498,0.2597,0.2498,0.2597,
0,0,0,0.6573,0,0.6573,0,0,0,0,0,1.3147,1.3147,0.6573,1.3147,1.3147,1.972,0,0,0.6573,0,0,0,0.0001,0,0.0001,0,0,0,0,0,0.0002,0.0002,0.0001,0.0002,0.0002,0.0004,0,0,0.0001,0.1752,0.1675,0.1752,0.1675,
0.58,2.32,0.58,0,1.74,0,0.58,1.16,1.16,1.16,0.58,0,0.58,1.74,0,0,0.58,1.16,0.58,1.74,0,0.0001,0,0,0.0001,0,0,0.0001,0.0001,0.0001,0,0,0,0.0001,0,0,0,0.0001,0,0.0001,0.2083,0.2117,0.2083,0.2117,
1.0806,0.7204,1.4408,1.0806,0.3602,2.1612,0.7204,1.801,0.7204,1.0806,0,0.3602,1.4408,0,0.7204,0.3602,0.7204,1.801,1.0806,0.3602,0.0001,0,0.0001,0.0001,0,0.0001,0,0.0001,0,0.0001,0,0,0.0001,0,0,0,0,0.0001,0.0001,0,0.3552,0.2846,0.3552,0.2846,
0.5345,0.5345,0,0,0,1.6035,0,1.069,2.138,0.5345,0.5345,0,1.069,1.6035,0.5345,0,0,0.5345,1.069,1.6035,0,0,0,0,0,0.0001,0,0.0001,0.0001,0,0,0,0.0001,0.0001,0,0,0,0,0.0001,0.0001,0.2416,0.2239,0.2416,0.2239,
0.374,2.6178,1.1219,0.374,1.4959,0,0.374,1.4959,0.748,0.748,0.374,0,0,1.1219,1.1219,0.748,0.374,0.374,1.4959,0.374,0,0.0001,0,0,0.0001,0,0,0.0001,0,0,0,0,0,0,0,0,0,0,0.0001,0,0.3118,0.3142,0.3118,0.3142,
0,1.0523,1.0523,0,0,0.5262,1.5785,0,0.5262,1.5785,0.5262,0.5262,0.5262,1.5785,1.5785,0,2.1046,0.5262,0.5262,1.0523,0,0.0001,0.0001,0,0,0,0.0001,0,0,0.0001,0,0,0,0.0001,0.0001,0,0.0001,0,0,0.0001,0.253,0.2209,0.253,0.2209,
0,2.6825,0.3832,0.7664,1.9161,0.3832,1.1497,0.7664,0.7664,0.3832,0.3832,1.5329,0.7664,0.3832,0.7664,1.5329,1.1497,0.3832,0.3832,0.3832,0,0.0001,0,0,0.0001,0,0,0,0,0,0,0.0001,0,0,0,0.0001,0,0,0,0,0.3358,0.281,0.3358,0.281,
0.6416,0,0,0,1.9247,1.2831,0,5.7741,0.6416,3.2078,0.6416,0.6416,0,0.6416,0,0.6416,1.9247,1.2831,0,0.6416,0,0,0,0,0.0001,0.0001,0,0.0004,0,0.0002,0,0,0,0,0,0,0.0001,0.0001,0,0,0.1856,0.1728,0.1856,0.1728,
0.8046,0.4023,0.8046,1.2069,0.8046,1.2069,2.0115,0.8046,0.4023,0.4023,1.2069,0.4023,0.8046,1.2069,0.8046,1.2069,0.4023,1.6092,0.4023,0.4023,0.0001,0,0.0001,0.0001,0.0001,0.0001,0.0001,0.0001,0,0,0.0001,0,0.0001,0.0001,0.0001,0.0001,0,0.0001,0,0,0.3182,0.2795,0.3182,0.2795,
0,1.3558,0,0,0.6779,0,0.6779,2.0337,0.6779,1.3558,0,0.6779,0,0,0.6779,0,0,0,0,0.6779,0,0.0001,0,0,0.0001,0,0.0001,0.0002,0.0001,0.0001,0,0.0001,0,0,0.0001,0,0,0,0,0.0001,0.1677,0.1544,0.1677,0.1544,
2.0608,0.8243,1.2365,0.4122,0,0.8243,0.8243,0.8243,0.8243,1.6486,1.2365,0.4122,0,1.2365,0.4122,2.0608,2.0608,0.8243,0,0.4122,0.0001,0,0.0001,0,0,0,0,0,0,0.0001,0.0001,0,0,0.0001,0,0.0001,0.0001,0,0,0,0.3345,0.2533,0.3345,0.2533,
0.4629,1.8516,0.4629,0.9258,0.9258,0.9258,0.9258,0,0.9258,2.3145,1.3887,1.8516,1.3887,0,0.9258,0,0.9258,0.4629,0,0,0,0.0001,0,0,0,0,0,0,0,0.0001,0.0001,0.0001,0.0001,0,0,0,0,0,0,0,0.2903,0.2467,0.2903,0.2467,
1.0987,1.8311,0,0.3662,1.0987,0.7324,1.0987,1.0987,1.0987,1.0987,0,0.3662,1.4649,0.3662,1.4649,0.7324,2.1973,0,0.3662,0.3662,0.0001,0.0001,0,0,0.0001,0,0.0001,0.0001,0.0001,0.0001,0,0,0.0001,0,0.0001,0,0.0001,0,0,0,0.3543,0.2794,0.3543,0.2794,
3.2284,0.4612,0,0.4612,0.9224,1.3836,1.8448,0,1.3836,1.8448,0,0.9224,0.4612,1.3836,0,0,0.4612,3.2284,0,0.9224,0.0002,0,0,0,0.0001,0.0001,0.0001,0,0.0001,0.0001,0,0.0001,0,0.0001,0,0,0,0.0002,0,0.0001,0.2475,0.2913,0.2475,0.2913,
0,0.4698,1.4094,0,0.9396,0.4698,1.4094,1.8792,0.4698,1.8792,0.4698,0.9396,0.4698,0.9396,0.9396,0,0.4698,0.4698,0,0.4698,0,0,0.0001,0,0.0001,0,0.0001,0.0001,0,0.0001,0,0.0001,0,0.0001,0.0001,0,0,0,0,0,0.2787,0.2515,0.2787,0.2515,
0.7688,0.3844,1.5376,1.9221,0.3844,0.3844,0.3844,1.5376,0,0.3844,1.5376,1.9221,0.7688,0.7688,0,1.5376,0.7688,1.5376,1.5376,0.7688,0,0,0.0001,0.0001,0,0,0,0.0001,0,0,0.0001,0.0001,0,0,0,0.0001,0,0.0001,0.0001,0,0.3139,0.3017,0.3139,0.3017,
4.39,0,0.439,0.439,0.878,1.756,0,1.317,1.317,1.756,0.439,0.878,0.439,0.878,0.439,1.317,0.439,1.756,0.439,0.878,0.0002,0,0,0,0,0.0001,0,0.0001,0.0001,0.0001,0,0,0,0,0,0.0001,0,0.0001,0,0,0.2984,0.2626,0.2984,0.2626,
0.9767,1.4651,0.4884,0,0,0.9767,0.4884,0.9767,1.4651,2.4418,0.9767,0.9767,1.9535,0.9767,0,0.9767,1.4651,0.9767,0.4884,0,0.0001,0.0001,0,0,0,0.0001,0,0.0001,0.0001,0.0001,0.0001,0.0001,0.0001,0.0001,0,0.0001,0.0001,0.0001,0,0,0.2546,0.257,0.2546,0.257,
1.2588,0.8392,0,0.8392,1.6784,1.2588,0.4196,0.8392,0.8392,0.8392,0.8392,0.8392,1.2588,0.4196,0.8392,1.6784,1.6784,0.8392,0.4196,1.6784,0.0001,0,0,0,0.0001,0.0001,0,0,0,0,0,0,0.0001,0,0,0.0001,0.0001,0,0,0.0001,0.2947,0.2857,0.2947,0.2857,
0.3445,0.6891,1.0336,1.3781,0.6891,1.3781,1.0336,0.6891,0,0.6891,1.0336,0,1.3781,0.6891,1.0336,0.3445,2.4118,0.3445,0.3445,1.3781,0,0,0.0001,0.0001,0,0.0001,0.0001,0,0,0,0.0001,0,0.0001,0,0.0001,0,0.0001,0,0,0.0001,0.3283,0.3272,0.3283,0.3272,
1.9853,0,1.9853,1.5882,0.7941,1.1912,0.3971,0,1.1912,0.3971,1.1912,0.3971,0.7941,0.7941,1.9853,1.5882,0.7941,1.5882,0,0,0.0001,0,0.0001,0.0001,0.0001,0.0001,0,0,0.0001,0,0.0001,0,0.0001,0.0001,0.0001,0.0001,0.0001,0.0001,0,0,0.2917,0.3113,0.2917,0.3113,
0,1.6401,0.82,0.41,0.82,0.41,0.82,1.2301,0.82,0.41,1.2301,0.82,0.41,1.2301,0.82,0.41,0,0.82,0.41,1.6401,0,0.0001,0,0,0,0,0,0.0001,0,0,0.0001,0,0,0.0001,0,0,0,0,0,0.0001,0.2933,0.2967,0.2933,0.2967,
0,0.7019,0,0,0,0.7019,0.7019,0.7019,0,0.7019,0.7019,0,0.7019,0,0.7019,0.7019,0,0.7019,1.4039,0.7019,0,0.0001,0,0,0,0.0001,0.0001,0.0001,0,0.0001,0.0001,0,0.0001,0,0.0001,0.0001,0,0.0001,0.0001,0.0001,0.1392,0.1589,0.1392,0.1589,
0.4836,0.9672,0,0.9672,1.9345,0.4836,0,0.9672,0.4836,1.9345,1.4509,0,0,0.4836,0.9672,2.9017,0,1.9345,0.4836,0.4836,0,0,0,0,0.0001,0,0,0,0,0.0001,0.0001,0,0,0,0,0.0001,0,0.0001,0,0,0.253,0.2633,0.253,0.2633,
2.0426,0.6809,0.6809,0,0,0.6809,0,1.3618,0,0,1.3618,2.7235,0.6809,1.3618,0.6809,1.3618,0.6809,1.3618,0.6809,0,0.0002,0.0001,0.0001,0,0,0.0001,0,0.0001,0,0,0.0001,0.0002,0.0001,0.0001,0.0001,0.0001,0.0001,0.0001,0.0001,0,0.158,0.1611,0.158,0.1611,
0,1.1357,0,0.3786,0.3786,0.7571,0.7571,1.5142,3.0285,0,0.3786,0.3786,0.3786,0.7571,1.8928,1.1357,0,1.1357,0,0.3786,0,0.0001,0,0,0,0,0,0.0001,0.0002,0,0,0,0,0,0.0001,0.0001,0,0.0001,0,0,0.306,0.3154,0.306,0.3154,
1.8071,0,0.6024,0,1.2048,1.2048,0,0.6024,0,3.0119,1.2048,0,0,0,0.6024,2.4095,0.6024,3.0119,1.2048,0,0.0001,0,0,0,0.0001,0.0001,0,0,0,0.0002,0.0001,0,0,0,0,0.0001,0,0.0002,0.0001,0,0.2465,0.1512,0.2465,0.1512,
0,0.9781,0.4891,0.4891,0.9781,0.4891,0.4891,0.4891,0.4891,1.9562,0,0,0.4891,0.4891,1.4672,1.4672,0.9781,0.4891,0,1.9562,0,0.0001,0,0,0.0001,0,0,0,0,0.0001,0,0,0,0,0.0001,0.0001,0.0001,0,0,0.0001,0.2421,0.2689,0.2421,0.2689,
1.0126,0,0.5063,0,0,0.5063,0.5063,0,2.5315,2.0252,1.5189,0,0,0.5063,0.5063,1.0126,0.5063,2.5315,0,0,0.0001,0,0,0,0,0,0,0,0.0002,0.0002,0.0001,0,0,0,0,0.0001,0,0.0002,0,0,0.2083,0.2854,0.2083,0.2854,
0.7951,0,0.7951,0,0,0,0,0.7951,0,0,0,0,3.1802,0.7951,0,0.7951,0.7951,0,0.7951,0,0.0001,0,0.0001,0,0,0,0,0.0001,0,0,0,0,0.0004,0.0001,0,0.0001,0.0001,0,0.0001,0,0.1017,0.1033,0.1017,0.1033,
1.326,0,0.442,1.326,0.442,2.21,0,0.884,1.326,0.442,0.442,0,0.442,0.884,0.884,0,0.442,2.21,0,0,0.0001,0,0,0.0001,0,0.0002,0,0.0001,0.0001,0,0,0,0,0.0001,0.0001,0,0,0.0002,0,0,0.2569,0.3011,0.2569,0.3011,
1.1962,0,0,0.5981,1.1962,1.1962,0,3.5885,0,4.1866,1.1962,0,0.5981,0.5981,0.5981,0.5981,2.9904,2.9904,0,0.5981,0.0001,0,0,0,0.0001,0.0001,0,0.0003,0,0.0003,0.0001,0,0,0,0,0,0.0002,0.0002,0,0,0.2108,0.1912,0.2108,0.1912,
0.6633,0.995,1.3267,0.6633,0.6633,0.6633,0.3317,0,0.995,1.6584,0.6633,0.6633,0.3317,0.6633,0.6633,0.6633,0.6633,0.3317,1.6584,1.6584,0,0,0.0001,0,0,0,0,0,0,0.0001,0,0,0,0,0,0,0,0,0.0001,0.0001,0.3849,0.2834,0.3849,0.2834,
1.3357,0,0,0,0.6679,2.0036,0,4.0072,0.6679,5.3429,0.6679,1.3357,0.6679,1.3357,0,0.6679,0.6679,2.0036,0,0,0.0001,0,0,0,0,0.0001,0,0.0003,0,0.0004,0,0.0001,0,0.0001,0,0,0,0.0001,0,0,0.1672,0.1649,0.1672,0.1649,
2.5449,0,1.018,0,2.5449,1.018,0,1.5269,1.018,3.0539,1.018,1.018,0.509,1.5269,0.509,0,0,2.0359,0.509,0,0.0002,0,0.0001,0,0.0002,0.0001,0,0.0001,0.0001,0.0002,0.0001,0.0001,0,0.0001,0,0,0,0.0001,0,0,0.2999,0.1911,0.2999,0.1911,
1.6107,0.5369,0,1.6107,0.5369,1.0738,0,2.6845,0.5369,0,0.5369,0.5369,0.5369,1.6107,0,0,1.6107,1.6107,0,0.5369,0.0001,0,0,0.0001,0,0.0001,0,0.0002,0,0,0,0,0,0.0001,0,0,0.0001,0.0001,0,0,0.235,0.2281,0.235,0.2281,
2.1364,0,0.5341,0.5341,1.0682,1.0682,0,2.1364,0.5341,3.2046,1.0682,0,0,0.5341,0.5341,0.5341,1.0682,0.5341,0,0.5341,0.0001,0,0,0,0.0001,0.0001,0,0.0001,0,0.0002,0.0001,0,0,0,0,0,0.0001,0,0,0,0.2184,0.2475,0.2184,0.2475,
0,1.3869,1.8492,1.8492,0.4623,0,1.3869,1.3869,0.9246,1.8492,0.4623,0.9246,1.3869,0.9246,0,1.8492,0,1.3869,0,0,0,0.0001,0.0001,0.0001,0,0,0.0001,0.0001,0,0.0001,0,0,0.0001,0,0,0.0001,0,0.0001,0,0,0.2598,0.2779,0.2598,0.2779,
1.481,1.481,0,0,1.481,0,1.481,0,0.7405,0,0,0,0,2.2215,0,0,1.481,0,0,0,0.0001,0.0001,0,0,0.0001,0,0.0001,0,0.0001,0,0,0,0,0.0002,0,0,0.0001,0,0,0,0.1439,0.1157,0.1439,0.1157,
0,0,0.7701,0.385,1.5402,1.1551,1.1551,0,1.9252,1.9252,0,0.385,0.385,0.385,0.385,0.7701,0.7701,0.7701,1.1551,0.385,0,0,0.0001,0,0.0001,0.0001,0.0001,0,0.0001,0.0001,0,0,0,0,0,0.0001,0.0001,0.0001,0.0001,0,0.3024,0.3125,0.3024,0.3125,
0.3706,0.3706,0.3706,0.7411,0.3706,1.1117,1.1117,0.7411,0.7411,0.7411,0.7411,0,0.7411,1.1117,1.1117,1.1117,0.7411,0.3706,0.3706,2.2234,0,0,0,0,0,0.0001,0.0001,0,0,0,0,0,0,0.0001,0.0001,0.0001,0,0,0,0.0001,0.3013,0.3281,0.3013,0.3281,
1.6775,0,0.671,0,0.3355,1.0065,0.671,0.3355,2.684,1.0065,0.671,0.3355,0.3355,0.3355,3.0195,0.671,1.342,0.3355,0,0.3355,0.0001,0,0.0001,0,0,0.0001,0.0001,0,0.0002,0.0001,0.0001,0,0,0,0.0003,0.0001,0.0001,0,0,0,0.3415,0.323,0.3415,0.323,
0,0,0,1.3375,0,1.3375,1.3375,0.6688,0,0,2.0063,0,0,0,0.6688,0,0.6688,1.3375,0.6688,0,0,0,0,0.0002,0,0.0002,0.0002,0.0001,0,0,0.0003,0,0,0,0.0001,0,0.0001,0.0002,0.0001,0,0.1846,0.1466,0.1846,0.1466,
0.7343,1.4686,0.7343,0.3672,1.4686,0.3672,1.1015,0.7343,0,0.7343,0.7343,1.4686,0.3672,1.1015,1.1015,0,0,0.7343,2.5701,1.1015,0,0.0001,0,0,0.0001,0,0,0,0,0,0,0.0001,0,0,0,0,0,0,0.0001,0,0.2865,0.3464,0.2865,0.3464,
0.7143,0,1.0714,1.4286,1.4286,1.0714,1.0714,1.0714,0,0,1.0714,0.7143,1.7857,0,1.0714,0,0.7143,0.7143,1.0714,0.3571,0,0,0.0001,0.0001,0.0001,0.0001,0.0001,0.0001,0,0,0.0001,0,0.0001,0,0.0001,0,0,0,0.0001,0,0.3731,0.2697,0.3731,0.2697,
1.0321,0,0.516,2.0642,0,0.516,0,0,0,2.0642,1.5481,0,1.5481,0.516,1.5481,0.516,2.0642,1.5481,0,0,0.0001,0,0,0.0002,0,0,0,0,0,0.0002,0.0001,0,0.0001,0,0.0001,0,0.0002,0.0001,0,0,0.2375,0.2465,0.2375,0.2465,
0,0,0,0.7941,0.7941,0.7941,0,0,0.7941,1.5881,2.3822,0,0,0,0,0.7941,0.7941,0,0,0,0,0,0,0.0001,0.0001,0.0001,0,0,0.0001,0.0003,0.0004,0,0,0,0,0.0001,0.0001,0,0,0,0.1377,0.0682,0.1377,0.0682,
0.4911,0,0,0.9822,1.4732,0.4911,0,1.4732,1.9643,0,0,0.9822,0.4911,0.9822,0,0.4911,1.4732,0.9822,0,0,0,0,0,0.0001,0.0001,0,0,0.0001,0.0002,0,0,0.0001,0,0.0001,0,0,0.0001,0.0001,0,0,0.2562,0.2527,0.2562,0.2527,
0.7334,0.3667,1.1001,1.1001,0.7334,1.1001,0.7334,0.7334,0.7334,1.8336,0.3667,0.3667,1.1001,0.3667,0.7334,1.1001,1.1001,0.3667,1.4668,0.7334,0,0,0.0001,0.0001,0,0.0001,0,0,0,0.0001,0,0,0.0001,0,0,0.0001,0.0001,0,0.0001,0,0.3405,0.2928,0.3405,0.2928,
3.1168,0.4453,0.8905,0.4453,0.4453,2.2263,0,1.7811,1.3358,1.3358,0.4453,0.8905,0,0.8905,0.4453,1.7811,2.6716,2.2263,0,0,0.0002,0,0,0,0,0.0001,0,0.0001,0.0001,0.0001,0,0,0,0,0,0.0001,0.0001,0.0001,0,0,0.2426,0.3122,0.2426,0.3122,
0.5339,1.6016,1.0677,0.5339,0.5339,0,0.5339,3.2032,0,0.5339,0,0,0,0,1.0677,1.6016,1.0677,2.6694,0.5339,1.0677,0,0.0001,0.0001,0,0,0,0,0.0002,0,0,0,0,0,0,0.0001,0.0001,0.0001,0.0001,0,0.0001,0.2429,0.2232,0.2429,0.2232,
0.3293,0.6586,1.6465,0.3293,0.9879,0.6586,0.6586,0,0.9879,0.9879,0.3293,1.6465,0.3293,0.6586,1.6465,1.3172,0.6586,0.3293,0.3293,0.9879,0,0,0.0001,0,0.0001,0,0,0,0.0001,0.0001,0,0.0001,0,0,0.0001,0.0001,0,0,0,0.0001,0.3131,0.3576,0.3131,0.3576,
0.5097,0,0.5097,0,0.5097,0.5097,0.5097,1.529,1.529,1.0193,0.5097,2.5484,1.0193,1.0193,0,0.5097,0.5097,2.0387,0.5097,0.5097,0,0,0,0,0,0,0,0.0001,0.0001,0.0001,0,0.0002,0.0001,0.0001,0,0,0,0.0001,0,0,0.2501,0.2402,0.2501,0.2402,
1.2118,0.8079,1.6158,0,0.4039,0.8079,0.8079,1.2118,0.4039,0.4039,0.4039,0.4039,0.8079,0.8079,0.8079,1.2118,0.8079,0.8079,1.2118,0.4039,0.0001,0,0.0001,0,0,0,0,0.0001,0,0,0,0,0,0,0,0.0001,0,0,0.0001,0,0.2723,0.3237,0.2723,0.3237,
1.2517,0,0.6259,0.6259,0.6259,2.5035,0,0,0.6259,0.6259,0.6259,0,0.6259,0,0.6259,0.6259,0.6259,0,0.6259,0,0.0001,0,0.0001,0.0001,0.0001,0.0003,0,0,0.0001,0.0001,0.0001,0,0.0001,0,0.0001,0.0001,0.0001,0,0.0001,0,0.2091,0.1651,0.2091,0.1651,
0.7974,1.5948,0,1.1961,0.7974,0.7974,0.3987,0.7974,1.1961,0,1.1961,0.3987,1.1961,0,1.1961,1.9935,0.3987,0,0.7974,0,0,0.0001,0,0.0001,0,0,0,0,0.0001,0,0.0001,0,0.0001,0,0.0001,0.0001,0,0,0,0,0.3188,0.2825,0.3188,0.2825,
0.447,0.447,0.894,1.3409,0.447,0.447,2.2349,0.447,0.447,0,0,1.3409,2.2349,0.447,0.447,0.894,1.7879,0.894,0.447,0.894,0,0,0.0001,0.0001,0,0,0.0002,0,0,0,0,0.0001,0.0002,0,0,0.0001,0.0001,0.0001,0,0.0001,0.3012,0.2518,0.3012,0.2518,
0,0,1.2304,0,0.6152,0.6152,1.2304,0,1.2304,0,1.2304,0.6152,0,0,0,0,1.2304,0.6152,0.6152,0,0,0,0.0001,0,0.0001,0.0001,0.0001,0,0.0001,0,0.0001,0.0001,0,0,0,0,0.0001,0.0001,0.0001,0,0.2891,0.0957,0.2891,0.0957,
1.4615,0.9743,0.9743,0.9743,0.4872,0.4872,0.4872,0.4872,0.4872,0.9743,2.4358,0,0.9743,1.9487,0.9743,0.4872,1.4615,1.4615,0.4872,0.4872,0.0001,0.0001,0.0001,0.0001,0,0,0,0,0,0.0001,0.0001,0,0.0001,0.0001,0.0001,0,0.0001,0.0001,0,0,0.2451,0.2677,0.2451,0.2677,
0.7383,0.7383,0.3691,0.3691,0.3691,0.7383,0.3691,0.7383,3.3223,1.1074,0.3691,0.7383,0.7383,0.7383,2.584,0.7383,0.3691,1.4766,0,0.3691,0,0,0,0,0,0,0,0,0.0002,0.0001,0,0,0,0,0.0002,0,0,0.0001,0,0,0.3263,0.3045,0.3263,0.3045,
0,3.7548,0.6258,0.6258,0,2.5032,0,1.8774,0.6258,0.6258,0,0.6258,1.2516,0,0,1.8774,1.2516,1.8774,0,1.2516,0,0.0001,0,0,0,0.0001,0,0.0001,0,0,0,0,0,0,0,0.0001,0,0.0001,0,0,0.1564,0.2178,0.1564,0.2178,
0.5914,0.5914,0,0,1.1829,1.1829,0.5914,0.5914,0,0.5914,1.7743,0,0.5914,1.1829,0.5914,0,0.5914,1.1829,1.7743,2.3658,0,0,0,0,0.0001,0.0001,0,0,0,0,0.0001,0,0,0.0001,0,0,0,0.0001,0.0001,0.0001,0.2207,0.1879,0.2207,0.1879,
1.3436,0,0.6718,1.3436,0,1.3436,0,0,0.6718,0,0,0,1.3436,0,0,0.6718,1.3436,0.6718,0,0.6718,0.0002,0,0.0001,0.0002,0,0.0002,0,0,0.0001,0,0,0,0.0002,0,0,0.0001,0.0002,0.0001,0,0.0001,0.1411,0.1871,0.1411,0.1871,
0.4987,1.9948,0.4987,1.9948,1.4961,0.4987,0.4987,0,0.9974,0.9974,0.4987,0,0.9974,0.4987,0,0,0,0.4987,0.4987,0,0,0.0001,0,0.0001,0.0001,0,0,0,0,0,0,0,0,0,0,0,0,0,0,0,0.2495,0.2518,0.2495,0.2518,
2.1285,0.7095,0.7095,0,0,0,0.7095,0,0.7095,0,0.7095,0,0,0.7095,0.7095,0,0.7095,0,0,0.7095,0.0003,0.0001,0.0001,0,0,0,0.0001,0,0.0001,0,0.0001,0,0,0.0001,0.0001,0,0.0001,0,0,0.0001,0.1609,0.1296,0.1609,0.1296,
0.7271,0,0.7271,0.7271,0.7271,1.4542,0,0,0,0,0,0.7271,0,0.7271,0.7271,0,1.4542,0,0,0,0.0001,0,0.0001,0.0001,0.0001,0.0003,0,0,0,0,0,0.0001,0,0.0001,0.0001,0,0.0003,0,0,0,0.1301,0.1428,0.1301,0.1428,
0.7489,0,0.7489,0.7489,0,1.4979,0,0,0.7489,0.7489,0,0,0.7489,0,0,0,0,0.7489,0,0.7489,0.0001,0,0.0001,0.0001,0,0.0002,0,0,0.0001,0.0001,0,0,0.0001,0,0,0,0,0.0001,0,0.0001,0.1813,0.0698,0.1813,0.0698,
0.4175,1.6698,0.4175,0.8349,0.4175,0,0,1.2524,1.2524,1.6698,1.6698,0.8349,0.8349,0.4175,1.2524,0.8349,0.8349,0.8349,0.8349,2.0873,0,0.0001,0,0,0,0,0,0.0001,0.0001,0.0001,0.0001,0,0,0,0.0001,0,0,0,0,0.0001,0.2521,0.3305,0.2521,0.3305,
0.6191,1.2381,0.6191,0.6191,0,0.6191,0.6191,0.6191,0.6191,0,1.2381,0.6191,0.6191,0,0,0,2.4762,0.6191,1.2381,0.6191,0,0.0001,0,0,0,0,0,0,0,0,0.0001,0,0,0,0,0,0.0002,0,0.0001,0,0.1796,0.2013,0.1796,0.2013,
0.7518,0.7518,0.3759,0,0.3759,0.3759,0.3759,0.7518,2.2554,1.1277,0.3759,0.7518,0.7518,0.7518,2.2554,1.5036,0,1.5036,0,0.3759,0,0,0,0,0,0,0,0,0.0001,0.0001,0,0,0,0,0.0001,0.0001,0,0.0001,0,0,0.3354,0.2887,0.3354,0.2887,
0,0.8399,0.8399,0.8399,0,0,0,0.8399,0,0,1.6798,0.8399,1.6798,0.8399,0,0,0.8399,0,0,0,0,0.0001,0.0001,0.0001,0,0,0,0.0001,0,0,0.0002,0.0001,0.0002,0.0001,0,0,0.0001,0,0,0,0.0622,0.0979,0.0622,0.0979,
1.2857,0,0.6428,1.2857,1.2857,0.6428,0,0.6428,1.2857,0.6428,0,0,0.6428,0,0,1.2857,1.9285,0.6428,0,0.6428,0.0002,0,0.0001,0.0002,0.0002,0.0001,0,0.0001,0.0002,0.0001,0,0,0.0001,0,0,0.0002,0.0002,0.0001,0,0.0001,0.1687,0.1885,0.1687,0.1885,
1.1391,0,0,0,0.5695,1.7086,0.5695,2.2781,1.1391,0,0.5695,0.5695,0.5695,0.5695,0,0.5695,0,0.5695,0.5695,1.7086,0.0001,0,0,0,0,0.0001,0,0.0002,0.0001,0,0,0,0,0,0,0,0,0,0,0.0001,0.2223,0.2082,0.2223,0.2082,
0.3759,0.7518,1.5035,0.7518,0.3759,0,0.7518,1.1276,0.7518,0.7518,0.3759,0.3759,0.7518,0,0.3759,1.1276,0.3759,0.7518,1.8794,1.1276,0,0,0.0001,0,0,0,0,0.0001,0,0,0,0,0,0,0,0.0001,0,0,0.0001,0.0001,0.326,0.2981,0.326,0.2981,
1.8734,0.3747,1.1241,2.6228,0.3747,0.7494,0.3747,0,0.7494,0,0.7494,0.7494,0.3747,1.1241,0.7494,0,0.3747,0,1.4988,0.3747,0.0001,0,0.0001,0.0002,0,0,0,0,0,0,0,0,0,0.0001,0,0,0,0,0.0001,0,0.3278,0.2975,0.3278,0.2975,
0.3701,0,1.1102,1.1102,2.2204,0.3701,1.1102,0.3701,0.3701,1.1102,0.7401,0.7401,0.7401,1.8503,1.8503,0.3701,0,0,1.4802,0.3701,0,0,0.0001,0.0001,0.0002,0,0.0001,0,0,0.0001,0.0001,0.0001,0.0001,0.0001,0.0001,0,0,0,0.0001,0,0.3237,0.3062,0.3237,0.3062,
1.1187,0.3729,0.7458,0,0.7458,1.8645,0.7458,1.1187,0.7458,0.3729,0,0.7458,0,0.7458,1.1187,0.3729,1.4916,1.4916,1.1187,0.7458,0.0001,0,0,0,0,0.0001,0,0.0001,0,0,0,0,0,0,0.0001,0,0.0001,0.0001,0.0001,0,0.3211,0.306,0.3211,0.306,
0.3791,1.1373,0,0.3791,0,0.7582,0.3791,1.8956,2.2747,0.3791,0.3791,0.3791,0.3791,0.7582,2.2747,0.3791,0,1.8956,0,0,0,0.0001,0,0,0,0,0,0.0001,0.0001,0,0,0,0,0,0.0001,0,0,0.0001,0,0,0.309,0.3119,0.309,0.3119,
0,1.4246,0.3561,0.3561,2.1369,0.7123,0,2.1369,3.9176,1.4246,0.3561,1.0684,0.3561,0.3561,0.3561,1.0684,0,0,0.3561,0.7123,0,0.0001,0,0,0.0001,0,0,0.0001,0.0002,0.0001,0,0,0,0,0,0,0,0,0,0,0.3126,0.3313,0.3126,0.3313,
1.215,0.81,1.215,0,1.62,2.025,0.405,2.025,0.81,1.62,0.81,1.62,1.215,0.81,0.81,0.405,0,0.81,0.81,0.405,0.0001,0,0.0001,0,0.0001,0.0001,0,0.0001,0,0.0001,0,0.0001,0.0001,0,0,0,0,0,0,0,0.3028,0.2921,0.3028,0.2921,
1.4603,0.7301,1.0952,0,1.8254,1.8254,0.7301,0.7301,1.8254,0.3651,1.0952,0,0.3651,0.3651,0.3651,2.1904,0.7301,0.7301,1.0952,0.3651,0.0001,0,0.0001,0,0.0001,0.0001,0,0,0.0001,0,0.0001,0,0,0,0,0.0001,0,0,0.0001,0,0.3236,0.3114,0.3236,0.3114,
0,0,0,0.6875,0,0,0,0.6875,0.6875,1.375,0,0.6875,0.6875,0.6875,1.375,0.6875,0,0,0,1.375,0,0,0,0.0001,0,0,0,0.0001,0.0001,0.0002,0,0.0001,0.0001,0.0001,0.0002,0.0001,0,0,0,0.0002,0.1648,0.1477,0.1648,0.1477,
0.4239,1.6956,1.2717,0.8478,1.6956,0.8478,2.1195,0.8478,1.2717,0.8478,0.8478,0,0,0,0,0.8478,0,0.8478,0.4239,1.2717,0,0.0001,0.0001,0,0.0001,0,0.0001,0,0.0001,0,0,0,0,0,0,0,0,0,0,0.0001,0.3129,0.2632,0.3129,0.2632,
0,1.4069,0,0.7034,0.7034,0,0.7034,1.4069,0.7034,0,0.7034,0,0,1.4069,0,0,1.4069,0,0,0,0,0.0001,0,0.0001,0.0001,0,0.0001,0.0001,0.0001,0,0.0001,0,0,0.0001,0,0,0.0001,0,0,0,0.1757,0.1209,0.1757,0.1209,
1.4588,0.7294,0.3647,1.0941,0.7294,1.4588,1.0941,0.3647,0.3647,0.7294,0.7294,0,0.3647,0,0.7294,1.8235,0.7294,0.7294,1.0941,0.3647,0.0001,0,0,0.0001,0,0.0001,0.0001,0,0,0,0,0,0,0,0,0.0001,0,0,0.0001,0,0.3345,0.3008,0.3345,0.3008,
0.3807,1.9035,1.5228,1.5228,0.7614,1.5228,0,0.7614,0.3807,1.1421,0.3807,0.7614,1.1421,0.7614,0.7614,2.2842,0.7614,1.1421,0.3807,0,0,0.0001,0.0001,0.0001,0,0.0001,0,0,0,0,0,0,0,0,0,0.0001,0,0,0,0,0.3068,0.3125,0.3068,0.3125,
0,0,0,0.6608,0.6608,3.3042,0,0,0,1.3217,0,0,1.3217,1.3217,0.6608,1.3217,0,0,0,0.6608,0,0,0,0.0001,0.0001,0.0003,0,0,0,0.0001,0,0,0.0001,0.0001,0.0001,0.0001,0,0,0,0.0001,0.1749,0.1643,0.1749,0.1643,
0.3805,0,0.761,0,1.5221,0.3805,0.761,1.9026,1.5221,0.761,0.3805,1.5221,0.761,0.3805,1.1416,0.761,0.761,0.761,1.1416,0.3805,0,0,0.0001,0,0.0001,0,0.0001,0.0001,0.0001,0.0001,0,0.0001,0.0001,0,0.0001,0.0001,0.0001,0.0001,0.0001,0,0.2875,0.3319,0.2875,0.3319,
0.3994,0.7988,0.3994,0,0.3994,0.3994,0.3994,0.7988,1.997,0.7988,0.3994,0.3994,0.3994,1.5976,3.1952,1.5976,0.3994,1.5976,0,0.3994,0,0.0001,0,0,0,0,0,0.0001,0.0001,0.0001,0,0,0,0.0001,0.0002,0.0001,0,0.0001,0,0,0.3459,0.2547,0.3459,0.2547,
0.7945,1.589,2.3834,0,0,0.7945,0,0,0,0.7945,0,0,0,0,0,0.7945,0,0.7945,0,0,0.0001,0.0001,0.0002,0,0,0.0001,0,0,0,0.0001,0,0,0,0,0,0.0001,0,0.0001,0,0,0.0838,0.1217,0.0838,0.1217,
1.5942,0.5314,0,0.5314,0.5314,1.5942,0,1.0628,0,0,1.5942,1.5942,2.1256,1.0628,1.0628,1.0628,1.5942,2.1256,0.5314,1.5942,0.0001,0,0,0,0,0.0001,0,0.0001,0,0,0.0001,0.0001,0.0001,0.0001,0.0001,0.0001,0.0001,0.0001,0,0.0001,0.2408,0.2278,0.2408,0.2278,
0.5011,0,0,0,0.5011,1.5032,1.0021,1.5032,0,2.5053,0.5011,0.5011,0,0.5011,2.0043,1.5032,0.5011,1.0021,0,0,0,0,0,0,0,0.0001,0.0001,0.0001,0,0.0002,0,0,0,0,0.0002,0.0001,0,0.0001,0,0,0.2387,0.2603,0.2387,0.2603,
0.3821,0.3821,1.5286,1.1464,2.2928,0.7643,0.3821,0.7643,0.3821,0.7643,0,1.1464,1.9107,1.9107,1.1464,0.3821,1.1464,1.5286,0,0.3821,0,0,0.0001,0.0001,0.0001,0,0,0,0,0,0,0.0001,0.0001,0.0001,0.0001,0,0.0001,0.0001,0,0,0.3085,0.3093,0.3085,0.3093,
0.8133,0.8133,0.8133,0.4067,0.4067,2.0333,1.22,0.4067,1.22,2.0333,1.6266,1.22,0.4067,0.4067,0.4067,0.4067,0.4067,1.22,0.4067,1.22,0,0,0,0,0,0.0001,0.0001,0,0.0001,0.0001,0.0001,0.0001,0,0,0,0,0,0.0001,0,0.0001,0.2746,0.3187,0.2746,0.3187,
0.3811,1.1434,0.3811,0,0,0.7622,0.3811,1.5245,2.2867,0.3811,0.3811,0.3811,0.3811,0.7622,2.2867,1.1434,0,1.9056,0,0,0,0.0001,0,0,0,0.0001,0,0.0001,0.0002,0,0,0,0,0.0001,0.0002,0.0001,0,0.0001,0,0,0.3047,0.3142,0.3047,0.3142,
0.3746,0.7492,1.1239,1.1239,0.3746,0.7492,0.3746,0,1.4985,0.7492,0.3746,1.4985,0.7492,0.7492,1.4985,0.3746,0.7492,1.4985,0.7492,0,0,0,0.0001,0.0001,0,0,0,0,0.0001,0,0,0.0001,0,0,0.0001,0,0,0.0001,0,0,0.335,0.2904,0.335,0.2904,
1.6287,0.4072,0,0.4072,0,1.6287,0.4072,0.8143,0.8143,0.8143,1.2215,1.2215,0.8143,1.2215,0.8143,2.443,0,0.8143,1.6287,0.8143,0.0001,0,0,0,0,0.0001,0,0,0,0,0.0001,0.0001,0,0.0001,0,0.0001,0,0,0.0001,0,0.3168,0.276,0.3168,0.276,
0.378,0.378,1.1339,0.7559,0.378,1.5119,1.8898,0.7559,0,0.378,1.1339,1.5119,0.7559,0,0.7559,0.378,0.378,1.1339,0.7559,1.8898,0,0,0.0001,0,0,0.0001,0.0001,0,0,0,0.0001,0.0001,0,0,0,0,0,0.0001,0,0.0001,0.2816,0.3404,0.2816,0.3404,
2.3389,0,0.7796,1.1694,0.7796,1.9491,0,0.3898,2.7287,1.5592,0.7796,1.5592,0,0.7796,0.3898,1.1694,0.3898,0.3898,0.3898,0,0.0002,0,0.0001,0.0001,0.0001,0.0001,0,0,0.0002,0.0001,0.0001,0.0001,0,0.0001,0,0.0001,0,0,0,0,0.338,0.2722,0.338,0.2722,
0.7838,0,0.3919,0.7838,0.3919,0.7838,1.5675,0.3919,2.3513,1.1756,0.7838,0.3919,0.3919,1.9594,0,1.1756,0.7838,0,0.7838,0.3919,0.0001,0,0,0.0001,0,0.0001,0.0001,0,0.0002,0.0001,0.0001,0,0,0.0002,0,0.0001,0.0001,0,0.0001,0,0.337,0.2711,0.337,0.2711,
0.9084,0.9084,0.4542,0.9084,0,0.4542,0,0.4542,0.4542,0.4542,0.9084,1.3627,1.8169,1.8169,0.4542,0.4542,0.4542,0.9084,1.8169,1.8169,0,0,0,0,0,0,0,0,0,0,0,0.0001,0.0001,0.0001,0,0,0,0,0.0001,0.0001,0.2588,0.287,0.2588,0.287,
0.5449,1.0899,0.5449,1.6348,1.6348,0,0.5449,1.0899,0,2.1798,0.5449,0,1.0899,0.5449,0,0.5449,0.5449,1.6348,1.6348,0.5449,0,0.0001,0,0.0001,0.0001,0,0,0.0001,0,0.0001,0,0,0.0001,0,0,0,0,0.0001,0.0001,0,0.2439,0.2112,0.2439,0.2112,
0.468,0.9359,0.468,0,0.468,1.8718,0.9359,1.8718,0.9359,0.9359,0,0,0.468,0.9359,0.9359,0,0,0.468,0.9359,0.468,0,0.0001,0,0,0,0.0001,0.0001,0.0001,0.0001,0.0001,0,0,0,0.0001,0.0001,0,0,0,0.0001,0,0.287,0.245,0.287,0.245,
1.4361,0.7181,0,1.4361,0.7181,1.0771,1.4361,0,1.7951,0,1.0771,0.7181,1.4361,0.7181,1.0771,0.359,0.359,1.0771,0.359,0,0.0001,0,0,0.0001,0,0.0001,0.0001,0,0.0001,0,0.0001,0,0.0001,0,0.0001,0,0,0.0001,0,0,0.3506,0.2904,0.3506,0.2904,
1.4314,0.9543,0.4771,0.4771,0.4771,0,0.4771,0.4771,0.9543,1.4314,0,0.4771,0.9543,0,0.9543,1.4314,1.9085,0,0.4771,1.9085,0.0001,0.0001,0,0,0,0,0,0,0.0001,0.0001,0,0,0.0001,0,0.0001,0.0001,0.0001,0,0,0.0001,0.2565,0.2663,0.2565,0.2663,
2.3763,1.1882,0.7921,0.3961,0.7921,0.7921,0.3961,0.7921,0.7921,0.3961,0,0,0.7921,0.3961,1.1882,0.7921,1.9803,1.1882,0.3961,1.9803,0.0001,0.0001,0,0,0,0,0,0,0,0,0,0,0,0,0.0001,0,0.0001,0.0001,0,0.0001,0.27,0.3339,0.27,0.3339,
0,1.5277,0.7638,1.5277,1.1457,0.7638,0.7638,1.1457,1.1457,0,0.3819,0,0.7638,0.7638,1.5277,0.7638,0.7638,0.3819,0.3819,0.7638,0,0.0001,0,0.0001,0.0001,0,0,0.0001,0.0001,0,0,0,0,0,0.0001,0,0,0,0,0,0.301,0.3171,0.301,0.3171,
2.0444,0,0,0,0.3407,1.3629,0.3407,0,1.7036,1.3629,0.3407,0,0.3407,0.3407,4.0887,0.6815,0.6815,1.0222,0,0.3407,0.0002,0,0,0,0,0.0001,0,0,0.0001,0.0001,0,0,0,0,0.0003,0.0001,0.0001,0.0001,0,0,0.3134,0.3459,0.3134,0.3459,
2.5163,0,0,1.2582,1.8872,0,0,3.1454,0.6291,3.1454,0.6291,0.6291,0.6291,0.6291,0,1.2582,1.8872,3.1454,0,0.6291,0.0002,0,0,0.0001,0.0002,0,0,0.0003,0.0001,0.0003,0.0001,0.0001,0.0001,0.0001,0,0.0001,0.0002,0.0003,0,0.0001,0.1969,0.1741,0.1969,0.1741,
0.4215,1.2644,1.2644,1.2644,1.2644,1.2644,0.843,0.843,0.4215,0.4215,1.6859,0.4215,0,0.4215,0.4215,0.843,0,0.4215,0.843,1.2644,0,0.0001,0.0001,0.0001,0.0001,0.0001,0,0,0,0,0.0001,0,0,0,0,0,0,0,0,0.0001,0.3004,0.2781,0.3004,0.2781,
0.6745,0.3373,1.6863,3.3727,0.6745,0.3373,0.6745,1.6863,0.3373,0.6745,0.3373,0.3373,0.3373,0,0.3373,0.6745,1.3491,1.3491,1.0118,0,0,0,0.0001,0.0002,0,0,0,0.0001,0,0,0,0,0,0,0,0,0.0001,0.0001,0.0001,0,0.326,0.3367,0.326,0.3367,
0,0,0.626,0,0,0.626,0.626,0,1.252,1.252,1.252,0,0.626,0,0.626,0.626,0,0,0.626,1.252,0,0,0.0001,0,0,0.0001,0.0001,0,0.0002,0.0002,0.0002,0,0.0001,0,0.0001,0.0001,0,0,0.0001,0.0002,0.1569,0.2171,0.1569,0.2171,
2.2048,0,0,1.1024,0,0.5512,0,1.1024,1.1024,0,0,1.6536,0.5512,0,1.6536,0,0.5512,0.5512,0,0,0.0003,0,0,0.0001,0,0.0001,0,0.0001,0.0001,0,0,0.0002,0.0001,0,0.0002,0,0.0001,0.0001,0,0,0.2377,0.2111,0.2377,0.2111,
2.3935,0,1.1968,0.7978,0.7978,1.1968,0.7978,0.7978,0.3989,2.3935,0.7978,0,0.3989,0.7978,0.3989,1.5957,0.7978,1.5957,1.1968,1.1968,0.0001,0,0.0001,0,0,0.0001,0,0,0,0.0001,0,0,0,0,0,0.0001,0,0.0001,0.0001,0.0001,0.2936,0.3074,0.2936,0.3074,
0.7105,0,1.421,0.7105,0.7105,1.421,0,0,0,0,0,0,0.7105,0,0,0,0,0.7105,0,0.7105,0.0001,0,0.0002,0.0001,0.0001,0.0002,0,0,0,0,0,0,0.0001,0,0,0,0,0.0001,0,0.0001,0.1621,0.1274,0.1621,0.1274,
0.6203,0,0.9304,2.481,1.2405,0,0.6203,1.2405,1.2405,0.3101,0.3101,1.5506,0,0.9304,0.3101,1.2405,1.2405,0.9304,0,0.3101,0,0,0.0001,0.0002,0.0001,0,0,0.0001,0.0001,0,0,0.0001,0,0.0001,0,0.0001,0.0001,0.0001,0,0,0.273,0.4169,0.273,0.4169,
1.0627,0,0,0.3542,0.3542,1.4169,0.3542,1.4169,3.5423,1.0627,0.7085,0,0.7085,0,3.5423,1.0627,0.7085,0.3542,0,0,0.0001,0,0,0,0,0.0001,0,0.0001,0.0003,0.0001,0.0001,0,0.0001,0,0.0003,0.0001,0.0001,0,0,0,0.312,0.3337,0.312,0.3337,
0.5264,1.0529,0.5264,1.5793,1.0529,0.5264,0.5264,2.6322,0.5264,2.1057,0.5264,1.0529,0.5264,1.0529,0,0.5264,1.0529,1.5793,1.5793,0.5264,0,0.0001,0,0.0001,0.0001,0,0,0.0002,0,0.0001,0,0.0001,0,0.0001,0,0,0.0001,0.0001,0.0001,0,0.2776,0.1959,0.2776,0.1959,
0.7616,1.1424,0,0.3808,0,0.7616,0.7616,1.5232,1.904,0,0.3808,0.3808,0.3808,0.7616,2.6656,0.7616,0,1.5232,0,0,0,0.0001,0,0,0,0,0,0.0001,0.0001,0,0,0,0,0,0.0002,0,0,0.0001,0,0,0.3074,0.3118,0.3074,0.3118,
0.7044,0,0,0.3522,0.3522,0.7044,0.3522,0.7044,2.1132,1.4088,0.3522,1.761,0.3522,0.3522,3.1697,0.3522,0.3522,0.7044,0,0.3522,0.0001,0,0,0,0,0.0001,0,0.0001,0.0002,0.0001,0,0.0002,0,0,0.0003,0,0,0.0001,0,0,0.3584,0.2894,0.3584,0.2894,
0.8365,0,0.4182,1.2547,0.8365,0.8365,0.8365,1.2547,0.8365,1.2547,0,0.4182,0,0.4182,0.4182,0.8365,1.2547,1.2547,0.8365,1.673,0.0001,0,0,0.0001,0.0001,0.0001,0.0001,0.0001,0.0001,0.0001,0,0,0,0,0,0.0001,0.0001,0.0001,0.0001,0.0001,0.2955,0.2862,0.2955,0.2862,
1.0147,1.0147,1.522,0,0,0,0.5073,0.5073,1.0147,0.5073,1.0147,0,0,1.0147,1.0147,1.0147,0.5073,1.0147,0,0.5073,0.0001,0.0001,0.0001,0,0,0,0,0,0.0001,0,0.0001,0,0,0.0001,0.0001,0.0001,0,0.0001,0,0,0.3074,0.1852,0.3074,0.1852,
1.0215,0.5107,1.5322,0.5107,0,1.0215,0.5107,0,1.0215,0,1.0215,1.0215,1.0215,1.0215,0.5107,1.0215,0,1.0215,0.5107,0,0.0001,0,0.0001,0,0,0.0001,0,0,0.0001,0,0.0001,0.0001,0.0001,0.0001,0,0.0001,0,0.0001,0,0,0.205,0.2843,0.205,0.2843,
0,0,0,0,0.904,0,0.904,0.904,0,0,0.904,0,0.904,0,0,0.904,0,1.8079,0.904,0.904,0,0,0,0,0.0002,0,0.0002,0.0002,0,0,0.0002,0,0.0002,0,0,0.0002,0,0.0005,0.0002,0.0002,0.0454,0.0507,0.0454,0.0507,
0,0.4323,0.8647,0.8647,0,0.8647,0.8647,0.8647,1.7294,0.8647,0.4323,0.4323,1.297,0.4323,0,1.7294,0.8647,0,0.8647,1.297,0,0,0.0001,0.0001,0,0.0001,0.0001,0.0001,0.0001,0.0001,0,0,0.0001,0,0,0.0001,0.0001,0,0.0001,0.0001,0.3186,0.249,0.3186,0.249,
0,0.6636,1.6591,0,1.6591,0.6636,1.3273,0.9955,0.3318,0.6636,0.6636,0.3318,0.3318,0.9955,1.6591,0.6636,0.6636,0.6636,0.6636,0.3318,0,0,0.0001,0,0.0001,0,0.0001,0.0001,0,0,0,0,0,0.0001,0.0001,0,0,0,0,0,0.3668,0.3014,0.3668,0.3014,
0.7858,0,0,0,0,3.143,0,0,0,2.3573,0,0,0.7858,0.7858,0.7858,3.143,0,2.3573,0,0,0.0001,0,0,0,0,0.0002,0,0,0,0.0002,0,0,0.0001,0.0001,0.0001,0.0002,0,0.0002,0,0,0.0985,0.1157,0.0985,0.1157,
0.9491,0,0.9491,0,0.9491,1.8982,0,0,1.4237,1.4237,0,0.4746,0.9491,0,0.4746,0.9491,0,0.9491,0,1.4237,0.0001,0,0.0001,0,0.0001,0.0001,0,0,0.0001,0.0001,0,0,0.0001,0,0,0.0001,0,0.0001,0,0.0001,0.2801,0.2454,0.2801,0.2454,
1.7305,0,0,0,2.8841,2.3073,0,2.8841,1.1536,4.0378,0.5768,0,0,0,0,0.5768,0.5768,0.5768,0,0.5768,0.0001,0,0,0,0.0002,0.0002,0,0.0002,0.0001,0.0003,0,0,0,0,0,0,0,0,0,0,0.2151,0.2081,0.2151,0.2081,
0.4175,0.4175,0.4175,1.2525,0.4175,0.835,0.4175,1.2525,0.835,0.4175,0,0.835,1.2525,0.835,1.2525,1.2525,0.4175,0.4175,2.0874,0.835,0,0,0,0.0001,0,0,0,0.0001,0,0,0,0,0.0001,0,0.0001,0.0001,0,0,0.0001,0,0.3063,0.2762,0.3063,0.2762,
2.8592,0,0.5718,0,2.2874,1.7155,0,1.1437,0,1.7155,1.1437,1.1437,0,0,0.5718,1.7155,1.1437,1.7155,1.1437,0,0.0002,0,0,0,0.0001,0.0001,0,0.0001,0,0.0001,0.0001,0.0001,0,0,0,0.0001,0.0001,0.0001,0.0001,0,0.2524,0.1758,0.2524,0.1758,
2.7317,0,1.0927,1.0927,0.5463,0.5463,0.5463,0.5463,0,0.5463,0.5463,0,0.5463,0.5463,1.0927,1.0927,0.5463,1.639,0,0.5463,0.0003,0,0.0001,0.0001,0.0001,0.0001,0.0001,0.0001,0,0.0001,0.0001,0,0.0001,0.0001,0.0001,0.0001,0.0001,0.0002,0,0.0001,0.1938,0.2599,0.1938,0.2599,
1.2592,0,0,0.4197,1.679,1.679,0.4197,0.4197,0.8395,1.2592,2.0987,1.2592,1.679,0.4197,1.679,0,1.2592,1.679,0.4197,0,0.0001,0,0,0,0.0001,0.0001,0,0,0.0001,0.0001,0.0002,0.0001,0.0001,0,0.0001,0,0.0001,0.0001,0,0,0.3113,0.269,0.3113,0.269,
1.0459,0,0,0,0.3486,1.0459,0.6972,0,2.4403,0.6972,1.0459,0.3486,0.3486,0.3486,3.4862,1.3945,1.3945,1.0459,0,0.3486,0.0001,0,0,0,0,0.0001,0.0001,0,0.0002,0.0001,0.0001,0,0,0,0.0003,0.0001,0.0001,0.0001,0,0,0.3099,0.3414,0.3099,0.3414,
0.5327,1.0654,0.5327,0.5327,2.1309,0,0.5327,1.0654,0,1.0654,0.5327,0.5327,0,0.5327,0.5327,1.5982,2.6636,1.0654,0.5327,1.0654,0,0.0001,0,0,0.0001,0,0,0.0001,0,0.0001,0,0,0,0,0,0.0001,0.0001,0.0001,0,0.0001,0.2261,0.2412,0.2261,0.2412,
0.7648,1.5297,0,0,0.7648,0,0,0.7648,1.5297,0,0.7648,0,0,0,0,0,0,0,1.5297,0,0.0001,0.0001,0,0,0.0001,0,0,0.0001,0.0001,0,0.0001,0,0,0,0,0,0,0,0.0001,0,0.163,0.0722,0.163,0.0722,
2.3895,1.593,0.3982,0.3982,1.1947,0.3982,1.1947,0.7965,0,0,1.9912,0.7965,0.7965,1.1947,1.1947,0,0.7965,1.1947,0.3982,0.7965,0.0001,0.0001,0,0,0.0001,0,0.0001,0,0,0,0.0001,0,0,0.0001,0.0001,0,0,0.0001,0,0,0.3342,0.2675,0.3342,0.2675,
0,1.5052,0.7526,0.7526,0,0,0,0,0.7526,0.7526,0.7526,0.7526,0,1.5052,0,0,0.7526,0,0,0,0,0.0001,0.0001,0.0001,0,0,0,0,0.0001,0.0001,0.0001,0.0001,0,0.0001,0,0,0.0001,0,0,0,0.1025,0.1449,0.1025,0.1449,
0.6549,0,0,0,0,1.3097,0,0.6549,1.9646,1.9646,0,0,1.9646,0,0.6549,0,0.6549,0,0,0,0.0001,0,0,0,0,0.0002,0,0.0001,0.0003,0.0003,0,0,0.0003,0,0.0001,0,0.0001,0,0,0,0.1836,0.1616,0.1836,0.1616,
0.8036,0.8036,0.8036,0.8036,0.4018,2.0089,1.6071,0.8036,0,0.4018,0.4018,2.0089,1.2053,1.6071,1.6071,1.2053,0,0.8036,0,0.4018,0,0,0,0,0,0.0001,0.0001,0,0,0,0,0.0001,0.0001,0.0001,0.0001,0.0001,0,0,0,0,0.3482,0.25,0.3482,0.25,
0.8184,0,0,0.4092,0.8184,0,0,1.6368,3.2736,2.8644,0.4092,0,0,1.2276,0,1.6368,2.4552,0,0,0.4092,0.0001,0,0,0,0.0001,0,0,0.0001,0.0003,0.0002,0,0,0,0.0001,0,0.0001,0.0002,0,0,0,0.2995,0.2913,0.2995,0.2913,
0.8064,1.6128,0.4032,2.016,0.4032,0.8064,0.8064,0.8064,1.2096,0.8064,0.8064,0.8064,0.8064,0.8064,0.4032,0.4032,0.8064,1.2096,0.4032,0,0,0.0001,0,0.0001,0,0,0,0,0.0001,0,0,0,0,0,0,0,0,0.0001,0,0,0.2811,0.3157,0.2811,0.3157,
0.4129,0.4129,0.8257,1.2386,0.4129,2.0643,0,1.6515,1.2386,1.2386,0.4129,0.8257,0,1.2386,0.4129,1.2386,0.8257,0.4129,0.4129,0.4129,0,0,0,0.0001,0,0.0001,0,0.0001,0.0001,0.0001,0,0,0,0.0001,0,0.0001,0,0,0,0,0.2559,0.3313,0.2559,0.3313,
1.3042,0,0,0,0.6521,0.6521,0.3261,0,1.6303,0.9782,0.6521,0.6521,0.3261,0.6521,3.5867,1.6303,0.9782,0.9782,0,0,0.0001,0,0,0,0.0001,0.0001,0,0,0.0001,0.0001,0.0001,0.0001,0,0.0001,0.0003,0.0001,0.0001,0.0001,0,0,0.3825,0.2915,0.3825,0.2915,
0.6462,0,0,0,0,1.9385,0,2.5847,0,1.2923,0.6462,1.9385,0,0,0.6462,0.6462,1.9385,0,0.6462,0,0,0,0,0,0,0.0001,0,0.0002,0,0.0001,0,0.0001,0,0,0,0,0.0001,0,0,0,0.1799,0.174,0.1799,0.174,
0.5604,0,0.5604,1.1209,1.6813,0,0.5604,0.5604,0.5604,1.6813,0,0.5604,0,2.2417,0,1.6813,1.1209,0,0,0.5604,0.0001,0,0.0001,0.0001,0.0002,0,0.0001,0.0001,0.0001,0.0002,0,0.0001,0,0.0002,0,0.0002,0.0001,0,0,0.0001,0.2215,0.2181,0.2215,0.2181,
0,0.6974,0,0,0.6974,1.3947,0,0,0.6974,0.6974,1.3947,0.6974,0,0.6974,0.6974,0,0,0,0,0,0,0.0001,0,0,0.0001,0.0002,0,0,0.0001,0.0001,0.0002,0.0001,0,0.0001,0.0001,0,0,0,0,0,0.1564,0.1463,0.1564,0.1463,
1.0242,0.5121,0,0,1.0242,2.0484,1.0242,1.0242,1.5363,2.0484,0.5121,0,0,0,0.5121,0,0.5121,0.5121,1.0242,2.0484,0.0001,0,0,0,0.0001,0.0002,0.0001,0.0001,0.0001,0.0002,0,0,0,0,0,0,0,0,0.0001,0.0002,0.2551,0.2329,0.2551,0.2329,
0.4079,0,0.4079,0,0,0.8157,0.8157,0.8157,0.4079,0.4079,0,0.4079,1.2236,1.2236,2.0393,1.2236,0.8157,0.4079,0.4079,0.8157,0,0,0,0,0,0.0001,0.0001,0.0001,0,0,0,0,0.0001,0.0001,0.0002,0.0001,0.0001,0,0,0.0001,0.3324,0.2598,0.3324,0.2598,
1.5759,0,0.5253,0,1.0506,4.2023,0,3.677,0,2.6265,0.5253,0,0.5253,0,0.5253,1.5759,1.5759,1.0506,0.5253,1.0506,0.0001,0,0,0,0.0001,0.0002,0,0.0002,0,0.0001,0,0,0,0,0,0.0001,0.0001,0.0001,0,0.0001,0.2231,0.2517,0.2231,0.2517,
0,0,0,1.9212,1.1527,1.537,0.3842,0,1.1527,0.3842,0.3842,0.3842,1.537,0.3842,1.537,1.1527,0.3842,1.537,0.3842,0.7685,0,0,0,0.0002,0.0001,0.0001,0,0,0.0001,0,0,0,0.0001,0,0.0001,0.0001,0,0.0001,0,0.0001,0.3089,0.3069,0.3089,0.3069,
0.3861,0.3861,0.7722,1.5444,1.1583,1.1583,0,1.1583,0.7722,0,0.3861,0.3861,1.5444,0.7722,0.7722,0.3861,0.3861,0.7722,1.1583,0.3861,0,0,0,0.0001,0.0001,0.0001,0,0.0001,0,0,0,0,0.0001,0,0,0,0,0,0.0001,0,0.3091,0.3048,0.3091,0.3048,
1.1181,0.3727,0.7454,0.3727,1.4907,0.7454,1.8634,0.3727,0.3727,0,1.4907,0.7454,1.4907,0.7454,1.1181,0.3727,0.7454,0.3727,0.3727,0.3727,0.0001,0,0.0001,0,0.0001,0.0001,0.0001,0,0,0,0.0001,0.0001,0.0001,0.0001,0.0001,0,0.0001,0,0,0,0.308,0.3193,0.308,0.3193,
0,0.8212,0,0,2.4635,0,0.8212,0.8212,0.8212,0,0,0,0.8212,0.8212,0,0,0,0.8212,0.8212,0,0,0.0001,0,0,0.0002,0,0.0001,0.0001,0.0001,0,0,0,0.0001,0.0001,0,0,0,0.0001,0.0001,0,0.0803,0.0986,0.0803,0.0986,
0.6859,0.6859,0.6859,1.3719,0.6859,0.343,1.0289,0.343,1.0289,0.343,0.6859,0.6859,1.3719,0.6859,1.0289,1.0289,1.7149,0.6859,0,1.7149,0,0,0,0.0001,0,0,0.0001,0,0.0001,0,0,0,0.0001,0,0.0001,0.0001,0.0001,0,0,0.0001,0.3055,0.3515,0.3055,0.3515,
0,0,0,0.9195,0,0.9195,1.8389,0.4597,1.3792,0,0.4597,0,1.8389,1.3792,0.9195,0,1.8389,0,0.9195,0.4597,0,0,0,0.0001,0,0.0001,0.0002,0.0001,0.0002,0,0.0001,0,0.0002,0.0002,0.0001,0,0.0002,0,0.0001,0.0001,0.3032,0.2371,0.3032,0.2371,
1.4906,0,0.7453,0,1.8632,1.4906,0.7453,1.1179,0.7453,1.1179,0.3726,0,1.1179,0.7453,1.1179,0.7453,1.8632,1.4906,0.3726,0.7453,0.0001,0,0,0,0.0001,0.0001,0,0.0001,0,0.0001,0,0,0.0001,0,0.0001,0,0.0001,0.0001,0,0,0.3733,0.254,0.3733,0.254,
0,0,0.4435,0.4435,0.8871,0.8871,1.3306,3.1048,0.8871,3.1048,1.3306,3.5484,0.8871,0,0,0.8871,1.7742,0.4435,0.4435,1.7742,0,0,0,0,0,0,0.0001,0.0002,0,0.0002,0.0001,0.0002,0,0,0,0,0.0001,0,0,0.0001,0.2892,0.2673,0.2892,0.2673,
0,0.6934,0.3467,1.0401,0.6934,1.0401,1.3868,0.3467,0.6934,0.3467,0.6934,0.3467,1.3868,0.3467,1.0401,1.3868,0.6934,0.6934,1.3868,1.3868,0,0,0,0.0001,0,0.0001,0.0001,0,0,0,0,0,0.0001,0,0.0001,0.0001,0,0,0.0001,0.0001,0.3162,0.3371,0.3162,0.3371,
2.1889,0.4378,0.4378,0.8756,1.3134,0.4378,1.7511,0,1.3134,0.8756,1.3134,0,0.4378,1.3134,0.4378,0.8756,0.8756,0.4378,0.4378,0.4378,0.0002,0,0,0.0001,0.0001,0,0.0001,0,0.0001,0.0001,0.0001,0,0,0.0001,0,0.0001,0.0001,0,0,0,0.2581,0.3041,0.2581,0.3041,
1.1196,0,0,0,1.1196,4.4785,0,1.1196,0,3.9187,0.5598,0.5598,0.5598,0,0.5598,2.2393,2.7991,2.7991,0.5598,1.1196,0.0001,0,0,0,0.0001,0.0002,0,0.0001,0,0.0002,0,0,0,0,0,0.0001,0.0001,0.0001,0,0.0001,0.2075,0.2327,0.2075,0.2327,
0.8849,0.4424,0.4424,0.4424,1.3273,0,1.7698,0.8849,0.8849,1.3273,0,0.8849,0.8849,1.7698,0.4424,0.4424,1.3273,1.3273,0,1.3273,0.0001,0,0,0,0.0001,0,0.0001,0.0001,0.0001,0.0001,0,0.0001,0.0001,0.0001,0,0,0.0001,0.0001,0,0.0001,0.2516,0.306,0.2516,0.306,
0,0.4586,0,0.9173,0.4586,1.3759,0,1.3759,0.9173,0.9173,0.4586,1.3759,0.4586,0.4586,0.9173,2.2932,0.9173,2.2932,0,0.4586,0,0,0,0.0001,0,0.0001,0,0.0001,0.0001,0.0001,0,0.0001,0,0,0.0001,0.0001,0.0001,0.0001,0,0,0.2714,0.2699,0.2714,0.2699,
1.8805,0.4701,0.9403,2.3507,1.8805,0.9403,0.4701,0.9403,0.4701,1.8805,0.4701,0,0.9403,0.4701,0.4701,1.8805,1.8805,0.9403,0,0.9403,0.0001,0,0,0.0001,0.0001,0,0,0,0,0.0001,0,0,0,0,0,0.0001,0.0001,0,0,0,0.2533,0.2766,0.2533,0.2766,
0,1.433,0,0.7165,0,0,0.7165,0,1.433,0,0,2.1495,0,0,0,0.7165,0,0,0,0.7165,0,0.0002,0,0.0001,0,0,0.0001,0,0.0002,0,0,0.0002,0,0,0,0.0001,0,0,0,0.0001,0.1518,0.1317,0.1518,0.1317,
0,0,0,0.6033,0.6033,0.6033,0,0.6033,0.6033,0.6033,1.2066,0,0.6033,0.6033,1.8099,0,0,0,0.6033,1.2066,0,0,0,0.0001,0.0001,0.0001,0,0.0001,0.0001,0.0001,0.0002,0,0.0001,0.0001,0.0002,0,0,0,0.0001,0.0002,0.2154,0.1813,0.2154,0.1813,
1.2653,0,0,2.1088,0.8435,2.1088,0.8435,1.2653,0.4218,0,0.8435,0.4218,0.8435,0,0.8435,0,0,2.5306,0,0.4218,0.0001,0,0,0.0002,0.0001,0.0002,0.0001,0.0001,0,0,0.0001,0,0.0001,0,0.0001,0,0,0.0002,0,0,0.2548,0.3234,0.2548,0.3234,
2.4731,0,1.2366,0,1.2366,0.6183,0,1.2366,1.2366,0,0,0.6183,0,1.2366,0,0,2.4731,2.4731,0,0,0.0002,0,0.0001,0,0.0001,0.0001,0,0.0001,0.0001,0,0,0.0001,0,0.0001,0,0,0.0002,0.0002,0,0,0.2107,0.171,0.2107,0.171,
2.2433,1.1217,0,1.1217,0.5608,0.5608,0.5608,1.6825,0.5608,0.5608,0.5608,1.1217,2.2433,1.1217,0,1.6825,0.5608,1.1217,0,0.5608,0.0001,0.0001,0,0.0001,0,0,0,0.0001,0,0,0,0.0001,0.0001,0.0001,0,0.0001,0,0.0001,0,0,0.2483,0.1909,0.2483,0.1909,
0.6226,0,1.2453,0,0.6226,0,0.6226,0,0.6226,3.1132,0.6226,0.6226,0.6226,0.6226,0,0.6226,0.6226,1.2453,0,0,0.0001,0,0.0001,0,0.0001,0,0.0001,0,0.0001,0.0003,0.0001,0.0001,0.0001,0.0001,0,0.0001,0.0001,0.0001,0,0,0.2065,0.1709,0.2065,0.1709,
1.0125,0.5063,0.5063,0.5063,1.0125,0.5063,1.0125,0.5063,0,0.5063,2.025,1.5188,0,0.5063,0.5063,3.0376,1.5188,1.0125,1.5188,0.5063,0.0001,0,0,0,0.0001,0,0.0001,0,0,0,0.0001,0.0001,0,0,0,0.0002,0.0001,0.0001,0.0001,0,0.2495,0.2442,0.2495,0.2442,
2.7226,0,0.6806,0.6806,0,0,0,0,0.6806,2.0419,0,0,0,0.6806,0,0.6806,1.3613,0.6806,0,0,0.0003,0,0.0001,0.0001,0,0,0,0,0.0001,0.0002,0,0,0,0.0001,0,0.0001,0.0002,0.0001,0,0,0.1739,0.1455,0.1739,0.1455,
2.139,0,0,0,0.713,1.426,0,0.713,0.713,0,0,0,0.713,0.713,0.713,0.713,0,1.426,0,0,0.0003,0,0,0,0.0001,0.0002,0,0.0001,0.0001,0,0,0,0.0001,0.0001,0.0001,0.0001,0,0.0002,0,0,0.1535,0.1335,0.1535,0.1335,
0.7993,0.7993,0.7993,0.3996,0.7993,0.3996,1.5985,0.7993,0,0.3996,1.1989,0.7993,0.3996,0,1.1989,0,1.5985,0,1.5985,0,0,0,0,0,0,0,0.0001,0,0,0,0.0001,0,0,0,0.0001,0,0.0001,0,0.0001,0,0.2821,0.3183,0.2821,0.3183,
2.4486,1.2243,0,0.8162,0.4081,0.8162,1.2243,0.4081,0.4081,0.4081,1.6324,1.6324,1.6324,0.8162,1.2243,0,0.4081,1.2243,0,1.2243,0.0001,0.0001,0,0,0,0,0.0001,0,0,0,0.0001,0.0001,0.0001,0,0.0001,0,0,0.0001,0,0.0001,0.2714,0.3205,0.2714,0.3205,
2.052,0,0,0,0,0,0,1.368,2.052,2.052,0,0.684,0,0,0,0,0,1.368,0,0,0.0003,0,0,0,0,0,0,0.0002,0.0003,0.0003,0,0.0001,0,0,0,0,0,0.0002,0,0,0.146,0.17,0.146,0.17,
2.0228,0,0.3371,0,0.6743,1.3485,0.3371,0.3371,1.0114,0.6743,0.6743,0.6743,0.3371,0.3371,4.7199,0.6743,1.0114,0.6743,0,0,0.0002,0,0,0,0.0001,0.0001,0,0,0.0001,0.0001,0.0001,0.0001,0,0,0.0004,0.0001,0.0001,0.0001,0,0,0.382,0.2809,0.382,0.2809,
0.4621,0,0.4621,2.3104,0,1.8483,0,3.2345,0.9241,0.9241,0.9241,0.4621,0,0.4621,0.9241,0.4621,1.8483,0.4621,0,0.4621,0,0,0,0.0002,0,0.0001,0,0.0002,0.0001,0.0001,0.0001,0,0,0,0.0001,0,0.0001,0,0,0,0.2764,0.2615,0.2764,0.2615,
1.1513,0.3838,1.9189,0.3838,0,0.7675,1.1513,1.9189,0.7675,0.7675,0.7675,1.1513,0.3838,0.3838,0,0.7675,1.1513,1.1513,0,1.9189,0.0001,0,0.0001,0,0,0,0.0001,0.0001,0,0,0,0.0001,0,0,0,0,0.0001,0.0001,0,0.0001,0.3084,0.3078,0.3084,0.3078,
1.2414,0.8276,0.4138,0.8276,1.6552,1.2414,2.069,0,1.2414,0.4138,0,0.4138,1.6552,0.4138,0.4138,0.8276,0.8276,0.8276,0,0.4138,0.0001,0.0001,0,0.0001,0.0001,0.0001,0.0001,0,0.0001,0,0,0,0.0001,0,0,0.0001,0.0001,0.0001,0,0,0.3189,0.2673,0.3189,0.2673,
0.3146,1.2583,0.6291,0.9437,0.3146,0,0.6291,0.3146,2.8311,0.9437,0.9437,1.5728,0.3146,0.3146,1.5728,0.3146,1.5728,0,0,0.6291,0,0.0001,0,0.0001,0,0,0,0,0.0002,0.0001,0.0001,0.0001,0,0,0.0001,0,0.0001,0,0,0,0.3689,0.3165,0.3689,0.3165,
1.2495,0,0.4165,0.4165,0.4165,0.833,1.2495,0.4165,0.833,1.2495,0.4165,0.833,2.0825,1.666,0.4165,1.2495,0.4165,1.2495,1.2495,0.4165,0.0001,0,0,0,0,0.0001,0.0001,0,0.0001,0.0001,0,0.0001,0.0001,0.0001,0,0.0001,0,0.0001,0.0001,0,0.27,0.3135,0.27,0.3135,
0,0,0,1.3052,0,0.6526,0,0.6526,0.6526,0.6526,0,0,0,0,0.6526,0,0.6526,0.6526,0.6526,0.6526,0,0,0,0.0002,0,0.0001,0,0.0001,0.0001,0.0001,0,0,0,0,0.0001,0,0.0001,0.0001,0.0001,0.0001,0.1841,0.1633,0.1841,0.1633,
0.9601,0.4801,0.9601,1.4402,0.4801,1.4402,0.4801,0.4801,0,1.9203,0.4801,0.9601,0.9601,0.9601,0.9601,0.9601,0.4801,0.9601,1.4402,0,0.0001,0,0.0001,0.0001,0,0.0001,0,0,0,0.0001,0,0.0001,0.0001,0.0001,0.0001,0.0001,0,0.0001,0.0001,0,0.2256,0.2944,0.2256,0.2944,
1.1788,0.7858,0.3929,0.7858,1.5717,1.9646,0,0.7858,1.5717,0.7858,0.3929,0.7858,0.7858,0,1.5717,0,0.3929,0,0.3929,1.1788,0.0001,0,0,0,0.0001,0.0001,0,0,0.0001,0,0,0,0,0,0.0001,0,0,0,0,0.0001,0.3036,0.3035,0.3036,0.3035,
0.6957,0,1.0436,1.0436,0.3479,1.3914,1.0436,0.3479,2.7828,0.3479,1.0436,1.0436,1.0436,1.3914,0.6957,0.3479,1.0436,0.6957,0,0.3479,0.0001,0,0.0001,0.0001,0,0.0001,0.0001,0,0.0002,0,0.0001,0.0001,0.0001,0.0001,0.0001,0,0.0001,0.0001,0,0,0.3318,0.3204,0.3318,0.3204,
1.1271,0,0,0,0.3757,1.1271,0,0.7514,2.2542,0.7514,0.3757,1.5028,0.7514,1.1271,2.6299,0.3757,0,1.8785,0,0,0.0001,0,0,0,0,0.0001,0,0.0001,0.0002,0.0001,0,0.0001,0.0001,0.0001,0.0002,0,0,0.0002,0,0,0.3408,0.2835,0.3408,0.2835,
0.3871,0,0.3871,0.7742,1.5484,1.5484,0.3871,1.5484,0.7742,1.1613,1.1613,1.5484,1.1613,0.3871,1.5484,0.7742,0,1.5484,0,1.1613,0,0,0,0,0.0001,0.0001,0,0.0001,0,0.0001,0.0001,0.0001,0.0001,0,0.0001,0,0,0.0001,0,0.0001,0.323,0.2899,0.323,0.2899,
0,1.1846,0.5923,0.5923,0.5923,1.1846,0,0,0,1.1846,0.5923,0,0.5923,1.1846,1.1846,0.5923,1.1846,1.1846,0.5923,0,0,0.0001,0,0,0,0.0001,0,0,0,0.0001,0,0,0,0.0001,0.0001,0,0.0001,0.0001,0,0,0.185,0.2227,0.185,0.2227,
0,0.8076,0.8076,0,0,0,0,0,0,0,0.8076,0,0.8076,1.6152,0.8076,0.8076,2.4228,0,0,0,0,0.0001,0.0001,0,0,0,0,0,0,0,0.0001,0,0.0001,0.0003,0.0001,0.0001,0.0004,0,0,0,0.1345,0.0579,0.1345,0.0579,
0,1.122,0,0.374,0.374,0.748,0.748,1.496,2.244,0,0.374,0.374,0.374,0.748,2.618,1.122,0,1.122,0,0.374,0,0.0001,0,0,0,0,0,0.0001,0.0001,0,0,0,0,0,0.0002,0.0001,0,0.0001,0,0,0.308,0.318,0.308,0.318,
0.7568,0.7568,0,0.7568,0,0,0,0.7568,1.5137,0,0.7568,1.5137,0.7568,0.7568,0,0.7568,1.5137,0,0,0,0.0001,0.0001,0,0.0001,0,0,0,0.0001,0.0002,0,0.0001,0.0002,0.0001,0.0001,0,0.0001,0.0002,0,0,0,0.1445,0.0987,0.1445,0.0987,
0,0,0.7031,0,0.7031,0,4.2184,0,0,0,0.7031,1.4061,0.7031,0.7031,0.7031,0,0,0.7031,0,0,0,0,0.0001,0,0.0001,0,0.0007,0,0,0,0.0001,0.0002,0.0001,0.0001,0.0001,0,0,0.0001,0,0,0.1518,0.1451,0.1518,0.1451,
0.6548,0,0.6548,0,1.9643,1.9643,0,0,0,1.9643,0,0,1.3095,1.3095,0.6548,0.6548,0,1.3095,0,0,0.0001,0,0.0001,0,0.0002,0.0002,0,0,0,0.0002,0,0,0.0001,0.0001,0.0001,0.0001,0,0.0001,0,0,0.1928,0.1524,0.1928,0.1524,
1.0727,0,1.0727,1.4302,0,1.0727,0,1.0727,0.7151,2.5029,0,0.3576,0,0,1.0727,1.7878,0.3576,3.9331,0.3576,0,0.0001,0,0.0001,0.0001,0,0.0001,0,0.0001,0,0.0002,0,0,0,0,0.0001,0.0001,0,0.0002,0,0,0.3021,0.3404,0.3021,0.3404,
0.9676,0,0,0,0.3225,1.2902,0.3225,0,2.5804,0.6451,0.6451,0.6451,0.9676,0.6451,3.8705,0,1.2902,0.6451,0.6451,0,0.0001,0,0,0,0,0.0001,0,0,0.0002,0.0001,0.0001,0.0001,0.0001,0.0001,0.0004,0,0.0001,0.0001,0.0001,0,0.3826,0.2949,0.3826,0.2949,
0.6457,0.6457,0,0,0.6457,1.937,0.6457,1.2913,1.2913,0.6457,0.6457,0.6457,0,0.6457,0,0,0,1.2913,1.2913,0,0.0001,0.0001,0,0,0.0001,0.0002,0.0001,0.0001,0.0001,0.0001,0.0001,0.0001,0,0.0001,0,0,0,0.0001,0.0001,0,0.1893,0.1651,0.1893,0.1651,
1.2061,0,0,0,1.8092,1.2061,0,2.4122,0.6031,4.2214,0.6031,0.6031,0.6031,0,0.6031,1.2061,2.4122,0.6031,0,0.6031,0.0001,0,0,0,0.0001,0.0001,0,0.0002,0,0.0003,0,0,0,0,0,0.0001,0.0002,0,0,0,0.2175,0.1795,0.2175,0.1795,
1.1426,1.1426,0.7617,0.3809,1.1426,0,1.5235,0.7617,1.1426,1.1426,0,0,0,1.1426,1.5235,0.7617,0.3809,1.9044,0.7617,1.9044,0.0001,0.0001,0,0,0.0001,0,0.0001,0,0.0001,0.0001,0,0,0,0.0001,0.0001,0,0,0.0001,0,0.0001,0.3222,0.2969,0.3222,0.2969,
1.1799,1.5732,0.7866,1.5732,0.3933,0,0.7866,1.9665,0.7866,1.1799,0.7866,1.1799,0.3933,0,0.3933,0,0.3933,0.3933,1.5732,1.9665,0.0001,0.0001,0,0.0001,0,0,0,0.0001,0,0.0001,0,0.0001,0,0,0,0,0,0,0.0001,0.0001,0.3164,0.2903,0.3164,0.2903,
0.4631,0.4631,0.4631,0.9261,0,1.8522,1.3892,1.3892,1.8522,0.4631,1.3892,0.4631,1.3892,1.8522,0,0.9261,0.9261,0.4631,0.4631,0,0,0,0,0.0001,0,0.0001,0.0001,0.0001,0.0001,0,0.0001,0,0.0001,0.0001,0,0.0001,0.0001,0,0,0,0.2762,0.2608,0.2762,0.2608,
0.8223,0,1.2334,1.2334,0.4111,0.8223,0.8223,1.2334,1.2334,1.2334,0.8223,0.4111,0.8223,0.4111,0,0.8223,0.8223,0.4111,0.4111,1.2334,0.0001,0,0.0001,0.0001,0,0.0001,0.0001,0.0001,0.0001,0.0001,0.0001,0,0.0001,0,0,0.0001,0.0001,0,0,0.0001,0.2935,0.2953,0.2935,0.2953,
1.3367,0.6683,0,2.005,0,0,0,0,0.6683,0,0,0.6683,0.6683,0.6683,0,1.3367,0.6683,1.3367,0,0,0.0002,0.0001,0,0.0002,0,0,0,0,0.0001,0,0,0.0001,0.0001,0.0001,0,0.0002,0.0001,0.0002,0,0,0.1894,0.1423,0.1894,0.1423,
0.6381,0,0.6381,0.6381,0,0,0,0,0.6381,0.6381,1.2761,0,0.6381,0.6381,0.6381,1.9142,0,0,0,1.2761,0.0001,0,0.0001,0.0001,0,0,0,0,0.0001,0.0001,0.0001,0,0.0001,0.0001,0.0001,0.0002,0,0,0,0.0001,0.17,0.1919,0.17,0.1919,
2.1622,0,0,0,2.1622,0.5406,0.5406,2.1622,0,1.0811,1.0811,1.6217,2.1622,1.6217,1.0811,2.1622,1.6217,2.7028,0.5406,0.5406,0.0001,0,0,0,0.0001,0,0,0.0001,0,0.0001,0.0001,0.0001,0.0001,0.0001,0.0001,0.0001,0.0001,0.0002,0,0,0.2184,0.2411,0.2184,0.2411,
0,1.1436,0.3812,0.3812,0,0.3812,0.3812,1.5249,3.4309,0.7624,0.3812,0.3812,0.3812,0.7624,1.5249,0.3812,0,1.9061,0,0,0,0.0001,0,0,0,0,0,0.0001,0.0002,0,0,0,0,0,0.0001,0,0,0.0001,0,0,0.3347,0.2841,0.3347,0.2841,
0,0.6822,1.7055,0.6822,0.3411,0.6822,1.0233,1.0233,0.6822,2.3877,0.3411,1.0233,0.6822,0.6822,1.0233,0.3411,0.3411,1.0233,1.0233,0.6822,0,0,0.0001,0,0,0,0.0001,0.0001,0,0.0001,0,0.0001,0,0,0.0001,0,0,0.0001,0.0001,0,0.3523,0.3066,0.3523,0.3066,
1.9972,1.5978,1.1983,0.3994,0.7989,0.7989,0.3994,1.1983,1.5978,0.3994,0,2.7961,0.3994,1.5978,0.3994,0.3994,0.7989,1.1983,0.3994,0,0.0001,0.0001,0.0001,0,0,0,0,0.0001,0.0001,0,0,0.0001,0,0.0001,0,0,0,0.0001,0,0,0.2986,0.3019,0.2986,0.3019,
0.5706,0,1.1411,1.1411,2.2823,0.5706,0,0.5706,1.1411,0,0.5706,0,0,0,0,0.5706,1.1411,1.1411,0,0,0.0001,0,0.0001,0.0001,0.0002,0.0001,0,0.0001,0.0001,0,0.0001,0,0,0,0,0.0001,0.0001,0.0001,0,0,0.2032,0.2263,0.2032,0.2263,
1.0452,2.0904,0,0,0.6968,0.6968,1.3936,0.3484,2.0904,0.6968,0.6968,2.0904,0.3484,0.3484,0.6968,2.0904,0.3484,0,0,1.742,0,0.0001,0,0,0,0,0.0001,0,0.0001,0,0,0.0001,0,0,0,0.0001,0,0,0,0.0001,0.3584,0.2932,0.3584,0.2932,
0.3803,1.5211,0.7606,0.7606,1.1408,0.7606,1.5211,0.7606,0.3803,0.3803,0.7606,1.1408,0.3803,0.3803,1.1408,1.5211,1.5211,0.3803,0.3803,0.7606,0,0.0001,0,0,0.0001,0,0.0001,0,0,0,0,0.0001,0,0,0.0001,0.0001,0.0001,0,0,0,0.2761,0.3436,0.2761,0.3436,
0.4687,0.4687,0.9375,0.4687,0.9375,0.4687,1.4062,0.4687,0.4687,0.4687,0,0.9375,0.4687,1.4062,0,0.4687,0.9375,0.4687,0.9375,1.4062,0,0,0.0001,0,0.0001,0,0.0001,0,0,0,0,0.0001,0,0.0001,0,0,0.0001,0,0.0001,0.0001,0.2866,0.2447,0.2866,0.2447,
1.57,3.1401,1.0467,1.57,0.5233,1.0467,0,0,1.57,0,0,1.0467,0.5233,0,0,1.0467,1.0467,0.5233,0,0,0.0001,0.0002,0.0001,0.0001,0,0.0001,0,0,0.0001,0,0,0.0001,0,0,0,0.0001,0.0001,0,0,0,0.2674,0.2093,0.2674,0.2093,
1.7561,0.7025,1.7561,1.4049,0.7025,1.4049,0.3512,0.7025,0.3512,1.7561,0,0.3512,2.4586,0.3512,1.0537,0,0.3512,0.3512,0,1.4049,0.0001,0,0.0001,0.0001,0,0.0001,0,0,0,0.0001,0,0,0.0001,0,0.0001,0,0,0,0,0.0001,0.2963,0.3525,0.2963,0.3525,
0,1.681,0.5603,1.681,0,1.1207,0.5603,0,0.5603,0,0,1.1207,0.5603,0,0,1.1207,1.1207,0.5603,0.5603,0,0,0.0001,0,0.0001,0,0.0001,0,0,0,0,0,0.0001,0,0,0,0.0001,0.0001,0,0,0,0.217,0.2227,0.217,0.2227,
1.3637,0.9092,0.4546,1.8183,0.4546,0.9092,0.4546,0.9092,0,1.3637,1.3637,0,0.9092,1.3637,1.3637,0.4546,1.3637,0.4546,0.4546,0.9092,0.0001,0.0001,0,0.0001,0,0.0001,0,0.0001,0,0.0001,0.0001,0,0.0001,0.0001,0.0001,0,0.0001,0,0,0.0001,0.26,0.2854,0.26,0.2854,
1.4161,0,0.7081,0,0.7081,0.7081,0,0.7081,0.7081,0.7081,0.7081,0.7081,1.4161,0.7081,0,0,2.8323,1.4161,0,0.7081,0.0001,0,0.0001,0,0.0001,0.0001,0,0.0001,0.0001,0.0001,0.0001,0.0001,0.0001,0.0001,0,0,0.0003,0.0001,0,0.0001,0.1859,0.106,0.1859,0.106,
2.4311,0.9724,0,0,1.9449,0.4862,0.9724,2.4311,1.4586,0.4862,0.4862,0,0.9724,0,0.4862,0.4862,0.4862,0.4862,0.9724,1.4586,0.0001,0.0001,0,0,0.0001,0,0.0001,0.0001,0.0001,0,0,0,0.0001,0,0,0,0,0,0.0001,0.0001,0.2854,0.2283,0.2854,0.2283,
0.7269,0,1.0903,0.7269,0.7269,1.0903,0,1.0903,1.8172,0.7269,0.7269,2.9075,1.4538,0,0.3634,0.7269,1.0903,1.0903,0,0.7269,0,0,0.0001,0,0,0.0001,0,0.0001,0.0001,0,0,0.0002,0.0001,0,0,0,0.0001,0.0001,0,0,0.3053,0.3312,0.3053,0.3312,
1.8825,0.4706,0.9413,2.3532,1.4119,0.9413,0.4706,0.9413,0,2.3532,0.4706,0,1.4119,0.4706,0.9413,1.4119,1.8825,0.9413,0,0.9413,0.0001,0,0,0.0001,0.0001,0,0,0,0,0.0001,0,0,0.0001,0,0,0.0001,0.0001,0,0,0,0.2569,0.2724,0.2569,0.2724,
1.4175,0.4725,0.4725,0.945,0,0.4725,0.4725,1.4175,0.945,1.89,0.4725,0,1.4175,0,0.945,1.89,0.4725,1.4175,0.945,0.4725,0.0001,0,0,0.0001,0,0,0,0.0001,0.0001,0.0001,0,0,0.0001,0,0.0001,0.0001,0,0.0001,0.0001,0,0.2594,0.2681,0.2594,0.2681,
0.4666,1.3998,0,0.9332,0,0,0,0,0.9332,0.4666,0,1.3998,0.4666,1.3998,1.3998,0.9332,0.4666,0.4666,1.3998,2.333,0,0.0001,0,0.0001,0,0,0,0,0.0001,0,0,0.0001,0,0.0001,0.0001,0.0001,0,0,0.0001,0.0001,0.2485,0.2849,0.2485,0.2849,
1.229,0,1.8435,1.229,1.229,0.6145,0,1.229,0.6145,1.229,0,0.6145,0,0,0,1.229,1.229,1.229,0,1.229,0.0001,0,0.0001,0.0001,0.0001,0,0,0.0001,0,0.0001,0,0,0,0,0,0.0001,0.0001,0.0001,0,0.0001,0.1888,0.1967,0.1888,0.1967,
1.3952,1.3952,0.3488,0.6976,0.3488,0.3488,0.3488,0.3488,2.7904,1.0464,0.3488,1.3952,0.6976,0.3488,1.0464,1.744,1.3952,0.6976,0,0.6976,0.0001,0.0001,0,0,0,0,0,0,0.0001,0.0001,0,0.0001,0,0,0.0001,0.0001,0.0001,0,0,0,0.3247,0.3265,0.3247,0.3265,
0,0.8704,0.4352,0.8704,0.8704,1.3057,0.8704,0.8704,0.8704,0,0.4352,0,0.8704,2.1761,0.8704,0.8704,0.4352,0.8704,1.7409,0.8704,0,0,0,0,0,0.0001,0,0,0,0,0,0,0,0.0001,0,0,0,0,0.0001,0,0.2576,0.3072,0.2576,0.3072,
0.4504,0.9007,0.4504,0.4504,0.4504,1.8014,0.4504,0.4504,0,0.9007,0.4504,1.3511,0.9007,1.3511,1.3511,0.9007,1.3511,1.8014,0.9007,1.8014,0,0,0,0,0,0.0001,0,0,0,0,0,0.0001,0,0.0001,0.0001,0,0.0001,0.0001,0,0.0001,0.2874,0.2622,0.2874,0.2622,
0.8085,0,0.4043,0.8085,0,0.8085,0.8085,0.8085,0.8085,0.8085,1.2128,1.6171,0,1.2128,0.8085,0.8085,2.0214,0.8085,1.2128,1.2128,0.0001,0,0,0.0001,0,0.0001,0.0001,0.0001,0.0001,0.0001,0.0001,0.0001,0,0.0001,0.0001,0.0001,0.0001,0.0001,0.0001,0.0001,0.2735,0.3223,0.2735,0.3223,
1.1534,1.1534,0.3845,0.3845,1.9223,0.7689,2.3067,0.7689,0.7689,1.9223,1.1534,1.1534,1.9223,0.7689,0,1.5378,0.3845,0,0.3845,0,0.0001,0.0001,0,0,0.0001,0,0.0001,0,0,0.0001,0.0001,0.0001,0.0001,0,0,0.0001,0,0,0,0,0.3099,0.3056,0.3099,0.3056,
0.3652,1.0956,0.3652,0,0,0.7304,0.3652,1.0956,1.826,0,0.3652,0.7304,0.3652,0.7304,2.5565,0.3652,0.3652,2.1913,0,0,0,0.0001,0,0,0,0,0,0.0001,0.0001,0,0,0,0,0,0.0002,0,0,0.0001,0,0,0.3331,0.3017,0.3331,0.3017,
2.2601,0,0,0.565,1.6951,0.565,0,1.6951,1.13,2.8251,0.565,1.13,0.565,1.13,0,1.13,1.13,0.565,0,0.565,0.0001,0,0,0,0.0001,0,0,0.0001,0.0001,0.0002,0,0.0001,0,0.0001,0,0.0001,0.0001,0,0,0,0.2274,0.2076,0.2274,0.2076,
0.5869,1.1739,1.7608,0.5869,0.5869,0,0,0,0,1.1739,0,0,1.1739,0,0.5869,0,1.1739,0.5869,0.5869,2.3477,0,0.0001,0.0001,0,0,0,0,0,0,0.0001,0,0,0.0001,0,0,0,0.0001,0,0,0.0001,0.237,0.1761,0.237,0.1761,
2.7562,0,0,1.1025,0,0.5512,0,1.1025,1.1025,0,0,1.6537,0,0,1.6537,0,0.5512,0.5512,0,0,0.0003,0,0,0.0001,0,0.0001,0,0.0001,0.0001,0,0,0.0002,0,0,0.0002,0,0.0001,0.0001,0,0,0.2373,0.2114,0.2373,0.2114,
1.4453,0.9636,0.9636,0.9636,0.4818,0.4818,0.9636,0.9636,0.4818,0.4818,0.4818,0.9636,1.4453,0.9636,0.4818,0,0.9636,0.4818,0.9636,0,0.0001,0.0001,0.0001,0.0001,0,0,0.0001,0.0001,0,0,0,0.0001,0.0001,0.0001,0,0,0.0001,0,0.0001,0,0.2999,0.2183,0.2999,0.2183,
1.9964,0.9982,0,0.4991,0,2.4955,2.4955,0.9982,0.4991,0.9982,0.9982,0.4991,0.9982,0.9982,0.4991,0.4991,0,0.9982,0,0.4991,0.0001,0.0001,0,0,0,0.0002,0.0002,0.0001,0,0.0001,0.0001,0,0.0001,0.0001,0,0,0,0.0001,0,0,0.2485,0.2524,0.2485,0.2524,
1.47,0.98,0,0.49,0,0.49,0.49,2.4499,0.98,1.47,0.98,0.98,0,0.49,0,1.47,0.98,0.49,0.98,2.4499,0.0001,0,0,0,0,0,0,0.0001,0,0.0001,0,0,0,0,0,0.0001,0,0,0,0.0001,0.261,0.249,0.261,0.249,
1.4887,0.3722,1.8609,0,0.3722,1.4887,0.7444,0.3722,1.4887,1.1166,0.3722,0.7444,0.7444,0.3722,0.3722,0.7444,0.7444,0.7444,1.8609,0.3722,0.0001,0,0.0001,0,0,0.0001,0,0,0.0001,0.0001,0,0,0,0,0,0,0,0,0.0001,0,0.3223,0.3055,0.3223,0.3055,
1.9947,0.3989,0.3989,0.3989,1.5958,1.9947,0.3989,0,0.3989,0.7979,0.3989,0,0,0.7979,2.3937,0.7979,0.3989,1.9947,0,0,0.0001,0,0,0,0.0001,0.0001,0,0,0,0.0001,0,0,0,0.0001,0.0002,0.0001,0,0.0001,0,0,0.3204,0.2807,0.3204,0.2807,
0,0,0.68,0,1.3601,0.68,0.68,0,0.68,0,0.68,0,0,0,0.68,0,0,0.68,0.68,0.68,0,0,0.0001,0,0.0002,0.0001,0.0001,0,0.0001,0,0.0001,0,0,0,0.0001,0,0,0.0001,0.0001,0.0001,0.1919,0.128,0.1919,0.128,
0.359,0.359,0.359,1.7951,1.7951,1.077,0.359,1.4361,1.077,1.4361,1.077,0.718,0.359,0.718,0.718,0.359,1.4361,0.359,0.359,1.077,0,0,0,0.0001,0.0001,0.0001,0,0.0001,0.0001,0.0001,0.0001,0,0,0,0,0,0.0001,0,0,0.0001,0.291,0.35,0.291,0.35,
0.7751,1.1627,0.3876,0,0,0.7751,0.7751,0.7751,1.9378,0,1.1627,0,0.3876,0.7751,2.713,0.7751,0.3876,1.9378,0,0,0,0.0001,0,0,0,0,0,0,0.0001,0,0.0001,0,0,0,0.0002,0,0,0.0001,0,0,0.3148,0.2977,0.3148,0.2977,
0,0,0.6069,0,0,2.4275,0,1.2138,0.6069,0,0,1.2138,1.2138,0.6069,0.6069,1.2138,0.6069,1.2138,0.6069,0,0,0,0.0001,0,0,0.0002,0,0.0001,0.0001,0,0,0.0001,0.0001,0.0001,0.0001,0.0001,0.0001,0.0001,0.0001,0,0.1776,0.2155,0.1776,0.2155,
0,0.6908,0.6908,1.3816,1.3816,0.3454,0.6908,0.3454,0.6908,1.3816,1.0362,1.0362,1.0362,1.0362,1.0362,0.3454,1.727,1.0362,0.6908,0.6908,0,0,0,0.0001,0.0001,0,0,0,0,0.0001,0.0001,0.0001,0.0001,0.0001,0.0001,0,0.0001,0.0001,0,0,0.3674,0.2872,0.3674,0.2872,
0.4475,1.79,0.4475,0.895,0.4475,0.4475,0.895,0.895,0.4475,0,0.4475,1.79,0.895,0.895,1.3425,1.3425,0,0.4475,0,2.2375,0,0.0001,0,0,0,0,0,0,0,0,0,0.0001,0,0,0.0001,0.0001,0,0,0,0.0001,0.2799,0.2726,0.2799,0.2726,
0,0,1.1935,0,0,0.5967,0.5967,1.1935,0,1.1935,0,1.7902,0.5967,0,1.1935,0.5967,1.1935,0,0,0.5967,0,0,0.0001,0,0,0.0001,0.0001,0.0001,0,0.0001,0,0.0002,0.0001,0,0.0001,0.0001,0.0001,0,0,0.0001,0.2394,0.1639,0.2394,0.1639,
3.2306,0,0.6461,0.6461,1.9384,0,0,3.2306,0.6461,3.2306,0.6461,1.2922,0.6461,0.6461,0,0.6461,1.9384,1.9384,0,0.6461,0.0003,0,0.0001,0.0001,0.0002,0,0,0.0003,0.0001,0.0003,0.0001,0.0001,0.0001,0.0001,0,0.0001,0.0002,0.0002,0,0.0001,0.179,0.1749,0.179,0.1749,
1.8188,0.9094,0,0.4547,1.3641,0.9094,0,0.9094,0.9094,0,0.4547,0.9094,3.6376,1.3641,0.4547,2.2735,0.4547,0.4547,1.3641,1.3641,0.0001,0,0,0,0.0001,0,0,0,0,0,0,0,0.0001,0.0001,0,0.0001,0,0,0.0001,0.0001,0.272,0.2733,0.272,0.2733,
0.5115,1.023,0.5115,1.5345,0.5115,0.5115,0,0.5115,2.5576,0.5115,1.023,1.023,0.5115,0.5115,0,1.023,1.023,0.5115,0.5115,0,0,0.0001,0,0.0001,0,0,0,0,0.0002,0,0.0001,0.0001,0,0,0,0.0001,0.0001,0,0,0,0.2366,0.2518,0.2366,0.2518,
0,1.116,0,0.744,0,0.744,0.372,1.116,1.8601,0,0.372,1.116,0.744,0.744,2.2321,0.372,0,2.2321,0,0,0,0.0001,0,0,0,0,0,0.0001,0.0001,0,0,0.0001,0,0,0.0001,0,0,0.0001,0,0,0.3106,0.3173,0.3106,0.3173,
0.9378,2.8134,1.8756,0.4689,0.4689,1.8756,0,0.4689,0.4689,0.9378,0,0.4689,0.9378,0,1.4067,0.9378,1.8756,0.9378,0,0.4689,0,0.0001,0.0001,0,0,0.0001,0,0,0,0,0,0,0,0,0.0001,0,0.0001,0,0,0,0.2709,0.2602,0.2709,0.2602,
1.3081,0,0.8721,0.436,3.0522,0.8721,0,1.3081,0.436,3.0522,0.436,0.436,1.3081,0,0.8721,1.7441,1.3081,0.8721,0.436,0.436,0.0001,0,0,0,0.0001,0,0,0.0001,0,0.0001,0,0,0.0001,0,0,0.0001,0.0001,0,0,0,0.2745,0.2895,0.2745,0.2895,
0,1.6025,0,2.1366,0.5342,0,1.0683,0,0.5342,2.6708,1.0683,0.5342,0.5342,0,0,1.0683,0.5342,1.0683,1.0683,1.0683,0,0.0001,0,0.0001,0,0,0.0001,0,0,0.0001,0.0001,0,0,0,0,0.0001,0,0.0001,0.0001,0.0001,0.2633,0.2025,0.2633,0.2025,
0,1.0394,0.3465,1.7323,0,0,0.3465,0.3465,2.4252,1.3858,0.3465,2.0787,0.6929,0.3465,2.4252,0.3465,1.7323,0.6929,0,0.6929,0,0.0001,0,0.0001,0,0,0,0,0.0002,0.0001,0,0.0001,0,0,0.0002,0,0.0001,0,0,0,0.3125,0.3411,0.3125,0.3411,
1.035,3.1049,1.035,1.725,0.345,1.035,2.415,0.69,0.69,0.69,0.69,0,0.345,0.345,0.69,0.345,0.345,1.035,0,0.345,0,0.0001,0,0.0001,0,0,0.0001,0,0,0,0,0,0,0,0,0,0,0,0,0,0.2965,0.3585,0.2965,0.3585,
2.0552,0,0,0,0.3425,1.3701,0.3425,0.3425,1.7127,1.3701,0.3425,0,0.3425,0.3425,4.1104,0.6851,1.0276,0.3425,0,0.3425,0.0002,0,0,0,0,0.0001,0,0,0.0001,0.0001,0,0,0,0,0.0004,0.0001,0.0001,0,0,0,0.3108,0.3467,0.3108,0.3467,
0.6224,0,0.6224,1.2448,1.8672,1.2448,0,2.4896,0.6224,3.7344,0.6224,0.6224,0.6224,1.2448,0.6224,0,2.4896,2.4896,0,0.6224,0.0001,0,0.0001,0.0001,0.0002,0.0001,0,0.0002,0.0001,0.0003,0.0001,0.0001,0.0001,0.0001,0.0001,0,0.0002,0.0002,0,0.0001,0.199,0.1786,0.199,0.1786,
2.3504,1.4102,0,0.4701,1.8803,0.9402,0,0,0,0.9402,0.4701,1.4102,0,0.4701,1.4102,2.3504,0,1.4102,0.9402,0,0.0001,0.0001,0,0,0.0001,0,0,0,0,0,0,0.0001,0,0,0.0001,0.0001,0,0.0001,0,0,0.246,0.2839,0.246,0.2839,
0.345,0,0,0,0.345,1.7249,0.345,0.345,1.3799,0.6899,0.6899,0,0,0,5.1746,1.3799,1.7249,1.3799,0,0,0,0,0,0,0,0.0002,0,0,0.0001,0.0001,0.0001,0,0,0,0.0005,0.0001,0.0002,0.0001,0,0,0.3639,0.2911,0.3639,0.2911,
1.6912,0.6765,1.6912,0,1.353,1.0147,0.6765,1.0147,1.0147,1.353,1.0147,0,0.6765,1.0147,1.353,0.3382,0.3382,0.6765,0.3382,0.6765,0.0001,0,0.0001,0,0.0001,0,0,0,0,0.0001,0,0,0,0,0.0001,0,0,0,0,0,0.3353,0.3265,0.3353,0.3265,
0.7728,0.7728,0.3864,1.1593,0,0.3864,1.9321,0.7728,0.7728,0.7728,0,1.1593,0.7728,1.1593,0,0.3864,1.1593,0.3864,1.1593,1.5457,0,0,0,0.0001,0,0,0.0001,0,0,0,0,0.0001,0,0.0001,0,0,0.0001,0,0.0001,0.0001,0.3271,0.2865,0.3271,0.2865,
0.8498,0.4249,1.2746,1.2746,0.4249,1.2746,0.8498,0,0,0,0.4249,2.1244,0,0.8498,1.2746,1.2746,0.8498,0.4249,0.4249,0.4249,0.0001,0,0.0001,0.0001,0,0.0001,0.0001,0,0,0,0,0.0002,0,0.0001,0.0001,0.0001,0.0001,0,0,0,0.2751,0.3001,0.2751,0.3001,
1.8962,0,1.2641,0.6321,0,0,0,0.6321,0,1.8962,0,0,0,0.6321,0.6321,0,0.6321,1.2641,0,0.6321,0.0002,0,0.0001,0.0001,0,0,0,0.0001,0,0.0002,0,0,0,0.0001,0.0001,0,0.0001,0.0001,0,0.0001,0.203,0.165,0.203,0.165,
2.4698,0,0.494,0,0.9879,1.4819,0.494,2.4698,0.9879,4.9396,1.4819,0,0,0.494,0,1.4819,0,2.9638,0.494,1.4819,0.0001,0,0,0,0.0001,0.0001,0,0.0001,0.0001,0.0003,0.0001,0,0,0,0,0.0001,0,0.0002,0,0.0001,0.2386,0.2675,0.2386,0.2675,
0.8784,1.7567,0.8784,0.8784,0.4392,1.3176,0.4392,0.4392,0.8784,0,0.8784,2.1959,0.8784,0.8784,0,0.4392,0.8784,0.4392,0.8784,1.3176,0,0.0001,0,0,0,0.0001,0,0,0,0,0,0.0001,0,0,0,0,0,0,0,0.0001,0.3027,0.2581,0.3027,0.2581,
1.8445,0.4611,0.4611,0,0,1.3833,0,0,0.4611,0.9222,0,1.3833,0.9222,0.9222,1.3833,0.9222,2.3056,0.9222,0.4611,0.9222,0.0001,0,0,0,0,0.0001,0,0,0,0.0001,0,0.0001,0.0001,0.0001,0.0001,0.0001,0.0002,0.0001,0,0.0001,0.2794,0.2595,0.2794,0.2595,
1.0123,0,1.0123,0.5061,1.5184,2.0246,0,2.0246,0,3.543,0.5061,0,1.0123,1.0123,1.0123,0,1.0123,1.5184,0,1.0123,0.0001,0,0.0001,0,0.0001,0.0001,0,0.0001,0,0.0002,0,0,0.0001,0.0001,0.0001,0,0.0001,0.0001,0,0.0001,0.269,0.2249,0.269,0.2249,
0,1.5325,2.0434,1.0217,1.5325,0.5108,0,0,0,0.5108,0.5108,0.5108,1.5325,0.5108,0,0.5108,1.5325,2.0434,0.5108,1.0217,0,0.0001,0.0001,0,0.0001,0,0,0,0,0,0,0,0.0001,0,0,0,0.0001,0.0001,0,0,0.2893,0.1998,0.2893,0.1998,
0.7061,0,0.7061,1.4122,0.353,0.7061,0.7061,1.0591,0.7061,0.7061,0.353,0.7061,1.4122,1.0591,1.0591,1.0591,0.7061,0.353,0.7061,1.7652,0,0,0,0.0001,0,0,0,0.0001,0,0,0,0,0.0001,0.0001,0.0001,0.0001,0,0,0,0.0001,0.2933,0.3537,0.2933,0.3537,
1.2681,0,0,0.634,1.9021,0.634,0,0,0,0,1.2681,0.634,0,0,1.2681,0.634,0,1.2681,0,0,0.0001,0,0,0.0001,0.0002,0.0001,0,0,0,0,0.0001,0.0001,0,0,0.0001,0.0001,0,0.0001,0,0,0.2245,0.1415,0.2245,0.1415,
0.7648,0.3824,0.7648,0.7648,0.7648,0.3824,0.3824,0,0.3824,2.2944,1.1472,0.3824,0.3824,1.5296,1.5296,1.1472,1.1472,0.3824,1.1472,0.7648,0,0,0,0,0,0,0,0,0,0.0001,0.0001,0,0,0.0001,0.0001,0.0001,0.0001,0,0.0001,0,0.3017,0.3159,0.3017,0.3159,
0.761,1.1415,0.761,0.761,0.3805,0.3805,0.761,0.761,0.761,0.3805,0.761,1.1415,1.1415,0.3805,1.1415,0.3805,1.522,1.522,1.522,0.761,0,0.0001,0,0,0,0,0,0,0,0,0,0.0001,0.0001,0,0.0001,0,0.0001,0.0001,0.0001,0,0.3022,0.3173,0.3022,0.3173,
2.699,0,0.4498,0,0.4498,0.8997,0,1.3495,0,3.5987,0.8997,0.4498,0.4498,0.4498,2.2492,1.3495,0,0.8997,0.4498,0,0.0002,0,0,0,0,0.0001,0,0.0001,0,0.0002,0.0001,0,0,0,0.0001,0.0001,0,0.0001,0,0,0.3039,0.2463,0.3039,0.2463,
1.3404,0,0.4468,0.4468,1.3404,0.4468,0,0.4468,0,0.4468,1.3404,1.3404,1.7871,0.8936,1.3404,0.4468,0.4468,0.4468,2.2339,1.3404,0.0001,0,0,0,0.0001,0,0,0,0,0,0.0001,0.0001,0.0001,0.0001,0.0001,0,0,0,0.0001,0.0001,0.2582,0.295,0.2582,0.295,
0.4071,0,0.8142,0.8142,1.2213,0.8142,0.4071,0.8142,0.8142,0.4071,1.2213,0.8142,0.8142,0.8142,0.8142,0.4071,1.2213,0.4071,0.4071,0.4071,0,0,0.0001,0.0001,0.0001,0.0001,0,0.0001,0.0001,0,0.0001,0.0001,0.0001,0.0001,0.0001,0,0.0001,0,0,0,0.2823,0.3106,0.2823,0.3106,
0.9943,1.4915,0.9943,1.4915,0.4972,0.9943,0.4972,0.9943,0.4972,0,0,1.4915,0.4972,0.4972,0,0.9943,1.9887,0,0.9943,0,0,0.0001,0,0.0001,0,0,0,0,0,0,0,0.0001,0,0,0,0,0.0001,0,0,0,0.249,0.2538,0.249,0.2538,
1.6232,1.2174,0.4058,1.6232,0.8116,1.2174,0,1.2174,1.6232,3.2464,1.2174,0,0,0,0.8116,1.2174,1.2174,2.029,0,0.8116,0.0001,0.0001,0,0.0001,0,0.0001,0,0.0001,0.0001,0.0002,0.0001,0,0,0,0,0.0001,0.0001,0.0001,0,0,0.3174,0.2768,0.3174,0.2768,
0.3443,0.3443,0.3443,0,0.3443,0.6886,0.3443,0.3443,2.4101,0.6886,0.3443,1.0329,0,0.6886,3.0986,0.6886,0.3443,1.7215,0,0.3443,0,0,0,0,0,0.0001,0,0,0.0002,0.0001,0,0.0001,0,0.0001,0.0002,0.0001,0,0.0001,0,0,0.3682,0.2875,0.3682,0.2875,
0,1.1704,0,0.3901,0.7803,0.3901,1.1704,0.7803,1.1704,1.1704,1.1704,0.7803,0.7803,1.1704,0.7803,0.7803,3.1212,0.7803,1.1704,1.5606,0,0.0001,0,0,0,0,0.0001,0,0.0001,0.0001,0.0001,0,0,0.0001,0,0,0.0002,0,0.0001,0.0001,0.3441,0.2657,0.3441,0.2657,
1.9683,0,0,0,0.328,0.9841,0.328,0,1.9683,0.6561,0.6561,0.328,0.328,0.6561,3.6085,0.328,0.9841,0.9841,0,0.328,0.0002,0,0,0,0,0.0001,0,0,0.0002,0.0001,0.0001,0,0,0.0001,0.0003,0,0.0001,0.0001,0,0,0.3447,0.3272,0.3447,0.3272,
1.6707,0,0,0,0.6683,1.0024,0.3341,0,1.6707,1.0024,0.6683,0.3341,0.3341,0.6683,3.3414,1.3365,1.0024,0.6683,0,0,0.0001,0,0,0,0.0001,0.0001,0,0,0.0001,0.0001,0.0001,0,0,0.0001,0.0003,0.0001,0.0001,0.0001,0,0,0.3544,0.3115,0.3544,0.3115,
1.3358,1.0019,1.3358,1.6698,0,0.6679,0.6679,0.334,1.0019,0.334,0.6679,0,0.6679,0.334,2.0037,0.6679,1.0019,0.334,1.0019,0.6679,0.0001,0.0001,0.0001,0.0001,0,0,0,0,0.0001,0,0,0,0,0,0.0001,0,0.0001,0,0.0001,0,0.3098,0.3563,0.3098,0.3563,
3.0248,1.0083,0.5041,0,2.5207,0,0.5041,2.5207,1.0083,2.0166,1.5124,1.0083,0,1.0083,0,1.0083,1.5124,0,0,0.5041,0.0001,0,0,0,0.0001,0,0,0.0001,0,0.0001,0.0001,0,0,0,0,0,0.0001,0,0,0,0.2511,0.2447,0.2511,0.2447,
0.4314,0.4314,0.4314,0,0.8628,0.8628,0.8628,1.7256,1.2942,0.4314,0.4314,0.4314,1.2942,0.4314,1.7256,0.8628,0.8628,0.8628,0.4314,0,0,0,0,0,0.0001,0.0001,0.0001,0.0001,0.0001,0,0,0,0.0001,0,0.0001,0.0001,0.0001,0.0001,0,0,0.2763,0.2922,0.2763,0.2922,
1.4641,0.366,1.0981,0.732,0.366,0.732,0.732,1.4641,0.732,0.732,0.366,0,1.0981,1.4641,0.366,1.4641,1.0981,0.366,1.4641,1.0981,0.0001,0,0.0001,0,0,0,0,0.0001,0,0,0,0,0.0001,0.0001,0,0.0001,0.0001,0,0.0001,0.0001,0.3127,0.3212,0.3127,0.3212,
2.4223,0.8074,0.8074,1.2111,0,1.6148,0.4037,1.2111,0.8074,1.6148,1.2111,2.0186,1.2111,0,0.4037,0.4037,1.2111,0,0,0.4037,0.0001,0,0,0.0001,0,0.0001,0,0.0001,0,0.0001,0.0001,0.0001,0.0001,0,0,0,0.0001,0,0,0,0.2948,0.3015,0.2948,0.3015,
0.5455,0,0.5455,0,1.091,1.091,0,2.182,1.091,6.5459,0.5455,0.5455,2.182,0.5455,0,1.6365,0.5455,2.182,0.5455,1.091,0,0,0,0,0.0001,0.0001,0,0.0001,0.0001,0.0003,0,0,0.0001,0,0,0.0001,0,0.0001,0,0.0001,0.2294,0.2252,0.2294,0.2252,
0.3999,0,3.9987,1.5995,1.5995,1.1996,0.3999,0.7997,0.3999,0,0.7997,0.3999,0.3999,1.5995,0.3999,0.7997,0.7997,1.5995,0,0,0,0,0.0003,0.0001,0.0001,0.0001,0,0.0001,0,0,0.0001,0,0,0.0001,0,0.0001,0.0001,0.0001,0,0,0.3018,0.2984,0.3018,0.2984,
0,1.2022,0.4007,0.4007,0,0.8015,0.4007,1.603,4.0074,0,0.8015,0.4007,0.8015,0.8015,0.8015,0.4007,0.4007,1.603,0,0,0,0.0001,0,0,0,0.0001,0,0.0001,0.0003,0,0.0001,0,0.0001,0.0001,0.0001,0,0,0.0001,0,0,0.3265,0.2728,0.3265,0.2728,
1.4955,0,0.997,0,0.4985,1.994,1.4955,0.4985,0.4985,1.994,0,1.4955,0.4985,0,0.4985,0.997,0.4985,0,0.4985,0.4985,0.0001,0,0.0001,0,0,0.0001,0.0001,0,0,0.0001,0,0.0001,0,0,0,0.0001,0,0,0,0,0.258,0.2435,0.258,0.2435,
1.8691,0,0.623,0,1.8691,0.623,0,2.4921,0,3.7382,0.623,0,0,0.623,0.623,1.8691,1.2461,1.2461,0,0.623,0.0001,0,0,0,0.0001,0,0,0.0002,0,0.0003,0,0,0,0,0,0.0001,0.0001,0.0001,0,0,0.1877,0.1893,0.1877,0.1893,
0,0.6544,0,0,0.6544,0.6544,0.6544,0.6544,0.6544,0,0.6544,0,0,0.6544,0.6544,1.3088,0,0,0.6544,0,0,0.0001,0,0,0.0001,0.0001,0.0001,0.0001,0.0001,0,0.0001,0,0,0.0001,0.0001,0.0001,0,0,0.0001,0,0.1879,0.1577,0.1879,0.1577,
1.4286,0.3571,0.3571,0,0.3571,0.7143,0.3571,1.0714,2.5,1.0714,0.3571,0.7143,0.3571,0.7143,2.5,0.3571,0.3571,0.7143,0,0.3571,0.0001,0,0,0,0,0.0001,0,0.0001,0.0002,0.0001,0,0.0001,0,0.0001,0.0002,0,0,0.0001,0,0,0.3622,0.2807,0.3622,0.2807,
0,0,2.1879,0,0,0,0,0.7293,0.7293,0.7293,1.4586,0,0.7293,1.4586,0,1.4586,0,0,1.4586,0,0,0,0.0002,0,0,0,0,0.0001,0.0001,0.0001,0.0001,0,0.0001,0.0001,0,0.0001,0,0,0.0001,0,0.1386,0.1321,0.1386,0.1321,
0,0,0.6303,1.8909,0.6303,0,1.2606,1.2606,0,0.6303,0,0,1.8909,0,0,0.6303,0,0.6303,0,0,0,0,0.0001,0.0002,0.0001,0,0.0001,0.0001,0,0.0001,0,0,0.0002,0,0,0.0001,0,0.0001,0,0,0.1933,0.1764,0.1933,0.1764,
0.4937,0,0.4937,0.9874,0.9874,0.4937,0,0.4937,2.4684,0,0.4937,0,0.9874,0.4937,0,0.9874,0.9874,0,0,0.9874,0,0,0,0.0001,0.0001,0,0,0,0.0002,0,0,0,0.0001,0,0,0.0001,0.0001,0,0,0.0001,0.2663,0.24,0.2663,0.24,
2.4222,0,0,0.8074,0,0.8074,0,0,0,0.8074,0,0,0,0,0.8074,1.6148,1.6148,0,0,0,0.0005,0,0,0.0002,0,0.0002,0,0,0,0.0002,0,0,0,0,0.0002,0.0003,0.0003,0,0,0,0.0975,0.0951,0.0975,0.0951,
0,0,0.3673,1.8366,2.2039,0.7346,1.4693,1.4693,0.3673,1.102,1.4693,0,1.102,0.7346,0.7346,0.7346,0.3673,0.7346,1.102,0.3673,0,0,0,0.0001,0.0002,0.0001,0.0001,0.0001,0,0.0001,0.0001,0,0.0001,0.0001,0.0001,0.0001,0,0.0001,0.0001,0,0.3308,0.3018,0.3308,0.3018,
0.5655,0,0.5655,0.5655,1.1309,0.5655,0,1.1309,0,0.5655,1.1309,0.5655,0.5655,0.5655,1.1309,0.5655,2.2619,0,0.5655,1.1309,0,0,0,0,0.0001,0,0,0.0001,0,0,0.0001,0,0,0,0.0001,0,0.0002,0,0,0.0001,0.2572,0.1773,0.2572,0.1773,
1.1776,1.1776,0.3925,0,0,0.7851,0.3925,1.1776,2.7478,0,0.3925,0.3925,0,0.7851,1.5701,1.1776,0,2.3552,0,0,0.0001,0.0001,0,0,0,0,0,0.0001,0.0002,0,0,0,0,0,0.0001,0.0001,0,0.0001,0,0,0.3206,0.2869,0.3206,0.2869,
0.3553,0.3553,0.7106,0.3553,2.4872,1.4212,1.0659,1.4212,0.3553,0,0.7106,0.7106,0.7106,0.7106,1.4212,0.3553,0.7106,0.7106,1.7765,0.3553,0,0,0,0,0.0001,0.0001,0.0001,0.0001,0,0,0,0,0,0,0.0001,0,0,0,0.0001,0,0.3005,0.3442,0.3005,0.3442,
0,0,0.765,1.5301,0,0,0,0,0.765,0,0,0,0.765,0,1.5301,0.765,0.765,0.765,0,0,0,0,0.0002,0.0004,0,0,0,0,0.0002,0,0,0,0.0002,0,0.0004,0.0002,0.0002,0.0002,0,0,0.1218,0.1132,0.1218,0.1132,
2.4042,0,0,0,0.3435,1.3738,0.3435,0,1.7173,1.3738,0.3435,0,0.3435,0.3435,4.1214,0.6869,0.6869,0.6869,0,0.3435,0.0002,0,0,0,0,0.0001,0,0,0.0001,0.0001,0,0,0,0,0.0004,0.0001,0.0001,0.0001,0,0,0.3122,0.3444,0.3122,0.3444,
0,0,0.4307,1.7228,1.2921,0.8614,1.2921,0.8614,0.8614,0.8614,0.8614,0,0.8614,0.4307,1.2921,0.4307,0.4307,1.7228,0.4307,0,0,0,0,0.0001,0.0001,0.0001,0.0001,0.0001,0.0001,0.0001,0.0001,0,0.0001,0,0.0001,0,0,0.0001,0,0,0.3416,0.2277,0.3416,0.2277,
0.3324,0.9971,0.6648,1.3295,0,0.3324,0.6648,0.3324,1.9943,0.6648,0.6648,1.9943,0.3324,0,1.9943,0.6648,1.6619,0.9971,0,0.6648,0,0.0001,0,0.0001,0,0,0,0,0.0001,0,0,0.0001,0,0,0.0001,0,0.0001,0.0001,0,0,0.3171,0.3505,0.3171,0.3505,
0,1.1976,0,1.5967,1.1976,0.7984,0.7984,0.3992,1.1976,0.7984,0.3992,0.7984,0.7984,0.3992,1.1976,0.7984,1.1976,0.7984,0,0.3992,0,0.0001,0,0.0001,0.0001,0,0,0,0.0001,0,0,0,0,0,0.0001,0,0.0001,0,0,0,0.2802,0.3206,0.2802,0.3206,
0.4609,0.9218,0,0.4609,1.8437,0.9218,0.4609,1.8437,0.9218,0.9218,1.3828,2.3046,1.3828,0,0.9218,0,0.4609,1.3828,0.4609,0,0,0,0,0,0.0001,0,0,0.0001,0,0,0.0001,0.0001,0.0001,0,0,0,0,0.0001,0,0,0.2728,0.2663,0.2728,0.2663,
0.7267,0.3633,0.3633,0,0,0.7267,0.3633,0.3633,2.18,1.09,0.3633,0.7267,0,1.09,2.9067,0.7267,0.3633,1.8167,0,0.7267,0.0001,0,0,0,0,0.0001,0,0,0.0002,0.0001,0,0.0001,0,0.0001,0.0002,0.0001,0,0.0001,0,0.0001,0.3432,0.2935,0.3432,0.2935,
0,0.6511,0.6511,0,0.6511,0.6511,0,0.6511,0.6511,5.8601,1.3022,0,0.6511,0,0.6511,1.9534,0.6511,1.9534,1.9534,0.6511,0,0,0,0,0,0,0,0,0,0.0003,0.0001,0,0,0,0,0.0001,0,0.0001,0.0001,0,0.2184,0.1305,0.2184,0.1305,
1.0948,0,0,0,0,0.5474,1.6422,0,2.737,0.5474,0,0,0,0,6.5687,1.0948,0.5474,0,0,0,0.0002,0,0,0,0,0.0001,0.0002,0,0.0004,0.0001,0,0,0,0,0.001,0.0002,0.0001,0,0,0,0.2095,0.2431,0.2095,0.2431,
0.3589,1.0768,1.4358,0.7179,1.0768,1.0768,0.3589,0.3589,0.3589,0.7179,0.7179,0.7179,1.0768,0.3589,1.4358,1.4358,0.3589,0,1.0768,0.7179,0,0.0001,0.0001,0,0.0001,0.0001,0,0,0,0,0,0,0.0001,0,0.0001,0.0001,0,0,0.0001,0,0.3107,0.3303,0.3107,0.3303,
0.5087,0,1.0174,1.0174,0,2.0348,0.5087,0.5087,0,1.0174,1.5261,0.5087,1.5261,0,0,1.0174,0,1.0174,1.0174,1.0174,0,0,0.0001,0.0001,0,0.0001,0,0,0,0.0001,0.0001,0,0.0001,0,0,0.0001,0,0.0001,0.0001,0.0001,0.2151,0.2762,0.2151,0.2762,
0.7504,0,0.3752,0.7504,0.7504,0.7504,0.7504,0.7504,1.1256,0.3752,1.1256,1.5008,0,0.3752,1.5008,0.7504,0.7504,0.3752,0.7504,0.7504,0.0001,0,0,0.0001,0.0001,0.0001,0.0001,0.0001,0.0001,0,0.0001,0.0001,0,0,0.0001,0.0001,0.0001,0,0.0001,0.0001,0.3328,0.292,0.3328,0.292,
0.3683,0.3683,0,0.7366,1.4732,1.8415,1.1049,1.1049,1.4732,0.7366,0.3683,0.7366,1.4732,0.3683,1.1049,1.8415,0.3683,0.7366,0.7366,1.4732,0,0,0,0,0.0001,0.0001,0.0001,0.0001,0.0001,0,0,0,0.0001,0,0.0001,0.0001,0,0,0,0.0001,0.3283,0.3034,0.3283,0.3034,
1.6114,2.4171,0.4029,0.8057,0.4029,0.4029,0.8057,1.2086,1.6114,1.2086,0.4029,1.2086,1.2086,0.4029,0,2.0143,1.6114,0.8057,1.2086,0,0.0001,0.0001,0,0,0,0,0,0,0.0001,0,0,0,0,0,0,0.0001,0.0001,0,0,0,0.2861,0.311,0.2861,0.311,
1.8281,0.6094,0.6094,0.6094,0,0,0,1.2187,0.6094,0,0.6094,0,0,1.2187,0.6094,0.6094,0.6094,0,0.6094,0,0.0002,0.0001,0.0001,0.0001,0,0,0,0.0001,0.0001,0,0.0001,0,0,0.0001,0.0001,0.0001,0.0001,0,0.0001,0,0.1938,0.1968,0.1938,0.1968,
1.3474,0.4491,0.4491,0,1.3474,2.2457,0.4491,0.8983,1.3474,3.144,0.4491,1.3474,0.8983,0.8983,0.4491,1.7966,1.7966,0.8983,0.4491,0.4491,0.0001,0,0,0,0.0001,0.0001,0,0,0.0001,0.0002,0,0.0001,0,0,0,0.0001,0.0001,0,0,0,0.2947,0.2562,0.2947,0.2562,
1.4307,0.4769,0.9538,0,0.4769,0.4769,0,1.9075,0.9538,3.3382,0.9538,0,0,0,0.9538,3.8151,1.4307,0.4769,0,0,0.0001,0,0.0001,0,0,0,0,0.0001,0.0001,0.0002,0.0001,0,0,0,0.0001,0.0002,0.0001,0,0,0,0.2876,0.2355,0.2876,0.2355,
1.0871,0.5436,2.1743,0,0,0.5436,1.0871,0.5436,0.5436,0.5436,0.5436,0.5436,1.0871,0.5436,0,0,0.5436,0.5436,1.0871,0.5436,0.0001,0,0.0001,0,0,0,0.0001,0,0,0,0,0,0.0001,0,0,0,0,0,0.0001,0,0.2645,0.192,0.2645,0.192,
0.4521,0.4521,0,0.9042,0.4521,0.9042,0.4521,0.9042,0.4521,0,0,0,1.3563,1.3563,1.8083,2.2604,0.4521,0.4521,0.9042,0.4521,0,0,0,0.0001,0,0.0001,0,0.0001,0,0,0,0,0.0001,0.0001,0.0001,0.0002,0,0,0.0001,0,0.3006,0.2473,0.3006,0.2473,
1.065,1.065,0.5325,0,0.5325,1.5976,1.065,1.5976,0.5325,1.065,0,0.5325,1.5976,1.065,0,1.5976,1.5976,2.6626,0.5325,1.065,0.0001,0.0001,0,0,0,0.0001,0.0001,0.0001,0,0.0001,0,0,0.0001,0.0001,0,0.0001,0.0001,0.0001,0,0.0001,0.2411,0.2264,0.2411,0.2264,
2.1157,0,0.7052,0,0.7052,2.1157,0,0,0,2.8209,0,0,0,0,0,0,0.7052,0.7052,0,1.4105,0.0002,0,0.0001,0,0.0001,0.0002,0,0,0,0.0002,0,0,0,0,0,0,0.0001,0.0001,0,0.0001,0.1318,0.163,0.1318,0.163,
0,0.5423,0,1.6268,0.5423,0.5423,0.5423,0.5423,1.0846,0.5423,0,0.5423,1.0846,1.0846,0,0.5423,1.6268,1.6268,1.6268,0,0,0,0,0.0001,0,0,0,0,0.0001,0,0,0,0.0001,0.0001,0,0,0.0001,0.0001,0.0001,0,0.2188,0.2389,0.2188,0.2389,
0.9573,0,0.9573,0,0.9573,0,0.4786,0,1.4359,0.9573,0.4786,0.9573,0,0.4786,0.9573,1.4359,0.9573,1.4359,0,0.9573,0.0001,0,0.0001,0,0.0001,0,0,0,0.0001,0.0001,0,0.0001,0,0,0.0001,0.0001,0.0001,0.0001,0,0.0001,0.2432,0.2782,0.2432,0.2782,
0.9382,0.9382,0.4691,0.4691,1.4074,0.9382,0.4691,0.9382,0,0.4691,0.4691,1.8765,0.9382,0,0.9382,0.4691,0.4691,1.4074,0.9382,0.9382,0,0,0,0,0.0001,0,0,0,0,0,0,0.0001,0,0,0,0,0,0.0001,0,0,0.2761,0.2548,0.2761,0.2548,
0,0.4338,0,0.8677,0,0.4338,0.4338,3.0368,1.3015,1.3015,1.3015,0,0.4338,0.4338,1.7353,1.3015,1.3015,1.3015,0.4338,2.1692,0,0,0,0.0001,0,0,0,0.0002,0.0001,0.0001,0.0001,0,0,0,0.0001,0.0001,0.0001,0.0001,0,0.0001,0.3423,0.2238,0.3423,0.2238,
1.7692,0,0,0,2.9486,4.7177,0,2.9486,0,2.3589,0.5897,2.3589,0,0,0,3.5383,0,1.7692,0,2.3589,0.0001,0,0,0,0.0001,0.0002,0,0.0001,0,0.0001,0,0.0001,0,0,0,0.0002,0,0.0001,0,0.0001,0.2112,0.1991,0.2112,0.1991,
1.7592,0,0,0,0,0,0.5864,0,0.5864,1.7592,1.1728,0,2.9321,4.6913,1.1728,0.5864,0,0.5864,0,0,0.0002,0,0,0,0,0,0.0001,0,0.0001,0.0002,0.0001,0,0.0003,0.0005,0.0001,0.0001,0,0.0001,0,0,0.2125,0.2011,0.2125,0.2011,
0.3122,0.6244,1.561,0.6244,0.3122,0.6244,0.9366,0.6244,1.2488,0.6244,0.9366,0.3122,0.3122,0.9366,1.561,0.9366,0.9366,0.9366,0.3122,0.6244,0,0,0.0001,0,0,0,0.0001,0,0.0001,0,0.0001,0,0,0.0001,0.0001,0.0001,0.0001,0.0001,0,0,0.3398,0.348,0.3398,0.348,
1.0735,0,1.0735,0,1.0735,2.1469,0,2.1469,0.5367,1.0735,0,1.0735,1.0735,1.6102,0,2.6836,1.6102,1.6102,0,0.5367,0.0001,0,0.0001,0,0.0001,0.0001,0,0.0001,0,0.0001,0,0.0001,0.0001,0.0001,0,0.0001,0.0001,0.0001,0,0,0.2481,0.2152,0.2481,0.2152,
1.4446,0,0,0,0.9631,1.4446,0.4815,0,0.4815,2.4077,0.4815,0.9631,0.9631,0.4815,1.9261,0.9631,1.9261,2.8892,0.9631,0,0.0001,0,0,0,0.0001,0.0001,0,0,0,0.0002,0,0.0001,0.0001,0,0.0001,0.0001,0.0001,0.0002,0.0001,0,0.3065,0.212,0.3065,0.212,
0.3076,0,0.3076,0.3076,0.9227,0.6151,1.5378,0.3076,1.8453,0.3076,0.6151,1.2302,0.3076,0.9227,1.2302,0.9227,0.6151,1.5378,0.9227,0,0,0,0,0,0.0001,0,0.0001,0,0.0001,0,0,0.0001,0,0.0001,0.0001,0.0001,0,0.0001,0.0001,0,0.3622,0.3303,0.3622,0.3303,
1.6748,1.0049,0.6699,1.3398,0.6699,0.335,1.3398,0.6699,0.6699,1.0049,1.0049,0,1.0049,1.3398,1.0049,1.6748,0,0.335,0.335,0.6699,0.0001,0.0001,0,0.0001,0,0,0.0001,0,0,0.0001,0.0001,0,0.0001,0.0001,0.0001,0.0001,0,0,0,0,0.338,0.327,0.338,0.327,
0,0.504,1.0079,0,0.504,1.0079,0.504,0.504,1.5119,1.0079,1.5119,0,1.0079,2.0159,0,0,0.504,0.504,1.0079,1.0079,0,0,0.0001,0,0,0.0001,0,0,0.0001,0.0001,0.0001,0,0.0001,0.0001,0,0,0,0,0.0001,0.0001,0.2569,0.2391,0.2569,0.2391,
0.4879,0,0.9758,1.9516,3.9032,0.9758,0.4879,0,0.9758,2.4395,0.4879,0,1.9516,0,0.4879,2.4395,0.9758,1.4637,0.4879,0.9758,0,0,0.0001,0.0001,0.0002,0.0001,0,0,0.0001,0.0001,0,0,0.0001,0,0,0.0001,0.0001,0.0001,0,0.0001,0.2456,0.2665,0.2456,0.2665,
0.802,0.401,0,1.6041,0.401,0.802,0.802,1.203,0.802,0,0,1.203,0.401,0.802,1.203,0.802,1.6041,1.6041,0.802,0.401,0.0001,0,0,0.0001,0,0.0001,0.0001,0.0001,0.0001,0,0,0.0001,0,0.0001,0.0001,0.0001,0.0001,0.0001,0.0001,0,0.3108,0.2882,0.3108,0.2882,
0,0,0,0,0,0.8538,0.8538,0,0,0.8538,0.8538,0,0.8538,0.8538,0,1.7075,1.7075,0.8538,0,0,0,0,0,0,0,0.0002,0.0002,0,0,0.0002,0.0002,0,0.0002,0.0002,0,0.0003,0.0003,0.0002,0,0,0.0876,0.0586,0.0876,0.0586,
0,0,1.0566,1.0566,0,1.5849,1.5849,1.5849,0.5283,1.0566,0.5283,0.5283,0.5283,0,1.0566,0.5283,0,0,0.5283,0.5283,0,0,0.0001,0.0001,0,0.0001,0.0001,0.0001,0,0.0001,0,0,0,0,0.0001,0,0,0,0,0,0.2396,0.2321,0.2396,0.2321,
0.3482,0,1.0446,0.6964,1.0446,0.6964,1.7409,0.3482,1.0446,0,2.4373,0.6964,1.0446,0.6964,0,1.7409,0.6964,0.6964,1.3927,0.3482,0,0,0.0001,0,0.0001,0,0.0001,0,0.0001,0,0.0001,0,0.0001,0,0,0.0001,0,0,0.0001,0,0.3188,0.333,0.3188,0.333,
0,0,0.7079,0,0,2.1236,0,0,1.4157,0.7079,1.4157,0.7079,0,0.7079,0.7079,0,0,0,0,0,0,0,0.0001,0,0,0.0003,0,0,0.0002,0.0001,0.0002,0.0001,0,0.0001,0.0001,0,0,0,0,0,0.1681,0.124,0.1681,0.124,
1.4593,1.9457,0.4864,0,0.4864,1.4593,0.4864,1.4593,0.4864,0.4864,1.4593,1.4593,0.9729,0.9729,0.9729,1.4593,0,0.4864,0.4864,0.9729,0.0001,0.0001,0,0,0,0.0001,0,0.0001,0,0,0.0001,0.0001,0,0,0,0.0001,0,0,0,0,0.2574,0.2562,0.2574,0.2562,
1.78,0,0,0.5933,0.5933,0,0,0,0.5933,0,0.5933,0.5933,0,0.5933,1.1867,0,0.5933,0,1.1867,1.1867,0.0002,0,0,0.0001,0.0001,0,0,0,0.0001,0,0.0001,0.0001,0,0.0001,0.0001,0,0.0001,0,0.0001,0.0001,0.2204,0.1863,0.2204,0.1863,
0.8595,0.4298,0,0,0.8595,0.4298,0.8595,1.2893,0.8595,1.719,0.8595,1.719,1.2893,0.4298,1.2893,0.8595,0.4298,0,0.8595,1.719,0,0,0,0,0,0,0,0.0001,0,0.0001,0,0.0001,0.0001,0,0.0001,0,0,0,0,0.0001,0.2821,0.2882,0.2821,0.2882,
1.6804,0,0,0,0.3361,1.3443,0.3361,0,2.0164,1.0082,0.6721,0,0.3361,0.6721,3.6968,1.0082,0.6721,0.6721,0,0.3361,0.0001,0,0,0,0,0.0001,0,0,0.0002,0.0001,0.0001,0,0,0.0001,0.0003,0.0001,0.0001,0.0001,0,0,0.3261,0.3379,0.3261,0.3379,
0.4365,1.3094,0.4365,0.8729,0,0.4365,0.8729,1.7459,0,0.4365,1.3094,1.3094,0.8729,0.8729,1.3094,0.8729,0.8729,0.8729,0.8729,0,0,0.0001,0,0,0,0,0,0.0001,0,0,0.0001,0.0001,0,0,0.0001,0,0,0,0,0,0.2789,0.2846,0.2789,0.2846,
1.0362,0,0.3454,1.727,0.6908,1.3816,1.0362,0.3454,1.3816,3.4541,0.6908,0.3454,0.6908,0.3454,0.6908,1.0362,0,0,0,1.727,0.0001,0,0,0.0001,0,0.0001,0.0001,0,0.0001,0.0002,0,0,0,0,0,0.0001,0,0,0,0.0001,0.324,0.3306,0.324,0.3306,
1.903,0,0.9515,0.4758,2.8545,0.4758,0,1.903,0.4758,1.903,0.4758,0.4758,1.4273,0,0.4758,0.9515,2.3788,1.4273,0.4758,0.4758,0.0001,0,0.0001,0,0.0002,0,0,0.0001,0,0.0001,0,0,0.0001,0,0,0.0001,0.0001,0.0001,0,0,0.2559,0.2684,0.2559,0.2684,
1.1797,0,0.7864,0,0.3932,0.7864,0.3932,0.3932,1.1797,0.7864,0.3932,0.3932,0,1.1797,2.7525,1.1797,0.3932,1.1797,0,1.5729,0.0001,0,0.0001,0,0,0.0001,0,0,0.0001,0.0001,0,0,0,0.0001,0.0002,0.0001,0,0.0001,0,0.0001,0.337,0.2698,0.337,0.2698,
0,0.5174,0.5174,1.5522,0,1.0348,1.0348,0.5174,1.0348,1.0348,1.0348,0.5174,0.5174,2.0696,0,0.5174,0.5174,0,1.0348,1.0348,0,0,0,0.0001,0,0.0001,0.0001,0,0.0001,0.0001,0.0001,0,0,0.0002,0,0,0,0,0.0001,0.0001,0.2813,0.2012,0.2813,0.2012,
1.7766,0,0.8883,0.8883,1.7766,0.8883,0.8883,0.4442,0.8883,0.8883,0,0.4442,0.4442,0,0.8883,0,0.8883,0.8883,0,0,0.0002,0,0.0001,0.0001,0.0002,0.0001,0.0001,0,0.0001,0.0001,0,0,0,0,0.0001,0,0.0001,0.0001,0,0,0.2992,0.2567,0.2992,0.2567,
0.7569,0,1.1353,1.8922,1.1353,0.7569,1.1353,1.5137,1.1353,0.7569,0.7569,0.7569,0,0,1.5137,0.3784,0,0.3784,0.3784,0,0.0001,0,0.0001,0.0001,0.0001,0.0001,0.0001,0.0001,0.0001,0.0001,0.0001,0.0001,0,0,0.0001,0,0,0,0,0,0.3008,0.3208,0.3008,0.3208,
1.7227,0,0.5742,0,1.7227,0.5742,0,2.2969,0.5742,2.8711,1.1484,1.1484,1.7227,0.5742,0.5742,1.7227,0,2.8711,0,0.5742,0.0001,0,0,0,0.0001,0,0,0.0001,0,0.0002,0.0001,0.0001,0.0001,0,0,0.0001,0,0.0002,0,0,0.2379,0.1878,0.2379,0.1878,
1.1462,0.7641,1.1462,2.6745,0.7641,0.7641,1.5283,0.3821,1.1462,0,0.3821,1.1462,0.7641,0.7641,0,0,1.1462,1.1462,0.3821,0.3821,0.0001,0,0.0001,0.0002,0,0,0.0001,0,0.0001,0,0,0.0001,0,0,0,0,0.0001,0.0001,0,0,0.3092,0.3087,0.3092,0.3087,
0.7947,0,0,0,0,0,0,0,0.7947,0.7947,0,0.7947,0.7947,0.7947,0,0,0.7947,1.5894,0.7947,0,0.0001,0,0,0,0,0,0,0,0.0001,0.0001,0,0.0001,0.0001,0.0001,0,0,0.0001,0.0003,0.0001,0,0.1257,0.0796,0.1257,0.0796,
0.4572,0.4572,0.4572,0,0.4572,0.4572,0,0.9145,0.9145,1.829,0,0.9145,0.9145,0,1.3717,0,3.2007,1.829,0.9145,0.4572,0,0,0,0,0,0,0,0.0001,0.0001,0.0001,0,0.0001,0.0001,0,0.0001,0,0.0002,0.0001,0.0001,0,0.3051,0.2377,0.3051,0.2377,
0,0,0,0,0.6928,0,1.3855,0,0,0,0,0,0,0.6928,0.6928,1.3855,1.3855,0,1.3855,0,0,0,0,0,0.0001,0,0.0002,0,0,0,0,0,0,0.0001,0.0001,0.0002,0.0002,0,0.0002,0,0.1653,0.142,0.1653,0.142,
0,0,0.6606,0.6606,0,1.3213,0.6606,0.6606,0,0.6606,0.6606,0,0,0,0.6606,0,0,0,0.6606,0.6606,0,0,0.0001,0.0001,0,0.0002,0.0001,0.0001,0,0.0001,0.0001,0,0,0,0.0001,0,0,0,0.0001,0.0001,0.187,0.1524,0.187,0.1524,
1.3823,0.6912,0.6912,1.3823,0.6912,0,0,0.6912,0.6912,0,0,0.6912,0.6912,0.6912,1.3823,1.3823,0,0.6912,0,0,0.0001,0.0001,0.0001,0.0001,0.0001,0,0,0.0001,0.0001,0,0,0.0001,0.0001,0.0001,0.0001,0.0001,0,0.0001,0,0,0.1462,0.1626,0.1462,0.1626,
1.8305,0,1.8305,0.4576,0.4576,0.4576,0.9152,0.9152,2.2881,0,0.4576,1.8305,0.4576,1.3728,0.4576,0,0,0,0,0.9152,0.0002,0,0.0002,0,0,0,0.0001,0.0001,0.0002,0,0,0.0002,0,0.0001,0,0,0,0,0,0.0001,0.2772,0.2652,0.2772,0.2652,
0.3426,0.6852,0.6852,1.7131,1.0279,0.6852,0.6852,0.3426,0.6852,0.6852,0.6852,0.6852,1.0279,0.6852,1.3705,1.0279,0.3426,0.3426,0.3426,1.3705,0,0,0,0.0001,0.0001,0,0,0,0,0,0,0,0.0001,0,0.0001,0.0001,0,0,0,0.0001,0.3874,0.27,0.3874,0.27,
0.46,0,0.9201,0.9201,0,0.46,1.3801,0.46,0.46,1.3801,1.3801,0.46,0.9201,0.9201,0.46,0.9201,0.9201,0,0,0.9201,0,0,0.0001,0.0001,0,0,0.0001,0,0,0.0001,0.0001,0,0.0001,0.0001,0,0.0001,0.0001,0,0,0.0001,0.2383,0.3016,0.2383,0.3016,
1.2516,0,0.6258,1.2516,0.6258,1.2516,0,0,0,0,0.6258,0.6258,1.2516,0.6258,0,0.6258,0.6258,0,1.2516,0.6258,0.0001,0,0.0001,0.0001,0.0001,0.0001,0,0,0,0,0.0001,0.0001,0.0001,0.0001,0,0.0001,0.0001,0,0.0001,0.0001,0.1916,0.1826,0.1916,0.1826,
0.4948,1.9792,0.9896,1.4844,1.4844,0.4948,0.4948,0.9896,0,0.9896,0.4948,2.474,0,0,0.4948,1.4844,0.4948,0.9896,0.4948,0.9896,0,0.0001,0,0.0001,0.0001,0,0,0,0,0,0,0.0001,0,0,0,0.0001,0,0,0,0,0.2096,0.2956,0.2096,0.2956,
0,0.4079,0.4079,1.2237,0.4079,0.8158,0.8158,0.4079,0.8158,0.8158,0.8158,0.4079,1.6316,1.2237,0.8158,0.8158,2.0395,0.4079,0.4079,0.8158,0,0,0,0.0001,0,0.0001,0.0001,0,0.0001,0.0001,0.0001,0,0.0001,0.0001,0.0001,0.0001,0.0001,0,0,0.0001,0.3097,0.2824,0.3097,0.2824,
0,0.5138,1.5415,0.5138,0.5138,0.5138,0,0.5138,2.0553,1.5415,0,0.5138,0.5138,0,0.5138,0,0.5138,2.0553,0,0,0,0,0.0001,0,0,0,0,0,0.0002,0.0001,0,0,0,0,0,0,0,0.0002,0,0,0.2671,0.2191,0.2671,0.2191,
0,0,0,0,0.8307,1.6614,0,0.8307,0,4.1534,0,0,1.6614,0,0,0,0.8307,0.8307,0,0,0,0,0,0,0.0001,0.0002,0,0.0001,0,0.0004,0,0,0.0002,0,0,0,0.0001,0.0001,0,0,0.0735,0.0958,0.0735,0.0958,
3.9122,2.1734,0,0,0,0,0,0,0.8694,0,0.8694,0.8694,1.7388,0.4347,2.6081,2.1734,1.3041,0.8694,0.8694,0,0.0002,0.0001,0,0,0,0,0,0,0,0,0,0,0.0001,0,0.0001,0.0001,0.0001,0,0,0,0.2401,0.3252,0.2401,0.3252,
0.4746,0,0,0,0,0.4746,0,0,0,0,0.4746,0,0.9492,0,10.4416,1.8985,0,0.9492,0,0,0.0001,0,0,0,0,0.0001,0,0,0,0,0.0001,0,0.0001,0,0.0013,0.0002,0,0.0001,0,0,0.2355,0.2899,0.2355,0.2899,
0.6922,0,0.3461,0,0.3461,1.0384,0.6922,0.3461,1.3845,1.3845,0.6922,1.0384,0.3461,0.3461,4.1534,1.3845,0.6922,0.3461,0,0.3461,0.0001,0,0,0,0,0.0001,0.0001,0,0.0001,0.0001,0.0001,0.0001,0,0,0.0003,0.0001,0.0001,0,0,0,0.3133,0.3406,0.3133,0.3406,
2.0003,0,0.6668,0.3334,0.6668,1.3335,1.0002,0.6668,0.3334,1.6669,0,0.6668,1.3335,0.3334,2.0003,0.3334,1.0002,1.3335,0.6668,0,0.0001,0,0,0,0,0.0001,0.0001,0,0,0.0001,0,0,0.0001,0,0.0001,0,0.0001,0.0001,0,0,0.3493,0.3173,0.3493,0.3173,
0.6225,0.9337,0.6225,0.9337,0.9337,1.8674,0.6225,0.9337,1.2449,0.6225,0,0.6225,0.9337,0.6225,0.6225,1.2449,0.3112,0.6225,0.9337,0.3112,0,0,0,0,0,0.0001,0,0,0.0001,0,0,0,0,0,0,0.0001,0,0,0,0,0.3442,0.3445,0.3442,0.3445,
1.5635,0.5212,0,1.0423,1.0423,2.0847,0,1.5635,0.5212,4.1694,0.5212,0,1.0423,1.5635,0.5212,0.5212,0.5212,1.0423,0,1.0423,0.0001,0,0,0.0001,0.0001,0.0001,0,0.0001,0,0.0002,0,0,0.0001,0.0001,0,0,0,0.0001,0,0.0001,0.223,0.2558,0.223,0.2558,
0.4758,0.9517,0.4758,0.9517,0.9517,0.9517,0,0,0.9517,0.4758,0.4758,0.4758,0,0.4758,0.9517,0.4758,1.4275,0.4758,0.9517,0,0,0.0001,0,0.0001,0.0001,0.0001,0,0,0.0001,0,0,0,0,0,0.0001,0,0.0001,0,0.0001,0,0.244,0.2802,0.244,0.2802,
0.3492,0,0,0,0.3492,1.3966,0.3492,0.3492,2.4441,1.0475,0.3492,0.3492,0.3492,0.3492,4.1898,0.3492,1.7458,0.6983,0.3492,0.3492,0,0,0,0,0,0.0001,0,0,0.0002,0.0001,0,0,0,0,0.0004,0,0.0002,0.0001,0,0,0.324,0.3268,0.324,0.3268,
0,0.7862,0.7862,0.7862,1.1794,0.7862,0.3931,0.3931,0.3931,0.7862,0.7862,0.7862,0,0.7862,1.1794,0.3931,0.3931,1.1794,1.1794,1.1794,0,0,0,0,0.0001,0,0,0,0,0,0,0,0,0,0.0001,0,0,0.0001,0.0001,0.0001,0.2855,0.3214,0.2855,0.3214,
0.4682,1.4046,0,0.9364,0,0.4682,0.9364,0.9364,1.4046,0.9364,0,0.4682,0.9364,0.4682,0.9364,0.9364,1.8728,0,0.4682,0.9364,0,0.0001,0,0.0001,0,0,0.0001,0.0001,0.0001,0.0001,0,0,0.0001,0,0.0001,0.0001,0.0001,0,0,0.0001,0.2941,0.2378,0.2941,0.2378,
0.5332,0,0.5332,0,1.0664,3.7324,0,2.1328,0,3.1992,1.0664,0,0.5332,0,0.5332,2.666,2.666,1.0664,0.5332,1.0664,0,0,0,0,0.0001,0.0002,0,0.0001,0,0.0002,0.0001,0,0,0,0,0.0001,0.0001,0.0001,0,0.0001,0.2204,0.2464,0.2204,0.2464,
2.2883,0.4577,0,0.9153,1.8307,0.4577,0.9153,0.4577,1.8307,0.4577,0.4577,1.373,1.373,0.4577,0.9153,1.373,0.4577,1.373,0.4577,0,0.0001,0,0,0.0001,0.0001,0,0.0001,0,0.0001,0,0,0.0001,0.0001,0,0.0001,0.0001,0,0.0001,0,0,0.235,0.3073,0.235,0.3073,
0.9091,0.4545,0.9091,0,0.9091,0,0.4545,0.9091,1.3636,0.9091,0,1.3636,1.3636,0.4545,1.3636,0.4545,0.9091,0.4545,0.4545,0.9091,0.0001,0,0.0001,0,0.0001,0,0,0.0001,0.0001,0.0001,0,0.0001,0.0001,0,0.0001,0,0.0001,0,0,0.0001,0.323,0.2225,0.323,0.2225,
1.18,3.54,0.59,0.59,0,1.18,0,1.77,1.18,1.18,0,0.59,1.18,0.59,0,0.59,1.18,1.18,0,1.18,0,0.0001,0,0,0,0,0,0.0001,0,0,0,0,0,0,0,0,0,0,0,0,0.2133,0.1967,0.2133,0.1967,
0,1.176,0,0,1.176,0,0,2.94,1.176,3.528,1.176,1.176,1.176,0,0,2.352,1.176,1.764,0,2.352,0,0.0001,0,0,0.0001,0,0,0.0001,0.0001,0.0002,0.0001,0.0001,0.0001,0,0,0.0001,0.0001,0.0001,0,0.0001,0.1895,0.2225,0.1895,0.2225,
0.9888,0.4944,0.4944,0,3.4609,0,0.4944,2.9664,1.4832,2.472,1.4832,1.4832,0.9888,0,0,0.9888,0.9888,1.4832,0,0,0.0001,0,0,0,0.0002,0,0,0.0002,0.0001,0.0001,0.0001,0.0001,0.0001,0,0,0.0001,0.0001,0.0001,0,0,0.2324,0.2732,0.2324,0.2732,
0,0.9604,1.4407,0.4802,0.9604,0,0.9604,0.9604,0,0.9604,1.4407,0.4802,1.4407,0.4802,0.9604,1.4407,0,0.4802,0.9604,0.9604,0,0.0001,0.0001,0,0.0001,0,0.0001,0.0001,0,0.0001,0.0001,0,0.0001,0,0.0001,0.0001,0,0,0.0001,0.0001,0.2946,0.2252,0.2946,0.2252,
0.662,0,0.331,0.331,0.662,1.324,0.993,0.662,1.324,0.331,0.662,0.662,0.331,1.324,1.9859,1.9859,0.331,0,0.662,0.662,0,0,0,0,0,0.0001,0.0001,0,0.0001,0,0,0,0,0.0001,0.0001,0.0001,0,0,0,0,0.3402,0.3288,0.3402,0.3288,
1.4266,0,0,0,2.8532,1.4266,0,2.1399,0.7133,0.7133,2.8532,0,0,0,0,0.7133,0.7133,1.4266,0.7133,0.7133,0.0001,0,0,0,0.0003,0.0001,0,0.0002,0.0001,0.0001,0.0003,0,0,0,0,0.0001,0.0001,0.0001,0.0001,0.0001,0.16,0.1267,0.16,0.1267,
0.7451,0,1.1176,0,0.3725,2.6078,0.3725,0.7451,2.9803,0,0.7451,1.8627,1.1176,1.8627,0,0.7451,0.7451,0.3725,0,0,0.0001,0,0.0001,0,0,0.0002,0,0.0001,0.0002,0,0.0001,0.0001,0.0001,0.0001,0,0.0001,0.0001,0,0,0,0.2883,0.3392,0.2883,0.3392,
0,4.0299,0.6716,0.6716,0,3.3582,0,0,0,0.6716,0,0.6716,2.0149,0,0.6716,0.6716,3.3582,2.0149,0.6716,0,0,0.0001,0,0,0,0.0001,0,0,0,0,0,0,0.0001,0,0,0,0.0001,0.0001,0,0,0.1649,0.1634,0.1649,0.1634,
0,0,0.6599,1.3198,0.6599,1.9797,0,1.3198,0,0.6599,0,0,1.3198,1.3198,0,0.6599,1.3198,1.3198,0,0.6599,0,0,0.0001,0.0001,0.0001,0.0002,0,0.0001,0,0.0001,0,0,0.0001,0.0001,0,0.0001,0.0001,0.0001,0,0.0001,0.1734,0.1666,0.1734,0.1666,
0,2.9139,0.4857,1.457,0.4857,0.4857,0.4857,0.9713,0.4857,0.4857,0.4857,1.9426,0.9713,0.9713,0,1.457,0.4857,0.9713,0.4857,1.9426,0,0.0001,0,0.0001,0,0,0,0,0,0,0,0.0001,0,0,0,0.0001,0,0,0,0.0001,0.261,0.2533,0.261,0.2533,
0.5351,0,0,1.0701,2.1402,0.5351,0,0.5351,0,3.7454,0.5351,3.2103,0.5351,1.0701,0.5351,1.6052,1.0701,1.6052,0.5351,1.0701,0,0,0,0.0001,0.0001,0,0,0,0,0.0002,0,0.0002,0,0.0001,0,0.0001,0.0001,0.0001,0,0.0001,0.2298,0.2352,0.2298,0.2352,
1.5014,1.5014,2.0018,0.5005,0.5005,0.5005,0,0.5005,0,0.5005,1.0009,0.5005,2.0018,0,0.5005,0.5005,1.5014,0.5005,0.5005,1.0009,0.0001,0.0001,0.0001,0,0,0,0,0,0,0,0,0,0.0001,0,0,0,0.0001,0,0,0,0.2498,0.2497,0.2498,0.2497,
0,0.6021,0.6021,0.6021,0,0,1.8064,0.6021,1.8064,0.6021,0.6021,0.6021,0.6021,0,0,1.2043,0.6021,0,0,0.6021,0,0.0001,0.0001,0.0001,0,0,0.0002,0.0001,0.0002,0.0001,0.0001,0.0001,0.0001,0,0,0.0001,0.0001,0,0,0.0001,0.2765,0.1214,0.2765,0.1214,
0,1.1854,1.1854,1.1854,0.5927,0.5927,0,0.5927,0.5927,0.5927,1.1854,0,1.1854,2.3708,0,0.5927,0.5927,1.1854,0.5927,0,0,0.0001,0.0001,0.0001,0,0,0,0,0,0,0.0001,0,0.0001,0.0001,0,0,0,0.0001,0,0,0.2744,0.1329,0.2744,0.1329,
0.3496,0.6992,0.6992,0.3496,0,0.3496,1.0488,0.6992,0.3496,0.3496,1.0488,1.0488,1.0488,1.3984,1.748,2.0975,1.3984,0.6992,0.6992,1.0488,0,0,0,0,0,0,0.0001,0,0,0,0.0001,0.0001,0.0001,0.0001,0.0001,0.0001,0.0001,0,0,0.0001,0.384,0.2664,0.384,0.2664,
1.3228,1.7638,0.8819,0.8819,0.8819,0.4409,1.3228,1.7638,0.4409,0.4409,0.4409,1.3228,0.4409,0,0.8819,0.8819,0.8819,0,1.3228,0.4409,0.0001,0.0001,0,0,0,0,0.0001,0.0001,0,0,0,0.0001,0,0,0,0,0,0,0.0001,0,0.2556,0.3034,0.2556,0.3034,
0.7275,1.455,0,0,0.7275,0.7275,0.7275,0,0.7275,0,0,0.7275,0,0,0,0.7275,0,0,0.7275,0.7275,0,0.0001,0,0,0,0,0,0,0,0,0,0,0,0,0,0,0,0,0,0,0.1178,0.1547,0.1178,0.1547,
1.7467,1.7467,0,0.5822,0,2.3289,0,0.5822,1.1644,1.1644,0.5822,0.5822,1.1644,1.1644,0.5822,1.1644,1.1644,2.3289,0.5822,0,0.0001,0.0001,0,0,0,0.0001,0,0,0.0001,0.0001,0,0,0.0001,0.0001,0,0.0001,0.0001,0.0001,0,0,0.1837,0.2341,0.1837,0.2341,
1.5397,0.3849,0.7698,1.5397,1.9246,0,0.7698,1.1547,0.3849,0.7698,0.3849,0.7698,1.9246,0,1.5397,0.3849,1.5397,0.3849,0.7698,0,0.0001,0,0,0.0001,0.0001,0,0,0.0001,0,0,0,0,0.0001,0,0.0001,0,0.0001,0,0,0,0.303,0.3121,0.303,0.3121,
1.3081,1.3081,1.3081,0,0.6541,1.9622,0.6541,0.6541,1.3081,0.6541,0,0.6541,0.6541,0,0,1.3081,1.3081,0,0,0,0.0001,0.0001,0.0001,0,0,0.0001,0,0,0.0001,0,0,0,0,0,0,0.0001,0.0001,0,0,0,0.167,0.179,0.167,0.179,
0,0,0,0,0,2.6579,0,0,0,0,0.886,0.886,0.886,0,0,1.7719,0,0.886,0.886,0,0,0,0,0,0,0.0004,0,0,0,0,0.0001,0.0001,0.0001,0,0,0.0003,0,0.0001,0.0001,0,0.0421,0.072,0.0421,0.072,
1.0833,0,0.5416,1.0833,0,0.5416,0.5416,0,0,1.0833,0.5416,2.1665,0,1.6249,1.0833,1.0833,0.5416,0.5416,0.5416,0.5416,0.0001,0,0,0.0001,0,0,0,0,0,0.0001,0,0.0002,0,0.0001,0.0001,0.0001,0,0,0,0,0.2205,0.2379,0.2205,0.2379,
0.4166,0,1.2497,0.8331,0.8331,1.6663,1.2497,1.2497,0,0.8331,0.4166,0.4166,0.8331,0.4166,0.4166,1.6663,1.2497,0.4166,0,0.4166,0,0,0.0001,0.0001,0.0001,0.0001,0.0001,0.0001,0,0.0001,0,0,0.0001,0,0,0.0001,0.0001,0,0,0,0.2775,0.306,0.2775,0.306,
0.9078,0.4539,0.9078,1.3617,0.9078,0.9078,0,0.4539,0.9078,0.4539,0.4539,0.4539,0.9078,0.4539,0.4539,2.2694,2.2694,0.9078,0,0.4539,0.0001,0,0.0001,0.0001,0.0001,0.0001,0,0,0.0001,0,0,0,0.0001,0,0,0.0001,0.0001,0.0001,0,0,0.2733,0.2728,0.2733,0.2728,
0.7247,0,0,0,0,2.174,0,2.8986,0.7247,0,0.7247,0.7247,0,0,0.7247,0.7247,5.7972,0,0,0,0.0001,0,0,0,0,0.0003,0,0.0004,0.0001,0,0.0001,0.0001,0,0,0.0001,0.0001,0.0008,0,0,0,0.1341,0.1413,0.1341,0.1413,
0.4063,0,0.4063,0.8126,0.4063,0.8126,1.2189,1.2189,0.4063,0.4063,1.2189,1.2189,0.4063,0.8126,0.8126,0.4063,2.4378,0.4063,0.8126,0.8126,0,0,0,0.0001,0,0.0001,0.0001,0.0001,0,0,0.0001,0.0001,0,0.0001,0.0001,0,0.0002,0,0.0001,0.0001,0.2989,0.2948,0.2989,0.2948,
0,0,1.0006,2.0011,1.5008,0.5003,0,0,1.5008,0,0,0.5003,0,0,1.0006,0,0,1.0006,1.0006,0,0,0,0.0001,0.0002,0.0001,0,0,0,0.0001,0,0,0,0,0,0.0001,0,0,0.0001,0.0001,0,0.2281,0.2716,0.2281,0.2716,
1.1879,0.792,1.5839,0.792,1.5839,0,0.396,0,1.9799,0.396,0,1.1879,1.5839,1.1879,1.9799,0.396,0,0,0.396,0.396,0.0001,0,0.0001,0,0.0001,0,0,0,0.0001,0,0,0.0001,0.0001,0.0001,0.0001,0,0,0,0,0,0.2881,0.3159,0.2881,0.3159,
0,0.7534,0.7534,0.3767,1.13,0,0.3767,0.3767,1.13,0.3767,0.3767,0.7534,1.5067,0.7534,2.2601,1.13,1.8834,1.13,1.5067,1.13,0,0,0,0,0.0001,0,0,0,0.0001,0,0,0,0.0001,0,0.0001,0.0001,0.0001,0.0001,0.0001,0.0001,0.3051,0.3183,0.3051,0.3183,
1.6226,0,0,0,0.6491,0.9736,0.3245,0,1.6226,0.9736,0.6491,0.6491,0.3245,0.6491,3.5698,1.2981,0.6491,0.9736,0,0,0.0001,0,0,0,0.0001,0.0001,0,0,0.0001,0.0001,0.0001,0.0001,0,0.0001,0.0003,0.0001,0.0001,0.0001,0,0,0.3852,0.2903,0.3852,0.2903,
1.3864,1.8485,1.3864,0.4621,0,1.8485,0,0.4621,1.3864,1.8485,0,0.9243,0.9243,0.4621,0,1.8485,0.4621,1.3864,0,0.4621,0.0001,0.0001,0.0001,0,0,0.0001,0,0,0.0001,0.0001,0,0,0,0,0,0.0001,0,0.0001,0,0,0.2681,0.2698,0.2681,0.2698,
3.522,0,0,0,0,2.6415,0,2.6415,0,0,0,0,0,0.8805,0,1.761,0.8805,0.8805,0,0,0.0004,0,0,0,0,0.0003,0,0.0003,0,0,0,0,0,0.0001,0,0.0002,0.0001,0.0001,0,0,0.0686,0.0509,0.0686,0.0509,
0.3426,0.6853,0.3426,1.3706,0.3426,0,1.0279,0.6853,0.3426,0.3426,1.0279,0.6853,0.6853,0.3426,1.7132,2.0559,1.3706,0.6853,1.0279,0.6853,0,0,0,0.0001,0,0,0.0001,0,0,0,0.0001,0,0,0,0.0001,0.0001,0.0001,0,0.0001,0,0.3234,0.3339,0.3234,0.3339,
0.4143,0,0.4143,0.8286,1.6572,0.8286,0.4143,0.4143,0.8286,0.4143,0.8286,2.4857,1.2429,1.2429,0.8286,1.6572,0,0.8286,0.4143,1.2429,0,0,0,0,0.0001,0,0,0,0,0,0,0.0001,0.0001,0.0001,0,0.0001,0,0,0,0.0001,0.2441,0.3416,0.2441,0.3416,
0,0,0.7788,0,1.5576,1.1682,1.1682,1.1682,1.9471,2.7259,0.7788,0,1.5576,1.5576,0,1.5576,1.1682,1.1682,0,1.1682,0,0,0,0,0.0001,0.0001,0.0001,0.0001,0.0001,0.0002,0,0,0.0001,0.0001,0,0.0001,0.0001,0.0001,0,0.0001,0.3294,0.2811,0.3294,0.2811,
1.8799,0,0.94,0.47,2.3499,0.47,0,1.8799,0.47,3.7599,0.47,0.47,1.41,0.47,0.47,1.41,1.8799,0.94,0.47,0.47,0.0001,0,0,0,0.0001,0,0,0.0001,0,0.0002,0,0,0.0001,0,0,0.0001,0.0001,0,0,0,0.2784,0.2516,0.2784,0.2516,
0.57,0,1.1399,1.7099,1.1399,0.57,0.57,0,0.57,0,0,0,0,0,0.57,1.1399,1.1399,1.1399,0.57,0.57,0.0001,0,0.0001,0.0002,0.0001,0.0001,0.0001,0,0.0001,0,0,0,0,0,0.0001,0.0001,0.0001,0.0001,0.0001,0.0001,0.2832,0.1468,0.2832,0.1468,
0.3664,0.7327,1.4654,0.3664,1.4654,1.0991,0,0.3664,0.7327,1.0991,1.4654,0.3664,0.7327,1.0991,1.0991,0.3664,0.3664,0,1.0991,0.3664,0,0,0.0001,0,0.0001,0.0001,0,0,0,0.0001,0.0001,0,0,0.0001,0.0001,0,0,0,0.0001,0,0.2941,0.3395,0.2941,0.3395,
0,0.4558,1.8231,0.9115,0,1.3673,1.3673,0,0.4558,0,0,0.4558,0,1.3673,0.4558,1.8231,0.4558,0.9115,0.4558,0.9115,0,0,0.0001,0.0001,0,0.0001,0.0001,0,0,0,0,0,0,0.0001,0,0.0001,0,0.0001,0,0.0001,0.2909,0.2534,0.2909,0.2534,
0,0,1.5515,0,0,0,0,1.5515,0,1.5515,0,1.5515,3.1029,0,0,0,0,1.5515,0,0.7757,0,0,0.0002,0,0,0,0,0.0002,0,0.0002,0,0.0002,0.0003,0,0,0,0,0.0002,0,0.0001,0.1515,0.0728,0.1515,0.0728,
1.1208,1.1208,1.4944,1.4944,1.1208,0.7472,0,1.1208,0,0.3736,1.1208,1.1208,0.3736,0.7472,1.1208,0.7472,1.4944,0.3736,0.7472,1.1208,0.0001,0.0001,0.0001,0.0001,0.0001,0,0,0.0001,0,0,0.0001,0.0001,0,0,0.0001,0,0.0001,0,0,0.0001,0.2913,0.335,0.2913,0.335,
0.7363,0,1.4727,1.8408,0.3682,0.3682,0.3682,1.4727,0.3682,1.8408,0.7363,1.4727,0.7363,0.3682,1.4727,0.3682,0.3682,0.3682,0,0.3682,0.0001,0,0.0001,0.0001,0,0,0,0.0001,0,0.0001,0.0001,0.0001,0.0001,0,0.0001,0,0,0,0,0,0.3093,0.3226,0.3093,0.3226,
1.1383,0.3794,1.1383,0.7589,1.5178,0.7589,0.3794,0.7589,1.5178,0.3794,1.1383,1.5178,1.5178,0.3794,0.3794,0.3794,1.1383,1.1383,0,1.1383,0.0001,0,0.0001,0,0.0001,0,0,0,0.0001,0,0.0001,0.0001,0.0001,0,0,0,0.0001,0.0001,0,0.0001,0.3376,0.2829,0.3376,0.2829,
1.2344,0.4115,0,1.2344,0.4115,0.4115,0.4115,2.4688,1.2344,1.6459,1.2344,0.4115,2.0573,0.8229,1.2344,1.2344,0.8229,0.4115,0,1.2344,0.0001,0,0,0.0001,0,0,0,0.0001,0.0001,0.0001,0.0001,0,0.0001,0,0.0001,0.0001,0,0,0,0.0001,0.2974,0.2911,0.2974,0.2911,
1.1041,0,0.5521,0,1.1041,1.1041,0,2.7603,1.1041,2.7603,0.5521,0.5521,1.1041,1.1041,0.5521,2.7603,1.6562,1.6562,1.1041,0,0.0001,0,0,0,0.0001,0.0001,0,0.0001,0.0001,0.0001,0,0,0.0001,0.0001,0,0.0001,0.0001,0.0001,0.0001,0,0.2275,0.2205,0.2275,0.2205,
0.7486,0,0.7486,0.7486,1.4971,0.3743,2.62,0.3743,0.7486,0.3743,1.4971,0.3743,0.7486,0.7486,0.7486,0.7486,0.3743,1.1228,0.3743,1.4971,0.0001,0,0.0001,0.0001,0.0001,0,0.0002,0,0.0001,0,0.0001,0,0.0001,0.0001,0.0001,0.0001,0,0.0001,0,0.0001,0.2894,0.3363,0.2894,0.3363,
0,1.1495,1.1495,0.5748,0.5748,0,0.5748,0.5748,0.5748,0.5748,0.5748,1.1495,0.5748,1.7243,0.5748,1.7243,0,1.1495,0.5748,0.5748,0,0.0001,0.0001,0,0,0,0,0,0,0,0,0.0001,0,0.0001,0,0.0001,0,0.0001,0,0,0.2227,0.2025,0.2227,0.2025,
0.7601,0,0,0,0,0,0.7601,0.7601,0,0.7601,1.5203,0,0.7601,0,1.5203,0.7601,0,0,0,0.7601,0.0001,0,0,0,0,0,0.0001,0.0001,0,0.0001,0.0003,0,0.0001,0,0.0003,0.0001,0,0,0,0.0001,0.0874,0.1525,0.0874,0.1525,
0,0,0,1.9455,0,0.6485,0,0.6485,0,0,0,0,0.6485,0,1.297,1.297,1.297,1.9455,0,0,0,0,0,0.0003,0,0.0001,0,0.0001,0,0,0,0,0.0001,0,0.0002,0.0002,0.0002,0.0003,0,0,0.1751,0.1764,0.1751,0.1764,
0,0,0.3219,1.6097,0.3219,0.3219,0.6439,0.6439,3.5413,1.9316,0.3219,0.9658,0.3219,0.3219,1.2878,0.6439,0.9658,0.9658,0,0.6439,0,0,0,0.0001,0,0,0.0001,0.0001,0.0003,0.0002,0,0.0001,0,0,0.0001,0.0001,0.0001,0.0001,0,0.0001,0.3201,0.358,0.3201,0.358,
2.0858,1.3905,0,0,0,2.0858,0,1.3905,1.3905,1.3905,0.6953,0.6953,1.3905,0.6953,0,1.3905,2.0858,1.3905,0,0,0.0001,0.0001,0,0,0,0.0001,0,0.0001,0.0001,0.0001,0,0,0.0001,0,0,0.0001,0.0001,0.0001,0,0,0.1521,0.1526,0.1521,0.1526,
0.629,0,1.258,0,0,0,0,0,0,0.629,0.629,0,0.629,0,0.629,0,1.8871,0.629,1.258,0.629,0.0001,0,0.0001,0,0,0,0,0,0,0.0001,0.0001,0,0.0001,0,0.0001,0,0.0002,0.0001,0.0001,0.0001,0.2117,0.1593,0.2117,0.1593,
1.8303,0,0.6101,1.2202,1.8303,0.6101,0,3.6607,0,3.0506,1.2202,0,1.8303,0.6101,0,1.8303,1.2202,1.2202,0,1.2202,0.0001,0,0,0.0001,0.0001,0,0,0.0002,0,0.0002,0.0001,0,0.0001,0,0,0.0001,0.0001,0.0001,0,0.0001,0.1757,0.2142,0.1757,0.2142,
1.969,0.3938,0.7876,0.3938,1.1814,0.7876,0.7876,0.3938,0.3938,1.1814,0.7876,0,1.1814,1.1814,0.3938,0.7876,0.7876,0.3938,1.1814,1.1814,0.0001,0,0,0,0.0001,0,0,0,0,0.0001,0,0,0.0001,0.0001,0,0,0,0,0.0001,0.0001,0.2929,0.3133,0.2929,0.3133,
0.8687,0.8687,0.4344,0,1.7374,0.8687,1.3031,0.8687,0.4344,0,0.8687,0,1.3031,0.8687,0.8687,0.4344,0.4344,3.0405,1.7374,2.1718,0,0,0,0,0.0001,0,0.0001,0,0,0,0,0,0.0001,0,0,0,0,0.0002,0.0001,0.0001,0.3087,0.257,0.3087,0.257,
0.7153,0.3576,0.7153,1.0729,1.7882,0.3576,0.7153,1.0729,0.7153,0.7153,0,1.4306,0,0,0.7153,1.4306,0.7153,1.0729,1.4306,1.0729,0,0,0,0.0001,0.0001,0,0,0.0001,0,0,0,0.0001,0,0,0,0.0001,0,0.0001,0.0001,0.0001,0.3562,0.2862,0.3562,0.2862,
0.6386,0.6386,0,1.2771,0,1.2771,0,0.6386,0,0.6386,0,0.6386,0,0,0.6386,0,0,1.2771,1.2771,0,0,0,0,0.0001,0,0.0001,0,0,0,0,0,0,0,0,0,0,0,0.0001,0.0001,0,0.1619,0.1995,0.1619,0.1995,
0.4589,0.9178,0.4589,0.4589,1.3767,0.4589,1.3767,1.3767,0.9178,0,0.4589,0,1.8356,0.4589,0.4589,1.3767,0.4589,0.9178,0.9178,0.4589,0,0.0001,0,0,0.0001,0,0.0001,0.0001,0.0001,0,0,0,0.0001,0,0,0.0001,0,0.0001,0.0001,0,0.2506,0.2905,0.2506,0.2905,
0,0.4972,0.9944,0.4972,1.4917,0.9944,0.4972,0.4972,0.4972,0.9944,1.4917,0.9944,0.9944,0.4972,0,0.4972,0.4972,0,1.4917,0.9944,0,0,0,0,0.0001,0,0,0,0,0,0.0001,0,0,0,0,0,0,0,0.0001,0,0.2511,0.2517,0.2511,0.2517,
0,0.7342,0,2.2026,0,0,0,0.7342,0,0,0.7342,0,0.7342,1.4684,0,0,0,0,0.7342,0.7342,0,0.0001,0,0.0002,0,0,0,0.0001,0,0,0.0001,0,0.0001,0.0001,0,0,0,0,0.0001,0.0001,0.1497,0.1161,0.1497,0.1161,
0.8068,0.4034,0.8068,0.8068,0.8068,0.8068,0.4034,0.8068,0.4034,1.6136,0.4034,1.2102,0.4034,0.8068,0.8068,1.2102,0,0.4034,1.6136,0.4034,0,0,0,0,0,0,0,0,0,0.0001,0,0.0001,0,0,0,0.0001,0,0,0.0001,0,0.3005,0.2961,0.3005,0.2961,
0.5878,0.5878,0,0,0,0,0,1.7633,1.1755,0,0.5878,0,0.5878,0.5878,0.5878,0.5878,0.5878,0.5878,2.3511,0,0,0,0,0,0,0,0,0.0001,0.0001,0,0,0,0,0,0,0,0,0,0.0002,0,0.2275,0.1847,0.2275,0.1847,
0,0,1.0685,1.0685,0,1.6028,0,1.0685,0,1.0685,0,0,0,1.6028,1.0685,0,1.6028,2.137,0,0.5343,0,0,0.0001,0.0001,0,0.0002,0,0.0001,0,0.0001,0,0,0,0.0002,0.0001,0,0.0002,0.0002,0,0.0001,0.2185,0.2473,0.2185,0.2473,
0.8426,0,0,0,0,2.5278,0,0,0,3.3705,0,0.8426,0,0,0,0.8426,0.8426,0.8426,0,0,0.0001,0,0,0,0,0.0003,0,0,0,0.0003,0,0.0001,0,0,0,0.0001,0.0001,0.0001,0,0,0.0786,0.0788,0.0786,0.0788,
1.0124,0.3375,2.0248,1.3499,0.6749,0,2.0248,0.3375,0.6749,0,0.6749,1.6874,0.3375,1.0124,1.3499,0.6749,1.6874,0.3375,0.3375,0.3375,0.0001,0,0.0001,0.0001,0,0,0.0001,0,0,0,0,0.0001,0,0.0001,0.0001,0,0.0001,0,0,0,0.3469,0.3156,0.3469,0.3156,
0.7948,1.1923,0.3974,1.5897,0.7948,1.1923,0.3974,1.1923,1.1923,0.3974,0.3974,0.7948,0,0.3974,0.3974,0.3974,0.3974,1.5897,0.3974,1.5897,0,0.0001,0,0.0001,0,0.0001,0,0.0001,0.0001,0,0,0,0,0,0,0,0,0.0001,0,0.0001,0.3082,0.2944,0.3082,0.2944,
0,0,1.3281,0,0,0,1.3281,0,0,1.3281,0,0,0.6641,0,0.6641,1.3281,0,0.6641,0,0.6641,0,0,0.0002,0,0,0,0.0002,0,0,0.0002,0,0,0.0001,0,0.0001,0.0002,0,0.0001,0,0.0001,0.1644,0.1715,0.1644,0.1715,
1.908,1.908,0.7632,0.3816,1.908,1.1448,0,0.7632,1.1448,0.3816,1.5264,0,0.3816,0.7632,1.908,0.3816,0.7632,1.5264,0,0.7632,0.0001,0.0001,0,0,0.0001,0,0,0,0,0,0.0001,0,0,0,0.0001,0,0,0.0001,0,0,0.315,0.3034,0.315,0.3034,
1.6396,0,1.0931,0.5465,2.7327,0.5465,0,0,1.0931,2.1862,1.0931,0,1.0931,0,0.5465,0,2.1862,1.6396,0,0.5465,0.0001,0,0.0001,0,0.0002,0,0,0,0.0001,0.0002,0.0001,0,0.0001,0,0,0,0.0002,0.0001,0,0,0.2403,0.2131,0.2403,0.2131,
1.6009,2.1345,0.5336,0,0.5336,1.0673,1.6009,0.5336,1.6009,0.5336,1.0673,0.5336,1.0673,2.1345,0,0.5336,1.0673,1.0673,0,0.5336,0.0001,0.0001,0,0,0,0.0001,0.0001,0,0.0001,0,0.0001,0,0.0001,0.0001,0,0,0.0001,0.0001,0,0,0.2389,0.2275,0.2389,0.2275,
2.2577,0,0,0,3.1607,1.3546,0.4515,1.8061,1.8061,3.1607,0.9031,0.4515,0.9031,0.9031,0.4515,1.3546,0,1.3546,0.4515,0.9031,0.0001,0,0,0,0.0002,0.0001,0,0.0001,0.0001,0.0002,0.0001,0,0.0001,0.0001,0,0.0001,0,0.0001,0,0.0001,0.2823,0.2661,0.2823,0.2661,
2.3385,0,0,1.1693,1.7539,1.7539,0,1.1693,1.1693,3.5078,0.5846,0,0.5846,0,0.5846,0,1.1693,2.9231,0.5846,0.5846,0.0002,0,0,0.0001,0.0001,0.0001,0,0.0001,0.0001,0.0003,0,0,0,0,0,0,0.0001,0.0002,0,0,0.2213,0.1941,0.2213,0.1941,
0.9101,0.9101,0.455,1.3651,1.8202,2.2752,0.455,0.9101,0,0.9101,0.455,0.455,0.9101,0.455,0.455,0.455,0,1.3651,1.3651,0.455,0,0,0,0.0001,0.0001,0.0001,0,0,0,0,0,0,0,0,0,0,0,0.0001,0.0001,0,0.28,0.2649,0.28,0.2649,
0,0.7741,1.9354,0.7741,1.1612,0.7741,0,0.3871,0.3871,0.7741,1.1612,1.5483,0.3871,0.3871,1.1612,0.3871,1.5483,0.3871,0.7741,0.3871,0,0,0.0001,0,0.0001,0,0,0,0,0,0.0001,0.0001,0,0,0.0001,0,0.0001,0,0,0,0.3581,0.2548,0.3581,0.2548,
1.6499,0,1.2374,0.8249,0,0.4125,0.4125,0.8249,0.8249,0.8249,0.4125,0.8249,1.6499,0.4125,1.2374,0.8249,0.4125,0,0,2.0624,0.0001,0,0.0001,0.0001,0,0,0,0.0001,0.0001,0.0001,0,0.0001,0.0001,0,0.0001,0.0001,0,0,0,0.0002,0.2868,0.3007,0.2868,0.3007,
2.4115,0,0,0,2.4115,1.4469,0.4823,2.8938,0.4823,1.4469,0.9646,0.9646,1.4469,1.4469,0.9646,0,1.4469,0.9646,0.4823,0.4823,0.0001,0,0,0,0.0001,0.0001,0,0.0002,0,0.0001,0.0001,0.0001,0.0001,0.0001,0.0001,0,0.0001,0.0001,0,0,0.2604,0.2573,0.2604,0.2573,
0.8333,1.2499,1.2499,1.2499,0.8333,0,0.8333,1.2499,1.2499,0.4166,0.4166,1.2499,0.4166,1.6665,1.2499,0,0.4166,0.4166,0.4166,0.8333,0.0001,0.0001,0.0001,0.0001,0.0001,0,0.0001,0.0001,0.0001,0,0,0.0001,0,0.0001,0.0001,0,0,0,0,0.0001,0.2791,0.3043,0.2791,0.3043,
0.7096,0,0.7096,0,1.4192,0.7096,0,0,1.4192,0.7096,0.7096,0,0,0,0,0,0,0,0,0.7096,0.0001,0,0.0001,0,0.0002,0.0001,0,0,0.0002,0.0001,0.0001,0,0,0,0,0,0,0,0,0.0001,0.1519,0.1384,0.1519,0.1384,
1.0139,1.6898,0.338,0,0.6759,0.338,1.3518,0,2.0277,0.6759,0.6759,2.0277,0.338,0.338,0.6759,1.3518,1.0139,0.6759,0,1.6898,0,0.0001,0,0,0,0,0.0001,0,0.0001,0,0,0.0001,0,0,0,0.0001,0,0,0,0.0001,0.362,0.3,0.362,0.3,
0.6845,0,0.6845,0,0,0,0,0.6845,1.369,0.6845,0,0,0,0.6845,0.6845,0.6845,0.6845,0,0,0,0.0001,0,0.0001,0,0,0,0,0.0001,0.0002,0.0001,0,0,0,0.0001,0.0001,0.0001,0.0001,0,0,0,0.152,0.1635,0.152,0.1635,
1.2998,0,0.6499,0,1.2998,1.2998,0,0,0.6499,0,0,0,0.6499,0,0,1.2998,0,0,1.2998,0.6499,0.0001,0,0,0,0.0001,0.0001,0,0,0,0,0,0,0,0,0,0.0001,0,0,0.0001,0,0.2144,0.1357,0.2144,0.1357,
0.9789,0.9789,0.9789,0.4895,0.9789,0.4895,0.9789,0.9789,0.9789,1.9578,0.4895,0.4895,1.4684,0.4895,0.4895,0,0.4895,0.4895,0.9789,0,0.0001,0.0001,0.0001,0,0.0001,0,0.0001,0.0001,0.0001,0.0001,0,0,0.0001,0,0,0,0,0,0.0001,0,0.2441,0.2665,0.2441,0.2665,
0.9002,1.3503,0.9002,0.9002,0.4501,0.9002,0.9002,1.3503,0.4501,0,0.4501,0.9002,1.3503,0.9002,0,0.4501,0.9002,1.3503,0.4501,1.3503,0,0.0001,0,0,0,0,0,0.0001,0,0,0,0,0.0001,0,0,0,0,0.0001,0,0.0001,0.2313,0.3186,0.2313,0.3186,
1.7992,0,0,0,1.7992,1.1995,0,2.399,0.5997,4.7979,0.5997,0.5997,0,0,0.5997,1.1995,2.399,0,0,0.5997,0.0001,0,0,0,0.0001,0.0001,0,0.0002,0,0.0003,0,0,0,0,0,0.0001,0.0002,0,0,0,0.2202,0.1801,0.2202,0.1801,
0,2.8161,1.408,0.4693,0.4693,0.9387,0,0.4693,1.8774,1.8774,0.9387,0,0.4693,0.9387,0.4693,0.4693,0,0.4693,0,0,0,0.0001,0.0001,0,0,0,0,0,0.0001,0.0001,0,0,0,0,0,0,0,0,0,0,0.2825,0.2481,0.2825,0.2481,
1.8394,0,0.6131,1.2263,1.8394,0.6131,0,3.0657,0,2.4526,1.2263,0,1.8394,0.6131,0,1.8394,1.2263,2.4526,0,1.2263,0.0001,0,0,0.0001,0.0001,0,0,0.0002,0,0.0001,0.0001,0,0.0001,0,0,0.0001,0.0001,0.0001,0,0.0001,0.1791,0.2078,0.1791,0.2078,
0.631,1.5774,0.631,0.9464,0.631,1.2619,0.9464,0.9464,0.9464,0.9464,0.631,0.9464,0.3155,0.9464,0.631,0.9464,0.3155,0,0.9464,0.3155,0,0.0001,0,0,0,0.0001,0,0,0,0,0,0,0,0,0,0,0,0,0,0,0.338,0.3465,0.338,0.3465,
0.7942,1.1913,1.5884,1.9855,1.1913,1.1913,0.3971,0.7942,0.3971,1.1913,0.7942,0.7942,0.7942,0,0,0.7942,0.7942,0.7942,1.1913,0.3971,0,0,0.0001,0.0001,0,0,0,0,0,0,0,0,0,0,0,0,0,0,0,0,0.3094,0.2935,0.3094,0.2935,
0,2.6124,0.8708,1.7416,1.3062,0,0.4354,0,1.7416,1.3062,0.4354,0.4354,0.4354,0,0.4354,1.3062,0.8708,0.8708,0.8708,0.4354,0,0.0001,0,0.0001,0.0001,0,0,0,0.0001,0.0001,0,0,0,0,0,0.0001,0,0,0,0,0.2793,0.2853,0.2793,0.2853,
0,0,0.6471,0,0.6471,0,0,0.6471,1.2942,0.6471,0.6471,1.2942,0,0.6471,1.9413,0,0.6471,1.2942,0,0,0,0,0.0001,0,0.0001,0,0,0.0001,0.0002,0.0001,0.0001,0.0002,0,0.0001,0.0003,0,0.0001,0.0002,0,0,0.1569,0.196,0.1569,0.196,
1.4008,0,0.7004,0.3502,0,0.3502,0.7004,0.3502,2.8016,0.3502,1.0506,0.3502,1.751,0,2.1012,1.0506,1.4008,1.0506,0,1.0506,0.0001,0,0.0001,0,0,0,0.0001,0,0.0002,0,0.0001,0,0.0001,0,0.0002,0.0001,0.0001,0.0001,0,0.0001,0.3059,0.3439,0.3059,0.3439,
1.2716,0,0.4239,0.8477,2.1193,0.8477,0.4239,0.8477,0.4239,2.1193,1.2716,0.4239,1.2716,0,0.8477,0.4239,0.4239,1.2716,1.2716,0.4239,0.0001,0,0,0.0001,0.0001,0.0001,0,0.0001,0,0.0001,0.0001,0,0.0001,0,0.0001,0,0,0.0001,0.0001,0,0.276,0.3001,0.276,0.3001,
0,0,0.7035,0.7035,0.7035,0,0,1.4069,0.7035,0,1.4069,0,1.4069,0,0,0.7035,0,0,0.7035,0,0,0,0.0001,0.0001,0.0001,0,0,0.0001,0.0001,0,0.0001,0,0.0001,0,0,0.0001,0,0,0.0001,0,0.1877,0.1089,0.1877,0.1089,
0,0,1.4755,0,0.7377,0,0.7377,0,0,0,0.7377,0,0,2.2132,0,0,0.7377,0,0.7377,0,0,0,0.0003,0,0.0002,0,0.0002,0,0,0,0.0002,0,0,0.0005,0,0,0.0002,0,0.0002,0,0.134,0.1283,0.134,0.1283,
1.8765,0.4691,0.9383,2.3456,1.8765,0.9383,0.4691,1.8765,0.4691,1.8765,0.4691,0,0.9383,0.4691,0.4691,1.4074,1.8765,0.4691,0,0.9383,0.0001,0,0,0.0001,0.0001,0,0,0.0001,0,0.0001,0,0,0,0,0,0.0001,0.0001,0,0,0,0.2511,0.2798,0.2511,0.2798,
1.2782,2.5564,0.8521,0.8521,0.4261,1.2782,0.4261,0.8521,1.7043,0.4261,0,1.7043,1.7043,0,0.4261,0.8521,0.4261,0,0,1.2782,0,0.0001,0,0,0,0,0,0,0.0001,0,0,0.0001,0.0001,0,0,0,0,0,0,0,0.3208,0.2532,0.3208,0.2532,
0.7792,1.1687,0.3896,1.9479,0,0.3896,0.3896,2.3375,1.1687,0.3896,0.3896,1.5583,0.7792,0.7792,0.7792,0.3896,1.1687,0,1.1687,1.1687,0,0.0001,0,0.0001,0,0,0,0.0001,0.0001,0,0,0.0001,0,0,0,0,0.0001,0,0.0001,0.0001,0.3455,0.2649,0.3455,0.2649,
0,1.5721,0,0,0,1.0481,0.524,1.0481,2.0961,0.524,0,1.0481,0.524,0,0.524,1.5721,1.0481,0,0,1.0481,0,0.0001,0,0,0,0.0001,0,0.0001,0.0001,0,0,0.0001,0,0,0,0.0001,0.0001,0,0,0.0001,0.2883,0.1876,0.2883,0.1876,
0.424,1.6959,1.2719,0.8479,1.6959,0.424,0.424,0.8479,0.424,0.8479,0.8479,0.8479,0.8479,0,0.424,0.424,1.2719,0.424,0.8479,0.424,0,0.0001,0.0001,0,0.0001,0,0,0,0,0,0,0,0,0,0,0,0.0001,0,0,0,0.3129,0.2631,0.3129,0.2631,
0,0,0.4434,1.3303,3.1041,1.3303,0.4434,3.1041,1.3303,1.3303,0.8869,0.4434,0.8869,0,0.4434,2.2172,1.3303,0,0,0.8869,0,0,0,0.0001,0.0002,0.0001,0,0.0002,0.0001,0.0001,0,0,0,0,0,0.0001,0.0001,0,0,0,0.2617,0.2949,0.2617,0.2949,
0.6716,0.6716,0.6716,1.0074,1.3432,0.6716,0.6716,0.6716,1.0074,1.0074,0.3358,1.3432,1.3432,0.6716,1.0074,1.0074,0.6716,0,1.0074,0.3358,0,0,0,0.0001,0.0001,0,0,0,0.0001,0.0001,0,0.0001,0.0001,0,0.0001,0.0001,0,0,0.0001,0,0.3176,0.3465,0.3176,0.3465,
0.5749,3.4492,0,0.5749,0,1.7246,0,2.2995,1.1497,0,0,0.5749,1.1497,0,0.5749,2.8743,0,1.1497,0.5749,0.5749,0,0.0001,0,0,0,0.0001,0,0.0001,0,0,0,0,0,0,0,0.0001,0,0,0,0,0.241,0.1842,0.241,0.1842,
1.825,0,0.6083,0.6083,0.6083,1.825,0,0.6083,0.6083,1.2167,0,1.825,0,0.6083,0,1.2167,1.2167,1.825,0,0,0.0001,0,0,0,0,0.0001,0,0,0,0.0001,0,0.0001,0,0,0,0.0001,0.0001,0.0001,0,0,0.1958,0.1958,0.1958,0.1958,
1.062,1.062,1.062,0.708,1.4159,0.708,1.062,1.062,1.062,0.708,0.354,1.062,0.354,0.354,1.062,0.708,0.354,0.708,0.708,0.354,0.0001,0.0001,0.0001,0,0.0001,0,0.0001,0.0001,0.0001,0,0,0.0001,0,0,0.0001,0,0,0,0,0,0.2797,0.3663,0.2797,0.3663,
0.3602,0.7203,1.0805,0,0.7203,1.4407,0,1.0805,1.4407,0.7203,0.7203,0.3602,0.7203,1.4407,1.4407,0.7203,0.7203,1.0805,0.7203,1.0805,0,0,0.0001,0,0,0.0001,0,0.0001,0.0001,0,0,0,0,0.0001,0.0001,0,0,0.0001,0,0.0001,0.3145,0.3253,0.3145,0.3253,
0.7988,1.1981,0.3994,0.3994,1.5975,1.1981,1.1981,0.3994,1.5975,1.1981,0.7988,0.7988,1.1981,0,0.3994,0.7988,0.7988,0,1.1981,0,0,0.0001,0,0,0.0001,0.0001,0.0001,0,0.0001,0.0001,0,0,0.0001,0,0,0,0,0,0.0001,0,0.3223,0.2783,0.3223,0.2783,
0,0,0.5461,1.0923,1.0923,0,0.5461,0.5461,1.6384,0.5461,0,0,0,0.5461,0,0,1.0923,0,0.5461,1.6384,0,0,0.0001,0.0001,0.0001,0,0.0001,0.0001,0.0002,0.0001,0,0,0,0.0001,0,0,0.0001,0,0.0001,0.0002,0.2203,0.2336,0.2203,0.2336,
0,0.8266,0.4133,0.8266,1.6531,1.2398,0.4133,0.8266,1.6531,0.8266,0.8266,0.4133,0.8266,0.8266,0.8266,0.4133,0,0.4133,0.8266,2.0664,0,0.0001,0,0.0001,0.0001,0.0001,0,0.0001,0.0001,0.0001,0.0001,0,0.0001,0.0001,0.0001,0,0,0,0.0001,0.0001,0.3282,0.2585,0.3282,0.2585,
0,0.6584,0.6584,0.6584,0.6584,0,0,0,0,1.3168,0.6584,0,1.3168,0,0.6584,0.6584,0,1.3168,1.3168,0,0,0.0001,0.0001,0.0001,0.0001,0,0,0,0,0.0001,0.0001,0,0.0001,0,0.0001,0.0001,0,0.0001,0.0001,0,0.1968,0.1448,0.1968,0.1448,
0,0,0.7758,0,0,0,0,0,0,3.1032,1.5516,0,0.7758,0,0.7758,0,0,0,0.7758,0.7758,0,0,0.0001,0,0,0,0,0,0,0.0006,0.0003,0,0.0001,0,0.0001,0,0,0,0.0001,0.0001,0.0797,0.1445,0.0797,0.1445,
0.4916,0,0.9833,0,0.4916,0.4916,0.4916,0.4916,0.4916,1.4749,0,0,0.4916,0.4916,0.9833,0,1.9665,0,0.4916,0.9833,0,0,0.0001,0,0,0,0,0,0,0.0001,0,0,0,0,0.0001,0,0.0002,0,0,0.0001,0.2655,0.2429,0.2655,0.2429,
0,0.7379,0.7379,0.7379,0,1.4758,0,1.4758,0,0,0.7379,1.4758,0.7379,0.7379,0,0.7379,0.7379,0.7379,0,0.7379,0,0.0001,0.0001,0.0001,0,0.0001,0,0.0001,0,0,0.0001,0.0001,0.0001,0.0001,0,0.0001,0.0001,0.0001,0,0.0001,0.142,0.1201,0.142,0.1201,
1.709,0.8545,2.1363,1.709,0,2.1363,1.2818,0.8545,0.8545,0.8545,0.4273,0.8545,0.8545,0.4273,0.4273,0.4273,0.8545,2.1363,0,0.4273,0.0001,0,0.0001,0.0001,0,0.0001,0.0001,0,0,0,0,0,0,0,0,0,0,0.0001,0,0,0.2342,0.3386,0.2342,0.3386,
1.2162,0.8108,0.8108,0.8108,0.8108,1.6216,1.2162,1.2162,0.4054,1.6216,0,2.0271,0.8108,0.4054,1.2162,0.4054,1.6216,0.8108,0,0.8108,0.0001,0,0,0,0,0.0001,0.0001,0.0001,0,0.0001,0,0.0001,0,0,0.0001,0,0.0001,0,0,0,0.2953,0.2993,0.2953,0.2993,
0.9334,0.9334,0.4667,1.4001,0.9334,0,0.9334,0.4667,0,0.4667,0.4667,0,0.9334,0,1.4001,0.9334,0,0.9334,0.9334,0,0.0001,0.0001,0,0.0001,0.0001,0,0.0001,0,0,0,0,0,0.0001,0,0.0001,0.0001,0,0.0001,0.0001,0,0.2853,0.248,0.2853,0.248,
0.7165,0.7165,0.3582,0,0.3582,0.3582,0.3582,0.7165,2.8659,0.7165,0.3582,0.3582,0.7165,0.7165,1.7912,1.0747,0.3582,1.7912,0,0.3582,0,0,0,0,0,0,0,0,0.0002,0,0,0,0,0,0.0001,0.0001,0,0.0001,0,0,0.3466,0.2952,0.3466,0.2952,
1.2024,0.4008,0.8016,1.6032,0.8016,1.6032,1.6032,1.6032,0.8016,0.4008,1.2024,0.4008,0.8016,1.6032,0.4008,0.4008,0.8016,0.8016,0,0.8016,0.0001,0,0,0.0001,0,0.0001,0.0001,0.0001,0,0,0.0001,0,0,0.0001,0,0,0,0,0,0,0.3607,0.2385,0.3607,0.2385,
1.5848,0.3962,0,1.5848,0.3962,1.9811,0,0.3962,0,0.7924,0.7924,0,1.9811,0.3962,3.1697,1.9811,0.3962,1.5848,0,0.3962,0.0001,0,0,0.0001,0,0.0001,0,0,0,0.0001,0.0001,0,0.0001,0,0.0002,0.0001,0,0.0001,0,0,0.3247,0.2791,0.3247,0.2791,
1.1782,1.1782,0.5891,0,1.1782,0.5891,0,0,0,0,0,1.1782,0,0,1.1782,0.5891,0.5891,0,1.1782,0.5891,0.0001,0.0001,0,0,0.0001,0,0,0,0,0,0,0.0001,0,0,0.0001,0,0,0,0.0001,0,0.2214,0.1895,0.2214,0.1895,
0.7733,1.9332,1.1599,1.5466,0.3866,0.7733,0,1.9332,0.3866,1.1599,0.7733,0.3866,0.7733,1.9332,0.7733,0,1.1599,1.1599,0.7733,1.5466,0,0.0001,0,0.0001,0,0,0,0.0001,0,0,0,0,0,0.0001,0,0,0,0,0,0.0001,0.3222,0.2912,0.3222,0.2912,
0.7871,0.3935,1.5741,0.7871,0.7871,0,0.7871,0.7871,1.1806,1.1806,0,1.1806,0.3935,0.3935,0.7871,0.7871,0.7871,1.5741,0.3935,1.1806,0,0,0.0001,0,0,0,0,0,0.0001,0.0001,0,0.0001,0,0,0,0,0,0.0001,0,0.0001,0.3265,0.2799,0.3265,0.2799,
0.3417,1.3666,0.3417,1.3666,0.6833,0,1.025,0.3417,3.7582,0.6833,0.6833,1.025,0.3417,0.3417,1.025,0.3417,2.3916,0.3417,0,0.3417,0,0.0001,0,0.0001,0,0,0.0001,0,0.0002,0,0,0.0001,0,0,0.0001,0,0.0001,0,0,0,0.3888,0.2696,0.3888,0.2696,
1.5653,0.7826,0.3913,1.5653,1.9566,0,1.1739,1.1739,0.3913,1.1739,0.7826,0.7826,0.7826,1.1739,0,1.9566,0,1.5653,0.7826,0.3913,0.0001,0,0,0.0001,0.0001,0,0.0001,0.0001,0,0.0001,0,0,0,0.0001,0,0.0001,0,0.0001,0,0,0.2815,0.3272,0.2815,0.3272,
1.9199,0,0.48,0,2.3999,0.48,0.48,1.9199,0.48,1.4399,0.96,0.48,0.96,0.96,1.4399,0.96,2.3999,0.96,0.48,0.48,0.0001,0,0,0,0.0002,0,0,0.0001,0,0.0001,0.0001,0,0.0001,0.0001,0.0001,0.0001,0.0002,0.0001,0,0,0.2523,0.2677,0.2523,0.2677,
0,0,1.3216,0,0.6608,0,0.6608,0.6608,0,1.3216,0,0.6608,0,1.3216,0,0.6608,0,0.6608,1.3216,1.9823,0,0,0.0001,0,0.0001,0,0.0001,0.0001,0,0.0001,0,0.0001,0,0.0001,0,0.0001,0,0.0001,0.0001,0.0002,0.1677,0.1715,0.1677,0.1715,
0.7847,0.7847,1.5694,1.177,0.7847,0,1.5694,0,0.3923,1.5694,0.7847,0.7847,1.9617,0.7847,1.5694,0.7847,0.7847,0.3923,0,0.7847,0,0,0.0001,0.0001,0,0,0.0001,0,0,0.0001,0,0,0.0001,0,0.0001,0,0,0,0,0,0.2964,0.3113,0.2964,0.3113,
0.9658,0.4829,0.4829,0.4829,0,0,0.4829,0.9658,1.4486,0.4829,0.9658,0.9658,0.4829,0,1.4486,0.4829,1.4486,1.9315,0.4829,0.9658,0.0001,0,0,0,0,0,0,0.0001,0.0001,0,0.0001,0.0001,0,0,0.0001,0,0.0001,0.0002,0,0.0001,0.264,0.2531,0.264,0.2531,
3.1397,0,1.0466,1.0466,3.1397,1.0466,0,2.6164,0,2.6164,0.5233,0,1.5699,0,0,2.6164,1.0466,2.6164,0.5233,0.5233,0.0001,0,0,0,0.0001,0,0,0.0001,0,0.0001,0,0,0.0001,0,0,0.0001,0,0.0001,0,0,0.2314,0.2453,0.2314,0.2453,
1.3357,1.3357,0,0,2.6714,4.675,0,3.3393,0,2.6714,0.6679,0.6679,0,0,0,0.6679,1.3357,2.6714,0,2.6714,0.0001,0.0001,0,0,0.0001,0.0002,0,0.0002,0,0.0001,0,0,0,0,0,0,0.0001,0.0001,0,0.0001,0.2168,0.1154,0.2168,0.1154,
1.4606,0,0.9738,0,0.9738,0,0.4869,0,1.4606,0.4869,0.4869,0.9738,0,0.4869,0.9738,1.4606,0.4869,0.4869,0,0.9738,0.0001,0,0.0001,0,0.0001,0,0,0,0.0001,0,0,0.0001,0,0,0.0001,0.0001,0,0,0,0.0001,0.2379,0.2752,0.2379,0.2752,
0,0.6807,0,0,0.6807,0.6807,0,0,0.6807,0.6807,0,0,0,0,1.3614,0,1.3614,0.6807,0,0,0,0.0001,0,0,0.0001,0.0001,0,0,0.0001,0.0001,0,0,0,0,0.0002,0,0.0002,0.0001,0,0,0.1846,0.1347,0.1846,0.1347,
0.8446,0.4223,0.4223,0.8446,2.1114,4.2229,1.2669,1.2669,1.2669,0.8446,0.4223,1.2669,0.4223,0,0.8446,1.2669,0,2.5337,0,0.8446,0,0,0,0,0.0001,0.0002,0.0001,0.0001,0.0001,0,0,0.0001,0,0,0,0.0001,0,0.0001,0,0,0.2991,0.2787,0.2991,0.2787,
0.6857,0,0,0,0.6857,0.6857,0.6857,1.3715,1.3715,0.6857,0.6857,1.3715,0.6857,0.6857,1.3715,2.0572,0.6857,0.6857,0,0,0.0001,0,0,0,0.0001,0.0001,0.0001,0.0001,0.0001,0.0001,0.0001,0.0001,0.0001,0.0001,0.0001,0.0002,0.0001,0.0001,0,0,0.1457,0.1686,0.1457,0.1686,
0.4679,0,0,0,0,1.4036,0,0,0.4679,0,0.4679,0,1.4036,0,8.8892,1.4036,0,0.4679,0,0,0.0001,0,0,0,0,0.0002,0,0,0.0001,0,0.0001,0,0.0002,0,0.001,0.0002,0,0.0001,0,0,0.2236,0.3085,0.2236,0.3085,
0.8829,1.7659,1.3244,1.3244,1.7659,0.8829,0.8829,0,0.4415,0.4415,0.8829,1.3244,0,1.7659,0.4415,0.8829,0.4415,0.4415,0.4415,0.4415,0,0.0001,0.0001,0.0001,0.0001,0,0,0,0,0,0,0.0001,0,0.0001,0,0,0,0,0,0,0.3095,0.2491,0.3095,0.2491,
0.4492,0,0,1.7967,0.8983,0.8983,0.4492,0.8983,0.8983,1.7967,1.3475,0.8983,0,1.3475,0,1.3475,1.3475,0.8983,0.8983,1.3475,0,0,0,0.0001,0.0001,0.0001,0,0.0001,0.0001,0.0001,0.0001,0.0001,0,0.0001,0,0.0001,0.0001,0.0001,0.0001,0.0001,0.294,0.2568,0.294,0.2568,
0.6844,1.3688,0.6844,1.0266,0,0.3422,0.3422,0.3422,3.4219,0.6844,0.6844,1.3688,0.3422,0.3422,1.3688,0,1.711,1.0266,0.3422,0.6844,0,0.0001,0,0.0001,0,0,0,0,0.0002,0,0,0.0001,0,0,0.0001,0,0.0001,0.0001,0,0,0.3537,0.3041,0.3537,0.3041,
0.4957,0.9914,0.4957,0.4957,0.4957,1.4871,0.4957,1.4871,0.4957,0,0.4957,0,0,0,0.9914,0.4957,0.4957,0.9914,2.4785,0.9914,0,0,0,0,0,0.0001,0,0.0001,0,0,0,0,0,0,0,0,0,0,0.0001,0,0.2505,0.2538,0.2505,0.2538,
0.6642,0,0,0.6642,2.6569,0,0,0,0,0,0,0.6642,0,1.3284,0.6642,0.6642,1.3284,0.6642,0,0.6642,0.0001,0,0,0.0001,0.0004,0,0,0,0,0,0,0.0001,0,0.0002,0.0001,0.0001,0.0002,0.0001,0,0.0001,0.1565,0.1793,0.1565,0.1793,
0.6073,0,0,0.6073,0,1.822,0,0,1.2147,2.4293,0.6073,0.6073,1.2147,0,0,0,0,1.822,0,1.2147,0.0001,0,0,0.0001,0,0.0002,0,0,0.0001,0.0002,0.0001,0.0001,0.0001,0,0,0,0,0.0002,0,0.0001,0.2224,0.1703,0.2224,0.1703,
0.4469,0.4469,0.8938,1.3406,1.3406,0,1.3406,0.8938,1.3406,0.4469,2.2344,0,0,0.4469,0.4469,0.8938,0.4469,0.4469,2.2344,0.8938,0,0,0.0001,0.0001,0.0001,0,0.0001,0.0001,0.0001,0,0.0002,0,0,0,0,0.0001,0,0,0.0002,0.0001,0.2418,0.3113,0.2418,0.3113,
0,0,0.5905,0,1.181,0,0.5905,2.362,0.5905,0,1.181,0.5905,1.181,0,1.181,0,0,0.5905,0,1.181,0,0,0.0001,0,0.0001,0,0.0001,0.0003,0.0001,0,0.0001,0.0001,0.0001,0,0.0001,0,0,0.0001,0,0.0001,0.2176,0.1919,0.2176,0.1919,
0,1.0797,0,2.1594,0.5399,0.5399,0,0.5399,0,0.5399,0.5399,0.5399,0,2.1594,0.5399,0.5399,0.5399,0,1.0797,0,0,0.0001,0,0.0002,0,0,0,0,0,0,0,0,0,0.0002,0,0,0,0,0.0001,0,0.2195,0.2407,0.2195,0.2407,
0.6381,1.2761,0,0,0.6381,0.6381,0,1.2761,0.6381,0.6381,0,1.2761,0.6381,1.2761,0.6381,0.6381,0.6381,0.6381,1.2761,0.6381,0,0.0001,0,0,0,0,0,0.0001,0,0,0,0.0001,0,0.0001,0,0,0,0,0.0001,0,0.1856,0.1763,0.1856,0.1763,
0.8724,1.3086,0.4362,0.4362,0.4362,1.3086,1.3086,0.4362,1.3086,0.8724,0.4362,0.4362,1.3086,0.4362,0,1.3086,1.7448,1.3086,0.8724,0.8724,0,0.0001,0,0,0,0.0001,0.0001,0,0.0001,0,0,0,0.0001,0,0,0.0001,0.0001,0.0001,0,0,0.2846,0.2792,0.2846,0.2792,
2.1568,0,0.7189,0,1.4378,3.5946,0,0,0,0.7189,0.7189,0,0.7189,1.4378,0.7189,0,0,0,0,0,0.0003,0,0.0001,0,0.0002,0.0004,0,0,0,0.0001,0.0001,0,0.0001,0.0002,0.0001,0,0,0,0,0,0.1509,0.1302,0.1509,0.1302,
1.7564,0.4391,0.4391,1.3173,0.8782,0.8782,1.3173,0.8782,0,1.3173,0.4391,0.8782,1.3173,0.4391,1.3173,1.3173,0.8782,0.8782,0.4391,0.4391,0.0001,0,0,0.0001,0.0001,0.0001,0.0001,0.0001,0,0.0001,0,0.0001,0.0001,0,0.0001,0.0001,0.0001,0.0001,0,0,0.2921,0.2688,0.2921,0.2688,
0.6551,0.6551,0.6551,1.3102,0.6551,0.9827,0.9827,0.3276,0.9827,0.3276,0,2.2929,0.9827,0.3276,0.3276,0.3276,0.9827,0.6551,1.3102,1.6378,0,0,0,0.0001,0,0,0,0,0,0,0,0.0001,0,0,0,0,0,0,0.0001,0.0001,0.304,0.3685,0.304,0.3685,
0.3744,0,1.1232,0,0.3744,2.6208,0.3744,0.7488,2.9952,0,0.7488,1.872,1.1232,1.4976,0,0.7488,1.1232,0.7488,0,0,0,0,0.0001,0,0,0.0002,0,0.0001,0.0002,0,0.0001,0.0001,0.0001,0.0001,0,0.0001,0.0001,0.0001,0,0,0.2815,0.3441,0.2815,0.3441,
0.9037,0,1.8075,0,0,0,0.9037,0.9037,0.4519,0,0.9037,0.9037,0.4519,1.3556,1.8075,0.9037,0,0.4519,0.4519,0.9037,0.0001,0,0.0002,0,0,0,0.0001,0.0001,0,0,0.0001,0.0001,0,0.0001,0.0002,0.0001,0,0,0,0.0001,0.2579,0.2902,0.2579,0.2902,
0.3548,0.3548,0.3548,0,0.3548,0.7096,0.3548,0.7096,1.7741,0.7096,0.3548,1.0645,0.3548,0.7096,3.1934,1.0645,0.3548,1.4193,0,0.3548,0,0,0,0,0,0.0001,0,0.0001,0.0001,0.0001,0,0.0001,0,0.0001,0.0002,0.0001,0,0.0001,0,0,0.368,0.2772,0.368,0.2772,
0.9713,2.9139,0.9713,0.4857,0.4857,1.457,0.4857,0.9713,0.9713,0,0.4857,0,0.9713,0.9713,0.9713,0.4857,1.457,0,0,0.4857,0,0.0001,0,0,0,0.0001,0,0,0,0,0,0,0,0,0,0,0.0001,0,0,0,0.2551,0.2592,0.2551,0.2592,
1.0318,1.3758,0.6879,0.6879,0,0.6879,0.6879,1.0318,2.0636,0.3439,0.6879,0,0.6879,0.6879,1.3758,0,0.6879,2.0636,0,0.6879,0.0001,0.0001,0,0,0,0,0,0.0001,0.0001,0,0,0,0,0,0.0001,0,0,0.0001,0,0,0.3155,0.3406,0.3155,0.3406,
2.5734,0.5147,1.0293,1.0293,0.5147,0.5147,0,1.544,2.5734,0,0.5147,0.5147,1.544,0.5147,0,1.544,1.544,1.0293,0.5147,0.5147,0.0002,0,0.0001,0.0001,0,0,0,0.0001,0.0002,0,0,0,0.0001,0,0,0.0001,0.0001,0.0001,0,0,0.1934,0.2919,0.1934,0.2919,
1.3043,0.4348,0.4348,2.1738,0.4348,0,0.8695,0.4348,0.4348,1.3043,1.3043,0.4348,1.7391,0,0.8695,0,0.4348,0.8695,0.4348,0,0.0001,0,0,0.0002,0,0,0.0001,0,0,0.0001,0.0001,0,0.0001,0,0.0001,0,0,0.0001,0,0,0.297,0.2683,0.297,0.2683,
0,0,0,0,1.3811,0,0.6906,0.6906,1.3811,0.6906,0,0,0,0,0.6906,0,1.3811,0,0.6906,0,0,0,0,0,0.0003,0,0.0002,0.0002,0.0003,0.0002,0,0,0,0,0.0002,0,0.0003,0,0.0002,0,0.1979,0.1115,0.1979,0.1115,
3.7571,0,0,0.4696,1.8785,0.4696,0.4696,1.8785,0,1.4089,1.4089,0.4696,1.4089,1.4089,1.4089,1.8785,0.4696,2.8178,0.4696,0.4696,0.0002,0,0,0,0.0001,0,0,0.0001,0,0.0001,0.0001,0,0.0001,0.0001,0.0001,0.0001,0,0.0002,0,0,0.2817,0.2486,0.2817,0.2486,
1.179,0,0,1.179,1.7686,0.5895,0,1.7686,0.5895,1.179,0,1.7686,2.3581,1.179,0.5895,1.179,0.5895,0.5895,0,0.5895,0.0001,0,0,0.0001,0.0001,0,0,0.0001,0,0.0001,0,0.0001,0.0002,0.0001,0,0.0001,0,0,0,0,0.1885,0.222,0.1885,0.222,
1.3171,0.6586,0.9878,0.9878,0.3293,0.6586,0.6586,0.3293,2.3049,0,0,0.3293,0.3293,0.6586,1.3171,0.9878,0.3293,0.9878,1.3171,0,0.0001,0,0.0001,0.0001,0,0,0,0,0.0001,0,0,0,0,0,0.0001,0.0001,0,0.0001,0.0001,0,0.3656,0.3051,0.3656,0.3051,
0.3876,1.1627,0.3876,0,0,0.7751,0.7751,1.1627,1.9378,0,0.7751,0.3876,0.7751,0.7751,2.7129,0.3876,0,1.9378,0,0,0,0.0001,0,0,0,0.0001,0.0001,0.0001,0.0001,0,0.0001,0,0.0001,0.0001,0.0002,0,0,0.0001,0,0,0.3358,0.2766,0.3358,0.2766,
1.7933,1.7933,0,0.8966,1.345,0.4483,0.8966,0.8966,0.8966,0.4483,0.8966,0.4483,0.4483,0.4483,0.8966,0.8966,1.345,0.8966,0,0.8966,0.0001,0.0001,0,0,0.0001,0,0,0,0,0,0,0,0,0,0,0,0.0001,0,0,0,0.2968,0.2548,0.2968,0.2548,
0,0.4502,1.3507,0.4502,0.4502,0.4502,1.3507,0.9004,0.9004,0.9004,2.2511,0.9004,0.9004,0.9004,0.4502,0,1.3507,1.3507,0.9004,0.4502,0,0,0.0001,0,0,0,0.0001,0.0001,0.0001,0.0001,0.0001,0.0001,0.0001,0.0001,0,0,0.0001,0.0001,0.0001,0,0.2551,0.2947,0.2551,0.2947,
1.6468,0.4117,0.8234,0,0.8234,1.2351,0.8234,2.0585,0.4117,0.8234,1.2351,0.4117,1.6468,0.8234,1.2351,0.4117,0,1.6468,1.2351,0.4117,0.0001,0,0,0,0,0.0001,0,0.0001,0,0,0.0001,0,0.0001,0,0.0001,0,0,0.0001,0.0001,0,0.276,0.3123,0.276,0.3123,
0.8137,0.8137,1.2205,1.2205,1.2205,1.2205,0.4068,0.4068,0.8137,2.4411,0.4068,0.8137,1.6274,0,0,2.0342,1.6274,1.6274,0.4068,0.4068,0,0,0.0001,0.0001,0.0001,0.0001,0,0,0,0.0001,0,0,0.0001,0,0,0.0001,0.0001,0.0001,0,0,0.2693,0.3239,0.2693,0.3239,
1.9805,0,0.4951,0,1.9805,0.9903,0.4951,1.4854,0.4951,1.9805,0.9903,0,0.9903,0.9903,0.9903,0.9903,1.4854,1.9805,0.4951,0.4951,0.0001,0,0,0,0.0001,0.0001,0,0.0001,0,0.0001,0.0001,0,0.0001,0.0001,0.0001,0.0001,0.0001,0.0001,0,0,0.2326,0.2723,0.2326,0.2723,
0,1.3249,0.3312,0.9937,0.6624,0.3312,0.6624,0.6624,2.981,0.9937,0.3312,1.3249,0.6624,0.9937,0.9937,0,2.6498,0,0,0.6624,0,0.0001,0,0.0001,0,0,0,0,0.0002,0.0001,0,0.0001,0,0.0001,0.0001,0,0.0001,0,0,0,0.3448,0.324,0.3448,0.324,
0,0,0.7556,1.5111,0,0.7556,0,0,0.7556,0,0,0,0.7556,0,0,0.7556,0.7556,3.0223,0,0,0,0,0.0001,0.0002,0,0.0001,0,0,0.0001,0,0,0,0.0001,0,0,0.0001,0.0001,0.0005,0,0,0.1514,0.093,0.1514,0.093,
0,0,1.2257,0.6128,0.6128,0.6128,0,0.6128,0,0,0.6128,0.6128,0,0.6128,1.8385,0,0.6128,0.6128,0.6128,0,0,0,0.0001,0.0001,0.0001,0.0001,0,0.0001,0,0,0.0001,0.0001,0,0.0001,0.0002,0,0.0001,0.0001,0.0001,0,0.2207,0.1664,0.2207,0.1664,
2.0568,0,2.0568,0.4114,0,1.2341,0,1.6454,1.6454,2.0568,0.4114,0.8227,0.4114,0,0.8227,2.4681,0,1.2341,0,0.8227,0.0001,0,0.0001,0,0,0.0001,0,0.0001,0.0001,0.0001,0,0,0,0,0,0.0001,0,0.0001,0,0,0.2832,0.3054,0.2832,0.3054,
0,0,0,0,0,0.8108,0,0.8108,0.8108,0,0,0.8108,0.8108,0.8108,0,2.4325,1.6217,0,0,0.8108,0,0,0,0,0,0.0001,0,0.0001,0.0001,0,0,0.0001,0.0001,0.0001,0,0.0004,0.0003,0,0,0.0001,0.0883,0.1009,0.0883,0.1009,
1.8239,0,0,0,0.3648,1.8239,0.3648,0.3648,1.4591,0.3648,0.7296,0,0.3648,0.7296,4.0125,0.3648,1.4591,1.8239,0,0.3648,0.0002,0,0,0,0,0.0002,0,0,0.0001,0,0.0001,0,0,0.0001,0.0004,0,0.0001,0.0002,0,0,0.3909,0.2443,0.3909,0.2443,
0,0,0,0,0.782,3.9101,0,0,0,0.782,0.782,0,1.564,0,0,0,1.564,0,0.782,0.782,0,0,0,0,0.0001,0.0004,0,0,0,0.0001,0.0001,0,0.0002,0,0,0,0.0002,0,0.0001,0.0001,0.1169,0.1011,0.1169,0.1011,
0.7658,1.5317,0.7658,0.7658,0.7658,0.7658,1.1487,0.3829,1.1487,1.5317,0.3829,0.7658,1.9146,0,0.3829,0.7658,1.1487,2.2975,0.7658,0.7658,0,0.0001,0,0,0,0,0,0,0,0.0001,0,0,0.0001,0,0,0,0,0.0001,0,0,0.2903,0.3268,0.2903,0.3268,
0.3254,0.3254,0.6509,0.3254,0.6509,0.6509,1.3017,0.3254,1.9526,0.9763,1.3017,1.3017,0.9763,0,0.6509,0.6509,1.6272,0.6509,0.9763,0.6509,0,0,0,0,0,0,0.0001,0,0.0001,0.0001,0.0001,0.0001,0.0001,0,0,0,0.0001,0,0.0001,0,0.3594,0.3152,0.3594,0.3152,
1.7024,0.8512,0.4256,0.8512,0.8512,0.8512,1.7024,0.4256,0.8512,0.8512,2.9792,0.4256,0.8512,0.8512,0,0,0.8512,2.5536,1.2768,0,0.0001,0,0,0,0,0,0.0001,0,0,0,0.0002,0,0,0,0,0,0,0.0001,0.0001,0,0.3166,0.2578,0.3166,0.2578,
1.0723,1.0723,0,2.1447,0,1.6085,0,0,0.5362,1.0723,0,0.5362,0,1.6085,0,1.0723,2.1447,1.6085,1.0723,0,0.0001,0.0001,0,0.0001,0,0.0001,0,0,0,0.0001,0,0,0,0.0001,0,0.0001,0.0001,0.0001,0.0001,0,0.2533,0.2106,0.2533,0.2106,
0,0.9437,0.9437,0.9437,0,0.4719,0.4719,1.4156,2.3594,2.3594,0.4719,0.9437,0.4719,0.9437,0,0,0.4719,0,0.9437,0.4719,0,0.0001,0.0001,0.0001,0,0,0,0.0001,0.0001,0.0001,0,0.0001,0,0.0001,0,0,0,0,0.0001,0,0.2284,0.2998,0.2284,0.2998,
0.367,1.468,1.101,0.734,0.367,1.101,0.734,0.734,1.835,0.734,0.734,1.101,1.468,1.468,0,0,1.101,1.101,0.734,0.734,0,0.0001,0.0001,0,0,0.0001,0,0,0.0001,0,0,0.0001,0.0001,0.0001,0,0,0.0001,0.0001,0,0,0.2984,0.3346,0.2984,0.3346,
1.0077,0,0.6718,0.3359,0,0.6718,1.0077,0.3359,2.3513,0.3359,1.0077,0.3359,1.3436,0,2.0154,0.6718,1.6795,1.3436,0.3359,0.6718,0.0001,0,0.0001,0,0,0.0001,0.0001,0,0.0002,0,0.0001,0,0.0001,0,0.0002,0.0001,0.0001,0.0001,0,0.0001,0.319,0.3451,0.319,0.3451,
0,1.1627,0.3876,0,0,0.7751,0.7751,0.7751,1.9378,0.3876,0.7751,0.7751,0,0.7751,2.3254,0.7751,0.3876,2.3254,0,0,0,0.0001,0,0,0,0.0001,0.0001,0.0001,0.0001,0,0.0001,0.0001,0,0.0001,0.0002,0.0001,0,0.0002,0,0,0.3161,0.2963,0.3161,0.2963,
0.7408,0.3704,1.1113,1.8521,0.3704,0.7408,0.3704,0.7408,0.3704,1.1113,0.7408,0,0.7408,0.7408,2.5929,0.7408,0.7408,0.3704,0.3704,1.1113,0.0001,0,0.0001,0.0001,0,0.0001,0,0.0001,0,0.0001,0.0001,0,0.0001,0.0001,0.0002,0.0001,0.0001,0,0,0.0001,0.3043,0.3253,0.3043,0.3253,
0.7037,0,0,0.7037,0,0,1.4075,0,0,1.4075,0.7037,0,0,1.4075,0.7037,0,0.7037,0,0,0,0.0002,0,0,0.0002,0,0,0.0004,0,0,0.0004,0.0002,0,0,0.0004,0.0002,0,0.0002,0,0,0,0.1513,0.145,0.1513,0.145,
0.9843,0.9843,0.9843,0.4922,0,0.4922,0.4922,0.4922,1.4765,0,0.9843,0.9843,2.4608,0.9843,0.9843,1.9686,1.9686,1.4765,0,0.4922,0.0001,0.0001,0.0001,0,0,0,0,0,0.0001,0,0.0001,0.0001,0.0002,0.0001,0.0001,0.0001,0.0001,0.0001,0,0,0.2915,0.2164,0.2915,0.2164,
2.3984,0.9594,0.9594,0.9594,1.439,0,0.4797,0.9594,0,0,0.9594,1.439,2.3984,1.439,0.4797,0,0.4797,0.4797,0,2.3984,0.0001,0,0,0,0.0001,0,0,0,0,0,0,0.0001,0.0001,0.0001,0,0,0,0,0,0.0001,0.2834,0.2369,0.2834,0.2369,
0,0.4333,0.4333,0.8666,0.4333,0.4333,1.7332,0.8666,0.4333,0.4333,0.8666,0.4333,0.4333,0.4333,0.8666,0.8666,0.8666,0.8666,0.8666,0.4333,0,0,0,0.0001,0,0,0.0001,0.0001,0,0,0.0001,0,0,0,0.0001,0.0001,0.0001,0.0001,0.0001,0,0.2838,0.2829,0.2838,0.2829,
0.6948,0,0,0.6948,0,1.3895,0,0.6948,0,0.6948,0,0,0.6948,0,0.6948,0.6948,0,0.6948,0.6948,0,0.0001,0,0,0.0001,0,0.0002,0,0.0001,0,0.0001,0,0,0.0001,0,0.0001,0.0001,0,0.0001,0.0001,0,0.159,0.1463,0.159,0.1463,
0,0.6573,0,0,0,0,0.6573,0,0,0,0.6573,0.6573,0,0.6573,1.972,0,1.3147,0,1.3147,0,0,0.0001,0,0,0,0,0.0001,0,0,0,0.0001,0.0001,0,0.0001,0.0002,0,0.0001,0,0.0001,0,0.2314,0.1113,0.2314,0.1113,
0.4006,0.8013,1.2019,1.6026,0,0.8013,0.4006,0.8013,1.6026,0.4006,0,1.6026,0.8013,1.6026,0.8013,0.8013,1.2019,0.4006,0,0.4006,0,0.0001,0.0001,0.0001,0,0.0001,0,0.0001,0.0001,0,0,0.0001,0.0001,0.0001,0.0001,0.0001,0.0001,0,0,0,0.2976,0.3017,0.2976,0.3017,
0,0,0,0.8061,0.8061,1.6122,0,0,0,2.4182,0.8061,0,0,0,0,0,0,0,2.4182,0,0,0,0,0.0001,0.0001,0.0002,0,0,0,0.0004,0.0001,0,0,0,0,0,0,0,0.0004,0,0.1257,0.0682,0.1257,0.0682,
0.5742,0.5742,0.5742,0.5742,0.5742,0.5742,0,0.5742,0.5742,2.2966,0.5742,0,1.1483,0,1.7225,1.7225,1.1483,0.5742,0,0,0,0,0,0,0,0,0,0,0,0.0002,0,0,0.0001,0,0.0001,0.0001,0.0001,0,0,0,0.2295,0.1963,0.2295,0.1963,
0.7795,0.3897,0.7795,0.7795,0.7795,1.5589,0.3897,0.7795,1.1692,0.7795,0.3897,1.1692,0.3897,0.7795,0.3897,1.1692,0.7795,0.3897,1.1692,0.3897,0,0,0,0,0,0.0001,0,0,0.0001,0,0,0.0001,0,0,0,0.0001,0,0,0.0001,0,0.2919,0.3184,0.2919,0.3184,
0,1.1215,0,0.3738,0,0.7477,0.3738,1.1215,2.243,0.3738,0.3738,0.3738,1.1215,0.7477,2.6168,0.3738,0,1.8692,0,0,0,0.0001,0,0,0,0,0,0.0001,0.0001,0,0,0,0.0001,0,0.0002,0,0,0.0001,0,0,0.3239,0.3023,0.3239,0.3023,
1.0801,0.36,0.7201,0,0.36,1.0801,1.0801,1.4401,1.0801,1.4401,1.0801,0.7201,2.1602,0.7201,2.1602,0.36,0.36,0.36,1.0801,0.36,0.0001,0,0,0,0,0.0001,0.0001,0.0001,0.0001,0.0001,0.0001,0,0.0001,0,0.0001,0,0,0,0.0001,0,0.3625,0.2774,0.3625,0.2774,
1.2074,0.8049,0.4025,0.8049,1.6098,0,0,0.8049,1.2074,0,0.4025,1.2074,1.2074,0.8049,0.4025,0.8049,0.8049,0.4025,2.0123,0.4025,0.0001,0,0,0,0.0001,0,0,0,0.0001,0,0,0.0001,0.0001,0,0,0,0,0,0.0001,0,0.293,0.3046,0.293,0.3046,
0,0.452,0.452,0.452,1.3561,0.452,1.3561,2.7123,0.452,1.8082,0.9041,0.452,0.9041,0,0.9041,1.3561,1.3561,0.9041,0.452,0,0,0,0,0,0.0001,0,0.0001,0.0002,0,0.0001,0.0001,0,0.0001,0,0.0001,0.0001,0.0001,0.0001,0,0,0.2374,0.3106,0.2374,0.3106,
0,0,0,0.802,0,0,0,0,0.802,0.802,0.802,0,0.802,0.802,1.604,0,0.802,0,0,0.802,0,0,0,0.0002,0,0,0,0,0.0002,0.0002,0.0002,0,0.0002,0.0002,0.0004,0,0.0002,0,0,0.0002,0.0913,0.1066,0.0913,0.1066,
0.401,1.2029,0,0.401,0,0.8019,0.8019,0.8019,2.8067,0,1.2029,0.401,0.8019,0.8019,2.0048,0.8019,0,2.0048,0,0,0,0.0001,0,0,0,0.0001,0.0001,0.0001,0.0002,0,0.0001,0,0.0001,0.0001,0.0001,0.0001,0,0.0001,0,0,0.3106,0.2884,0.3106,0.2884,
0.6639,0,0,0,0,0,0.6639,1.3277,0.6639,0.6639,0,0,0.6639,0.6639,1.3277,1.3277,0,0,0,0.6639,0.0001,0,0,0,0,0,0.0001,0.0002,0.0001,0.0001,0,0,0.0001,0.0001,0.0002,0.0002,0,0,0,0.0001,0.169,0.1671,0.169,0.1671,
1.7979,0,0.4495,0.8989,0,0.8989,0.8989,0.4495,0.4495,0.4495,0,0.8989,2.2473,0.8989,1.3484,0.8989,0.4495,0.8989,0.4495,1.7979,0.0002,0,0,0.0001,0,0.0001,0.0001,0,0,0,0,0.0001,0.0002,0.0001,0.0001,0.0001,0,0.0001,0,0.0002,0.2821,0.2685,0.2821,0.2685,
0,0.581,0.581,0,0.581,0.581,0,0,1.743,0.581,0.581,0,1.743,1.162,1.162,0,0.581,0,0.581,0,0,0.0001,0.0001,0,0.0001,0.0001,0,0,0.0002,0.0001,0.0001,0,0.0002,0.0001,0.0001,0,0.0001,0,0.0001,0,0.2277,0.1913,0.2277,0.1913,
0,0,0,0,0,0.8651,0.4326,0.4326,3.8932,1.2977,0.8651,0,0,0.4326,3.8932,0.8651,0.4326,0.8651,0,0,0,0,0,0,0,0.0001,0,0,0.0004,0.0001,0.0001,0,0,0,0.0004,0.0001,0,0.0001,0,0,0.2322,0.3352,0.2322,0.3352,
0,0.3812,0,1.5248,1.1436,1.5248,0.7624,0.3812,0.3812,1.1436,0.3812,0.7624,0.3812,1.5248,1.1436,0.3812,1.5248,0,0.7624,0,0,0,0,0.0001,0.0001,0.0001,0,0,0,0.0001,0,0,0,0.0001,0.0001,0,0.0001,0,0,0,0.283,0.3358,0.283,0.3358,
0.4375,0,0.8751,1.7501,0.4375,0.4375,0.4375,0.8751,0.4375,0.4375,0.4375,0,0.8751,1.3126,0.8751,0.4375,0.4375,0.8751,0.8751,0.4375,0,0,0.0001,0.0001,0,0,0,0.0001,0,0,0,0,0.0001,0.0001,0.0001,0,0,0.0001,0.0001,0,0.2957,0.2667,0.2957,0.2667,
0.7588,0.7588,1.1381,0.7588,0.3794,1.5175,1.5175,1.8969,0.3794,1.5175,0,1.8969,0.3794,0,0.3794,0.3794,1.8969,1.8969,0.7588,0.7588,0,0,0.0001,0,0,0.0001,0.0001,0.0001,0,0.0001,0,0.0001,0,0,0,0,0.0001,0.0001,0,0,0.282,0.3386,0.282,0.3386,
1.4851,0.99,0.495,0.495,0.99,0.495,1.4851,0,0.495,0.99,0.99,0.495,0.495,1.9801,0.495,0.99,0.495,0.495,0.495,0,0.0001,0.0001,0,0,0.0001,0,0.0001,0,0,0.0001,0.0001,0,0,0.0001,0,0.0001,0,0,0,0,0.2654,0.2396,0.2654,0.2396,
0.9688,0.4844,0.4844,0,0.9688,0.4844,0.4844,0,1.4532,0.9688,0.9688,0.4844,0.9688,1.4532,0,0.4844,1.4532,1.4532,1.9376,1.4532,0.0001,0,0,0,0.0001,0,0,0,0.0001,0.0001,0.0001,0,0.0001,0.0001,0,0,0.0001,0.0001,0.0001,0.0001,0.2637,0.2519,0.2637,0.2519,
0.3724,1.1171,1.1171,0.7447,0,0.3724,1.1171,0.3724,0.7447,1.8619,0,0.3724,1.4895,0.3724,1.4895,0.3724,1.1171,0,0.3724,0.7447,0,0.0001,0.0001,0,0,0,0.0001,0,0,0.0001,0,0,0.0001,0,0.0001,0,0.0001,0,0,0,0.2988,0.3288,0.2988,0.3288,
0.655,0.655,0.9826,0.9826,1.3101,0,0.655,0.3275,0.9826,0.655,0.655,0.9826,0.655,1.3101,1.3101,0.3275,0.3275,1.3101,1.6376,0,0,0,0.0001,0.0001,0.0001,0,0,0,0.0001,0,0,0.0001,0,0.0001,0.0001,0,0,0.0001,0.0001,0,0.3482,0.3243,0.3482,0.3243,
0,0,0,1.2023,1.2023,2.4045,0,0,0.6011,0.6011,0.6011,0,0.6011,0,0.6011,0.6011,1.2023,0,0.6011,0,0,0,0,0.0001,0.0001,0.0003,0,0,0.0001,0.0001,0.0001,0,0.0001,0,0.0001,0.0001,0.0001,0,0.0001,0,0.2188,0.1801,0.2188,0.1801,
2.2377,0.4475,0,0,0.8951,0.4475,0.4475,1.7902,0.8951,0.4475,1.3426,1.3426,0.4475,0.8951,1.3426,0.4475,1.3426,0.4475,0.8951,2.6853,0.0001,0,0,0,0.0001,0,0,0.0001,0.0001,0,0.0001,0.0001,0,0.0001,0.0001,0,0.0001,0,0.0001,0.0002,0.2767,0.2758,0.2767,0.2758,
0,1.1166,0,0.5583,0,1.6749,0.5583,0.5583,0.5583,2.7916,1.1166,0.5583,0,0,1.6749,0.5583,1.1166,1.1166,0,0,0,0.0001,0,0,0,0.0001,0,0,0,0.0002,0.0001,0,0,0,0.0001,0,0.0001,0.0001,0,0,0.1728,0.2689,0.1728,0.2689,
0.4709,0.4709,1.4128,0.4709,0.4709,1.8837,0,1.4128,0,3.7675,0.4709,0.4709,0.9419,0.4709,0.9419,0,0.9419,1.8837,0.9419,0.4709,0,0,0.0001,0,0,0.0001,0,0.0001,0,0.0002,0,0,0,0,0,0,0,0.0001,0,0,0.2435,0.2855,0.2435,0.2855,
0.4396,2.1978,1.7582,0,0.4396,0.4396,0,1.7582,0.4396,2.1978,2.1978,0.8791,0.8791,0.4396,1.3187,0,0.8791,1.3187,1.7582,0.8791,0,0.0001,0.0001,0,0,0,0,0.0001,0,0.0001,0.0001,0,0,0,0,0,0,0,0.0001,0,0.2768,0.2837,0.2768,0.2837,
0,1.1101,0.74,0,0,0.74,0.37,1.1101,3.3302,0,0.74,0.37,0.74,0.74,1.4801,0.37,0,1.8501,0,0,0,0.0001,0,0,0,0,0,0.0001,0.0002,0,0,0,0,0,0.0001,0,0,0.0001,0,0,0.3162,0.3138,0.3162,0.3138,
0,0,0,0,1.4865,0,1.4865,0,0.7432,0,0.7432,0,0,0.7432,0,0,0.7432,1.4865,0,0,0,0,0,0,0.0004,0,0.0004,0,0.0002,0,0.0002,0,0,0.0002,0,0,0.0002,0.0004,0,0,0.1387,0.118,0.1387,0.118,
0.415,0.8301,0.8301,0.8301,0.8301,1.2451,0.8301,0.8301,0.415,0,1.2451,0.8301,0.415,1.2451,0.8301,1.2451,0.415,0,1.2451,0.415,0,0,0,0,0,0.0001,0,0,0,0,0.0001,0,0,0.0001,0,0.0001,0,0,0.0001,0,0.3019,0.2831,0.3019,0.2831,
0,0.634,0.634,0.634,1.2679,0,0,1.2679,0,0.634,0.634,0.634,0.634,1.2679,0.634,0,1.2679,0,0,0.634,0,0.0001,0.0001,0.0001,0.0001,0,0,0.0001,0,0.0001,0.0001,0.0001,0.0001,0.0001,0.0001,0,0.0001,0,0,0.0001,0.1903,0.1758,0.1903,0.1758,
0,0,0,0,0.8083,0,0,3.233,0.8083,0,0,1.6165,0,0,0,0,0.8083,0,0,0.8083,0,0,0,0,0.0001,0,0,0.0006,0.0001,0,0,0.0003,0,0,0,0,0.0001,0,0,0.0001,0.0932,0.0985,0.0932,0.0985,
0.5462,1.0924,1.6386,1.0924,0.5462,0,1.0924,0.5462,0,0.5462,0,0.5462,1.0924,0,0.5462,1.0924,0,0,0,1.6386,0,0.0001,0.0001,0.0001,0,0,0.0001,0,0,0,0,0,0.0001,0,0,0.0001,0,0,0,0.0001,0.2669,0.1869,0.2669,0.1869,
0,0.528,1.056,0.528,0.528,0.528,1.056,0,0,0,0,0.528,1.584,0,2.1119,0.528,0,0.528,0.528,0,0,0.0001,0.0001,0.0001,0.0001,0.0001,0.0001,0,0,0,0,0.0001,0.0002,0,0.0002,0.0001,0,0.0001,0.0001,0,0.2459,0.2261,0.2459,0.2261,
1.48,0,0.9867,0.4933,0.4933,0.9867,0.4933,0,0.9867,1.48,0.9867,0.9867,0.4933,1.9733,0,0,0.9867,0.9867,1.48,0,0.0001,0,0.0001,0,0,0.0001,0,0,0.0001,0.0001,0.0001,0.0001,0,0.0001,0,0,0.0001,0.0001,0.0001,0,0.2512,0.2554,0.2512,0.2554,
2.4119,0,0,0,0.804,0.804,0,0,0,0.804,0,0,1.6079,0.804,0.804,0.804,0,0.804,0,0,0.0004,0,0,0,0.0001,0.0001,0,0,0,0.0001,0,0,0.0002,0.0001,0.0001,0.0001,0,0.0001,0,0,0.1104,0.0856,0.1104,0.0856,
1.9424,0,0.6475,0.6475,0,0,0,0.6475,0.6475,0.6475,0.6475,0,0,0.6475,0.6475,0,1.2949,0.6475,0,0.6475,0.0002,0,0.0001,0.0001,0,0,0,0.0001,0.0001,0.0001,0.0001,0,0,0.0001,0.0001,0,0.0002,0.0001,0,0.0001,0.1877,0.1648,0.1877,0.1648,
1.0669,0,1.0669,2.1339,0.3556,0.3556,0,0.7113,3.2008,1.0669,0.3556,0.7113,0.7113,1.0669,0,0.3556,1.7782,0,0,0,0.0001,0,0.0001,0.0002,0,0,0,0.0001,0.0002,0.0001,0,0.0001,0.0001,0.0001,0,0,0.0001,0,0,0,0.321,0.3234,0.321,0.3234,
0.4592,0,0,1.8368,0.4592,0.9184,0,1.8368,0.9184,0.9184,0.4592,1.3776,0,0.4592,0.4592,1.8368,0.9184,0.9184,0,0.4592,0,0,0,0.0001,0,0.0001,0,0.0001,0.0001,0.0001,0,0.0001,0,0,0,0.0001,0.0001,0.0001,0,0,0.3034,0.2374,0.3034,0.2374,
0,0.4512,0.4512,0.4512,1.8047,1.3535,0,0.9024,1.3535,1.8047,1.3535,0.4512,1.3535,1.3535,0.4512,1.3535,0,1.3535,0.9024,1.8047,0,0,0,0,0.0001,0.0001,0,0,0.0001,0.0001,0.0001,0,0.0001,0.0001,0,0.0001,0,0.0001,0,0.0001,0.2681,0.2808,0.2681,0.2808,
1.0886,0.3629,0,0,0.3629,1.4515,0.3629,0.7258,2.1773,0.7258,0.7258,0,0.3629,0.7258,3.2659,0.7258,1.4515,1.0886,0,0.3629,0.0001,0,0,0,0,0.0001,0,0.0001,0.0002,0.0001,0.0001,0,0,0.0001,0.0002,0.0001,0.0001,0.0001,0,0,0.3581,0.279,0.3581,0.279,
0.3747,0,0,0.3747,0,0.3747,0,0.7495,3.3726,0.7495,0.7495,0,0.3747,0,4.4968,1.1242,0,0,1.1242,0.3747,0,0,0,0,0,0,0,0.0001,0.0004,0.0001,0.0001,0,0,0,0.0005,0.0001,0,0,0.0001,0,0.3449,0.2804,0.3449,0.2804,
0.3351,2.6807,0,0,0,0,0,0,0,0,0.3351,0,0,0.3351,9.3823,1.0052,0.3351,0.3351,0,1.3403,0,0.0002,0,0,0,0,0,0,0,0,0,0,0,0,0.0005,0.0001,0,0,0,0.0001,0.3272,0.3377,0.3272,0.3377,
1.2297,1.6396,0.8198,0.8198,0,1.2297,0,2.0495,2.4594,1.6396,0.4099,0.4099,0.8198,0.4099,1.2297,0.8198,0.8198,1.6396,0,0.4099,0.0001,0.0001,0,0,0,0.0001,0,0.0001,0.0001,0.0001,0,0,0,0,0.0001,0,0,0.0001,0,0,0.3363,0.2538,0.3363,0.2538,
0.4645,0.4645,0,0.4645,0.4645,0.929,0,0,0.929,0,0.4645,0.4645,0.929,1.3936,1.3936,0,0.929,1.3936,1.3936,0.4645,0,0,0,0,0,0.0001,0,0,0.0001,0,0,0,0.0001,0.0001,0.0001,0,0.0001,0.0001,0.0001,0,0.2383,0.2972,0.2383,0.2972,
0.3875,0,0,0.3875,0.3875,1.5501,0.775,0.3875,1.1626,0.775,0.775,0.775,1.1626,0.3875,1.5501,0.3875,1.1626,0.3875,1.1626,1.1626,0,0,0,0,0,0.0001,0.0001,0,0.0001,0.0001,0.0001,0.0001,0.0001,0,0.0001,0,0.0001,0,0.0001,0.0001,0.2933,0.3192,0.2933,0.3192,
0.4175,0,0.4175,2.0873,1.2524,0.8349,0.8349,0,1.6699,0.8349,0.4175,0.8349,0,0.4175,0,1.2524,0.4175,0.4175,0.4175,0.4175,0,0,0,0.0002,0.0001,0.0001,0.0001,0,0.0001,0.0001,0,0.0001,0,0,0,0.0001,0,0,0,0,0.2759,0.3066,0.2759,0.3066,
1.3365,0,0,0,0.6683,1.0024,0.3341,0,1.6707,1.0024,0.6683,0.3341,0.3341,0.6683,3.6755,0.6683,1.3365,1.0024,0,0,0.0001,0,0,0,0.0001,0.0001,0,0,0.0001,0.0001,0.0001,0,0,0.0001,0.0003,0.0001,0.0001,0.0001,0,0,0.3583,0.3076,0.3583,0.3076,
0.5886,3.5317,0,0.5886,0,1.7658,0,1.1772,1.1772,0.5886,0,0.5886,1.1772,0,0.5886,2.3545,0.5886,1.7658,0,1.1772,0,0.0001,0,0,0,0.0001,0,0,0,0,0,0,0,0,0,0.0001,0,0.0001,0,0,0.2364,0.175,0.2364,0.175,
0.7183,0,0,0,0,0,0.7183,2.155,0.7183,1.4366,0,0.7183,0,0.7183,0.7183,1.4366,0.7183,0,0,0,0.0001,0,0,0,0,0,0.0001,0.0002,0.0001,0.0002,0,0.0001,0,0.0001,0.0001,0.0002,0.0001,0,0,0,0.1348,0.1469,0.1348,0.1469,
0.4697,0.4697,0.9394,0.4697,0.9394,3.288,0.4697,1.4091,0.4697,0.9394,0.4697,0.4697,1.4091,0.4697,0,0.9394,1.4091,1.8788,0.9394,0.9394,0,0,0,0,0,0.0002,0,0.0001,0,0,0,0,0.0001,0,0,0,0.0001,0.0001,0,0,0.2663,0.264,0.2663,0.264,
1.7918,0.8959,0,0.8959,0.8959,2.6876,0.4479,0,0.4479,1.3438,1.3438,0,2.6876,1.7918,0.8959,0.4479,1.7918,0.8959,0.4479,0,0.0001,0,0,0,0,0.0001,0,0,0,0.0001,0.0001,0,0.0001,0.0001,0,0,0.0001,0,0,0,0.2834,0.2687,0.2834,0.2687,
0.5085,1.017,0,0,0.5085,0,0,0.5085,1.017,1.5255,0.5085,0.5085,2.034,1.017,1.5255,0,1.017,0,1.017,1.5255,0,0.0001,0,0,0,0,0,0,0.0001,0.0001,0,0,0.0001,0.0001,0.0001,0,0.0001,0,0.0001,0.0001,0.2629,0.2286,0.2629,0.2286,
0.334,1.6698,1.3358,1.0019,1.6698,0.6679,0.6679,1.0019,0.334,1.6698,0.6679,0,0.6679,0.6679,1.6698,0.6679,0,0,0.6679,1.3358,0,0.0001,0.0001,0,0.0001,0,0,0,0,0.0001,0,0,0,0,0.0001,0,0,0,0,0.0001,0.3025,0.3636,0.3025,0.3636,
1.1737,0,1.7606,0,0,0,1.1737,0.5869,1.1737,1.1737,0,0.5869,0,1.1737,0,1.1737,0.5869,1.1737,0,0,0.0001,0,0.0002,0,0,0,0.0001,0.0001,0.0001,0.0001,0,0.0001,0,0.0001,0,0.0001,0.0001,0.0001,0,0,0.18,0.2331,0.18,0.2331,
0.6697,0,0.6697,0.6697,0,0,0,0,3.3483,1.3393,0,0,1.3393,0,0,0,0.6697,1.3393,0,0,0.0001,0,0.0001,0.0001,0,0,0,0,0.0005,0.0002,0,0,0.0002,0,0,0,0.0001,0.0002,0,0,0.1462,0.1841,0.1462,0.1841,
0,0,0.6387,0.6387,0.6387,0.6387,0,3.8322,0.6387,4.4709,0.6387,0,0,0.6387,0.6387,0,0,1.2774,0,1.9161,0,0,0.0001,0.0001,0.0001,0.0001,0,0.0004,0.0001,0.0005,0.0001,0,0,0.0001,0.0001,0,0,0.0001,0,0.0002,0.1956,0.1657,0.1956,0.1657,
2.2691,0.5673,0,0.5673,1.1346,0.5673,0,0,1.1346,0,0.5673,1.1346,0,0,0.5673,1.7018,0,0.5673,1.1346,1.1346,0.0001,0,0,0,0.0001,0,0,0,0.0001,0,0,0.0001,0,0,0,0.0001,0,0,0.0001,0.0001,0.206,0.2268,0.206,0.2268,
0.3785,1.5142,0.7571,0.7571,1.1356,0.3785,1.5142,0,0.3785,0.7571,1.1356,0.7571,1.1356,0.3785,0.7571,1.5142,0.7571,1.1356,1.5142,1.1356,0,0.0001,0,0,0.0001,0,0.0001,0,0,0,0.0001,0,0.0001,0,0,0.0001,0,0.0001,0.0001,0.0001,0.2988,0.3226,0.2988,0.3226,
0.9659,0.9659,0.4829,0,1.4488,0.9659,0.9659,0.9659,0.9659,0.4829,0.4829,0,0.4829,0.4829,1.4488,1.4488,0,0.9659,1.4488,0,0.0001,0.0001,0,0,0.0001,0.0001,0.0001,0.0001,0.0001,0,0,0,0,0,0.0001,0.0001,0,0.0001,0.0001,0,0.2264,0.2907,0.2264,0.2907,
0.7057,0.7057,0.7057,0.7057,0,0.7057,0.3529,0.3529,1.7643,1.4114,0.7057,1.0586,1.4114,0,1.0586,1.0586,0.3529,0.3529,1.0586,0.7057,0,0,0,0,0,0,0,0,0.0001,0.0001,0,0.0001,0.0001,0,0.0001,0.0001,0,0,0.0001,0,0.3418,0.3053,0.3418,0.3053,
0,0,0,0,0.6275,0.6275,0,0,1.8824,0.6275,0.6275,1.2549,0.6275,0,0,0.6275,0.6275,0,0.6275,0.6275,0,0,0,0,0.0001,0.0001,0,0,0.0002,0.0001,0.0001,0.0002,0.0001,0,0,0.0001,0.0001,0,0.0001,0.0001,0.199,0.1736,0.199,0.1736,
0,0.7143,0.3571,0.3571,1.7857,0.7143,0.7143,1.0714,1.0714,0.3571,1.4286,0.7143,0.7143,0.7143,1.4286,0.3571,1.0714,0.7143,0.7143,0,0,0,0,0,0.0001,0,0,0.0001,0.0001,0,0.0001,0,0,0,0.0001,0,0.0001,0,0,0,0.3371,0.3058,0.3371,0.3058,
0,0,0.7016,0.7016,0,1.0523,1.7539,0.3508,2.4554,0.3508,0.7016,2.1047,1.0523,1.4031,1.0523,1.7539,1.0523,0.3508,0,0,0,0,0.0001,0.0001,0,0.0001,0.0002,0,0.0002,0,0.0001,0.0002,0.0001,0.0001,0.0001,0.0002,0.0001,0,0,0,0.3444,0.3048,0.3444,0.3048,
1.4554,1.4554,0.3639,0.7277,0,0,2.547,1.8193,1.0916,0.3639,0,1.0916,0.3639,0.7277,0,1.0916,1.0916,0.7277,0.3639,0.7277,0.0001,0.0001,0,0,0,0,0.0001,0.0001,0.0001,0,0,0.0001,0,0,0,0.0001,0.0001,0,0,0,0.3128,0.3233,0.3128,0.3233,
0.6937,0,1.0405,0.6937,0.3468,0.6937,0.3468,1.0405,0.6937,0.6937,2.0811,0.3468,2.0811,1.3874,1.7342,1.0405,0,0.3468,0.3468,1.0405,0,0,0.0001,0,0,0,0,0.0001,0,0,0.0001,0,0.0001,0.0001,0.0001,0.0001,0,0,0,0.0001,0.3312,0.322,0.3312,0.322,
0.7043,0,0,1.4086,0,0,0,0,0,0.7043,0,0.7043,0.7043,0.7043,0.7043,0,0,0.7043,0.7043,1.4086,0.0001,0,0,0.0002,0,0,0,0,0,0.0001,0,0.0001,0.0001,0.0001,0.0001,0,0,0.0001,0.0001,0.0002,0.1825,0.1132,0.1825,0.1132,
1.0238,1.0238,0,1.0238,0.5119,0,1.5357,0.5119,0.5119,0,2.0476,0,0.5119,0.5119,1.0238,0.5119,0.5119,0,0.5119,0,0.0001,0.0001,0,0.0001,0,0,0.0001,0,0,0,0.0001,0,0,0,0.0001,0,0,0,0,0,0.2338,0.2543,0.2338,0.2543,
0.4452,0.8904,1.7808,0.4452,1.3356,0.4452,1.3356,0.8904,0,0.4452,0.4452,0.4452,1.3356,1.7808,1.7808,0.8904,0.8904,0.4452,0,0.4452,0,0.0001,0.0001,0,0.0001,0,0.0001,0.0001,0,0,0,0,0.0001,0.0001,0.0001,0.0001,0.0001,0,0,0,0.299,0.2558,0.299,0.2558,
0.3843,1.1529,0.3843,0,0,1.5372,0.3843,1.5372,1.9215,0.7686,0.3843,0.3843,0.3843,0.7686,2.69,0.7686,0,0.7686,0,0,0,0.0001,0,0,0,0.0001,0,0.0001,0.0001,0,0,0,0,0,0.0002,0,0,0,0,0,0.2668,0.3489,0.2668,0.3489,
0.4686,2.8119,0,0.4686,1.8746,0.4686,1.8746,0.4686,0.4686,1.8746,0.4686,0.9373,0.9373,0.4686,0.4686,0.4686,1.8746,1.4059,2.8119,0,0,0.0001,0,0,0.0001,0,0.0001,0,0,0.0001,0,0,0,0,0,0,0.0001,0.0001,0.0001,0,0.2744,0.2569,0.2744,0.2569,
0.4564,0,1.8254,0.4564,0.9127,0.9127,0,0.9127,0.9127,0.9127,0.4564,0.4564,0.9127,0.9127,0.9127,1.3691,0.4564,1.3691,0,0.4564,0,0,0.0001,0,0.0001,0.0001,0,0.0001,0.0001,0.0001,0,0,0.0001,0.0001,0.0001,0.0001,0,0.0001,0,0,0.2388,0.3049,0.2388,0.3049,
0.9661,0.9661,1.2882,0.322,1.2882,0.322,0.322,1.2882,1.2882,0.6441,0.6441,0,0.9661,0.322,1.6102,0.6441,0,1.9323,0.6441,0.6441,0,0,0.0001,0,0.0001,0,0,0.0001,0.0001,0,0,0,0,0,0.0001,0,0,0.0001,0,0,0.3403,0.3377,0.3403,0.3377,
1.9482,0,0,0,1.2988,0.6494,0,3.247,0.6494,5.1953,0.6494,0.6494,0.6494,0.6494,0,1.2988,2.5976,0,0,0.6494,0.0001,0,0,0,0.0001,0,0,0.0002,0,0.0003,0,0,0,0,0,0.0001,0.0002,0,0,0,0.1822,0.1684,0.1822,0.1684,
0.4392,0.4392,0.8783,0.8783,1.3175,0.8783,0,0.8783,0.4392,0.4392,0.4392,0.4392,1.7566,0,0.4392,0.4392,0.4392,1.7566,0.8783,2.1958,0,0,0,0,0.0001,0,0,0,0,0,0,0,0.0001,0,0,0,0,0.0001,0,0.0001,0.2688,0.292,0.2688,0.292,
1.5023,0,0.7512,1.8779,0.3756,1.8779,1.1267,0,0.3756,1.1267,0.3756,0.3756,1.1267,0.7512,1.5023,1.5023,1.1267,1.5023,0.3756,0.7512,0.0001,0,0.0001,0.0001,0,0.0001,0.0001,0,0,0.0001,0,0,0.0001,0.0001,0.0001,0.0001,0.0001,0.0001,0,0.0001,0.3369,0.2875,0.3369,0.2875,
0.3162,0.3162,1.5811,0.9487,0.9487,0.3162,1.5811,0.3162,1.5811,0.6325,0.3162,0.6325,0.9487,0.9487,0.6325,1.5811,0.6325,0,0.3162,1.2649,0,0,0.0001,0.0001,0.0001,0,0.0001,0,0.0001,0,0,0,0.0001,0.0001,0,0.0001,0,0,0,0.0001,0.3287,0.3551,0.3287,0.3551,
0.8201,1.2301,0.8201,0.41,0.8201,1.2301,0,1.6401,1.6401,1.6401,1.2301,1.6401,0,0,0.41,2.4602,1.2301,0.41,0.41,0.8201,0,0,0,0,0,0,0,0.0001,0.0001,0.0001,0,0.0001,0,0,0,0.0001,0,0,0,0,0.2986,0.2914,0.2986,0.2914,
1.2113,0,0,0,1.817,1.2113,0,3.0283,0.6057,3.634,0.6057,0,0.6057,0,0.6057,1.817,2.4227,0.6057,0,0.6057,0.0001,0,0,0,0.0001,0.0001,0,0.0002,0,0.0002,0,0,0,0,0,0.0001,0.0002,0,0,0,0.2214,0.1729,0.2214,0.1729,
1.4235,0.4745,0.4745,1.4235,0.4745,0,0.4745,0.949,0.4745,2.3725,0.4745,0,0.949,0.949,0.949,0.949,1.4235,1.898,0.4745,0.949,0.0001,0,0,0.0001,0,0,0,0.0001,0,0.0002,0,0,0.0001,0.0001,0.0001,0.0001,0.0001,0.0001,0,0.0001,0.2605,0.265,0.2605,0.265,
0,1.1593,0.5797,0.5797,1.1593,1.739,0,0,1.739,0.5797,0,0,0.5797,0,0.5797,0,1.739,0,0,0.5797,0,0.0001,0,0,0.0001,0.0001,0,0,0.0001,0,0,0,0,0,0,0,0.0001,0,0,0,0.183,0.2373,0.183,0.2373,
1.4597,0,1.4597,0.4866,1.9463,0,0.4866,1.4597,0,0.9731,0.9731,0,1.4597,1.4597,0.9731,1.4597,1.4597,1.4597,0.4866,0.4866,0.0001,0,0.0001,0,0.0001,0,0,0.0001,0,0.0001,0.0001,0,0.0001,0.0001,0.0001,0.0001,0.0001,0.0001,0,0,0.2638,0.2496,0.2638,0.2496,
0.9626,0,1.4439,0,1.9252,0.9626,0,0,1.4439,1.9252,0.4813,0.9626,0.4813,1.4439,0,2.4064,0.4813,0.9626,0,0.9626,0.0001,0,0.0001,0,0.0001,0.0001,0,0,0.0001,0.0001,0,0.0001,0,0.0001,0,0.0001,0,0.0001,0,0.0001,0.2613,0.2574,0.2613,0.2574,
3.7196,1.6531,1.2399,0.8266,0.8266,0.4133,1.2399,0.8266,0,0.4133,0,0.4133,1.2399,0,0.4133,0.8266,1.6531,2.0664,0.4133,2.0664,0.0002,0.0001,0.0001,0,0,0,0.0001,0,0,0,0,0,0.0001,0,0,0,0.0001,0.0001,0,0.0001,0.3181,0.2686,0.3181,0.2686,
1.4349,0,0.7175,0,2.1524,0.7175,0.7175,0,0,0.7175,0,0,0,0,0.7175,0,0,0,0,0,0.0002,0,0.0001,0,0.0004,0.0001,0.0001,0,0,0.0001,0,0,0,0,0.0001,0,0,0,0,0,0.1308,0.1517,0.1308,0.1517,
1.9673,0.7869,0.3935,0.7869,0.3935,0.7869,0.3935,0.3935,1.1804,0.3935,0.3935,0,0.7869,0.3935,0.3935,0.7869,0.7869,1.5739,2.3608,0,0.0001,0,0,0,0,0,0,0,0.0001,0,0,0,0,0,0,0,0,0.0001,0.0001,0,0.3426,0.2639,0.3426,0.2639,
0,1.1965,0.3988,0.3988,0,0.7976,0.3988,1.1965,3.5894,0,0.7976,0.3988,1.1965,0.7976,1.1965,0.3988,0,1.9941,0,0,0,0.0001,0,0,0,0,0,0.0001,0.0002,0,0,0,0.0001,0,0.0001,0,0,0.0001,0,0,0.3285,0.2727,0.3285,0.2727,
1.8876,0,0.9438,1.4157,1.4157,1.8876,0.4719,0.9438,0,2.3594,0.4719,0,0.9438,1.4157,0.4719,1.8876,1.8876,0.9438,0,0.9438,0.0001,0,0.0001,0.0001,0.0001,0.0001,0,0.0001,0,0.0001,0,0,0.0001,0.0001,0,0.0001,0.0001,0.0001,0,0.0001,0.2604,0.2677,0.2604,0.2677,
1.5184,0,0.7592,0,0,0.7592,0,0.7592,0,0,0,0,1.5184,0.7592,0,1.5184,0.7592,0.7592,0.7592,0.7592,0.0001,0,0.0001,0,0,0.0001,0,0.0001,0,0,0,0,0.0001,0.0001,0,0.0001,0.0001,0.0001,0.0001,0.0001,0.1185,0.1223,0.1185,0.1223,
0.8421,0.4211,0.8421,0,0.4211,0.8421,0.8421,0.8421,0.8421,0.4211,0.8421,0.8421,1.2632,1.6842,1.2632,0,0.4211,1.2632,1.2632,0.4211,0.0001,0,0.0001,0,0,0.0001,0.0001,0.0001,0.0001,0,0.0001,0.0001,0.0001,0.0001,0.0001,0,0,0.0001,0.0001,0,0.3113,0.2676,0.3113,0.2676,
0.4416,0.4416,0.8832,1.7663,1.3247,0.4416,0,0.4416,0.4416,0.4416,0,1.7663,0.8832,0.4416,0.4416,0.8832,0,0.4416,0.8832,0.4416,0,0,0,0.0001,0.0001,0,0,0,0,0,0,0.0001,0,0,0,0,0,0,0,0,0.2492,0.3092,0.2492,0.3092,
2.2336,0,0.4467,1.3401,0,0.4467,0,0.4467,0,0.8934,1.3401,0.8934,2.2336,0.8934,1.7869,0,0.8934,0.4467,0,1.7869,0.0002,0,0,0.0001,0,0,0,0,0,0.0001,0.0001,0.0001,0.0002,0.0001,0.0001,0,0.0001,0,0,0.0001,0.2899,0.2634,0.2899,0.2634,
0,0,0,0,0,0,0,0,1.3199,0,0.66,1.3199,0.66,0,1.9799,1.9799,0,0.66,0,0.66,0,0,0,0,0,0,0,0,0.0002,0,0.0001,0.0002,0.0001,0,0.0003,0.0003,0,0.0001,0,0.0001,0.1716,0.1684,0.1716,0.1684,
0.6778,1.3556,0,1.3556,0,0.3389,0.6778,0.3389,3.3891,1.0167,0.3389,1.6945,0.3389,0.3389,1.0167,0.6778,1.3556,0.6778,0,1.0167,0,0.0001,0,0.0001,0,0,0,0,0.0002,0.0001,0,0.0001,0,0,0.0001,0,0.0001,0,0,0.0001,0.3272,0.3339,0.3272,0.3339,
0.4385,0,0.4385,0,0,0.4385,3.5083,0.4385,0.4385,0,0.4385,0.4385,1.3156,0.8771,0,0.8771,1.3156,0.8771,1.7541,1.3156,0,0,0,0,0,0,0.0003,0,0,0,0,0,0.0001,0.0001,0,0.0001,0.0001,0.0001,0.0001,0.0001,0.2698,0.2917,0.2698,0.2917,
0.5545,0,1.109,0.5545,1.109,0.5545,0,0.5545,0.5545,2.7724,0.5545,0.5545,1.109,0.5545,0,1.109,1.109,0.5545,0,0.5545,0,0,0.0001,0,0.0001,0,0,0,0,0.0002,0,0,0.0001,0,0,0.0001,0.0001,0,0,0,0.2213,0.2242,0.2213,0.2242,
0,0,0,0,0.7618,0,1.5235,0,0.7618,0,0.7618,0,1.5235,0,0,0,0.7618,0.7618,0.7618,0.7618,0,0,0,0,0.0002,0,0.0004,0,0.0002,0,0.0002,0,0.0004,0,0,0,0.0002,0.0002,0.0002,0.0002,0.1169,0.1213,0.1169,0.1213,
0.6794,0,0,0,0.6794,1.3588,0,1.3588,0,0.6794,0,0,1.3588,0,0.6794,0,2.0383,1.3588,1.3588,0,0.0001,0,0,0,0.0001,0.0001,0,0.0001,0,0.0001,0,0,0.0001,0,0.0001,0,0.0002,0.0001,0.0001,0,0.1557,0.1648,0.1557,0.1648,
0.5127,0.5127,1.0254,1.0254,2.5635,0.5127,0,0.5127,0.5127,1.5381,1.0254,0,1.5381,1.0254,0,3.0762,1.0254,1.5381,0.5127,1.0254,0,0,0.0001,0.0001,0.0001,0,0,0,0,0.0001,0.0001,0,0.0001,0.0001,0,0.0002,0.0001,0.0001,0,0.0001,0.2365,0.2508,0.2365,0.2508,
1.832,0.458,0.916,0.916,0.458,0.916,0.916,0.458,0,0.458,0.916,0,1.374,0.458,0.458,0.916,0.916,0.458,1.374,1.832,0.0001,0,0.0001,0.0001,0,0.0001,0.0001,0,0,0,0.0001,0,0.0001,0,0,0.0001,0.0001,0,0.0001,0.0001,0.2409,0.3011,0.2409,0.3011,
0,0.4727,0.9454,1.4182,0.4727,0.9454,0.9454,0,1.8909,0,0,1.4182,0.9454,0.9454,1.4182,0.4727,0.9454,0,0,0,0,0,0.0001,0.0001,0,0.0001,0.0001,0,0.0002,0,0,0.0001,0.0001,0.0001,0.0001,0,0.0001,0,0,0,0.2462,0.2811,0.2462,0.2811,
0,0,0,0.6921,2.0763,0,0,0,1.3842,0,0,2.0763,0,2.0763,0,1.3842,0.6921,0,0,0,0,0,0,0.0001,0.0002,0,0,0,0.0002,0,0,0.0002,0,0.0002,0,0.0002,0.0001,0,0,0,0.1975,0.1104,0.1975,0.1104,
1.3906,0,0,0,0.3477,1.043,0.6953,0,2.4336,0.6953,1.043,0.3477,0.3477,0.3477,3.4766,1.3906,1.043,1.043,0,0.3477,0.0001,0,0,0,0,0.0001,0.0001,0,0.0002,0.0001,0.0001,0,0,0,0.0003,0.0001,0.0001,0.0001,0,0,0.3099,0.3425,0.3099,0.3425,
2.1131,1.6905,0.8453,0,0.4226,0.4226,0.4226,1.6905,1.6905,1.2679,0.4226,0.8453,0.4226,0.8453,1.2679,1.2679,0.4226,0.4226,0.4226,0,0.0001,0.0001,0,0,0,0,0,0.0001,0.0001,0.0001,0,0,0,0,0.0001,0.0001,0,0,0,0,0.3023,0.2751,0.3023,0.2751,
0.7796,0,0.7796,0,0,0,0,0,0.7796,2.3387,0.7796,0.7796,0.7796,0,0,0,0,0.7796,0,0.7796,0.0001,0,0.0001,0,0,0,0,0,0.0001,0.0004,0.0001,0.0001,0.0001,0,0,0,0,0.0001,0,0.0001,0.1005,0.1199,0.1005,0.1199,
1.2254,0.6127,1.8381,0,0.6127,0.6127,0.6127,1.2254,0,0,0.6127,0,0,0,0,1.2254,0.6127,1.8381,0.6127,0.6127,0.0001,0,0.0001,0,0,0,0,0.0001,0,0,0,0,0,0,0,0.0001,0,0.0001,0,0,0.2159,0.1714,0.2159,0.1714,
1.332,0,0.666,0,1.998,0,0,0,1.332,0,0.666,0,0.666,0,0.666,0.666,0,0,0.666,0.666,0.0002,0,0.0001,0,0.0002,0,0,0,0.0002,0,0.0001,0,0.0001,0,0.0001,0.0001,0,0,0.0001,0.0001,0.1425,0.1915,0.1425,0.1915,
0.3441,1.0322,0.6881,1.0322,0.3441,0.6881,0.6881,1.3763,1.0322,0.3441,0.6881,0.6881,0.3441,0.3441,0.6881,0.6881,0.6881,1.3763,1.0322,1.0322,0,0.0001,0,0.0001,0,0,0,0.0001,0.0001,0,0,0,0,0,0,0,0,0.0001,0.0001,0.0001,0.333,0.3229,0.333,0.3229,
0.3699,1.4795,0.3699,1.4795,0.7397,0.3699,1.8493,0.7397,1.1096,0.3699,1.8493,0.3699,1.1096,0.3699,0.3699,0.3699,1.1096,1.8493,1.4795,0.3699,0,0.0001,0,0.0001,0,0,0.0001,0,0.0001,0,0.0001,0,0.0001,0,0,0,0.0001,0.0001,0.0001,0,0.3033,0.3268,0.3033,0.3268,
1.4333,1.4333,0.7167,1.4333,0.7167,0.3583,1.4333,0,1.075,1.075,0,0.7167,0.7167,0.7167,1.075,1.075,1.075,0.3583,0,1.4333,0.0001,0.0001,0,0.0001,0,0,0.0001,0,0.0001,0.0001,0,0,0,0,0.0001,0.0001,0.0001,0,0,0.0001,0.3292,0.3124,0.3292,0.3124,
1.7144,0,0,0,1.1429,1.7144,0,2.2859,0,4.5717,1.7144,0,0,0,1.1429,1.7144,0.5715,0,0,1.1429,0.0001,0,0,0,0.0001,0.0001,0,0.0002,0,0.0003,0.0001,0,0,0,0.0001,0.0001,0,0,0,0.0001,0.2213,0.2072,0.2213,0.2072,
0.7542,1.5083,1.5083,0,0,0,0.7542,0,0,0.7542,0,0.7542,1.5083,0,0,0,0,0,0.7542,0,0.0001,0.0001,0.0001,0,0,0,0.0001,0,0,0.0001,0,0.0001,0.0001,0,0,0,0,0,0.0001,0,0.104,0.1419,0.104,0.1419,
0,0,1.4299,0,0.9533,0,0.9533,1.9065,0.9533,1.9065,0.4766,0.9533,1.4299,0,0.4766,0.4766,0.9533,0.9533,0,0,0,0,0.0001,0,0.0001,0,0.0001,0.0001,0.0001,0.0001,0,0.0001,0.0001,0,0,0,0.0001,0.0001,0,0,0.2644,0.259,0.2644,0.259,
0.4852,0,0.9704,1.9407,3.8814,0.9704,0.4852,1.9407,0.4852,2.4259,0.4852,0,1.9407,0,0.9704,1.9407,0.9704,0,0.4852,0.9704,0,0,0.0001,0.0001,0.0002,0.0001,0,0.0001,0,0.0001,0,0,0.0001,0,0.0001,0.0001,0.0001,0,0,0.0001,0.2503,0.2645,0.2503,0.2645,
0.6699,1.0048,0.3349,1.6747,0,0.3349,1.0048,0.6699,2.0097,0.3349,1.0048,1.6747,0.3349,0,2.0097,0,2.3446,0.6699,0,0.3349,0,0.0001,0,0.0001,0,0,0.0001,0,0.0001,0,0.0001,0.0001,0,0,0.0001,0,0.0002,0,0,0,0.3192,0.3459,0.3192,0.3459,
2.2615,0,0.9046,0.4523,1.8092,0,0.9046,0.9046,1.3569,3.1661,0.9046,0,0.9046,0.9046,0,1.3569,0.9046,0.9046,0.4523,0.9046,0.0001,0,0.0001,0,0.0001,0,0.0001,0.0001,0.0001,0.0002,0.0001,0,0.0001,0.0001,0,0.0001,0.0001,0.0001,0,0.0001,0.2447,0.303,0.2447,0.303,
0.4385,1.3155,0,1.7539,0.4385,0.877,0.877,1.3155,0.4385,0.4385,0.4385,0.877,0.4385,0.877,0,1.3155,0,0.877,0.4385,2.1924,0,0.0001,0,0.0001,0,0,0,0.0001,0,0,0,0,0,0,0,0.0001,0,0,0,0.0001,0.2995,0.262,0.2995,0.262,
1.0335,0.3445,0.3445,0.3445,1.0335,0.689,0.689,0.689,1.0335,1.0335,0.689,1.7224,0,1.0335,1.0335,0.3445,0.3445,1.378,1.7224,1.378,0.0001,0,0,0,0.0001,0,0,0,0.0001,0.0001,0,0.0001,0,0.0001,0.0001,0,0,0.0001,0.0001,0.0001,0.3482,0.3073,0.3482,0.3073,
0.6744,1.0116,0.3372,1.0116,0.6744,1.3488,0.3372,0.3372,0,2.3604,0.6744,0.6744,1.0116,0.3372,3.0347,1.0116,0,0,1.686,0,0,0,0,0,0,0.0001,0,0,0,0.0001,0,0,0,0,0.0001,0,0,0,0.0001,0,0.297,0.3658,0.297,0.3658,
1.7169,0.4292,1.2876,0.4292,0,0.4292,1.7169,2.1461,1.2876,0.8584,1.2876,0,0.8584,0.4292,0,0.8584,1.7169,0.4292,0,0,0.0001,0,0.0001,0,0,0,0.0001,0.0002,0.0001,0.0001,0.0001,0,0.0001,0,0,0.0001,0.0001,0,0,0,0.2699,0.3009,0.2699,0.3009,
0.7627,0.3814,0.3814,0,0,0.7627,0,1.1441,1.9068,0.3814,0.3814,0.7627,0.3814,1.1441,3.4323,0.3814,0.3814,1.5255,0,0.3814,0.0001,0,0,0,0,0.0001,0,0.0001,0.0002,0,0,0.0001,0,0.0001,0.0003,0,0,0.0001,0,0,0.3264,0.2922,0.3264,0.2922,
1.2445,0,0.6223,1.2445,1.2445,0.6223,0,2.4891,0,3.7336,1.2445,0,1.8668,0.6223,0,2.4891,0.6223,3.1114,0,1.2445,0.0001,0,0,0.0001,0.0001,0,0,0.0001,0,0.0002,0.0001,0,0.0001,0,0,0.0001,0,0.0002,0,0.0001,0.1785,0.1992,0.1785,0.1992,
2.2352,0,0.447,0.8941,0.8941,1.3411,0,0.447,1.3411,3.1293,0.8941,0.447,1.3411,0.447,1.7881,0.8941,0,2.2352,1.7881,0,0.0002,0,0,0.0001,0.0001,0.0001,0,0,0.0001,0.0002,0.0001,0,0.0001,0,0.0001,0.0001,0,0.0002,0.0001,0,0.2871,0.2659,0.2871,0.2659,
2.3756,0.7919,0,1.1878,0.7919,0,1.5838,0.3959,1.1878,0.3959,0.3959,1.5838,1.1878,1.9797,0.7919,0.3959,0.7919,1.9797,0.7919,0,0.0001,0,0,0.0001,0,0,0.0001,0,0.0001,0,0,0.0001,0.0001,0.0001,0,0,0,0.0001,0,0,0.2802,0.3239,0.2802,0.3239,
1.6684,0,0.5561,0,1.1123,0.5561,0.5561,2.7806,1.1123,3.3368,1.6684,1.1123,1.6684,0.5561,0,1.6684,0.5561,1.1123,0,0,0.0001,0,0,0,0.0001,0,0,0.0002,0.0001,0.0002,0.0001,0.0001,0.0001,0,0,0.0001,0,0.0001,0,0,0.2411,0.2028,0.2411,0.2028,
1.3467,0.6734,1.3467,1.01,0.3367,1.3467,0.3367,0.3367,0,1.6834,0.6734,0,0.6734,0.6734,2.0201,1.01,0,0,0.6734,0,0.0001,0,0.0001,0.0001,0,0.0001,0,0,0,0.0001,0,0,0,0,0.0001,0.0001,0,0,0,0,0.3516,0.3117,0.3516,0.3117,
0.7131,0,0.7131,1.4262,0,0.7131,0,0,0,0.7131,0,0.7131,0,0.7131,0,0,0,0.7131,0.7131,0,0.0001,0,0.0001,0.0002,0,0.0001,0,0,0,0.0001,0,0.0001,0,0.0001,0,0,0,0.0001,0.0001,0,0.1263,0.1606,0.1263,0.1606,
0,0,0.5359,0.5359,2.6794,1.6076,0,1.0718,1.0718,3.2153,0.5359,1.0718,1.0718,0,1.0718,1.0718,1.0718,2.1435,0,0.5359,0,0,0,0,0.0002,0.0001,0,0.0001,0.0001,0.0002,0,0.0001,0.0001,0,0.0001,0.0001,0.0001,0.0002,0,0,0.2326,0.2315,0.2326,0.2315,
0.3351,0,1.3404,1.6755,0.3351,1.0053,1.6755,0,1.3404,0.3351,1.0053,0.6702,1.3404,1.3404,1.0053,0.6702,0.6702,0.3351,0,1.0053,0,0,0.0001,0.0001,0,0.0001,0.0001,0,0.0001,0,0.0001,0.0001,0.0001,0.0001,0.0001,0.0001,0.0001,0,0,0.0001,0.3531,0.3117,0.3531,0.3117,
2.3785,0,0.9514,0.4757,3.3298,0.4757,0,1.9028,0.4757,3.3298,0.4757,0.4757,0.9514,0.4757,0.4757,1.4271,1.4271,0.4757,0,0.4757,0.0001,0,0.0001,0,0.0002,0,0,0.0001,0,0.0002,0,0,0.0001,0,0,0.0001,0.0001,0,0,0,0.2664,0.2579,0.2664,0.2579,
2.9168,0,0,1.4584,1.823,0,0.3646,1.823,0,2.1876,1.4584,0.3646,0.3646,0.3646,3.2814,0.3646,0.7292,0,0.3646,0,0.0002,0,0,0.0001,0.0001,0,0,0.0001,0,0.0002,0.0001,0,0,0,0.0003,0,0.0001,0,0,0,0.291,0.3444,0.291,0.3444,
1.3533,0,0,0,0.3383,1.015,0.3383,0.3383,2.3683,0.6766,0.6766,0.3383,0.3383,0.6766,3.7215,0.6766,1.015,0.6766,0,0.3383,0.0001,0,0,0,0,0.0001,0,0,0.0002,0.0001,0.0001,0,0,0.0001,0.0003,0.0001,0.0001,0.0001,0,0,0.3386,0.3231,0.3386,0.3231,
1.8243,0,0,0,1.8243,1.2162,0,3.0405,0.6081,3.0405,0.6081,0,0.6081,0,0.6081,1.8243,3.0405,0,0,0.6081,0.0001,0,0,0,0.0001,0.0001,0,0.0002,0,0.0002,0,0,0,0,0,0.0001,0.0002,0,0,0,0.2143,0.1776,0.2143,0.1776,
1.5908,0,0,1.5908,0.7954,0,0,0,0,0.7954,0,0,0,0,0,1.5908,0.7954,0.7954,0,0,0.0002,0,0,0.0002,0.0001,0,0,0,0,0.0001,0,0,0,0,0,0.0002,0.0001,0.0001,0,0,0.0885,0.1161,0.0885,0.1161,
1.4966,0.7483,0.7483,1.4966,1.1224,0,0.3741,1.1224,1.8707,0,2.2448,1.1224,0.7483,0.3741,0,0.7483,0.7483,0.3741,0.7483,1.4966,0.0001,0,0,0.0001,0.0001,0,0,0.0001,0.0001,0,0.0001,0.0001,0,0,0,0,0,0,0,0.0001,0.3707,0.2551,0.3707,0.2551,
0,0,0.6982,0.6982,0,0.6982,0.6982,0,1.3963,0,0.6982,0,0,0,0,0,0.6982,0,0.6982,0.6982,0,0,0.0001,0.0001,0,0.0001,0.0001,0,0.0002,0,0.0001,0,0,0,0,0,0.0001,0,0.0001,0.0001,0.1567,0.1451,0.1567,0.1451,
1.2058,0.4019,1.2058,1.2058,1.2058,1.2058,0,0.8038,1.6077,0.8038,0.4019,1.2058,1.2058,0.4019,0.4019,0.8038,0,2.8134,0.8038,0.8038,0.0001,0,0.0001,0.0001,0.0001,0.0001,0,0,0.0001,0,0,0.0001,0.0001,0,0,0,0,0.0001,0,0,0.3585,0.2395,0.3585,0.2395,
0,3.0235,1.0078,1.0078,0,1.0078,1.0078,1.0078,1.0078,1.5118,1.5118,0,1.0078,0,0.5039,0.5039,0,0.5039,0,0.5039,0,0.0001,0,0,0,0,0,0,0,0.0001,0.0001,0,0,0,0,0,0,0,0,0,0.2594,0.2366,0.2594,0.2366,
1.3178,0,0.8786,2.1964,0.4393,1.7571,0.4393,0,0.8786,1.3178,0.4393,0,1.7571,0.8786,0,0.4393,0.4393,0,0.8786,0.4393,0.0001,0,0.0001,0.0002,0,0.0001,0,0,0.0001,0.0001,0,0,0.0001,0.0001,0,0,0,0,0.0001,0,0.2851,0.2756,0.2851,0.2756,
0,0.6361,0,0,0.6361,0,1.9083,0.6361,0.6361,0,0,0.6361,0,1.9083,0.6361,0,0,0.6361,0,1.2722,0,0.0001,0,0,0.0001,0,0.0002,0.0001,0.0001,0,0,0.0001,0,0.0002,0.0001,0,0,0.0001,0,0.0002,0.1835,0.1804,0.1835,0.1804,
0.4953,0,0.9906,0.4953,2.9718,0.4953,0,0.4953,0.9906,1.9812,0.4953,1.4859,0.4953,0,0.9906,1.4859,2.4765,1.9812,0,0.4953,0,0,0.0001,0,0.0002,0,0,0,0.0001,0.0001,0,0.0001,0,0,0.0001,0.0001,0.0002,0.0001,0,0,0.2605,0.2442,0.2605,0.2442,
1.6916,0,1.015,0.6767,0,0.3383,1.3533,1.015,1.3533,2.03,0.3383,0.6767,0,0.3383,1.3533,0.6767,0.6767,0,1.3533,0.3383,0.0001,0,0.0001,0,0,0,0.0001,0.0001,0.0001,0.0001,0,0,0,0,0.0001,0,0,0,0.0001,0,0.3601,0.3016,0.3601,0.3016,
0.4482,0.4482,0,0,0.4482,1.3445,0.8963,1.3445,0.4482,1.3445,1.3445,1.7927,1.3445,0,0.8963,2.689,0.8963,0.4482,1.7927,0.4482,0,0,0,0,0,0.0001,0,0.0001,0,0.0001,0.0001,0.0001,0.0001,0,0,0.0001,0,0,0.0001,0,0.2968,0.255,0.2968,0.255,
1.9232,0.4808,0.9616,2.404,2.404,0.9616,0.4808,1.4424,0,1.9232,0.4808,0.4808,0.9616,0.4808,0.4808,1.4424,1.9232,0.4808,0,0.9616,0.0001,0,0,0.0001,0.0001,0,0,0.0001,0,0.0001,0,0,0,0,0,0.0001,0.0001,0,0,0,0.2562,0.263,0.2562,0.263,
0,0.7275,0,0,0.7275,0.7275,0,0,0,0.7275,0.7275,0.7275,0,0,1.455,1.455,0,0.7275,0,0,0,0.0001,0,0,0.0001,0.0001,0,0,0,0.0001,0.0001,0.0001,0,0,0.0001,0.0001,0,0.0001,0,0,0.1269,0.1457,0.1269,0.1457,
0,1.5427,0.7714,0,0.7714,0.7714,0,0,0,0.7714,0,0.7714,0,0,0,0,0.7714,0,0,1.5427,0,0.0001,0.0001,0,0.0001,0.0001,0,0,0,0.0001,0,0.0001,0,0,0,0,0.0001,0,0,0.0001,0.097,0.1316,0.097,0.1316,
1.4225,0.9484,0.4742,0.9484,1.8967,1.4225,0.4742,0.4742,0.4742,1.8967,0,0.4742,0.9484,0.4742,0.4742,0.4742,0.4742,0.4742,1.8967,1.4225,0.0001,0,0,0,0.0001,0.0001,0,0,0,0.0001,0,0,0,0,0,0,0,0,0.0001,0.0001,0.2739,0.2519,0.2739,0.2519,
2.5158,0.8386,2.0965,0.8386,0.8386,0,0.4193,0.8386,0.8386,1.2579,0.4193,0.4193,0.4193,1.2579,0.4193,0.4193,0.4193,0.8386,0.8386,0.8386,0.0001,0,0.0001,0,0,0,0,0,0,0.0001,0,0,0,0.0001,0,0,0,0,0,0,0.327,0.2537,0.327,0.2537,
1.2731,1.2731,0.8487,0.4244,0.8487,0.8487,0.4244,0.4244,0,5.0923,0.4244,0.4244,0,0,1.6974,2.5462,1.2731,2.1218,0,0.8487,0.0001,0.0001,0,0,0,0,0,0,0,0.0002,0,0,0,0,0.0001,0.0001,0.0001,0.0001,0,0,0.2898,0.2858,0.2898,0.2858,
1.1775,0.785,0.3925,0,0.785,1.1775,1.1775,0.785,1.57,0.785,0.785,0.785,0.785,0,0.3925,0.3925,0.3925,1.57,0.785,1.1775,0.0001,0,0,0,0,0.0001,0.0001,0,0.0001,0,0,0,0,0,0,0,0,0.0001,0,0.0001,0.2978,0.3097,0.2978,0.3097,
1.2999,0,0,0,0.65,0.975,0.325,0,1.6249,0.975,0.65,0.65,0.325,0.65,3.5749,1.2999,0.975,0.975,0,0,0.0001,0,0,0,0.0001,0.0001,0,0,0.0001,0.0001,0.0001,0.0001,0,0.0001,0.0003,0.0001,0.0001,0.0001,0,0,0.3835,0.2915,0.3835,0.2915,
0,2.0111,0.8045,0.4022,1.2067,1.2067,2.0111,0,0.8045,1.2067,1.2067,2.0111,0.4022,1.2067,0.4022,0.8045,0.8045,0,0.8045,0.4022,0,0.0001,0,0,0.0001,0.0001,0.0001,0,0,0.0001,0.0001,0.0001,0,0.0001,0,0,0,0,0,0,0.3275,0.2703,0.3275,0.2703,
1.5431,1.9289,0,0.7716,1.1573,0,1.1573,0.7716,1.5431,0.3858,0.3858,2.3147,1.5431,0.7716,0,0.7716,0.3858,0,1.1573,0.7716,0.0001,0.0001,0,0,0,0,0,0,0.0001,0,0,0.0001,0.0001,0,0,0,0,0,0,0,0.3042,0.31,0.3042,0.31,
0.7577,0.7577,0,1.1366,0.3789,0.3789,0.3789,1.1366,1.5155,0.3789,0,0.7577,0.3789,0.3789,1.1366,0.7577,0.7577,0.7577,1.1366,1.8943,0,0,0,0.0001,0,0,0,0.0001,0.0001,0,0,0,0,0,0.0001,0,0,0,0.0001,0.0001,0.3255,0.2956,0.3255,0.2956,
0.4431,0.8862,0.8862,0.4431,1.3292,1.3292,0.4431,0.8862,0.8862,0.8862,0.8862,0,1.3292,0.4431,0.8862,1.3292,0.4431,0.8862,0,1.3292,0,0.0001,0.0001,0,0.0001,0.0001,0,0.0001,0.0001,0.0001,0.0001,0,0.0001,0,0.0001,0.0001,0,0.0001,0,0.0001,0.3273,0.2296,0.3273,0.2296,
0.8316,0.8316,0.4158,1.2474,1.2474,0,0.4158,0,0,2.4949,0.8316,2.0791,0.4158,2.0791,1.2474,1.2474,2.0791,1.6632,1.2474,0.4158,0,0,0,0.0001,0.0001,0,0,0,0,0.0001,0,0.0001,0,0.0001,0.0001,0.0001,0.0001,0.0001,0.0001,0,0.2921,0.292,0.2921,0.292,
1.4013,5.6052,0.9342,0,0,1.8684,0,0,2.8026,0,0.4671,1.8684,0.4671,1.8684,0,1.8684,1.4013,0,0,0,0,0.0002,0,0,0,0.0001,0,0,0.0001,0,0,0.0001,0,0.0001,0,0.0001,0,0,0,0,0.2607,0.2722,0.2607,0.2722,
1.825,0.73,0.365,0.73,1.46,1.095,1.46,0.73,0.73,1.46,1.095,0.365,0.365,0.365,0.73,0,1.825,0.73,0.365,0.73,0.0001,0,0,0,0.0001,0.0001,0.0001,0,0,0.0001,0.0001,0,0,0,0,0,0.0001,0,0,0,0.3148,0.3202,0.3148,0.3202,
0.4046,0.4046,0.4046,1.2138,1.2138,0.8092,1.6184,0.4046,0.8092,0.4046,0.8092,1.2138,0.4046,0.4046,0,1.6184,1.2138,0.8092,0.8092,1.6184,0,0,0,0.0001,0.0001,0,0.0001,0,0,0,0,0.0001,0,0,0,0.0001,0.0001,0,0,0.0001,0.3187,0.2767,0.3187,0.2767,
0,0.4612,1.8449,0.9225,0.9225,0.4612,0.4612,0.9225,0.9225,0.4612,1.3837,0.9225,0.4612,1.3837,0.4612,0.9225,1.8449,1.3837,0,0.4612,0,0,0.0001,0.0001,0.0001,0,0,0.0001,0.0001,0,0.0001,0.0001,0,0.0001,0,0.0001,0.0001,0.0001,0,0,0.2847,0.254,0.2847,0.254,
0,0,0,0,0.7984,0,0.7984,0,0,1.5967,0,0,1.5967,0,0.7984,1.5967,0.7984,0,0,0,0,0,0,0,0.0001,0,0.0001,0,0,0.0003,0,0,0.0003,0,0.0001,0.0003,0.0001,0,0,0,0.129,0.0727,0.129,0.0727,
1.662,0.554,0,1.108,0,1.108,0,1.108,1.662,0.554,0.554,0.554,1.108,0.554,0,0.554,1.108,1.108,0.554,0.554,0.0001,0,0,0.0001,0,0.0001,0,0.0001,0.0001,0,0,0,0.0001,0,0,0,0.0001,0.0001,0,0,0.2211,0.2248,0.2211,0.2248,
0.7538,0,0,0,0,0,0,0,0,0,0.7538,0.7538,0,1.5077,0.7538,0,0,0.7538,1.5077,1.5077,0.0001,0,0,0,0,0,0,0,0,0,0.0001,0.0001,0,0.0002,0.0001,0,0,0.0001,0.0002,0.0002,0.1232,0.1229,0.1232,0.1229,
0,0,0.7591,0,2.2772,0.7591,0,0,0,0.7591,0,0.7591,0.7591,0.7591,0.7591,0,0.7591,0,0,0,0,0,0.0001,0,0.0003,0.0001,0,0,0,0.0001,0,0.0001,0.0001,0.0001,0.0001,0,0.0001,0,0,0,0.1177,0.1233,0.1177,0.1233,
0,0,1.5353,0.7677,0,0.7677,0,0,0.7677,0,0,0,1.5353,1.5353,0,0,1.5353,0.7677,0,0,0,0,0.0004,0.0002,0,0.0002,0,0,0.0002,0,0,0,0.0004,0.0004,0,0,0.0004,0.0002,0,0,0.1299,0.1024,0.1299,0.1024,
0.6755,0,0.6755,0,1.351,2.0265,0,0.6755,0.6755,1.351,0,1.351,1.351,0,0,0,1.351,0.6755,0,0,0.0001,0,0.0001,0,0.0001,0.0002,0,0.0001,0.0001,0.0001,0,0.0001,0.0001,0,0,0,0.0001,0.0001,0,0,0.1576,0.1669,0.1576,0.1669,
0,0,0,0,1.5578,0.7789,0,0,0.7789,0.7789,0.7789,0,1.5578,1.5578,0.7789,0,0,0,0,0,0,0,0,0,0.0002,0.0001,0,0,0.0001,0.0001,0.0001,0,0.0002,0.0002,0.0001,0,0,0,0,0,0.1367,0.0844,0.1367,0.0844,
1.3711,0,0.9141,0.9141,0.457,1.3711,0.457,0.457,1.3711,0.457,0.457,0,0.9141,0.457,0.457,0.9141,0.9141,1.3711,0,1.3711,0.0001,0,0.0001,0.0001,0,0.0001,0,0,0.0001,0,0,0,0.0001,0,0,0.0001,0.0001,0.0001,0,0.0001,0.2898,0.2532,0.2898,0.2532,
0,0.4614,0.9229,0.4614,0.4614,0.9229,0,0.9229,0.9229,0.4614,0.4614,1.3843,0.4614,0.4614,0.9229,1.3843,0.9229,0.9229,0.4614,0.4614,0,0,0.0001,0,0,0.0001,0,0.0001,0.0001,0,0,0.0001,0,0,0.0001,0.0001,0.0001,0.0001,0,0,0.2886,0.2499,0.2886,0.2499,
0.6445,0,0,0,0,0,0,1.2891,1.9336,0.6445,1.2891,0.6445,0,0,1.2891,0.6445,0.6445,0,0,0,0.0001,0,0,0,0,0,0,0.0002,0.0003,0.0001,0.0002,0.0001,0,0,0.0002,0.0001,0.0001,0,0,0,0.1736,0.1819,0.1736,0.1819,
1.012,1.5179,0,0.506,1.012,1.012,0,0.506,1.5179,1.012,1.5179,0,1.012,2.0239,0,4.0479,2.0239,1.012,1.012,0.506,0,0.0001,0,0,0,0,0,0,0.0001,0,0.0001,0,0,0.0001,0,0.0002,0.0001,0,0,0,0.2431,0.2509,0.2431,0.2509,
2.2973,0,0.5743,1.1486,2.2973,0.5743,0,2.8716,0.5743,2.8716,0.5743,0.5743,0.5743,0.5743,0,1.1486,1.7229,2.2973,0,0.5743,0.0002,0,0,0.0001,0.0002,0,0,0.0002,0,0.0002,0,0,0,0,0,0.0001,0.0001,0.0002,0,0,0.2308,0.1949,0.2308,0.1949,
1.9724,0.9862,0.4931,2.4656,0.9862,0.4931,0,0.4931,0,1.4793,0.9862,0.9862,1.4793,0,1.4793,1.4793,0.9862,0.4931,0.4931,0.9862,0.0001,0,0,0.0001,0,0,0,0,0,0.0001,0,0,0.0001,0,0.0001,0.0001,0,0,0,0,0.2369,0.27,0.2369,0.27,
2.0218,0,0,0,0.6739,1.0109,0.337,0.6739,1.6848,0.6739,0.6739,0.337,0.337,0.337,3.7066,0.6739,1.3479,0.337,0,0,0.0002,0,0,0,0.0001,0.0001,0,0.0001,0.0001,0.0001,0.0001,0,0,0,0.0003,0.0001,0.0001,0,0,0,0.3614,0.3016,0.3614,0.3016,
0,0,0,1.1578,1.7367,0,0.5789,0.5789,1.1578,0,0,1.1578,0,1.1578,0,1.7367,1.1578,1.7367,0,0,0,0,0,0.0001,0.0002,0,0.0001,0.0001,0.0001,0,0,0.0001,0,0.0001,0,0.0002,0.0001,0.0002,0,0,0.1981,0.223,0.1981,0.223,
0.9781,0,0,0.489,0.489,0.9781,1.9562,0.489,0,0,0.489,0.489,0.489,0.9781,0.489,0,0.9781,1.9562,1.9562,1.4671,0.0001,0,0,0,0,0.0001,0.0002,0,0,0,0,0,0,0.0001,0,0,0.0001,0.0002,0.0002,0.0001,0.2277,0.2832,0.2277,0.2832,
1.1962,3.5886,0,0.5981,0,1.1962,0,1.1962,1.1962,0.5981,0,0.5981,1.1962,0,0.5981,2.3924,0.5981,1.1962,0,1.1962,0,0.0001,0,0,0,0,0,0,0,0,0,0,0,0,0,0.0001,0,0,0,0,0.2307,0.1712,0.2307,0.1712,
0,0,1.3332,0,0.6666,1.3332,0.6666,0.6666,0.6666,0,0,0,0.6666,0,0,0.6666,0,0,0,1.9998,0,0,0.0002,0,0.0001,0.0002,0.0001,0.0001,0.0001,0,0,0,0.0001,0,0,0.0001,0,0,0,0.0002,0.1759,0.1575,0.1759,0.1575,
1.6842,0,0.8421,1.2632,1.2632,0.8421,0,0.4211,0.8421,1.6842,0.8421,0.4211,1.2632,2.9474,0.4211,0,0.4211,0.8421,1.6842,0.4211,0.0001,0,0.0001,0.0001,0.0001,0.0001,0,0,0.0001,0.0001,0.0001,0,0.0001,0.0002,0,0,0,0.0001,0.0001,0,0.3184,0.2606,0.3184,0.2606,
0.464,0.464,0.928,0.464,1.392,1.392,0.928,1.392,1.392,0,0,0.464,0.464,0.464,0,0,0.928,0,0.928,1.392,0,0,0.0001,0,0.0001,0.0001,0.0001,0.0001,0.0001,0,0,0,0,0,0,0,0.0001,0,0.0001,0.0001,0.2379,0.2981,0.2379,0.2981,
2.639,0,0,0,1.0556,3.6947,0,2.639,0.5278,2.639,1.5834,0,0,0,1.0556,0.5278,0,1.5834,0,0.5278,0.0002,0,0,0,0.0001,0.0002,0,0.0002,0,0.0002,0.0001,0,0,0,0.0001,0,0,0.0001,0,0,0.2493,0.2229,0.2493,0.2229,
0.5194,1.5581,0.5194,1.0388,0.5194,1.5581,1.0388,1.0388,0,1.5581,1.5581,1.5581,1.0388,0.5194,0.5194,0,0.5194,0.5194,0,0.5194,0,0.0001,0,0.0001,0,0.0001,0.0001,0.0001,0,0.0001,0.0001,0.0001,0.0001,0,0,0,0,0,0,0,0.2465,0.2341,0.2465,0.2341,
1.4594,1.4594,0.7297,0.7297,0.3648,0.3648,1.8242,0.3648,0.3648,0.7297,1.4594,0.7297,0.7297,0.7297,0.7297,0.7297,0,0.3648,0.7297,1.0945,0.0001,0.0001,0,0,0,0,0.0001,0,0,0,0.0001,0,0,0,0,0,0,0,0,0.0001,0.3108,0.3243,0.3108,0.3243,
0,0.7159,0.7159,0,0,0,0.7159,0,0,1.4317,0.7159,0,0.7159,0,0.7159,0.7159,0,0,0.7159,0,0,0.0001,0.0001,0,0,0,0.0001,0,0,0.0002,0.0001,0,0.0001,0,0.0001,0.0001,0,0,0.0001,0,0.1645,0.1197,0.1645,0.1197,
0,0.7265,0,0,0.7265,0,0.7265,0,0,0.7265,0,0.7265,0,0,0.7265,0,0.7265,0,0.7265,1.453,0,0.0001,0,0,0.0001,0,0.0001,0,0,0.0001,0,0.0001,0,0,0.0001,0,0.0001,0,0.0001,0.0002,0.1456,0.1279,0.1456,0.1279,
0.4068,0,0.4068,0.4068,0,0.8136,0.4068,1.2204,0.8136,0.8136,0,1.6272,0,1.6272,0.8136,0.8136,1.2204,0.4068,2.034,0.8136,0,0,0,0,0,0,0,0.0001,0,0,0,0.0001,0,0.0001,0,0,0.0001,0,0.0001,0,0.3078,0.2854,0.3078,0.2854,
0.8502,0,0.4251,0.4251,0.4251,1.2753,1.2753,0.8502,1.2753,0.4251,0.8502,1.2753,0.4251,0.8502,0.4251,2.1256,0,1.7004,0.4251,0.4251,0.0001,0,0,0,0,0.0001,0.0001,0.0001,0.0001,0,0.0001,0.0001,0,0.0001,0,0.0002,0,0.0001,0,0,0.3118,0.2631,0.3118,0.2631,
2.5559,0,2.0447,1.5335,1.5335,1.5335,0.5112,2.0447,0,2.0447,0.5112,0,1.5335,0,0,2.0447,2.0447,1.5335,0,0.5112,0.0001,0,0.0001,0.0001,0.0001,0.0001,0,0.0001,0,0.0001,0,0,0.0001,0,0,0.0001,0.0001,0.0001,0,0,0.2579,0.2309,0.2579,0.2309,
0.4044,1.2131,1.2131,0.4044,1.6175,0.8087,1.2131,0.4044,0.4044,0,0.4044,0.8087,0.8087,1.2131,1.2131,0.8087,1.2131,0.8087,0.8087,0.4044,0,0.0001,0.0001,0,0.0001,0,0.0001,0,0,0,0,0,0,0.0001,0.0001,0,0.0001,0,0,0,0.2506,0.345,0.2506,0.345,
1.5107,0,0,0,0,1.5107,0,0,0.7554,1.5107,0,0,0.7554,0,0.7554,0,0,1.5107,0,0,0.0003,0,0,0,0,0.0003,0,0,0.0002,0.0003,0,0,0.0002,0,0.0002,0,0,0.0003,0,0,0.1227,0.122,0.1227,0.122,
0.6598,0.6598,0,1.3197,0,0.6598,0,0,0.6598,0,0.6598,1.3197,0.6598,0.6598,1.3197,0.6598,0,0.6598,0,0,0.0001,0.0001,0,0.0001,0,0.0001,0,0,0.0001,0,0.0001,0.0001,0.0001,0.0001,0.0001,0.0001,0,0.0001,0,0,0.1496,0.1906,0.1496,0.1906,
0.4611,2.7667,1.3833,0.4611,0,0.4611,0.9222,0.9222,0,0.4611,0.9222,1.3833,0.9222,1.8444,1.3833,0.4611,0.9222,1.8444,0,0,0,0.0001,0.0001,0,0,0,0,0,0,0,0,0.0001,0,0.0001,0.0001,0,0,0.0001,0,0,0.2565,0.2824,0.2565,0.2824,
1.0457,0.5228,1.0457,2.6142,0.5228,0,0,0.5228,0.5228,0,1.0457,0,0.5228,1.0457,0,0.5228,0.5228,0.5228,0.5228,1.0457,0.0001,0,0.0001,0.0002,0,0,0,0,0,0,0.0001,0,0,0.0001,0,0,0,0,0,0.0001,0.2101,0.267,0.2101,0.267,
0,1.1641,0.5821,0,0.5821,0.5821,1.1641,0,0,0.5821,1.1641,0,0,0,0.5821,1.1641,0.5821,2.3282,1.1641,1.1641,0,0.0001,0,0,0,0,0.0001,0,0,0,0.0001,0,0,0,0,0.0001,0,0.0001,0.0001,0.0001,0.2248,0.1932,0.2248,0.1932,
1.2927,0.4309,0.4309,0,0.8618,0,1.7236,0.4309,0.8618,0.8618,0.8618,0.8618,0.8618,0.8618,0.8618,2.1545,0.4309,0.4309,0.4309,1.2927,0.0001,0,0,0,0.0001,0,0.0001,0,0.0001,0.0001,0.0001,0.0001,0.0001,0.0001,0.0001,0.0001,0,0,0,0.0001,0.3057,0.2634,0.3057,0.2634,
1.7601,3.5203,0,0.5867,0,1.1734,0,1.7601,1.1734,0.5867,0,1.1734,1.1734,0,0.5867,1.1734,0.5867,1.1734,0,1.1734,0.0001,0.0001,0,0,0,0,0,0.0001,0,0,0,0,0,0,0,0,0,0,0,0,0.234,0.1793,0.234,0.1793,
0.4159,0.4159,0.8319,0,0.8319,0.4159,0.8319,1.2478,0.4159,1.6637,1.2478,0.4159,0.8319,0,1.6637,2.0797,1.2478,1.2478,0.4159,0.4159,0,0,0,0,0,0,0,0.0001,0,0.0001,0.0001,0,0,0,0.0001,0.0001,0.0001,0.0001,0,0,0.2799,0.3042,0.2799,0.3042,
0.627,0,0,0.627,1.2539,1.8809,0,0,0,1.2539,0,0.627,0,0.627,0.627,0.627,0.627,0.627,2.5078,0.627,0,0,0,0,0.0001,0.0001,0,0,0,0.0001,0,0,0,0,0,0,0,0,0.0002,0,0.2008,0.1723,0.2008,0.1723,
1.4302,0.7151,1.0727,0.7151,0.3576,1.0727,0.7151,0.3576,0.7151,0.3576,0.7151,0,0,0.3576,1.0727,0.3576,0.7151,0.7151,1.0727,0.7151,0.0001,0,0.0001,0,0,0.0001,0,0,0,0,0,0,0,0,0.0001,0,0,0,0.0001,0,0.3013,0.3411,0.3013,0.3411,
0,0,0,0.7296,0,0,0.7296,0,0.7296,0,1.4593,1.4593,0.7296,0.7296,0,0.7296,0,0,0.7296,0.7296,0,0,0,0.0001,0,0,0.0001,0,0.0001,0,0.0002,0.0002,0.0001,0.0001,0,0.0001,0,0,0.0001,0.0001,0.1391,0.1312,0.1391,0.1312,
0,0.4768,0.9537,0.4768,2.3841,0.9537,0.4768,1.4305,0.4768,2.3841,0.9537,0.4768,1.4305,0,0,0.4768,0.4768,1.4305,1.4305,0.9537,0,0,0,0,0.0001,0,0,0.0001,0,0.0001,0,0,0.0001,0,0,0,0,0.0001,0.0001,0,0.2822,0.241,0.2822,0.241,
2.1354,0,0.7118,0,0.3559,1.0677,0.3559,0.3559,2.1354,1.0677,0.7118,0.3559,0.3559,0.3559,3.9149,1.0677,1.0677,0,0,0.3559,0.0002,0,0.0001,0,0,0.0001,0,0,0.0002,0.0001,0.0001,0,0,0,0.0003,0.0001,0.0001,0,0,0,0.3175,0.3266,0.3175,0.3266,
0.8838,0,1.7677,0.8838,0.8838,1.7677,0,0.8838,0.8838,1.3258,0,0.8838,0,0.4419,0.4419,0,1.7677,2.6515,0,0,0.0001,0,0.0001,0.0001,0.0001,0.0001,0,0.0001,0.0001,0.0001,0,0.0001,0,0,0,0,0.0001,0.0002,0,0,0.2901,0.268,0.2901,0.268,
1.8708,0,0.6236,0,1.2472,0.6236,0,1.2472,0.6236,0,0,1.8708,0.6236,1.2472,0.6236,1.8708,1.2472,0.6236,0,0.6236,0.0001,0,0,0,0.0001,0,0,0.0001,0,0,0,0.0001,0,0.0001,0,0.0001,0.0001,0,0,0,0.192,0.1844,0.192,0.1844,
0.8377,0,0,0,0.8377,0,0.8377,0.8377,0,0.8377,0.8377,0,0.8377,0,0,0.8377,0,0.8377,0.8377,0,0.0001,0,0,0,0.0001,0,0.0001,0.0001,0,0.0001,0.0001,0,0.0001,0,0,0.0001,0,0.0001,0.0001,0,0.0896,0.0727,0.0896,0.0727,
2.0439,0,0,0,0.3406,1.3626,0.3406,0.6813,1.7032,0.6813,0.6813,0,0.3406,0.3406,4.0877,0.6813,0.6813,0.6813,0,0.3406,0.0002,0,0,0,0,0.0001,0,0.0001,0.0001,0.0001,0.0001,0,0,0,0.0003,0.0001,0.0001,0.0001,0,0,0.312,0.3473,0.312,0.3473,
1.3058,0.4353,1.3058,0,0,0.8705,0,0,0.4353,0,1.3058,1.7411,1.7411,0.8705,1.3058,1.7411,0,0.4353,1.3058,0.4353,0.0001,0,0.0001,0,0,0,0,0,0,0,0.0001,0.0001,0.0001,0,0.0001,0.0001,0,0,0.0001,0,0.3126,0.2522,0.3126,0.2522,
0.3962,0.3962,0,0.7924,0,1.9809,2.3771,1.9809,1.1885,1.1885,0.3962,0.3962,0.3962,0,1.1885,0,0,1.1885,0.3962,0.7924,0,0,0,0.0001,0,0.0001,0.0002,0.0001,0.0001,0.0001,0,0,0,0,0.0001,0,0,0.0001,0,0.0001,0.2992,0.3046,0.2992,0.3046,
0.4371,0,1.7484,1.3113,0,1.3113,0.8742,0.8742,0.8742,0,0.4371,1.3113,1.3113,0.8742,1.3113,0.4371,0.8742,1.3113,0.8742,0.4371,0,0,0.0001,0.0001,0,0.0001,0.0001,0.0001,0.0001,0,0,0.0001,0.0001,0.0001,0.0001,0,0.0001,0.0001,0.0001,0,0.3044,0.2585,0.3044,0.2585,
1.7702,0,0.5901,0,1.1801,1.1801,0,1.1801,0,2.3603,1.1801,0.5901,0,0,0.5901,1.7702,0.5901,2.9503,1.1801,0,0.0001,0,0,0,0.0001,0.0001,0,0.0001,0,0.0001,0.0001,0,0,0,0,0.0001,0,0.0002,0.0001,0,0.2475,0.1624,0.2475,0.1624,
0,0.7128,0,0,0,0,0,0.7128,1.4257,1.4257,0,0,1.4257,0,0,0.7128,0,0.7128,1.4257,0.7128,0,0.0001,0,0,0,0,0,0.0001,0.0001,0.0001,0,0,0.0001,0,0,0.0001,0,0.0001,0.0001,0.0001,0.1791,0.1081,0.1791,0.1081,
1.3956,0,0,0,0.3489,1.3956,0.3489,0.6978,1.7445,0.3489,0.6978,0.3489,0.3489,0.3489,4.1868,0.3489,1.3956,1.0467,0,0.3489,0.0001,0,0,0,0,0.0001,0,0.0001,0.0002,0,0.0001,0,0,0,0.0004,0,0.0001,0.0001,0,0,0.3695,0.2816,0.3695,0.2816,
0.3454,0,0.3454,0,0.6909,1.7272,0.3454,0.6909,1.7272,0,0.6909,0,0,0,4.8361,1.3818,1.3818,1.3818,0,0,0,0,0,0,0.0001,0.0001,0,0.0001,0.0001,0,0.0001,0,0,0,0.0004,0.0001,0.0001,0.0001,0,0,0.3389,0.3157,0.3389,0.3157,
0.7791,0,0,0.7791,0,0,0.7791,0,0,3.8955,0.7791,0,0.7791,0,0.7791,0,0.7791,0,0,0,0.0002,0,0,0.0002,0,0,0.0002,0,0,0.0008,0.0002,0,0.0002,0,0.0002,0,0.0002,0,0,0,0.0914,0.1295,0.0914,0.1295,
1.7958,0,0,0,3.1426,1.3468,0.4489,1.7958,1.7958,3.1426,0.8979,0.8979,0.8979,0.8979,0.4489,0.8979,0.4489,1.3468,0.4489,0.8979,0.0001,0,0,0,0.0002,0.0001,0,0.0001,0.0001,0.0002,0.0001,0.0001,0.0001,0.0001,0,0.0001,0,0.0001,0,0.0001,0.2831,0.2679,0.2831,0.2679,
0,1.6777,0.6711,1.0066,0,1.0066,0.3355,0,1.3421,1.0066,1.0066,1.6777,0.3355,0.6711,1.3421,0.6711,1.3421,1.0066,0,1.0066,0,0.0001,0,0.0001,0,0.0001,0,0,0.0001,0.0001,0.0001,0.0001,0,0,0.0001,0,0.0001,0.0001,0,0.0001,0.3597,0.3047,0.3597,0.3047,
0.6852,1.0277,0,1.3703,0,0.6852,1.7129,0.6852,1.3703,0.6852,0.3426,0.6852,1.0277,0,1.7129,0.6852,1.0277,1.0277,0,0,0,0.0001,0,0.0001,0,0,0.0001,0,0.0001,0,0,0,0.0001,0,0.0001,0,0.0001,0.0001,0,0,0.3971,0.2604,0.3971,0.2604,
0.7277,0,0.3638,0.7277,0.3638,0.3638,0.3638,0.3638,2.5469,0.7277,0,1.8192,0,1.0915,1.4553,0.7277,0.7277,0.3638,0.7277,0.7277,0.0001,0,0,0.0001,0,0,0,0,0.0002,0.0001,0,0.0002,0,0.0001,0.0001,0.0001,0.0001,0,0.0001,0.0001,0.2741,0.3621,0.2741,0.3621,
1.1355,0.5678,0,0,1.1355,0,1.7033,0.5678,0.5678,0.5678,0,1.7033,3.4066,0.5678,0.5678,0.5678,0.5678,1.1355,0.5678,0,0.0001,0,0,0,0.0001,0,0.0001,0,0,0,0,0.0001,0.0002,0,0,0,0,0.0001,0,0,0.234,0.1983,0.234,0.1983,
1.3972,0.6986,1.3972,0,2.0958,0,0,0,0,0.6986,0,0.6986,0,0,0,0.6986,2.0958,0.6986,0,0,0.0001,0,0.0001,0,0.0001,0,0,0,0,0,0,0,0,0,0,0,0.0001,0,0,0,0.1646,0.1368,0.1646,0.1368,
0.4504,0,0,0.4504,0.4504,3.1528,0,2.7024,1.8016,1.3512,0.4504,1.3512,3.1528,0.4504,0.4504,3.6032,1.3512,0,0,0.4504,0,0,0,0,0,0.0002,0,0.0002,0.0001,0.0001,0,0.0001,0.0002,0,0,0.0002,0.0001,0,0,0,0.3181,0.2315,0.3181,0.2315,
3.435,1.9629,0,0.9814,0.4907,1.9629,0,0.9814,1.4722,1.4722,0.9814,1.4722,0,0,0.4907,0,0.4907,1.9629,0.9814,0.4907,0.0001,0.0001,0,0,0,0.0001,0,0,0.0001,0.0001,0,0.0001,0,0,0,0,0,0.0001,0,0,0.2484,0.2609,0.2484,0.2609,
0.9948,0,0.9948,0,0.9948,1.9895,1.4921,0,0.4974,1.4921,0,1.4921,0.4974,0,0.4974,0.9948,0.9948,0.4974,0.4974,0.4974,0.0001,0,0.0001,0,0.0001,0.0001,0.0001,0,0,0.0001,0,0.0001,0,0,0,0.0001,0.0001,0,0,0,0.2612,0.2414,0.2612,0.2414,
1.1872,0.7915,1.1872,0.3957,0.3957,0,1.1872,0.3957,1.1872,1.583,1.1872,0.3957,0.7915,1.583,0.3957,1.583,0.3957,0.3957,1.1872,1.1872,0.0001,0,0.0001,0,0,0,0.0001,0,0.0001,0.0001,0.0001,0,0,0.0001,0,0.0001,0,0,0.0001,0.0001,0.3046,0.2996,0.3046,0.2996,
0,3.8125,1.9062,0,0.6354,1.9062,0,0.6354,0.6354,1.2708,0,1.2708,0.6354,0,0,2.5417,0.6354,1.2708,0,0.6354,0,0.0001,0.0001,0,0,0.0001,0,0,0,0,0,0,0,0,0,0.0001,0,0,0,0,0.1687,0.1959,0.1687,0.1959,
0.728,0,0,0.728,0,0,0.728,0,0,0,0.728,0,1.456,0,0.728,1.456,0.728,0.728,0,0,0.0001,0,0,0.0001,0,0,0.0001,0,0,0,0.0001,0,0.0003,0,0.0001,0.0003,0.0001,0.0001,0,0,0.1334,0.1386,0.1334,0.1386,
0.7137,0,0,1.0705,0.3568,1.4273,1.0705,0.3568,2.8546,1.7842,0.3568,0.3568,0,1.0705,0.3568,1.4273,0.7137,0.3568,0.3568,1.4273,0,0,0,0.0001,0,0.0001,0.0001,0,0.0002,0.0001,0,0,0,0.0001,0,0.0001,0,0,0,0.0001,0.3066,0.3366,0.3066,0.3366,
0,2.9268,1.9512,0.4878,0,0.9756,0.4878,0.9756,1.4634,1.9512,0.9756,0,0.4878,0,0,0.9756,0,1.4634,0,0.4878,0,0.0001,0.0001,0,0,0,0,0,0.0001,0.0001,0,0,0,0,0,0,0,0.0001,0,0,0.2673,0.2449,0.2673,0.2449,
2.8044,0,1.1217,0.5609,0.5609,1.1217,0,1.1217,1.6826,1.6826,0.5609,0,1.1217,0,0,0,1.1217,1.1217,0,0,0.0002,0,0.0001,0,0,0.0001,0,0.0001,0.0001,0.0001,0,0,0.0001,0,0,0,0.0001,0.0001,0,0,0.1941,0.2451,0.1941,0.2451,
0.548,0.548,0,0.548,0.548,0.548,0.548,1.096,1.096,2.7399,0,0.548,1.096,1.096,0.548,1.096,1.096,0.548,0.548,1.096,0,0,0,0,0,0,0,0.0001,0.0001,0.0002,0,0,0.0001,0.0001,0,0.0001,0.0001,0,0,0.0001,0.2394,0.2126,0.2394,0.2126,
0.7543,0.3772,0.7543,1.8858,0,1.1315,0.3772,1.5086,0.3772,0,0.7543,1.1315,0,0.3772,1.8858,1.8858,0,0.7543,0.7543,0.3772,0,0,0,0.0001,0,0.0001,0,0.0001,0,0,0,0.0001,0,0,0.0001,0.0001,0,0,0,0,0.3022,0.3206,0.3022,0.3206,
1.8006,1.8006,0.7203,0.3601,0.7203,0.3601,0.7203,1.0804,0.7203,1.8006,1.0804,0.3601,0,0,1.0804,0.3601,1.4405,0.7203,0.7203,1.4405,0.0001,0.0001,0,0,0,0,0,0,0,0.0001,0,0,0,0,0,0,0.0001,0,0,0.0001,0.3029,0.3369,0.3029,0.3369,
0.7038,1.0557,1.4076,0.3519,1.4076,1.4076,0.3519,1.7595,1.0557,1.0557,0.3519,0.7038,1.4076,0,0.7038,0.7038,0.3519,0.7038,0.7038,1.0557,0,0,0.0001,0,0.0001,0.0001,0,0.0001,0,0,0,0,0.0001,0,0,0,0,0,0,0,0.3362,0.312,0.3362,0.312,
0,0.8583,0.8583,0.4292,1.2875,0.8583,2.1458,0,1.7166,0.8583,2.1458,0.8583,0.4292,0.4292,0.4292,1.2875,0,0.8583,0.4292,0,0,0,0,0,0.0001,0,0.0001,0,0.0001,0,0.0001,0,0,0,0,0.0001,0,0,0,0,0.2864,0.2845,0.2864,0.2845,
0.3169,0.3169,0.6337,1.9011,0.6337,0.3169,0.9506,0.6337,1.9011,0.3169,0,0.9506,0.6337,0.6337,0.9506,0.3169,0.6337,0.6337,0.6337,1.9011,0,0,0,0.0001,0,0,0.0001,0,0.0001,0,0,0.0001,0,0,0.0001,0,0,0,0,0.0001,0.3876,0.2955,0.3876,0.2955,
1.4059,0.7029,1.4059,0.3515,1.7573,0.3515,2.1088,0.7029,0.7029,0.7029,0.7029,0.3515,0.3515,1.0544,0.3515,0.3515,1.0544,0.7029,0.7029,0.3515,0.0001,0,0.0001,0,0.0001,0,0.0001,0,0,0,0,0,0,0.0001,0,0,0.0001,0,0,0,0.3076,0.3409,0.3076,0.3409,
0.4184,1.2553,0.4184,1.2553,0,1.6738,0.4184,0.4184,2.5106,0.8369,0.8369,0,0,1.2553,0.4184,1.2553,0.8369,0.4184,0.4184,0.8369,0,0.0001,0,0.0001,0,0.0001,0,0,0.0001,0,0,0,0,0.0001,0,0.0001,0,0,0,0,0.2752,0.3063,0.2752,0.3063,
3.1789,0,0.9083,0.9083,2.7248,0.4541,0,0.9083,0.9083,3.1789,0.4541,0,1.8165,0.9083,0,0,0,3.1789,0.4541,0.4541,0.0002,0,0.0001,0.0001,0.0002,0,0,0.0001,0.0001,0.0002,0,0,0.0001,0.0001,0,0,0,0.0002,0,0,0.283,0.2628,0.283,0.2628,
0.7072,0.7072,1.0608,1.4144,0.7072,1.0608,0.7072,0.7072,1.0608,0.3536,1.0608,2.4752,0.3536,0,1.0608,1.4144,0.3536,0.7072,0,0.7072,0,0,0.0001,0.0001,0,0.0001,0,0,0.0001,0,0.0001,0.0001,0,0,0.0001,0.0001,0,0,0,0,0.3674,0.279,0.3674,0.279,
1.526,0,0.5087,1.0173,0.5087,0,0,0.5087,0,4.0694,1.526,1.0173,0,0,1.0173,4.0694,2.5434,1.0173,0,0.5087,0.0001,0,0,0.0001,0,0,0,0,0,0.0002,0.0001,0.0001,0,0,0.0001,0.0002,0.0001,0.0001,0,0,0.2754,0.2159,0.2754,0.2159,
0.5735,3.4411,0,0.5735,0,1.7205,0,2.294,1.147,0,0,0.5735,1.147,0,0.5735,2.294,0.5735,1.147,0.5735,0.5735,0,0.0001,0,0,0,0.0001,0,0.0001,0,0,0,0,0,0,0,0.0001,0,0,0,0,0.2407,0.1858,0.2407,0.1858,
0.9531,0.4766,0.4766,0.9531,0.4766,0.9531,0.9531,0,1.9062,0,0,0.4766,0,0.4766,0.9531,0,1.4297,0,0.4766,0.9531,0.0001,0,0,0.0001,0,0.0001,0.0001,0,0.0002,0,0,0,0,0,0.0001,0,0.0001,0,0,0.0001,0.2801,0.2434,0.2801,0.2434,
0,0,2.2537,0,1.5025,0.7512,0.7512,0.7512,0,0.7512,0,0,0.7512,0,0,0,0.7512,0.7512,0,0,0,0,0.0003,0,0.0002,0.0001,0.0001,0.0001,0,0.0001,0,0,0.0001,0,0,0,0.0001,0.0001,0,0,0.1052,0.1436,0.1052,0.1436,
0,1.9002,1.5202,0.7601,0.7601,0.38,0.7601,0.7601,0.38,0.38,0.38,1.1401,2.2803,1.1401,1.5202,0.7601,1.5202,0.38,1.1401,0.7601,0,0.0001,0.0001,0,0,0,0,0,0,0,0,0,0.0001,0,0.0001,0,0.0001,0,0,0,0.3054,0.3146,0.3054,0.3146,
1.5219,0,1.5219,0,1.0146,1.5219,0.5073,0,0.5073,1.0146,0.5073,0.5073,0.5073,0,0.5073,0.5073,0.5073,2.0292,0,1.0146,0.0001,0,0.0001,0,0.0001,0.0001,0,0,0,0.0001,0,0,0,0,0,0,0,0.0002,0,0.0001,0.2596,0.2331,0.2596,0.2331,
1.7007,0,0.5669,1.1338,1.1338,0.5669,0,0.5669,1.7007,0.5669,0.5669,0.5669,0,1.1338,0,0.5669,0,0.5669,0,0.5669,0.0002,0,0.0001,0.0001,0.0001,0.0001,0,0.0001,0.0002,0.0001,0.0001,0.0001,0,0.0001,0,0.0001,0,0.0001,0,0.0001,0.2356,0.1975,0.2356,0.1975,
0.951,0,0.4755,0.951,1.4265,1.902,0,0.4755,0.4755,0,0.4755,0.951,0.4755,0.951,1.902,0.4755,0.4755,0.4755,0,1.4265,0.0001,0,0,0.0001,0.0001,0.0002,0,0,0,0,0,0.0001,0,0.0001,0.0002,0,0,0,0,0.0001,0.3032,0.2213,0.3032,0.2213,
1.5673,0,1.1755,2.3509,0.7836,0.3918,0,0.7836,0.3918,1.9591,0,0.7836,0.3918,0.7836,1.5673,1.1755,1.1755,1.1755,0,0.3918,0.0001,0,0.0001,0.0002,0.0001,0,0,0.0001,0,0.0001,0,0.0001,0,0.0001,0.0001,0.0001,0.0001,0.0001,0,0,0.2698,0.3384,0.2698,0.3384,
0.5643,0,0.5643,0,1.1285,0,1.6928,1.1285,0,0.5643,0.5643,0,1.1285,1.6928,1.6928,0.5643,0,1.6928,0,1.6928,0.0001,0,0.0001,0,0.0001,0,0.0002,0.0001,0,0.0001,0.0001,0,0.0001,0.0002,0.0002,0.0001,0,0.0002,0,0.0002,0.2061,0.2296,0.2061,0.2296,
0,0.4251,1.2752,0.8501,1.2752,1.2752,0.4251,0,0.8501,0.8501,0.4251,0.8501,0,1.2752,0.8501,0.8501,0,1.2752,0,1.2752,0,0,0.0001,0.0001,0.0001,0.0001,0,0,0.0001,0.0001,0,0.0001,0,0.0001,0.0001,0.0001,0,0.0001,0,0.0001,0.2681,0.3069,0.2681,0.3069,
0,0.5102,0.5102,0,1.5307,1.0205,1.5307,1.0205,0.5102,1.0205,0,0.5102,1.5307,0.5102,0.5102,2.0409,0,1.0205,0.5102,1.5307,0,0,0,0,0.0001,0.0001,0.0001,0.0001,0,0.0001,0,0,0.0001,0,0,0.0001,0,0.0001,0,0.0001,0.2587,0.2311,0.2587,0.2311,
11.5997,0,0.9666,0.4833,0,0.4833,0,0.4833,1.45,0.9666,0.4833,0,0.4833,0.4833,0.4833,0,0.9666,0,0,0,0.0011,0,0.0001,0,0,0,0,0,0.0001,0.0001,0,0,0,0,0,0,0.0001,0,0,0,0.2684,0.2483,0.2684,0.2483,
1.6609,0.8304,0.4152,0.4152,1.6609,0.4152,0.8304,0.8304,0.8304,0.4152,0.4152,1.2457,0.4152,0.4152,0.8304,0,0.4152,0.4152,0.8304,0.8304,0.0001,0,0,0,0.0001,0,0,0,0,0,0,0.0001,0,0,0,0,0,0,0,0,0.2657,0.3191,0.2657,0.3191,
0.361,0.7219,1.0829,1.0829,0.7219,1.4439,0.7219,0.361,0.361,0.361,0,0,1.8049,1.0829,0.361,0.7219,1.4439,1.8049,1.4439,1.4439,0,0,0.0001,0.0001,0,0.0001,0,0,0,0,0,0,0.0001,0.0001,0,0,0.0001,0.0001,0.0001,0.0001,0.3387,0.3004,0.3387,0.3004,
2.3877,0.4775,0.9551,0.4775,2.3877,0,0,1.4326,0.4775,4.7754,0.4775,0.4775,0.9551,0.4775,0.4775,2.3877,0.9551,0.9551,0,0.4775,0.0001,0,0,0,0.0001,0,0,0.0001,0,0.0002,0,0,0,0,0,0.0001,0,0,0,0,0.2699,0.2526,0.2699,0.2526,
1.0528,0,0.3509,0,0.3509,0.7019,0.3509,1.0528,2.4565,1.0528,0.3509,1.4037,0.3509,0.7019,2.8075,0.3509,0,0.7019,0,0.3509,0.0001,0,0,0,0,0.0001,0,0.0001,0.0002,0.0001,0,0.0001,0,0.0001,0.0002,0,0,0.0001,0,0,0.3755,0.2735,0.3755,0.2735,
0,2.2039,0,0,0,1.4693,0.7346,0.7346,0,2.2039,0,0,0,0.7346,0.7346,1.4693,0.7346,2.2039,0,0.7346,0,0.0001,0,0,0,0.0001,0,0,0,0.0001,0,0,0,0,0,0.0001,0,0.0001,0,0,0.1599,0.1055,0.1599,0.1055,
0,0,0,0,0,0,0,0,0,0.8016,0.8016,0,1.6031,0,0.8016,0.8016,0,1.6031,0,1.6031,0,0,0,0,0,0,0,0,0,0.0002,0.0002,0,0.0003,0,0.0002,0.0002,0,0.0003,0,0.0003,0.0989,0.0996,0.0989,0.0996,
0.7102,0,0,0,0.3551,1.0652,0.3551,0.3551,2.1305,0.7102,1.4203,1.0652,0.7102,0.7102,2.1305,0.7102,0.7102,0.3551,0,0,0.0001,0,0,0,0,0.0001,0,0,0.0002,0.0001,0.0001,0.0001,0.0001,0.0001,0.0002,0.0001,0.0001,0,0,0,0.2907,0.3542,0.2907,0.3542,
0.9915,0.661,0.661,1.322,0.661,1.322,0.661,0.3305,0.9915,0.3305,0,1.322,0.9915,0.9915,0.9915,1.322,0.661,0.3305,0.661,0.9915,0.0001,0,0,0.0001,0,0.0001,0,0,0.0001,0,0,0.0001,0.0001,0.0001,0.0001,0.0001,0,0,0,0.0001,0.328,0.3415,0.328,0.3415,
0.4524,1.3572,0.9048,0.9048,1.3572,0,1.8096,0.9048,0.9048,0,1.3572,1.8096,0,0.4524,0,1.8096,0.4524,1.3572,0.4524,1.3572,0,0.0001,0,0,0.0001,0,0.0001,0,0,0,0.0001,0.0001,0,0,0,0.0001,0,0.0001,0,0.0001,0.2722,0.2754,0.2722,0.2754,
1.2954,1.2954,0.6477,0.6477,1.2954,0.6477,0,1.2954,0.6477,0.6477,0.6477,0,0,0.6477,0.6477,0.6477,0.6477,0,0,0,0.0001,0.0001,0,0,0.0001,0,0,0.0001,0,0,0,0,0,0,0,0,0,0,0,0,0.195,0.1573,0.195,0.1573,
0.83,0.83,0.83,0.83,0.415,0.415,1.245,0.415,1.66,0.83,0,2.075,0.83,0.83,0.83,0.83,0.83,0.83,1.66,0.83,0,0,0,0,0,0,0.0001,0,0.0001,0,0,0.0001,0,0,0,0,0,0,0.0001,0,0.3135,0.2715,0.3135,0.2715,
0.5007,1.0013,0,1.502,1.502,0.5007,0.5007,0.5007,1.0013,1.0013,0.5007,1.0013,0.5007,0.5007,0,1.0013,1.0013,1.0013,1.0013,1.0013,0,0.0001,0,0.0001,0.0001,0,0,0,0.0001,0.0001,0,0.0001,0,0,0,0.0001,0.0001,0.0001,0.0001,0.0001,0.2485,0.2508,0.2485,0.2508,
0,0,1.1079,1.4771,1.1079,0.7386,0.3693,0.3693,0.7386,1.4771,0,1.1079,1.4771,0.3693,0.7386,0,1.8464,0.7386,1.8464,0,0,0,0.0001,0.0001,0.0001,0,0,0,0,0.0001,0,0.0001,0.0001,0,0,0,0.0001,0,0.0001,0,0.3297,0.301,0.3297,0.301,
1.7952,0,0.5984,0,1.1968,1.7952,0,1.7952,0.5984,2.992,0,2.3936,0,0,0,2.3936,0.5984,1.7952,1.1968,0,0.0001,0,0,0,0.0001,0.0001,0,0.0001,0,0.0002,0,0.0001,0,0,0,0.0001,0,0.0001,0.0001,0,0.213,0.1886,0.213,0.1886,
0,1.2366,0,0.8244,0,0.8244,0.4122,1.2366,3.2976,0,0.8244,0.4122,1.2366,0.8244,1.2366,0.4122,0.4122,2.061,0,0,0,0.0001,0,0.0001,0,0.0001,0,0.0001,0.0002,0,0.0001,0,0.0001,0.0001,0.0001,0,0,0.0001,0,0,0.3071,0.2807,0.3071,0.2807,
0.391,0,0.391,0.391,0.391,0.7819,0.391,1.9548,2.3457,1.1729,0.391,1.9548,0.7819,0.7819,1.5638,0.391,0.7819,0,0,0.391,0,0,0,0,0,0.0001,0,0.0002,0.0002,0.0001,0,0.0002,0.0001,0.0001,0.0001,0,0.0001,0,0,0,0.3173,0.2917,0.3173,0.2917,
0,0,1.6039,0,0,0,0,0.5346,0,0.5346,0.5346,0,0,0.5346,1.0693,1.0693,1.6039,0.5346,2.1386,0,0,0,0.0001,0,0,0,0,0,0,0,0,0,0,0,0.0001,0.0001,0.0001,0,0.0002,0,0.2184,0.247,0.2184,0.247,
1.066,1.599,0,0.533,1.066,0.533,0.533,1.066,1.066,2.132,0,0.533,1.066,0,0.533,0.533,1.599,2.132,0.533,0,0.0001,0.0001,0,0,0.0001,0,0,0.0001,0.0001,0.0001,0,0,0.0001,0,0,0,0.0001,0.0001,0,0,0.2086,0.2585,0.2086,0.2585,
1.2474,0.8316,0.8316,0.4158,1.6632,1.2474,0.4158,2.0789,0.8316,0,2.4947,0.4158,0.4158,0.4158,0.4158,1.2474,2.0789,0.8316,1.6632,0,0.0001,0,0,0,0.0001,0.0001,0,0.0001,0,0,0.0001,0,0,0,0,0.0001,0.0001,0,0.0001,0,0.3132,0.271,0.3132,0.271,
0,0.7414,1.1121,1.1121,1.1121,0.7414,1.4828,0.7414,0.3707,0.7414,0.7414,1.1121,0.3707,0.7414,0.7414,0,0.3707,1.4828,0.7414,0.3707,0,0,0.0001,0.0001,0.0001,0,0.0001,0,0,0,0,0.0001,0,0,0,0,0,0.0001,0,0,0.3199,0.3094,0.3199,0.3094,
1.1115,0,0,0,1.1115,4.4462,0,1.1115,0,5.002,0.5558,0.5558,0.5558,0,0.5558,2.7789,2.2231,1.6673,0.5558,1.1115,0.0001,0,0,0,0.0001,0.0002,0,0.0001,0,0.0002,0,0,0,0,0,0.0001,0.0001,0.0001,0,0.0001,0.2125,0.2318,0.2125,0.2318,
1.0691,0,0,1.0691,2.6726,1.0691,0,2.1381,0.5345,2.1381,0.5345,0,1.0691,0,1.0691,0,1.0691,1.6036,0,0.5345,0.0001,0,0,0.0001,0.0002,0.0001,0,0.0002,0,0.0002,0,0,0.0001,0,0.0001,0,0.0001,0.0001,0,0,0.2162,0.2492,0.2162,0.2492,
2.0872,0.6957,0,0,0,0,0,0.6957,0.6957,0,0,0,0.6957,0,0.6957,1.3915,1.3915,0.6957,0.6957,0,0.0002,0.0001,0,0,0,0,0,0.0001,0.0001,0,0,0,0.0001,0,0.0001,0.0001,0.0001,0.0001,0.0001,0,0.1463,0.158,0.1463,0.158,
1.3796,0,0,2.7591,0,0.6898,0,0,0,0.6898,0,0,0,0.6898,0,0,2.0693,1.3796,0,0,0.0002,0,0,0.0005,0,0.0001,0,0,0,0.0001,0,0,0,0.0001,0,0,0.0004,0.0002,0,0,0.1526,0.1576,0.1526,0.1576,
1.5419,0,0,0.514,0,0.514,1.0279,0.514,2.0559,1.0279,0.514,0,1.0279,0.514,1.0279,0.514,0,0.514,0,1.0279,0.0002,0,0,0.0001,0,0.0001,0.0001,0.0001,0.0003,0.0001,0.0001,0,0.0001,0.0001,0.0001,0.0001,0,0.0001,0,0.0001,0.2365,0.2495,0.2365,0.2495,
0,0.63,0,1.2601,1.2601,0.63,0.63,0.63,0,0,0,1.2601,0,0,1.8901,0,0,0.63,0.63,0,0,0.0001,0,0.0001,0.0001,0.0001,0.0001,0.0001,0,0,0,0.0001,0,0,0.0002,0,0,0.0001,0.0001,0,0.1847,0.1853,0.1847,0.1853,
0.9724,0,0,1.4586,1.4586,1.4586,0.9724,1.9448,0.4862,0.9724,0.9724,1.4586,0,0.9724,0,1.9448,0,0.4862,0,0.9724,0.0001,0,0,0.0001,0.0001,0.0001,0.0001,0.0001,0,0.0001,0.0001,0.0001,0,0.0001,0,0.0001,0,0,0,0.0001,0.2683,0.2455,0.2683,0.2455,
1.1119,0,0,1.4825,0.7413,1.4825,0.7413,0.7413,0.3706,1.4825,1.1119,0.3706,1.1119,1.1119,0.7413,0.3706,0.3706,0.7413,1.8531,0.3706,0.0001,0,0,0.0001,0,0.0001,0,0,0,0.0001,0.0001,0,0.0001,0.0001,0,0,0,0,0.0001,0,0.3219,0.3075,0.3219,0.3075,
1.0121,0,0,2.0241,2.0241,0.506,0.506,0,0,1.0121,0,1.5181,0,1.0121,0.506,1.0121,1.0121,1.0121,0,0.506,0.0001,0,0,0.0002,0.0002,0,0,0,0,0.0001,0,0.0001,0,0.0001,0,0.0001,0.0001,0.0001,0,0,0.2773,0.2167,0.2773,0.2167,
0.8932,0.8932,0.4466,0.8932,0,0.4466,1.3398,0,0.8932,0.4466,0.4466,0,1.3398,0.8932,0.4466,1.7864,1.7864,2.233,0.4466,0.8932,0.0001,0.0001,0,0.0001,0,0,0.0001,0,0.0001,0,0,0,0.0001,0.0001,0,0.0001,0.0001,0.0001,0,0.0001,0.2842,0.2692,0.2842,0.2692,
1.5412,0,0.5137,1.5412,0.5137,0,0,0,0.5137,2.0549,0,2.5686,0.5137,1.5412,0.5137,1.0274,0.5137,1.5412,0,2.0549,0.0001,0,0,0.0001,0,0,0,0,0,0.0001,0,0.0002,0,0.0001,0,0.0001,0,0.0001,0,0.0001,0.2446,0.2416,0.2446,0.2416,
1.0281,1.0281,0.5141,0,0.5141,0.5141,0,2.5704,0.5141,1.0281,0.5141,1.5422,0.5141,1.0281,1.5422,0.5141,0.5141,1.0281,0.5141,0.5141,0.0001,0.0001,0,0,0,0,0,0.0001,0,0.0001,0,0.0001,0,0.0001,0.0001,0,0,0.0001,0,0,0.2727,0.2133,0.2727,0.2133,
1.3101,0.655,1.3101,0,0,0,0.655,0.655,0.655,1.3101,0,0.655,1.3101,0,0,0,0,0.655,0.655,0,0.0001,0,0.0001,0,0,0,0,0,0,0.0001,0,0,0.0001,0,0,0,0,0,0,0,0.2135,0.1315,0.2135,0.1315,
0.8657,0.4329,0.4329,1.2986,0,0.8657,0.8657,0.8657,2.1643,0,0.8657,0.8657,0.8657,2.1643,1.2986,1.2986,0,0.8657,0,1.2986,0.0001,0,0,0.0001,0,0.0001,0.0001,0.0001,0.0002,0,0.0001,0.0001,0.0001,0.0002,0.0001,0.0001,0,0.0001,0,0.0001,0.2716,0.2955,0.2716,0.2955,
1.0516,1.5775,0,0.5258,0.5258,1.0516,0,0.5258,0.5258,0,1.5775,1.5775,0.5258,0,1.0516,0.5258,0.5258,1.0516,1.0516,1.0516,0.0001,0.0001,0,0,0,0.0001,0,0,0,0,0.0001,0.0001,0,0,0.0001,0,0,0.0001,0.0001,0.0001,0.2485,0.2256,0.2485,0.2256,
0.7121,0,0.7121,0.7121,0.356,0.356,0.7121,1.4242,1.0681,0.7121,0.7121,1.0681,0.7121,0,1.0681,1.0681,0.7121,1.0681,1.4242,1.0681,0,0,0,0,0,0,0,0.0001,0.0001,0,0,0.0001,0,0,0.0001,0.0001,0,0.0001,0.0001,0.0001,0.309,0.335,0.309,0.335,
1.6967,0,1.018,1.018,0.6787,1.3574,0.3393,0.3393,1.6967,0,0.6787,2.036,1.018,0.6787,2.3754,1.3574,0,0.3393,0,0.3393,0.0001,0,0.0001,0.0001,0,0.0001,0,0,0.0001,0,0,0.0001,0.0001,0,0.0002,0.0001,0,0,0,0,0.3799,0.2808,0.3799,0.2808,
1.8974,0,0,0,3.1623,1.2649,0,1.8974,0.6325,5.6921,0.6325,0.6325,0,0.6325,0,0.6325,1.2649,0.6325,0,0.6325,0.0001,0,0,0,0.0002,0.0001,0,0.0001,0,0.0004,0,0,0,0,0,0,0.0001,0,0,0,0.1951,0.1724,0.1951,0.1724,
1.4855,0,0.7427,0.7427,0,0.7427,0,0,0.7427,0,0,0.7427,0.7427,0,0,0,1.4855,0,0,0,0.0003,0,0.0002,0.0002,0,0.0002,0,0,0.0002,0,0,0.0002,0.0002,0,0,0,0.0003,0,0,0,0.1057,0.1516,0.1057,0.1516,
1.0258,0,0,1.0258,2.5644,0.5129,0,2.0515,2.0515,2.0515,0.5129,0.5129,1.5386,0,0.5129,0.5129,1.0258,1.5386,0,0.5129,0.0001,0,0,0.0001,0.0002,0,0,0.0002,0.0002,0.0002,0,0,0.0001,0,0,0,0.0001,0.0001,0,0,0.2319,0.2553,0.2319,0.2553,
1.3319,0,0.444,2.2199,0.444,0.888,0,1.3319,0.888,2.6639,0.444,0.444,0.444,0.888,0,0.888,0.444,1.7759,0.888,1.3319,0.0001,0,0,0.0001,0,0.0001,0,0.0001,0.0001,0.0002,0,0,0,0.0001,0,0.0001,0,0.0001,0.0001,0.0001,0.2522,0.3038,0.2522,0.3038,
0,0.3315,1.3258,0.6629,0.3315,1.3258,0.9944,0,0.6629,1.3258,0.9944,0.9944,0.3315,0.6629,1.6573,0.9944,0,0.6629,1.6573,0.3315,0,0,0.0001,0,0,0.0001,0.0001,0,0,0.0001,0.0001,0.0001,0,0,0.0001,0.0001,0,0,0.0001,0,0.3632,0.3054,0.3632,0.3054,
1.3146,0,0.6573,0,0,0.6573,0,0.6573,0,1.3146,0.6573,0,0.6573,0,1.9719,0,0,1.9719,0,0,0.0002,0,0.0001,0,0,0.0001,0,0.0001,0,0.0002,0.0001,0,0.0001,0,0.0003,0,0,0.0003,0,0,0.1309,0.2118,0.1309,0.2118,
1.0462,0.6974,1.0462,1.3949,0.6974,1.7436,0.6974,0.3487,1.0462,0.6974,0.3487,0.3487,0,0.6974,2.0923,0,0.3487,0.3487,0,0.3487,0.0001,0,0.0001,0.0001,0,0.0001,0,0,0.0001,0,0,0,0,0,0.0001,0,0,0,0,0,0.333,0.3183,0.333,0.3183,
0,0,0,0,0.8241,1.6482,0,0,0,0,0,0.8241,0.8241,0.8241,0,0.8241,0.8241,0.8241,0.8241,0,0,0,0,0,0.0001,0.0002,0,0,0,0,0,0.0001,0.0001,0.0001,0,0.0001,0.0001,0.0001,0.0001,0,0.1165,0.0594,0.1165,0.0594,
1.0393,0.3464,0.6929,1.3857,1.0393,0.3464,0.6929,1.0393,1.0393,0.6929,0.6929,0,1.0393,1.7322,2.0786,0.3464,0.6929,0.3464,0,1.7322,0.0001,0,0,0.0001,0.0001,0,0,0.0001,0.0001,0,0,0,0.0001,0.0001,0.0001,0,0,0,0,0.0001,0.3648,0.2887,0.3648,0.2887,
2.0241,0,0,0,0.6747,1.0121,0.3374,0.3374,1.6868,0.6747,0.6747,0.3374,0.3374,0.3374,3.7109,0.6747,1.3494,0.6747,0,0,0.0002,0,0,0,0.0001,0.0001,0,0,0.0001,0.0001,0.0001,0,0,0,0.0003,0.0001,0.0001,0.0001,0,0,0.3604,0.3023,0.3604,0.3023,
0,0,0,0.6853,1.3706,1.3706,0.6853,0,0.6853,0,0.6853,0,0,0.6853,0,1.3706,0.6853,0,0,0.6853,0,0,0,0.0001,0.0002,0.0002,0.0001,0,0.0001,0,0.0001,0,0,0.0001,0,0.0002,0.0001,0,0,0.0001,0.1635,0.1512,0.1635,0.1512,
1.777,0,0,0,0.8885,0.8885,0,0,0,1.777,0.8885,0.8885,0.8885,0,0,0,0.8885,0.8885,0,0,0.0003,0,0,0,0.0001,0.0001,0,0,0,0.0003,0.0001,0.0001,0.0001,0,0,0,0.0001,0.0001,0,0,0.0594,0.0521,0.0594,0.0521,
0.9555,0,0.4778,1.4333,0.4778,1.4333,2.3888,0.4778,0,0.9555,0,0.9555,0.4778,0.9555,0,0,0.4778,0.9555,0.4778,1.4333,0.0001,0,0,0.0001,0,0.0001,0.0002,0,0,0.0001,0,0.0001,0,0.0001,0,0,0,0.0001,0,0.0001,0.2695,0.2528,0.2695,0.2528,
1.7553,0,0.5851,0.5851,1.1702,2.9255,0,1.7553,0.5851,4.0957,0.5851,0,0.5851,0.5851,0,0.5851,0,2.3404,0.5851,0,0.0001,0,0,0,0.0001,0.0002,0,0.0001,0,0.0003,0,0,0,0,0,0,0,0.0002,0,0,0.2005,0.2144,0.2005,0.2144,
2.2436,0,0,2.8046,1.6827,0.5609,0,2.8046,1.6827,2.2436,0.5609,0,1.1218,0,1.1218,0.5609,0.5609,1.1218,0,0.5609,0.0002,0,0,0.0002,0.0001,0,0,0.0002,0.0001,0.0002,0,0,0.0001,0,0.0001,0,0,0.0001,0,0,0.2308,0.2083,0.2308,0.2083,
1.3635,0,0.6818,0.6818,0.6818,0.6818,0.6818,0,0,1.3635,0,0,0.6818,0,0,1.3635,1.3635,1.3635,0,0.6818,0.0001,0,0.0001,0.0001,0.0001,0.0001,0.0001,0,0,0.0001,0,0,0.0001,0,0,0.0001,0.0001,0.0001,0,0.0001,0.1801,0.1381,0.1801,0.1381,
0.4252,1.7009,0.4252,1.7009,1.2757,0.8504,0.4252,0.4252,0.4252,0.4252,2.1261,0.8504,0.4252,0,1.2757,0,0.4252,0,0.4252,0.8504,0,0.0001,0,0.0001,0.0001,0,0,0,0,0,0.0001,0,0,0,0.0001,0,0,0,0,0,0.2856,0.2892,0.2856,0.2892,
1.3615,0,0,0,0,0,0.6807,1.3615,0,0.6807,0.6807,2.0422,0,0.6807,1.3615,0.6807,0,0.6807,0,0,0.0002,0,0,0,0,0,0.0001,0.0002,0,0.0001,0.0001,0.0003,0,0.0001,0.0002,0.0001,0,0.0001,0,0,0.1359,0.1834,0.1359,0.1834,
0.7109,0.7109,0.7109,1.4217,1.0663,1.0663,0.3554,0,1.0663,0.7109,0.7109,1.0663,0.7109,1.0663,0,0.3554,0.7109,1.0663,1.7772,1.0663,0,0,0,0.0001,0.0001,0.0001,0,0,0.0001,0,0,0.0001,0,0.0001,0,0,0,0.0001,0.0001,0.0001,0.3429,0.3016,0.3429,0.3016,
0.3912,0.3912,0.3912,2.3473,0.7824,0.3912,0.7824,2.3473,0,2.3473,0.3912,0.3912,0,0.7824,0.3912,0.7824,0.7824,0,0.7824,0,0,0,0,0.0001,0,0,0,0.0001,0,0.0001,0,0,0,0,0,0,0,0,0,0,0.3028,0.306,0.3028,0.306,
2.8126,0,0.5625,1.125,0,0.5625,0,0.5625,1.125,1.6875,0.5625,0.5625,0,1.125,0,0.5625,0,1.6875,0,0,0.0002,0,0,0.0001,0,0,0,0,0.0001,0.0001,0,0,0,0.0001,0,0,0,0.0001,0,0,0.2074,0.23,0.2074,0.23,
2.7774,0.5555,0.5555,0.5555,2.2219,1.111,0,1.6664,1.111,3.3329,0.5555,0,0,0.5555,0,0,0.5555,0.5555,0,0.5555,0.0002,0,0,0,0.0002,0.0001,0,0.0001,0.0001,0.0002,0,0,0,0,0,0,0,0,0,0,0.2572,0.1873,0.2572,0.1873,
0.5631,0.5631,0.5631,1.1261,0,0.5631,0.5631,0,1.1261,0,1.6892,0,0.5631,0.5631,0.5631,0,0.5631,1.1261,0.5631,0.5631,0.0001,0.0001,0.0001,0.0001,0,0.0001,0.0001,0,0.0001,0,0.0002,0,0.0001,0.0001,0.0001,0,0.0001,0.0001,0.0001,0.0001,0.24,0.197,0.24,0.197,
1.2977,0,0.4326,0.4326,0.8651,2.1628,0.4326,3.0279,2.1628,0.8651,1.2977,0.4326,1.2977,0.4326,0,0.8651,0.8651,0.4326,0,0,0.0001,0,0,0,0.0001,0.0002,0,0.0002,0.0002,0.0001,0.0001,0,0.0001,0,0,0.0001,0.0001,0,0,0,0.2663,0.3011,0.2663,0.3011,
2.5553,0.6388,0,0,0,1.2776,0,3.8329,1.2776,2.5553,0.6388,0.6388,1.2776,0.6388,1.2776,0.6388,0,3.1941,0,0,0.0002,0,0,0,0,0.0001,0,0.0002,0.0001,0.0002,0,0,0.0001,0,0.0001,0,0,0.0002,0,0,0.178,0.1832,0.178,0.1832,
0.3497,1.3987,0.6994,1.049,0.3497,0,1.3987,0.3497,0,1.049,1.049,1.049,1.049,0,1.3987,1.049,0.6994,1.049,1.049,0.3497,0,0.0001,0,0.0001,0,0,0.0001,0,0,0.0001,0.0001,0.0001,0.0001,0,0.0001,0.0001,0,0.0001,0.0001,0,0.3393,0.3111,0.3393,0.3111,
0,1.6512,1.2384,2.064,0.4128,0.8256,0.4128,0,0.4128,0.8256,0.4128,0.4128,0.4128,0.8256,0,0.8256,1.2384,0.8256,0.8256,1.2384,0,0.0001,0.0001,0.0001,0,0,0,0,0,0,0,0,0,0,0,0,0.0001,0,0,0.0001,0.2855,0.3017,0.2855,0.3017,
0,1.4627,1.8284,0,0.7314,0.7314,1.4627,0.7314,0,1.4627,0.7314,0.7314,0.3657,1.0971,1.0971,1.4627,1.4627,0.7314,0.3657,1.8284,0,0.0001,0.0001,0,0,0,0.0001,0,0,0.0001,0,0,0,0.0001,0.0001,0.0001,0.0001,0,0,0.0001,0.3368,0.2975,0.3368,0.2975,
0,0,0,0.7601,0,0,0,1.5202,1.5202,0,0.7601,0,0,0,0,0.7601,0,1.5202,0.7601,0,0,0,0,0.0001,0,0,0,0.0003,0.0003,0,0.0001,0,0,0,0,0.0001,0,0.0003,0.0001,0,0.1007,0.1393,0.1007,0.1393,
1.1451,0,0.5725,1.7176,0.5725,1.1451,0.5725,0.5725,0.5725,0,0,1.1451,0,1.1451,0,0.5725,0.5725,1.7176,1.7176,0,0.0001,0,0,0.0001,0,0.0001,0,0,0,0,0,0.0001,0,0.0001,0,0,0,0.0001,0.0001,0,0.1898,0.2376,0.1898,0.2376,
1.0364,0,0.5182,1.0364,2.591,1.0364,0,1.5546,1.0364,2.0728,0.5182,0.5182,1.5546,0,1.0364,0.5182,1.0364,1.5546,0,0.5182,0.0001,0,0,0.0001,0.0002,0.0001,0,0.0001,0.0001,0.0002,0,0,0.0001,0,0.0001,0,0.0001,0.0001,0,0,0.232,0.2498,0.232,0.2498,
0.4934,1.4802,0,0.9868,0.9868,0,1.4802,0.9868,0.9868,0.4934,1.4802,0.4934,1.9736,0.9868,0.9868,0.4934,1.4802,0.4934,0.4934,0.4934,0,0.0001,0,0.0001,0.0001,0,0.0001,0.0001,0.0001,0,0.0001,0,0.0001,0.0001,0.0001,0,0.0001,0,0,0,0.2313,0.2753,0.2313,0.2753,
0.5358,0,1.0716,0.5358,1.0716,3.2149,0,2.1432,1.0716,1.6074,0.5358,0,0.5358,0.5358,0,0.5358,1.0716,1.6074,0,0,0,0,0.0001,0,0.0001,0.0002,0,0.0001,0.0001,0.0001,0,0,0,0,0,0,0.0001,0.0001,0,0,0.2245,0.2397,0.2245,0.2397,
0.9016,0,0,0,3.6063,0,0,3.1555,1.3524,2.2539,0.4508,0.9016,1.3524,0.9016,0.9016,0.4508,0.9016,3.1555,0,1.3524,0.0001,0,0,0,0.0002,0,0,0.0002,0.0001,0.0001,0,0.0001,0.0001,0.0001,0.0001,0,0.0001,0.0002,0,0.0001,0.2628,0.2864,0.2628,0.2864,
0.7733,0.3866,1.1599,0.7733,0,0.3866,0.7733,0.3866,1.5466,0.3866,1.1599,0,0.7733,1.1599,1.1599,0.3866,2.7065,0,1.1599,0,0.0001,0,0.0001,0.0001,0,0,0.0001,0,0.0001,0,0.0001,0,0.0001,0.0001,0.0001,0,0.0002,0,0.0001,0,0.3431,0.2703,0.3431,0.2703,
0.406,1.2181,0,0.406,0,0.8121,1.2181,1.2181,2.4363,0,1.2181,0.406,1.2181,0.8121,1.6242,0.8121,0,1.6242,0,0,0,0.0001,0,0,0,0.0001,0.0001,0.0001,0.0002,0,0.0001,0,0.0001,0.0001,0.0001,0.0001,0,0.0001,0,0,0.3216,0.2724,0.3216,0.2724,
0,1.1323,0,0.3774,0,0.7549,0.3774,0.7549,2.642,0.3774,0.3774,0.3774,1.1323,0.7549,2.2646,0.3774,0,2.2646,0,0,0,0.0001,0,0,0,0,0,0,0.0002,0,0,0,0.0001,0,0.0001,0,0,0.0001,0,0,0.3223,0.3002,0.3223,0.3002,
0.4001,1.6004,0,0.8002,0.4001,0.4001,0.8002,0.4001,0.8002,1.2003,0.4001,0.8002,1.6004,0.8002,1.2003,2.0005,1.2003,1.6004,0.8002,0.4001,0,0.0001,0,0,0,0,0,0,0,0.0001,0,0,0.0001,0,0.0001,0.0001,0.0001,0.0001,0,0,0.2801,0.3198,0.2801,0.3198,
0.3439,0.3439,0.3439,0,0.6877,0.6877,0,0.3439,2.4071,0.3439,0.3439,1.3755,0.3439,0.3439,3.0948,0.6877,0,2.4071,0,0,0,0,0,0,0.0001,0.0001,0,0,0.0002,0,0,0.0001,0,0,0.0002,0.0001,0,0.0002,0,0,0.3707,0.2854,0.3707,0.2854,
0.7873,0.7873,1.5746,0.7873,0.3936,1.1809,0.3936,0.3936,1.5746,0.3936,0.7873,0.3936,0.7873,0.3936,0.3936,0.7873,0.3936,1.5746,1.1809,0,0,0,0.0001,0,0,0.0001,0,0,0.0001,0,0,0,0,0,0,0,0,0.0001,0.0001,0,0.3267,0.2797,0.3267,0.2797,
0.8665,2.1663,0.4333,0.8665,0.4333,0.4333,0.4333,0,0.8665,1.2998,1.733,0.4333,0,1.2998,1.2998,0.8665,0,0.4333,0.8665,1.2998,0,0.0001,0,0,0,0,0,0,0,0.0001,0.0001,0,0,0.0001,0.0001,0,0,0,0,0.0001,0.2628,0.3039,0.2628,0.3039,
1.6048,0.5349,0.5349,0.5349,0,1.6048,0,1.6048,1.0698,3.2095,0.5349,0.5349,1.0698,1.0698,0.5349,2.6746,1.0698,3.2095,0,0,0.0001,0,0,0,0,0.0001,0,0.0001,0.0001,0.0002,0,0,0.0001,0.0001,0,0.0001,0.0001,0.0002,0,0,0.204,0.261,0.204,0.261,
0.7813,0.3907,0.3907,0.3907,0,1.172,1.5626,0.7813,0.3907,1.5626,1.9533,1.9533,0.7813,1.5626,1.9533,0.7813,0,0.3907,1.9533,0.3907,0,0,0,0,0,0.0001,0.0001,0,0,0.0001,0.0001,0.0001,0,0.0001,0.0001,0,0,0,0.0001,0,0.2954,0.314,0.2954,0.314,
0.4689,2.8136,0,0,0.4689,1.4068,0.4689,0,0.9379,0,0.4689,0.4689,0,0.9379,1.4068,1.4068,0,0.4689,0,0.4689,0,0.0001,0,0,0,0.0001,0,0,0,0,0,0,0,0,0.0001,0.0001,0,0,0,0,0.2698,0.2612,0.2698,0.2612,
0.4847,0.4847,0.9694,0.4847,0.4847,0.4847,0.4847,0.9694,0.9694,1.4542,0.4847,0.4847,1.4542,0.4847,0,0.4847,1.4542,0.4847,0.9694,1.4542,0,0,0.0001,0,0,0,0,0.0001,0.0001,0.0001,0,0,0.0001,0,0,0,0.0001,0,0.0001,0.0001,0.2481,0.2672,0.2481,0.2672,
0.8613,0.8613,1.2919,0.4306,0.8613,0.8613,1.7225,0.8613,0.8613,0.4306,0,0,0.8613,0.8613,0.8613,0.8613,1.7225,0,0.8613,0.4306,0,0,0.0001,0,0,0,0.0001,0,0,0,0,0,0,0,0,0,0.0001,0,0,0,0.2984,0.271,0.2984,0.271,
0.4703,0,0,1.8813,0.9406,0.9406,0,0.4703,0.4703,0,0,0,1.411,0.9406,0.9406,0,0.9406,0.4703,1.411,0,0,0,0,0.0002,0.0001,0.0001,0,0,0,0,0,0,0.0001,0.0001,0.0001,0,0.0001,0,0.0001,0,0.2299,0.2998,0.2299,0.2998,
1.2699,0.4233,0.8466,1.2699,0,0.8466,1.6933,0,0,1.2699,0.4233,0.8466,0.4233,0.4233,0.4233,1.2699,2.1166,0,0.4233,0.4233,0.0001,0,0.0001,0.0001,0,0.0001,0.0001,0,0,0.0001,0,0.0001,0,0,0,0.0001,0.0002,0,0,0,0.3083,0.2684,0.3083,0.2684,
0.7217,0,0,0.7217,0,2.165,0,2.165,0,0.7217,0.7217,0.7217,0,0.7217,0,0.7217,5.0517,0,0,1.4433,0.0001,0,0,0.0001,0,0.0002,0,0.0002,0,0.0001,0.0001,0.0001,0,0.0001,0,0.0001,0.0005,0,0,0.0001,0.1494,0.1289,0.1494,0.1289,
0.7472,0,0,0,0,2.2417,0,0,0,0.7472,0,0.7472,0,0,1.4945,0.7472,0,0.7472,0,0.7472,0.0001,0,0,0,0,0.0004,0,0,0,0.0001,0,0.0001,0,0,0.0002,0.0001,0,0.0001,0,0.0001,0.1584,0.0944,0.1584,0.0944,
0.6497,0.6497,0,0,0.6497,0,0.6497,0.6497,0.6497,0,0,0.6497,0,0.6497,1.2994,1.2994,1.2994,0.6497,0,0,0.0001,0.0001,0,0,0.0001,0,0.0001,0.0001,0.0001,0,0,0.0001,0,0.0001,0.0002,0.0002,0.0002,0.0001,0,0,0.1476,0.2027,0.1476,0.2027,
0.682,0,1.023,2.7281,0.341,0.341,0.341,1.023,1.023,0.682,0.682,1.023,1.3641,1.3641,0.341,0.682,1.7051,1.3641,0,0,0.0001,0,0.0001,0.0002,0,0,0,0.0001,0.0001,0.0001,0.0001,0.0001,0.0001,0.0001,0,0.0001,0.0001,0.0001,0,0,0.3181,0.3409,0.3181,0.3409,
1.66,0,0.5533,2.2133,0,3.3199,0,0.5533,0,1.1066,0,0,1.66,0,0,1.66,1.1066,1.66,0,1.1066,0.0001,0,0,0.0002,0,0.0003,0,0,0,0.0001,0,0,0.0001,0,0,0.0001,0.0001,0.0001,0,0.0001,0.2417,0.205,0.2417,0.205,
0.7872,0.7872,0,0,1.5744,0.7872,1.5744,1.5744,0.7872,1.5744,0.3936,2.7552,1.968,0,1.1808,0.7872,0,1.1808,0.3936,1.1808,0,0,0,0,0.0001,0,0.0001,0.0001,0,0.0001,0,0.0001,0.0001,0,0.0001,0,0,0.0001,0,0.0001,0.3242,0.2822,0.3242,0.2822,
0.6978,0.6978,1.3956,0,0,0,1.3956,0,0,0.6978,1.3956,0.6978,0,0.6978,0,0,0.6978,0,0,0,0.0001,0.0001,0.0001,0,0,0,0.0001,0,0,0.0001,0.0001,0.0001,0,0.0001,0,0,0.0001,0,0,0,0.1553,0.1469,0.1553,0.1469,
1.2066,0,0,0,1.8099,1.2066,0,3.0165,0.6033,4.2231,0.6033,0.6033,0,0,0.6033,1.2066,2.4132,0.6033,0,0.6033,0.0001,0,0,0,0.0001,0.0001,0,0.0002,0,0.0003,0,0,0,0,0,0.0001,0.0002,0,0,0,0.2199,0.1768,0.2199,0.1768,
2.2921,0,0.573,0,1.7191,1.7191,0,1.1461,0,1.7191,2.2921,0.573,0,0,0.573,1.1461,0.573,1.1461,1.1461,0,0.0001,0,0,0,0.0001,0.0001,0,0.0001,0,0.0001,0.0001,0,0,0,0,0.0001,0,0.0001,0.0001,0,0.2602,0.1668,0.2602,0.1668,
0,0,1.8325,0,0,0.6108,0.6108,0,0,0.6108,0,1.8325,0.6108,0,0.6108,0,0.6108,0,1.2216,1.2216,0,0,0.0002,0,0,0.0001,0.0001,0,0,0.0001,0,0.0002,0.0001,0,0.0001,0,0.0001,0,0.0001,0.0001,0.1742,0.215,0.1742,0.215,
0,0.819,0,0,0,0,0,0,0.819,0.819,1.638,0.819,1.638,0,0,0,0,0.819,0.819,1.638,0,0.0001,0,0,0,0,0,0,0.0001,0.0001,0.0001,0.0001,0.0001,0,0,0,0,0.0001,0.0001,0.0001,0.0922,0.0888,0.0922,0.0888,
0,0,0,0,0.707,2.121,0.707,0.707,0.707,0,1.414,1.414,0,0,0,0.707,0.707,0,0.707,0.707,0,0,0,0,0.0001,0.0003,0.0001,0.0001,0.0001,0,0.0002,0.0002,0,0,0,0.0001,0.0001,0,0.0001,0.0001,0.1559,0.1371,0.1559,0.1371,
0,0.5293,1.0585,1.5878,0,0.5293,0.5293,0,0.5293,1.0585,0,0,0.5293,0,1.0585,0,0,0.5293,0.5293,0.5293,0,0,0.0001,0.0001,0,0,0,0,0,0.0001,0,0,0,0,0.0001,0,0,0,0,0,0.2168,0.2539,0.2168,0.2539,
1.0556,0,0.3519,0.3519,0.3519,0.7037,2.4631,1.4075,0,0.3519,1.4075,2.8149,0.3519,0.3519,0.7037,1.0556,1.7593,0,1.4075,0.3519,0.0001,0,0,0,0,0,0.0002,0.0001,0,0,0.0001,0.0002,0,0,0,0.0001,0.0001,0,0.0001,0,0.3337,0.3144,0.3337,0.3144,
0.6114,3.6686,0.6114,0.6114,0.6114,2.4457,0,1.2229,1.2229,0.6114,0,0.6114,1.2229,0,0,2.4457,0.6114,1.8343,0,1.2229,0,0.0001,0,0,0,0.0001,0,0,0,0,0,0,0,0,0,0.0001,0,0.0001,0,0,0.1992,0.1894,0.1992,0.1894,
0.7215,0,0,0.7215,1.4429,0.7215,0,0,0.7215,0.7215,0,0,0.7215,0.7215,0.7215,0.7215,0.7215,1.4429,0,0,0.0001,0,0,0.0001,0.0002,0.0001,0,0,0.0001,0.0001,0,0,0.0001,0.0001,0.0001,0.0001,0.0001,0.0002,0,0,0.1898,0.0888,0.1898,0.0888,
1.5643,0.5214,0.5214,1.0429,0,0.5214,0,0.5214,1.5643,0,1.5643,0.5214,1.0429,0,1.0429,0,1.0429,0.5214,0.5214,1.0429,0.0001,0,0,0.0001,0,0,0,0,0.0001,0,0.0001,0,0.0001,0,0.0001,0,0.0001,0,0,0.0001,0.2414,0.2372,0.2414,0.2372,
1.094,1.094,0.3647,0.7293,0.7293,0.3647,1.094,1.4587,0.7293,0,0,0.7293,0.3647,0.3647,0.7293,1.094,0.3647,1.094,1.4587,0.3647,0.0001,0.0001,0,0,0,0,0.0001,0.0001,0,0,0,0,0,0,0,0.0001,0,0.0001,0.0001,0,0.3075,0.3279,0.3075,0.3279,
0.7398,0.7398,0.3699,0.3699,0.7398,1.4795,0.7398,0,1.1096,0.3699,2.2193,0.7398,0,1.1096,1.4795,0.3699,1.4795,1.1096,0.3699,0.7398,0.0001,0.0001,0,0,0.0001,0.0001,0.0001,0,0.0001,0,0.0002,0.0001,0,0.0001,0.0001,0,0.0001,0.0001,0,0.0001,0.3191,0.311,0.3191,0.311,
0.8331,0.8331,0,0.8331,0,1.6662,0,0.8331,0,0,0,0,0.8331,0,0,0,0,1.6662,0,0.8331,0.0001,0.0001,0,0.0001,0,0.0002,0,0.0001,0,0,0,0,0.0001,0,0,0,0,0.0002,0,0.0001,0.0786,0.0883,0.0786,0.0883,
0,0.6665,0,0,0,0.6665,0.6665,0.6665,1.3329,0.6665,0.6665,0,0,0.6665,0,1.3329,0,0,0.6665,0,0,0.0001,0,0,0,0.0001,0.0001,0.0001,0.0001,0.0001,0.0001,0,0,0.0001,0,0.0001,0,0,0.0001,0,0.1791,0.1544,0.1791,0.1544,
1.4625,0.975,1.95,0,0.4875,0.4875,0.4875,0.4875,0,0.4875,0,0.975,0,0.975,0.4875,1.95,0.4875,0.4875,0.975,0.975,0.0001,0,0.0001,0,0,0,0,0,0,0,0,0,0,0,0,0.0001,0,0,0,0,0.2367,0.2758,0.2367,0.2758,
1.149,0.766,0.383,0.766,1.532,0.383,0.383,0.383,0.766,1.149,1.532,0.383,0,0.383,1.532,1.532,0.766,0.766,0.383,0.766,0.0001,0,0,0,0.0001,0,0,0,0,0.0001,0.0001,0,0,0,0.0001,0.0001,0,0,0,0,0.3223,0.2947,0.3223,0.2947,
1.2102,0.8068,0.8068,0,0.4034,1.2102,0.4034,0.8068,0.8068,0.8068,0.4034,0.8068,1.2102,0.8068,1.6136,0.4034,0.4034,0.8068,0.8068,0,0.0001,0.0001,0.0001,0,0,0.0001,0,0.0001,0.0001,0.0001,0,0.0001,0.0001,0.0001,0.0001,0,0,0.0001,0.0001,0,0.3154,0.2812,0.3154,0.2812,
0,0.783,0.783,0.783,0.783,0.783,0.3915,0,0,0,0.3915,0.783,0.783,0.783,1.566,0.783,0.783,1.1745,1.9576,0.783,0,0,0,0,0,0,0,0,0,0,0,0,0,0,0.0001,0,0,0.0001,0.0001,0,0.3005,0.308,0.3005,0.308,
2.0873,0.8349,0.8349,0.8349,0.8349,0.8349,1.6698,0.4175,0,0.8349,0.4175,0.8349,1.2524,1.2524,0.4175,1.2524,0.8349,0.8349,0.8349,1.2524,0.0001,0,0,0,0,0,0.0001,0,0,0,0,0,0.0001,0.0001,0,0.0001,0,0,0,0.0001,0.2686,0.314,0.2686,0.314,
0.4114,1.2343,0,0.4114,0,0.4114,0.8229,1.2343,3.703,0,0.4114,0.8229,0.4114,1.2343,1.6458,0.4114,0,2.0572,0,0.4114,0,0.0001,0,0,0,0,0.0001,0.0001,0.0002,0,0,0.0001,0,0.0001,0.0001,0,0,0.0001,0,0,0.2826,0.306,0.2826,0.306,
1.6421,0.821,1.2316,0.4105,0.4105,0.4105,0.821,1.2316,0.821,0.4105,1.2316,0.821,1.2316,0.821,0.821,0.821,0.4105,0.821,1.2316,1.6421,0.0001,0,0.0001,0,0,0,0,0.0001,0,0,0.0001,0,0.0001,0,0,0,0,0,0.0001,0.0001,0.2878,0.3016,0.2878,0.3016,
0.3681,0.7361,0,2.2084,0.7361,0.7361,0.7361,1.1042,0,0.3681,0.7361,0.3681,1.1042,1.1042,1.4723,1.1042,1.8404,1.4723,0.7361,1.1042,0,0,0,0.0001,0,0,0,0.0001,0,0,0,0,0.0001,0.0001,0.0001,0.0001,0.0001,0.0001,0,0.0001,0.3077,0.3242,0.3077,0.3242,
1.3922,0,1.3922,0,0,1.3922,0.6961,0,0,1.3922,0,0,0,0,0.6961,0,0,0.6961,0,0.6961,0.0002,0,0.0002,0,0,0.0002,0.0001,0,0,0.0002,0,0,0,0,0.0001,0,0,0.0001,0,0.0001,0.1613,0.1425,0.1613,0.1425,
0.8919,0,0.446,1.3379,0.8919,0.8919,0.446,0.8919,0.8919,0.446,0,0.446,1.3379,0.446,1.3379,1.3379,0,0.8919,0.8919,0.446,0.0001,0,0,0.0001,0.0001,0.0001,0,0.0001,0.0001,0,0,0,0.0001,0,0.0001,0.0001,0,0.0001,0.0001,0,0.2898,0.2642,0.2898,0.2642,
0,0,0,0,0.762,0.762,1.524,0,0,0.762,1.524,0,0.762,1.524,0,0,0,0,0,1.524,0,0,0,0,0.0001,0.0001,0.0003,0,0,0.0001,0.0003,0,0.0001,0.0003,0,0,0,0,0,0.0003,0.1164,0.1216,0.1164,0.1216,
0.4562,0,1.3687,2.2812,0.9125,0.4562,0.4562,1.8249,0.4562,0.4562,0.4562,0.4562,1.3687,0.9125,0.9125,3.6499,1.3687,0,0,0,0,0,0.0001,0.0002,0.0001,0,0,0.0001,0,0,0,0,0.0001,0.0001,0.0001,0.0002,0.0001,0,0,0,0.2723,0.2714,0.2723,0.2714,
1.2281,1.2281,0,0.4094,0.4094,1.2281,0.8187,0.4094,2.0468,0.8187,0.4094,0.8187,2.8655,0.4094,0.4094,0,2.0468,0.8187,1.2281,0,0.0001,0.0001,0,0,0,0.0001,0,0,0.0001,0,0,0,0.0002,0,0,0,0.0001,0,0.0001,0,0.2728,0.3178,0.2728,0.3178,
0,0.4234,0.8468,0.4234,0.4234,0.8468,1.2702,0.4234,0.8468,0.8468,0.4234,0.4234,0.4234,0.8468,0.4234,0.8468,0.4234,0.4234,1.6937,0.8468,0,0,0.0001,0,0,0.0001,0.0001,0,0.0001,0.0001,0,0,0,0.0001,0,0.0001,0,0,0.0001,0.0001,0.325,0.2516,0.325,0.2516,
0.6938,0,0.3469,0,0.3469,1.0407,0.3469,1.0407,2.0815,1.0407,0.3469,1.3876,0.3469,0.3469,3.1222,0.3469,0.3469,0.6938,0,0.3469,0.0001,0,0,0,0,0.0001,0,0.0001,0.0002,0.0001,0,0.0001,0,0,0.0003,0,0,0.0001,0,0,0.3757,0.2774,0.3757,0.2774,
0.3983,2.39,1.195,0.3983,0,0.7967,0.3983,1.195,1.5933,0,1.5933,1.5933,1.5933,0.7967,0.3983,0,0.3983,1.5933,1.5933,0,0,0.0001,0,0,0,0,0,0,0.0001,0,0.0001,0.0001,0.0001,0,0,0,0,0.0001,0.0001,0,0.3092,0.2924,0.3092,0.2924,
0.4299,0,0,0.8599,2.1497,0.8599,1.2898,0.4299,0.4299,0.8599,0.4299,0.4299,0.4299,0.4299,1.2898,0.8599,1.2898,0.4299,0.4299,0.4299,0,0,0,0.0001,0.0002,0.0001,0.0001,0,0,0.0001,0,0,0,0,0.0001,0.0001,0.0001,0,0,0,0.2608,0.3093,0.2608,0.3093,
0.9983,0,0,0.4992,0.9983,2.9949,0,0.4992,0.4992,2.4958,0.4992,0.9983,0,0.9983,0.9983,1.4975,1.4975,0.9983,0,0.4992,0.0001,0,0,0,0.0001,0.0002,0,0,0,0.0001,0,0.0001,0,0.0001,0.0001,0.0001,0.0001,0.0001,0,0,0.2393,0.2616,0.2393,0.2616,
0.4056,0.8113,0.4056,1.6225,0.4056,0.4056,0.4056,0.4056,0,0.8113,0.4056,1.2169,0,0.8113,1.6225,1.2169,0.4056,0.8113,1.6225,0.8113,0,0,0,0.0001,0,0,0,0,0,0,0,0.0001,0,0,0.0001,0.0001,0,0,0.0001,0,0.3223,0.2721,0.3223,0.2721,
0.6591,1.3181,0.9886,1.9772,0.3295,0.9886,0.6591,0.9886,0.9886,1.6476,0.6591,0.6591,0.3295,0.6591,0.9886,0.6591,0.6591,0.6591,0.3295,0,0,0.0001,0.0001,0.0001,0,0.0001,0,0.0001,0.0001,0.0001,0,0,0,0,0.0001,0,0,0,0,0,0.3278,0.3427,0.3278,0.3427,
0.5699,0.5699,0.5699,0,1.1398,0.5699,0,1.7097,0.5699,1.1398,1.7097,0.5699,0.5699,0.5699,1.1398,0.5699,0,1.7097,0,1.7097,0,0,0,0,0.0001,0,0,0.0001,0,0.0001,0.0001,0,0,0,0.0001,0,0,0.0001,0,0.0001,0.2551,0.175,0.2551,0.175,
1.1261,0,0,1.5015,0.7507,1.5015,1.1261,0.7507,0.3754,2.2522,0.7507,1.5015,1.1261,1.1261,1.1261,0,1.1261,1.5015,0,0,0.0001,0,0,0.0001,0.0001,0.0001,0.0001,0.0001,0,0.0002,0.0001,0.0001,0.0001,0.0001,0.0001,0,0.0001,0.0001,0,0,0.3447,0.28,0.3447,0.28,
0,0,0,0,0,3.9911,0,0,0,2.3946,0,0,0,0,0,0,0,0,0,1.5964,0,0,0,0,0,0.0004,0,0,0,0.0003,0,0,0,0,0,0,0,0,0,0.0002,0.1262,0.0756,0.1262,0.0756,
0.6365,0,0,0,0,0,1.9094,1.273,0.6365,0.6365,0.6365,0,0.6365,0,0,1.9094,0.6365,0.6365,0.6365,0.6365,0.0001,0,0,0,0,0,0.0002,0.0001,0.0001,0.0001,0.0001,0,0.0001,0,0,0.0002,0.0001,0.0001,0.0001,0.0001,0.1903,0.1732,0.1903,0.1732,
0,0,0,0.9656,0.4828,0,2.4141,0.9656,1.4484,0.4828,0.4828,1.4484,0.9656,0.4828,1.9312,0,0.9656,0.9656,1.9312,0.4828,0,0,0,0.0001,0.0001,0,0.0003,0.0001,0.0002,0.0001,0.0001,0.0002,0.0001,0.0001,0.0002,0,0.0001,0.0001,0.0002,0.0001,0.2365,0.2807,0.2365,0.2807,
0.3442,0.3442,0.3442,0,0.3442,0.6883,0.3442,0.3442,2.0649,0.6883,0.3442,0.6883,0,1.0325,3.4415,0.6883,0.3442,1.7208,0,0.3442,0,0,0,0,0,0.0001,0,0,0.0002,0.0001,0,0.0001,0,0.0001,0.0003,0.0001,0,0.0001,0,0,0.37,0.2858,0.37,0.2858,
0.4751,0.9503,0,0.4751,0.9503,0.4751,0.4751,1.9005,0,0.9503,0.4751,0.9503,1.9005,0.4751,1.4254,0.4751,0,0.4751,0.9503,0.9503,0,0.0001,0,0,0.0001,0,0,0.0001,0,0.0001,0,0.0001,0.0001,0,0.0001,0,0,0,0.0001,0.0001,0.278,0.2469,0.278,0.2469,
0.4127,1.238,0.8253,0.8253,1.238,0.4127,0,0.4127,1.238,0.8253,0,1.6507,1.238,1.238,0.8253,1.238,0.4127,0.8253,1.238,0.4127,0,0.0001,0,0,0.0001,0,0,0,0.0001,0,0,0.0001,0.0001,0.0001,0,0.0001,0,0,0.0001,0,0.2957,0.2916,0.2957,0.2916,
0.5311,0,0.5311,0,1.5933,0.5311,1.5933,1.0622,0.5311,1.0622,1.0622,0.5311,0.5311,0,0.5311,1.0622,1.5933,0.5311,0,1.0622,0,0,0,0,0.0001,0,0.0001,0.0001,0,0.0001,0.0001,0,0,0,0,0.0001,0.0001,0,0,0.0001,0.2489,0.22,0.2489,0.22,
0.4213,0,0.8427,0,0.8427,0.4213,1.6853,1.6853,0.4213,0.4213,0.8427,1.6853,0.4213,0.8427,0.8427,0,0,0.8427,1.264,1.264,0,0,0.0001,0,0.0001,0,0.0001,0.0001,0,0,0.0001,0.0001,0,0.0001,0.0001,0,0,0.0001,0.0001,0.0001,0.2811,0.2976,0.2811,0.2976,
0,1.143,0,0.5715,0.5715,0.5715,0.5715,1.143,0,1.7145,0.5715,2.286,0.5715,0.5715,0.5715,1.7145,1.7145,0.5715,0.5715,0.5715,0,0.0001,0,0,0,0,0,0.0001,0,0.0001,0,0.0001,0,0,0,0.0001,0.0001,0,0,0,0.2097,0.2188,0.2097,0.2188,
0,0.8779,0.439,0,0.8779,1.3169,0.8779,0.8779,1.3169,2.1948,1.7558,0.439,0.439,0.8779,0.439,0.439,1.3169,1.7558,0.439,0.439,0,0,0,0,0,0.0001,0,0,0.0001,0.0001,0.0001,0,0,0,0,0,0.0001,0.0001,0,0,0.2632,0.2978,0.2632,0.2978,
1.0101,0.3367,1.0101,1.0101,1.3468,0.3367,0.3367,0,0.6734,0.3367,0.6734,0.6734,0.6734,0.3367,1.0101,1.3468,1.6835,0,2.3569,0.6734,0.0001,0,0.0001,0.0001,0.0001,0,0,0,0,0,0,0,0,0,0.0001,0.0001,0.0001,0,0.0001,0,0.3104,0.3529,0.3104,0.3529,
1.0739,0,0,0,0.358,1.0739,0.7159,0.358,1.4318,1.0739,0.7159,0.7159,0.358,0.358,4.6535,1.4318,0.7159,0.7159,0,0.358,0.0001,0,0,0,0,0.0001,0.0001,0,0.0001,0.0001,0.0001,0.0001,0,0,0.0004,0.0001,0.0001,0.0001,0,0,0.3496,0.2924,0.3496,0.2924,
1.1878,2.7715,1.5837,1.1878,1.1878,1.1878,0.7919,0,0.3959,0.3959,0.3959,0.7919,0.7919,0.7919,0.3959,1.1878,0.3959,0,1.1878,0,0,0.0001,0.0001,0,0,0,0,0,0,0,0,0,0,0,0,0,0,0,0,0,0.3027,0.3014,0.3027,0.3014,
0.3975,0.795,0.3975,1.1925,0,0.3975,1.1925,0.3975,1.1925,1.59,1.59,0.3975,0.3975,1.1925,0.795,0.3975,0.795,0.3975,1.1925,1.59,0,0,0,0.0001,0,0,0.0001,0,0.0001,0.0001,0.0001,0,0,0.0001,0,0,0,0,0.0001,0.0001,0.2975,0.305,0.2975,0.305,
0.3641,0,0.7283,1.0924,0.3641,0.3641,0.7283,1.0924,0.3641,0.7283,1.0924,1.0924,1.4566,0.3641,1.8207,1.0924,0.7283,1.4566,0.3641,1.0924,0,0,0.0001,0.0001,0,0,0.0001,0.0001,0,0.0001,0.0001,0.0001,0.0001,0,0.0001,0.0001,0.0001,0.0001,0,0.0001,0.3406,0.2952,0.3406,0.2952,
4.8829,0,0.6976,0,0,0,0,0.6976,0.6976,0.6976,0,1.3951,1.3951,1.3951,0,0.6976,2.7902,0.6976,0,0.6976,0.0004,0,0.0001,0,0,0,0,0.0001,0.0001,0.0001,0,0.0001,0.0001,0.0001,0,0.0001,0.0002,0.0001,0,0.0001,0.1831,0.1193,0.1831,0.1193,
1.7648,1.7648,0.5883,0,0.5883,0.5883,1.1765,1.1765,0,0.5883,0,0.5883,1.1765,2.353,0.5883,2.353,0,1.7648,0.5883,0,0.0001,0.0001,0,0,0,0,0.0001,0.0001,0,0,0,0,0.0001,0.0001,0,0.0001,0,0.0001,0,0,0.2088,0.2029,0.2088,0.2029,
1.8161,0,0.6054,1.2107,1.2107,0.6054,0,3.0268,0,2.4214,1.2107,0,1.8161,0.6054,0,2.4214,1.2107,2.4214,0,1.2107,0.0001,0,0,0.0001,0.0001,0,0,0.0002,0,0.0001,0.0001,0,0.0001,0,0,0.0001,0.0001,0.0001,0,0.0001,0.1885,0.2061,0.1885,0.2061,
0.9194,1.3791,0.4597,0.9194,0.4597,0,1.3791,0,0,0,0.9194,0,0.4597,0.9194,1.3791,1.8388,0.9194,0.4597,0.9194,1.3791,0,0.0001,0,0,0,0,0.0001,0,0,0,0,0,0,0,0.0001,0.0001,0,0,0,0.0001,0.2586,0.2817,0.2586,0.2817,
0,0.7531,0,0,0,0.7531,0,1.5062,0,0,0,0.7531,0.7531,0,0.7531,0,0,1.5062,1.5062,0.7531,0,0.0001,0,0,0,0.0001,0,0.0001,0,0,0,0.0001,0.0001,0,0.0001,0,0,0.0001,0.0001,0.0001,0.123,0.1239,0.123,0.1239,
2.4398,0,0.9759,0.488,1.9519,0,0,0.9759,0.488,4.8796,0.488,0,2.4398,0.488,0.488,0.9759,0.9759,2.4398,0.488,0.488,0.0001,0,0.0001,0,0.0001,0,0,0.0001,0,0.0003,0,0,0.0001,0,0,0.0001,0.0001,0.0001,0,0,0.2642,0.2479,0.2642,0.2479,
0.3365,0,1.6824,0.3365,0,1.3459,1.0095,0,2.6919,0.3365,1.0095,2.3554,1.3459,0.673,1.0095,0.673,1.0095,0.3365,0,0,0,0,0.0001,0,0,0.0001,0.0001,0,0.0002,0,0.0001,0.0002,0.0001,0.0001,0.0001,0.0001,0.0001,0,0,0,0.3757,0.2879,0.3757,0.2879,
0,0.7643,0,0.7643,0.7643,0.7643,0,1.5286,0,0,0.7643,1.5286,0,0,0,0,0,0.7643,0.7643,0,0,0.0001,0,0.0001,0.0001,0.0001,0,0.0001,0,0,0.0001,0.0001,0,0,0,0,0,0.0001,0.0001,0,0.137,0.0987,0.137,0.0987,
0,1.2918,0,0,0,0.4306,0.4306,1.7224,3.0142,1.2918,0.4306,2.153,0,0.8612,1.7224,0.8612,0,1.2918,0,0.4306,0,0.0001,0,0,0,0,0,0.0001,0.0002,0.0001,0,0.0001,0,0,0.0001,0,0,0.0001,0,0,0.2727,0.2967,0.2727,0.2967,
0.6889,0,0,0,0.3445,1.7223,0.3445,0.3445,1.3778,0.6889,0.6889,0,0,0,5.1668,1.0334,1.7223,1.3778,0,0,0.0001,0,0,0,0,0.0002,0,0,0.0001,0.0001,0.0001,0,0,0,0.0005,0.0001,0.0002,0.0001,0,0,0.3652,0.2904,0.3652,0.2904,
0.8274,0.4137,1.6548,0,1.6548,0.8274,1.2411,0,0.8274,1.2411,0.4137,0.8274,0,0.4137,0.8274,0.4137,1.2411,0.4137,0.8274,0.4137,0.0001,0,0.0001,0,0.0001,0.0001,0.0001,0,0.0001,0.0001,0,0.0001,0,0,0.0001,0,0.0001,0,0.0001,0,0.3081,0.2781,0.3081,0.2781,
0,0,0.6969,0.6969,0.6969,0,0,1.3938,0,3.4846,0,0,0,0,0.6969,0,0,2.0908,0,0,0,0,0.0001,0.0001,0.0001,0,0,0.0002,0,0.0006,0,0,0,0,0.0001,0,0,0.0003,0,0,0.1532,0.1499,0.1532,0.1499,
0,1.1061,0.3687,0,0,0.7374,0.3687,1.4748,2.2122,0,0.3687,0.3687,0.7374,1.1061,2.5809,0.3687,0,1.8435,0,0,0,0.0001,0,0,0,0,0,0.0001,0.0001,0,0,0,0,0.0001,0.0002,0,0,0.0001,0,0,0.3036,0.3277,0.3036,0.3277,
1.0254,0.6836,0.3418,0,0.3418,1.3672,0.3418,1.0254,3.0763,0.3418,0.3418,0.3418,0.6836,0.6836,2.3927,1.3672,0,2.0509,0,0.6836,0.0001,0,0,0,0,0.0001,0,0.0001,0.0002,0,0,0,0,0,0.0001,0.0001,0,0.0001,0,0,0.3749,0.2832,0.3749,0.2832,
3.7986,0,0,0.4748,1.8993,0.4748,0.4748,1.8993,0,1.8993,1.4245,0.4748,1.4245,1.4245,1.4245,1.4245,0.4748,2.3741,0.4748,0.4748,0.0002,0,0,0,0.0001,0,0,0.0001,0,0.0001,0.0001,0,0.0001,0.0001,0.0001,0.0001,0,0.0001,0,0,0.2842,0.241,0.2842,0.241,
0.391,1.1729,0.391,0,0,0.7819,0.7819,0.7819,2.3457,0,1.1729,0,0.391,0.7819,2.3457,0.7819,0.391,1.9548,0,0,0,0.0001,0,0,0,0.0001,0.0001,0.0001,0.0002,0,0.0001,0,0,0.0001,0.0002,0.0001,0,0.0001,0,0,0.3117,0.2973,0.3117,0.2973,
0.6356,0,0,0,1.9069,0,0,0.6356,0.6356,0.6356,0.6356,1.2712,0.6356,1.2712,0.6356,0.6356,0.6356,0,1.2712,0,0.0001,0,0,0,0.0002,0,0,0.0001,0.0001,0.0001,0.0001,0.0001,0.0001,0.0001,0.0001,0.0001,0.0001,0,0.0001,0,0.1987,0.1657,0.1987,0.1657,
1.2866,0.4289,0.4289,0.8577,1.2866,0.8577,0,0.8577,1.2866,0.4289,1.2866,0.8577,0.4289,0.4289,0.4289,1.2866,0.4289,2.5732,0,1.7155,0.0001,0,0,0,0.0001,0,0,0,0.0001,0,0.0001,0,0,0,0,0.0001,0,0.0001,0,0.0001,0.2676,0.3035,0.2676,0.3035,
2.234,0,0.4468,1.3404,0,0.4468,0,0.4468,0,0.8936,1.3404,0.8936,2.234,0.8936,1.7872,0,0.8936,0.4468,0,1.7872,0.0002,0,0,0.0001,0,0,0,0,0,0.0001,0.0001,0.0001,0.0002,0.0001,0.0001,0,0.0001,0,0,0.0001,0.2897,0.2635,0.2897,0.2635,
1.0664,0.7109,1.4219,1.7773,0.7109,1.4219,0.3555,0.3555,0.3555,1.7773,0,0.7109,2.4883,0.7109,0.7109,0.3555,0,1.0664,0,1.4219,0.0001,0,0.0001,0.0001,0,0.0001,0,0,0,0.0001,0,0,0.0001,0,0,0,0,0.0001,0,0.0001,0.2999,0.3446,0.2999,0.3446,
0.9314,0.9314,0,0.4657,0.4657,0.9314,3.2598,0.4657,0.4657,1.397,0.9314,0.4657,0.9314,0,0,0.9314,1.8627,1.397,0.4657,0.9314,0.0001,0.0001,0,0,0,0.0001,0.0002,0,0,0.0001,0.0001,0,0.0001,0,0,0.0001,0.0001,0.0001,0,0.0001,0.2988,0.2356,0.2988,0.2356,
0,1.1999,0,0.4,0,0.7999,0.7999,1.1999,1.1999,0,0.7999,0.7999,0.7999,0.7999,2.7997,0.7999,0,2.3998,0,0,0,0.0001,0,0,0,0.0001,0.0001,0.0001,0.0001,0,0.0001,0.0001,0.0001,0.0001,0.0002,0.0001,0,0.0002,0,0,0.3003,0.2997,0.3003,0.2997,
0.5948,0,0,1.7845,1.1896,1.1896,0,0.5948,1.1896,1.1896,0.5948,0.5948,0,0.5948,0,0,0.5948,0,0,0,0.0001,0,0,0.0002,0.0001,0.0001,0,0.0001,0.0001,0.0001,0.0001,0.0001,0,0.0001,0,0,0.0001,0,0,0,0.175,0.2302,0.175,0.2302,
3.2193,0,0,1.2877,1.2877,0.6439,0,3.2193,0.6439,4.507,1.2877,0,1.9316,0,0,1.2877,1.2877,1.2877,0,1.2877,0.0002,0,0,0.0001,0.0001,0,0,0.0002,0,0.0003,0.0001,0,0.0001,0,0,0.0001,0.0001,0.0001,0,0.0001,0.1546,0.2016,0.1546,0.2016,
2.6061,0,0.5212,1.0424,0.5212,2.0849,0,0,0.5212,1.5637,0.5212,1.5637,0,1.0424,0.5212,1.0424,0.5212,0,0.5212,0,0.0002,0,0,0.0001,0,0.0002,0,0,0,0.0001,0,0.0001,0,0.0001,0,0.0001,0,0,0,0,0.2287,0.2501,0.2287,0.2501,
0,0,0,0,0,0.8309,0.8309,0,0.8309,2.4927,0,0,1.6618,0,0,0.8309,1.6618,0.8309,0,0,0,0,0,0,0,0.0001,0.0001,0,0.0001,0.0004,0,0,0.0003,0,0,0.0001,0.0003,0.0001,0,0,0.0809,0.0882,0.0809,0.0882,
0.3923,0.3923,0.3923,1.1768,0.3923,0.3923,0.3923,0.3923,2.3537,1.9614,0.7846,1.5691,0.3923,0.7846,0.3923,1.9614,0.7846,1.1768,0.3923,0.7846,0,0,0,0.0001,0,0,0,0,0.0001,0.0001,0,0.0001,0,0,0,0.0001,0,0.0001,0,0,0.2989,0.3088,0.2989,0.3088,
4.1012,0,0.5126,0.5126,1.5379,1.5379,0,1.5379,1.0253,1.5379,0.5126,0,0,1.0253,0.5126,3.0759,1.5379,3.0759,0,0,0.0002,0,0,0,0.0001,0.0001,0,0.0001,0.0001,0.0001,0,0,0,0.0001,0,0.0002,0.0001,0.0002,0,0,0.2169,0.2704,0.2169,0.2704,
0.7246,0.7246,0.7246,2.1737,0.3623,0.7246,1.0869,0.7246,1.4492,0.7246,0.7246,1.0869,1.0869,1.0869,1.4492,1.0869,0.7246,0.7246,0.7246,0,0,0,0,0.0001,0,0,0.0001,0,0.0001,0,0,0.0001,0.0001,0.0001,0.0001,0.0001,0,0,0,0,0.2895,0.3482,0.2895,0.3482,
1.1817,3.545,0,0.5908,0,1.1817,0,1.7725,1.7725,0.5908,0,0.5908,1.1817,0,0,1.7725,1.1817,1.1817,0.5908,0.5908,0,0.0001,0,0,0,0,0,0.0001,0.0001,0,0,0,0,0,0,0.0001,0,0,0,0,0.248,0.1611,0.248,0.1611,
0.8412,0,2.5237,0.4206,1.2618,0.8412,0.8412,0.8412,1.2618,0.4206,1.2618,0.8412,1.6825,1.6825,0,0.4206,0,0.8412,0,0,0.0001,0,0.0002,0,0.0001,0.0001,0.0001,0.0001,0.0001,0,0.0001,0.0001,0.0001,0.0001,0,0,0,0.0001,0,0,0.3021,0.2773,0.3021,0.2773,
0,0.7503,0.7503,0.7503,1.1255,2.251,0.7503,0,0,0.7503,1.8758,1.8758,1.1255,1.5007,1.5007,0,0.3752,0.3752,0.3752,1.1255,0,0,0,0,0.0001,0.0001,0,0,0,0,0.0001,0.0001,0.0001,0.0001,0.0001,0,0,0,0,0.0001,0.3293,0.2955,0.3293,0.2955,
2.058,0,0,0,0.343,1.372,0.343,0,1.715,1.372,0.343,0,0.343,0.343,4.116,0.686,1.029,0.686,0,0.343,0.0002,0,0,0,0,0.0001,0,0,0.0001,0.0001,0,0,0,0,0.0004,0.0001,0.0001,0.0001,0,0,0.3114,0.3456,0.3114,0.3456,
0.7981,0,0,0,1.5962,3.9906,0,0,0,0.7981,0,0,0.7981,0,0.7981,0.7981,0.7981,0.7981,0,0,0.0001,0,0,0,0.0002,0.0006,0,0,0,0.0001,0,0,0.0001,0,0.0001,0.0001,0.0001,0.0001,0,0,0.1187,0.0832,0.1187,0.0832,
0.7785,0,0,0,0.3892,3.1139,0,0,2.3354,0.7785,0,0,1.1677,1.1677,2.3354,0.7785,0.3892,0.3892,0.3892,0.3892,0.0001,0,0,0,0,0.0003,0,0,0.0002,0.0001,0,0,0.0001,0.0001,0.0002,0.0001,0,0,0,0,0.299,0.3118,0.299,0.3118,
0.8209,0,0,0.8209,0,0,0,3.2838,0.8209,0.8209,0.8209,0.8209,0,0.8209,0,1.6419,2.4628,0,0,0,0.0001,0,0,0.0001,0,0,0,0.0005,0.0001,0.0001,0.0001,0.0001,0,0.0001,0,0.0002,0.0004,0,0,0,0.1104,0.0687,0.1104,0.0687,
0,1,0.5,1.5,0,1,2,0,0,1,0,1.5,0.5,0.5,0.5,0.5,0.5,0.5,0,1,0,0.0001,0,0.0001,0,0.0001,0.0002,0,0,0.0001,0,0.0001,0,0,0,0,0,0,0,0.0001,0.302,0.198,0.302,0.198,
0,0.7106,0.7106,1.4212,0,0,0.7106,0.7106,0,1.4212,0,0.7106,1.4212,0.7106,0,0,0,0,0,0.7106,0,0.0001,0.0001,0.0001,0,0,0.0001,0.0001,0,0.0001,0,0.0001,0.0001,0.0001,0,0,0,0,0,0.0001,0.118,0.1714,0.118,0.1714,
1.2831,0.8554,0,0.4277,0.8554,0,0.4277,0.8554,1.2831,0,0.4277,2.994,1.7109,0.8554,0.8554,1.2831,1.2831,1.2831,0.4277,3.8494,0.0001,0,0,0,0,0,0,0,0.0001,0,0,0.0001,0.0001,0,0,0.0001,0.0001,0.0001,0,0.0002,0.3435,0.2288,0.3435,0.2288,
0,0.4646,0,1.8585,0.9293,1.3939,0.9293,0.9293,0,0.9293,0.4646,0.9293,0.9293,0.4646,0.9293,0.4646,1.8585,0.9293,0.4646,0.4646,0,0,0,0.0001,0.0001,0.0001,0.0001,0.0001,0,0.0001,0,0.0001,0.0001,0,0.0001,0,0.0001,0.0001,0,0,0.2945,0.2409,0.2945,0.2409,
0.9503,1.4254,1.9006,0.4751,0.4751,0.4751,0.9503,0.9503,0.9503,0.4751,0.4751,0,0.9503,1.4254,0.4751,1.4254,0,0.4751,0.9503,0.4751,0,0.0001,0.0001,0,0,0,0,0,0,0,0,0,0,0.0001,0,0.0001,0,0,0,0,0.2536,0.2713,0.2536,0.2713,
2.1534,0,0.5383,0.5383,2.1534,1.0767,0,2.6917,1.0767,2.1534,0.5383,0,1.0767,0,0.5383,1.0767,0.5383,0,0,0.5383,0.0001,0,0,0,0.0001,0.0001,0,0.0002,0.0001,0.0001,0,0,0.0001,0,0,0.0001,0,0,0,0,0.2404,0.2212,0.2404,0.2212,
0,0,0.9899,0.4949,2.9696,1.4848,0,0.9899,0.4949,2.4747,0.4949,0.9899,0.9899,0.4949,0.9899,0.9899,1.4848,1.9798,0,0.4949,0,0,0.0001,0,0.0002,0.0001,0,0.0001,0,0.0002,0,0.0001,0.0001,0,0.0001,0.0001,0.0001,0.0001,0,0,0.2567,0.2484,0.2567,0.2484,
0.5221,0,0.5221,1.0441,0,1.5662,0,1.0441,1.0441,1.5662,1.0441,1.5662,0.5221,0.5221,0,0.5221,1.5662,1.0441,0,1.0441,0,0,0,0.0001,0,0.0001,0,0.0001,0.0001,0.0001,0.0001,0.0001,0,0,0,0,0.0001,0.0001,0,0.0001,0.2583,0.2197,0.2583,0.2197,
1.2963,0,0.6482,0,0,1.2963,0,0.6482,0.6482,0,0,0,0,0.6482,2.5926,0,0,0.6482,0.6482,0,0.0002,0,0.0001,0,0,0.0002,0,0.0001,0.0001,0,0,0,0,0.0001,0.0003,0,0,0.0001,0.0001,0,0.1668,0.1851,0.1668,0.1851,
2.1648,1.0824,0,0.5412,0.5412,1.0824,1.0824,1.6236,0,1.0824,1.6236,1.0824,0.5412,2.1648,0.5412,1.0824,0,3.2472,0.5412,0,0.0001,0.0001,0,0,0,0.0001,0.0001,0.0001,0,0.0001,0.0001,0.0001,0,0.0001,0,0.0001,0,0.0002,0,0,0.2041,0.2547,0.2041,0.2547,
1.6586,0.4146,0.8293,2.9025,0,0.4146,1.2439,0.4146,0.4146,0.4146,0.8293,0.4146,1.2439,1.6586,0.8293,0.4146,0.8293,0,0,1.2439,0.0001,0,0.0001,0.0002,0,0,0.0001,0,0,0,0.0001,0,0.0001,0.0001,0.0001,0,0.0001,0,0,0.0001,0.3303,0.255,0.3303,0.255,
0.7471,1.4941,0.7471,0.7471,0.7471,0,0.3735,0.7471,1.1206,0.7471,0.3735,1.4941,0.3735,0.7471,1.1206,1.1206,0.3735,0.3735,0.3735,0,0,0.0001,0,0,0,0,0,0,0.0001,0,0,0.0001,0,0,0.0001,0.0001,0,0,0,0,0.3464,0.2801,0.3464,0.2801,
0,0.6583,0.6583,0,0,1.3165,0,0.6583,0.6583,0.6583,0,1.3165,0,0.6583,0,1.3165,0.6583,1.3165,0,1.3165,0,0,0,0,0,0.0001,0,0,0,0,0,0.0001,0,0,0,0.0001,0,0.0001,0,0.0001,0.1706,0.1712,0.1706,0.1712,
1.4597,0,0,0.4866,2.4329,0.9732,0.4866,2.4329,0,1.4597,0.9732,0,0.9732,0.9732,1.4597,0.9732,1.9463,0.9732,0.4866,0.4866,0.0001,0,0,0,0.0002,0.0001,0,0.0002,0,0.0001,0.0001,0,0.0001,0.0001,0.0001,0.0001,0.0001,0.0001,0,0,0.2445,0.2689,0.2445,0.2689,
2.3211,0,0,0,0.5803,4.6423,0,2.9014,0,2.3211,0.5803,0,0.5803,0,0.5803,2.3211,1.7409,2.3211,0.5803,1.1606,0.0001,0,0,0,0,0.0002,0,0.0002,0,0.0001,0,0,0,0,0,0.0001,0.0001,0.0001,0,0.0001,0.2002,0.2195,0.2002,0.2195,
2.9406,1.2603,0,0.8402,0.8402,0.4201,0.4201,0,0.4201,0.8402,1.6804,1.2603,0,0.4201,1.6804,1.2603,0,0.8402,0.4201,1.2603,0.0001,0.0001,0,0,0,0,0,0,0,0,0.0001,0.0001,0,0,0.0001,0.0001,0,0,0,0.0001,0.2854,0.2945,0.2854,0.2945,
0.9876,0,1.9753,0.4938,0.4938,0.4938,0.4938,0.9876,0.4938,0.9876,0,0,2.4691,0,1.4815,1.4815,0,0,0,0.4938,0.0001,0,0.0002,0,0,0,0,0.0001,0,0.0001,0,0,0.0002,0,0.0001,0.0001,0,0,0,0,0.2246,0.2816,0.2246,0.2816,
1.231,3.6929,0.6155,0.6155,0.6155,1.8465,0,0,0.6155,1.8465,0,0.6155,0.6155,0,0,1.231,2.4619,1.231,0,0.6155,0,0.0001,0,0,0,0.0001,0,0,0,0.0001,0,0,0,0,0,0,0.0001,0,0,0,0.1932,0.1913,0.1932,0.1913,
0,1.7835,0.5945,0,0.5945,1.7835,0,0.5945,1.189,1.189,1.7835,0.5945,1.189,0,0.5945,1.189,0,1.189,0.5945,0.5945,0,0.0001,0,0,0,0.0001,0,0,0.0001,0.0001,0.0001,0,0.0001,0,0,0.0001,0,0.0001,0,0,0.2425,0.163,0.2425,0.163,
1.2427,1.2427,1.2427,1.2427,2.0711,0.8284,0,0.8284,1.2427,1.2427,0,0.4142,1.2427,0.8284,0.8284,0.4142,2.8995,0.8284,0.4142,0.4142,0.0001,0.0001,0.0001,0.0001,0.0001,0,0,0,0.0001,0.0001,0,0,0.0001,0,0,0,0.0001,0,0,0,0.299,0.2868,0.299,0.2868,
1.1408,1.521,0.7605,0.7605,0,1.9013,0.3803,0.7605,1.9013,1.521,1.1408,0.3803,0.3803,2.2816,1.1408,0.3803,0,0,0,0.3803,0.0001,0.0001,0,0,0,0.0001,0,0,0.0001,0.0001,0.0001,0,0,0.0001,0.0001,0,0,0,0,0,0.2969,0.3229,0.2969,0.3229,
0.7241,1.0861,0.362,1.0861,0.7241,0.7241,0.7241,1.0861,0.7241,0.7241,1.4481,0.7241,1.0861,1.0861,1.4481,1.4481,0.7241,1.0861,0,0.7241,0,0.0001,0,0.0001,0,0,0,0.0001,0,0,0.0001,0,0.0001,0.0001,0.0001,0.0001,0,0.0001,0,0,0.3176,0.3203,0.3176,0.3203,
0.6265,1.8795,0,0,0,0,0.3133,0,0.3133,0.3133,0.6265,0,0,1.5663,7.2048,1.8795,0.3133,0,0,0.6265,0,0.0001,0,0,0,0,0,0,0,0,0,0,0,0.0001,0.0005,0.0001,0,0,0,0,0.3679,0.3189,0.3679,0.3189,
1.8339,0,0,0.4585,1.8339,0.4585,0.4585,2.7508,0.4585,0.9169,0.9169,0,0.9169,0.9169,1.3754,1.3754,2.7508,1.8339,0.4585,0.4585,0.0001,0,0,0,0.0001,0,0,0.0002,0,0.0001,0.0001,0,0.0001,0.0001,0.0001,0.0001,0.0002,0.0001,0,0,0.2458,0.2957,0.2458,0.2957,
0.5115,0.5115,1.5345,0,1.5345,0,0.5115,1.5345,0.5115,2.046,1.5345,1.023,0.5115,1.5345,1.5345,1.023,1.023,2.046,0.5115,2.046,0,0,0.0001,0,0.0001,0,0,0.0001,0,0.0001,0.0001,0.0001,0,0.0001,0.0001,0.0001,0.0001,0.0001,0,0.0001,0.2463,0.2422,0.2463,0.2422,
0.3906,1.1717,0,0.3906,0,0.7811,0.3906,2.3434,1.9528,0.3906,0.3906,0.3906,0.3906,0.7811,3.1245,0.7811,0,0.7811,0,0,0,0.0001,0,0,0,0.0001,0,0.0002,0.0001,0,0,0,0,0.0001,0.0002,0.0001,0,0.0001,0,0,0.3149,0.2946,0.3149,0.2946,
1.0761,1.0761,0.7174,2.1523,0.3587,0.3587,1.0761,0.3587,0.7174,0.7174,1.0761,2.511,1.0761,0.7174,0.3587,0.7174,0,0,1.0761,0.7174,0.0001,0.0001,0,0.0001,0,0,0.0001,0,0,0,0.0001,0.0001,0.0001,0,0,0,0,0,0.0001,0,0.3273,0.314,0.3273,0.314,
1.4785,0.9857,0.9857,0,0.9857,0.9857,0,0.9857,0.9857,0.4928,0.9857,0.9857,0,0.4928,0.4928,0.9857,0,0.4928,1.4785,1.9714,0.0001,0,0,0,0,0,0,0,0,0,0,0,0,0,0,0,0,0,0.0001,0.0001,0.2977,0.2095,0.2977,0.2095,
1.722,1.2915,2.1526,0,2.5831,0,0,0.861,0.861,0.861,1.2915,0.4305,1.722,0.4305,0,0,1.2915,0.4305,1.722,1.2915,0.0001,0.0001,0.0001,0,0.0001,0,0,0,0,0,0.0001,0,0.0001,0,0,0,0.0001,0,0.0001,0.0001,0.3168,0.2527,0.3168,0.2527,
1.2888,1.7184,0.8592,0.8592,0.4296,1.7184,1.2888,1.2888,0.8592,0.4296,1.7184,0.4296,0.8592,0,0.4296,0.4296,0,0.4296,0.8592,0.8592,0.0001,0.0001,0,0,0,0.0001,0.0001,0.0001,0,0,0.0001,0,0,0,0,0,0,0,0,0,0.2915,0.279,0.2915,0.279,
1.0733,0,0,0.5367,2.1467,0.5367,0,0,0.5367,3.7566,1.0733,2.1467,1.61,0.5367,0.5367,2.1467,0.5367,1.61,0.5367,1.0733,0.0001,0,0,0,0.0001,0,0,0,0,0.0002,0.0001,0.0001,0.0001,0,0,0.0001,0,0.0001,0,0.0001,0.2248,0.2385,0.2248,0.2385,
0.7764,0.7764,1.5528,0.7764,0.7764,0,0.7764,0,1.5528,0,0,0,0,0.7764,0.7764,0.7764,0,0,0,0,0.0001,0.0001,0.0002,0.0001,0.0001,0,0.0001,0,0.0002,0,0,0,0,0.0001,0.0001,0.0001,0,0,0,0,0.0983,0.1253,0.0983,0.1253,
0,1.4145,0,1.4145,0.943,1.4145,0,1.4145,0.4715,0.4715,0.943,0,0.943,1.4145,0.943,2.829,0.4715,0.943,0.943,0,0,0.0001,0,0.0001,0,0.0001,0,0.0001,0,0,0,0,0,0.0001,0,0.0001,0,0,0,0,0.2695,0.259,0.2695,0.259,
0,0,0.6743,0.6743,0.6743,0.6743,0.6743,0.6743,0.6743,0,0,0,0.6743,0,0,0.6743,0,0,0,0.6743,0,0,0.0001,0.0001,0.0001,0.0001,0.0001,0.0001,0.0001,0,0,0,0.0001,0,0,0.0001,0,0,0,0.0001,0.1793,0.1464,0.1793,0.1464,
2.0499,0,0,0,2.0499,1.5374,1.0249,2.0499,0,1.5374,1.0249,1.5374,1.5374,1.0249,1.0249,0.5125,2.5623,2.5623,0.5125,0.5125,0.0001,0,0,0,0.0001,0.0001,0.0001,0.0001,0,0.0001,0.0001,0.0001,0.0001,0.0001,0.0001,0,0.0002,0.0002,0,0,0.2331,0.2544,0.2331,0.2544,
1.6244,0.8122,0.8122,1.2183,1.2183,0.4061,0.8122,0.4061,0,0.8122,0.8122,0.8122,0.4061,0.4061,0.4061,1.2183,0.8122,0.4061,1.2183,1.2183,0.0001,0,0,0.0001,0.0001,0,0,0,0,0,0,0,0,0,0,0.0001,0,0,0.0001,0.0001,0.3055,0.2884,0.3055,0.2884,
1.2258,0.8172,0.4086,0.4086,0.8172,1.6343,2.4515,2.8601,0.8172,0.4086,0.8172,0.8172,0,1.6343,0,1.6343,0.8172,1.6343,0,1.2258,0.0001,0,0,0,0,0.0001,0.0001,0.0001,0,0,0,0,0,0.0001,0,0.0001,0,0.0001,0,0.0001,0.2972,0.2943,0.2972,0.2943,
0.8244,0,0.8244,0.8244,0,0,0,0.8244,0.8244,0.8244,0,0,1.6488,0,0,0,0,1.6488,0,0,0.0002,0,0.0002,0.0002,0,0,0,0.0002,0.0002,0.0002,0,0,0.0004,0,0,0,0,0.0004,0,0,0.1316,0.044,0.1316,0.044,
0.4377,0,0.4377,0.4377,0.8754,0.4377,0.4377,0.4377,1.7508,1.7508,0.4377,0.8754,1.7508,0.4377,0.4377,0.8754,0.4377,1.3131,0.8754,0.8754,0,0,0,0,0.0001,0,0,0,0.0001,0.0001,0,0.0001,0.0001,0,0,0.0001,0,0.0001,0.0001,0.0001,0.2828,0.2795,0.2828,0.2795,
2.2554,0,0.9021,1.3532,0.9021,1.3532,0.9021,1.3532,1.8043,1.3532,0,0,1.8043,0.4511,0,0.9021,0.9021,0.4511,0,0,0.0002,0,0.0001,0.0001,0.0001,0.0001,0.0001,0.0001,0.0001,0.0001,0,0,0.0001,0,0,0.0001,0.0001,0,0,0,0.2634,0.2856,0.2634,0.2856,
0.4039,1.2117,0,0.4039,0,0.4039,0.4039,2.4234,1.6156,0.4039,0.8078,0.4039,0.4039,0.8078,4.039,0.8078,0,0.4039,0,0,0,0.0001,0,0,0,0,0,0.0002,0.0001,0,0.0001,0,0,0.0001,0.0003,0.0001,0,0,0,0,0.295,0.3011,0.295,0.3011,
1.4277,1.4277,2.1416,0.7139,1.7846,0.7139,1.0708,1.0708,0.7139,0,1.0708,0.3569,0.3569,0.7139,0.3569,0.3569,0.7139,1.4277,0.7139,0.3569,0.0001,0.0001,0.0001,0,0.0001,0,0,0,0,0,0,0,0,0,0,0,0,0.0001,0,0,0.3403,0.3027,0.3403,0.3027,
0.344,0.344,1.0319,1.7198,1.0319,0.6879,0.344,1.3758,0.344,1.0319,0.344,0.344,0.344,1.3758,1.0319,0.344,0.6879,1.3758,0.344,0.6879,0,0,0.0001,0.0001,0.0001,0,0,0.0001,0,0.0001,0,0,0,0.0001,0.0001,0,0,0.0001,0,0,0.3186,0.3375,0.3186,0.3375,
0,1.3783,0,1.3783,0.6891,0,0.6891,0,0,0,1.3783,0,0.6891,0.6891,0.6891,0,0.6891,1.3783,0.6891,0,0,0.0001,0,0.0001,0.0001,0,0.0001,0,0,0,0.0001,0,0.0001,0.0001,0.0001,0,0.0001,0.0001,0.0001,0,0.169,0.1418,0.169,0.1418,
1.6649,0.4162,0.8324,1.2487,1.6649,0.4162,0,0.4162,0.8324,0.4162,0,0.4162,1.6649,0.4162,2.4973,0.8324,0.8324,0.4162,0.4162,0,0.0001,0,0.0001,0.0001,0.0001,0,0,0,0.0001,0,0,0,0.0001,0,0.0002,0.0001,0.0001,0,0,0,0.2967,0.287,0.2967,0.287,
0.4061,1.2184,0,0.4061,0.4061,0.4061,0.8122,1.6245,2.0306,0.4061,0.8122,0.4061,0.4061,0.8122,3.249,0.4061,0,1.2184,0,0,0,0.0001,0,0,0,0,0.0001,0.0001,0.0001,0,0.0001,0,0,0.0001,0.0002,0,0,0.0001,0,0,0.2952,0.2987,0.2952,0.2987,
1.069,1.4254,0,1.069,0.3563,1.069,0.7127,0,2.4944,1.7817,0.3563,0.7127,0,0,1.7817,1.069,1.7817,1.4254,0,0.3563,0.0001,0.0001,0,0.0001,0,0.0001,0,0,0.0001,0.0001,0,0,0,0,0.0001,0.0001,0.0001,0.0001,0,0,0.3055,0.3381,0.3055,0.3381,
1.938,0.3876,1.1628,0.3876,1.5504,0.7752,0.7752,0.7752,1.5504,0.7752,0,0.3876,1.5504,0.7752,0,1.5504,0.7752,0.3876,1.1628,0.3876,0.0001,0,0.0001,0,0.0001,0,0,0,0.0001,0,0,0,0.0001,0,0,0.0001,0,0,0.0001,0,0.292,0.3204,0.292,0.3204,
0,1.1524,1.1524,0.5762,1.1524,0.5762,1.7286,0,1.1524,0,1.1524,0.5762,0.5762,1.1524,0,0,0,0,0,0.5762,0,0.0001,0.0001,0,0.0001,0,0.0001,0,0.0001,0,0.0001,0,0,0.0001,0,0,0,0,0,0,0.1938,0.23,0.1938,0.23,
1.1083,0.3694,1.4777,0.7389,1.1083,0.7389,0,0.7389,1.4777,1.1083,0.3694,1.1083,1.1083,0.7389,0.7389,0.3694,0.7389,1.1083,0,0.7389,0.0001,0,0.0001,0,0.0001,0,0,0,0.0001,0.0001,0,0.0001,0.0001,0,0,0,0,0.0001,0,0,0.3274,0.3032,0.3274,0.3032,
0.8902,0,0.4451,0.4451,0.4451,0.4451,1.3353,0.8902,0.4451,0.4451,0,0.4451,1.3353,0.4451,1.3353,1.7804,2.2255,0.4451,0.8902,0.8902,0.0001,0,0,0,0,0,0.0001,0.0001,0,0,0,0,0.0001,0,0.0001,0.0001,0.0002,0,0.0001,0.0001,0.3016,0.2532,0.3016,0.2532,
1.0809,1.0809,2.1619,0.3603,0,1.4412,0.3603,0.7206,0.7206,1.4412,0.3603,1.0809,0.7206,1.4412,0.3603,1.0809,1.0809,0,1.0809,1.4412,0,0,0.0001,0,0,0.0001,0,0,0,0.0001,0,0,0,0.0001,0,0,0,0,0,0.0001,0.3262,0.3135,0.3262,0.3135,
0.7989,1.1983,0.7989,1.1983,1.5977,0.7989,0.7989,1.1983,0.7989,0.3994,3.5948,0,1.1983,0.3994,0.3994,0.3994,0.3994,1.1983,0.7989,1.9971,0,0.0001,0,0.0001,0.0001,0,0,0.0001,0,0,0.0002,0,0.0001,0,0,0,0,0.0001,0,0.0001,0.3098,0.2907,0.3098,0.2907,
0.9859,0,0.9859,1.4788,0.4929,1.4788,0,0.4929,0.9859,0.9859,0,1.9717,0,0.4929,0,0.4929,0.4929,0.9859,0.4929,0,0.0001,0,0.0001,0.0001,0,0.0001,0,0,0.0001,0.0001,0,0.0001,0,0,0,0,0,0.0001,0,0,0.2555,0.2515,0.2555,0.2515,
2.0919,1.6735,1.6735,0,0.4184,0.8368,0.8368,0,0.8368,0.4184,1.6735,0.4184,0,0.8368,0.8368,1.6735,0.4184,0,0.8368,0.4184,0.0001,0.0001,0.0001,0,0,0,0,0,0,0,0.0001,0,0,0,0,0.0001,0,0,0,0,0.2637,0.3179,0.2637,0.3179,
0.8075,1.2112,1.615,1.2112,0.4037,0.8075,1.615,0.8075,0.8075,0.4037,1.2112,1.615,0.4037,0.8075,1.2112,0,0.4037,0.4037,0.8075,0.8075,0,0.0001,0.0001,0.0001,0,0,0.0001,0,0,0,0.0001,0.0001,0,0,0.0001,0,0,0,0,0,0.2889,0.3074,0.2889,0.3074,
1.4622,0.4874,0,0,0.9748,1.9496,0,3.4119,0.4874,2.9244,0.9748,0,0.4874,1.4622,1.9496,0.9748,0.9748,1.4622,0.4874,0.4874,0.0001,0,0,0,0.0001,0.0001,0,0.0002,0,0.0002,0.0001,0,0,0.0001,0.0001,0.0001,0.0001,0.0001,0,0,0.2526,0.26,0.2526,0.26,
0.3357,0.3357,1.6786,1.0072,1.0072,0.6714,1.0072,0.3357,1.0072,0.6714,1.3429,0.3357,0.6714,1.3429,0.6714,0.6714,0.3357,0.6714,1.0072,1.6786,0,0,0.0001,0.0001,0.0001,0,0.0001,0,0.0001,0,0.0001,0,0,0.0001,0,0,0,0,0.0001,0.0001,0.3176,0.3467,0.3176,0.3467,
0.7706,0,0,0,0.7706,0,0,3.0822,0,3.8528,1.5411,0,0,0,0.7706,1.5411,0,1.5411,0,0.7706,0.0001,0,0,0,0.0001,0,0,0.0004,0,0.0005,0.0002,0,0,0,0.0001,0.0002,0,0.0002,0,0.0001,0.122,0.1075,0.122,0.1075,
1.5678,0,1.5678,1.5678,0.3919,1.5678,0,0.3919,1.1758,2.3516,0,0.7839,1.9597,0,0.7839,0,0,0.7839,0,0.7839,0.0001,0,0.0001,0.0001,0,0.0001,0,0,0.0001,0.0002,0,0.0001,0.0001,0,0.0001,0,0,0.0001,0,0.0001,0.3391,0.269,0.3391,0.269,
2.2253,0,0.7418,0,0.7418,0,0,0,0,0,0,0.7418,0,0.7418,0,2.2253,1.4835,1.4835,0.7418,0.7418,0.0002,0,0.0001,0,0.0001,0,0,0,0,0,0,0.0001,0,0.0001,0,0.0002,0.0001,0.0001,0.0001,0.0001,0.1189,0.1394,0.1189,0.1394,
0.3759,1.1278,1.5037,0,1.1278,0.7518,0.7518,0.7518,1.1278,0.3759,1.1278,0.7518,1.5037,1.5037,0.7518,1.8796,1.1278,1.1278,0,0.7518,0,0.0001,0.0001,0,0.0001,0,0,0,0.0001,0,0.0001,0,0.0001,0.0001,0,0.0001,0.0001,0.0001,0,0,0.3422,0.2819,0.3422,0.2819,
1.5873,1.5873,0.9524,0.3175,0,0.6349,0.3175,0,1.2698,0.6349,0.3175,0.9524,0.6349,0,1.9048,1.5873,0.9524,0.6349,1.2698,0,0.0001,0.0001,0,0,0,0,0,0,0.0001,0,0,0,0,0,0.0001,0.0001,0,0,0.0001,0,0.3271,0.3554,0.3271,0.3554,
0.7292,3.2816,1.4585,0.3646,0,2.1877,0.3646,0.3646,0.7292,0.7292,0,0.7292,0.7292,1.4585,1.4585,1.0939,1.0939,0,0.7292,0.3646,0,0.0001,0.0001,0,0,0.0001,0,0,0,0,0,0,0,0.0001,0.0001,0,0,0,0,0,0.3219,0.3135,0.3219,0.3135,
1.5709,0.3927,0.7854,1.1782,1.5709,0.7854,1.1782,0.7854,0.7854,0.3927,0,0.3927,0,0.7854,0.3927,0,0.7854,0.7854,1.5709,0.7854,0.0001,0,0.0001,0.0001,0.0001,0.0001,0.0001,0.0001,0.0001,0,0,0,0,0.0001,0,0,0.0001,0.0001,0.0001,0.0001,0.3277,0.2796,0.3277,0.2796,
0.9816,0.4908,0,0,1.9632,0.4908,0.4908,0.4908,0.9816,0.4908,2.454,0.4908,0.4908,0.4908,0.9816,0.4908,0.4908,1.4724,0.4908,0,0.0001,0,0,0,0.0001,0,0,0,0.0001,0,0.0002,0,0,0,0.0001,0,0,0.0001,0,0,0.2796,0.2296,0.2796,0.2296,
1.6415,0,0.5472,0.5472,0,0,0,1.0944,1.6415,1.6415,1.0944,0,0,0,0.5472,2.1887,1.0944,0,0,0,0.0001,0,0,0,0,0,0,0.0001,0.0001,0.0001,0.0001,0,0,0,0,0.0002,0.0001,0,0,0,0.2753,0.1775,0.2753,0.1775,
0,0,0,0,0.7149,0.7149,0,0,1.4298,0,0,0,0,0.7149,0.7149,0.7149,0,1.4298,0,2.1447,0,0,0,0,0.0001,0.0001,0,0,0.0003,0,0,0,0,0.0001,0.0001,0.0001,0,0.0003,0,0.0004,0.1903,0.0948,0.1903,0.0948,
0.3945,0,0.7889,1.1834,1.5778,0.7889,0.3945,0,0.7889,0.7889,1.1834,0.7889,0.7889,0.7889,0,0.7889,1.1834,0,1.9723,0.7889,0,0,0,0.0001,0.0001,0,0,0,0,0,0.0001,0,0,0,0,0,0.0001,0,0.0001,0,0.3379,0.2677,0.3379,0.2677,
0,0,0.725,0,0.725,0.725,0,0.725,2.1749,0,0.725,0.725,0,0,0,0,0,0,0,0.725,0,0,0.0001,0,0.0001,0.0001,0,0.0001,0.0004,0,0.0001,0.0001,0,0,0,0,0,0,0,0.0001,0.141,0.1341,0.141,0.1341,
2.485,0,0,0,0.71,1.065,0.355,0,1.775,1.065,0.71,0.71,0.355,0.355,3.5501,0.71,0.71,1.065,0,0,0.0002,0,0,0,0.0001,0.0001,0,0,0.0002,0.0001,0.0001,0.0001,0,0,0.0003,0.0001,0.0001,0.0001,0,0,0.3544,0.2906,0.3544,0.2906,
0.372,1.1161,0.372,0,0,0.744,0.372,1.1161,2.6042,0,0.372,0.744,0.372,0.744,1.8601,1.1161,0,2.2321,0,0,0,0.0001,0,0,0,0,0,0.0001,0.0002,0,0,0,0,0,0.0001,0.0001,0,0.0001,0,0,0.326,0.302,0.326,0.302,
2.8625,0,0.8179,0.8179,1.2268,1.2268,2.0447,2.0447,0.8179,1.6357,0.8179,0.4089,0,0.8179,0.4089,1.6357,1.2268,1.2268,0.4089,0,0.0002,0,0,0,0.0001,0.0001,0.0001,0.0001,0,0.0001,0,0,0,0,0,0.0001,0.0001,0.0001,0,0,0.2931,0.298,0.2931,0.298,
1.4764,0.7382,0,0,0,0,0.7382,0.7382,0,0,0,0.7382,0,0,0.7382,0.7382,0,0,0.7382,1.4764,0.0002,0.0001,0,0,0,0,0.0001,0.0001,0,0,0,0.0001,0,0,0.0001,0.0001,0,0,0.0001,0.0002,0.1679,0.0939,0.1679,0.0939,
0.361,0.361,0.7221,0,1.4442,1.0831,1.0831,1.4442,1.8052,0.7221,1.8052,0.7221,1.0831,0.361,0.361,0.361,0.361,1.8052,0.7221,0,0,0,0,0,0.0001,0.0001,0.0001,0.0001,0.0001,0,0.0001,0,0.0001,0,0,0,0,0.0001,0,0,0.3381,0.3008,0.3381,0.3008,
2.2492,0,0,1.1246,0,6.7475,0,0,0,1.1246,0,0.5623,4.4983,0,1.1246,2.2492,0,0.5623,0,0,0.0002,0,0,0.0001,0,0.0006,0,0,0,0.0001,0,0.0001,0.0004,0,0.0001,0.0002,0,0.0001,0,0,0.2221,0.2156,0.2221,0.2156,
0.7329,0.7329,0.3664,0.3664,0.7329,0,1.0993,0.7329,1.4658,0.3664,0.7329,0,0.3664,1.0993,1.4658,1.0993,0.3664,0.7329,0,1.4658,0.0001,0.0001,0,0,0.0001,0,0.0001,0.0001,0.0001,0,0.0001,0,0,0.0001,0.0001,0.0001,0,0.0001,0,0.0001,0.2954,0.3382,0.2954,0.3382,
0.4347,1.3042,0.8694,0.4347,1.3042,2.1736,0,1.3042,0.8694,0.4347,0,1.3042,0.4347,1.3042,0.4347,0.8694,0.4347,0.8694,1.7389,0.4347,0,0.0001,0,0,0.0001,0.0001,0,0.0001,0,0,0,0.0001,0,0.0001,0,0,0,0,0.0001,0,0.2879,0.2774,0.2879,0.2774,
2.046,0,0,0,0.682,1.705,0.341,0.341,1.023,0.682,0.682,0.682,0.341,0.341,5.115,0.682,1.023,0.341,0,0,0.0002,0,0,0,0.0001,0.0001,0,0,0.0001,0.0001,0.0001,0.0001,0,0,0.0004,0.0001,0.0001,0,0,0,0.3703,0.2887,0.3703,0.2887,
0,1.0257,1.5385,1.0257,1.5385,0.5128,0.5128,2.0514,0.5128,1.5385,1.0257,1.0257,0,1.0257,0,1.5385,1.5385,2.0514,0,0.5128,0,0,0.0001,0,0.0001,0,0,0.0001,0,0.0001,0,0,0,0,0,0.0001,0.0001,0.0001,0,0,0.2829,0.2043,0.2829,0.2043,
1.2145,0,0,0,2.4291,1.2145,0,2.4291,0.6073,4.2509,0.6073,0,0.6073,0,0.6073,2.4291,1.8218,0,0,0.6073,0.0001,0,0,0,0.0002,0.0001,0,0.0002,0,0.0003,0,0,0,0,0,0.0002,0.0001,0,0,0,0.211,0.1817,0.211,0.1817,
1.6438,1.6438,2.0548,0,0,1.2329,0.8219,0.411,0,0.8219,1.2329,0,1.6438,2.0548,0.411,0.8219,0.411,0.411,1.6438,0.8219,0.0001,0.0001,0.0001,0,0,0.0001,0,0,0,0,0.0001,0,0.0001,0.0001,0,0,0,0,0.0001,0,0.3137,0.2754,0.3137,0.2754,
0.5794,0,0.5794,0,0,0,0,0.5794,1.7383,0,1.1589,0,1.1589,0,1.1589,2.3178,0.5794,0.5794,0,0.5794,0.0001,0,0.0001,0,0,0,0,0.0001,0.0002,0,0.0001,0,0.0001,0,0.0001,0.0002,0.0001,0.0001,0,0.0001,0.2321,0.1884,0.2321,0.1884,
1.4382,0,0.3596,0,0.7191,0.7191,0,1.4382,4.3147,1.4382,0.3596,0.3596,0.7191,0,0.7191,1.7978,1.0787,1.0787,0.3596,0.3596,0.0001,0,0,0,0,0,0,0.0001,0.0003,0.0001,0,0,0,0,0,0.0001,0.0001,0.0001,0,0,0.2828,0.3576,0.2828,0.3576,
1.7683,0.7073,0.7073,0.7073,0.7073,0.3537,2.122,0.3537,1.7683,0.3537,1.061,1.061,0.3537,0.3537,0.3537,0.3537,0,0,0.7073,1.061,0.0001,0,0,0,0,0,0.0001,0,0.0001,0,0.0001,0.0001,0,0,0,0,0,0,0,0.0001,0.3223,0.324,0.3223,0.324,
0,0.6579,0,0,1.9738,0,1.3159,0,0,1.3159,0,0.6579,1.3159,0,0,2.6318,1.3159,0.6579,0.6579,0.6579,0,0,0,0,0.0001,0,0.0001,0,0,0.0001,0,0,0.0001,0,0,0.0002,0.0001,0,0,0,0.1927,0.1494,0.1927,0.1494,
0,0,0,0,1.3953,0,0,0.9302,3.2557,0.4651,0.4651,0.9302,0,0,0.9302,0.9302,0.9302,0.9302,0.9302,0,0,0,0,0,0.0002,0,0,0.0001,0.0004,0.0001,0.0001,0.0001,0,0,0.0001,0.0001,0.0001,0.0001,0.0001,0,0.2164,0.3185,0.2164,0.3185,
1.0086,1.5128,0.5043,0.5043,1.0086,0.5043,1.0086,1.5128,0,1.5128,0,1.0086,2.5214,0.5043,1.0086,0,2.0171,0.5043,0,1.0086,0,0.0001,0,0,0,0,0,0.0001,0,0.0001,0,0,0.0001,0,0,0,0.0001,0,0,0,0.2744,0.2213,0.2744,0.2213,
1.5472,0.7736,1.1604,0.7736,0,0.3868,0.3868,0.7736,0.3868,1.1604,1.1604,1.1604,0,1.5472,0.7736,0.7736,0.3868,1.934,0.7736,1.1604,0.0001,0,0.0001,0,0,0,0,0,0,0.0001,0.0001,0.0001,0,0.0001,0,0,0,0.0001,0,0.0001,0.3386,0.2746,0.3386,0.2746,
1.4821,2.4702,0,0,0,0,0.494,0,0.9881,0.494,1.4821,0,0,0.494,1.4821,1.4821,0.9881,0.9881,0,1.4821,0.0001,0.0001,0,0,0,0,0,0,0,0,0.0001,0,0,0,0.0001,0.0001,0,0,0,0.0001,0.2391,0.2669,0.2391,0.2669,
0.7111,0.7111,0.7111,0,2.1332,0.7111,0,0.7111,0,0,0,0.7111,0,0.7111,0.7111,0.7111,0,0,0,0,0.0001,0.0001,0.0001,0,0.0002,0.0001,0,0.0001,0,0,0,0.0001,0,0.0001,0.0001,0.0001,0,0,0,0,0.1594,0.1295,0.1594,0.1295,
1.1583,0,0,0.5792,1.1583,0.5792,1.1583,2.3166,0,1.1583,0.5792,1.1583,0.5792,1.1583,0.5792,1.7375,2.3166,2.3166,0.5792,0.5792,0.0001,0,0,0,0.0001,0,0.0001,0.0002,0,0.0001,0,0.0001,0,0.0001,0,0.0001,0.0002,0.0002,0,0,0.2049,0.216,0.2049,0.216,
0.3641,0.3641,0.7282,0,0.7282,0.7282,0.3641,1.4564,1.4564,0,0.3641,0.7282,1.0923,0.3641,1.0923,0,0.7282,0.7282,1.4564,1.0923,0,0,0,0,0,0,0,0.0001,0.0001,0,0,0,0.0001,0,0.0001,0,0,0,0.0001,0.0001,0.3084,0.3275,0.3084,0.3275,
0,1.3408,1.3408,0,0.6704,1.3408,0,0,0.6704,0.6704,0.6704,0.6704,1.3408,0,0,1.3408,0,0.6704,0,0,0,0.0001,0.0001,0,0,0.0001,0,0,0,0,0,0,0.0001,0,0,0.0001,0,0,0,0,0.1625,0.1671,0.1625,0.1671,
1.3164,0,0,0,0.6582,0.9873,0.3291,0.6582,2.3037,0.9873,0.6582,0.9873,0.3291,0.3291,3.291,0.6582,1.6455,0.9873,0,0,0.0001,0,0,0,0.0001,0.0001,0,0.0001,0.0002,0.0001,0.0001,0.0001,0,0,0.0003,0.0001,0.0001,0.0001,0,0,0.3298,0.3411,0.3298,0.3411,
0.6801,0,1.3601,0,1.3601,0,0,1.3601,0,1.3601,0,0.6801,0,0.6801,0,1.3601,1.3601,0,0.6801,0.6801,0.0001,0,0.0001,0,0.0001,0,0,0.0001,0,0.0001,0,0.0001,0,0.0001,0,0.0001,0.0001,0,0.0001,0.0001,0.1722,0.1478,0.1722,0.1478,
0.3714,1.1142,0,0.3714,0,0.7428,0.3714,1.1142,2.5999,0,0.3714,0.7428,0.3714,0.7428,1.8571,0.3714,0,2.5999,0,0,0,0.0001,0,0,0,0,0,0.0001,0.0002,0,0,0,0,0,0.0001,0,0,0.0002,0,0,0.329,0.2996,0.329,0.2996,
1.1592,0.7728,0.3864,0.7728,0.3864,0.3864,0.7728,0.3864,0,1.1592,0.7728,0.3864,0.7728,0.3864,1.9321,0.7728,0.7728,0,0.7728,1.5456,0.0001,0,0,0,0,0,0,0,0,0.0001,0,0,0,0,0.0001,0,0,0,0,0.0001,0.3073,0.3063,0.3073,0.3063,
1.3581,1.8108,0.9054,0.9054,0.9054,0.9054,0.9054,1.8108,0.9054,0.9054,1.8108,0.9054,0,0.4527,0.9054,0.9054,0.4527,0,0.9054,0.4527,0.0001,0.0001,0,0,0,0,0,0.0001,0,0,0.0001,0,0,0,0,0,0,0,0,0,0.2607,0.2866,0.2607,0.2866,
0,0,0.7292,0.7292,0,0.7292,0.7292,0,1.4585,0.7292,0,0,0.7292,0.7292,0,0,0,0,0,0.7292,0,0,0.0002,0.0002,0,0.0002,0.0002,0,0.0003,0.0002,0,0,0.0002,0.0002,0,0,0,0,0,0.0002,0.1815,0.0892,0.1815,0.0892,
1.3602,0,1.8137,0,0.9068,0.9068,0.4534,1.8137,0,0.9068,1.3602,0.9068,0.4534,0.4534,0.4534,1.3602,0.4534,0.9068,1.8137,0.4534,0.0001,0,0.0001,0,0.0001,0.0001,0,0.0001,0,0.0001,0.0001,0.0001,0,0,0,0.0001,0,0.0001,0.0001,0,0.3237,0.2229,0.3237,0.2229,
1.0332,0.5166,1.0332,1.0332,0.5166,1.5498,0.5166,2.583,0,0.5166,1.0332,1.5498,1.0332,1.5498,0.5166,0,0,1.0332,1.0332,0.5166,0.0001,0,0.0001,0.0001,0,0.0001,0,0.0001,0,0,0.0001,0.0001,0.0001,0.0001,0,0,0,0.0001,0.0001,0,0.3057,0.1777,0.3057,0.1777,
1.0073,0,0,0,0.3358,1.3431,0.6716,0.3358,2.3505,0.3358,0.6716,0.6716,0.6716,0.3358,3.3578,0,1.3431,1.0073,0,0.3358,0.0001,0,0,0,0,0.0001,0.0001,0,0.0002,0,0.0001,0.0001,0.0001,0,0.0003,0,0.0001,0.0001,0,0,0.3649,0.2993,0.3649,0.2993,
3.1812,0,0,0,2.1208,1.0604,0.5302,2.1208,0,1.0604,1.0604,1.0604,2.1208,1.5906,1.0604,0.5302,2.1208,2.651,0.5302,0.5302,0.0002,0,0,0,0.0001,0.0001,0,0.0001,0,0.0001,0.0001,0.0001,0.0001,0.0001,0.0001,0,0.0001,0.0002,0,0,0.2191,0.2507,0.2191,0.2507,
0.8823,0.8823,0.8823,0.8823,2.2058,1.7647,0.4412,0.8823,0,0.8823,0.8823,1.3235,0.4412,0.8823,0,0.4412,1.3235,0,0.4412,1.3235,0,0,0,0,0.0001,0.0001,0,0,0,0,0,0.0001,0,0,0,0,0.0001,0,0,0.0001,0.2789,0.2799,0.2789,0.2799,
0.7622,0.3811,0.3811,0.7622,0.3811,0.7622,0.7622,0.7622,0.7622,0.3811,0.3811,1.1433,1.5244,1.5244,1.1433,0.7622,0.7622,1.1433,1.1433,0.7622,0,0,0,0,0,0,0,0,0,0,0,0.0001,0.0001,0.0001,0.0001,0,0,0.0001,0.0001,0,0.3069,0.312,0.3069,0.312,
0,0,0,0,0,0.7315,0,0,0,0.7315,0,0.7315,0,0,1.463,0.7315,0.7315,0.7315,0,1.463,0,0,0,0,0,0.0001,0,0,0,0.0001,0,0.0001,0,0,0.0002,0.0001,0.0001,0.0001,0,0.0002,0.1646,0.1038,0.1646,0.1038,
0,0,0,0,0,0,0.7523,1.5046,0,0.7523,0.7523,0,0,1.5046,0.7523,0.7523,0,1.5046,0,0,0,0,0,0,0,0,0.0001,0.0003,0,0.0001,0.0001,0,0,0.0003,0.0001,0.0001,0,0.0003,0,0,0.119,0.1287,0.119,0.1287,
0.4017,0,0.4017,0.8035,0.4017,2.8121,0.8035,0.8035,2.0086,0,0.8035,1.2052,2.0086,3.6155,0.4017,0.8035,0.8035,0.8035,0,0,0,0,0,0.0001,0,0.0002,0.0001,0.0001,0.0002,0,0.0001,0.0001,0.0002,0.0003,0,0.0001,0.0001,0.0001,0,0,0.3115,0.2868,0.3115,0.2868,
0.834,2.5019,2.0849,1.2509,0.417,1.2509,0,0,0.834,0.834,0,0.417,2.5019,1.6679,1.2509,0,0,0,0,0.417,0,0.0001,0.0001,0.0001,0,0.0001,0,0,0,0,0,0,0.0001,0.0001,0.0001,0,0,0,0,0,0.2985,0.2846,0.2985,0.2846,
1.1695,0,1.1695,0.3898,0.3898,2.339,0.7797,2.339,1.5593,1.9492,0,1.1695,0.3898,0,0,3.1187,0.3898,0.7797,0,1.5593,0.0001,0,0.0001,0,0,0.0001,0,0.0001,0.0001,0.0001,0,0.0001,0,0,0,0.0002,0,0,0,0.0001,0.2482,0.362,0.2482,0.362,
1.2483,1.2483,0,0,0.6241,0.6241,0,1.2483,0.6241,0.6241,1.8724,1.8724,0,0,0,1.2483,0.6241,0,1.8724,0.6241,0.0001,0.0001,0,0,0,0,0,0.0001,0,0,0.0001,0.0001,0,0,0,0.0001,0,0,0.0001,0,0.1697,0.2061,0.1697,0.2061,
1.4681,1.1011,0.367,1.1011,0.367,0,1.4681,1.1011,0.367,0.734,1.4681,1.4681,0.734,0.367,1.8351,0.367,1.1011,1.1011,0,1.4681,0.0001,0.0001,0,0.0001,0,0,0.0001,0.0001,0,0,0.0001,0.0001,0,0,0.0001,0,0.0001,0.0001,0,0.0001,0.3036,0.3294,0.3036,0.3294,
0,0,0.7141,0.7141,0.7141,1.4281,0,0,0,0,0,0,0,0,1.4281,0.7141,0.7141,0,0.7141,0.7141,0,0,0.0001,0.0001,0.0001,0.0002,0,0,0,0,0,0,0,0,0.0002,0.0001,0.0001,0,0.0001,0.0001,0.1356,0.1504,0.1356,0.1504,
1.9908,0,1.4931,0,1.4931,0.4977,0.9954,0.4977,0,1.4931,1.9908,1.4931,0.9954,0.9954,0.9954,1.4931,0.9954,0.9954,0.4977,0.4977,0.0001,0,0.0001,0,0.0001,0,0.0001,0,0,0.0001,0.0001,0.0001,0.0001,0.0001,0.0001,0.0001,0.0001,0.0001,0,0,0.231,0.2713,0.231,0.2713,
0.8103,0,0,0.8103,0,0,0,0.8103,0,0,0.8103,0.8103,0.8103,0.8103,0,0,1.6207,0.8103,0,0.8103,0.0001,0,0,0.0001,0,0,0,0.0001,0,0,0.0001,0.0001,0.0001,0.0001,0,0,0.0003,0.0001,0,0.0001,0.1075,0.0822,0.1075,0.0822,
1.1233,1.4978,1.1233,0.3744,1.8722,1.1233,0.7489,0.7489,0.7489,0.3744,0,0.7489,1.1233,0.7489,0.3744,0.7489,1.1233,1.1233,1.1233,1.1233,0.0001,0.0001,0.0001,0,0.0001,0.0001,0,0,0,0,0,0,0.0001,0,0,0,0.0001,0.0001,0.0001,0.0001,0.3172,0.3083,0.3172,0.3083,
1.6578,0,0,0,0.3316,0.9947,0.6631,0.3316,1.9893,0.6631,0.6631,0.3316,0.3316,0.3316,3.9787,0.6631,0.6631,0.6631,0,0.3316,0.0002,0,0,0,0,0.0001,0.0001,0,0.0002,0.0001,0.0001,0,0,0,0.0004,0.0001,0.0001,0.0001,0,0,0.2991,0.3694,0.2991,0.3694,
1.1907,0,0,0.5953,0.5953,1.786,0,2.9766,0,5.358,0.5953,1.1907,0.5953,1.1907,0.5953,0.5953,1.1907,1.1907,0,0,0.0001,0,0,0,0,0.0001,0,0.0002,0,0.0004,0,0.0001,0,0.0001,0,0,0.0001,0.0001,0,0,0.2094,0.1952,0.2094,0.1952,
0,0,0,0,0,1.4403,0,0.7201,1.4403,2.8805,1.4403,0.7201,0,0.7201,0,2.1604,0.7201,0.7201,0,0,0,0,0,0,0,0.0001,0,0.0001,0.0001,0.0003,0.0001,0.0001,0,0.0001,0,0.0002,0.0001,0.0001,0,0,0.1785,0.1014,0.1785,0.1014,
0.7934,0.7934,0.7934,0.3967,0.3967,0.7934,1.1901,0.7934,1.5868,0.7934,0.3967,0.3967,0.7934,1.1901,0.7934,0.7934,0.3967,0.3967,0.7934,0.7934,0,0,0,0,0,0,0.0001,0,0.0001,0,0,0,0,0.0001,0,0,0,0,0,0,0.2628,0.3404,0.2628,0.3404,
1.0533,0,0.5267,0.5267,0.5267,1.0533,2.1066,1.0533,1.0533,2.1066,0,0.5267,1.0533,1.0533,0,0.5267,0,0,0.5267,0.5267,0.0001,0,0,0,0,0.0001,0.0002,0.0001,0.0001,0.0002,0,0,0.0001,0.0001,0,0,0,0,0,0,0.2678,0.2055,0.2678,0.2055,
0,0,0,0,0.7011,0,0.7011,0,0.7011,0.7011,0.7011,0,0.7011,0,0.7011,0.7011,0,0.7011,1.4022,0,0,0,0,0,0.0001,0,0.0001,0,0.0001,0.0001,0.0001,0,0.0001,0,0.0001,0.0001,0,0.0001,0.0002,0,0.1417,0.1572,0.1417,0.1572,
0.347,0,0.347,0,0.347,1.0411,0.347,0.694,2.0821,1.0411,0.347,1.0411,0,1.0411,3.1232,0.694,0.347,1.0411,0,0.347,0,0,0,0,0,0.0001,0,0.0001,0.0002,0.0001,0,0.0001,0,0.0001,0.0003,0.0001,0,0.0001,0,0,0.3567,0.2963,0.3567,0.2963,
3.1997,0,0.9142,0.9142,2.2855,0.4571,0,1.3713,0.4571,4.1139,0.4571,0,1.8284,0.9142,0.4571,0,0,2.2855,0.4571,0.4571,0.0002,0,0.0001,0.0001,0.0001,0,0,0.0001,0,0.0002,0,0,0.0001,0.0001,0,0,0,0.0001,0,0,0.2792,0.2637,0.2792,0.2637,
0.3724,1.1172,0,0.3724,0,0.7448,0.3724,1.1172,2.6067,0,0.3724,0.3724,0.3724,0.7448,1.862,0.7448,0,2.6067,0,0,0,0.0001,0,0,0,0,0,0.0001,0.0002,0,0,0,0,0,0.0001,0,0,0.0002,0,0,0.3272,0.3004,0.3272,0.3004,
0,0.7779,0,1.5558,0,0,0,0.7779,0,0,1.5558,1.5558,0,0,0,0.7779,0.7779,1.5558,0.7779,0,0,0.0001,0,0.0001,0,0,0,0.0001,0,0,0.0001,0.0001,0,0,0,0.0001,0.0001,0.0001,0.0001,0,0.1297,0.0923,0.1297,0.0923,
1.2037,0,0.6019,1.2037,1.8056,1.2037,0,2.4074,0,3.6111,0.6019,1.2037,0.6019,0,0.6019,1.8056,1.2037,1.8056,0,0.6019,0.0001,0,0,0.0001,0.0001,0.0001,0,0.0002,0,0.0003,0,0.0001,0,0,0,0.0001,0.0001,0.0001,0,0,0.2284,0.1698,0.2284,0.1698,
0.706,0,0.706,0,0.706,0,0,0.706,1.412,0,0.706,0,0,0,0,0,0.706,0,0.706,0.706,0.0001,0,0.0001,0,0.0001,0,0,0.0001,0.0002,0,0.0001,0,0,0,0,0,0.0001,0,0.0001,0.0001,0.1664,0.1276,0.1664,0.1276,
1.1812,0.3937,0.7874,1.5749,0.7874,0.7874,0.7874,0,0.7874,0,1.5749,0.3937,0,0.3937,0.7874,0.3937,0.3937,1.1812,0.7874,1.1812,0.0001,0,0.0001,0.0001,0.0001,0.0001,0.0001,0,0.0001,0,0.0001,0,0,0,0.0001,0,0,0.0001,0.0001,0.0001,0.2777,0.3285,0.2777,0.3285,
0,0.5704,1.1409,0.5704,1.7113,0,0,0,0,2.8522,0.5704,0,2.2818,0.5704,0.5704,1.7113,1.7113,1.1409,0.5704,1.1409,0,0,0.0001,0,0.0001,0,0,0,0,0.0002,0,0,0.0001,0,0,0.0001,0.0001,0.0001,0,0.0001,0.1923,0.2372,0.1923,0.2372,
0,1.0774,1.7957,0.3591,1.7957,1.0774,1.0774,0.3591,0.7183,1.4365,0,0.7183,1.4365,0.7183,0.7183,0.3591,0.3591,0.3591,0.3591,0.3591,0,0.0001,0.0001,0,0.0001,0.0001,0.0001,0,0,0.0001,0,0,0.0001,0,0,0,0,0,0,0,0.2833,0.3575,0.2833,0.3575,
0.5896,0,0.5896,1.1793,0,0.5896,0,0.5896,0.5896,0.5896,2.3586,1.1793,1.1793,1.1793,0,0.5896,0,1.1793,0,0.5896,0.0001,0,0.0001,0.0001,0,0.0001,0,0.0001,0.0001,0.0001,0.0002,0.0001,0.0001,0.0001,0,0.0001,0,0.0001,0,0.0001,0.1923,0.218,0.1923,0.218,
0.3261,0,0,0,0.9782,0.6521,0.6521,0.3261,1.3043,0.9782,0.6521,0.9782,0.3261,0.3261,3.5868,2.2825,1.6304,0.3261,0,0,0,0,0,0,0.0001,0.0001,0.0001,0,0.0001,0.0001,0.0001,0.0001,0,0,0.0003,0.0002,0.0001,0,0,0,0.3715,0.3024,0.3715,0.3024,
0.3751,0.7502,1.5004,1.5004,0.3751,0.7502,1.5004,0.3751,0,0.7502,0.3751,1.1253,0.7502,1.5004,0.3751,1.1253,0.7502,2.6256,1.5004,0.3751,0,0,0.0001,0.0001,0,0,0.0001,0,0,0,0,0.0001,0,0.0001,0,0.0001,0,0.0001,0.0001,0,0.3149,0.31,0.3149,0.31,
1.653,0,0,2.2039,2.2039,0.551,0,2.2039,1.102,1.653,0.551,0,1.102,0,1.653,0.551,1.653,1.102,0,0.551,0.0001,0,0,0.0002,0.0002,0,0,0.0002,0.0001,0.0001,0,0,0.0001,0,0.0001,0,0.0001,0.0001,0,0,0.2295,0.2195,0.2295,0.2195,
0,0,0,0.8007,0,0,0,0.8007,0,0,2.4021,1.6014,0,0,0,0.8007,0.8007,1.6014,0,0.8007,0,0,0,0.0001,0,0,0,0.0001,0,0,0.0003,0.0002,0,0,0,0.0001,0.0001,0.0002,0,0.0001,0.1074,0.0919,0.1074,0.0919,
1.3942,0.9295,0,0.4647,1.8589,1.3942,0.4647,0.9295,0.4647,1.3942,1.3942,2.3236,0.4647,0.9295,0.9295,0,0.9295,0.4647,0.4647,0,0.0001,0,0,0,0.0001,0.0001,0,0,0,0.0001,0.0001,0.0001,0,0,0,0,0,0,0,0,0.263,0.2722,0.263,0.2722,
0.3627,1.088,0.7253,0,0,0.7253,0.3627,1.4507,2.9013,0,0.3627,0,0.3627,0.7253,1.4507,0.7253,0.3627,1.8133,0,0,0,0.0001,0,0,0,0,0,0.0001,0.0002,0,0,0,0,0,0.0001,0,0,0.0001,0,0,0.2993,0.3381,0.2993,0.3381,
0,0,0,0.7125,0,0.7125,0.7125,1.425,1.425,0,1.425,0,0.7125,0,0.7125,0,0.7125,1.425,0,0,0,0,0,0.0001,0,0.0001,0.0001,0.0002,0.0002,0,0.0002,0,0.0001,0,0.0001,0,0.0001,0.0002,0,0,0.153,0.1345,0.153,0.1345,
0,0.7779,0,0,0.7779,0,0.7779,1.5557,0,1.5557,0.7779,0,1.5557,2.3336,0,1.5557,1.5557,1.5557,0,1.5557,0,0.0001,0,0,0.0001,0,0.0001,0.0001,0,0.0001,0.0001,0,0.0001,0.0002,0,0.0001,0.0001,0.0001,0,0.0001,0.1258,0.0963,0.1258,0.0963,
0.3563,0.7125,0.7125,0.7125,0.7125,0.3563,0,1.4251,1.0688,0.7125,1.0688,1.0688,1.4251,1.0688,1.7813,0.3563,0,1.0688,0.7125,0,0,0,0,0,0,0,0,0.0001,0.0001,0,0.0001,0.0001,0.0001,0.0001,0.0001,0,0,0.0001,0,0,0.3084,0.3353,0.3084,0.3353,
0.4175,1.2526,0.8351,1.6701,0.4175,1.2526,0,1.2526,1.6701,0.4175,0,0,1.2526,0.8351,0.4175,0.8351,0,1.2526,1.2526,0.8351,0,0.0001,0,0.0001,0,0.0001,0,0.0001,0.0001,0,0,0,0.0001,0,0,0,0,0.0001,0.0001,0,0.2905,0.292,0.2905,0.292,
0,0.6803,0.6803,0.6803,0,0,0,0.6803,0.6803,1.3606,0,2.041,0.6803,0.6803,0,1.3606,1.3606,0.6803,0.6803,1.3606,0,0.0001,0.0001,0.0001,0,0,0,0.0001,0.0001,0.0001,0,0.0002,0.0001,0.0001,0,0.0001,0.0001,0.0001,0.0001,0.0001,0.1785,0.1412,0.1785,0.1412,
0.5175,1.0349,0.5175,0.5175,0,1.5524,0.5175,0,1.0349,2.5873,0,0.5175,1.0349,1.0349,0.5175,1.5524,2.0698,1.0349,0,0.5175,0,0.0001,0,0,0,0.0001,0,0,0.0001,0.0002,0,0,0.0001,0.0001,0,0.0001,0.0001,0.0001,0,0,0.2633,0.2193,0.2633,0.2193,
1.1873,0,1.781,0.5937,0.5937,0,0,1.1873,0,0.5937,1.781,1.781,0,0,0.5937,0.5937,0,0.5937,0,0.5937,0.0001,0,0.0001,0,0,0,0,0.0001,0,0,0.0001,0.0001,0,0,0,0,0,0,0,0,0.218,0.1884,0.218,0.1884,
0.5271,0,0.5271,0,1.0541,4.2164,0,3.1623,0,2.6353,0.5271,0,0.5271,0,0.5271,2.1082,2.1082,1.5812,0.5271,1.0541,0,0,0,0,0.0001,0.0002,0,0.0002,0,0.0001,0,0,0,0,0,0.0001,0.0001,0.0001,0,0.0001,0.2231,0.2498,0.2231,0.2498,
0.3961,1.1883,0.3961,0.7922,0.7922,0.7922,0,0.3961,1.5844,0.7922,1.1883,1.1883,0.3961,0.7922,1.5844,0,0.3961,0.7922,0.7922,0.3961,0,0.0001,0,0,0,0,0,0,0.0001,0,0.0001,0.0001,0,0,0.0001,0,0,0,0,0,0.3608,0.2431,0.3608,0.2431,
1.246,0,0.8307,0.4153,0,0.8307,1.246,0.8307,1.246,1.6613,0.4153,0.4153,0.4153,1.246,0.4153,0.4153,0.8307,0.8307,1.246,0.4153,0.0001,0,0.0001,0,0,0.0001,0.0001,0.0001,0.0001,0.0001,0,0,0,0.0001,0,0,0.0001,0.0001,0.0001,0,0.2876,0.297,0.2876,0.297,
0.4007,1.202,0,0.4007,0,0.4007,1.202,2.8046,1.202,0.4007,0.4007,1.6026,0.8013,0,1.6026,0.8013,0.8013,1.6026,0.4007,1.202,0,0.0001,0,0,0,0,0.0001,0.0002,0.0001,0,0,0.0001,0,0,0.0001,0,0,0.0001,0,0.0001,0.3076,0.2917,0.3076,0.2917,
1.6509,0.5503,0,0,0.5503,1.6509,0,1.6509,0,1.1006,1.6509,2.2012,1.1006,1.1006,1.1006,1.6509,0.5503,2.2012,0.5503,1.6509,0.0001,0,0,0,0,0.0001,0,0.0001,0,0.0001,0.0001,0.0001,0.0001,0.0001,0.0001,0.0001,0,0.0001,0,0.0001,0.2511,0.1986,0.2511,0.1986,
0.7124,0.7124,0.3562,1.0686,1.0686,0.7124,0.7124,1.0686,1.7811,0.3562,1.7811,0.3562,1.7811,1.4248,0.7124,0.3562,0.7124,0.3562,0.7124,0.7124,0,0,0,0.0001,0.0001,0,0,0.0001,0.0001,0,0.0001,0,0.0001,0.0001,0,0,0,0,0,0,0.3367,0.3071,0.3367,0.3071,
0.5077,0,0,1.0153,1.523,0.5077,0,1.523,0.5077,3.5536,0.5077,2.5383,1.0153,0.5077,0.5077,1.0153,1.523,1.0153,0.5077,1.0153,0,0,0,0.0001,0.0001,0,0,0.0001,0,0.0002,0,0.0002,0.0001,0,0,0.0001,0.0001,0.0001,0,0.0001,0.2449,0.2475,0.2449,0.2475,
2.8696,0,0,1.2298,0.4099,2.0497,0.4099,0.4099,2.4596,0.4099,0.8199,2.8696,0.8199,2.0497,1.2298,0.4099,0.8199,0.4099,0,0.4099,0.0002,0,0,0.0001,0,0.0001,0,0,0.0002,0,0.0001,0.0002,0.0001,0.0001,0.0001,0,0.0001,0,0,0,0.257,0.333,0.257,0.333,
0.45,0.9,0.45,0.45,0.9,0.9,0,0.45,0.9,1.3501,1.3501,0.9,0.9,0,0.9,0.9,2.2501,1.3501,1.3501,1.3501,0,0,0,0,0,0,0,0,0,0.0001,0.0001,0,0,0,0,0,0.0001,0.0001,0.0001,0.0001,0.2604,0.2895,0.2604,0.2895,
1.9022,0.3804,0,1.1413,0,0,0,0.7609,2.2827,3.0435,1.1413,1.1413,0.7609,0.3804,1.1413,0.7609,1.5218,1.1413,0.3804,0.7609,0.0001,0,0,0.0001,0,0,0,0.0001,0.0002,0.0002,0.0001,0.0001,0.0001,0,0.0001,0.0001,0.0001,0.0001,0,0.0001,0.2918,0.3278,0.2918,0.3278,
0,0,2.087,0,0,0.6957,0,0,0,2.087,0,1.3913,1.3913,0,0,0.6957,0,1.3913,0.6957,0,0,0,0.0002,0,0,0.0001,0,0,0,0.0002,0,0.0001,0.0001,0,0,0.0001,0,0.0001,0.0001,0,0.1481,0.1563,0.1481,0.1563,
0.5168,2.0673,1.0337,1.0337,1.0337,0.5168,0,0.5168,0,0.5168,0,0.5168,1.0337,0,0.5168,1.5505,0.5168,0,0.5168,1.5505,0,0.0001,0.0001,0.0001,0.0001,0,0,0,0,0,0,0,0.0001,0,0,0.0001,0,0,0,0.0001,0.2391,0.2441,0.2391,0.2441,
0,1.3031,0,0.4344,0.4344,1.3031,1.7374,0,0.8687,3.9092,0.4344,0,0,0.8687,0.8687,0.4344,0.4344,0.8687,0.8687,0,0,0.0001,0,0,0,0.0001,0.0001,0,0,0.0002,0,0,0,0,0,0,0,0,0,0,0.2571,0.3085,0.2571,0.3085,
0.3409,0.3409,2.3865,0.6818,1.0228,0.3409,0.6818,0.6818,1.0228,1.7046,0,1.0228,1.0228,0.3409,1.0228,0.6818,1.3637,0.3409,0,0.6818,0,0,0.0001,0,0.0001,0,0,0,0.0001,0.0001,0,0.0001,0.0001,0,0.0001,0,0.0001,0,0,0,0.3926,0.2665,0.3926,0.2665,
1.5062,2.5103,0,0.5021,0.5021,0,0,0,1.5062,1.5062,0.5021,1.0041,0.5021,0.5021,1.5062,1.5062,1.0041,2.0082,0.5021,1.5062,0.0001,0.0001,0,0,0,0,0,0,0.0001,0.0001,0,0,0,0,0.0001,0.0001,0,0.0001,0,0.0001,0.2732,0.2247,0.2732,0.2247,
0.7265,0.7265,1.4531,0.3633,1.4531,1.0898,0.3633,1.0898,1.0898,2.1796,0.3633,1.0898,0.3633,1.0898,0.7265,1.4531,0.7265,0.3633,0.3633,1.0898,0,0,0.0001,0,0.0001,0,0,0,0,0.0001,0,0,0,0,0,0.0001,0,0,0,0,0.346,0.2907,0.346,0.2907,
1.067,1.4227,0.3557,1.067,0.3557,0.3557,0.7114,0.7114,1.067,0.3557,0.3557,1.067,1.4227,0.7114,1.067,0.3557,0.3557,1.067,0.3557,2.1341,0.0001,0.0001,0,0.0001,0,0,0,0,0.0001,0,0,0.0001,0.0001,0,0.0001,0,0,0.0001,0,0.0001,0.3256,0.3187,0.3256,0.3187,
1.2224,0.4075,0.8149,0.4075,1.6299,2.0373,0.4075,0.4075,0,0.8149,0.8149,1.2224,1.2224,2.0373,0.4075,0.4075,1.2224,1.2224,1.2224,0,0.0001,0,0,0,0.0001,0.0001,0,0,0,0,0,0.0001,0.0001,0.0001,0,0,0.0001,0.0001,0.0001,0,0.2978,0.2948,0.2978,0.2948,
0.5066,0,0,0,0,1.0132,1.0132,0,1.5198,0,0.5066,0,1.0132,0.5066,1.0132,0.5066,1.0132,0,1.0132,0.5066,0.0001,0,0,0,0,0.0001,0.0001,0,0.0002,0,0.0001,0,0.0001,0.0001,0.0001,0.0001,0.0001,0,0.0001,0.0001,0.2153,0.2781,0.2153,0.2781,
0.8276,1.2414,0.8276,1.2414,0.4138,1.2414,0.8276,0.4138,0,0.4138,1.2414,0.8276,0.8276,0.8276,2.8967,0,0.8276,0.8276,0.8276,0.4138,0.0001,0.0001,0.0001,0.0001,0,0.0001,0.0001,0,0,0,0.0001,0.0001,0.0001,0.0001,0.0002,0,0.0001,0.0001,0.0001,0,0.2488,0.3374,0.2488,0.3374,
1.1837,0.7891,2.3673,0.3946,0.7891,0,0.3946,0,0.3946,1.1837,1.5782,0.3946,1.9728,0.7891,1.5782,1.5782,0.7891,0.3946,0.7891,0.7891,0.0001,0,0.0001,0,0,0,0,0,0,0.0001,0.0001,0,0.0001,0,0.0001,0.0001,0,0,0,0,0.3061,0.2994,0.3061,0.2994,
2.8681,0,0.478,0.956,3.8241,0.478,0,0.956,0.956,3.8241,0.478,0.478,1.912,0.478,0,0,0.956,2.3901,0.478,0.478,0.0002,0,0,0.0001,0.0002,0,0,0.0001,0.0001,0.0002,0,0,0.0001,0,0,0,0.0001,0.0001,0,0,0.2705,0.2515,0.2705,0.2515,
0,0.947,0.4735,1.4205,1.4205,0.4735,0.4735,0.4735,0.947,1.894,0.947,0.947,0,0.947,0,0.947,1.894,0.4735,0.4735,0.947,0,0,0,0.0001,0.0001,0,0,0,0,0.0001,0,0,0,0,0,0,0.0001,0,0,0,0.2781,0.2484,0.2781,0.2484,
0.4693,0.9385,0.9385,1.8771,0.4693,0,1.4078,0.9385,0.4693,1.4078,0.4693,0.9385,0.4693,0,0.4693,0.4693,1.4078,1.4078,0.4693,0.4693,0,0.0001,0.0001,0.0001,0,0,0.0001,0.0001,0,0.0001,0,0.0001,0,0,0,0,0.0001,0.0001,0,0,0.2718,0.2589,0.2718,0.2589,
0.4094,1.2283,0.4094,0,0,0.4094,0.4094,2.0472,2.0472,0.4094,0.8189,0.4094,0.4094,0.8189,3.6849,0.8189,0,0.8189,0,0,0,0.0001,0,0,0,0,0,0.0001,0.0001,0,0.0001,0,0,0.0001,0.0002,0.0001,0,0.0001,0,0,0.2901,0.3004,0.2901,0.3004,
2.5194,0.6299,0,0,0,1.8896,0,3.1493,0.6299,2.5194,0.6299,0,1.2597,0,1.2597,1.2597,0.6299,3.7792,0,0,0.0002,0,0,0,0,0.0001,0,0.0002,0,0.0002,0,0,0.0001,0,0.0001,0.0001,0,0.0002,0,0,0.2307,0.1395,0.2307,0.1395,
0.6163,0,0,0.6163,1.849,1.849,0,1.849,0,5.547,0.6163,1.2327,0.6163,1.2327,0.6163,0.6163,0.6163,2.4653,0,0,0,0,0,0,0.0001,0.0001,0,0.0001,0,0.0004,0,0.0001,0,0.0001,0,0,0,0.0002,0,0,0.1961,0.1876,0.1961,0.1876,
1.065,0,0,2.1299,2.6624,1.065,0,2.1299,2.1299,2.1299,0.5325,0,1.065,0,0.5325,0,1.065,1.5974,0,0.5325,0.0001,0,0,0.0002,0.0002,0.0001,0,0.0002,0.0002,0.0002,0,0,0.0001,0,0,0,0.0001,0.0001,0,0,0.2487,0.2188,0.2487,0.2188,
0.7287,1.4574,1.4574,1.8218,0.3644,1.4574,0.3644,1.0931,0,0.7287,1.0931,0.3644,1.4574,0.3644,1.0931,1.4574,0.3644,0.7287,0.3644,0.3644,0,0.0001,0.0001,0.0001,0,0.0001,0,0,0,0,0,0,0.0001,0,0,0.0001,0,0,0,0,0.2789,0.3567,0.2789,0.3567,
0.9538,1.4307,0.4769,0.4769,0.9538,0.9538,0.4769,0.9538,1.4307,0.9538,0.9538,0.9538,1.4307,0.4769,0.9538,0.4769,0,0,0,0.4769,0.0001,0.0001,0,0,0.0001,0.0001,0,0.0001,0.0001,0.0001,0.0001,0.0001,0.0001,0,0.0001,0,0,0,0,0,0.2785,0.2446,0.2785,0.2446,
1.7172,0.4293,0.8586,0,0.4293,0.8586,2.1465,0.4293,1.2879,0,2.5758,1.7172,0.8586,0,0.4293,0,0.8586,1.2879,0,0,0.0001,0,0.0001,0,0,0.0001,0.0001,0,0.0001,0,0.0002,0.0001,0.0001,0,0,0,0.0001,0.0001,0,0,0.2981,0.2726,0.2981,0.2726,
0.4659,0,1.8636,0.9318,0,0.4659,0,0,0.4659,0,0.4659,0,1.3977,0.9318,0,1.8636,0.4659,1.3977,1.8636,1.8636,0,0,0.0001,0.0001,0,0,0,0,0,0,0,0,0.0001,0.0001,0,0.0001,0,0.0001,0.0001,0.0001,0.2693,0.2648,0.2693,0.2648,
1.5167,0.5056,0,1.0111,0.5056,2.5278,0,2.0222,0,3.5389,1.0111,0.5056,1.0111,0.5056,1.0111,0.5056,0.5056,1.0111,0.5056,0.5056,0.0001,0,0,0,0,0.0001,0,0.0001,0,0.0002,0,0,0,0,0,0,0,0,0,0,0.2294,0.265,0.2294,0.265,
0.9599,0,0.4799,0,0.9599,2.3996,0.4799,1.4398,1.4398,1.4398,1.4398,1.4398,1.4398,0,0,0.4799,0.4799,0.9599,0,0.9599,0.0001,0,0,0,0.0001,0.0001,0,0.0001,0.0001,0.0001,0.0001,0.0001,0.0001,0,0,0,0,0.0001,0,0.0001,0.2547,0.2654,0.2547,0.2654,
1.3911,0.6955,0,0.6955,1.3911,2.0866,0,0,0,0,0,0,1.3911,0.6955,0,0,0,0,0.6955,1.3911,0.0001,0,0,0,0.0001,0.0001,0,0,0,0,0,0,0.0001,0,0,0,0,0,0,0.0001,0.1571,0.1473,0.1571,0.1473,
0,0.5859,1.1719,0.5859,0.5859,0.5859,0,1.7578,0.5859,2.9297,0.5859,0,0,0.5859,1.1719,1.7578,0.5859,0.5859,0,0,0,0,0.0001,0,0,0,0,0.0001,0,0.0002,0,0,0,0,0.0001,0.0001,0,0,0,0,0.2342,0.1798,0.2342,0.1798,
0.7336,1.1004,0,0.3668,0,0.7336,0.3668,1.4672,1.834,0,0.7336,0.7336,0.3668,0.7336,2.5676,0.3668,0.3668,1.1004,0,0,0.0001,0.0001,0,0,0,0.0001,0,0.0001,0.0001,0,0.0001,0.0001,0,0.0001,0.0002,0,0,0.0001,0,0,0.326,0.3072,0.326,0.3072,
0.7802,0,0.3901,1.5604,1.1703,1.1703,0,0.3901,2.7308,1.9505,0.7802,0.7802,0.3901,0.7802,1.5604,0,0.3901,0.7802,0,0,0.0001,0,0,0.0001,0.0001,0.0001,0,0,0.0002,0.0001,0.0001,0.0001,0,0.0001,0.0001,0,0,0.0001,0,0,0.3133,0.2966,0.3133,0.2966,
0,0,1.5407,0,0.7704,0.7704,0,0,2.3111,0.7704,0.7704,0,0,0.7704,0.7704,0,0,0,0,0.7704,0,0,0.0002,0,0.0001,0.0001,0,0,0.0003,0.0001,0.0001,0,0,0.0001,0.0001,0,0,0,0,0.0001,0.1014,0.1282,0.1014,0.1282,
1.0396,0,0,0,0.6931,1.0396,0.3465,0.3465,2.4258,1.0396,0.6931,0.6931,0.3465,0.6931,3.4655,1.7327,1.0396,1.3862,0,0,0.0001,0,0,0,0.0001,0.0001,0,0,0.0002,0.0001,0.0001,0.0001,0,0.0001,0.0003,0.0001,0.0001,0.0001,0,0,0.3233,0.3302,0.3233,0.3302,
0.6614,0.9921,0.9921,1.3229,0.6614,0,0.6614,1.3229,1.6536,1.3229,0.9921,0.9921,0.6614,0.3307,0.3307,0.3307,0.9921,0.6614,0.9921,0.6614,0,0,0,0.0001,0,0,0,0.0001,0.0001,0.0001,0,0,0,0,0,0,0,0,0,0,0.331,0.3383,0.331,0.3383,
0.4573,1.3719,1.3719,0.9146,0.9146,0,0,0.9146,0,1.8292,0,0.4573,0.4573,0,0.9146,0,0.9146,0.9146,0.4573,1.3719,0,0.0001,0.0001,0,0,0,0,0,0,0.0001,0,0,0,0,0,0,0,0,0,0.0001,0.2891,0.2535,0.2891,0.2535,
0.3705,0.3705,1.482,0.3705,1.482,0.741,0.3705,0.3705,1.482,1.1115,1.1115,0.741,0.741,0.741,0,0.741,0,1.8525,1.482,0,0,0,0.0001,0,0.0001,0,0,0,0.0001,0.0001,0.0001,0,0,0,0,0,0,0.0001,0.0001,0,0.2991,0.3304,0.2991,0.3304,
0.3939,0.3939,0.3939,1.9694,1.5755,0.7878,0.3939,1.9694,1.1817,0.3939,0.7878,0.3939,0,1.1817,0.3939,0.7878,0.3939,0,0.3939,1.1817,0,0,0,0.0001,0.0001,0,0,0.0001,0.0001,0,0,0,0,0.0001,0,0,0,0,0,0.0001,0.3197,0.2864,0.3197,0.2864,
0.6752,0,0.6752,0,0,2.0257,0.6752,0.6752,1.3504,0,1.3504,2.7009,0,0.6752,0.6752,0.6752,0,0.6752,0,0,0.0001,0,0.0001,0,0,0.0002,0.0001,0.0001,0.0001,0,0.0001,0.0003,0,0.0001,0.0001,0.0001,0,0.0001,0,0,0.1582,0.1666,0.1582,0.1666,
0,0,0,2.0979,2.0979,0,0,0,0,0,0,2.0979,0.6993,0.6993,0,0.6993,1.3986,0.6993,0,0,0,0,0,0.0002,0.0002,0,0,0,0,0,0,0.0002,0.0001,0.0001,0,0.0001,0.0002,0.0001,0,0,0.2136,0.0872,0.2136,0.0872,
0,1.1151,0.5576,0,2.2303,1.6727,0.5576,0,0,1.1151,0.5576,1.1151,0.5576,0,1.1151,0,1.1151,1.1151,0,0.5576,0,0.0001,0,0,0.0001,0.0001,0,0,0,0.0001,0,0.0001,0,0,0.0001,0,0.0001,0.0001,0,0,0.2256,0.2169,0.2256,0.2169,
1.1559,0.5779,0.5779,1.1559,1.1559,0,0,0.5779,0.5779,0,0.5779,0,0.5779,0.5779,0.5779,0,1.7338,1.7338,0.5779,0,0.0001,0.0001,0.0001,0.0001,0.0001,0,0,0.0001,0.0001,0,0.0001,0,0.0001,0.0001,0.0001,0,0.0002,0.0002,0.0001,0,0.1992,0.2228,0.1992,0.2228,
0,0,0,0.5559,1.1118,1.1118,0,1.6678,0,0,3.3355,1.1118,1.6678,0,2.2237,0.5559,0,0.5559,0,2.2237,0,0,0,0,0.0001,0.0001,0,0.0001,0,0,0.0003,0.0001,0.0001,0,0.0002,0,0,0,0,0.0002,0.1899,0.2542,0.1899,0.2542,
2.1783,0,0,0,1.6337,4.3566,0,2.7229,0,2.7229,0.5446,0.5446,0.5446,0,0.5446,2.7229,1.0891,1.6337,0.5446,1.0891,0.0001,0,0,0,0.0001,0.0002,0,0.0001,0,0.0001,0,0,0,0,0,0.0001,0,0.0001,0,0,0.2149,0.2405,0.2149,0.2405,
0.5285,2.1142,0,0,1.0571,1.0571,0.5285,2.1142,1.0571,0.5285,0,2.1142,1.5856,1.0571,1.0571,2.1142,0,1.5856,0,0,0,0.0001,0,0,0,0,0,0.0001,0,0,0,0.0001,0.0001,0,0,0.0001,0,0.0001,0,0,0.2192,0.2522,0.2192,0.2522,
0.6284,0,1.8853,0,0,1.2568,0,0.6284,0,0.6284,0,1.2568,1.2568,1.2568,0.6284,0.6284,0.6284,1.2568,0.6284,0,0.0001,0,0.0002,0,0,0.0001,0,0.0001,0,0.0001,0,0.0001,0.0001,0.0001,0.0001,0.0001,0.0001,0.0001,0.0001,0,0.1426,0.229,0.1426,0.229,
0.4556,0,0.9111,1.3667,0.9111,0,1.3667,0,0.4556,0.4556,0,0.9111,0.9111,0.4556,0.4556,1.8223,0.4556,0.9111,0,1.3667,0,0,0.0001,0.0001,0.0001,0,0.0001,0,0,0,0,0.0001,0.0001,0,0,0.0002,0,0.0001,0,0.0001,0.2856,0.2588,0.2856,0.2588,
0.7523,0.7523,1.1285,1.8808,0.3762,0,0.7523,0,1.8808,0.3762,1.1285,0.7523,0.7523,1.8808,0.7523,0.7523,0.7523,0.7523,0.3762,0.3762,0.0001,0.0001,0.0001,0.0001,0,0,0.0001,0,0.0001,0,0.0001,0.0001,0.0001,0.0001,0.0001,0.0001,0.0001,0.0001,0,0,0.3279,0.2959,0.3279,0.2959,
0.437,0,0,0.437,0.8739,0.8739,0.8739,0.8739,1.7479,2.1848,0.437,0.437,0.8739,0.437,0.8739,1.3109,1.3109,0.8739,0.437,0,0,0,0,0,0.0001,0.0001,0.0001,0.0001,0.0001,0.0002,0,0,0.0001,0,0.0001,0.0001,0.0001,0.0001,0,0,0.3207,0.2424,0.3207,0.2424,
0.4532,0.9063,1.3595,0,0,0.4532,0.9063,1.3595,0.9063,0.9063,0.9063,0.9063,0.4532,1.8126,0.9063,1.3595,0.9063,0.9063,1.3595,0.4532,0,0.0001,0.0001,0,0,0,0.0001,0.0001,0.0001,0.0001,0.0001,0.0001,0,0.0001,0.0001,0.0001,0.0001,0.0001,0.0001,0,0.2403,0.3066,0.2403,0.3066,
0,1.2838,0,0.8559,0.8559,1.7117,0.8559,0.4279,0.8559,1.2838,0.8559,0.4279,0.4279,0.8559,0.8559,0.4279,1.7117,1.2838,0.4279,0.8559,0,0.0001,0,0.0001,0.0001,0.0001,0.0001,0,0.0001,0.0001,0.0001,0,0,0.0001,0.0001,0,0.0001,0.0001,0,0.0001,0.2793,0.2928,0.2793,0.2928,
0,3.9359,0.656,0.656,0.656,3.2799,0,0,0,0.656,0,0.656,1.968,0,0.656,1.312,2.6239,1.312,0.656,0,0,0.0001,0,0,0,0.0001,0,0,0,0,0,0,0.0001,0,0,0,0.0001,0,0,0,0.1721,0.1719,0.1721,0.1719,
0,0,0,0.6991,0,0,1.3981,0,0.6991,0.6991,0.6991,0,0.6991,0,0,1.3981,0,0.6991,0.6991,0,0,0,0,0.0001,0,0,0.0002,0,0.0001,0.0001,0.0001,0,0.0001,0,0,0.0002,0,0.0001,0.0001,0,0.158,0.143,0.158,0.143,
3.233,0,0,0,2.1553,1.0777,0.5388,2.6942,0,1.0777,1.0777,1.0777,2.1553,1.6165,1.0777,1.0777,1.6165,2.1553,0.5388,0.5388,0.0002,0,0,0,0.0001,0.0001,0,0.0002,0,0.0001,0.0001,0.0001,0.0001,0.0001,0.0001,0.0001,0.0001,0.0001,0,0,0.2224,0.2388,0.2224,0.2388,
1.1868,0.3956,0.7912,0,1.1868,0,1.1868,0.7912,1.1868,3.5604,1.1868,0,0.7912,1.5824,0.7912,0,0.7912,0,0.7912,1.1868,0.0001,0,0,0,0.0001,0,0.0001,0,0.0001,0.0002,0.0001,0,0,0.0001,0,0,0,0,0,0.0001,0.3005,0.3039,0.3005,0.3039,
2.4402,0,0.488,0.488,2.4402,0.488,0,1.4641,0.488,3.4163,0.488,0.9761,1.4641,0.488,0.488,0.9761,1.4641,1.4641,0.488,0.488,0.0001,0,0,0,0.0001,0,0,0.0001,0,0.0002,0,0.0001,0.0001,0,0,0.0001,0.0001,0.0001,0,0,0.2549,0.2571,0.2549,0.2571,
1.1267,0,0.3756,0.3756,1.1267,0.7511,1.1267,1.5022,0.7511,2.6289,0.7511,0.3756,1.1267,0.7511,1.1267,0,0.7511,1.1267,0.7511,0.3756,0.0001,0,0,0,0.0001,0.0001,0.0001,0.0001,0.0001,0.0002,0.0001,0,0.0001,0.0001,0.0001,0,0.0001,0.0001,0.0001,0,0.3087,0.3158,0.3087,0.3158,
2.0262,1.3508,0.6754,0.6754,0.6754,0.3377,0.6754,0.3377,0.6754,0.3377,0.3377,0.6754,0.6754,0.6754,2.7016,1.0131,0,0.6754,0,0.3377,0.0001,0.0001,0,0,0,0,0,0,0,0,0,0,0,0,0.0001,0.0001,0,0,0,0,0.3213,0.341,0.3213,0.341,
0.4182,0.4182,0.8364,0.8364,0.4182,0.8364,0.4182,0,0.4182,0,0.4182,0.8364,2.5091,0.8364,1.2545,1.6727,0.4182,0.8364,1.2545,1.2545,0,0,0.0001,0.0001,0,0.0001,0,0,0,0,0,0.0001,0.0002,0.0001,0.0001,0.0001,0,0.0001,0.0001,0.0001,0.2948,0.2871,0.2948,0.2871,
0,0.9829,0,1.4744,0.4915,0.4915,1.4744,0.9829,0.9829,0.4915,0.9829,0.4915,0.9829,0,0.4915,1.4744,0.9829,0,1.4744,0.4915,0,0.0001,0,0.0001,0,0,0.0001,0.0001,0.0001,0,0.0001,0,0.0001,0,0,0.0001,0.0001,0,0.0001,0,0.2765,0.2321,0.2765,0.2321,
0.4236,1.2707,1.6943,1.2707,0.4236,0.8471,0,1.2707,0.8471,0,2.5414,0.4236,2.1179,0.8471,0,1.6943,0.8471,1.2707,0,0.4236,0,0.0001,0.0001,0.0001,0,0,0,0.0001,0,0,0.0001,0,0.0001,0,0,0.0001,0,0.0001,0,0,0.3087,0.2677,0.3087,0.2677,
0,1.9789,0,0.6596,0.6596,0.6596,0.6596,0.6596,0.6596,0.6596,0,0.6596,0.6596,0.6596,0,0,0.6596,0,0.6596,0,0,0.0001,0,0,0,0,0,0,0,0,0,0,0,0,0,0,0,0,0,0,0.1901,0.1503,0.1901,0.1503,
0.5106,0,0.5106,0,0,0,0,0,3.5739,0.5106,1.0211,0,0,0,5.1056,0.5106,0,0.5106,0.5106,0,0.0001,0,0.0001,0,0,0,0,0,0.0005,0.0001,0.0001,0,0,0,0.0007,0.0001,0,0.0001,0.0001,0,0.2981,0.1913,0.2981,0.1913,
0,1.1333,0,0.7555,0,0.7555,0.3778,1.5111,2.6444,0,0.7555,0.7555,0.3778,0.7555,2.2666,0.7555,0,1.1333,0,0,0,0.0001,0,0.0001,0,0.0001,0,0.0001,0.0002,0,0.0001,0.0001,0,0.0001,0.0002,0.0001,0,0.0001,0,0,0.3279,0.2943,0.3279,0.2943,
0.3551,1.4203,0,0.3551,1.4203,1.7754,0.7102,1.4203,1.4203,0.3551,0.3551,0.7102,0.3551,0.7102,1.0652,1.0652,0.7102,0.7102,1.0652,1.4203,0,0.0001,0,0,0.0001,0.0001,0,0.0001,0.0001,0,0,0,0,0,0,0,0,0,0,0.0001,0.2964,0.3485,0.2964,0.3485,
0.7223,0.7223,0.3611,0.7223,1.4445,1.0834,1.4445,0.3611,0,0.7223,1.8056,0.3611,0.3611,1.0834,1.0834,0.3611,0.3611,0.7223,2.5279,0.3611,0,0,0,0,0.0001,0.0001,0.0001,0,0,0,0.0001,0,0,0.0001,0.0001,0,0,0,0.0001,0,0.3081,0.3307,0.3081,0.3307,
0.6067,0,0,2.4268,0.6067,0.3033,0.3033,1.2134,1.8201,1.2134,0.6067,0,0,0,1.5167,0.91,0.3033,2.1234,0.3033,0.3033,0,0,0,0.0002,0,0,0,0.0001,0.0001,0.0001,0,0,0,0,0.0001,0.0001,0,0.0002,0,0,0.3722,0.3244,0.3722,0.3244,
1.5261,2.2892,1.1446,1.5261,0.3815,1.5261,0.3815,0.7631,0.3815,0,0.3815,1.1446,1.1446,1.1446,0.7631,1.1446,1.1446,1.1446,0.3815,0.7631,0.0001,0.0001,0,0.0001,0,0.0001,0,0,0,0,0,0,0,0,0,0,0,0,0,0,0.2858,0.3327,0.2858,0.3327,
1.7039,0,0,0,0.3408,1.3631,0.3408,0.3408,1.7039,0.6816,0.6816,0.3408,0.3408,0.3408,3.7486,0.3408,1.3631,1.0224,0,0.3408,0.0002,0,0,0,0,0.0001,0,0,0.0002,0.0001,0.0001,0,0,0,0.0003,0,0.0001,0.0001,0,0,0.378,0.2812,0.378,0.2812,
1.005,2.5125,0,1.005,0,0.5025,1.005,1.005,0.5025,1.5075,2.5125,1.005,2.01,1.005,0,1.005,1.005,0.5025,0.5025,0,0,0.0001,0,0,0,0,0,0,0,0.0001,0.0001,0,0.0001,0,0,0,0,0,0,0,0.2308,0.2667,0.2308,0.2667,
0.4366,1.3097,1.7462,0.4366,0.8731,1.3097,0,0.8731,0.8731,0.4366,0.4366,0.4366,1.3097,0.4366,0.8731,2.1828,0.4366,0.8731,0,0,0,0.0001,0.0001,0,0,0.0001,0,0,0,0,0,0,0.0001,0,0,0.0001,0,0,0,0,0.2873,0.2762,0.2873,0.2762,
0.7666,1.1499,1.5333,0.3833,0.7666,1.1499,0.7666,0.3833,0.7666,0.7666,0.3833,0.7666,1.1499,0.3833,1.1499,1.5333,1.1499,1.1499,0,1.1499,0,0.0001,0.0001,0,0,0.0001,0,0,0,0,0,0,0.0001,0,0.0001,0.0001,0.0001,0.0001,0,0.0001,0.3223,0.2944,0.3223,0.2944,
1.1193,0,0,1.1193,0.5597,1.679,0.5597,1.679,0,1.679,0.5597,0.5597,1.679,0.5597,1.1193,1.1193,0,0,0,0.5597,0.0001,0,0,0.0001,0.0001,0.0002,0.0001,0.0002,0,0.0002,0.0001,0.0001,0.0002,0.0001,0.0001,0.0001,0,0,0,0.0001,0.2181,0.2222,0.2181,0.2222,
1.4703,0.3676,1.1027,0.3676,0,1.1027,0.7351,1.1027,0.7351,1.4703,0.3676,1.1027,0,0.7351,1.8378,0,0.7351,1.4703,0,0,0.0001,0,0.0001,0,0,0.0001,0,0.0001,0,0.0001,0,0.0001,0,0,0.0001,0,0,0.0001,0,0,0.2731,0.3593,0.2731,0.3593,
1.2295,1.2295,0.4098,0.4098,1.2295,0.8196,0.8196,1.2295,0.4098,1.2295,0.8196,0.8196,0.8196,0.4098,0.8196,1.6393,0.4098,0.8196,0.8196,1.6393,0,0,0,0,0,0,0,0,0,0,0,0,0,0,0,0.0001,0,0,0,0.0001,0.3331,0.257,0.3331,0.257,
0.7585,0,0.3793,1.1378,0.3793,0,1.8963,0,0.3793,1.1378,0.3793,0.3793,2.2755,0.7585,1.517,1.1378,1.517,0.3793,0.7585,0.7585,0.0001,0,0,0.0001,0,0,0.0002,0,0,0.0001,0,0,0.0002,0.0001,0.0001,0.0001,0.0001,0,0.0001,0.0001,0.3066,0.3142,0.3066,0.3142,
0,1.1863,0,0.7909,0,0.7909,0.3954,1.5818,3.1635,0,0.7909,0.3954,1.1863,0.7909,1.5818,0.3954,0,1.5818,0,0,0,0.0001,0,0,0,0,0,0.0001,0.0002,0,0,0,0.0001,0,0.0001,0,0,0.0001,0,0,0.3312,0.2734,0.3312,0.2734,
0,0,0,0.8039,0.8039,0,0,1.6077,0,2.4116,1.6077,0,1.6077,0.8039,0,1.6077,0,0,0,0,0,0,0,0.0001,0.0001,0,0,0.0002,0,0.0003,0.0002,0,0.0002,0.0001,0,0.0002,0,0,0,0,0.1053,0.0909,0.1053,0.0909,
2.2023,0,0.8809,0.4405,2.6428,0.8809,0,0.8809,0.4405,3.5238,0.4405,0.4405,1.3214,0,0.8809,1.3214,0.8809,0.8809,0.4405,0.4405,0.0001,0,0,0,0.0001,0,0,0,0,0.0002,0,0,0.0001,0,0,0.0001,0,0,0,0,0.2697,0.2898,0.2697,0.2898,
0,0.705,0,0.705,0,0.705,0.705,0.705,0,0.705,0,0.705,0,0.705,0,0.705,0,0,1.41,1.41,0,0.0001,0,0.0001,0,0.0001,0.0001,0.0001,0,0.0001,0,0.0001,0,0.0001,0,0.0001,0,0,0.0001,0.0001,0.1633,0.1317,0.1633,0.1317,
0,0,0,0,0.7998,2.3993,0,0.7998,0,0.7998,0,0,0.7998,0,0.7998,1.5995,0.7998,0,0,0,0,0,0,0,0.0001,0.0004,0,0.0001,0,0.0001,0,0,0.0001,0,0.0001,0.0002,0.0001,0,0,0,0.1242,0.076,0.1242,0.076,
1.8976,0,0.9488,0.4744,2.8463,0.4744,0,1.4232,0.4744,2.3719,0.9488,0.4744,1.4232,0,0.4744,0.9488,1.8976,1.4232,0.4744,0.4744,0.0001,0,0.0001,0,0.0002,0,0,0.0001,0,0.0001,0.0001,0,0.0001,0,0,0.0001,0.0001,0.0001,0,0,0.2544,0.2712,0.2544,0.2712,
0,0,0.731,0,0.731,0,0.731,0.731,0,0.731,0.731,0.731,0.731,0.731,0,1.4621,1.4621,0,0,1.4621,0,0,0.0001,0,0.0001,0,0.0001,0.0001,0,0.0001,0.0001,0.0001,0.0001,0.0001,0,0.0002,0.0002,0,0,0.0002,0.1402,0.1288,0.1402,0.1288,
0,1.8245,0.9123,1.3684,0.4561,0.4561,0.9123,0.4561,0.4561,1.3684,0.4561,0.4561,0,0,0,1.3684,1.3684,1.3684,0.4561,2.7368,0,0.0001,0,0.0001,0,0,0,0,0,0.0001,0,0,0,0,0,0.0001,0.0001,0.0001,0,0.0001,0.3166,0.2273,0.3166,0.2273,
0.7908,0.3954,1.1862,0.7908,0.7908,0.7908,1.5816,0.7908,0.7908,0.7908,0.3954,0,1.5816,0,0.7908,1.1862,0.3954,0.7908,0.3954,0.3954,0,0,0.0001,0,0,0,0.0001,0,0,0,0,0,0.0001,0,0,0.0001,0,0,0,0,0.3251,0.2795,0.3251,0.2795,
0.7,0.7,0.7,0,0,0.7,0,0,0.7,0.7,2.1,0.7,0.7,0,0,0,2.1,0,0.7,0,0.0001,0.0001,0.0001,0,0,0.0001,0,0,0.0001,0.0001,0.0002,0.0001,0.0001,0,0,0,0.0002,0,0.0001,0,0.1541,0.1459,0.1541,0.1459,
0.4646,0.9291,0,0.4646,1.3937,1.8582,0.4646,0.9291,0.4646,1.3937,0.9291,0.9291,0,1.3937,0.4646,1.3937,0.4646,3.7164,1.8582,0.4646,0,0,0,0,0.0001,0.0001,0,0,0,0.0001,0,0,0,0.0001,0,0.0001,0,0.0002,0.0001,0,0.2716,0.2639,0.2716,0.2639,
0.8355,1.671,0.4178,0,0,0,2.0888,0.4178,0.4178,1.671,2.0888,0.4178,0,1.2533,0.8355,0.8355,1.2533,0.8355,0.8355,0.4178,0,0.0001,0,0,0,0,0.0001,0,0,0.0001,0.0001,0,0,0.0001,0,0,0.0001,0,0,0,0.3031,0.2792,0.3031,0.2792,
2.5031,0.5006,0.5006,1.0012,0,2.0025,1.0012,1.5018,0.5006,0.5006,0,2.0025,1.0012,0.5006,0,0,2.0025,1.5018,0.5006,0.5006,0.0001,0,0,0.0001,0,0.0001,0.0001,0.0001,0,0,0,0.0001,0.0001,0,0,0,0.0001,0.0001,0,0,0.2601,0.2393,0.2601,0.2393,
1.1699,0,0.39,0.39,0.7799,0.39,0.7799,1.9498,0.39,1.1699,1.1699,0.7799,0.7799,0,2.3398,1.1699,0.7799,0,0,0.7799,0.0001,0,0,0,0.0001,0,0.0001,0.0001,0,0.0001,0.0001,0.0001,0.0001,0,0.0002,0.0001,0.0001,0,0,0.0001,0.323,0.287,0.323,0.287,
0.5085,0,1.0171,0.5085,1.5256,2.0341,0,2.0341,0,4.0682,0.5085,0,0.5085,1.0171,1.0171,0,1.5256,1.5256,0,1.0171,0,0,0.0001,0,0.0001,0.0001,0,0.0001,0,0.0003,0,0,0,0.0001,0.0001,0,0.0001,0.0001,0,0.0001,0.2618,0.2297,0.2618,0.2297,
1.8046,0,0.6015,0.6015,0.6015,1.8046,0.6015,3.0077,0,1.2031,0,0.6015,1.2031,0.6015,0,2.4061,1.8046,1.8046,0,0,0.0001,0,0,0,0,0.0001,0,0.0002,0,0.0001,0,0,0.0001,0,0,0.0002,0.0001,0.0001,0,0,0.191,0.2074,0.191,0.2074,
0.5866,3.5199,0.5866,0.5866,0,1.7599,0,1.1733,1.7599,1.1733,0,0.5866,1.1733,0,0,1.1733,1.1733,1.7599,0,1.1733,0,0.0001,0,0,0,0.0001,0,0,0.0001,0,0,0,0,0,0,0,0,0.0001,0,0,0.1967,0.2167,0.1967,0.2167,
1.829,0.9145,0.9145,1.3718,0.9145,0.9145,1.829,1.829,0.4573,0.4573,0.4573,0,0.4573,0.4573,0,0.9145,0.4573,0.4573,0.4573,0.9145,0.0001,0.0001,0.0001,0.0001,0.0001,0.0001,0.0001,0.0001,0,0,0,0,0,0,0,0.0001,0,0,0,0.0001,0.2453,0.2975,0.2453,0.2975,
2.2769,0,0,0,2.8461,2.2769,0,2.2769,1.1384,3.9845,0.5692,0,0,0,0,0.5692,0.5692,0.5692,0,0.5692,0.0001,0,0,0,0.0002,0.0001,0,0.0001,0.0001,0.0003,0,0,0,0,0,0,0,0,0,0,0.213,0.2178,0.213,0.2178,
1.2579,1.2579,0,0.8386,0.4193,1.2579,2.0964,0.4193,0.8386,2.0964,0.8386,0,2.0964,0,0.4193,2.5157,2.5157,0.4193,0.4193,0,0.0001,0.0001,0,0,0,0.0001,0.0001,0,0,0.0001,0,0,0.0001,0,0,0.0001,0.0001,0,0,0,0.2959,0.2848,0.2959,0.2848,
1.5947,0.3987,0.3987,0.3987,0.7973,0.3987,1.5947,1.196,1.196,0.7973,1.5947,1.5947,0.3987,0,1.196,1.196,1.196,0,0.3987,0.7973,0.0001,0,0,0,0,0,0.0001,0.0001,0.0001,0,0.0001,0.0001,0,0,0.0001,0.0001,0.0001,0,0,0,0.2825,0.3189,0.2825,0.3189,
0.901,0,0.901,0.4505,2.2525,0.901,0,1.3515,0.4505,3.1535,1.3515,0.901,0.901,0.4505,0.4505,0.4505,1.802,0.4505,0.4505,0.901,0.0001,0,0.0001,0,0.0001,0.0001,0,0.0001,0,0.0002,0.0001,0.0001,0.0001,0,0,0,0.0001,0,0,0.0001,0.2526,0.2969,0.2526,0.2969,
0,0,0,0,0,0.758,0,0,0.758,0,0.758,0.758,0,0.758,0,2.2741,0,0,1.5161,0,0,0,0,0,0,0.0001,0,0,0.0001,0,0.0001,0.0001,0,0.0001,0,0.0003,0,0,0.0002,0,0.161,0.0809,0.161,0.0809,
1.1293,0.5646,1.6939,0,0.5646,1.6939,0.5646,0.5646,0,0.5646,0.5646,0.5646,2.8232,1.1293,0,1.1293,0,1.6939,0.5646,1.1293,0.0001,0,0.0001,0,0,0.0001,0,0,0,0,0,0,0.0002,0.0001,0,0.0001,0,0.0001,0,0.0001,0.2267,0.2087,0.2267,0.2087,
0,0.7925,0,0,0.7925,0.7925,1.5851,1.1888,0.7925,0.7925,0.3963,0.3963,0.3963,0.7925,1.5851,0.7925,0.3963,0,0.7925,1.5851,0,0,0,0,0,0,0.0001,0.0001,0,0,0,0,0,0,0.0001,0,0,0,0,0.0001,0.2729,0.3308,0.2729,0.3308,
0.524,0,0.524,0,1.0479,4.1917,0,4.1917,0,2.0959,0.524,0,0.524,0,0.524,2.0959,2.0959,1.0479,0.524,1.0479,0,0,0,0,0.0001,0.0002,0,0.0002,0,0.0001,0,0,0,0,0,0.0001,0.0001,0.0001,0,0.0001,0.2249,0.2511,0.2249,0.2511,
1.8073,0,0,0,1.8073,1.2049,0,2.4097,0.6024,4.8195,0.6024,0,0,0,0.6024,1.8073,2.4097,0,0,0.6024,0.0001,0,0,0,0.0001,0.0001,0,0.0002,0,0.0003,0,0,0,0,0,0.0001,0.0002,0,0,0,0.2241,0.1735,0.2241,0.1735,
0.8642,0.8642,0,0,0,0,0.8642,2.5925,0.8642,0.8642,0,0,0,0,0,0.8642,0,0,0,0.8642,0.0001,0.0001,0,0,0,0,0.0001,0.0004,0.0001,0.0001,0,0,0,0,0,0.0001,0,0,0,0.0001,0.0609,0.075,0.0609,0.075,
0,0,0,0.5883,1.1765,0.5883,0,2.3531,0,3.5296,1.1765,1.1765,0,0.5883,1.1765,0.5883,1.7648,1.7648,0.5883,1.1765,0,0,0,0.0001,0.0001,0.0001,0,0.0002,0,0.0003,0.0001,0.0001,0,0.0001,0.0001,0.0001,0.0002,0.0002,0.0001,0.0001,0.2092,0.2025,0.2092,0.2025,
1.4991,2.9981,1.4991,0,0.9994,0.9994,0.9994,0.4997,0.9994,0.9994,0,0,0.4997,0,0,0.9994,2.9981,0.9994,0,1.4991,0.0001,0.0001,0.0001,0,0,0,0,0,0,0,0,0,0,0,0,0,0.0001,0,0,0.0001,0.2606,0.2397,0.2606,0.2397,
0.3955,0.791,0,1.5821,0.791,0.3955,0.3955,0.791,1.1866,0.3955,0.3955,0.791,1.1866,0.3955,1.1866,0.791,1.5821,1.1866,0.791,0,0,0,0,0.0001,0,0,0,0,0.0001,0,0,0,0.0001,0,0.0001,0,0.0001,0.0001,0,0,0.3378,0.2667,0.3378,0.2667,
0,1.4356,0.4785,0.4785,0.4785,0.957,1.4356,0.4785,1.9141,0.957,1.4356,0.957,0,0.957,0,1.4356,0.957,0.4785,0.4785,2.3926,0,0.0001,0,0,0,0,0.0001,0,0.0001,0,0.0001,0,0,0,0,0.0001,0,0,0,0.0001,0.207,0.3145,0.207,0.3145,
1.4085,0.3521,1.0564,0.7043,0.7043,0.7043,0,0.7043,0.3521,0.7043,1.4085,1.0564,0.3521,0.3521,1.0564,0.3521,0.7043,1.4085,2.8171,0.3521,0.0001,0,0.0001,0,0,0,0,0,0,0,0.0001,0.0001,0,0,0.0001,0,0,0.0001,0.0001,0,0.308,0.3399,0.308,0.3399,
1.634,1.2255,0.4085,1.2255,1.634,0.4085,0,0.817,0.817,1.634,0.4085,0.4085,0.4085,0.4085,1.2255,0.4085,0,0.817,0.4085,1.2255,0.0001,0.0001,0,0.0001,0.0001,0,0,0,0,0.0001,0,0,0,0,0.0001,0,0,0,0,0.0001,0.3245,0.267,0.3245,0.267,
0,0,0,0.718,0.718,0.718,0,0,0.718,0.718,0.718,0.718,1.4359,0,0.718,0,0,0,0,0.718,0,0,0,0.0001,0.0001,0.0001,0,0,0.0001,0.0001,0.0001,0.0001,0.0002,0,0.0001,0,0,0,0,0.0001,0.12,0.162,0.12,0.162,
0,0,1.119,1.119,1.492,1.119,0,1.865,0.746,0.746,0.373,1.865,0,0,1.119,1.119,0.373,2.6109,0.373,1.119,0,0,0.0001,0.0001,0.0001,0.0001,0,0.0001,0,0,0,0.0001,0,0,0.0001,0.0001,0,0.0002,0,0.0001,0.3305,0.2965,0.3305,0.2965,
0.8162,0,1.2244,0,0.4081,0.4081,0.8162,0.4081,0.8162,0.4081,0,1.6325,0.4081,1.2244,0.8162,2.0406,1.2244,0.8162,0.8162,0.8162,0.0001,0,0.0001,0,0,0,0.0001,0,0.0001,0,0,0.0001,0,0.0001,0.0001,0.0001,0.0001,0.0001,0.0001,0.0001,0.2998,0.2921,0.2998,0.2921,
2.0336,0.4067,0.4067,2.0336,0.4067,0.8134,0.8134,0.4067,0.8134,0.8134,0.4067,0.4067,0.4067,1.2201,0.8134,0,0.4067,0.8134,0.4067,0.8134,0.0001,0,0,0.0001,0,0.0001,0.0001,0,0.0001,0.0001,0,0,0,0.0001,0.0001,0,0,0.0001,0,0.0001,0.2891,0.3041,0.2891,0.3041,
0.4061,0.8122,0.8122,1.6245,1.2184,0.8122,0.8122,0.8122,0.8122,0.4061,1.2184,0,0.4061,2.0306,1.2184,0,0.8122,0.4061,0,1.2184,0,0,0,0.0001,0.0001,0,0,0,0,0,0.0001,0,0,0.0001,0.0001,0,0,0,0,0.0001,0.2944,0.2995,0.2944,0.2995,
0.8674,1.301,1.7347,1.301,2.6021,0.4337,0.4337,0,0.8674,0.4337,0.4337,0.4337,1.301,0.4337,0,0.4337,0.4337,1.7347,0.8674,0.4337,0,0.0001,0.0001,0.0001,0.0001,0,0,0,0,0,0,0,0.0001,0,0,0,0,0.0001,0,0,0.2689,0.2975,0.2689,0.2975,
1.1147,0,0,0,1.1147,4.4586,0,2.2293,0,3.344,0.5573,0.5573,0.5573,0,0.5573,2.2293,1.672,2.2293,0.5573,1.1147,0.0001,0,0,0,0.0001,0.0002,0,0.0001,0,0.0002,0,0,0,0,0,0.0001,0.0001,0.0001,0,0.0001,0.2056,0.2371,0.2056,0.2371,
0.6258,0,0,0,0.3129,1.2516,0.6258,0,1.8774,0.6258,0.6258,0.3129,0.9387,0.6258,4.6935,0,1.2516,0.6258,0.6258,0,0.0001,0,0,0,0,0.0001,0.0001,0,0.0002,0.0001,0.0001,0,0.0001,0.0001,0.0005,0,0.0001,0.0001,0.0001,0,0.3895,0.2976,0.3895,0.2976,
1.4294,0.3574,0.7147,1.0721,0.7147,1.4294,0.7147,1.4294,0,1.0721,1.4294,0.3574,0,0,1.0721,0.7147,0.7147,0.3574,1.0721,1.0721,0.0001,0,0,0.0001,0,0.0001,0,0.0001,0,0.0001,0.0001,0,0,0,0.0001,0,0,0,0.0001,0.0001,0.3304,0.3123,0.3304,0.3123,
0.8512,1.2768,1.2768,0.4256,0.8512,0.8512,0,1.2768,0.8512,1.7024,1.7024,0.4256,1.7024,0.4256,0.4256,0.4256,0.8512,1.2768,0.4256,2.128,0,0.0001,0.0001,0,0,0,0,0.0001,0,0.0001,0.0001,0,0.0001,0,0,0,0,0.0001,0,0.0001,0.2632,0.3112,0.2632,0.3112,
1.4349,0,0.9566,0,0.9566,0.4783,1.4349,0.9566,0.4783,0.4783,0.9566,0.4783,0.9566,0,0,0.4783,0.4783,0.9566,2.3915,1.4349,0.0001,0,0.0001,0,0.0001,0,0.0001,0.0001,0,0,0.0001,0,0.0001,0,0,0,0,0.0001,0.0002,0.0001,0.2175,0.3042,0.2175,0.3042,
0.3766,0.7532,0.7532,0.7532,0.3766,0.3766,1.5065,1.1299,0,1.5065,0.3766,1.8831,1.1299,0,1.5065,0.3766,1.1299,0.3766,1.5065,0,0,0,0,0,0,0,0.0001,0.0001,0,0.0001,0,0.0001,0.0001,0,0.0001,0,0.0001,0,0.0001,0,0.314,0.3094,0.314,0.3094,
0.639,0,0,0,1.9171,1.278,0,3.8341,0.639,4.4732,0.639,0,0,0.639,0,2.5561,1.9171,0.639,0,0.639,0,0,0,0,0.0001,0.0001,0,0.0002,0,0.0003,0,0,0,0,0,0.0002,0.0001,0,0,0,0.1787,0.1823,0.1787,0.1823,
0.3465,1.0395,2.4255,1.0395,0.3465,1.0395,2.079,0.693,0,1.0395,1.0395,0,0.693,1.0395,1.0395,0.693,0,0.3465,0.693,0.3465,0,0.0001,0.0001,0.0001,0,0.0001,0.0001,0,0,0.0001,0.0001,0,0,0.0001,0.0001,0,0,0,0,0,0.352,0.3015,0.352,0.3015,
1.507,0,0.7535,0.3767,1.507,0.3767,0,0.7535,0.7535,3.014,0.7535,0,0.7535,0.7535,1.8837,1.8837,0.7535,1.1302,0.7535,0.7535,0.0001,0,0,0,0.0001,0,0,0,0,0.0002,0,0,0,0,0.0001,0.0001,0,0.0001,0,0,0.2912,0.332,0.2912,0.332,
1.0637,0,0,2.1274,1.0637,0,0.5319,0.5319,1.5956,1.5956,0.5319,0,0.5319,0,0,0,1.0637,1.0637,0,0,0.0001,0,0,0.0002,0.0001,0,0.0001,0.0001,0.0002,0.0002,0.0001,0,0.0001,0,0,0,0.0001,0.0001,0,0,0.2932,0.1749,0.2932,0.1749,
0,0,0,0,0.7663,0,1.5326,0.7663,0,0.7663,0,0,0,0,0,2.2989,0,1.5326,0.7663,0,0,0,0,0,0.0001,0,0.0002,0.0001,0,0.0001,0,0,0,0,0,0.0004,0,0.0002,0.0001,0,0.1367,0.097,0.1367,0.097,
2.1211,0,0,0,2.1211,1.0605,0.5303,2.1211,0,1.5908,1.0605,1.5908,1.5908,1.5908,1.0605,2.1211,1.5908,2.1211,0.5303,0.5303,0.0001,0,0,0,0.0001,0.0001,0,0.0001,0,0.0001,0.0001,0.0001,0.0001,0.0001,0.0001,0.0001,0.0001,0.0001,0,0,0.226,0.2437,0.226,0.2437,
1.2481,0,0.416,0.8321,0.8321,0.416,0,2.4962,1.6642,0.8321,0.8321,0.8321,1.2481,2.4962,0.8321,1.2481,0.416,0,0,1.6642,0.0001,0,0,0.0001,0.0001,0,0,0.0002,0.0001,0.0001,0.0001,0.0001,0.0001,0.0002,0.0001,0.0001,0,0,0,0.0001,0.3088,0.2752,0.3088,0.2752,
1.6256,0,2.1675,0.5419,0.5419,0.5419,0,1.0837,0.5419,0,0,0.5419,1.6256,1.0837,0.5419,0.5419,0.5419,1.6256,0,0,0.0001,0,0.0002,0,0,0,0,0.0001,0,0,0,0,0.0001,0.0001,0,0,0,0.0001,0,0,0.2538,0.2043,0.2538,0.2043,
0.9307,0,0.4653,0.4653,0,0.4653,0,0.9307,1.396,2.7921,0,0.9307,0.4653,1.8614,0.4653,1.396,0.4653,0.4653,0,0.9307,0.0001,0,0,0,0,0,0,0.0001,0.0001,0.0002,0,0.0001,0,0.0001,0,0.0001,0,0,0,0.0001,0.2713,0.2633,0.2713,0.2633,
2.1307,0,0,0,0.5327,1.0654,0,1.5981,0,4.2615,1.5981,1.0654,1.0654,0.5327,1.5981,0.5327,1.0654,1.0654,1.0654,0.5327,0.0001,0,0,0,0,0.0001,0,0.0001,0,0.0003,0.0001,0.0001,0.0001,0,0.0001,0,0.0001,0.0001,0.0001,0,0.2406,0.2268,0.2406,0.2268,
1.926,0,0.4815,0.963,2.4075,0.4815,0,1.926,0,3.8521,0.4815,0,1.926,0.4815,0.963,0.963,0.4815,2.8891,0.4815,0.4815,0.0001,0,0,0.0001,0.0001,0,0,0.0001,0,0.0002,0,0,0.0001,0,0.0001,0.0001,0,0.0002,0,0,0.2694,0.2491,0.2694,0.2491,
0,0.6418,0.6418,0.6418,1.9253,1.2836,0,0,0.6418,0.6418,0,0.6418,0,0.6418,0,0,0.6418,1.2836,0.6418,0.6418,0,0,0,0,0.0001,0.0001,0,0,0,0,0,0,0,0,0,0,0,0.0001,0,0,0.1835,0.1748,0.1835,0.1748,
1.6659,1.2494,0,0.8329,1.2494,0.8329,0.8329,0,1.6659,0.8329,0.4165,1.2494,1.6659,0.8329,0,0.4165,0.4165,1.2494,0.4165,1.2494,0.0001,0.0001,0,0,0.0001,0,0,0,0.0001,0,0,0.0001,0.0001,0,0,0,0,0.0001,0,0.0001,0.3098,0.2737,0.3098,0.2737,
1.7162,0,0.5721,1.1441,1.1441,1.7162,0.5721,1.7162,0.5721,0.5721,0,0.5721,0,0,0,1.1441,0.5721,1.1441,0,1.1441,0.0001,0,0,0.0001,0.0001,0.0001,0,0.0001,0,0,0,0,0,0,0,0.0001,0,0.0001,0,0.0001,0.1884,0.2395,0.1884,0.2395,
0.53,0.53,0.53,0,2.1198,0.53,0.53,1.0599,0,1.5899,0,2.1198,1.0599,0.53,1.5899,2.1198,1.0599,0.53,0,0.53,0,0,0,0,0.0001,0,0,0.0001,0,0.0001,0,0.0001,0.0001,0,0.0001,0.0001,0.0001,0,0,0,0.243,0.2271,0.243,0.2271,
2.0085,0.6695,0,0.6695,2.0085,2.0085,0,0.6695,0.6695,3.3476,0.6695,0,0,0.6695,0,0.6695,1.339,1.339,0,0,0.0001,0,0,0,0.0001,0.0001,0,0,0,0.0002,0,0,0,0,0,0,0.0001,0.0001,0,0,0.1987,0.1318,0.1987,0.1318,
0,1.4897,0.7448,0,0.7448,0,0.7448,0,0,0.7448,0.7448,0,0.7448,1.4897,0,0.7448,0,1.4897,0,0.7448,0,0.0001,0.0001,0,0.0001,0,0.0001,0,0,0.0001,0.0001,0,0.0001,0.0001,0,0.0001,0,0.0001,0,0.0001,0.1277,0.1275,0.1277,0.1275,
1.2368,0,0.8245,0.8245,0.8245,0.4123,0,1.6491,0,0,1.2368,0.4123,1.6491,2.0613,2.0613,1.6491,0.8245,0.8245,0.4123,0.8245,0.0001,0,0.0001,0.0001,0.0001,0,0,0.0001,0,0,0.0001,0,0.0001,0.0001,0.0001,0.0001,0.0001,0.0001,0,0.0001,0.2767,0.311,0.2767,0.311,
1.1612,0.5806,1.7417,1.1612,0,0,0,0.5806,0,0.5806,0.5806,0,0,0,1.1612,0.5806,0,1.1612,0.5806,1.1612,0.0001,0,0.0001,0.0001,0,0,0,0,0,0,0,0,0,0,0.0001,0,0,0.0001,0,0.0001,0.1841,0.2353,0.1841,0.2353,
1.7399,0.348,0,0,0.348,1.044,0.696,0,1.7399,0.696,0.696,0.348,0.696,0.348,3.8279,0.348,1.3919,0.696,0,0.348,0.0001,0,0,0,0,0.0001,0.0001,0,0.0001,0.0001,0.0001,0,0.0001,0,0.0003,0,0.0001,0.0001,0,0,0.3456,0.3064,0.3456,0.3064,
0,3.5791,0,1.193,0.5965,2.9826,0,0,0,0.5965,0,1.193,1.7895,0,0.5965,1.193,2.3861,1.193,0.5965,0,0,0.0001,0,0,0,0.0001,0,0,0,0,0,0,0.0001,0,0,0,0.0001,0,0,0,0.2221,0.1814,0.2221,0.1814,
0.6833,0.6833,0,1.3665,0.6833,0,0.6833,0,0.6833,0,0,0.6833,0,1.3665,0,1.3665,0,0.6833,0,0.6833,0.0001,0.0001,0,0.0001,0.0001,0,0.0001,0,0.0001,0,0,0.0001,0,0.0001,0,0.0001,0,0.0001,0,0.0001,0.17,0.1467,0.17,0.1467,
1.2262,0.8175,0,1.6349,0.4087,0.4087,1.6349,1.2262,0.8175,0.8175,1.6349,0.4087,1.6349,1.6349,0.4087,0.8175,0.8175,1.2262,0.4087,0,0.0001,0.0001,0,0.0001,0,0,0.0001,0.0001,0.0001,0.0001,0.0001,0,0.0001,0.0001,0,0.0001,0.0001,0.0001,0,0,0.3218,0.2695,0.3218,0.2695,
1.1213,0.7475,0,0.7475,1.495,0,0.7475,0.3738,0.7475,1.1213,0.7475,0.3738,2.2426,0,1.495,0.3738,1.1213,1.1213,1.495,0.7475,0.0001,0,0,0,0.0001,0,0,0,0,0.0001,0,0,0.0001,0,0.0001,0,0.0001,0.0001,0.0001,0,0.3643,0.2619,0.3643,0.2619,
1.2054,0,0,0.8036,0.4018,1.2054,1.2054,0.4018,0.8036,0.4018,1.2054,0.8036,0.8036,0.4018,0.8036,2.8126,0.8036,0,1.2054,1.2054,0.0001,0,0,0.0001,0,0.0001,0.0001,0,0.0001,0,0.0001,0.0001,0.0001,0,0.0001,0.0002,0.0001,0,0.0001,0.0001,0.3028,0.2954,0.3028,0.2954,
0.5762,1.1524,2.3048,0,0.5762,0.5762,0,0,0,0,0,0,0,0,0.5762,1.7286,0.5762,1.1524,0.5762,1.1524,0,0.0001,0.0001,0,0,0,0,0,0,0,0,0,0,0,0,0.0001,0,0.0001,0,0.0001,0.2577,0.1661,0.2577,0.1661,
0,0,0,0,0,0.8984,0,0.4492,0,0,0,0,1.3476,0,9.8824,1.7968,0,0.4492,0,0,0,0,0,0,0,0.0001,0,0.0001,0,0,0,0,0.0002,0,0.0012,0.0002,0,0.0001,0,0,0.2175,0.3333,0.2175,0.3333,
0,0,0,0,0,0,0.8404,0.8404,0,1.6808,1.6808,0.8404,0,0.8404,0,0.8404,0,0,0,0.8404,0,0,0,0,0,0,0.0001,0.0001,0,0.0003,0.0003,0.0001,0,0.0001,0,0.0001,0,0,0,0.0001,0.0897,0.07,0.0897,0.07,
1.4548,2.9097,0,0.9699,0.9699,0.9699,0,1.9398,0.9699,0,0.9699,0.4849,0.9699,1.9398,0.4849,0.9699,1.4548,0.4849,0.9699,0.9699,0.0001,0.0001,0,0,0,0,0,0.0001,0,0,0,0,0,0.0001,0,0,0.0001,0,0,0,0.2579,0.2571,0.2579,0.2571,
2.4226,0,0,0.6056,0.6056,1.8169,0,3.6339,0,2.4226,1.8169,0.6056,0.6056,0.6056,1.2113,0,0.6056,1.2113,0,0,0.0002,0,0,0,0,0.0001,0,0.0003,0,0.0002,0.0001,0,0,0,0.0001,0,0,0.0001,0,0,0.1727,0.2216,0.1727,0.2216,
0.7028,0,0,1.4057,0,0.7028,0,1.4057,0.7028,0.7028,0.7028,0.7028,0,0,0,0,2.1085,0.7028,0,0.7028,0.0001,0,0,0.0002,0,0.0001,0,0.0002,0.0001,0.0001,0.0001,0.0001,0,0,0,0,0.0003,0.0001,0,0.0001,0.1657,0.1314,0.1657,0.1314,
1.5397,3.0793,1.0264,0,0.5132,0.5132,1.5397,0,0,1.0264,0.5132,1.5397,1.0264,1.0264,0,3.0793,0.5132,0.5132,1.0264,1.5397,0.0001,0.0001,0,0,0,0,0.0001,0,0,0,0,0.0001,0,0,0,0.0001,0,0,0,0.0001,0.2581,0.2287,0.2581,0.2287,
1.8977,0.6326,0,1.2651,1.8977,1.8977,0,1.8977,0,3.1628,2.5302,0,1.8977,0,0,1.2651,0.6326,2.5302,1.2651,1.2651,0.0001,0,0,0.0001,0.0001,0.0001,0,0.0001,0,0.0001,0.0001,0,0.0001,0,0,0.0001,0,0.0001,0.0001,0.0001,0.1988,0.1686,0.1988,0.1686,
2.0099,0.5025,1.005,0,1.005,1.005,0,0,0.5025,0,1.005,1.5075,1.5075,0.5025,1.005,0,1.5075,1.005,1.005,0,0.0001,0,0.0001,0,0.0001,0.0001,0,0,0,0,0.0001,0.0001,0.0001,0,0.0001,0,0.0001,0.0001,0.0001,0,0.2574,0.2401,0.2574,0.2401,
0.8969,0.8969,0.4484,0.8969,1.3453,0,3.1391,1.3453,0.8969,0.4484,1.3453,0.8969,0.8969,0.8969,0.8969,1.3453,0.4484,0.4484,0,1.3453,0.0001,0.0001,0,0.0001,0.0001,0,0.0002,0.0001,0.0001,0,0.0001,0.0001,0.0001,0.0001,0.0001,0.0001,0,0,0,0.0001,0.244,0.3075,0.244,0.3075,
0.8177,0,0,0,1.6353,1.6353,0,0,0,0,0,0,0.8177,0,0.8177,1.6353,0.8177,0,0,0,0.0001,0,0,0,0.0002,0.0002,0,0,0,0,0,0,0.0001,0,0.0001,0.0002,0.0001,0,0,0,0.0761,0.1062,0.0761,0.1062,
2.583,0.6458,0,0,1.9373,2.583,0,3.8745,0.6458,5.166,0.6458,0,0,0,0,1.2915,0,0,0,0.6458,0.0001,0,0,0,0.0001,0.0001,0,0.0002,0,0.0003,0,0,0,0,0,0.0001,0,0,0,0,0.2008,0.1534,0.2008,0.1534,
0.7827,0.7827,0.7827,0.7827,0.7827,0,0,1.5654,0,0,0,0,0.7827,2.348,0,0,0,0,0,0,0.0001,0.0001,0.0001,0.0001,0.0001,0,0,0.0002,0,0,0,0,0.0001,0.0003,0,0,0,0,0,0,0.1221,0.0952,0.1221,0.0952,
0.7382,0,0.7382,0,0.7382,0,2.2145,0.7382,0,0,0,0,0.7382,0,0,0.7382,0.7382,0,0,0,0.0001,0,0.0001,0,0.0001,0,0.0004,0.0001,0,0,0,0,0.0001,0,0,0.0001,0.0001,0,0,0,0.1466,0.1153,0.1466,0.1153,
0.4882,0.9763,0,0.9763,0,0,0.9763,0.4882,0.9763,0.9763,0.9763,1.4645,0.4882,1.4645,0.9763,0,0.4882,0.4882,0.9763,0.4882,0,0.0001,0,0.0001,0,0,0.0001,0,0.0001,0.0001,0.0001,0.0001,0,0.0001,0.0001,0,0,0,0.0001,0,0.2788,0.233,0.2788,0.233,
1.1215,0.5608,0.5608,0,0.5608,0,0.5608,1.6823,0,2.2431,1.1215,0,2.8039,0.5608,0.5608,3.9254,2.8039,0.5608,0,1.6823,0.0001,0,0,0,0,0,0,0.0001,0,0.0001,0.0001,0,0.0001,0,0,0.0002,0.0001,0,0,0.0001,0.2294,0.2098,0.2294,0.2098,
2.9928,0,0.5986,0.5986,1.1971,2.9928,0,1.1971,0.5986,4.7885,0.5986,0,0.5986,0.5986,0,0.5986,0.5986,0.5986,0.5986,0,0.0002,0,0,0,0.0001,0.0002,0,0.0001,0,0.0003,0,0,0,0,0,0,0,0,0,0,0.1956,0.2058,0.1956,0.2058,
0.5353,0,0,1.0707,1.606,0.5353,0,0.5353,0,3.7473,0.5353,3.212,0.5353,1.0707,0.5353,2.1413,1.0707,1.606,0.5353,1.0707,0,0,0,0.0001,0.0001,0,0,0,0,0.0002,0,0.0002,0,0.0001,0,0.0001,0.0001,0.0001,0,0.0001,0.2472,0.2175,0.2472,0.2175,
0,0,0.789,0.789,0.789,0,0,0,0,1.578,0,0.789,0,0,0,0.789,1.578,0.789,0,0,0,0,0.0001,0.0001,0.0001,0,0,0,0,0.0002,0,0.0001,0,0,0,0.0001,0.0002,0.0001,0,0,0.1163,0.0947,0.1163,0.0947,
1.536,0.768,0.768,1.536,1.9199,0,0.384,1.536,0.384,1.152,0.768,0,0.384,1.9199,0.768,0.768,1.536,0.768,0.768,0.384,0.0001,0,0,0.0001,0.0001,0,0,0.0001,0,0.0001,0,0,0,0.0001,0,0,0.0001,0,0,0,0.2652,0.3509,0.2652,0.3509,
0,1.3192,1.3192,1.3192,0.4397,0,1.3192,0.8795,0.8795,0.4397,0.4397,0.8795,2.1987,0,0.4397,0.4397,0.4397,1.7589,0.8795,0.8795,0,0.0001,0.0001,0.0001,0,0,0.0001,0,0,0,0,0,0.0001,0,0,0,0,0.0001,0,0,0.2571,0.3032,0.2571,0.3032,
1.5397,0,2.0529,0.5132,0.5132,1.0264,0,0.5132,0,1.5397,0.5132,0.5132,1.0264,0,1.5397,0,0.5132,2.0529,0,1.5397,0.0001,0,0.0002,0,0,0.0001,0,0,0,0.0001,0,0,0.0001,0,0.0001,0,0,0.0002,0,0.0001,0.2784,0.2084,0.2784,0.2084,
0,1.1818,0.3939,0.3939,1.9697,0.3939,0,1.5757,0.7879,0.3939,1.5757,0.3939,1.1818,1.1818,1.5757,0.3939,0.3939,0.7879,0.7879,0.7879,0,0.0001,0,0,0.0001,0,0,0.0001,0,0,0.0001,0,0.0001,0.0001,0.0001,0,0,0,0,0,0.3185,0.2876,0.3185,0.2876,
1.3898,0.4633,0.4633,1.3898,0.4633,0.4633,0.9265,0.4633,1.3898,0.4633,0.4633,0.4633,0.4633,0.9265,0.4633,0.4633,0.9265,0.4633,0.9265,0.9265,0.0001,0,0,0.0001,0,0,0.0001,0,0.0001,0,0,0,0,0.0001,0,0,0.0001,0,0.0001,0.0001,0.3173,0.2194,0.3173,0.2194,
1.59,0,1.06,0.53,1.06,1.59,0,0.53,1.59,0,1.06,0,0,1.59,0,0,0.53,0.53,0,1.06,0.0001,0,0.0001,0,0.0001,0.0001,0,0,0.0001,0,0.0001,0,0,0.0001,0,0,0,0,0,0.0001,0.2275,0.2425,0.2275,0.2425,
1.1361,1.7041,0,0,2.2721,0.568,1.1361,0.568,0,0.568,1.1361,1.1361,1.1361,2.2721,0.568,2.8402,1.1361,1.7041,0,1.7041,0,0.0001,0,0,0.0001,0,0,0,0,0,0,0,0,0.0001,0,0.0001,0,0.0001,0,0.0001,0.2238,0.2082,0.2238,0.2082,
0.4378,1.7513,0.4378,0.4378,0.4378,1.3135,0.8756,1.3135,0.4378,0.8756,0.8756,0.8756,0,1.3135,0.8756,0.4378,0.4378,1.3135,1.7513,2.6269,0,0.0001,0,0,0,0.0001,0,0.0001,0,0,0,0,0,0.0001,0,0,0,0.0001,0.0001,0.0001,0.2749,0.2873,0.2749,0.2873,
1.0973,0.3658,1.463,0.7315,0,1.463,0.3658,0.3658,1.0973,1.463,0.7315,0,1.0973,0.3658,1.0973,0.3658,1.0973,0,2.1945,1.0973,0.0001,0,0.0001,0,0,0.0001,0,0,0.0001,0.0001,0,0,0.0001,0,0.0001,0,0.0001,0,0.0001,0.0001,0.3206,0.3137,0.3206,0.3137,
0.6157,0,0.6157,0.6157,0.6157,1.8471,0.6157,0,0,0,0,0,0,0,1.2314,0,0,1.2314,0,1.2314,0.0001,0,0.0001,0.0001,0.0001,0.0002,0.0001,0,0,0,0,0,0,0,0.0002,0,0,0.0002,0,0.0002,0.2466,0.1377,0.2466,0.1377,
0.3449,3.1041,0,0,0,0,0,0,0,0,0.3449,0,0,0.3449,10.0021,1.0347,0.3449,0.6898,0,0.6898,0,0.0002,0,0,0,0,0,0,0,0,0,0,0,0,0.0005,0.0001,0,0,0,0,0.3406,0.3145,0.3406,0.3145,
0.6112,0.6112,0.9168,0.3056,1.2224,0.6112,0.9168,0.3056,1.2224,0,0.6112,0,0.9168,0.3056,1.2224,0.6112,0.9168,0.6112,1.2224,1.5279,0,0,0.0001,0,0.0001,0,0.0001,0,0.0001,0,0,0,0.0001,0,0.0001,0,0.0001,0,0.0001,0.0001,0.3263,0.3682,0.3263,0.3682,
1.7102,0.8551,0.8551,0.8551,2.9929,0.4276,0,1.2827,0.4276,3.4205,0.4276,0.4276,1.7102,0.4276,0.4276,2.1378,1.7102,0.8551,0,0.4276,0.0001,0,0,0,0.0001,0,0,0.0001,0,0.0001,0,0,0.0001,0,0,0.0001,0.0001,0,0,0,0.2917,0.2807,0.2917,0.2807,
1.8077,0,0,0,3.0129,0.6026,0,1.8077,1.2052,2.4103,1.2052,0,1.8077,0.6026,0,3.0129,1.8077,2.4103,0,0.6026,0.0001,0,0,0,0.0002,0,0,0.0001,0.0001,0.0001,0.0001,0,0.0001,0,0,0.0002,0.0001,0.0001,0,0,0.2097,0.1877,0.2097,0.1877,
0.4105,0,0.4105,1.6419,0.8209,0.8209,0.4105,0,2.0523,0.8209,0.4105,0.8209,0,0.4105,0,1.6419,0.4105,0.4105,0.4105,0.8209,0,0,0,0.0001,0.0001,0.0001,0,0,0.0002,0.0001,0,0.0001,0,0,0,0.0001,0,0,0,0.0001,0.2726,0.3169,0.2726,0.3169,
0.7102,0.3551,1.4205,1.0654,0.7102,1.0654,0.3551,0.7102,1.0654,0.7102,1.4205,0.3551,1.4205,0.3551,1.0654,0.7102,1.0654,0,1.0654,1.0654,0,0,0.0001,0.0001,0,0.0001,0,0,0.0001,0,0.0001,0,0.0001,0,0.0001,0,0.0001,0,0.0001,0.0001,0.303,0.3419,0.303,0.3419,
1.3064,0.3266,0.3266,0.9798,0.9798,0.9798,0.6532,1.3064,0.3266,1.3064,1.633,0.6532,0.3266,0.3266,2.2862,0,0.6532,0.6532,0.3266,0.3266,0.0001,0,0,0.0001,0.0001,0.0001,0,0.0001,0,0.0001,0.0001,0,0,0,0.0002,0,0,0,0,0,0.3283,0.3451,0.3283,0.3451,
0.6755,1.3509,1.0132,0.3377,1.0132,1.6886,0.3377,0.3377,2.3641,0.6755,0.3377,0.3377,0.6755,0.6755,1.0132,0.3377,1.3509,1.0132,0,1.0132,0,0.0001,0,0,0,0.0001,0,0,0.0001,0,0,0,0,0,0,0,0.0001,0,0,0,0.3404,0.3218,0.3404,0.3218,
0,0,0.7704,0,0.7704,1.5408,0,1.5408,0,0,0.7704,1.5408,0,0,0,1.5408,0,0.7704,0,0,0,0,0.0001,0,0.0001,0.0001,0,0.0001,0,0,0.0001,0.0001,0,0,0,0.0001,0,0.0001,0,0,0.1502,0.0794,0.1502,0.0794,
1.9746,0,0.4936,0.4936,2.9619,0.4936,0,1.4809,0.4936,1.9746,0.4936,0.9873,1.4809,0,0.4936,0.9873,2.4682,1.9746,0.4936,0.4936,0.0001,0,0,0,0.0002,0,0,0.0001,0,0.0001,0,0.0001,0.0001,0,0,0.0001,0.0001,0.0001,0,0,0.2455,0.2608,0.2455,0.2608,
0,0,0,0,0,1.5534,0.7767,0,0,0.7767,0,0,0.7767,0.7767,0,0.7767,0,0,1.5534,0.7767,0,0,0,0,0,0.0002,0.0001,0,0,0.0001,0,0,0.0001,0.0001,0,0.0001,0,0,0.0002,0.0001,0.1397,0.0836,0.1397,0.0836,
0.4682,0,0,0,1.8729,0,0.4682,1.8729,0,3.7457,1.4046,0.4682,0.4682,0.4682,2.3411,1.4046,0.4682,0.9364,0,0.4682,0,0,0,0,0.0002,0,0,0.0002,0,0.0003,0.0001,0,0,0,0.0002,0.0001,0,0.0001,0,0,0.2447,0.2871,0.2447,0.2871,
0,0.8565,1.7131,2.1414,1.2848,1.2848,0.8565,0.8565,0.8565,0.8565,0,0.4283,0.8565,0.8565,0,0.4283,0.4283,0.4283,0.4283,0.8565,0,0,0.0001,0.0001,0.0001,0.0001,0,0,0,0,0,0,0,0,0,0,0,0,0,0,0.289,0.2827,0.289,0.2827,
0,0.6112,0,0.6112,0.6112,0.6112,1.2224,0,0,0,0.6112,1.2224,2.4449,0.6112,1.2224,0.6112,0.6112,0,0,0.6112,0,0.0001,0,0.0001,0.0001,0.0001,0.0001,0,0,0,0.0001,0.0001,0.0003,0.0001,0.0001,0.0001,0.0001,0,0,0.0001,0.2151,0.1737,0.2151,0.1737,
0,0,2.902,1.0882,1.451,1.8137,0,0.7255,0,2.5392,0,0.3627,1.0882,0,1.0882,1.8137,0.3627,1.8137,0,0,0,0,0.0002,0.0001,0.0001,0.0001,0,0,0,0.0001,0,0,0.0001,0,0.0001,0.0001,0,0.0001,0,0,0.3438,0.2934,0.3438,0.2934,
1.0998,1.0998,0,0.5499,0,0.5499,2.1996,0.5499,0.5499,1.6497,1.0998,2.1996,0.5499,0.5499,0,1.0998,0,2.1996,0.5499,0.5499,0.0001,0.0001,0,0,0,0,0.0001,0,0,0.0001,0.0001,0.0001,0,0,0,0.0001,0,0.0001,0,0,0.2248,0.2252,0.2248,0.2252,
0.8056,0.8056,0,0.8056,0,0.8056,0,0,0,0,0.8056,0.8056,0,0,0,0.8056,0.8056,0.8056,0,0.8056,0.0001,0.0001,0,0.0001,0,0.0001,0,0,0,0,0.0001,0.0001,0,0,0,0.0001,0.0001,0.0001,0,0.0001,0.1074,0.0871,0.1074,0.0871,
2.0258,0,1.2155,0.4052,2.0258,0.8103,0.4052,2.431,0.8103,2.431,0.4052,0.4052,1.6207,0.4052,0.4052,1.2155,1.6207,0.4052,0.4052,0.4052,0.0001,0,0.0001,0,0.0001,0,0,0.0001,0,0.0001,0,0,0.0001,0,0,0.0001,0.0001,0,0,0,0.2783,0.3165,0.2783,0.3165,
0,0,0,0,0,2.4439,0,0.8146,0,0.8146,0.8146,0,0.8146,0,0.8146,1.6292,0.8146,0,0,0,0,0,0,0,0,0.0004,0,0.0001,0,0.0001,0.0001,0,0.0001,0,0.0001,0.0003,0.0001,0,0,0,0.1138,0.0716,0.1138,0.0716,
0.3738,0,0.7477,0.3738,0.7477,1.1215,1.4953,0,0.3738,1.1215,0.3738,2.243,1.1215,1.1215,0.7477,0.3738,1.4953,1.1215,1.1215,1.1215,0,0,0,0,0,0.0001,0.0001,0,0,0.0001,0,0.0001,0.0001,0.0001,0,0,0.0001,0.0001,0.0001,0.0001,0.3369,0.2893,0.3369,0.2893,
0.6908,0,0.6908,0.6908,0,1.3816,0,0,0.6908,0,0,0,0,0,0,0,0,1.3816,0.6908,1.3816,0.0001,0,0.0001,0.0001,0,0.0002,0,0,0.0001,0,0,0,0,0,0,0,0,0.0002,0.0001,0.0002,0.206,0.1032,0.206,0.1032,
0.7503,0.7503,0.7503,1.1254,2.2508,1.1254,0.7503,0.7503,0.3751,2.2508,2.2508,0.3751,0.7503,1.1254,0.3751,0.7503,0.3751,0.3751,1.1254,0,0,0,0,0,0.0001,0,0,0,0,0.0001,0.0001,0,0,0,0,0,0,0,0,0,0.3343,0.2906,0.3343,0.2906,
1.6736,0,0,0.3347,0.6695,0.6695,0.3347,0,2.0084,1.0042,1.0042,0.3347,0.3347,1.3389,3.0125,1.0042,1.3389,0.6695,0,0.3347,0.0001,0,0,0,0.0001,0.0001,0,0,0.0002,0.0001,0.0001,0,0,0.0001,0.0003,0.0001,0.0001,0.0001,0,0,0.3576,0.3077,0.3576,0.3077,
1.2889,3.8666,0,0.6444,0,1.2889,0,1.2889,0,1.2889,0,1.2889,1.2889,0,0.6444,1.9333,1.2889,1.9333,0,1.2889,0,0.0001,0,0,0,0,0,0,0,0,0,0,0,0,0,0.0001,0,0.0001,0,0,0.1768,0.1787,0.1768,0.1787,
0.7687,0.3843,0.7687,1.5373,1.5373,0.7687,0.7687,0.7687,0,1.153,0.3843,1.5373,1.153,0.3843,0.7687,0.3843,0,1.9217,1.9217,0,0,0,0,0.0001,0.0001,0,0,0,0,0.0001,0,0.0001,0.0001,0,0,0,0,0.0001,0.0001,0,0.2765,0.3391,0.2765,0.3391,
2.6555,1.3277,0,1.3277,0,0.4426,0.4426,0.8852,0,0.4426,1.3277,0,2.2129,0,1.7703,0.8852,0.4426,2.2129,0.4426,0.8852,0.0001,0.0001,0,0.0001,0,0,0,0,0,0,0.0001,0,0.0001,0,0.0001,0,0,0.0001,0,0,0.2756,0.2818,0.2756,0.2818,
3.1475,0,0,1.259,1.259,1.259,0,3.1475,0,4.4065,1.259,0,1.8885,0,0.6295,0.6295,1.259,1.259,0,1.259,0.0002,0,0,0.0001,0.0001,0.0001,0,0.0002,0,0.0003,0.0001,0,0.0001,0,0,0,0.0001,0.0001,0,0.0001,0.1617,0.2088,0.1617,0.2088,
0.3556,1.0668,1.0668,2.4892,1.4224,1.4224,0.7112,0.7112,0.3556,1.0668,1.0668,0.3556,1.4224,0,0.7112,1.0668,1.0668,0.3556,0.3556,0.7112,0,0.0001,0.0001,0.0001,0.0001,0.0001,0,0,0,0.0001,0.0001,0,0.0001,0,0,0.0001,0.0001,0,0,0,0.2733,0.3711,0.2733,0.3711,
1.6476,1.2357,0.4119,0.4119,1.6476,0.4119,0.8238,0.4119,0.4119,0.8238,0.8238,1.2357,1.6476,0.4119,1.2357,0.8238,0.8238,1.2357,1.2357,0.4119,0.0001,0.0001,0,0,0.0001,0,0,0,0,0,0,0.0001,0.0001,0,0.0001,0,0,0.0001,0.0001,0,0.3394,0.2487,0.3394,0.2487,
1.5052,0.3763,0.3763,0.7526,0.7526,1.5052,1.1289,0.7526,0.3763,1.5052,0.3763,1.5052,1.1289,0.3763,0.7526,0.3763,1.1289,1.1289,0.7526,0.7526,0.0001,0,0,0,0,0.0001,0.0001,0,0,0.0001,0,0.0001,0.0001,0,0,0,0.0001,0.0001,0,0,0.2814,0.3423,0.2814,0.3423,
1.4907,0.3727,0.7454,1.118,0.3727,1.118,0,1.4907,0,0.7454,0.7454,0.3727,1.118,1.4907,0.7454,0.3727,0,1.4907,1.4907,1.4907,0.0001,0,0,0.0001,0,0.0001,0,0.0001,0,0,0,0,0.0001,0.0001,0,0,0,0.0001,0.0001,0.0001,0.3149,0.3124,0.3149,0.3124,
0.4093,1.228,0.8187,1.6374,0.8187,0,1.228,0.8187,0.4093,2.0467,0.4093,0.8187,0.4093,0.4093,1.228,0.4093,0.4093,0.4093,0,1.228,0,0.0001,0,0.0001,0,0,0.0001,0,0,0.0001,0,0,0,0,0.0001,0,0,0,0,0.0001,0.3296,0.261,0.3296,0.261,
1.4453,0,0,0,0.9635,0.4818,0,0.4818,2.4088,0.9635,1.4453,1.4453,0,0.4818,1.4453,1.4453,0.9635,0.4818,0,0.4818,0.0001,0,0,0,0.0001,0,0,0,0.0002,0.0001,0.0001,0.0001,0,0,0.0001,0.0001,0.0001,0,0,0,0.2157,0.3025,0.2157,0.3025,
0,0.5121,0,1.0243,0.5121,0.5121,1.5364,0,0.5121,1.0243,0,0.5121,1.0243,0,1.5364,0,0.5121,0.5121,0,1.0243,0,0,0,0.0001,0,0,0.0001,0,0,0.0001,0,0,0.0001,0,0.0001,0,0,0,0,0.0001,0.2628,0.2251,0.2628,0.2251,
0.7037,0.7037,0,0.3518,0.7037,2.111,0,0.7037,1.0555,0.3518,1.0555,0.3518,0.3518,0.7037,2.4628,1.4073,1.4073,0.7037,0.7037,0.3518,0,0,0,0,0,0.0001,0,0,0.0001,0,0.0001,0,0,0,0.0001,0.0001,0.0001,0,0,0,0.2959,0.3523,0.2959,0.3523,
0.4192,0.8383,0.8383,0.4192,0.4192,1.6766,0.8383,1.2575,1.2575,0,0.4192,0.4192,0.8383,1.2575,0.8383,0.8383,0.4192,0,0.4192,1.2575,0,0,0,0,0,0.0001,0,0.0001,0.0001,0,0,0,0,0.0001,0,0,0,0,0,0.0001,0.2883,0.2926,0.2883,0.2926,
0.684,0.342,0,0.342,0.684,1.0261,0.342,0.342,1.0261,1.7101,1.7101,0.684,0.342,1.0261,2.3941,3.4202,0.342,0.342,0,0,0,0,0,0,0,0.0001,0,0,0.0001,0.0001,0.0001,0,0,0.0001,0.0001,0.0002,0,0,0,0,0.3587,0.2993,0.3587,0.2993,
0,0,0.5076,1.0152,0,0,0,0,2.5381,0,0,0.5076,4.5685,0,0,0,0,2.0305,0,1.5228,0,0,0.0001,0.0001,0,0,0,0,0.0003,0,0,0.0001,0.0005,0,0,0,0,0.0002,0,0.0002,0.2056,0.2867,0.2056,0.2867,
0.6259,0,0,0.6259,0,2.5034,0,1.2517,0,0.6259,0,0.6259,1.2517,2.5034,0.6259,2.5034,0.6259,0.6259,1.2517,0,0.0001,0,0,0.0001,0,0.0002,0,0.0001,0,0.0001,0,0.0001,0.0001,0.0002,0.0001,0.0002,0.0001,0.0001,0.0001,0,0.1899,0.1843,0.1899,0.1843,
0.8744,0,0.4372,0.4372,2.6231,0.8744,0,1.3115,0.4372,3.9346,0.4372,0.8744,1.3115,0,0.8744,1.3115,1.7487,0.8744,0.4372,0.4372,0,0,0,0,0.0001,0,0,0.0001,0,0.0002,0,0,0.0001,0,0,0.0001,0.0001,0,0,0,0.2692,0.2936,0.2692,0.2936,
0,2.1192,0,0,0.7064,0,0,0.7064,0,0,0,0.7064,1.4128,0,1.4128,0,0,0,0,0,0,0.0001,0,0,0,0,0,0,0,0,0,0,0.0001,0,0.0001,0,0,0,0,0,0.1426,0.1509,0.1426,0.1509,
1.1733,0.3911,0,0.3911,0,0.7822,0.3911,1.1733,2.7376,0,0.3911,0.3911,0.7822,0.7822,2.3465,1.1733,0,2.3465,0,0.7822,0.0001,0,0,0,0,0.0001,0,0.0001,0.0002,0,0,0,0.0001,0.0001,0.0002,0.0001,0,0.0002,0,0.0001,0.3404,0.2685,0.3404,0.2685,
0.8381,0.419,0.8381,0.419,0.8381,0.8381,1.6761,0.419,1.2571,0.419,0,0.8381,0.8381,0.419,0.419,1.6761,1.6761,0.8381,0,0.8381,0.0001,0,0.0001,0,0.0001,0.0001,0.0001,0,0.0001,0,0,0.0001,0.0001,0,0,0.0001,0.0001,0.0001,0,0.0001,0.2889,0.2921,0.2889,0.2921,
1.7512,0,0.7005,0,0.3502,1.0507,0.3502,0.3502,2.4517,1.0507,0.7005,0.3502,0.3502,0.3502,3.5025,1.0507,1.0507,0.3502,0,0.3502,0.0001,0,0.0001,0,0,0.0001,0,0,0.0002,0.0001,0.0001,0,0,0,0.0003,0.0001,0.0001,0,0,0,0.3304,0.3194,0.3304,0.3194,
3.0324,0,1.5162,0,0.379,0.7581,1.1371,0,0,0.379,0,1.1371,0.379,0.7581,1.5162,0.379,0.7581,2.2743,0.379,0.7581,0.0002,0,0.0001,0,0,0.0001,0.0001,0,0,0,0,0.0001,0,0.0001,0.0001,0,0.0001,0.0002,0,0.0001,0.3188,0.3021,0.3188,0.3021,
0,1.0197,0,0.5098,2.5492,0.5098,1.0197,0.5098,0.5098,0.5098,1.0197,0.5098,0.5098,0,0.5098,1.5295,0,0.5098,0.5098,0.5098,0,0.0001,0,0,0.0001,0,0.0001,0,0,0,0.0001,0,0,0,0,0.0001,0,0,0,0,0.2623,0.2279,0.2623,0.2279,
0.6406,0,0,0,0.6406,1.9218,1.9218,0,0.6406,0,0,0.6406,0.6406,0.6406,0.6406,0.6406,0,0,0.6406,0,0.0001,0,0,0,0.0001,0.0003,0.0003,0,0.0001,0,0,0.0001,0.0001,0.0001,0.0001,0.0001,0,0,0.0001,0,0.1659,0.1935,0.1659,0.1935,
0,1.1055,1.1055,1.4739,0.737,0.3685,0.737,0.3685,0,1.1055,0.737,0.737,0.737,0.737,0.737,1.1055,0.737,0.737,2.2109,0.737,0,0.0001,0.0001,0.0001,0,0,0,0,0,0.0001,0,0,0,0,0,0.0001,0,0,0.0001,0,0.2921,0.3394,0.2921,0.3394,
0.3668,0.3668,0,1.4672,0.7336,0.7336,0,0.7336,2.2008,0.3668,0.3668,1.4672,1.1004,0.7336,0.7336,1.4672,0,1.4672,0.3668,1.834,0,0,0,0.0001,0,0,0,0,0.0001,0,0,0.0001,0.0001,0,0,0.0001,0,0.0001,0,0.0001,0.3084,0.3248,0.3084,0.3248,
1.0782,0.3594,1.4375,2.1563,0.3594,0.7188,0,0.3594,3.5939,0.7188,0.3594,1.0782,0.7188,1.0782,0,0.3594,1.4375,0.7188,0,0,0.0001,0,0.0001,0.0001,0,0,0,0,0.0002,0,0,0.0001,0,0.0001,0,0,0.0001,0,0,0,0.273,0.3677,0.273,0.3677,
1.3277,0,0.8851,0.4426,0.8851,0.8851,0,1.7703,0.8851,2.6554,0.4426,1.3277,1.3277,1.3277,0.8851,0,0.8851,0.8851,0.8851,0,0.0001,0,0.0001,0,0.0001,0.0001,0,0.0001,0.0001,0.0002,0,0.0001,0.0001,0.0001,0.0001,0,0.0001,0.0001,0.0001,0,0.2758,0.2816,0.2758,0.2816,
0.35,0,0,0,0.35,1.4,0.7,0,2.45,1.4,0.7,0.35,0.35,0.35,4.55,0,1.05,1.05,0,0.35,0,0,0,0,0,0.0001,0.0001,0,0.0003,0.0001,0.0001,0,0,0,0.0005,0,0.0001,0.0001,0,0,0.3412,0.3088,0.3412,0.3088,
0.3911,1.9553,1.9553,1.9553,0.3911,1.1732,0,0.3911,0,0,0.7821,0.7821,1.5643,0.7821,0.3911,0.3911,0.7821,0.7821,2.3464,2.3464,0,0.0001,0.0001,0.0001,0,0,0,0,0,0,0,0,0.0001,0,0,0,0,0,0.0001,0.0001,0.2897,0.3192,0.2897,0.3192,
1.2584,0.6292,0,0,0.6292,0.6292,0,3.7751,1.2584,5.0335,0.6292,0,0,0,0,1.2584,1.8876,1.2584,0,1.2584,0.0001,0,0,0,0,0,0,0.0002,0.0001,0.0003,0,0,0,0,0,0.0001,0.0001,0.0001,0,0.0001,0.2101,0.1608,0.2101,0.1608,
0.3774,0,0.3774,0.7548,0.7548,0.7548,1.5097,1.1323,0.3774,1.8871,0,1.8871,1.1323,0.3774,1.5097,0.3774,1.1323,0.7548,0.7548,1.1323,0,0,0,0.0001,0.0001,0.0001,0.0001,0.0001,0,0.0001,0,0.0001,0.0001,0,0.0001,0,0.0001,0.0001,0.0001,0.0001,0.3384,0.2842,0.3384,0.2842,
0,0.5575,0,0,3.9026,1.115,0.5575,1.6725,0.5575,1.115,0.5575,1.6725,1.115,1.115,0,1.6725,1.6725,1.6725,1.115,1.115,0,0,0,0,0.0002,0.0001,0,0.0001,0,0.0001,0,0.0001,0.0001,0.0001,0,0.0001,0.0001,0.0001,0.0001,0.0001,0.2094,0.2331,0.2094,0.2331,
1.6086,0,0.6434,5.4692,0.6434,2.252,0.3217,0.3217,0.3217,0.9651,0.3217,0,0,0,0.3217,0.3217,0.3217,0.9651,0.3217,0.9651,0.0001,0,0,0.0004,0,0.0001,0,0,0,0.0001,0,0,0,0,0,0,0,0.0001,0,0.0001,0.3436,0.3347,0.3436,0.3347,
0.983,1.4745,0,0.983,3.4406,0.4915,0,0.983,0.983,2.949,0.4915,2.4575,0.4915,1.4745,0,0.983,0.983,0.983,0.4915,0,0,0.0001,0,0,0.0001,0,0,0,0,0.0001,0,0.0001,0,0.0001,0,0,0,0,0,0,0.246,0.2625,0.246,0.2625,
0.3749,0.3749,0.7497,1.1246,1.1246,1.1246,0.7497,0.7497,0.7497,0.3749,0.7497,0.7497,0.3749,1.4994,0.7497,0,0.3749,1.1246,0.7497,0.7497,0,0,0,0.0001,0.0001,0.0001,0,0,0,0,0,0,0,0.0001,0,0,0,0.0001,0,0,0.3111,0.3141,0.3111,0.3141,
1.2672,2.1121,0.8448,0.4224,0.4224,1.2672,1.2672,2.1121,0.8448,0.4224,2.5345,0.8448,1.2672,0.8448,0,0.4224,0.8448,0.8448,0.8448,0.8448,0.0001,0.0001,0,0,0,0.0001,0.0001,0.0001,0,0,0.0001,0,0.0001,0,0,0,0,0,0,0,0.2824,0.2952,0.2824,0.2952,
0,0.7346,1.1018,0.3673,1.8364,0.7346,0.7346,0.3673,1.1018,0.7346,1.1018,1.8364,0,1.1018,0.3673,0.3673,0.7346,0.7346,1.1018,0.7346,0,0,0.0001,0,0.0001,0,0,0,0.0001,0,0.0001,0.0001,0,0.0001,0,0,0,0,0.0001,0,0.3306,0.3021,0.3306,0.3021,
0.4546,0.4546,0.4546,1.8184,0.4546,0.4546,0.9092,0.9092,0,0.9092,0,1.3638,0.9092,0.9092,1.3638,0,0.9092,0.9092,0.9092,0.4546,0,0,0,0.0001,0,0,0.0001,0.0001,0,0.0001,0,0.0001,0.0001,0.0001,0.0001,0,0.0001,0.0001,0.0001,0,0.2885,0.2569,0.2885,0.2569,
0,0,0.8282,2.0705,0.8282,0.8282,0,0.4141,1.6564,1.2423,0,0.4141,0.4141,0.4141,0.4141,0.4141,0.4141,1.6564,0.4141,0,0,0,0.0001,0.0002,0.0001,0.0001,0,0,0.0001,0.0001,0,0,0,0,0,0,0,0.0001,0,0,0.293,0.2929,0.293,0.2929,
0.668,0.668,0,0,0.668,0,0.668,0.668,0.668,0,0.668,0.668,0.668,0.668,0.668,0.668,0,0,0.668,0,0.0001,0.0001,0,0,0.0001,0,0.0001,0.0001,0.0001,0,0.0001,0.0001,0.0001,0.0001,0.0001,0.0001,0,0,0.0001,0,0.1899,0.1421,0.1899,0.1421,
0.5901,1.1802,0,0,0.5901,0.5901,0,0.5901,0,0,1.1802,0,0.5901,0,1.7703,0,1.7703,0,1.1802,0,0,0.0001,0,0,0,0,0,0,0,0,0.0001,0,0,0,0.0001,0,0.0001,0,0.0001,0,0.2111,0.1988,0.2111,0.1988,
0,0,0,0.9916,1.4875,0.9916,0,0.4958,0.4958,3.9666,0.4958,2.4791,0.9916,0.4958,0.4958,1.9833,0.4958,2.4791,0,0.9916,0,0,0,0.0001,0.0001,0.0001,0,0,0,0.0002,0,0.0001,0.0001,0,0,0.0001,0,0.0001,0,0.0001,0.2468,0.2573,0.2468,0.2573,
0.9597,0.9597,0.9597,0.4798,1.9194,0.4798,1.9194,3.3589,0,0.9597,0,0.9597,1.9194,0.4798,0,0,0.9597,0,1.4395,0.4798,0,0,0,0,0.0001,0,0.0001,0.0002,0,0,0,0,0.0001,0,0,0,0,0,0.0001,0,0.2678,0.2524,0.2678,0.2524,
1.6817,0,0,0.3363,0.6727,1.009,0.6727,0.3363,1.6817,1.009,0.6727,0,0.3363,0.6727,3.3634,0.6727,1.009,0.6727,0,0,0.0001,0,0,0,0.0001,0.0001,0.0001,0,0.0001,0.0001,0.0001,0,0,0.0001,0.0003,0.0001,0.0001,0.0001,0,0,0.3515,0.3122,0.3515,0.3122,
0.4408,0,0.4408,0.8815,1.763,0.8815,0.8815,3.0853,0,0.8815,0.4408,0.8815,0.4408,1.3223,0.8815,2.2038,0.8815,3.0853,0.4408,1.3223,0,0,0,0.0001,0.0001,0.0001,0.0001,0.0002,0,0.0001,0,0.0001,0,0.0001,0.0001,0.0001,0.0001,0.0002,0,0.0001,0.3138,0.2455,0.3138,0.2455,
1.1606,0.5803,0.5803,1.1606,0.5803,0,1.1606,0,0.5803,0,0,1.1606,1.1606,0,0,0.5803,0.5803,0,0.5803,1.7408,0.0001,0,0,0.0001,0,0,0.0001,0,0,0,0,0.0001,0.0001,0,0,0,0,0,0,0.0001,0.2198,0.1999,0.2198,0.1999,
0.507,0.507,1.014,1.014,0,1.521,0.507,0.507,1.014,0,0.507,0,1.521,0.507,1.521,1.014,0.507,1.521,0,0.507,0,0,0.0001,0.0001,0,0.0001,0,0,0.0001,0,0,0,0.0001,0,0.0001,0.0001,0,0.0001,0,0,0.2207,0.2723,0.2207,0.2723,
0.5318,0,1.0635,0.5318,1.5953,2.127,0,0.5318,0.5318,0.5318,0,0.5318,0.5318,1.0635,1.5953,0.5318,0,0.5318,0,1.0635,0,0,0.0001,0,0.0001,0.0002,0,0,0,0,0,0,0,0.0001,0.0001,0,0,0,0,0.0001,0.2758,0.1924,0.2758,0.1924,
0,0.6964,0.6964,0.6964,0.6964,0,1.3927,0,0.6964,0,0.6964,0,0,0.6964,0,0,0.6964,0.6964,0,0,0,0.0001,0.0001,0.0001,0.0001,0,0.0002,0,0.0001,0,0.0001,0,0,0.0001,0,0,0.0001,0.0001,0,0,0.1856,0.118,0.1856,0.118,
0,0,0,0,0,0.6684,0,0,1.3367,0,0,0.6684,0,0,0.6684,0.6684,0,0.6684,0.6684,2.0051,0,0,0,0,0,0.0001,0,0,0.0002,0,0,0.0001,0,0,0.0001,0.0001,0,0.0001,0.0001,0.0003,0.1963,0.1353,0.1963,0.1353,
1.5265,1.5265,0.5088,1.0176,0,0.5088,0.5088,0.5088,1.0176,0.5088,1.0176,1.5265,2.0353,0.5088,0.5088,0,1.0176,0,0,0.5088,0.0001,0.0001,0,0.0001,0,0,0,0,0.0001,0,0.0001,0.0001,0.0001,0,0,0,0.0001,0,0,0,0.2384,0.2528,0.2384,0.2528,
1.0015,0,0.3338,1.0015,0,0.6677,0.3338,0,2.6707,1.3353,1.0015,1.6692,0.6677,0.6677,2.3369,0.6677,0,0,0.3338,0.3338,0.0001,0,0,0.0001,0,0.0001,0,0,0.0002,0.0001,0.0001,0.0001,0.0001,0.0001,0.0002,0.0001,0,0,0,0,0.3577,0.3085,0.3577,0.3085,
1.3524,0,0.6762,0.6762,1.0143,0.6762,1.3524,0.6762,1.3524,0.3381,0.6762,1.3524,0,0,1.0143,0.3381,1.0143,0.3381,1.0143,1.0143,0.0001,0,0,0,0.0001,0,0.0001,0,0.0001,0,0,0.0001,0,0,0.0001,0,0.0001,0,0.0001,0.0001,0.3286,0.3333,0.3286,0.3333,
1.1123,0.3708,1.483,0.3708,0.3708,1.1123,0.3708,0.7415,0.7415,0.7415,0.7415,0.7415,1.483,1.1123,1.1123,0.3708,0,2.2245,0,1.483,0.0001,0,0.0001,0,0,0.0001,0,0,0,0,0,0,0.0001,0.0001,0.0001,0,0,0.0001,0,0.0001,0.331,0.2982,0.331,0.2982,
0,0,0.5164,0,1.5491,0.5164,0.5164,1.0327,0,2.0654,1.5491,0.5164,0,0.5164,1.5491,1.0327,1.0327,0.5164,0,0.5164,0,0,0,0,0.0001,0,0,0.0001,0,0.0002,0.0001,0,0,0,0.0001,0.0001,0.0001,0,0,0,0.2423,0.2413,0.2423,0.2413,
0.4102,1.2307,0.4102,0.8205,0.8205,0,1.641,0.8205,0.8205,0.4102,1.641,2.0512,0.8205,1.641,0.4102,1.2307,0.8205,0.8205,0.4102,0.4102,0,0.0001,0,0,0,0,0.0001,0,0,0,0.0001,0.0001,0,0.0001,0,0.0001,0,0,0,0,0.2981,0.2917,0.2981,0.2917,
0,1.1217,1.1217,0,0.5609,0,1.1217,0.5609,0.5609,0,0.5609,0,0,1.1217,0.5609,1.1217,0,0.5609,0.5609,1.6826,0,0.0001,0.0001,0,0,0,0.0001,0,0,0,0,0,0,0.0001,0,0.0001,0,0,0,0.0001,0.2031,0.236,0.2031,0.236,
0.3932,0.7865,0,0.7865,3.5391,0,0.3932,1.1797,0.7865,3.5391,0.3932,0.3932,0,0,1.5729,0.3932,0.3932,1.5729,0,1.1797,0,0.0001,0,0.0001,0.0002,0,0,0.0001,0.0001,0.0002,0,0,0,0,0.0001,0,0,0.0001,0,0.0001,0.3297,0.277,0.3297,0.277,
1.035,0,0,0,0.345,1.7249,0.345,0.345,1.3799,0.69,0.69,0.345,0,0,5.1748,0.69,1.7249,1.035,0,0,0.0001,0,0,0,0,0.0002,0,0,0.0001,0.0001,0.0001,0,0,0,0.0005,0.0001,0.0002,0.0001,0,0,0.3617,0.2933,0.3617,0.2933,
1.3847,0,0.6924,0,0.6924,0,0.6924,0,0,0,0,0,1.3847,0,0.6924,0,0,0.6924,0.6924,0.6924,0.0002,0,0.0001,0,0.0001,0,0.0001,0,0,0,0,0,0.0002,0,0.0001,0,0,0.0001,0.0001,0.0001,0.1475,0.1601,0.1475,0.1601,
2.1558,0,0.8623,0.4312,0,1.2935,1.2935,1.2935,0.4312,1.2935,0.4312,0.8623,1.2935,1.2935,0.4312,0.4312,0.8623,1.2935,0.4312,0.8623,0.0001,0,0.0001,0,0,0.0001,0.0001,0.0001,0,0.0001,0,0.0001,0.0001,0.0001,0,0,0.0001,0.0001,0,0.0001,0.3005,0.2683,0.3005,0.2683,
0.5268,0.5268,0.5268,0.5268,0.5268,1.0536,1.5803,0.5268,0.5268,0.5268,0.5268,0.5268,0,1.0536,1.0536,0,1.5803,0,0,0.5268,0.0001,0.0001,0.0001,0.0001,0.0001,0.0001,0.0002,0.0001,0.0001,0.0001,0.0001,0.0001,0,0.0001,0.0001,0,0.0002,0,0,0.0001,0.2386,0.2346,0.2386,0.2346,
0.4909,0.4909,0.9818,0.4909,0.4909,2.4544,0,1.9636,0,3.9271,0.9818,0.4909,0.9818,0.4909,0.9818,0.9818,0.4909,1.4727,0.4909,0.4909,0,0,0,0,0,0.0001,0,0.0001,0,0.0002,0,0,0,0,0,0,0,0.0001,0,0,0.2508,0.2583,0.2508,0.2583,
2.2815,0,0,0.7605,0.7605,0.7605,0,0,0,1.521,0,0,1.521,0,0.7605,0,0,0.7605,0,0,0.0004,0,0,0.0001,0.0001,0.0001,0,0,0,0.0002,0,0,0.0002,0,0.0001,0,0,0.0001,0,0,0.1486,0.0909,0.1486,0.0909,
0.6479,0,0,0,0.6479,0.6479,0.324,0.6479,1.6198,1.2958,0.6479,0.6479,0.324,0.324,3.5636,1.6198,1.6198,0.324,0,0.324,0.0001,0,0,0,0.0001,0.0001,0,0.0001,0.0001,0.0001,0.0001,0.0001,0,0,0.0003,0.0001,0.0001,0,0,0,0.3764,0.2996,0.3764,0.2996,
1.8666,0,0.4666,0.9333,2.3332,0.9333,1.3999,1.8666,0,1.3999,0.4666,1.8666,0.4666,0.4666,0,0.9333,0,0.9333,0.4666,0.9333,0.0001,0,0,0.0001,0.0001,0.0001,0.0001,0.0001,0,0.0001,0,0.0001,0,0,0,0.0001,0,0.0001,0,0.0001,0.2189,0.3144,0.2189,0.3144,
0,3.9463,0,0.6577,0,2.6309,0,1.3154,0.6577,0.6577,0,1.3154,1.9731,0,0,0.6577,4.604,0,0.6577,0,0,0.0001,0,0,0,0.0001,0,0,0,0,0,0,0.0001,0,0,0,0.0002,0,0,0,0.1972,0.1451,0.1972,0.1451,
0.4365,0.4365,0.4365,0.873,1.3094,1.3094,0.873,0,0.4365,0.873,1.7459,0.4365,1.7459,0.873,0.873,0.4365,0.873,0.4365,0.873,1.7459,0,0,0,0,0.0001,0.0001,0,0,0,0,0.0001,0,0.0001,0,0,0,0,0,0,0.0001,0.3153,0.2482,0.3153,0.2482,
0.4043,0.8085,0.4043,1.2128,0.8085,1.2128,0.8085,1.617,0.4043,1.2128,0,1.617,0,0.8085,0.4043,1.2128,0,0.8085,1.2128,0.8085,0,0,0,0.0001,0,0.0001,0,0.0001,0,0.0001,0,0.0001,0,0,0,0.0001,0,0,0.0001,0,0.2962,0.2995,0.2962,0.2995,
0.7707,0.3854,0,0.3854,0,0.7707,1.9269,0.3854,0.7707,0.3854,0.7707,0,0,0.3854,1.1561,0.7707,1.1561,0.7707,1.5415,0.7707,0.0001,0,0,0,0,0.0001,0.0001,0,0.0001,0,0.0001,0,0,0,0.0001,0.0001,0.0001,0.0001,0.0001,0.0001,0.3075,0.3071,0.3075,0.3071,
0,0,0,0.7216,0.7216,0.7216,0,0,0,2.8864,0,0,0,0.7216,0.7216,0.7216,0,0,0.7216,0,0,0,0,0.0001,0.0001,0.0001,0,0,0,0.0003,0,0,0,0.0001,0.0001,0.0001,0,0,0.0001,0,0.1337,0.1447,0.1337,0.1447,
0.6772,0.6772,1.0159,1.0159,2.0317,0.6772,1.3545,1.0159,0,0.3386,0.3386,2.3703,0.3386,0.3386,0.3386,0.3386,0,0.3386,2.0317,1.6931,0,0,0,0,0.0001,0,0.0001,0,0,0,0,0.0001,0,0,0,0,0,0,0.0001,0.0001,0.3436,0.3178,0.3436,0.3178,
0,0.3686,0,1.4743,1.1057,1.4743,0.3686,1.1057,1.1057,0.7372,0.3686,0.3686,0.7372,0.3686,1.1057,0,0.3686,0.3686,1.4743,1.1057,0,0,0,0.0001,0.0001,0.0001,0,0.0001,0.0001,0,0,0,0,0,0.0001,0,0,0,0.0001,0.0001,0.3187,0.3127,0.3187,0.3127,
0.5173,0,0,1.0346,0,1.0346,0,0.5173,1.0346,0.5173,0.5173,0.5173,0.5173,0.5173,1.0346,1.5519,0.5173,2.5866,0,1.0346,0,0,0,0.0001,0,0.0001,0,0,0.0001,0,0,0,0,0,0.0001,0.0001,0,0.0002,0,0.0001,0.2669,0.2158,0.2669,0.2158,
0,1.0743,0,0.3581,0,0.3581,0.3581,0.7162,2.5066,0.3581,0.3581,0.7162,0.3581,0.7162,2.1485,0.7162,0.3581,2.1485,0,0.3581,0,0.0001,0,0,0,0,0,0,0.0002,0,0,0,0,0,0.0001,0,0,0.0001,0,0,0.3454,0.2966,0.3454,0.2966,
0.7357,1.4714,0,1.1036,0.3679,1.1036,0.3679,0.3679,0.7357,1.1036,3.6786,0.3679,0.3679,0,1.8393,0.7357,0,1.1036,1.8393,0.3679,0,0.0001,0,0.0001,0,0.0001,0,0,0,0.0001,0.0002,0,0,0,0.0001,0,0,0.0001,0.0001,0,0.3248,0.3074,0.3248,0.3074,
0,0.6417,0.6417,0,0.6417,1.2834,0,0,0,0.6417,0.6417,1.2834,0,0,0.6417,1.9251,2.5668,0,0.6417,1.2834,0,0.0001,0.0001,0,0.0001,0.0001,0,0,0,0.0001,0.0001,0.0001,0,0,0.0001,0.0002,0.0002,0,0.0001,0.0001,0.2076,0.1507,0.2076,0.1507,
0.8778,2.6335,0.4389,0.4389,0.8778,1.7557,0.4389,0.4389,2.6335,0,0.4389,0,1.3168,0.8778,0,0.8778,1.3168,0,0.4389,1.3168,0,0.0001,0,0,0,0.0001,0,0,0.0001,0,0,0,0.0001,0,0,0,0.0001,0,0,0.0001,0.2736,0.2874,0.2736,0.2874,
0.4128,0.4128,0.4128,1.651,0.4128,1.651,0.8255,0.4128,0,1.651,0.4128,0,0.4128,1.2383,1.2383,2.0638,0.4128,0.4128,0,0.8255,0,0,0,0.0001,0,0.0001,0.0001,0,0,0.0001,0,0,0,0.0001,0.0001,0.0001,0,0,0,0.0001,0.3155,0.2717,0.3155,0.2717,
0,1.1461,0.764,0.764,0.764,0,0.382,1.1461,1.5281,0,0.382,1.5281,0.764,0.382,1.1461,2.6742,0.764,1.5281,0.382,0.382,0,0.0001,0,0,0,0,0,0.0001,0.0001,0,0,0.0001,0,0,0.0001,0.0001,0,0.0001,0,0,0.3112,0.3067,0.3112,0.3067,
0.6784,0.3392,0.3392,0,0,0.6784,0.3392,0.6784,2.3745,0.3392,0.6784,1.3568,0.3392,0.3392,2.7137,0.6784,0,1.696,0,0.3392,0.0001,0,0,0,0,0.0001,0,0.0001,0.0002,0,0.0001,0.0001,0,0,0.0002,0.0001,0,0.0001,0,0,0.3646,0.2962,0.3646,0.2962,
0.3803,1.5211,0.7606,0.7606,1.1409,0.7606,2.2817,0.3803,1.1409,0.3803,1.1409,0,0.7606,0,0.7606,0,0.3803,1.5211,0.3803,0.3803,0,0.0001,0,0,0.0001,0,0.0001,0,0.0001,0,0.0001,0,0,0,0,0,0,0.0001,0,0,0.3133,0.3064,0.3133,0.3064,
1.3062,0,0.8708,0.4354,4.3541,0.8708,0,0.8708,0.4354,2.6125,0.4354,0.4354,1.3062,0,0.8708,1.7417,1.3062,0.8708,0,0.4354,0.0001,0,0,0,0.0002,0,0,0,0,0.0001,0,0,0.0001,0,0,0.0001,0.0001,0,0,0,0.2916,0.273,0.2916,0.273,
1.5097,0,1.5097,0,0,0,0,0,0.7549,0,1.5097,0,0,0.7549,0,0.7549,0,1.5097,0,0,0.0003,0,0.0003,0,0,0,0,0,0.0001,0,0.0003,0,0,0.0001,0,0.0001,0,0.0003,0,0,0.1141,0.131,0.1141,0.131,
0,0,0,0,0,1.5699,0.7849,0.7849,0,0,0,1.5699,0,1.5699,0,0,0.7849,0,0,1.5699,0,0,0,0,0,0.0002,0.0001,0.0001,0,0,0,0.0002,0,0.0002,0,0,0.0001,0,0,0.0002,0.1147,0.1004,0.1147,0.1004,
0,0,1.8713,0.6238,0.6238,0.6238,0,0,0,3.1189,0,0.6238,0,0,1.2475,1.2475,0.6238,0.6238,0,0,0,0,0.0001,0,0,0,0,0,0,0.0002,0,0,0,0,0.0001,0.0001,0,0,0,0,0.1601,0.2162,0.1601,0.2162,
0,0,0,0,0.7196,0.7196,0,0,0,0,0,0.7196,0,1.4392,0.7196,0.7196,1.4392,0,0.7196,0.7196,0,0,0,0,0.0001,0.0001,0,0,0,0,0,0.0001,0,0.0002,0.0001,0.0001,0.0002,0,0.0001,0.0001,0.1645,0.1159,0.1645,0.1159,
0.7724,0,2.3173,0,0,0,0,0,0,0,0.7724,1.5448,0.7724,1.5448,0,0,0,0.7724,0,0,0.0001,0,0.0004,0,0,0,0,0,0,0,0.0001,0.0002,0.0001,0.0002,0,0,0,0.0001,0,0,0.1233,0.1043,0.1233,0.1043,
0.9151,1.8302,0.4575,0.4575,0.9151,0.4575,0.4575,0.4575,1.8302,0.4575,0.4575,1.3726,0.9151,0,0.4575,0,0.4575,0.9151,0.4575,0.4575,0,0.0001,0,0,0,0,0,0,0.0001,0,0,0.0001,0,0,0,0,0,0,0,0,0.2289,0.3136,0.2289,0.3136,
0,0.8883,1.3324,1.3324,0.8883,1.3324,0,0,0.4441,0,0,0,1.3324,0.4441,1.3324,1.3324,0.4441,0.4441,0.4441,1.7766,0,0.0001,0.0001,0.0001,0.0001,0.0001,0,0,0,0,0,0,0.0001,0,0.0001,0.0001,0,0,0,0.0001,0.2568,0.299,0.2568,0.299,
0,0.8013,0,0.8013,0.8013,0,0,0,0,2.4039,0.8013,0.8013,1.6026,0,0,0.8013,0,0,0,0,0,0.0001,0,0.0001,0.0001,0,0,0,0,0.0002,0.0001,0.0001,0.0001,0,0,0.0001,0,0,0,0,0.0992,0.0995,0.0992,0.0995,
0.8503,1.2754,0.8503,0.8503,0.8503,0.4251,0.8503,0.8503,0.8503,0,0.8503,1.2754,1.2754,0.8503,0.8503,1.2754,1.7005,0.8503,0,0.8503,0,0.0001,0,0,0,0,0,0,0,0,0,0.0001,0.0001,0,0,0.0001,0.0001,0,0,0,0.2778,0.2971,0.2778,0.2971,
0.4652,1.3957,0.4652,0.9305,0.4652,0.4652,0.9305,0.4652,0.9305,0.4652,0.9305,0.4652,1.8609,0,0.9305,0.9305,0,0.9305,0.9305,0.9305,0,0.0001,0,0.0001,0,0,0.0001,0,0.0001,0,0.0001,0,0.0001,0,0.0001,0.0001,0,0.0001,0.0001,0.0001,0.2479,0.2869,0.2479,0.2869,
0.6281,0.314,0.314,0.314,0.314,1.2561,0.9421,1.8842,1.2561,0.6281,0.314,1.2561,0.314,0.314,1.5702,0,0.9421,1.2561,1.2561,0.314,0,0,0,0,0,0.0001,0.0001,0.0001,0.0001,0,0,0.0001,0,0,0.0001,0,0.0001,0.0001,0.0001,0,0.3281,0.3579,0.3281,0.3579,
0,0.8339,0.8339,0,1.2508,0.4169,2.0847,0.4169,0.4169,1.2508,0.4169,1.2508,0.8339,0,0.8339,0,2.0847,0.8339,1.6678,0.4169,0,0,0,0,0.0001,0,0.0001,0,0,0.0001,0,0.0001,0,0,0,0,0.0001,0,0.0001,0,0.2694,0.3136,0.2694,0.3136,
0,0,0,0,0.5165,0,1.5495,2.0659,1.033,1.5495,1.033,1.033,0,0,0.5165,1.033,1.033,0,0,2.0659,0,0,0,0,0.0001,0,0.0002,0.0002,0.0001,0.0002,0.0001,0.0001,0,0,0.0001,0.0001,0.0001,0,0,0.0002,0.2416,0.2419,0.2416,0.2419,
0.7511,0.7511,0.3755,0,0.3755,0.3755,0.3755,1.1266,2.6288,1.1266,0.3755,0.7511,0.7511,0.7511,2.2533,0.7511,0.7511,0.7511,0,0.3755,0,0,0,0,0,0,0,0.0001,0.0002,0.0001,0,0,0,0,0.0001,0,0,0,0,0,0.3652,0.2592,0.3652,0.2592,
0.5426,0.5426,0.5426,0.5426,1.0853,0.5426,0,0.5426,0.5426,3.2558,0.5426,0,1.0853,0,1.0853,2.7132,0.5426,1.0853,0,0,0,0,0,0,0.0001,0,0,0,0,0.0002,0,0,0.0001,0,0.0001,0.0002,0,0.0001,0,0,0.2276,0.2298,0.2276,0.2298,
4.1798,0,1.254,0.836,0.418,1.254,0,2.0899,0,1.254,0.418,1.6719,0,1.6719,0.418,1.6719,1.254,0.418,0,1.6719,0.0002,0,0.0001,0,0,0.0001,0,0.0001,0,0.0001,0,0.0001,0,0.0001,0,0.0001,0.0001,0,0,0.0001,0.2764,0.3057,0.2764,0.3057,
0.6698,0,0,0,0,2.0093,0.6698,1.3395,0.6698,4.0186,0,0.6698,0,0,0,0.6698,0,0.6698,0,0,0.0001,0,0,0,0,0.0002,0.0001,0.0001,0.0001,0.0003,0,0.0001,0,0,0,0.0001,0,0.0001,0,0,0.1829,0.1473,0.1829,0.1473,
1.1846,0,1.1846,0.7897,1.1846,1.5794,1.1846,0,0.7897,1.1846,0,0.7897,1.1846,0.7897,0.3949,0.7897,0.7897,0.7897,0,1.1846,0.0001,0,0.0001,0.0001,0.0001,0.0001,0.0001,0,0.0001,0.0001,0,0.0001,0.0001,0.0001,0,0.0001,0.0001,0.0001,0,0.0001,0.2992,0.3059,0.2992,0.3059,
1.1689,0,0.7793,0.3896,1.1689,1.1689,0.3896,0,0,0.3896,1.1689,1.5586,0.3896,1.5586,1.1689,1.1689,0.3896,1.9482,1.5586,1.1689,0.0001,0,0,0,0.0001,0.0001,0,0,0,0,0.0001,0.0001,0,0.0001,0.0001,0.0001,0,0.0001,0.0001,0.0001,0.3262,0.2841,0.3262,0.2841,
1.3985,0.4662,0,1.8646,0.4662,1.8646,1.3985,0,0.4662,0,0.4662,0.4662,0.9323,0,0.4662,0.4662,0,0.4662,1.3985,0.4662,0.0001,0,0,0.0001,0,0.0001,0.0001,0,0,0,0,0,0.0001,0,0,0,0,0,0.0001,0,0.2751,0.2587,0.2751,0.2587,
0,0,0.5303,1.0607,2.1214,0.5303,0,0.5303,0.5303,0.5303,0,1.0607,1.0607,1.0607,2.1214,0.5303,0,1.0607,0,0.5303,0,0,0.0001,0.0001,0.0002,0.0001,0,0.0001,0.0001,0.0001,0,0.0001,0.0001,0.0001,0.0002,0.0001,0,0.0001,0,0.0001,0.2548,0.2148,0.2548,0.2148,
0,0.7481,0.7481,1.1221,0.374,0.374,0.7481,0.7481,1.4962,0.374,0.374,0.7481,1.8702,0.374,2.2443,0.7481,0.7481,0.374,0.374,1.4962,0,0.0001,0.0001,0.0001,0,0,0.0001,0.0001,0.0001,0,0,0.0001,0.0001,0,0.0002,0.0001,0.0001,0,0,0.0001,0.2876,0.3383,0.2876,0.3383,
0.3825,0.3825,1.1474,1.9123,1.1474,0,1.5298,0.3825,1.9123,2.6772,0.7649,0.7649,0.7649,0.3825,0.3825,0.7649,0.3825,0,0.7649,0.3825,0,0,0.0001,0.0001,0.0001,0,0.0001,0,0.0001,0.0001,0,0,0,0,0,0,0,0,0,0,0.308,0.3096,0.308,0.3096,
0,0.4993,0,0,0.4993,0,0,0.4993,0.4993,1.4979,0.4993,0.4993,0.9986,0.9986,2.9957,1.9971,0,0,0,1.4979,0,0,0,0,0,0,0,0,0,0.0001,0,0,0.0001,0.0001,0.0002,0.0002,0,0,0,0.0001,0.2306,0.2701,0.2306,0.2701,
0,0,0.4174,1.6696,0,0.8348,1.2522,0.8348,1.2522,0,0.4174,1.2522,0.8348,1.6696,1.2522,1.2522,0.4174,0.4174,1.2522,0.8348,0,0,0,0.0001,0,0.0001,0.0001,0.0001,0.0001,0,0,0.0001,0.0001,0.0001,0.0001,0.0001,0,0,0.0001,0.0001,0.2703,0.3123,0.2703,0.3123,
0.5953,0,0.5953,0,1.7858,1.7858,0,0.5953,0,2.9763,1.1905,0.5953,0,0,0.5953,2.381,0,2.9763,1.1905,0,0,0,0,0,0.0001,0.0001,0,0,0,0.0002,0.0001,0,0,0,0,0.0001,0,0.0002,0.0001,0,0.2657,0.139,0.2657,0.139,
0.398,1.9901,0.796,1.5921,0.796,0.796,0.796,0,0.796,0,0.398,0,1.5921,1.1941,0.796,0,0.398,0.796,1.5921,0.398,0,0.0001,0,0.0001,0,0,0,0,0,0,0,0,0.0001,0.0001,0,0,0,0,0.0001,0,0.3834,0.2186,0.3834,0.2186,
0.6714,0,0,1.3428,0.6714,3.3569,0,0,0,0.6714,0.6714,0,0.6714,0,0.6714,2.0142,0,0,0.6714,0,0.0001,0,0,0.0001,0.0001,0.0004,0,0,0,0.0001,0.0001,0,0.0001,0,0.0001,0.0002,0,0,0.0001,0,0.1618,0.1668,0.1618,0.1668,
0,0.4238,0.8476,0.4238,0.4238,1.2713,0.4238,0,0.8476,1.6951,0,0.4238,0.8476,0.8476,0.8476,0,0.4238,0,1.6951,0.4238,0,0,0.0001,0,0,0.0001,0,0,0.0001,0.0001,0,0,0.0001,0.0001,0.0001,0,0,0,0.0001,0,0.3145,0.2617,0.3145,0.2617,
0.8713,1.3069,0.8713,1.3069,1.3069,1.7425,0.8713,1.3069,0,0.4356,0.8713,1.3069,0.4356,0.8713,0,0.8713,0.8713,2.1781,0.8713,0.4356,0,0.0001,0,0.0001,0.0001,0.0001,0,0.0001,0,0,0,0.0001,0,0,0,0,0,0.0001,0,0,0.3124,0.252,0.3124,0.252,
0,0,0.5107,0.5107,2.0427,1.0213,0,0,0,4.0854,0.5107,3.064,1.532,0,1.0213,1.532,1.0213,2.0427,0,1.0213,0,0,0,0,0.0001,0.0001,0,0,0,0.0002,0,0.0002,0.0001,0,0.0001,0.0001,0.0001,0.0001,0,0.0001,0.2223,0.267,0.2223,0.267,
0.4982,0,0.4982,0,0.4982,0,0.4982,0.4982,1.9927,1.9927,0.4982,1.9927,0.4982,0,0.4982,0.4982,0.9963,0.4982,0,0,0,0,0,0,0,0,0,0,0.0002,0.0002,0,0.0002,0,0,0,0,0.0001,0,0,0,0.2195,0.2823,0.2195,0.2823,
1.5477,0,0.3869,1.9347,1.9347,0.7739,0.7739,0,0.3869,0.7739,0.7739,0,1.9347,0.7739,1.5477,0.3869,0.3869,2.3216,0.3869,0,0.0001,0,0,0.0002,0.0002,0.0001,0.0001,0,0,0.0001,0.0001,0,0.0002,0.0001,0.0001,0,0,0.0002,0,0,0.316,0.2971,0.316,0.2971,
0.3748,1.1243,0.7496,0.3748,0.3748,0.7496,0.3748,1.1243,0.3748,0.7496,0.7496,0.7496,1.4991,1.1243,1.4991,1.1243,0.7496,0.3748,0.7496,0.7496,0,0.0001,0,0,0,0,0,0.0001,0,0,0,0,0.0001,0.0001,0.0001,0.0001,0,0,0,0,0.2951,0.3301,0.2951,0.3301,
0.8414,1.2621,0.4207,0.8414,0.8414,0,0.8414,0.8414,1.6828,0.8414,2.5241,0.8414,1.6828,1.2621,0.8414,0.8414,0.4207,0,0,0.4207,0,0.0001,0,0,0,0,0,0,0.0001,0,0.0001,0,0.0001,0.0001,0,0,0,0,0,0,0.2647,0.3146,0.2647,0.3146,
1.0059,0.5029,1.0059,0.5029,1.0059,0,0,1.0059,0.5029,0,0,1.0059,0.5029,0.5029,0.5029,2.0117,1.5088,0.5029,1.0059,1.0059,0.0001,0,0.0001,0,0.0001,0,0,0.0001,0,0,0,0.0001,0,0,0,0.0001,0.0001,0,0.0001,0.0001,0.2283,0.2688,0.2283,0.2688,
1.1748,0.3916,1.5664,0,1.1748,1.5664,1.1748,0.3916,0.3916,0,1.5664,1.1748,1.1748,0.3916,0,0.7832,1.1748,0,1.1748,1.958,0.0001,0,0.0001,0,0.0001,0.0001,0.0001,0,0,0,0.0001,0.0001,0.0001,0,0,0,0.0001,0,0.0001,0.0001,0.2971,0.3112,0.2971,0.3112,
0.3654,0.7309,0.3654,0.3654,0.7309,1.4617,0.3654,0.3654,1.8271,1.4617,0.7309,1.4617,0.3654,0.7309,1.4617,1.8271,1.0963,1.0963,0.3654,0,0,0,0,0,0,0.0001,0,0,0.0001,0.0001,0,0.0001,0,0,0.0001,0.0001,0.0001,0.0001,0,0,0.2997,0.3348,0.2997,0.3348,
0.3788,1.1363,0,0.7575,0,0.7575,0.3788,1.8939,3.0302,0,0.3788,0.3788,0.7575,0.7575,1.5151,0.7575,0,1.1363,0,0,0,0.0001,0,0,0,0,0,0.0001,0.0002,0,0,0,0,0,0.0001,0,0,0.0001,0,0,0.3207,0.3006,0.3207,0.3006,
0,0,0,0,0,0,0.7759,0,0,0,0,0.7759,10.0864,0,0,4.6553,0,2.3276,0,4.6553,0,0,0,0,0,0,0.0001,0,0,0,0,0.0001,0.0008,0,0,0.0004,0,0.0002,0,0.0004,0.1186,0.1055,0.1186,0.1055,
1.3817,1.8423,0,0,2.3028,2.3028,0,2.3028,2.3028,0,1.3817,1.3817,2.3028,1.3817,0,1.8423,0.9211,0.4606,0.4606,0.4606,0.0001,0.0001,0,0,0.0001,0.0001,0,0.0001,0.0001,0,0.0001,0.0001,0.0001,0.0001,0,0.0001,0,0,0,0,0.2609,0.2786,0.2609,0.2786,
1.9491,1.9491,1.1695,0.7797,0,0.3898,0.3898,0,0,0.3898,0,0.7797,1.1695,0.3898,1.5593,0.3898,1.1695,1.5593,1.5593,0.3898,0.0001,0.0001,0.0001,0,0,0,0,0,0,0,0,0,0.0001,0,0.0001,0,0.0001,0.0001,0.0001,0,0.3078,0.3024,0.3078,0.3024,
1.4722,0.4907,0.4907,0.9815,0.4907,1.9629,0,1.9629,0,3.4351,0.4907,0.4907,1.4722,0.4907,0.9815,0.4907,0.4907,1.4722,0.9815,0.4907,0.0001,0,0,0,0,0.0001,0,0.0001,0,0.0002,0,0,0.0001,0,0,0,0,0.0001,0,0,0.2512,0.258,0.2512,0.258,
1.0656,0,0,1.0656,2.6639,1.0656,0,2.1312,1.5984,2.1312,0.5328,0.5328,1.0656,0,0.5328,0.5328,1.5984,1.0656,0,0.5328,0.0001,0,0,0.0001,0.0002,0.0001,0,0.0002,0.0001,0.0002,0,0,0.0001,0,0,0,0.0001,0.0001,0,0,0.2089,0.2583,0.2089,0.2583,
0,0,1.2649,0.6325,1.2649,0.6325,0,0,0,0,0,0,0,0,0.6325,0.6325,1.2649,1.2649,0.6325,0,0,0,0.0001,0.0001,0.0001,0.0001,0,0,0,0,0,0,0,0,0.0001,0.0001,0.0001,0.0001,0.0001,0,0.2212,0.1463,0.2212,0.1463,
0,0.395,0.395,1.5801,0.7901,1.5801,0.395,0.7901,1.1851,0,0.7901,2.7652,0.395,0.395,0.395,0.7901,1.1851,1.1851,1.1851,0.395,0,0,0,0.0001,0,0.0001,0,0,0.0001,0,0,0.0001,0,0,0,0,0.0001,0.0001,0.0001,0,0.3039,0.3011,0.3039,0.3011,
1.0288,0,1.0288,0.5144,1.5432,2.0577,0,1.5432,0,3.6009,0.5144,0,0.5144,1.0288,1.0288,0.5144,1.0288,2.0577,0,1.0288,0.0001,0,0.0001,0,0.0001,0.0001,0,0.0001,0,0.0002,0,0,0,0.0001,0.0001,0,0.0001,0.0001,0,0.0001,0.2523,0.2333,0.2523,0.2333,
1.8753,0.4688,0.9376,2.3441,1.8753,0.9376,0.4688,1.4064,0.4688,1.8753,0.4688,0,0.9376,0.4688,0.4688,1.8753,1.8753,0.4688,0,0.9376,0.0001,0,0,0.0001,0.0001,0,0,0.0001,0,0.0001,0,0,0,0,0,0.0001,0.0001,0,0,0,0.2543,0.2769,0.2543,0.2769,
0.45,0.45,0,1.3501,0.45,0.45,0.9,0.45,0.9,1.8001,0.9,0,0.9,1.3501,0.45,1.8001,0.9,0,0.45,0.45,0,0,0,0.0001,0,0,0.0001,0,0.0001,0.0001,0.0001,0,0.0001,0.0001,0,0.0001,0.0001,0,0,0,0.2911,0.2589,0.2911,0.2589,
0.7483,0.7483,0,1.4966,0,0,0,0,0.7483,0,0,0,0,0.7483,0,1.4966,1.4966,0.7483,0,0,0.0001,0.0001,0,0.0002,0,0,0,0,0.0001,0,0,0,0,0.0001,0,0.0002,0.0002,0.0001,0,0,0.1124,0.1393,0.1124,0.1393,
1.1257,0,0.5629,1.1257,1.6886,0.5629,0,2.2515,0,2.8143,1.1257,0.5629,0,0.5629,0.5629,1.6886,1.6886,2.8143,0,0,0.0001,0,0,0.0001,0.0001,0,0,0.0002,0,0.0002,0.0001,0,0,0,0,0.0001,0.0001,0.0002,0,0,0.1888,0.2484,0.1888,0.2484,
0,0.4179,0.4179,1.6716,0.4179,1.2537,1.6716,1.2537,2.0895,1.2537,0.4179,0.8358,0,0.8358,0,0.8358,0.8358,0,0.8358,0.4179,0,0,0,0.0001,0,0.0001,0.0001,0.0001,0.0001,0.0001,0,0.0001,0,0.0001,0,0.0001,0.0001,0,0.0001,0,0.2989,0.2832,0.2989,0.2832,
1.4385,0,1.0789,0,0.7193,1.0789,0.3596,1.0789,0.7193,1.0789,0.7193,0.3596,1.4385,1.0789,1.0789,0.7193,1.0789,0.7193,1.7981,1.0789,0.0001,0,0.0001,0,0,0.0001,0,0.0001,0,0.0001,0,0,0.0001,0.0001,0.0001,0,0.0001,0,0.0001,0.0001,0.3449,0.2954,0.3449,0.2954,
0,0.8799,0,0.4399,0.4399,0.4399,1.3198,0.8799,0.8799,0.8799,0.8799,0.8799,0,1.7598,2.1997,1.7598,0.4399,0,0.8799,0,0,0.0001,0,0,0,0,0.0001,0.0001,0.0001,0.0001,0.0001,0.0001,0,0.0001,0.0001,0.0001,0,0,0.0001,0,0.2486,0.3115,0.2486,0.3115,
0.6784,0,0.6784,0,0,1.3568,0.6784,0,3.392,0,0,0,0,0,0,0.6784,0,0.6784,0,0,0.0001,0,0.0001,0,0,0.0002,0.0001,0,0.0005,0,0,0,0,0,0,0.0001,0,0.0001,0,0,0.1772,0.1444,0.1772,0.1444,
0,0,0.7716,0,0.7716,0,0.7716,0,0,0.7716,0,0,0.7716,0,0.7716,0,0,1.5432,0,1.5432,0,0,0.0002,0,0.0002,0,0.0002,0,0,0.0002,0,0,0.0002,0,0.0002,0,0,0.0003,0,0.0003,0.1054,0.1231,0.1054,0.1231,
0.7899,0.3949,0.7899,0,0.7899,0,1.5798,1.1848,1.1848,1.5798,0.7899,1.1848,0.3949,0.3949,1.5798,0.7899,1.1848,1.5798,0,1.1848,0.0001,0,0.0001,0,0.0001,0,0.0001,0.0001,0.0001,0.0001,0.0001,0.0001,0,0,0.0001,0.0001,0.0001,0.0001,0,0.0001,0.2997,0.3054,0.2997,0.3054,
2.1565,0,0,0.7188,0,0.7188,0,0,1.4377,0,0.7188,0,0.7188,2.1565,0,0.7188,0,0,0,0,0.0003,0,0,0.0001,0,0.0001,0,0,0.0002,0,0.0001,0,0.0001,0.0003,0,0.0001,0,0,0,0,0.1159,0.1653,0.1159,0.1653,
0,0,0,0,0,2.4315,0,0.8105,0,0.8105,0.8105,0,0.8105,0,0.8105,1.621,0,0.8105,0,0,0,0,0,0,0,0.0004,0,0.0001,0,0.0001,0.0001,0,0.0001,0,0.0001,0.0002,0,0.0001,0,0,0.1132,0.0763,0.1132,0.0763,
0.5633,0,0,0,0,0,0.5633,1.1265,1.6898,1.1265,0,0.5633,0.5633,0.5633,1.1265,0.5633,0.5633,0,0.5633,0.5633,0.0001,0,0,0,0,0,0.0001,0.0001,0.0002,0.0001,0,0.0001,0.0001,0.0001,0.0001,0.0001,0.0001,0,0.0001,0.0001,0.225,0.2117,0.225,0.2117,
0.5665,0,1.1329,0.5665,0,1.1329,0,0.5665,0.5665,1.1329,0.5665,0,0,0.5665,0.5665,0.5665,1.1329,2.2658,0,0.5665,0.0001,0,0.0001,0.0001,0,0.0001,0,0.0001,0.0001,0.0001,0.0001,0,0,0.0001,0.0001,0.0001,0.0001,0.0002,0,0.0001,0.2327,0.2009,0.2327,0.2009,
0.8216,0.4108,0.4108,0.4108,0,1.6433,0,0,0.8216,2.0541,0.8216,1.2325,0.4108,1.2325,1.6433,1.2325,2.0541,0.8216,0,0.4108,0.0001,0,0,0,0,0.0001,0,0,0.0001,0.0001,0.0001,0.0001,0,0.0001,0.0001,0.0001,0.0001,0.0001,0,0,0.2931,0.2961,0.2931,0.2961,
1.7709,0.8854,0,0.8854,0,0.4427,1.3281,0.8854,0.8854,0.4427,0.4427,1.3281,0,0.4427,1.7709,0,0.8854,0.4427,0,1.3281,0.0001,0.0001,0,0.0001,0,0,0.0001,0.0001,0.0001,0,0,0.0001,0,0,0.0001,0,0.0001,0,0,0.0001,0.3054,0.2519,0.3054,0.2519,
0.4683,2.3413,1.873,0.9365,0.4683,0,0,1.4048,0.9365,0.4683,1.4048,0.9365,0.9365,0.9365,0.9365,0,0.4683,0.4683,0.4683,0,0,0.0001,0.0001,0,0,0,0,0.0001,0,0,0.0001,0,0,0,0,0,0,0,0,0,0.33,0.2017,0.33,0.2017,
0.6942,0.6942,1.3884,1.0413,0.6942,0.6942,0.3471,0.6942,1.7355,0,0.6942,0.3471,0,1.0413,0.3471,0,1.3884,0.6942,1.0413,0.3471,0,0,0.0001,0.0001,0,0,0,0,0.0001,0,0,0,0,0.0001,0,0,0.0001,0,0.0001,0,0.3614,0.2915,0.3614,0.2915,
0.7128,0,0,0,0.3564,1.0692,0.3564,0,2.8511,0.7128,0.7128,0.3564,0.3564,0.3564,3.9203,1.4256,1.0692,1.0692,0,0.3564,0.0001,0,0,0,0,0.0001,0,0,0.0002,0.0001,0.0001,0,0,0,0.0003,0.0001,0.0001,0.0001,0,0,0.2968,0.3468,0.2968,0.3468,
0,0.9986,0.3329,1.6643,0,0,0.9986,0.3329,1.3315,1.6643,0.3329,1.3315,0.6657,0.3329,2.33,0.6657,1.9972,0.6657,0,0.6657,0,0.0001,0,0.0001,0,0,0.0001,0,0.0001,0.0001,0,0.0001,0,0,0.0002,0,0.0001,0,0,0,0.3309,0.3363,0.3309,0.3363,
0.4315,1.2944,0,0,2.1573,0.8629,0.4315,0.8629,2.5888,0.8629,0.4315,2.1573,0,1.7258,0,1.7258,0.8629,2.1573,0.4315,0.8629,0,0.0001,0,0,0.0001,0,0,0,0.0001,0,0,0.0001,0,0.0001,0,0.0001,0,0.0001,0,0,0.3144,0.2542,0.3144,0.2542,
2.3679,1.4208,0.9472,0,0,1.4208,1.4208,0,0.4736,2.3679,1.8943,0.4736,0.4736,1.4208,0.4736,0.9472,0.9472,0.9472,0.4736,0.4736,0.0001,0.0001,0,0,0,0.0001,0.0001,0,0,0.0001,0.0001,0,0,0.0001,0,0,0,0,0,0,0.311,0.2154,0.311,0.2154,
0.7251,0,2.1752,0.7251,0,0,0,0.7251,0,0,0,0.7251,2.1752,0,0,1.4501,0.7251,0,0,0,0.0001,0,0.0003,0.0001,0,0,0,0.0001,0,0,0,0.0001,0.0003,0,0,0.0002,0.0001,0,0,0,0.1626,0.1123,0.1626,0.1123,
0.7631,0.7631,0,1.5261,0,0.7631,0.3815,0.3815,1.5261,0.7631,0,1.1446,0.3815,1.1446,1.5261,0.7631,1.5261,0.3815,0.3815,0.7631,0.0001,0.0001,0,0.0001,0,0.0001,0,0,0.0001,0.0001,0,0.0001,0,0.0001,0.0001,0.0001,0.0001,0,0,0.0001,0.2992,0.3193,0.2992,0.3193,
1.3756,0,0,0.4585,0.4585,1.8341,0.4585,1.3756,0.4585,4.5852,0.4585,1.3756,1.3756,0.4585,0.4585,0.917,1.3756,2.7511,1.3756,0.917,0.0001,0,0,0,0,0.0001,0,0.0001,0,0.0003,0,0.0001,0.0001,0,0,0.0001,0.0001,0.0002,0.0001,0.0001,0.2584,0.2831,0.2584,0.2831,
1.8801,0,0.9401,0.47,1.8801,0,0,1.4101,0.47,3.2903,0.9401,1.4101,1.4101,0,0.47,0.9401,1.4101,0.9401,0.47,1.4101,0.0001,0,0.0001,0,0.0001,0,0,0.0001,0,0.0002,0.0001,0.0001,0.0001,0,0,0.0001,0.0001,0.0001,0,0.0001,0.2483,0.2817,0.2483,0.2817,
0,0.3972,0.7945,0.7945,1.1917,0.7945,1.1917,0.3972,0.7945,1.1917,1.1917,1.5889,0.3972,0,1.1917,0.7945,0,0.3972,0.3972,1.1917,0,0,0,0,0.0001,0,0.0001,0,0,0.0001,0.0001,0.0001,0,0,0.0001,0,0,0,0,0.0001,0.2855,0.3173,0.2855,0.3173,
0,0,0.4363,0.8726,2.1815,1.3089,0.4363,1.3089,0.4363,2.1815,0,1.3089,0.8726,0.8726,0.8726,1.3089,0.8726,1.3089,0.4363,0.8726,0,0,0,0.0001,0.0001,0.0001,0,0.0001,0,0.0001,0,0.0001,0.0001,0.0001,0.0001,0.0001,0.0001,0.0001,0,0.0001,0.2526,0.3111,0.2526,0.3111,
2.2912,0,0.9165,0.9165,2.2912,0.4582,0,0.9165,0.9165,5.0407,0.4582,0,1.833,0.9165,0,0.4582,0.4582,1.833,0.4582,0.4582,0.0001,0,0.0001,0.0001,0.0001,0,0,0.0001,0.0001,0.0003,0,0,0.0001,0.0001,0,0,0,0.0001,0,0,0.2805,0.2613,0.2805,0.2613,
0,1.0304,0.3435,1.3738,0.6869,0.3435,2.0607,1.0304,0.6869,0,2.4042,1.3738,1.3738,0.6869,1.0304,1.0304,0.6869,0.3435,0.6869,0,0,0.0001,0,0.0001,0,0,0.0001,0.0001,0,0,0.0001,0.0001,0.0001,0,0.0001,0.0001,0,0,0,0,0.3397,0.3169,0.3397,0.3169,
1.9434,0.3887,1.5547,0.3887,0.3887,1.166,0.3887,0.7774,1.9434,0,1.166,0,0.7774,1.166,0.7774,1.5547,1.5547,1.166,0,0,0.0001,0,0.0001,0,0,0.0001,0,0.0001,0.0001,0,0.0001,0,0.0001,0.0001,0.0001,0.0001,0.0001,0.0001,0,0,0.2872,0.3241,0.2872,0.3241,
0,0.42,0.42,0.84,0,0.42,1.26,1.26,0.42,1.26,0.42,1.26,0.84,1.68,0.84,0,1.26,0.42,1.68,1.26,0,0,0,0.0001,0,0,0.0001,0.0001,0,0.0001,0,0.0001,0.0001,0.0001,0.0001,0,0.0001,0,0.0001,0.0001,0.2914,0.2886,0.2914,0.2886,
0.9778,0,0.9778,0,0.9778,0.4889,0,2.9333,0.9778,2.9333,0.9778,0.9778,1.9556,0,0.4889,1.4667,1.4667,0.9778,0.4889,0.9778,0.0001,0,0.0001,0,0.0001,0,0,0.0002,0.0001,0.0002,0.0001,0.0001,0.0001,0,0,0.0001,0.0001,0.0001,0,0.0001,0.2269,0.2842,0.2269,0.2842,
0.9575,0,0.4787,0.4787,0.4787,0.4787,0,1.4362,0.9575,0,1.4362,1.9149,1.9149,0.4787,0.4787,0,1.4362,1.4362,1.4362,0.4787,0.0001,0,0,0,0,0,0,0.0001,0.0001,0,0.0001,0.0001,0.0001,0,0,0,0.0001,0.0001,0.0001,0,0.2729,0.2484,0.2729,0.2484,
1.0963,0,0,0,1.0963,4.385,0,3.2888,0,3.2888,0.5481,0.5481,0.5481,0,0.5481,2.1925,1.6444,1.0963,0.5481,1.0963,0.0001,0,0,0,0.0001,0.0002,0,0.0002,0,0.0002,0,0,0,0,0,0.0001,0.0001,0.0001,0,0.0001,0.2084,0.2434,0.2084,0.2434,
0.384,1.1519,0,0.384,0.384,0.7679,0.384,2.3037,1.5358,0.384,0.384,0.384,0.384,0.7679,3.4556,0.384,0,0.7679,0,0,0,0.0001,0,0,0,0,0,0.0001,0.0001,0,0,0,0,0,0.0002,0,0,0,0,0,0.3251,0.2909,0.3251,0.2909,
1.1625,0,0.3875,0.775,0.775,1.1625,0.775,1.1625,0.3875,3.1,1.1625,0.775,0.3875,0,1.1625,0.775,0.775,1.55,1.1625,0.775,0.0001,0,0,0.0001,0.0001,0.0001,0.0001,0.0001,0,0.0002,0.0001,0.0001,0,0,0.0001,0.0001,0.0001,0.0001,0.0001,0.0001,0.3191,0.2934,0.3191,0.2934,
0.4318,0.8636,2.159,0,0.4318,1.2954,1.2954,0.8636,0.4318,0,1.2954,0.8636,0.8636,0,0.4318,1.2954,1.2954,0.8636,0.8636,0.4318,0,0,0.0001,0,0,0.0001,0.0001,0,0,0,0.0001,0,0,0,0,0.0001,0.0001,0,0,0,0.2785,0.2897,0.2785,0.2897,
1.0348,0.6899,0.3449,1.7247,1.0348,0.6899,0.3449,0.3449,0.3449,0.6899,1.0348,1.3798,0.3449,1.0348,1.0348,1.0348,0.6899,1.0348,1.3798,0.6899,0.0001,0,0,0.0001,0.0001,0,0,0,0,0,0.0001,0.0001,0,0.0001,0.0001,0.0001,0,0.0001,0.0001,0,0.3578,0.2972,0.3578,0.2972,
1.343,0,0,0,0,2.0146,0,1.343,1.343,2.0146,0,0,0,1.343,0,0.6715,2.0146,0.6715,0,0.6715,0.0001,0,0,0,0,0.0002,0,0.0001,0.0001,0.0002,0,0,0,0.0001,0,0.0001,0.0002,0.0001,0,0.0001,0.191,0.1375,0.191,0.1375,
2.0727,1.2436,0.8291,1.2436,1.2436,1.2436,0.4145,1.6582,0.4145,0.4145,0,0.4145,1.2436,1.2436,0.8291,1.2436,0.4145,0.8291,0.8291,0,0.0001,0.0001,0,0.0001,0.0001,0.0001,0,0.0001,0,0,0,0,0.0001,0.0001,0,0.0001,0,0,0,0,0.2636,0.3219,0.2636,0.3219,
0.7175,0,1.435,0,0,0.7175,0,1.435,0.7175,0,0,0.7175,1.435,0,0,0.7175,0.7175,0.7175,0,1.435,0.0001,0,0.0001,0,0,0.0001,0,0.0001,0.0001,0,0,0.0001,0.0001,0,0,0.0001,0.0001,0.0001,0,0.0001,0.149,0.1335,0.149,0.1335,
0,0,0,0.9862,1.9723,0.9862,0,0.4931,0.4931,3.4516,0.4931,2.4654,0.9862,0.4931,0.4931,1.9723,0.4931,2.4654,0,0.9862,0,0,0,0.0001,0.0001,0.0001,0,0,0,0.0002,0,0.0001,0.0001,0,0,0.0001,0,0.0001,0,0.0001,0.248,0.259,0.248,0.259,
1.5899,0,0.53,0.53,0.53,2.1198,0,2.6498,0.53,4.7696,0.53,1.0599,1.0599,1.0599,0.53,0,0.53,1.0599,0,1.0599,0.0001,0,0,0,0,0.0001,0,0.0002,0,0.0003,0,0.0001,0.0001,0.0001,0,0,0,0.0001,0,0.0001,0.2271,0.2429,0.2271,0.2429,
1.5346,1.9183,1.151,0.3837,0.7673,1.151,0.3837,0.7673,0.7673,0.3837,0.7673,1.151,0,0.7673,0.7673,2.302,0.7673,1.9183,0.3837,0.3837,0.0001,0.0001,0,0,0,0,0,0,0,0,0,0,0,0,0,0.0001,0,0.0001,0,0,0.3445,0.2719,0.3445,0.2719,
1.8496,0.3699,1.8496,0.7398,1.1098,0,0,0.7398,0.3699,0.7398,0.7398,0.7398,0,0.7398,1.1098,0.7398,0.7398,0.7398,0.3699,0.7398,0.0001,0,0.0001,0,0.0001,0,0,0,0,0,0,0,0,0,0.0001,0,0,0,0,0,0.2662,0.3639,0.2662,0.3639,
0,1.2555,0.4185,0,0,0.837,0.4185,0.837,2.0926,0.4185,0.4185,0.4185,0.837,1.674,2.5111,0.837,0,2.5111,0,0,0,0.0001,0,0,0,0.0001,0,0.0001,0.0001,0,0,0,0.0001,0.0001,0.0002,0.0001,0,0.0002,0,0,0.2767,0.3048,0.2767,0.3048,
0.7105,0,0,1.4211,0.7105,0,0.7105,0,0,0,0,0,0,0,0.7105,0,0,1.4211,0.7105,0.7105,0.0001,0,0,0.0003,0.0001,0,0.0001,0,0,0,0,0,0,0,0.0001,0,0,0.0003,0.0001,0.0001,0.1337,0.1558,0.1337,0.1558,
1.9796,1.3197,0,0.6599,0,1.3197,1.3197,0,0,0.6599,0.6599,0,0,0.6599,0,0,0,1.3197,0.6599,0,0.0002,0.0001,0,0.0001,0,0.0001,0.0001,0,0,0.0001,0.0001,0,0,0.0001,0,0,0,0.0001,0.0001,0,0.1486,0.1916,0.1486,0.1916,
0.4146,0,1.6585,0.8293,0.4146,0,0.4146,0,1.2439,2.0732,1.6585,0.8293,0.4146,0,1.2439,0,1.2439,0.4146,1.2439,0.8293,0,0,0.0001,0.0001,0,0,0,0,0.0001,0.0001,0.0001,0.0001,0,0,0.0001,0,0.0001,0,0.0001,0.0001,0.274,0.3113,0.274,0.3113,
0.5025,0,1.005,0,1.005,0.5025,1.005,0,0.5025,1.5075,1.5075,1.005,0,0,0.5025,1.5075,0,0.5025,0.5025,1.005,0,0,0.0001,0,0.0001,0,0.0001,0,0,0.0001,0.0001,0.0001,0,0,0,0.0001,0,0,0,0.0001,0.2597,0.2378,0.2597,0.2378,
0.7332,1.4663,0.3666,0.7332,0.7332,0.7332,0.7332,0.7332,1.0997,0.7332,0.7332,0.3666,0.7332,1.0997,1.8329,1.4663,1.0997,0.3666,0.7332,0.7332,0,0.0001,0,0,0,0,0,0,0,0,0,0,0,0,0.0001,0.0001,0,0,0,0,0.298,0.3354,0.298,0.3354,
0.4492,0.8985,0.8985,0.8985,1.3477,0.8985,1.797,0.4492,0,1.797,0,0,0,0,0.8985,0.8985,1.3477,0.8985,1.3477,1.3477,0,0.0001,0.0001,0.0001,0.0001,0.0001,0.0001,0,0,0.0001,0,0,0,0,0.0001,0.0001,0.0001,0.0001,0.0001,0.0001,0.2853,0.2654,0.2853,0.2654,
1.5057,0.7528,1.1293,1.1293,0,1.1293,1.1293,0.7528,1.1293,0.3764,0,0.3764,0.3764,1.5057,0.7528,1.8821,0.3764,1.1293,0.3764,0.3764,0.0001,0,0.0001,0.0001,0,0.0001,0.0001,0,0.0001,0,0,0,0,0.0001,0,0.0001,0,0.0001,0,0,0.2937,0.3299,0.2937,0.3299,
2.512,0,0.5024,0,0.5024,0.5024,0,1.0048,0.5024,2.512,1.0048,0.5024,0.5024,1.0048,1.5072,1.5072,0.5024,2.512,0.5024,0.5024,0.0002,0,0,0,0,0,0,0.0001,0,0.0002,0.0001,0,0,0.0001,0.0001,0.0001,0,0.0002,0,0,0.2553,0.2423,0.2553,0.2423,
1.9424,0,0.6475,0.6475,1.295,0.6475,0,2.5899,0.6475,4.5323,1.295,0.6475,0.6475,0,0,2.5899,1.295,1.9424,0,0.6475,0.0002,0,0.0001,0.0001,0.0001,0.0001,0,0.0002,0.0001,0.0004,0.0001,0.0001,0.0001,0,0,0.0002,0.0001,0.0002,0,0.0001,0.1873,0.1652,0.1873,0.1652,
1.6686,0,0.8343,0,0.8343,2.5029,0.8343,0,0,0.8343,0,0,0,0,0.8343,0,0,0.8343,0,0,0.0004,0,0.0002,0,0.0002,0.0006,0.0002,0,0,0.0002,0,0,0,0,0.0002,0,0,0.0002,0,0,0.0587,0.107,0.0587,0.107,
0,0,0,0,0.7978,2.3934,0,0.7978,0,0.7978,0,0,1.5956,0,0.7978,1.5956,0,0,0,0,0,0,0,0,0.0001,0.0004,0,0.0001,0,0.0001,0,0,0.0003,0,0.0001,0.0003,0,0,0,0,0.1286,0.0736,0.1286,0.0736,
0.7323,0,0,0.7323,0.7323,2.1968,0,0,0,0.7323,0.7323,0.7323,0,2.1968,0,0,0,1.4645,0,0.7323,0.0001,0,0,0.0001,0.0001,0.0002,0,0,0,0.0001,0.0001,0.0001,0,0.0002,0,0,0,0.0002,0,0.0001,0.1387,0.1291,0.1387,0.1291,
0.5703,0,0,1.7108,0,0,0,0,0.5703,0,0,1.7108,0,1.1406,0,0.5703,0,0,2.2811,1.1406,0,0,0,0.0001,0,0,0,0,0,0,0,0.0001,0,0.0001,0,0,0,0,0.0002,0.0001,0.1984,0.2313,0.1984,0.2313,
1.0418,0.3473,1.0418,1.0418,1.7364,1.0418,0,1.0418,1.3891,2.0837,0,0.3473,1.3891,0,1.3891,0.3473,1.7364,1.0418,0,0.3473,0.0001,0,0.0001,0.0001,0.0001,0.0001,0,0.0001,0.0001,0.0001,0,0,0.0001,0,0.0001,0,0.0001,0.0001,0,0,0.309,0.3437,0.309,0.3437,
0,0,1.5233,0,0.7616,0.7616,0,0,3.0465,0.7616,0,0.7616,0.7616,0.7616,0.7616,0,0,0.7616,0,0,0,0,0.0002,0,0.0001,0.0001,0,0,0.0003,0.0001,0,0.0001,0.0001,0.0001,0.0001,0,0,0.0001,0,0,0.0974,0.141,0.0974,0.141,
0,1.1997,0,0.7998,0,0.7998,0.3999,1.1997,3.1993,0,0.7998,0.3999,1.1997,0.7998,1.5997,0.3999,0,1.9996,0,0,0,0.0001,0,0.0001,0,0.0001,0,0.0001,0.0002,0,0.0001,0,0.0001,0.0001,0.0001,0,0,0.0001,0,0,0.3297,0.2704,0.3297,0.2704,
0.9252,1.3878,1.3878,0,0,0,0.9252,0.4626,1.3878,1.8504,0.9252,0.9252,1.8504,0.4626,0.9252,0.4626,0.4626,0,0.4626,1.8504,0,0.0001,0.0001,0,0,0,0,0,0.0001,0.0001,0,0,0.0001,0,0,0,0,0,0,0.0001,0.2385,0.2989,0.2385,0.2989,
0.6856,0.3428,0,1.3712,0.6856,1.0284,2.0568,0,0.6856,0.6856,0.6856,0.6856,0.3428,0.6856,0.3428,0.3428,1.0284,1.0284,1.0284,2.0568,0,0,0,0.0001,0,0.0001,0.0001,0,0,0,0,0,0,0,0,0,0.0001,0.0001,0.0001,0.0001,0.3244,0.3328,0.3244,0.3328,
2.2842,0,0,0,1.5228,3.0456,0,3.0456,0,3.807,0.7614,0.7614,0,0,0,1.5228,0,2.2842,0,2.2842,0.0002,0,0,0,0.0001,0.0003,0,0.0003,0,0.0003,0.0001,0.0001,0,0,0,0.0001,0,0.0002,0,0.0002,0.1221,0.1165,0.1221,0.1165,
1.6176,0.5392,1.0784,0,1.6176,0.5392,0.5392,0,0.5392,1.0784,0.5392,0.5392,0.5392,0,1.0784,0,0.5392,0,0,0.5392,0.0001,0,0.0001,0,0.0001,0,0,0,0,0.0001,0,0,0,0,0.0001,0,0,0,0,0,0.2934,0.1674,0.2934,0.1674,
1.6112,0.8056,0.8056,0.4028,0.8056,1.6112,0.8056,0.8056,0,5.2363,0.4028,0.4028,0,0.4028,1.6112,0.8056,1.2084,1.2084,0.4028,0.4028,0.0001,0,0,0,0,0.0001,0,0,0,0.0003,0,0,0,0,0.0001,0,0.0001,0.0001,0,0,0.3013,0.2959,0.3013,0.2959,
1.0247,0,0,1.0247,2.5616,0.5123,0,1.537,2.0493,2.0493,0.5123,0,1.537,0,0.5123,0.5123,1.537,2.0493,0,0.5123,0.0001,0,0,0.0001,0.0002,0,0,0.0001,0.0002,0.0002,0,0,0.0001,0,0,0,0.0001,0.0002,0,0,0.2329,0.2548,0.2329,0.2548,
0,0,0.6993,0,0.6993,0,4.8952,0,0.6993,0,0.6993,0,0.6993,0.6993,0.6993,0,0.6993,0.6993,0,0,0,0,0.0002,0,0.0002,0,0.0012,0,0.0002,0,0.0002,0,0.0002,0.0002,0.0002,0,0.0002,0.0002,0,0,0.1536,0.1471,0.1536,0.1471,
1.1433,0,1.1433,0.5717,0.5717,0.5717,0.5717,0,0.5717,0.5717,0,0,0,0.5717,0.5717,0,1.1433,1.1433,0,0.5717,0.0001,0,0.0001,0.0001,0.0001,0.0001,0.0001,0,0.0001,0.0001,0,0,0,0.0001,0.0001,0,0.0001,0.0001,0,0.0001,0.2439,0.1845,0.2439,0.1845,
0.8831,0.4416,0.8831,0,0.4416,0.8831,0.4416,0,0.8831,0.8831,0.8831,1.7663,1.3247,1.3247,0.8831,1.3247,0,1.7663,0.8831,1.3247,0.0001,0,0.0001,0,0,0.0001,0,0,0.0001,0.0001,0.0001,0.0001,0.0001,0.0001,0.0001,0.0001,0,0.0001,0.0001,0.0001,0.2817,0.2767,0.2817,0.2767,
0.3901,1.1704,0.3901,0,0,0.7802,0.7802,0.7802,2.3407,0,1.1704,0.3901,0.3901,0.7802,2.3407,0.3901,0.3901,1.9506,0,0,0,0.0001,0,0,0,0.0001,0.0001,0.0001,0.0002,0,0.0001,0,0,0.0001,0.0002,0,0,0.0001,0,0,0.3142,0.2957,0.3142,0.2957,
0,0.892,1.3381,0.446,0.892,1.3381,1.7841,0.446,0,1.7841,1.7841,0.446,0.446,0,1.3381,0.446,0.892,1.3381,0.446,0.892,0,0,0.0001,0,0,0.0001,0.0001,0,0,0.0001,0.0001,0,0,0,0.0001,0,0,0.0001,0,0,0.254,0.3,0.254,0.3,
1.5287,0,0.7644,0.7644,0,0,0,0.7644,0,0,0,0.7644,0.7644,0.7644,0,0,0,0.7644,0.7644,0,0.0002,0,0.0001,0.0001,0,0,0,0.0001,0,0,0,0.0001,0.0001,0.0001,0,0,0,0.0001,0.0001,0,0.1108,0.1248,0.1108,0.1248,
3.2296,0,0,1.2918,1.2918,0.6459,0.6459,3.2296,0,2.5837,1.9377,0.6459,0,0,0,0.6459,0,1.2918,0,1.2918,0.0003,0,0,0.0001,0.0001,0.0001,0.0001,0.0003,0,0.0002,0.0002,0.0001,0,0,0,0.0001,0,0.0001,0,0.0001,0.188,0.1661,0.188,0.1661,
0.7155,0,0.7155,2.5041,2.1464,2.1464,0.3577,0.7155,1.0732,0.3577,0,0.7155,0,1.4309,0.3577,0.7155,1.0732,1.0732,0,0,0,0,0,0.0002,0.0001,0.0001,0,0,0.0001,0,0,0,0,0.0001,0,0,0.0001,0.0001,0,0,0.3392,0.3031,0.3392,0.3031,
0,0,0.6,1.8,0,0.6,0,0.6,1.8,1.2,0,0.6,1.2,0,0,0,1.8,1.8,0,0,0,0,0.0001,0.0002,0,0.0001,0,0.0001,0.0002,0.0001,0,0.0001,0.0001,0,0,0,0.0002,0.0002,0,0,0.2039,0.1961,0.2039,0.1961,
3.3393,0,0.5565,0,0.5565,1.1131,0,3.3393,0.5565,2.7827,0.5565,1.1131,0,0.5565,1.1131,2.7827,1.6696,1.1131,0,0,0.0002,0,0,0,0,0.0001,0,0.0002,0,0.0002,0,0.0001,0,0,0.0001,0.0002,0.0001,0.0001,0,0,0.2269,0.2166,0.2269,0.2166,
0,0,1.2552,0.6276,0,0,0.6276,0,0,1.2552,0.6276,0.6276,1.2552,0,0.6276,0,1.2552,0,1.2552,1.2552,0,0,0.0001,0.0001,0,0,0.0001,0,0,0.0001,0.0001,0.0001,0.0001,0,0.0001,0,0.0001,0,0.0001,0.0001,0.2038,0.1687,0.2038,0.1687,
2.31,0.77,0.77,0,0,0,0,0.77,0,1.54,0,0,0,0,0.77,0.77,0.77,1.54,0,0,0.0002,0.0001,0.0001,0,0,0,0,0.0001,0,0.0001,0,0,0,0,0.0001,0.0001,0.0001,0.0001,0,0,0.1136,0.1164,0.1136,0.1164,
0.6925,1.0387,1.385,2.4237,0.6925,0.3462,1.7312,1.0387,0.6925,0,0.3462,0.6925,0.6925,0.6925,1.0387,1.385,0.6925,1.385,0,0,0,0.0001,0.0001,0.0001,0,0,0.0001,0.0001,0,0,0,0,0,0,0.0001,0.0001,0,0.0001,0,0,0.3415,0.3123,0.3415,0.3123,
0,0,0,0.624,0.624,0.624,0.624,0,0.624,0,0.624,0,0.624,0,0.624,1.248,0,0.624,0.624,0.624,0,0,0,0.0001,0.0001,0.0001,0.0001,0,0.0001,0,0.0001,0,0.0001,0,0.0001,0.0002,0,0.0001,0.0001,0.0001,0.2096,0.1664,0.2096,0.1664,
1.266,0,0.422,0.422,1.266,0.844,0.422,1.688,0,0.422,0,1.688,1.266,1.266,1.266,0.844,1.688,0,0.844,0,0.0001,0,0,0,0.0001,0.0001,0,0.0001,0,0,0,0.0001,0.0001,0.0001,0.0001,0.0001,0.0001,0,0.0001,0,0.2841,0.2939,0.2841,0.2939,
0,0,0,0,0,0,0.73,0,0.73,0.73,0.73,0,0,0,0,2.9201,1.4601,0,0.73,0,0,0,0,0,0,0,0.0001,0,0.0001,0.0001,0.0001,0,0,0,0,0.0004,0.0002,0,0.0001,0,0.1339,0.1361,0.1339,0.1361,
0.4258,0.8516,0.4258,0.4258,1.2774,0.8516,0.4258,0.4258,0.8516,0.8516,0.8516,0,1.7033,0.8516,1.7033,2.1291,1.7033,1.7033,0.4258,0.8516,0,0,0,0,0.0001,0,0,0,0,0,0,0,0.0001,0,0.0001,0.0001,0.0001,0.0001,0,0,0.2823,0.2919,0.2823,0.2919,
1.1893,0.3964,0.3964,0,0.7929,0,0.7929,0.3964,0.7929,1.1893,1.1893,0.3964,1.1893,0.7929,1.9822,1.1893,0.7929,1.5858,1.1893,1.1893,0.0001,0,0,0,0.0001,0,0.0001,0,0.0001,0.0001,0.0001,0,0.0001,0.0001,0.0001,0.0001,0.0001,0.0001,0.0001,0.0001,0.2652,0.3384,0.2652,0.3384,
1.1926,1.1926,0.3975,0.795,0.3975,0,0.795,1.1926,1.1926,1.5901,0.795,0.795,0.795,0.3975,0.795,0.3975,1.1926,1.5901,0.795,0.3975,0.0001,0.0001,0,0,0,0,0,0.0001,0.0001,0.0001,0,0,0,0,0,0,0.0001,0.0001,0,0,0.3327,0.2698,0.3327,0.2698,
0,0.604,0,0.604,0,1.208,0.604,1.208,1.208,0,0.604,0.604,0,0.604,0,0.604,1.208,0.604,0,1.208,0,0,0,0,0,0.0001,0,0.0001,0.0001,0,0,0,0,0,0,0,0.0001,0,0,0.0001,0.1686,0.2274,0.1686,0.2274,
1.4636,0.7318,0.7318,0,0,0.7318,0,0,0.7318,0.7318,1.4636,0.7318,0,0,0,0,2.1954,0,0,0,0.0001,0.0001,0.0001,0,0,0.0001,0,0,0.0001,0.0001,0.0001,0.0001,0,0,0,0,0.0002,0,0,0,0.1313,0.1369,0.1313,0.1369,
1.061,1.5915,0.5305,0.5305,1.061,2.122,1.061,1.061,1.061,0,2.122,0.5305,0.5305,1.5915,0,0.5305,0,1.061,0,2.122,0.0001,0.0001,0,0,0.0001,0.0001,0.0001,0.0001,0.0001,0,0.0001,0,0,0.0001,0,0,0,0.0001,0,0.0001,0.2452,0.2243,0.2452,0.2243,
1.0477,0.6985,0.6985,1.0477,0,0,1.0477,1.0477,1.0477,0.3492,0,0.3492,0.3492,2.0954,0.6985,1.0477,1.0477,1.3969,1.3969,1.3969,0.0001,0,0,0.0001,0,0,0.0001,0.0001,0.0001,0,0,0,0,0.0001,0,0.0001,0.0001,0.0001,0.0001,0.0001,0.3357,0.3151,0.3357,0.3151,
1.1855,1.1855,0,0,1.1855,0,0.5927,0,1.1855,1.7782,2.371,0.5927,0.5927,1.1855,0.5927,0.5927,0.5927,1.1855,1.1855,0.5927,0.0001,0.0001,0,0,0.0001,0,0,0,0.0001,0.0001,0.0001,0,0,0.0001,0,0,0,0.0001,0.0001,0,0.2098,0.1975,0.2098,0.1975,
0,1.2254,0,0.8169,0.8169,0.4085,0.8169,0.4085,1.6338,0.8169,0.4085,0.4085,0.4085,0.4085,1.6338,0.8169,0,0.4085,0.4085,1.2254,0,0.0001,0,0.0001,0.0001,0,0.0001,0,0.0001,0.0001,0,0,0,0,0.0001,0.0001,0,0,0,0.0001,0.2758,0.3157,0.2758,0.3157,
0.4666,0,1.8663,1.8663,1.3997,0.9331,0,0.9331,1.8663,0,0.4666,0.4666,0,0,0.9331,0.4666,0.4666,0.4666,0,0,0,0,0.0002,0.0002,0.0001,0.0001,0,0.0001,0.0002,0,0,0,0,0,0.0001,0,0,0,0,0,0.2578,0.2757,0.2578,0.2757,
0.7513,0.7513,0.3757,1.5027,0.3757,0.3757,0.3757,0.3757,0.3757,0,0,0.3757,0.3757,1.5027,1.8783,1.127,2.254,0.7513,0.7513,1.8783,0,0,0,0.0001,0,0,0,0,0,0,0,0,0,0.0001,0.0001,0.0001,0.0001,0,0,0.0001,0.3227,0.3016,0.3227,0.3016,
0.3809,1.1427,0.3809,0.3809,0,0.3809,0.3809,1.5236,3.4281,0.7618,0.3809,0.3809,0.3809,0.7618,1.5236,0.3809,0,1.5236,0,0,0,0.0001,0,0,0,0,0,0.0001,0.0002,0,0,0,0,0,0.0001,0,0,0.0001,0,0,0.3324,0.2867,0.3324,0.2867,
1.4366,0,0.9578,0.4789,0,0,0.9578,0.9578,0.9578,0.4789,0.9578,0.4789,0.4789,0.4789,0.9578,0,0.4789,1.9155,0,0,0.0001,0,0.0001,0,0,0,0.0001,0.0001,0.0001,0,0.0001,0,0,0,0.0001,0,0,0.0002,0,0,0.2414,0.2797,0.2414,0.2797,
1.1577,0,0.3859,0,2.3155,2.3155,0.3859,1.1577,1.1577,0.7718,1.1577,0,0.3859,1.1577,1.1577,1.5436,0,1.5436,0.3859,0.7718,0.0001,0,0,0,0.0001,0.0001,0,0.0001,0.0001,0,0.0001,0,0,0.0001,0.0001,0.0001,0,0.0001,0,0,0.2954,0.3187,0.2954,0.3187,
1.1161,0,1.1161,2.2322,0.372,0,0,0.7441,2.9762,0.7441,0.372,0.372,1.1161,0.7441,0,1.8601,2.2322,0.372,0,0,0.0001,0,0.0001,0.0002,0,0,0,0.0001,0.0002,0.0001,0,0,0.0001,0.0001,0,0.0001,0.0002,0,0,0,0.3047,0.3232,0.3047,0.3232,
0,0.5759,0.5759,0.5759,0,1.1517,0.5759,0,0.5759,0,0,0.5759,2.3035,0,1.1517,0.5759,0,0,1.1517,0,0,0,0,0,0,0.0001,0,0,0,0,0,0,0.0002,0,0.0001,0,0,0,0.0001,0,0.2017,0.2224,0.2017,0.2224,
0.4122,0.4122,0.4122,0.8243,1.2365,0.4122,0,0,1.6486,0.8243,1.2365,1.2365,0,0.4122,0.8243,0.8243,0.8243,1.2365,0.4122,0.4122,0,0,0,0,0.0001,0,0,0,0.0001,0,0.0001,0.0001,0,0,0,0,0,0.0001,0,0,0.3025,0.2853,0.3025,0.2853,
0,0,1.029,0.5145,2.5726,0.5145,0,1.5435,1.029,3.0871,0.5145,1.029,1.029,0,1.029,2.0581,1.5435,1.5435,0,0.5145,0,0,0.0001,0,0.0002,0,0,0.0001,0.0001,0.0002,0,0.0001,0.0001,0,0.0001,0.0001,0.0001,0.0001,0,0,0.2444,0.2411,0.2444,0.2411,
2.6171,0.6543,1.3085,0.6543,0.6543,1.3085,0,0.6543,0,2.6171,0.6543,0,0,0.6543,0,0.6543,0,0,0,0,0.0002,0,0.0001,0,0,0.0001,0,0,0,0.0002,0,0,0,0,0,0,0,0,0,0,0.1813,0.1645,0.1813,0.1645,
0.7273,0.7273,0.7273,0.7273,0.3636,0.3636,0.7273,0.7273,0.3636,0.3636,0.3636,0,0.7273,0,2.1819,0,0.7273,0.7273,1.8182,0.3636,0,0,0,0,0,0,0,0,0,0,0,0,0,0,0.0001,0,0,0,0.0001,0,0.3819,0.2544,0.3819,0.2544,
1.0236,0,0,1.0236,2.559,0.5118,0,2.0472,2.0472,2.0472,0.5118,0,1.5354,0,0.5118,0.5118,1.5354,1.5354,0,0.5118,0.0001,0,0,0.0001,0.0002,0,0,0.0002,0.0002,0.0002,0,0,0.0001,0,0,0,0.0001,0.0001,0,0,0.2336,0.2546,0.2336,0.2546,
0.351,1.4039,0.351,1.0529,0.7019,0.7019,1.4039,0.7019,1.0529,0.7019,0.351,1.4039,0.351,1.4039,1.4039,1.0529,0.351,1.0529,0,1.0529,0,0.0001,0,0.0001,0,0,0.0001,0,0.0001,0,0,0.0001,0,0.0001,0.0001,0.0001,0,0.0001,0,0.0001,0.3386,0.3104,0.3386,0.3104,
0,0.8927,0,0.8927,0.8927,0.8927,0,0,0,0.8927,0.8927,0,0.8927,0,0,0,0,2.678,0,0,0,0.0001,0,0.0001,0.0001,0.0001,0,0,0,0.0001,0.0001,0,0.0001,0,0,0,0,0.0003,0,0,0.0612,0.0461,0.0612,0.0461,
0.4626,2.7758,0.9253,0.9253,0.4626,1.3879,0.4626,0.9253,0.9253,0.4626,0.4626,0,0.9253,0.4626,1.8506,0.4626,0,0,0,0,0,0.0001,0,0,0,0.0001,0,0,0,0,0,0,0,0,0.0001,0,0,0,0,0,0.2563,0.2811,0.2563,0.2811,
0,0,0.7836,0,0,0,0,0,0,2.3509,2.3509,0,0.7836,0.7836,0,0.7836,0.7836,0,0.7836,0,0,0,0.0001,0,0,0,0,0,0,0.0002,0.0002,0,0.0001,0.0001,0,0.0001,0.0001,0,0.0001,0,0.1014,0.1149,0.1014,0.1149,
1.0288,1.3718,0,1.0288,0.3429,0.6859,0.3429,0.6859,2.7435,0.6859,0.3429,0.6859,0.6859,0.3429,1.0288,1.7147,1.7147,0.6859,0,1.0288,0.0001,0.0001,0,0.0001,0,0,0,0,0.0001,0,0,0,0,0,0.0001,0.0001,0.0001,0,0,0.0001,0.3258,0.3313,0.3258,0.3313,
1.1762,0,0.3921,0,0.3921,0.3921,1.1762,1.1762,1.5683,0,0,0,1.5683,0.7842,1.1762,0.7842,1.1762,1.1762,0.7842,0.7842,0.0001,0,0,0,0,0,0.0001,0.0001,0.0001,0,0,0,0.0001,0.0001,0.0001,0.0001,0.0001,0.0001,0.0001,0.0001,0.2899,0.318,0.2899,0.318,
0,0.8864,1.3295,0.8864,0.4432,0.8864,0.8864,2.2159,0.4432,0.8864,0,1.3295,0.4432,0.8864,0.8864,0.8864,0.4432,0.4432,0.4432,0.8864,0,0.0001,0.0001,0.0001,0,0.0001,0.0001,0.0001,0,0.0001,0,0.0001,0,0.0001,0.0001,0.0001,0,0,0,0.0001,0.2613,0.2956,0.2613,0.2956,
0,0.7075,1.415,0,0,0.7075,1.415,0,0.7075,0,0,0,0.7075,0,0,0,0,0.7075,0.7075,0.7075,0,0.0001,0.0001,0,0,0.0001,0.0001,0,0.0001,0,0,0,0.0001,0,0,0,0,0.0001,0.0001,0.0001,0.1457,0.1469,0.1457,0.1469,
1.5343,0,0,0.7671,0,0,0.7671,0,0,0.7671,0,0.7671,0.7671,0.7671,0,0.7671,0,0,0.7671,0,0.0002,0,0,0.0001,0,0,0.0001,0,0,0.0001,0,0.0001,0.0001,0.0001,0,0.0001,0,0,0.0001,0,0.1454,0.0874,0.1454,0.0874,
1.2933,0.8622,0.8622,0.8622,1.2933,1.2933,0.4311,1.2933,0.4311,2.1556,0,0,0.4311,0.4311,0.8622,0.8622,0,0.4311,0.8622,1.2933,0.0001,0,0,0,0.0001,0.0001,0,0.0001,0,0.0001,0,0,0,0,0,0,0,0,0,0.0001,0.3308,0.2381,0.3308,0.2381,
1.9632,0,0.4908,0.4908,0.4908,1.4724,0,2.9449,0.9816,2.454,1.9632,0.9816,0.4908,0.4908,0.4908,0.4908,0,0.9816,0.4908,0.4908,0.0001,0,0,0,0,0.0001,0,0.0002,0.0001,0.0001,0.0001,0.0001,0,0,0,0,0,0.0001,0,0,0.2824,0.2268,0.2824,0.2268,
0.3472,1.0416,0.3472,2.0832,1.3888,0,1.3888,0.3472,1.3888,1.0416,1.0416,1.3888,0,0.3472,0.3472,1.3888,0,0.3472,1.0416,1.736,0,0.0001,0,0.0001,0.0001,0,0.0001,0,0.0001,0.0001,0.0001,0.0001,0,0,0,0.0001,0,0,0.0001,0.0001,0.3897,0.2631,0.3897,0.2631,
0.3631,0.3631,0.3631,0.7262,0.3631,0.7262,1.0894,1.0894,1.0894,1.4525,0.7262,0,0,0.3631,1.0894,2.1787,0,0.7262,0.7262,1.4525,0,0,0,0,0,0,0.0001,0.0001,0.0001,0.0001,0,0,0,0,0.0001,0.0001,0,0,0,0.0001,0.3065,0.3303,0.3065,0.3303,
0,0,0,0.6944,0,0,0,0,0.6944,0,0.6944,0.6944,0.6944,1.3888,0,0,2.0832,0.6944,1.3888,0.6944,0,0,0,0.0001,0,0,0,0,0.0001,0,0.0001,0.0001,0.0001,0.0002,0,0,0.0002,0.0001,0.0002,0.0001,0.1562,0.1494,0.1562,0.1494,
0.7638,0,0,0,0.7638,0.7638,1.5276,0,0,0.7638,0,0,0.7638,0,0,0.7638,0,0.7638,0.7638,0.7638,0.0001,0,0,0,0.0001,0.0001,0.0002,0,0,0.0001,0,0,0.0001,0,0,0.0001,0,0.0001,0.0001,0.0001,0.0846,0.1516,0.0846,0.1516,
0.359,0,1.4361,0.359,1.077,1.077,1.077,0.359,0.718,0.718,0.718,0.718,0.359,0.359,1.077,0.359,0.359,0.718,1.4361,0.718,0,0,0.0001,0,0.0001,0.0001,0.0001,0,0,0,0,0,0,0,0.0001,0,0,0,0.0001,0,0.3567,0.2843,0.3567,0.2843,
0.5937,0.5937,0,1.1874,0.5937,0,1.1874,0,0.5937,0.5937,0,0.5937,1.7811,0.5937,0.5937,0.5937,0,1.1874,0.5937,0,0.0001,0.0001,0,0.0001,0.0001,0,0.0001,0,0.0001,0.0001,0,0.0001,0.0002,0.0001,0.0001,0.0001,0,0.0001,0.0001,0,0.2184,0.1879,0.2184,0.1879,
1.4468,0,0.9645,1.9291,1.4468,0.9645,0.4823,1.9291,0.4823,1.9291,0.4823,0.4823,0.9645,0,0.4823,1.9291,2.4113,1.4468,0,0.9645,0.0001,0,0.0001,0.0001,0.0001,0.0001,0,0.0001,0,0.0001,0,0,0.0001,0,0,0.0001,0.0001,0.0001,0,0.0001,0.2436,0.2742,0.2436,0.2742,
0.6186,0.6186,0,0.6186,0,0,0,0.6186,0,1.2372,0,1.2372,0.6186,1.8557,0.6186,1.2372,0,0.6186,1.2372,1.2372,0,0,0,0,0,0,0,0,0,0.0001,0,0.0001,0,0.0001,0,0.0001,0,0,0.0001,0.0001,0.2068,0.1746,0.2068,0.1746,
0.7186,0,0,0.3593,0.3593,1.0779,0.3593,0.3593,1.7965,1.0779,0.3593,0.3593,0.3593,0.3593,4.671,0.7186,1.7965,0.7186,0,0.3593,0.0001,0,0,0,0,0.0001,0,0,0.0002,0.0001,0,0,0,0,0.0004,0.0001,0.0002,0.0001,0,0,0.319,0.3217,0.319,0.3217,
0.7829,1.1744,0,0.7829,0,1.5659,0.7829,0,0.7829,1.1744,1.1744,0.3915,2.3488,0.7829,1.5659,1.1744,1.1744,0.7829,0.3915,0.7829,0,0.0001,0,0,0,0.0001,0,0,0,0.0001,0.0001,0,0.0001,0,0.0001,0.0001,0.0001,0,0,0,0.2847,0.3239,0.2847,0.3239,
1.1166,0.3722,0.3722,1.1166,1.4888,0.7444,0.7444,0.7444,0.7444,1.1166,1.1166,0.7444,1.4888,0.3722,1.1166,1.4888,0.7444,0.7444,0.7444,0.3722,0.0001,0,0,0.0001,0.0001,0,0,0,0,0.0001,0.0001,0,0.0001,0,0.0001,0.0001,0,0,0,0,0.3291,0.2987,0.3291,0.2987,
0,0,0,0,3.4736,0.4962,0,2.9774,0.4962,4.4661,1.9849,0.4962,1.4887,0.9925,0.9925,1.4887,1.9849,0.4962,0,1.9849,0,0,0,0,0.0002,0,0,0.0002,0,0.0003,0.0001,0,0.0001,0.0001,0.0001,0.0001,0.0001,0,0,0.0001,0.2591,0.2446,0.2591,0.2446,
1.0549,0.5274,0,0.5274,0,1.0549,1.5823,0.5274,1.0549,1.0549,1.0549,0,0.5274,0.5274,0.5274,1.0549,0,2.1097,0.5274,1.0549,0.0001,0,0,0,0,0.0001,0.0001,0,0.0001,0.0001,0.0001,0,0,0,0,0.0001,0,0.0001,0,0.0001,0.2392,0.2333,0.2392,0.2333,
1.5554,0.3889,0.3889,1.5554,0.7777,0,0.7777,0.7777,0.3889,1.5554,0.3889,1.5554,1.5554,1.9443,0.7777,1.9443,0.7777,0.7777,0.7777,0.7777,0.0001,0,0,0.0001,0,0,0,0,0,0.0001,0,0.0001,0.0001,0.0001,0,0.0001,0,0,0,0,0.2915,0.3197,0.2915,0.3197,
1.5329,0.7665,0,0.7665,0.7665,0,0.7665,0,0,0,1.5329,0,0.7665,0.7665,0,0,0,0,0.7665,0,0.0001,0.0001,0,0.0001,0.0001,0,0.0001,0,0,0,0.0001,0,0.0001,0.0001,0,0,0,0,0.0001,0,0.121,0.1125,0.121,0.1125,
1.8114,0.4529,0.9057,0.9057,1.3586,0.9057,1.8114,1.3586,0.9057,1.3586,1.3586,0.4529,0.9057,0.4529,0,0.4529,0.4529,1.8114,0.4529,0.4529,0.0001,0,0.0001,0.0001,0.0001,0.0001,0.0001,0.0001,0.0001,0.0001,0.0001,0,0.0001,0,0,0,0,0.0001,0,0,0.2933,0.2538,0.2933,0.2538,
2.2071,0.4414,0.4414,0.8829,0.4414,0.8829,0,0.8829,1.3243,1.3243,0,1.3243,0,0.8829,0.4414,0.4414,0.4414,0.8829,1.3243,0,0.0001,0,0,0,0,0,0,0,0.0001,0.0001,0,0.0001,0,0,0,0,0,0,0.0001,0,0.2942,0.2643,0.2942,0.2643,
1.1848,1.1848,1.1848,0,1.1848,0.3949,1.1848,0.7899,0,0.3949,0.3949,0.7899,0.3949,1.5797,1.5797,0.3949,0.7899,0.3949,0.3949,0.7899,0.0001,0.0001,0.0001,0,0.0001,0,0.0001,0,0,0,0,0,0,0.0001,0.0001,0,0,0,0,0,0.3198,0.2852,0.3198,0.2852,
1.4713,2.207,1.1035,0.7357,1.4713,1.1035,1.8392,0,0.3678,1.1035,0,0.3678,0.7357,1.1035,0.7357,1.1035,0.7357,1.8392,0,0.3678,0.0001,0.0001,0,0,0.0001,0,0.0001,0,0,0,0,0,0,0,0,0,0,0.0001,0,0,0.3155,0.3167,0.3155,0.3167,
1.0886,0,0.3629,2.1772,1.8143,1.4514,0.7257,0.7257,0.7257,1.0886,0.7257,0.7257,0.7257,1.0886,0,1.8143,0.3629,0.3629,0.3629,1.4514,0.0001,0,0,0.0001,0.0001,0.0001,0,0,0,0.0001,0,0,0,0.0001,0,0.0001,0,0,0,0.0001,0.3321,0.3051,0.3321,0.3051,
0.6766,1.3533,0.3383,1.015,0,0.3383,1.015,0.3383,2.7066,0.6766,0.3383,1.3533,0.3383,0,1.6916,0,2.3682,1.015,0.3383,0.6766,0,0.0001,0,0.0001,0,0,0.0001,0,0.0002,0,0,0.0001,0,0,0.0001,0,0.0001,0.0001,0,0,0.3707,0.291,0.3707,0.291,
1.1602,0,0.5801,0,1.7403,1.7403,0,0.5801,0,2.9005,1.1602,0.5801,0,0,0.5801,1.7403,0.5801,2.3204,1.1602,0,0.0001,0,0,0,0.0001,0.0001,0,0,0,0.0002,0.0001,0,0,0,0,0.0001,0,0.0001,0.0001,0,0.2613,0.1587,0.2613,0.1587,
0.4254,0.8508,0.8508,0.8508,0.8508,0.8508,1.2762,0,1.2762,0.4254,1.7016,0.8508,0.4254,0.8508,0.4254,0.8508,0.8508,0.4254,0.8508,0.4254,0,0,0,0,0,0,0.0001,0,0.0001,0,0.0001,0,0,0,0,0,0,0,0,0,0.3005,0.2741,0.3005,0.2741,
0.672,0.672,0,0,0,0,0,0.672,1.344,0.672,2.016,2.016,1.344,0,0,0,0,0,0.672,0,0.0001,0.0001,0,0,0,0,0,0.0001,0.0001,0.0001,0.0002,0.0002,0.0001,0,0,0,0,0,0.0001,0,0.1723,0.1558,0.1723,0.1558,
0.3404,0.3404,1.0211,0.3404,0.3404,1.3614,1.7018,1.0211,1.3614,0.3404,0.6807,1.0211,0,0.3404,1.7018,0,0.6807,0.6807,0.3404,0.3404,0,0,0.0001,0,0,0.0001,0.0001,0.0001,0.0001,0,0.0001,0.0001,0,0,0.0001,0,0.0001,0.0001,0,0,0.3538,0.3059,0.3538,0.3059,
0.2937,1.175,0,1.4687,0,0.2937,1.175,0,3.2312,1.175,0.5875,0.5875,0,0,0.8812,0,2.35,0.5875,0.2937,0.5875,0,0.0001,0,0.0001,0,0,0.0001,0,0.0002,0.0001,0,0,0,0,0.0001,0,0.0001,0,0,0,0.3046,0.4016,0.3046,0.4016,
1.2206,0,0,1.2206,1.8309,0.6103,0,0,0.6103,0,0.6103,0.6103,0.6103,0,1.2206,0,0.6103,0,0,0,0.0001,0,0,0.0001,0.0002,0.0001,0,0,0.0001,0,0.0001,0.0001,0.0001,0,0.0001,0,0.0001,0,0,0,0.1929,0.1968,0.1929,0.1968,
0.7195,0.7195,0.7195,2.1586,0,0,0,0.7195,0.7195,0.7195,0,0,1.4391,0,0,0,0,0,0.7195,0,0.0001,0.0001,0.0001,0.0002,0,0,0,0.0001,0.0001,0.0001,0,0,0.0001,0,0,0,0,0,0.0001,0,0.1425,0.138,0.1425,0.138,
1.4886,0,0.4962,0,1.9848,0.9924,0.4962,1.4886,0,1.4886,0.9924,0,0.9924,0.9924,1.4886,0.9924,2.481,1.9848,0.4962,0.4962,0.0001,0,0,0,0.0001,0.0001,0,0.0001,0,0.0001,0.0001,0,0.0001,0.0001,0.0001,0.0001,0.0002,0.0001,0,0,0.2289,0.2748,0.2289,0.2748,
0.7574,1.8935,1.1361,1.1361,1.5148,1.5148,1.1361,1.1361,0.3787,0,0.3787,0.7574,0.7574,0.7574,0.3787,0.3787,2.2721,0.7574,0.7574,1.1361,0,0.0001,0,0,0.0001,0.0001,0,0,0,0,0,0,0,0,0,0,0.0001,0,0,0,0.2738,0.3475,0.2738,0.3475,
1.4571,0.4857,0.4857,0.4857,0.9714,0.4857,0,0.9714,0.4857,1.9428,0,1.9428,1.4571,1.4571,0.4857,0.4857,0,0.9714,1.4571,1.4571,0.0001,0,0,0,0,0,0,0,0,0.0001,0,0.0001,0.0001,0.0001,0,0,0,0,0.0001,0.0001,0.2499,0.2644,0.2499,0.2644,
1.0292,3.0876,1.0292,1.0292,0.5146,1.0292,0,1.5438,0.5146,1.0292,0.5146,0.5146,0.5146,1.0292,1.0292,0.5146,0,0,0,0,0,0.0001,0,0,0,0,0,0.0001,0,0,0,0,0,0,0,0,0,0,0,0,0.2838,0.2016,0.2838,0.2016,
0.727,0,0,0.727,0.727,0,0.727,0.727,0,0.727,0,0,0.727,0,0.727,0,0.727,0.727,0.727,0,0.0001,0,0,0.0001,0.0001,0,0.0001,0.0001,0,0.0001,0,0,0.0001,0,0.0001,0,0.0001,0.0001,0.0001,0,0.1798,0.0931,0.1798,0.0931,
1.2825,0,0.855,2.1376,0,0.855,0,0.855,2.1376,1.2825,0,0.855,1.2825,0.855,0.4275,0,1.2825,0.4275,0,0.4275,0.0001,0,0.0001,0.0002,0,0.0001,0,0.0001,0.0002,0.0001,0,0.0001,0.0001,0.0001,0,0,0.0001,0,0,0,0.3088,0.2637,0.3088,0.2637,
0,0,0.7414,0.7414,0.7414,0,0,0,0,0.7414,1.4827,0,0,0.7414,0.7414,0,0.7414,0,0.7414,0.7414,0,0,0.0001,0.0001,0.0001,0,0,0,0,0.0001,0.0003,0,0,0.0001,0.0001,0,0.0001,0,0.0001,0.0001,0.1414,0.1173,0.1414,0.1173,
0.8117,0,0,0,0.8117,2.435,0,0.8117,0,1.6233,0,0,0.8117,0,0.8117,1.6233,0,0,0,0,0.0001,0,0,0,0.0001,0.0004,0,0.0001,0,0.0003,0,0,0.0001,0,0.0001,0.0003,0,0,0,0,0.1109,0.0775,0.1109,0.0775,
1.8284,0,0,1.219,0.6095,1.219,0.6095,0.6095,0,0,0,1.219,0.6095,0.6095,0.6095,0.6095,0.6095,0.6095,0,1.219,0.0002,0,0,0.0001,0.0001,0.0001,0.0001,0.0001,0,0,0,0.0001,0.0001,0.0001,0.0001,0.0001,0.0001,0.0001,0,0.0001,0.1791,0.2114,0.1791,0.2114,
0,0,1.1685,1.1685,0,0.3895,1.9476,0.3895,0,1.5581,0.3895,0.779,2.3371,1.1685,0.779,0.3895,1.5581,1.5581,0.3895,1.1685,0,0,0.0001,0.0001,0,0,0.0001,0,0,0.0001,0,0.0001,0.0002,0.0001,0.0001,0,0.0001,0.0001,0,0.0001,0.3163,0.2941,0.3163,0.2941,
0,0.7281,0.364,1.0921,1.0921,0.364,0.364,1.0921,1.8202,1.4562,0.7281,1.4562,0,0.7281,1.0921,1.0921,0.7281,1.4562,0,1.0921,0,0,0,0.0001,0.0001,0,0,0.0001,0.0001,0.0001,0,0.0001,0,0,0.0001,0.0001,0,0.0001,0,0.0001,0.3289,0.307,0.3289,0.307,
0.7669,0,0,0.3835,0.3835,1.5338,0,0.7669,1.5338,1.1504,0.3835,1.1504,0.7669,1.1504,2.3008,0.7669,0,1.9173,0,0.3835,0.0001,0,0,0,0,0.0001,0,0.0001,0.0001,0.0001,0,0.0001,0.0001,0.0001,0.0002,0.0001,0,0.0001,0,0,0.336,0.2805,0.336,0.2805,
0.3997,0.7994,0.3997,1.5988,1.5988,0.3997,0.3997,0.3997,0.7994,1.5988,1.9986,1.1991,0.3997,1.1991,0,1.9986,0,0.7994,0,1.1991,0,0,0,0.0001,0.0001,0,0,0,0,0.0001,0.0001,0.0001,0,0.0001,0,0.0001,0,0,0,0.0001,0.3008,0.2995,0.3008,0.2995,
0.4657,0,1.397,0.4657,0.9314,0.4657,0.4657,0,0.9314,0.9314,0.4657,0,0,0.4657,0.9314,2.7941,0.9314,0.4657,0.4657,0.9314,0,0,0.0001,0,0.0001,0,0,0,0.0001,0.0001,0,0,0,0,0.0001,0.0002,0.0001,0,0,0.0001,0.2703,0.264,0.2703,0.264,
0,0,1.4542,0,1.4542,0,1.4542,0.7271,0.7271,0,0,0.7271,0,0,0.7271,0,0,0,0,0,0,0,0.0003,0,0.0003,0,0.0003,0.0001,0.0001,0,0,0.0001,0,0,0.0001,0,0,0,0,0,0.1436,0.1293,0.1436,0.1293,
1.5239,0.381,0.762,0,1.143,1.9049,1.143,0.762,0.381,0.762,0,0.381,1.143,0.762,1.143,0.381,1.5239,0,1.5239,1.143,0.0001,0,0,0,0.0001,0.0001,0.0001,0,0,0,0,0,0.0001,0,0.0001,0,0.0001,0,0.0001,0.0001,0.3714,0.2477,0.3714,0.2477,
0.8665,0.4332,0.4332,0.4332,0.8665,1.733,1.2997,0.8665,0.8665,1.2997,1.2997,0.4332,0.4332,0.4332,0.4332,0.8665,0.8665,0.8665,0.4332,0.8665,0.0001,0,0,0,0.0001,0.0001,0.0001,0.0001,0.0001,0.0001,0.0001,0,0,0,0,0.0001,0.0001,0.0001,0,0.0001,0.3047,0.2621,0.3047,0.2621,
0,0.6601,0,0,0.6601,0,0.6601,0,0.6601,0.6601,0.6601,0,0.6601,0.6601,1.3203,0,0.6601,0.6601,0.6601,0,0,0.0001,0,0,0.0001,0,0.0001,0,0.0001,0.0001,0.0001,0,0.0001,0.0001,0.0001,0,0.0001,0.0001,0.0001,0,0.1404,0.1995,0.1404,0.1995,
1.2461,0.8308,1.6615,0.4154,1.2461,1.2461,1.2461,0.8308,0.4154,0,0.4154,1.6615,0.8308,0.8308,0.8308,0.8308,1.6615,0.4154,0.8308,0.4154,0.0001,0,0.0001,0,0.0001,0.0001,0.0001,0,0,0,0,0.0001,0,0,0,0,0.0001,0,0,0,0.2631,0.3215,0.2631,0.3215,
1.0533,1.0533,0.5267,0.5267,0,0,1.58,1.0533,0,2.6333,1.58,1.0533,1.58,4.2133,0,0.5267,0,1.0533,1.0533,1.0533,0.0001,0.0001,0,0,0,0,0.0001,0.0001,0,0.0001,0.0001,0.0001,0.0001,0.0002,0,0,0,0.0001,0.0001,0.0001,0.231,0.2424,0.231,0.2424,
0,1.2374,1.2374,0.825,0.4125,0.825,1.6499,1.2374,0.825,1.2374,0.4125,0.4125,0.825,1.6499,0.4125,1.2374,1.2374,1.2374,0,1.2374,0,0.0001,0.0001,0,0,0,0.0001,0.0001,0,0.0001,0,0,0,0.0001,0,0.0001,0.0001,0.0001,0,0.0001,0.2925,0.295,0.2925,0.295,
1.1466,0,0.7644,0,0.3822,1.9109,1.9109,1.1466,0,1.1466,1.1466,0,0.7644,1.1466,0.7644,0.3822,1.5287,1.5287,0.3822,1.1466,0.0001,0,0.0001,0,0,0.0001,0.0001,0.0001,0,0.0001,0.0001,0,0.0001,0.0001,0.0001,0,0.0001,0.0001,0,0.0001,0.3091,0.3087,0.3091,0.3087,
0.7708,0.3854,0.7708,0.3854,1.5416,0,0.7708,0.3854,0.7708,0.3854,0.7708,1.5416,0.7708,0,1.1562,0.7708,0.3854,1.927,1.5416,0,0,0,0,0,0.0001,0,0,0,0,0,0,0.0001,0,0,0.0001,0,0,0.0001,0.0001,0,0.3483,0.2663,0.3483,0.2663,
0.4427,0,0.4427,1.3281,1.7707,0,0,0.4427,0,1.3281,1.3281,1.7707,1.3281,0,1.3281,0.4427,0.8854,1.3281,1.3281,0.4427,0,0,0,0.0001,0.0001,0,0,0,0,0.0001,0.0001,0.0001,0.0001,0,0.0001,0,0.0001,0.0001,0.0001,0,0.2827,0.2746,0.2827,0.2746,
2.3647,0,0.3941,0,0.3941,2.3647,0.7882,2.3647,0.7882,1.1824,0.7882,0.3941,0.7882,1.1824,1.1824,0.7882,1.1824,0.7882,0,0.7882,0.0002,0,0,0,0,0.0002,0.0001,0.0002,0.0001,0.0001,0.0001,0,0.0001,0.0001,0.0001,0.0001,0.0001,0.0001,0,0.0001,0.2928,0.3131,0.2928,0.3131,
0,0,0,0.7197,0.7197,0.7197,0,0,0.7197,0,0,0.7197,0,0.7197,0.7197,0.7197,0,1.4395,0,0,0,0,0,0.0001,0.0001,0.0001,0,0,0.0001,0,0,0.0001,0,0.0001,0.0001,0.0001,0,0.0003,0,0,0.1234,0.1568,0.1234,0.1568,
1.3289,0,0,0,0,0,0,0,0,0,0,0,0.8859,0.443,9.3021,0.8859,0.443,1.3289,0,0.443,0.0002,0,0,0,0,0,0,0,0,0,0,0,0.0001,0.0001,0.0014,0.0001,0.0001,0.0002,0,0.0001,0.2191,0.3379,0.2191,0.3379,
0.8949,0.8949,1.3424,0.8949,0.8949,1.7899,0.4475,0.8949,0.4475,0.8949,0.4475,0,0.4475,0.8949,1.3424,0.8949,1.3424,0.8949,0.8949,0.8949,0,0,0.0001,0,0,0.0001,0,0,0,0,0,0,0,0,0.0001,0,0.0001,0,0,0,0.2863,0.2662,0.2863,0.2662,
1.1868,1.1868,1.5825,0.3956,0,0.7912,0.7912,2.7693,0.7912,0.3956,0.3956,0.3956,1.9781,1.1868,0.7912,1.1868,0.7912,1.5825,0.7912,0.3956,0,0,0.0001,0,0,0,0,0.0001,0,0,0,0,0.0001,0,0,0,0,0.0001,0,0,0.3605,0.2439,0.3605,0.2439,
2.1303,0,2.5564,0,1.2782,1.7043,0,1.7043,0.8521,1.2782,0.4261,0,0,0,0.4261,2.1303,0,0.8521,0,0.4261,0.0001,0,0.0001,0,0.0001,0.0001,0,0.0001,0,0.0001,0,0,0,0,0,0.0001,0,0,0,0,0.3246,0.2493,0.3246,0.2493,
0,0.9361,0.468,0.9361,0.9361,0.9361,1.4041,0.468,0.9361,0.9361,0,0.9361,0,0.9361,0,0.468,0.468,0.468,0.9361,0,0,0.0001,0,0.0001,0.0001,0.0001,0.0001,0,0.0001,0.0001,0,0.0001,0,0.0001,0,0,0,0,0.0001,0,0.2715,0.2604,0.2715,0.2604,
0.9718,3.8871,0.9718,0,0,0.4859,0,0.4859,1.9436,0.4859,0.9718,1.4577,0,0,0.9718,1.9436,1.4577,0,0,0.4859,0,0.0002,0,0,0,0,0,0,0.0001,0,0,0.0001,0,0,0,0.0001,0.0001,0,0,0,0.2386,0.2755,0.2386,0.2755,
0,0.7151,0,1.4301,0,0,0.7151,0,0,0,0,0.7151,0,1.4301,0,1.4301,0.7151,0,1.4301,0,0,0.0001,0,0.0001,0,0,0.0001,0,0,0,0,0.0001,0,0.0001,0,0.0001,0.0001,0,0.0001,0,0.1724,0.1125,0.1724,0.1125,
1.0212,1.5318,0,1.0212,1.0212,1.0212,1.0212,1.0212,0,0.5106,1.5318,0.5106,1.0212,2.0424,0.5106,0.5106,1.5318,1.5318,0.5106,1.0212,0.0001,0.0001,0,0.0001,0.0001,0.0001,0.0001,0.0001,0,0,0.0001,0,0.0001,0.0001,0,0,0.0001,0.0001,0,0.0001,0.247,0.2424,0.247,0.2424,
1.3735,0.9156,0.4578,1.3735,0.4578,0.4578,0,0.9156,0.9156,0.4578,1.8313,1.3735,0.4578,0.9156,0.9156,1.3735,0.9156,0.9156,0,0.9156,0.0001,0.0001,0,0.0001,0,0,0,0.0001,0.0001,0,0.0001,0.0001,0,0.0001,0.0001,0.0001,0.0001,0.0001,0,0.0001,0.3071,0.2351,0.3071,0.2351,
0.3609,0.7218,0.7218,0.3609,0.7218,0.3609,0.7218,0.7218,1.8044,0.7218,0.7218,0.7218,1.0827,1.4435,0.3609,0.7218,1.4435,0.3609,1.8044,0.3609,0,0,0,0,0,0,0,0,0.0001,0,0,0,0.0001,0.0001,0,0,0.0001,0,0.0001,0,0.3032,0.3359,0.3032,0.3359,
0,0.9315,0.9315,0.4657,0.4657,0,0,0,0.4657,0.9315,0,1.3972,0.4657,1.3972,2.3287,1.3972,0,0.4657,0.9315,0.9315,0,0.0001,0.0001,0,0,0,0,0,0,0.0001,0,0.0001,0,0.0001,0.0001,0.0001,0,0,0.0001,0.0001,0.2745,0.2598,0.2745,0.2598,
1.7908,2.2385,0,1.3431,0.8954,1.7908,0,0,0.4477,2.6862,0,0.4477,0.4477,0.8954,1.3431,2.2385,0.4477,0.4477,0,0,0.0001,0.0001,0,0.0001,0,0.0001,0,0,0,0.0001,0,0,0,0,0.0001,0.0001,0,0,0,0,0.2519,0.3004,0.2519,0.3004,
0.4465,1.3395,1.3395,1.3395,0.4465,0.4465,0,1.3395,1.7859,0.4465,1.3395,1.3395,1.3395,0.4465,0,0.893,1.7859,1.3395,0.4465,0.4465,0,0.0001,0.0001,0.0001,0,0,0,0.0001,0.0001,0,0.0001,0.0001,0.0001,0,0,0,0.0001,0.0001,0,0,0.2696,0.2839,0.2696,0.2839,
0.4219,0.4219,1.2658,0.4219,0.8438,0,1.6877,0.4219,1.2658,0,0,0,0.8438,0,1.2658,0.4219,0.8438,0.8438,1.6877,0,0,0,0.0001,0,0.0001,0,0.0001,0,0.0001,0,0,0,0.0001,0,0.0001,0,0.0001,0.0001,0.0001,0,0.243,0.3351,0.243,0.3351,
0.9004,0,1.3505,0.9004,0,0.4502,0.4502,0,0.4502,1.8007,0.9004,0,0.9004,0.4502,0.9004,0.4502,0.9004,0.4502,1.3505,0.4502,0.0001,0,0.0001,0.0001,0,0,0,0,0,0.0001,0.0001,0,0.0001,0,0.0001,0,0.0001,0,0.0001,0,0.2931,0.2567,0.2931,0.2567,
0.7527,0.7527,0.3763,0,0.3763,0.3763,0.3763,1.129,2.6344,1.129,0.3763,0.7527,0.7527,0.7527,2.2581,0.7527,0.7527,0.7527,0,0.3763,0,0,0,0,0,0,0,0.0001,0.0002,0.0001,0,0,0,0,0.0001,0,0,0,0,0,0.3643,0.2594,0.3643,0.2594,
0.3891,0.3891,1.1674,0.3891,0.7783,0,0.7783,0.3891,0.3891,0.7783,1.1674,1.5565,1.1674,0.3891,1.5565,1.5565,0.3891,1.5565,0.7783,0,0,0,0.0001,0,0,0,0,0,0,0,0.0001,0.0001,0.0001,0,0.0001,0.0001,0,0.0001,0,0,0.3059,0.305,0.3059,0.305,
0.8011,1.2017,1.2017,1.2017,0.4006,1.6023,0.8011,1.6023,0.4006,0.4006,1.2017,0.8011,0,1.2017,0.4006,1.2017,0.8011,1.2017,0.4006,0.4006,0,0.0001,0.0001,0.0001,0,0.0001,0,0.0001,0,0,0.0001,0,0,0.0001,0,0.0001,0,0.0001,0,0,0.2934,0.306,0.2934,0.306,
0.6832,0,0.6832,0.6832,0.6832,2.0496,0,0,0.6832,0.6832,0.6832,0,0,0.6832,0,0,2.0496,0.6832,0,0,0.0001,0,0.0001,0.0001,0.0001,0.0003,0,0,0.0001,0.0001,0.0001,0,0,0.0001,0,0,0.0003,0.0001,0,0,0.1694,0.1474,0.1694,0.1474,
0,0,2.0198,0,0.6733,0.6733,0,0,0.6733,0.6733,0,0.6733,0,0.6733,0.6733,1.3466,1.3466,0,0,0.6733,0,0,0.0002,0,0.0001,0.0001,0,0,0.0001,0.0001,0,0.0001,0,0.0001,0.0001,0.0001,0.0001,0,0,0.0001,0.1623,0.1645,0.1623,0.1645,
0.4293,0.8586,0.8586,0,0,0.4293,0.4293,0.4293,0.4293,1.2879,0.4293,1.7172,1.7172,1.7172,1.7172,1.2879,1.7172,0,1.2879,0,0,0,0,0,0,0,0,0,0,0.0001,0,0.0001,0.0001,0.0001,0.0001,0.0001,0.0001,0,0.0001,0,0.2825,0.2882,0.2825,0.2882,
0.4454,0,0.8907,0,0,0.8907,1.3361,0.8907,0,1.7815,1.3361,1.3361,1.7815,0.4454,1.7815,0.4454,0,0,0.4454,0.8907,0,0,0.0001,0,0,0.0001,0.0001,0.0001,0,0.0001,0.0001,0.0001,0.0001,0,0.0001,0,0,0,0,0.0001,0.2658,0.2888,0.2658,0.2888,
0,1.003,0.5015,0,1.003,0,3.009,1.003,0.5015,0,1.003,0.5015,0,2.5075,0,0,1.003,0.5015,1.003,0,0,0.0001,0,0,0.0001,0,0.0002,0.0001,0,0,0.0001,0,0,0.0002,0,0,0.0001,0,0.0001,0,0.3031,0.1954,0.3031,0.1954,
1.863,0,0,0.3726,0.7452,1.4904,0.3726,0.3726,2.6082,0.3726,0.7452,0.7452,0.3726,0.7452,3.726,1.1178,0.3726,0.3726,0,0,0.0002,0,0,0,0.0001,0.0001,0,0,0.0002,0,0.0001,0.0001,0,0.0001,0.0003,0.0001,0,0,0,0,0.3115,0.3159,0.3115,0.3159,
0.9547,0,0.4774,0.4774,2.8642,0.9547,0,1.4321,0.4774,2.3868,0.9547,1.9095,0.9547,0,0.4774,0.4774,1.9095,1.4321,0.4774,1.4321,0.0001,0,0,0,0.0002,0.0001,0,0.0001,0,0.0001,0.0001,0.0001,0.0001,0,0,0,0.0001,0.0001,0,0.0001,0.2414,0.2812,0.2414,0.2812,
0.9129,0.4565,0,0.9129,0.9129,0.4565,1.3694,0,0.9129,1.8259,0.9129,0.4565,0.9129,0.4565,0.9129,0.4565,0.9129,0,0,1.3694,0.0001,0,0,0.0001,0.0001,0,0.0001,0,0.0001,0.0001,0.0001,0,0.0001,0,0.0001,0,0.0001,0,0,0.0001,0.2651,0.2785,0.2651,0.2785,
1.0377,1.0377,1.0377,0,0,0.5189,0.5189,1.0377,0.5189,0,0.5189,1.5566,0,2.5943,1.0377,1.0377,1.5566,1.0377,0.5189,0.5189,0.0001,0.0001,0.0001,0,0,0,0,0.0001,0,0,0,0.0001,0,0.0002,0.0001,0.0001,0.0001,0.0001,0,0,0.2051,0.276,0.2051,0.276,
1.9841,0,1.4881,0.496,2.9762,0.496,0,0.496,0.9921,2.4802,0.496,0,0.9921,0,0.9921,1.9841,0.496,2.4802,0,0.496,0.0001,0,0.0001,0,0.0002,0,0,0,0.0001,0.0002,0,0,0.0001,0,0.0001,0.0001,0,0.0002,0,0,0.2514,0.2526,0.2514,0.2526,
0.9199,0,0,0,0.9199,0,0,0.9199,0,0,0,0.9199,4.5993,0,0,0.9199,0,1.8397,0,0,0.0002,0,0,0,0.0002,0,0,0.0002,0,0,0,0.0002,0.0009,0,0,0.0002,0,0.0004,0,0,0.0465,0.0336,0.0465,0.0336,
0.969,0,0,0.969,0.4845,2.4225,0,0.969,0.969,3.3915,0.4845,0.4845,0.969,0.4845,0.4845,0.969,0.4845,1.938,0,1.4535,0.0001,0,0,0.0001,0,0.0002,0,0.0001,0.0001,0.0002,0,0,0.0001,0,0,0.0001,0,0.0001,0,0.0001,0.2277,0.2878,0.2277,0.2878,
1.251,0.834,0.834,0.417,1.251,2.919,1.668,1.251,0,1.251,1.668,0.417,0.417,0.417,0.417,1.251,1.251,1.668,0,0.417,0.0001,0,0,0,0.0001,0.0001,0.0001,0.0001,0,0.0001,0.0001,0,0,0,0,0.0001,0.0001,0.0001,0,0,0.297,0.286,0.297,0.286,
2.0002,0.8001,1.6002,0.4,1.6002,0,0,0.8001,0.8001,0.4,0.4,0.8001,1.2001,1.6002,0.4,0.8001,0.8001,0.8001,0.8001,1.6002,0.0001,0,0.0001,0,0.0001,0,0,0,0,0,0,0,0.0001,0.0001,0,0,0,0,0,0.0001,0.3313,0.2687,0.3313,0.2687,
0.6638,0.6638,0,0,1.3276,0,0,0.6638,0,1.3276,0,0,0.6638,0.6638,1.9913,0,0,0.6638,1.3276,0,0.0001,0.0001,0,0,0.0002,0,0,0.0001,0,0.0002,0,0,0.0001,0.0001,0.0002,0,0,0.0001,0.0002,0,0.167,0.1693,0.167,0.1693,
2.9976,0,1.4988,0,0,1.4988,0,0.7494,0,0,0.7494,0,1.4988,0.7494,0,1.4988,0.7494,2.2482,0,0,0.0003,0,0.0001,0,0,0.0001,0,0.0001,0,0,0.0001,0,0.0001,0.0001,0,0.0001,0.0001,0.0002,0,0,0.0945,0.1561,0.0945,0.1561,
0.7577,1.1366,1.1366,0.3789,2.2731,0.3789,0.7577,0.7577,0.7577,0.3789,0.7577,0.3789,0.3789,2.2731,0.7577,0,0.7577,0.3789,0.3789,1.1366,0,0.0001,0.0001,0,0.0001,0,0,0,0,0,0,0,0,0.0001,0,0,0,0,0,0.0001,0.3613,0.2598,0.3613,0.2598,
0,0,0,1.4149,0,0.7075,0,0,0,0,0,0,0,0,1.4149,0.7075,1.4149,1.4149,0.7075,0,0,0,0,0.0003,0,0.0001,0,0,0,0,0,0,0,0,0.0003,0.0001,0.0003,0.0003,0.0001,0,0.1612,0.1313,0.1612,0.1313,
0.7741,0,0,0.7741,1.5483,0,0.7741,0,0,0.7741,0,0.7741,0,0,0,0,0.7741,1.5483,0.7741,0,0.0001,0,0,0.0001,0.0003,0,0.0001,0,0,0.0001,0,0.0001,0,0,0,0,0.0001,0.0003,0.0001,0,0.1001,0.1258,0.1001,0.1258,
0.5133,0,2.0534,0.5133,1.0267,1.0267,0.5133,0,0.5133,0.5133,1.0267,0,0.5133,0.5133,0,2.5667,1.0267,1.0267,0.5133,1.0267,0,0,0.0001,0,0.0001,0.0001,0,0,0,0,0.0001,0,0,0,0,0.0002,0.0001,0.0001,0,0.0001,0.2292,0.2574,0.2292,0.2574,
1.0525,0,0.3508,0.7016,0.7016,1.4033,2.1049,0.3508,0.3508,1.7541,0.3508,1.0525,0.7016,0.7016,0.7016,0.3508,1.4033,1.7541,0,1.4033,0.0001,0,0,0,0,0.0001,0.0001,0,0,0.0001,0,0.0001,0,0,0,0,0.0001,0.0001,0,0.0001,0.3269,0.3222,0.3269,0.3222,
1.2519,0,0.4173,1.6692,0,0.4173,0.4173,0,0.4173,1.6692,0,0.8346,1.6692,0.4173,1.6692,1.2519,0.4173,0.4173,0,2.0865,0.0001,0,0,0.0001,0,0,0,0,0,0.0001,0,0.0001,0.0001,0,0.0001,0.0001,0,0,0,0.0002,0.2838,0.2989,0.2838,0.2989,
1.12,0.7467,0.3733,0,0.7467,0.3733,0.3733,0.7467,2.6134,0.7467,0.3733,0.3733,0.3733,0.3733,2.9868,1.4934,0,1.4934,0,0,0.0001,0,0,0,0,0,0,0,0.0002,0,0,0,0,0,0.0002,0.0001,0,0.0001,0,0,0.3749,0.2517,0.3749,0.2517,
1.4285,0,2.1427,0,0.7142,0,0,0,0,0,0,0,0,0,0.7142,1.4285,2.857,2.857,0,0,0.0001,0,0.0002,0,0.0001,0,0,0,0,0,0,0,0,0,0.0001,0.0001,0.0003,0.0003,0,0,0.1283,0.1574,0.1283,0.1574,
2.9116,0,0,0,1.9411,0.4853,0.4853,1.4558,0.4853,1.4558,0.9705,0,0.9705,0.9705,1.4558,0.4853,2.4263,1.9411,0.4853,0.9705,0.0002,0,0,0,0.0001,0,0,0.0001,0,0.0001,0.0001,0,0.0001,0.0001,0.0001,0,0.0002,0.0001,0,0.0001,0.2388,0.276,0.2388,0.276,
0.8198,0.4099,0,1.6395,0.4099,0.8198,1.6395,0,0.8198,0.4099,1.2296,0.8198,0.8198,1.6395,0.8198,0.8198,0.4099,0.8198,0.8198,0,0.0001,0,0,0.0001,0,0.0001,0.0001,0,0.0001,0,0.0001,0.0001,0.0001,0.0001,0.0001,0.0001,0,0.0001,0.0001,0,0.3349,0.2552,0.3349,0.2552,
2.4412,0,1.4647,0,1.9529,0.9765,0,0.4882,1.4647,1.9529,0.9765,0,0.9765,0,0.4882,0.4882,1.4647,1.4647,0,0.4882,0.0002,0,0.0001,0,0.0001,0.0001,0,0,0.0001,0.0001,0.0001,0,0.0001,0,0,0,0.0001,0.0001,0,0,0.2426,0.2692,0.2426,0.2692,
1.265,2.1084,0.4217,1.265,0.4217,0,0,1.265,2.5301,1.265,0.4217,0.4217,1.265,0.8434,0.4217,0,0.4217,1.265,0.8434,0.4217,0.0001,0.0001,0,0.0001,0,0,0,0.0001,0.0001,0.0001,0,0,0.0001,0,0,0,0,0.0001,0,0,0.2547,0.3236,0.2547,0.3236,
2.8771,0,0,2.1579,0,0.7193,0,0.7193,0.7193,0.7193,0,0,0.7193,0,0,1.4386,0,0.7193,0,0,0.0004,0,0,0.0003,0,0.0001,0,0.0001,0.0001,0.0001,0,0,0.0001,0,0,0.0002,0,0.0001,0,0,0.1142,0.1665,0.1142,0.1665,
0,0,0.4398,2.1988,1.3193,0.8795,0.8795,1.759,0,1.3193,1.759,0.8795,1.3193,0,0.4398,0,0.4398,0.8795,1.3193,0,0,0,0,0.0001,0.0001,0.0001,0.0001,0.0001,0,0.0001,0.0001,0.0001,0.0001,0,0,0,0,0.0001,0.0001,0,0.267,0.2932,0.267,0.2932,
0.4631,2.3154,0,1.3892,0,0,0,2.3154,0.4631,0,1.3892,1.3892,0,0.9262,0,0.9262,0.9262,0.9262,3.7047,1.3892,0,0.0001,0,0,0,0,0,0.0001,0,0,0,0,0,0,0,0,0,0,0.0001,0,0.2614,0.2755,0.2614,0.2755,
0.9389,0,0.9389,1.4083,1.4083,0.9389,0.9389,0.4694,1.8777,0.4694,0,0.4694,0.4694,0.4694,0,0.9389,0.9389,1.4083,0,0.4694,0.0001,0,0.0001,0.0001,0.0001,0.0001,0.0001,0,0.0002,0,0,0,0,0,0,0.0001,0.0001,0.0001,0,0,0.2666,0.2639,0.2666,0.2639,
0.7581,0,0,1.5162,1.8953,1.8953,0.3791,0.7581,0,0.3791,1.5162,0,0.7581,1.5162,1.5162,0.7581,0.7581,1.1372,0.7581,0.3791,0.0001,0,0,0.0001,0.0001,0.0001,0,0.0001,0,0,0.0001,0,0.0001,0.0001,0.0001,0.0001,0.0001,0.0001,0.0001,0,0.3053,0.3156,0.3053,0.3156,
0.3515,1.4062,0.3515,1.7577,1.0546,0.7031,1.0546,0,1.0546,0,1.4062,1.0546,1.0546,1.0546,0.7031,0.7031,0.3515,1.0546,0.3515,0.7031,0,0.0001,0,0.0001,0.0001,0,0.0001,0,0.0001,0,0.0001,0.0001,0.0001,0.0001,0,0,0,0.0001,0,0,0.3346,0.3139,0.3346,0.3139,
0,1.6996,0.4249,0.8498,1.2747,2.1245,0.4249,0.4249,0.8498,0,0.4249,1.2747,1.2747,0.4249,0.8498,0.4249,0.4249,1.2747,0.4249,0.4249,0,0.0001,0,0,0.0001,0.0001,0,0,0,0,0,0.0001,0.0001,0,0,0,0,0.0001,0,0,0.2709,0.3042,0.2709,0.3042,
1.2215,0.4072,1.2215,0.4072,0,0.8143,1.6286,1.6286,0.8143,0,0.8143,0,0.4072,0,0.4072,0.8143,0.8143,0.4072,1.2215,0.8143,0.0001,0,0.0001,0,0,0.0001,0.0001,0.0001,0.0001,0,0.0001,0,0,0,0,0.0001,0.0001,0,0.0001,0.0001,0.304,0.2889,0.304,0.2889,
1.2733,1.2733,0,0,1.2733,1.2733,0.8489,0,1.6977,0.8489,0,0.4244,0,0.8489,1.2733,0.4244,0.4244,2.1222,1.6977,0.4244,0.0001,0.0001,0,0,0.0001,0.0001,0,0,0.0001,0,0,0,0,0,0.0001,0,0,0.0001,0.0001,0,0.2897,0.2859,0.2897,0.2859,
0.4975,0,0.9949,0.4975,2.4873,0.4975,0,0.4975,0.9949,2.4873,0.4975,1.4924,0.4975,0,0.9949,1.4924,2.4873,1.9898,0,0.4975,0,0,0.0001,0,0.0002,0,0,0,0.0001,0.0002,0,0.0001,0,0,0.0001,0.0001,0.0002,0.0001,0,0,0.2598,0.2427,0.2598,0.2427,
0.3877,0.7753,0.7753,0.7753,0.3877,0.7753,0,1.163,1.163,0.3877,0,1.5507,1.5507,0.7753,0.7753,0.3877,0.7753,0.7753,0.7753,0.3877,0,0,0,0,0,0,0,0.0001,0.0001,0,0,0.0001,0.0001,0,0,0,0,0,0,0,0.3391,0.2732,0.3391,0.2732,
0.3791,0,0.3791,1.1372,1.5163,0.7582,0.3791,0.7582,2.2745,1.5163,0.7582,1.5163,0,1.1372,1.1372,0.3791,0.3791,0.7582,0,0,0,0,0,0.0001,0.0001,0.0001,0,0.0001,0.0002,0.0001,0.0001,0.0001,0,0.0001,0.0001,0,0,0.0001,0,0,0.2964,0.3246,0.2964,0.3246,
2.4195,0,1.2097,0.8065,2.0162,1.2097,1.2097,1.2097,0,1.613,0.8065,0.4032,0.8065,0.4032,0.4032,1.2097,0.4032,0.4032,0.4032,0.8065,0.0001,0,0.0001,0,0.0001,0.0001,0.0001,0.0001,0,0.0001,0,0,0,0,0,0.0001,0,0,0,0,0.2912,0.3055,0.2912,0.3055,
1.5238,0,0.6095,0.3048,0.3048,0.3048,0.9143,0.6095,2.7428,0.6095,0.3048,0.3048,0.9143,0,1.5238,0.6095,1.219,0.9143,0.3048,0.6095,0.0001,0,0,0,0,0,0.0001,0,0.0002,0,0,0,0.0001,0,0.0001,0,0.0001,0.0001,0,0,0.3326,0.3626,0.3326,0.3626,
0,0,0,0,0,1.4542,1.4542,0,0,0.7271,0,0,0.7271,0.7271,0,0.7271,0,0,1.4542,0,0,0,0,0,0,0.0002,0.0002,0,0,0.0001,0,0,0.0001,0.0001,0,0.0001,0,0,0.0002,0,0.1466,0.1263,0.1466,0.1263,
0.8031,1.6061,1.2046,1.2046,1.2046,0.8031,1.2046,0.8031,0.8031,0.8031,0.4015,1.2046,1.2046,1.2046,0,0,1.2046,1.2046,1.6061,1.2046,0,0.0001,0.0001,0.0001,0.0001,0,0.0001,0,0,0,0,0.0001,0.0001,0.0001,0,0,0.0001,0.0001,0.0001,0.0001,0.2761,0.3223,0.2761,0.3223,
0,0,0,1.3145,0.4382,0.4382,0.8763,2.1908,1.7526,0,0,0.8763,0.8763,0.4382,0.8763,0.8763,2.1908,0,0.4382,0.8763,0,0,0,0.0001,0,0,0.0001,0.0002,0.0002,0,0,0.0001,0.0001,0,0.0001,0.0001,0.0002,0,0,0.0001,0.3136,0.2482,0.3136,0.2482,
0,0,0,1.4143,1.4143,0,0.7071,0,0.7071,0,0.7071,0.7071,0.7071,1.4143,0,1.4143,0,0,0,0,0,0,0,0.0002,0.0002,0,0.0001,0,0.0001,0,0.0001,0.0001,0.0001,0.0002,0,0.0002,0,0,0,0,0.1861,0.1067,0.1861,0.1067,
2.5864,0,0.6466,0.6466,0.6466,0,0,0,0.6466,1.2932,0,0.6466,0.6466,0.6466,0,1.2932,0.6466,2.5864,0,0.6466,0.0002,0,0.0001,0.0001,0.0001,0,0,0,0.0001,0.0001,0,0.0001,0.0001,0.0001,0,0.0001,0.0001,0.0002,0,0.0001,0.1918,0.1617,0.1918,0.1617,
1.2139,0,0.8093,0.4046,0.4046,1.2139,0.4046,0.4046,0.8093,2.8325,0,1.2139,0.4046,0,1.6186,1.2139,0.4046,1.6186,0,1.6186,0.0001,0,0.0001,0,0,0.0001,0,0,0.0001,0.0002,0,0.0001,0,0,0.0001,0.0001,0,0.0001,0,0.0001,0.2716,0.3238,0.2716,0.3238,
0.8847,0.8847,0.4423,0,0.4423,0,2.2117,0.8847,0,2.2117,1.327,1.327,0.4423,1.327,0,0.4423,1.7693,0.4423,1.7693,1.7693,0,0,0,0,0,0,0.0001,0,0,0.0001,0.0001,0.0001,0,0.0001,0,0,0.0001,0,0.0001,0.0001,0.2977,0.26,0.2977,0.26,
1.6612,0,0.5537,0,1.1075,4.4299,0,0.5537,0,3.8762,1.1075,0,0.5537,0,0.5537,2.7687,0.5537,2.7687,0.5537,0.5537,0.0001,0,0,0,0.0001,0.0002,0,0,0,0.0002,0.0001,0,0,0,0,0.0001,0,0.0001,0,0,0.2138,0.2325,0.2138,0.2325,
1.0789,0,2.1578,0.7193,1.0789,0.3596,1.0789,1.7982,0.7193,1.4386,0,1.4386,1.4386,0.3596,0,1.7982,0.7193,0.7193,0,0.7193,0.0001,0,0.0001,0,0.0001,0,0.0001,0.0001,0,0.0001,0,0.0001,0.0001,0,0,0.0001,0,0,0,0,0.3165,0.3239,0.3165,0.3239,
0.956,0,1.434,1.434,1.434,0.956,0,0.956,0.478,0.956,1.434,1.434,0.478,0.478,0,0.956,1.434,0.956,0.478,0.956,0.0001,0,0.0001,0.0001,0.0001,0.0001,0,0.0001,0,0.0001,0.0001,0.0001,0,0,0,0.0001,0.0001,0.0001,0,0.0001,0.2934,0.2286,0.2934,0.2286,
0.4746,0,1.4238,0,0.9492,0.4746,0.4746,0,0.4746,0.9492,0.4746,0,0,1.4238,0.9492,2.3729,1.4238,0.4746,0.4746,0.9492,0,0,0.0001,0,0.0001,0,0,0,0,0.0001,0,0,0,0.0001,0.0001,0.0002,0.0001,0,0,0.0001,0.252,0.2734,0.252,0.2734,
1.9442,0,1.9442,1.5554,0.3888,0,1.1665,1.1665,0,0.7777,1.5554,0.7777,1.1665,1.5554,0.3888,0.3888,1.1665,1.1665,0.7777,1.5554,0.0001,0,0.0001,0.0001,0,0,0.0001,0.0001,0,0,0.0001,0,0.0001,0.0001,0,0,0.0001,0.0001,0,0.0001,0.2907,0.3205,0.2907,0.3205,
1.1192,0.3731,0.7461,0.7461,0.3731,1.1192,1.4922,1.1192,0,0,0.3731,0.7461,0,1.1192,1.8653,0.3731,0.3731,0,0.3731,1.1192,0.0001,0,0.0001,0.0001,0,0.0001,0.0001,0.0001,0,0,0,0.0001,0,0.0001,0.0001,0,0,0,0,0.0001,0.3114,0.3155,0.3114,0.3155,
1.0345,0,0,0,0.6896,1.0345,0.6896,0.3448,1.3793,0.6896,1.0345,1.0345,0.3448,0.3448,4.4827,0.6896,1.0345,0.3448,0,0,0.0001,0,0,0,0.0001,0.0001,0.0001,0,0.0001,0.0001,0.0001,0.0001,0,0,0.0004,0.0001,0.0001,0,0,0,0.3596,0.2956,0.3596,0.2956,
1.0554,0.3518,1.0554,1.4072,0.3518,0.3518,1.0554,0.3518,0.3518,1.4072,0.7036,1.0554,1.4072,2.1109,0.7036,0.3518,0,0.3518,1.759,1.0554,0.0001,0,0.0001,0.0001,0,0,0.0001,0,0,0.0001,0,0.0001,0.0001,0.0001,0,0,0,0,0.0001,0.0001,0.3251,0.3231,0.3251,0.3231,
0.4277,0.4277,1.7108,0,1.2831,0.4277,1.2831,1.2831,0.8554,0.8554,0.4277,0,1.2831,0.8554,0,0.4277,1.7108,0.8554,1.7108,0.4277,0,0,0.0001,0,0.0001,0,0.0001,0.0001,0,0,0,0,0.0001,0,0,0,0.0001,0,0.0001,0,0.286,0.2863,0.286,0.2863,
0,1.0085,0,0.5043,2.5214,0.5043,1.0085,1.5128,0,1.5128,1.0085,1.0085,0.5043,1.0085,0.5043,2.0171,3.0256,0.5043,0,0.5043,0,0,0,0,0.0001,0,0,0.0001,0,0.0001,0,0,0,0,0,0.0001,0.0001,0,0,0,0.2604,0.2353,0.2604,0.2353,
0.6658,0.3329,0.9988,1.3317,0.9988,1.3317,0.6658,0,2.3305,0,0.6658,0.9988,0.3329,0.9988,0.9988,0.9988,0.9988,0.6658,0,1.3317,0,0,0.0001,0.0001,0.0001,0.0001,0,0,0.0002,0,0,0.0001,0,0.0001,0.0001,0.0001,0.0001,0,0,0.0001,0.3279,0.3391,0.3279,0.3391,
0,0,0.685,0,0,0.685,0.685,0.685,0,0.685,2.055,0.685,0,0,0.685,0.685,0,0,0,0,0,0,0.0001,0,0,0.0001,0.0001,0.0001,0,0.0001,0.0003,0.0001,0,0,0.0001,0.0001,0,0,0,0,0.1665,0.1485,0.1665,0.1485,
0,0,0,0,0.7959,1.5917,0,0,0,0.7959,0,0.7959,0.7959,0.7959,0,0,0,0.7959,0.7959,1.5917,0,0,0,0,0.0001,0.0002,0,0,0,0.0001,0,0.0001,0.0001,0.0001,0,0,0,0.0001,0.0001,0.0002,0.103,0.1011,0.103,0.1011,
0.4244,0.4244,1.2732,0.8488,0.4244,0.4244,0.4244,1.2732,1.2732,0.8488,0.8488,0.8488,0,1.6976,1.6976,1.2732,0.8488,0,0,1.2732,0,0,0.0001,0.0001,0,0,0,0.0001,0.0001,0.0001,0.0001,0.0001,0,0.0001,0.0001,0.0001,0.0001,0,0,0.0001,0.2866,0.289,0.2866,0.289,
0,0.4289,0.8579,0.8579,0.8579,1.7158,0.4289,0.4289,0.4289,2.5737,0.8579,1.2868,0.8579,0.8579,0.4289,0,0,0.4289,1.7158,0,0,0,0,0,0,0.0001,0,0,0,0.0001,0,0.0001,0,0,0,0,0,0,0.0001,0,0.3036,0.2675,0.3036,0.2675,
0.7536,0.7536,1.5072,1.5072,0.3768,1.5072,1.1304,0.3768,0.7536,0.3768,0.7536,0,1.1304,0.7536,1.884,1.1304,0.7536,0.3768,0,0,0.0001,0.0001,0.0001,0.0001,0,0.0001,0.0001,0,0.0001,0,0.0001,0,0.0001,0.0001,0.0001,0.0001,0.0001,0,0,0,0.3456,0.2776,0.3456,0.2776,
2.5063,0,0,0,0,0.4177,0,0,2.924,0,0,0,0.8354,0,2.924,4.1772,0.8354,0,0,0,0.0003,0,0,0,0,0,0,0,0.0003,0,0,0,0.0001,0,0.0003,0.0004,0.0001,0,0,0,0.3958,0.1864,0.3958,0.1864,
0.4773,2.864,0.9547,1.432,0,0.9547,0.4773,0.4773,0.9547,1.432,0.4773,0,0.4773,0,0.9547,0.4773,0,0.9547,0,0.4773,0,0.0001,0,0.0001,0,0,0,0,0,0.0001,0,0,0,0,0,0,0,0,0,0,0.2619,0.2608,0.2619,0.2608,
0.3611,0.7222,0.7222,1.0834,0.3611,1.8056,0.3611,0.3611,0.3611,0.3611,0.7222,1.0834,0.3611,1.0834,0.7222,1.4445,1.4445,1.8056,2.1667,0.3611,0,0,0,0.0001,0,0.0001,0,0,0,0,0,0.0001,0,0.0001,0,0.0001,0.0001,0.0001,0.0001,0,0.3242,0.3147,0.3242,0.3147,
0.6231,0,0.6231,0.6231,0.6231,0.6231,0,0,0.6231,0.6231,0,0.6231,0.6231,0.6231,0.6231,0.6231,0,0,0.6231,0,0.0001,0,0.0001,0.0001,0.0001,0.0001,0,0,0.0001,0.0001,0,0.0001,0.0001,0.0001,0.0001,0.0001,0,0,0.0001,0,0.2344,0.1424,0.2344,0.1424,
0,0,0.5161,1.5484,1.5484,0,0.5161,0.5161,0.5161,0.5161,1.0323,0,0.5161,0.5161,1.0323,0.5161,0.5161,1.0323,1.0323,0.5161,0,0,0,0.0001,0.0001,0,0,0,0,0,0.0001,0,0,0,0.0001,0,0,0.0001,0.0001,0,0.2387,0.2452,0.2387,0.2452,
1.3159,0.8772,0.8772,0.8772,1.3159,1.3159,0.8772,0.4386,0.4386,0.4386,0.8772,0,0.8772,0.4386,1.3159,0.4386,2.1931,0.8772,0,0,0.0001,0.0001,0.0001,0.0001,0.0001,0.0001,0.0001,0,0,0,0.0001,0,0.0001,0,0.0001,0,0.0001,0.0001,0,0,0.3274,0.234,0.3274,0.234,
0.9041,0.4521,0.4521,0.9041,0,2.7124,1.3562,0.4521,0,0.9041,1.3562,2.2603,0.4521,0.9041,0.9041,0.4521,0,1.8083,0.4521,1.3562,0.0001,0,0,0.0001,0,0.0002,0.0001,0,0,0.0001,0.0001,0.0001,0,0.0001,0.0001,0,0,0.0001,0,0.0001,0.2964,0.2515,0.2964,0.2515,
0.6703,0,1.3406,0,0.6703,0,0,0,0.6703,0.6703,0.6703,2.011,0.6703,0.6703,0,0.6703,2.011,0,0,0.6703,0.0001,0,0.0001,0,0.0001,0,0,0,0.0001,0.0001,0.0001,0.0002,0.0001,0.0001,0,0.0001,0.0002,0,0,0.0001,0.1421,0.1876,0.1421,0.1876,
0.5532,3.319,1.1063,1.1063,0.5532,1.1063,0,1.6595,0,1.6595,0.5532,0.5532,1.1063,0,0.5532,1.6595,0,0,0,0,0,0.0001,0,0,0,0,0,0.0001,0,0.0001,0,0,0,0,0,0.0001,0,0,0,0,0.2312,0.2157,0.2312,0.2157,
0.399,1.9952,0.399,0,0.399,0,1.1971,1.1971,0,0,0.7981,0,1.1971,1.5961,1.5961,0.7981,0.7981,0,1.9952,1.1971,0,0.0001,0,0,0,0,0.0001,0.0001,0,0,0,0,0.0001,0.0001,0.0001,0,0,0,0.0001,0.0001,0.314,0.287,0.314,0.287,
1.614,1.614,0,0.538,1.076,2.152,1.076,0,0.538,0.538,0,0,1.614,0.538,0.538,0,0,0,1.076,0,0.0001,0.0001,0,0,0.0001,0.0001,0.0001,0,0,0,0,0,0.0001,0,0,0,0,0,0.0001,0,0.1979,0.2641,0.1979,0.2641,
2.2213,0,0.7404,1.1107,1.1107,1.8511,0,0.3702,2.5915,1.4809,0.7404,1.4809,0,0.7404,0.7404,1.1107,0.3702,0.3702,0.3702,0,0.0001,0,0,0.0001,0.0001,0.0001,0,0,0.0002,0.0001,0,0.0001,0,0,0,0.0001,0,0,0,0,0.3555,0.2743,0.3555,0.2743,
0.8763,2.629,1.3145,0.8763,0.8763,0.4382,0.8763,1.7527,0.4382,1.3145,0.8763,0.8763,0,1.3145,0.8763,0.4382,0.8763,0.8763,0,0,0,0.0001,0.0001,0,0,0,0,0.0001,0,0.0001,0,0,0,0.0001,0,0,0,0,0,0,0.294,0.2678,0.294,0.2678,
0.5082,1.0165,0.5082,0,0.5082,0,0.5082,0,2.5412,0,0.5082,0.5082,0.5082,1.5247,0.5082,0.5082,0,0.5082,0,0.5082,0,0.0001,0,0,0,0,0,0,0.0002,0,0,0,0,0.0001,0,0,0,0,0,0,0.2456,0.2461,0.2456,0.2461,
1.055,0,0.5275,0,1.055,4.22,0,2.11,0,2.6375,0.5275,0,1.055,0,0.5275,2.11,1.5825,2.11,0.5275,1.055,0.0001,0,0,0,0.0001,0.0002,0,0.0001,0,0.0001,0,0,0.0001,0,0,0.0001,0.0001,0.0001,0,0.0001,0.2234,0.2491,0.2234,0.2491,
1.112,1.112,0.556,0.556,2.224,1.112,0,1.668,1.112,0.556,0.556,0.556,1.112,0.556,0,0.556,1.112,0.556,0,1.112,0.0001,0.0001,0,0,0.0001,0.0001,0,0.0001,0.0001,0,0,0,0.0001,0,0,0,0.0001,0,0,0.0001,0.2205,0.2235,0.2205,0.2235,
0.4232,0.8464,0.4232,0,0.8464,0,0.4232,0.8464,1.6927,0.4232,0.4232,0.4232,1.6927,0,1.2696,1.6927,0.4232,0.8464,1.2696,1.2696,0,0,0,0,0,0,0,0,0.0001,0,0,0,0.0001,0,0.0001,0.0001,0,0,0.0001,0.0001,0.3079,0.2689,0.3079,0.2689,
0,0,0.7753,0,0,1.5506,0,0.7753,0,0,0,0,0,0.7753,0.7753,0.7753,0,0.7753,0,1.5506,0,0,0.0001,0,0,0.0002,0,0.0001,0,0,0,0,0,0.0001,0.0001,0.0001,0,0.0001,0,0.0002,0.1431,0.0816,0.1431,0.0816,
0.9351,0.9351,1.8702,0,0.4676,0,0.4676,1.4027,0.4676,1.4027,0.9351,0.9351,0.9351,0.9351,0.9351,0.4676,0.4676,2.3378,0,1.4027,0.0001,0.0001,0.0001,0,0,0,0,0.0001,0,0.0001,0.0001,0.0001,0.0001,0.0001,0.0001,0,0,0.0001,0,0.0001,0.2919,0.2405,0.2919,0.2405,
1.3312,0.4437,0.4437,0.4437,1.3312,1.775,0,0.8875,0,0,1.3312,0.8875,0.8875,0.4437,1.775,1.775,0.8875,0.4437,1.3312,0,0.0001,0,0,0,0.0001,0.0001,0,0.0001,0,0,0.0001,0.0001,0.0001,0,0.0001,0.0001,0.0001,0,0.0001,0,0.2777,0.2785,0.2777,0.2785,
0.7661,1.1491,1.1491,0.383,1.1491,0.383,1.9152,0,0,1.1491,0.383,0,0.7661,1.5321,0.383,1.1491,1.5321,1.9152,1.9152,0.7661,0,0.0001,0.0001,0,0.0001,0,0.0001,0,0,0.0001,0,0,0,0.0001,0,0.0001,0.0001,0.0001,0.0001,0,0.3274,0.2896,0.3274,0.2896,
0.3576,0.3576,0.7152,0,0.3576,0.7152,0.3576,0.3576,2.8609,1.0729,0.3576,0.3576,0.3576,0.3576,2.5033,1.0729,0.7152,1.4305,0,0.3576,0,0,0.0001,0,0,0.0001,0,0,0.0002,0.0001,0,0,0,0,0.0002,0.0001,0.0001,0.0001,0,0,0.3979,0.2445,0.3979,0.2445,
1.0066,0,1.0066,0.5033,2.5166,1.0066,0,1.0066,0.5033,2.5166,1.0066,1.51,1.0066,0,1.51,1.0066,0,2.5166,0,0.5033,0.0001,0,0.0001,0,0.0002,0.0001,0,0.0001,0,0.0002,0.0001,0.0001,0.0001,0,0.0001,0.0001,0,0.0002,0,0,0.2464,0.2503,0.2464,0.2503,
1.8022,0,1.2014,1.2014,2.4029,0.6007,0,3.0036,0,3.0036,1.2014,0,1.2014,0,0,1.2014,0.6007,1.8022,0,0.6007,0.0001,0,0.0001,0.0001,0.0002,0,0,0.0002,0,0.0002,0.0001,0,0.0001,0,0,0.0001,0,0.0001,0,0,0.1938,0.2054,0.1938,0.2054,
1.492,0.373,0.373,1.119,0.373,1.119,0.746,0.373,0.746,0.373,1.865,1.492,0,0.373,0.746,0.746,1.119,1.119,1.119,0.373,0.0001,0,0,0.0001,0,0.0001,0,0,0,0,0.0001,0.0001,0,0,0,0,0.0001,0.0001,0.0001,0,0.2984,0.3286,0.2984,0.3286,
0,0,0.539,0.539,1.617,0,0.539,0,0.539,0,1.078,1.078,0,0.539,0.539,1.078,1.617,0.539,0,1.617,0,0,0.0001,0.0001,0.0002,0,0.0001,0,0.0001,0,0.0001,0.0001,0,0.0001,0.0001,0.0001,0.0002,0.0001,0,0.0002,0.2255,0.2355,0.2255,0.2355,
0.7137,1.4275,0,1.4275,0.7137,0.7137,0,1.4275,0.7137,0.7137,0,0,0,0.7137,0,0.7137,0,0.7137,0,0.7137,0.0001,0.0001,0,0.0001,0.0001,0.0001,0,0.0001,0.0001,0.0001,0,0,0,0.0001,0,0.0001,0,0.0001,0,0.0001,0.1697,0.1166,0.1697,0.1166,
1.2086,2.0143,1.2086,0.4029,1.6115,0.4029,0.8057,0.4029,0.4029,0.8057,0.8057,0.8057,0.8057,1.2086,0.8057,1.2086,0.4029,0.8057,0.8057,0.4029,0.0001,0.0001,0.0001,0,0.0001,0,0,0,0,0,0,0,0,0.0001,0,0.0001,0,0,0,0,0.2966,0.3005,0.2966,0.3005,
0.4533,1.813,0,1.3598,0,0,0,0.4533,1.813,0.4533,1.3598,0.9065,0,0.4533,0.4533,1.3598,2.2663,0.9065,0,0.9065,0,0.0001,0,0.0001,0,0,0,0,0.0001,0,0.0001,0,0,0,0,0.0001,0.0001,0,0,0,0.2809,0.2659,0.2809,0.2659,
0.8232,0,0.8232,0.8232,0,1.6464,0.4116,0.4116,0,1.2348,1.6464,0.4116,0.8232,1.6464,1.2348,0.4116,0,0.4116,0.4116,1.2348,0.0001,0,0.0001,0.0001,0,0.0001,0,0,0,0.0001,0.0001,0,0.0001,0.0001,0.0001,0,0,0,0,0.0001,0.2838,0.3046,0.2838,0.3046,
0.7075,0.7075,0.3537,0,0.7075,1.415,1.415,0,1.415,1.415,2.1224,1.0612,0.7075,0.7075,0.3537,1.0612,1.0612,0.3537,1.0612,1.0612,0,0,0,0,0,0.0001,0.0001,0,0.0001,0.0001,0.0001,0.0001,0,0,0,0.0001,0.0001,0,0.0001,0.0001,0.3346,0.3116,0.3346,0.3116,
0,0,0,0,0.8176,2.4527,0,0.8176,0,0,0.8176,0,1.6351,0,0.8176,1.6351,0,0.8176,0,0,0,0,0,0,0.0001,0.0004,0,0.0001,0,0,0.0001,0,0.0003,0,0.0001,0.0003,0,0.0001,0,0,0.1058,0.0767,0.1058,0.0767,
1.92,0.48,0.48,0.48,0.48,0,2.3999,0,1.44,0.96,0.48,0.96,0.96,0.48,0.96,0.48,1.44,0,0.96,0,0.0001,0,0,0,0,0,0.0002,0,0.0001,0.0001,0,0.0001,0.0001,0,0.0001,0,0.0001,0,0.0001,0,0.2813,0.2387,0.2813,0.2387,
1.4111,0.4704,0.9408,2.3519,1.8815,1.4111,0.4704,0.9408,0.4704,2.3519,0.4704,0,1.4111,0.4704,0.4704,0.9408,1.8815,0.9408,0,0.9408,0.0001,0,0,0.0001,0.0001,0.0001,0,0,0,0.0001,0,0,0.0001,0,0,0,0.0001,0,0,0,0.2499,0.2797,0.2499,0.2797,
1.1514,0.7676,0,1.1514,0.7676,0.3838,0.7676,0.3838,2.6866,0.7676,0,0.7676,0.7676,1.919,0.7676,0.3838,1.1514,1.5352,0,0.7676,0.0001,0,0,0.0001,0,0,0,0,0.0002,0,0,0,0,0.0001,0,0,0.0001,0.0001,0,0,0.3058,0.3104,0.3058,0.3104,
1.2016,0,0.6008,0,1.2016,1.2016,0,0.6008,0,3.0039,1.2016,0,0,0,0.6008,2.4031,1.2016,3.0039,1.2016,0,0.0001,0,0,0,0.0001,0.0001,0,0,0,0.0002,0.0001,0,0,0,0,0.0001,0.0001,0.0002,0.0001,0,0.2462,0.153,0.2462,0.153,
0,1.4712,1.4712,1.4712,0,0,0.7356,0,0.7356,0,0,0,0,0,0.7356,0,0,0,0,0.7356,0,0.0001,0.0001,0.0001,0,0,0.0001,0,0.0001,0,0,0,0,0,0.0001,0,0,0,0,0.0001,0.1002,0.1642,0.1002,0.1642,
0.4464,1.3393,1.7857,1.3393,0.4464,0,0.4464,0.8928,0.8928,0.8928,0.4464,0,1.3393,0,0.4464,0,1.7857,0.8928,0.8928,1.3393,0,0.0001,0.0001,0.0001,0,0,0,0.0001,0.0001,0.0001,0,0,0.0001,0,0,0,0.0001,0.0001,0.0001,0.0001,0.3149,0.2387,0.3149,0.2387,
1.1667,0.7778,0.7778,1.5556,0.3889,0.3889,0.7778,1.1667,1.1667,0.3889,0.7778,0.7778,1.1667,0.3889,0.7778,0.3889,0.3889,1.5556,1.1667,1.1667,0.0001,0,0,0.0001,0,0,0,0.0001,0.0001,0,0,0,0.0001,0,0,0,0,0.0001,0.0001,0.0001,0.3063,0.3048,0.3063,0.3048,
0,3.6406,0,1.2135,0.6068,1.2135,0.6068,1.2135,1.2135,0,0,1.2135,1.2135,0,0,1.2135,1.2135,2.427,0,0.6068,0,0.0001,0,0,0,0,0,0,0,0,0,0,0,0,0,0,0,0.0001,0,0,0.2052,0.188,0.2052,0.188,
1.5753,1.1815,2.363,1.1815,1.1815,0.7877,1.1815,0.3938,0.3938,0.3938,1.5753,0,1.1815,0.3938,0.7877,0,0.7877,0.7877,1.5753,0.7877,0.0001,0.0001,0.0001,0.0001,0.0001,0,0.0001,0,0,0,0.0001,0,0.0001,0,0,0,0,0,0.0001,0,0.3555,0.2506,0.3555,0.2506,
0.5898,0,0.5898,0.5898,0,1.1795,0.5898,1.1795,0.5898,0,0.5898,0,0.5898,1.7693,0.5898,0.5898,0.5898,0.5898,1.1795,0,0.0001,0,0.0001,0.0001,0,0.0001,0.0001,0.0001,0.0001,0,0.0001,0,0.0001,0.0002,0.0001,0.0001,0.0001,0.0001,0.0001,0,0.2102,0.2,0.2102,0.2,
0.7109,1.4219,0.7109,0,0,0,0.7109,0,1.4219,0,0,0,2.1328,0,0,0.7109,1.4219,0.7109,0,0.7109,0.0001,0.0001,0.0001,0,0,0,0.0001,0,0.0001,0,0,0,0.0002,0,0,0.0001,0.0001,0.0001,0,0.0001,0.1468,0.1423,0.1468,0.1423,
0.7678,0.7678,0.7678,0,0,0,0,0,0.7678,0.7678,1.5356,0,0,0.7678,0.7678,0,0,0,0.7678,0,0.0001,0.0001,0.0001,0,0,0,0,0,0.0001,0.0001,0.0002,0,0,0.0001,0.0001,0,0,0,0.0001,0,0.1379,0.0943,0.1379,0.0943,
0.488,0,0.488,0.9759,1.4639,0.9759,0,0,0.488,4.3916,0.488,1.9518,1.4639,0.9759,0.488,1.4639,0.9759,1.9518,0,0.9759,0,0,0,0.0001,0.0001,0.0001,0,0,0,0.0003,0,0.0001,0.0001,0.0001,0,0.0001,0.0001,0.0001,0,0.0001,0.2332,0.2789,0.2332,0.2789,
2.6427,0,0.5285,1.0571,0.5285,1.5856,0.5285,0.5285,0.5285,0.5285,0.5285,1.0571,0,0,1.0571,0,0,2.1141,0,0,0.0002,0,0,0.0001,0,0.0001,0,0,0,0,0,0.0001,0,0,0.0001,0,0,0.0002,0,0,0.2694,0.2021,0.2694,0.2021,
0.7252,0,0.3626,0,0.7252,1.0878,0.3626,0.3626,2.9008,0.7252,0.3626,0.7252,0.7252,0.7252,2.1756,0.7252,0,1.813,0,0,0.0001,0,0,0,0.0001,0.0001,0,0,0.0002,0.0001,0,0.0001,0.0001,0.0001,0.0002,0.0001,0,0.0001,0,0,0.3524,0.285,0.3524,0.285,
0.7882,0,0,0.7882,0.7882,0.7882,0,3.9409,0,1.5763,0,0,0.7882,0.7882,0,0,0,0,0,0.7882,0.0001,0,0,0.0001,0.0001,0.0001,0,0.0005,0,0.0002,0,0,0.0001,0.0001,0,0,0,0,0,0.0001,0.1045,0.1073,0.1045,0.1073,
0,0,0,0,0.7973,1.9932,0.3986,0.3986,1.1959,2.7905,1.1959,1.9932,0.7973,0.3986,1.5946,0.7973,0.3986,0.3986,0.7973,0.7973,0,0,0,0,0,0.0001,0,0,0.0001,0.0002,0.0001,0.0001,0,0,0.0001,0,0,0,0,0,0.337,0.2644,0.337,0.2644,
1.6293,0,0,0.5431,0,1.6293,0.5431,2.7155,0,3.8017,1.0862,0.5431,0.5431,0.5431,1.0862,1.6293,0.5431,1.6293,0,0,0.0001,0,0,0,0,0.0001,0,0.0002,0,0.0003,0.0001,0,0,0,0.0001,0.0001,0,0.0001,0,0,0.2722,0.1847,0.2722,0.1847,
0,0,1.0498,0.5249,3.1494,1.5747,0,0.5249,1.0498,2.0996,0.5249,1.0498,1.0498,0,1.0498,1.0498,1.5747,2.6245,0,0.5249,0,0,0.0001,0,0.0002,0.0001,0,0,0.0001,0.0001,0,0.0001,0.0001,0,0.0001,0.0001,0.0001,0.0002,0,0,0.2349,0.2402,0.2349,0.2402,
0.7485,0.7485,0.3742,0,0.3742,0.7485,0.3742,0.7485,2.6196,1.1227,0.3742,1.1227,0.7485,1.4969,2.9938,0.3742,0.3742,1.4969,0,0.3742,0,0,0,0,0,0,0,0,0.0002,0.0001,0,0.0001,0,0.0001,0.0002,0,0,0.0001,0,0,0.3308,0.295,0.3308,0.295,
0.414,0.828,1.242,1.242,0.828,0.828,1.242,1.656,1.656,0.828,0.414,1.656,1.242,0,0,0.414,0.414,0,0,0.414,0,0,0.0001,0.0001,0,0,0.0001,0.0001,0.0001,0,0,0.0001,0.0001,0,0,0,0,0,0,0,0.3342,0.2518,0.3342,0.2518,
0.8078,0,0,0,0.8078,1.6156,0,0.8078,0,0.8078,0,0,0.8078,0,0.8078,1.6156,0,0.8078,0,0,0.0001,0,0,0,0.0001,0.0002,0,0.0001,0,0.0001,0,0,0.0001,0,0.0001,0.0002,0,0.0001,0,0,0.1156,0.0766,0.1156,0.0766,
0,0.7632,0,0.7632,0.7632,0.7632,0,0,0,0.7632,0,0.7632,0.7632,0,0.7632,2.2895,0.7632,0.7632,0,0,0,0.0001,0,0.0001,0.0001,0.0001,0,0,0,0.0001,0,0.0001,0.0001,0,0.0001,0.0002,0.0001,0.0001,0,0,0.1195,0.1174,0.1195,0.1174,
1.0482,0,0.5241,0,1.0482,4.1927,0,3.1445,0,2.6205,0.5241,0,0.5241,0,0.5241,2.0964,1.5723,1.5723,0.5241,1.0482,0.0001,0,0,0,0.0001,0.0002,0,0.0002,0,0.0001,0,0,0,0,0,0.0001,0.0001,0.0001,0,0.0001,0.2262,0.2497,0.2262,0.2497,
0.6669,0.6669,0.3334,1.3337,1.3337,0.3334,1.0003,0.6669,1.6671,0.3334,0.3334,1.0003,1.0003,0.3334,1.6671,0.6669,1.3337,0.3334,1.0003,0.3334,0,0,0,0.0001,0.0001,0,0.0001,0,0.0001,0,0,0.0001,0.0001,0,0.0001,0,0.0001,0,0.0001,0,0.3499,0.3166,0.3499,0.3166,
0.7205,0,0.3603,0,0.3603,1.8013,0.3603,0.3603,1.0808,0.7205,0.7205,0.7205,0.3603,0.3603,5.0438,0.7205,1.4411,0.7205,0,0,0.0001,0,0,0,0,0.0002,0,0,0.0001,0.0001,0.0001,0.0001,0,0,0.0004,0.0001,0.0001,0.0001,0,0,0.3588,0.281,0.3588,0.281,
1.462,0,0.4873,0,1.9494,0.9747,0.4873,2.4367,0,1.462,0.9747,0,0.9747,0.9747,1.462,0.9747,1.9494,1.462,0.4873,0.4873,0.0001,0,0,0,0.0001,0.0001,0,0.0002,0,0.0001,0.0001,0,0.0001,0.0001,0.0001,0.0001,0.0001,0.0001,0,0,0.2398,0.2729,0.2398,0.2729,
1.6606,0.4152,0,0.4152,0.4152,0.8303,0.4152,1.2455,1.6606,1.2455,0.8303,0.4152,0.8303,0.4152,1.2455,1.2455,1.6606,0,0,2.4909,0.0001,0,0,0,0,0.0001,0,0.0001,0.0001,0.0001,0.0001,0,0.0001,0,0.0001,0.0001,0.0001,0,0,0.0002,0.3007,0.2842,0.3007,0.2842,
1.8748,0,1.4061,1.4061,0,0.9374,0,0,1.4061,1.8748,0.9374,0.4687,0.4687,0,0.9374,0,1.4061,0.9374,0,0,0.0002,0,0.0001,0.0001,0,0.0001,0,0,0.0001,0.0002,0.0001,0,0,0,0.0001,0,0.0001,0.0001,0,0,0.2732,0.2581,0.2732,0.2581,
0,3.4108,0.5685,0.5685,0,2.2739,0,0,1.1369,1.7054,0,1.1369,0,0,0.5685,0.5685,3.4108,1.1369,0,1.1369,0,0.0001,0,0,0,0.0001,0,0,0,0.0001,0,0,0,0,0,0,0.0001,0,0,0,0.211,0.2206,0.211,0.2206,
0,2.3794,0.7931,0.7931,0,0.7931,0.7931,0,0.7931,0,0.7931,0,0.7931,0,0,0.7931,0.7931,0,0,0.7931,0,0.0002,0.0001,0.0001,0,0.0001,0.0001,0,0.0001,0,0.0001,0,0.0001,0,0,0.0001,0.0001,0,0,0.0001,0.0905,0.1163,0.0905,0.1163,
0.937,1.874,0.4685,0,1.4055,0.4685,0.937,1.4055,0.937,0.937,0.4685,0.4685,0.4685,1.874,0.937,0.937,0.937,0,0.937,0.4685,0,0.0001,0,0,0.0001,0,0,0.0001,0,0,0,0,0,0.0001,0,0,0,0,0,0,0.2708,0.2607,0.2708,0.2607,
0.5036,1.0071,0.5036,1.5107,0.5036,2.0142,0.5036,0,0,1.0071,1.0071,1.5107,1.0071,0.5036,0.5036,1.5107,1.0071,0.5036,0.5036,1.0071,0,0.0001,0,0.0001,0,0.0001,0,0,0,0.0001,0.0001,0.0001,0.0001,0,0,0.0001,0.0001,0,0,0.0001,0.2897,0.2068,0.2897,0.2068,
0.6413,0,0.6413,0.6413,0.6413,0,0.6413,1.2826,0,0,0.6413,0.6413,0,1.9238,0,1.2826,0.6413,0.6413,0,1.2826,0.0001,0,0.0001,0.0001,0.0001,0,0.0001,0.0001,0,0,0.0001,0.0001,0,0.0002,0,0.0001,0.0001,0.0001,0,0.0001,0.186,0.1727,0.186,0.1727,
0.4079,1.2236,1.2236,0.4079,0.8157,1.2236,2.0393,1.6314,0.4079,0.4079,0,0.4079,1.6314,0.8157,0.4079,1.2236,0,0.8157,0.8157,1.2236,0,0.0001,0.0001,0,0,0.0001,0.0001,0.0001,0,0,0,0,0.0001,0,0,0.0001,0,0,0,0.0001,0.3034,0.2888,0.3034,0.2888,
0.5588,0,0.5588,1.6765,1.1177,0.5588,0,1.1177,0.5588,1.1177,1.1177,0.5588,0.5588,0,1.1177,0,0,0,0,0,0.0001,0,0.0001,0.0002,0.0001,0.0001,0,0.0001,0.0001,0.0001,0.0001,0.0001,0.0001,0,0.0001,0,0,0,0,0,0.215,0.2261,0.215,0.2261,
0.535,0,0.535,0.535,1.07,0.535,0,0.535,0.535,1.07,0.535,0.535,0.535,0,1.07,0.535,1.605,0.535,0.535,1.07,0,0,0,0,0.0001,0,0,0,0,0.0001,0,0,0,0,0.0001,0,0.0001,0,0,0.0001,0.2621,0.2029,0.2621,0.2029,
1.4476,0,1.9302,0.4825,3.3778,1.4476,0.4825,0.9651,0.4825,1.4476,1.4476,0.9651,0,0.4825,0,0,0,1.9302,0,0.9651,0.0001,0,0.0001,0,0.0002,0.0001,0,0.0001,0,0.0001,0.0001,0.0001,0,0,0,0,0,0.0001,0,0.0001,0.2846,0.2329,0.2846,0.2329,
0.7314,0,0.7314,0,0,0.7314,0.7314,0,0.7314,0,0,0,0.7314,0,0,0.7314,0,1.4629,0,0.7314,0.0001,0,0.0001,0,0,0.0001,0.0001,0,0.0001,0,0,0,0.0001,0,0,0.0001,0,0.0002,0,0.0001,0.1287,0.1398,0.1287,0.1398,
0.4612,1.8447,0,0.4612,0.9223,0.4612,0.4612,0.9223,1.3835,1.3835,0.4612,0.4612,0,1.8447,0.4612,0.9223,0.9223,0.9223,0.4612,1.8447,0,0.0001,0,0,0,0,0,0,0.0001,0.0001,0,0,0,0.0001,0,0,0,0,0,0.0001,0.2659,0.2729,0.2659,0.2729,
1.2281,0,0.8187,2.0468,0,0,0,0.4094,0.4094,2.8655,0.4094,0.8187,1.2281,0.4094,0.8187,1.6374,0.4094,1.2281,0.4094,0.4094,0.0001,0,0.0001,0.0001,0,0,0,0,0,0.0002,0,0.0001,0.0001,0,0.0001,0.0001,0,0.0001,0,0,0.3115,0.2792,0.3115,0.2792,
1.6764,0,0,0,2.7941,0.5588,1.1176,2.2353,1.1176,2.2353,0.5588,0.5588,1.6764,0.5588,0,1.1176,1.1176,2.7941,0,0,0.0001,0,0,0,0.0002,0,0.0001,0.0001,0.0001,0.0001,0,0,0.0001,0,0,0.0001,0.0001,0.0002,0,0,0.226,0.2152,0.226,0.2152,
0.9349,0.4674,0.9349,1.8697,0.4674,0,0.4674,0,1.8697,0.4674,0,0.9349,0.4674,0,0.4674,0.9349,0.9349,0,0.4674,0.9349,0.0001,0,0.0001,0.0002,0,0,0,0,0.0002,0,0,0.0001,0,0,0,0.0001,0.0001,0,0,0.0001,0.2908,0.2418,0.2908,0.2418,
0.5051,0,0,0.5051,1.5154,0.5051,0,1.0103,1.0103,3.5359,0.5051,2.5256,1.0103,0.5051,0.5051,1.5154,1.0103,1.5154,0.5051,1.0103,0,0,0,0,0.0001,0,0,0.0001,0.0001,0.0002,0,0.0002,0.0001,0,0,0.0001,0.0001,0.0001,0,0.0001,0.2475,0.2474,0.2475,0.2474,
1.2848,1.2848,1.7131,0.4283,0.8565,1.7131,0.8565,0.4283,0.4283,1.2848,0.4283,1.7131,0.8565,0.4283,0.8565,0.4283,0,0.4283,0.4283,0.4283,0.0001,0.0001,0.0001,0,0,0.0001,0,0,0,0.0001,0,0.0001,0,0,0,0,0,0,0,0,0.2581,0.3136,0.2581,0.3136,
0,1.0017,0.5009,0.5009,0,1.0017,1.5026,1.5026,0,0.5009,1.5026,1.0017,0.5009,1.5026,0.5009,1.0017,0,3.506,0,2.5043,0,0.0001,0,0,0,0.0001,0.0001,0.0001,0,0,0.0001,0.0001,0,0.0001,0,0.0001,0,0.0002,0,0.0001,0.2308,0.2683,0.2308,0.2683,
0.8465,0.8465,0.8465,1.2697,0,0,0.8465,1.2697,0.8465,0.4232,0.4232,0.4232,0.8465,1.2697,0,1.2697,1.693,1.2697,0.8465,1.2697,0,0,0,0.0001,0,0,0,0.0001,0,0,0,0,0,0.0001,0,0.0001,0.0001,0.0001,0,0.0001,0.2811,0.2957,0.2811,0.2957,
1.7688,0.4422,0,0.4422,0.4422,1.7688,0,0,1.3266,0,1.3266,1.3266,1.3266,0.8844,0.8844,1.7688,0.4422,1.7688,0.8844,0.4422,0.0001,0,0,0,0,0.0001,0,0,0.0001,0,0.0001,0.0001,0.0001,0.0001,0.0001,0.0001,0,0.0001,0.0001,0,0.2881,0.2697,0.2881,0.2697,
0,1.1788,1.5717,1.5717,0,0.3929,0.7858,0,0.3929,0.3929,0,1.1788,0,1.1788,1.1788,0.7858,0.7858,1.1788,0.7858,1.1788,0,0.0001,0.0001,0.0001,0,0,0,0,0,0,0,0.0001,0,0.0001,0.0001,0,0,0.0001,0,0.0001,0.3416,0.2655,0.3416,0.2655,
0,1.1509,0,0.3836,0,0.7673,0.7673,1.1509,1.5346,0,0.7673,0.3836,0.7673,0.7673,3.0692,1.1509,0,1.9182,0,0,0,0.0001,0,0,0,0.0001,0.0001,0.0001,0.0001,0,0.0001,0,0.0001,0.0001,0.0002,0.0001,0,0.0001,0,0,0.3146,0.3018,0.3146,0.3018,
0.4977,1.4932,0,0.9955,0.4977,0.4977,0,0.9955,0.4977,0.9955,0.9955,0.4977,0.9955,0.9955,1.4932,1.4932,0.9955,0.9955,0,0.4977,0,0.0001,0,0,0,0,0,0,0,0,0,0,0,0,0.0001,0.0001,0,0,0,0,0.2538,0.2485,0.2538,0.2485,
1.2539,0,0.418,0.418,0.8359,2.9257,0,0.8359,0,1.2539,1.2539,1.2539,0.8359,0,0.8359,3.7616,0.418,0,1.2539,0.418,0.0001,0,0,0,0,0.0001,0,0,0,0.0001,0.0001,0.0001,0,0,0,0.0002,0,0,0.0001,0,0.296,0.286,0.296,0.286,
0.411,1.2331,0.411,1.2331,0.822,1.2331,0.411,1.2331,1.2331,0.411,0.822,0.822,0.822,0,1.6441,0.411,0.822,0.822,0.411,0.411,0,0.0001,0,0.0001,0,0.0001,0,0.0001,0.0001,0,0,0,0,0,0.0001,0,0,0,0,0,0.3499,0.2391,0.3499,0.2391,
0.7816,0,0.3908,1.1724,1.1724,0.7816,1.1724,1.5632,0.3908,1.9539,0,0,0.3908,0.7816,1.1724,0.7816,0.3908,1.1724,1.5632,0.3908,0,0,0,0.0001,0.0001,0,0.0001,0.0001,0,0.0001,0,0,0,0,0.0001,0,0,0.0001,0.0001,0,0.3134,0.2958,0.3134,0.2958,
1.2294,0,0,0,0,1.2294,1.2294,1.2294,1.844,1.844,0.6147,0,0,0,0,0,0,0,0,0,0.0002,0,0,0,0,0.0002,0.0002,0.0002,0.0003,0.0003,0.0001,0,0,0,0,0,0,0,0,0,0.1734,0.2119,0.1734,0.2119,
0.9624,0.4812,0.4812,1.4436,0.4812,0.4812,0.9624,0.9624,0.4812,0.4812,1.9248,1.4436,1.9248,0,0.4812,0.9624,0,0.9624,1.4436,0,0.0001,0,0,0.0001,0,0,0.0001,0.0001,0,0,0.0001,0.0001,0.0001,0,0,0.0001,0,0.0001,0.0001,0,0.2725,0.2463,0.2725,0.2463,
1.7699,0.885,0.4425,1.3274,0.4425,0.4425,1.3274,0.885,1.3274,0.4425,0.885,0.885,0.4425,0.885,0,0.4425,0.4425,0.885,0.4425,1.3274,0.0001,0.0001,0,0.0001,0,0,0.0001,0.0001,0.0001,0,0.0001,0.0001,0,0.0001,0,0,0,0.0001,0,0.0001,0.2842,0.2734,0.2842,0.2734,
1.2419,1.2419,1.2419,1.2419,0.414,0.414,0,1.6559,1.6559,0.8279,1.2419,1.2419,0.8279,1.6559,0,0.414,0.8279,0,0,0,0.0001,0.0001,0.0001,0.0001,0,0,0,0.0001,0.0001,0,0.0001,0.0001,0,0.0001,0,0,0,0,0,0,0.3325,0.2535,0.3325,0.2535,
0,0,1.6124,0.645,0,0.9674,0,0.3225,1.9349,0.645,0.645,0.645,0.3225,0.645,0.9674,0,0.645,2.2574,1.9349,0.9674,0,0,0.0001,0,0,0.0001,0,0,0.0001,0,0,0,0,0,0.0001,0,0,0.0002,0.0001,0.0001,0.3522,0.3253,0.3522,0.3253,
0.3947,1.5787,0,0.3947,0.7894,0.7894,0,1.5787,2.3681,1.184,0.3947,0.7894,0.3947,0.3947,0.7894,0.3947,1.5787,1.184,0,0.3947,0,0.0001,0,0,0,0,0,0.0001,0.0001,0.0001,0,0,0,0,0,0,0.0001,0.0001,0,0,0.3369,0.2684,0.3369,0.2684,
0,0,0,1.4767,0,0,0.7384,1.4767,0,0,0.7384,0,2.2151,0,0.7384,0,0,0,0,0,0,0,0,0.0003,0,0,0.0001,0.0003,0,0,0.0001,0,0.0004,0,0.0001,0,0,0,0,0,0.1207,0.141,0.1207,0.141,
1.5107,1.5107,1.133,0.3777,1.5107,1.5107,0.3777,0.3777,1.5107,1.133,0,1.5107,0,1.5107,0,0.3777,1.133,0.3777,0.7554,0.7554,0.0001,0.0001,0,0,0.0001,0.0001,0,0,0.0001,0,0,0.0001,0,0.0001,0,0,0,0,0,0,0.3199,0.3024,0.3199,0.3024,
1.5184,0.5061,1.0123,0,0.5061,2.5307,0,0.5061,1.5184,0,1.0123,0.5061,0,0.5061,0,0,2.0245,0.5061,1.0123,2.0245,0.0001,0,0.0001,0,0,0.0002,0,0,0.0001,0,0.0001,0,0,0,0,0,0.0001,0,0.0001,0.0001,0.2418,0.252,0.2418,0.252,
0.7091,0.3545,1.0636,0.3545,1.4181,1.0636,1.0636,1.4181,0.3545,0.7091,1.0636,0.7091,0,1.7727,0.7091,0.7091,0.3545,1.0636,1.4181,1.0636,0,0,0.0001,0,0.0001,0.0001,0.0001,0.0001,0,0,0.0001,0,0,0.0001,0,0,0,0.0001,0.0001,0.0001,0.3371,0.3084,0.3371,0.3084,
0.4884,0.4884,0.9767,0.9767,0,0.9767,0,1.4651,0.4884,0.4884,0.4884,1.4651,1.4651,0.9767,0.4884,1.9535,0.4884,0.9767,1.4651,1.4651,0,0,0.0001,0.0001,0,0.0001,0,0.0001,0,0,0,0.0001,0.0001,0.0001,0,0.0001,0,0.0001,0.0001,0.0001,0.2866,0.225,0.2866,0.225,
1.1313,0.7542,0,0.7542,1.5084,0.3771,0,1.1313,0.7542,0.7542,1.8856,0.3771,0.7542,0.3771,1.8856,0.3771,1.8856,0.3771,1.1313,0.3771,0.0001,0,0,0,0.0001,0,0,0.0001,0,0,0.0001,0,0,0,0.0001,0,0.0001,0,0.0001,0,0.3291,0.2938,0.3291,0.2938,
2.2492,0,1.1246,0.5623,2.2492,0,0,0.5623,1.1246,2.8115,0.5623,0,1.1246,0,0.5623,0.5623,1.1246,1.6869,0,1.1246,0.0002,0,0.0001,0,0.0002,0,0,0,0.0001,0.0002,0,0,0.0001,0,0,0,0.0001,0.0001,0,0.0001,0.229,0.2087,0.229,0.2087,
0,0,0,0,0,0,0.7645,0.7645,0,0.7645,0,0,3.0579,0.7645,0.7645,0,0,0,0.7645,0,0,0,0,0,0,0,0.0001,0.0001,0,0.0001,0,0,0.0006,0.0001,0.0001,0,0,0,0.0001,0,0.1356,0.1,0.1356,0.1,
1.7915,0,0.7166,1.7915,0.7166,1.7915,0,2.1498,0.7166,0.7166,0.7166,0.3583,1.0749,0.3583,1.0749,0.7166,0.3583,2.1498,0,0,0.0001,0,0,0.0001,0,0.0001,0,0.0001,0,0,0,0,0.0001,0,0.0001,0,0,0.0001,0,0,0.2843,0.3574,0.2843,0.3574,
0.4849,0,0,1.9395,0,0.9697,0,0,0.4849,0,1.4546,0.9697,1.4546,1.4546,0.9697,1.4546,0.9697,0.9697,0.9697,0.4849,0,0,0,0.0002,0,0.0001,0,0,0,0,0.0001,0.0001,0.0001,0.0001,0.0001,0.0001,0.0001,0.0001,0.0001,0,0.2431,0.2721,0.2431,0.2721,
0.4276,0.4276,0.8553,0.4276,0.8553,0.4276,0.4276,0.4276,0.8553,1.2829,0.4276,1.7105,0.8553,0.8553,0.8553,0,0.8553,0.4276,1.2829,0.4276,0,0,0.0001,0,0.0001,0,0,0,0.0001,0.0001,0,0.0001,0.0001,0.0001,0.0001,0,0.0001,0,0.0001,0,0.2532,0.3192,0.2532,0.3192,
0.5062,0.5062,1.0124,0,3.0372,1.0124,0,1.0124,1.0124,2.531,0.5062,1.5186,1.0124,0,0.5062,0.5062,1.5186,2.0248,0,0.5062,0,0,0.0001,0,0.0002,0.0001,0,0.0001,0.0001,0.0001,0,0.0001,0.0001,0,0,0,0.0001,0.0001,0,0,0.2577,0.2361,0.2577,0.2361,
1.4055,0,1.874,0.4685,0.937,0,1.4055,0.937,0,0.937,0,0.937,0,0.4685,0.937,1.4055,0,2.3425,0,0,0.0001,0,0.0001,0,0.0001,0,0.0001,0.0001,0,0.0001,0,0.0001,0,0,0.0001,0.0001,0,0.0002,0,0,0.2366,0.2949,0.2366,0.2949,
0.9552,0,0.9552,0,0.4776,0,0.4776,0.4776,1.4327,1.4327,0.4776,1.4327,0,0.4776,0.9552,0.9552,0.9552,0.9552,0,0.9552,0.0001,0,0.0001,0,0,0,0,0,0.0001,0.0001,0,0.0001,0,0,0.0001,0.0001,0.0001,0.0001,0,0.0001,0.243,0.2794,0.243,0.2794,
1.4179,0.9453,0,1.4179,0.4726,0.9453,0,1.4179,0.4726,1.8905,0.4726,0.9453,0.4726,0.9453,0.4726,0,2.3632,1.4179,2.3632,0,0.0001,0,0,0.0001,0,0,0,0.0001,0,0.0001,0,0,0,0,0,0,0.0001,0.0001,0.0001,0,0.2827,0.2447,0.2827,0.2447,
1.2005,0,0.4002,0.4002,2.0009,0.8003,0.4002,1.2005,0.8003,2.401,0.4002,0.4002,1.2005,0,0.8003,0.8003,1.2005,2.0009,1.2005,0,0.0001,0,0,0,0.0001,0.0001,0,0.0001,0.0001,0.0002,0,0,0.0001,0,0.0001,0.0001,0.0001,0.0001,0.0001,0,0.2803,0.3196,0.2803,0.3196,
0,0.7235,0,0,0,0,0.7235,1.4471,0.7235,0.7235,0.7235,0.7235,0.7235,0.7235,0,2.1706,0,0.7235,1.4471,0,0,0,0,0,0,0,0,0.0001,0,0,0,0,0,0,0,0.0001,0,0,0.0001,0,0.1586,0.1179,0.1586,0.1179,
1.9746,0,0,0.6582,0.6582,2.6328,0,0.6582,0.6582,1.9746,0.6582,0.6582,0.6582,1.3164,0,0,1.9746,1.3164,0,0,0.0002,0,0,0.0001,0.0001,0.0002,0,0.0001,0.0001,0.0002,0.0001,0.0001,0.0001,0.0001,0,0,0.0002,0.0001,0,0,0.1829,0.1589,0.1829,0.1589,
0.7583,0,2.2749,1.5166,0.3792,1.5166,0.3792,0.7583,1.1375,1.1375,0,1.1375,0,0.7583,0,1.1375,0,1.1375,0,0.7583,0,0,0.0001,0.0001,0,0.0001,0,0,0.0001,0.0001,0,0.0001,0,0,0,0.0001,0,0.0001,0,0,0.3823,0.2386,0.3823,0.2386,
0.6722,0,0,0,0.3361,1.6804,0.3361,0,2.3526,0.6722,0.6722,0.6722,1.0083,0.3361,4.3692,0.3361,1.3444,0.6722,0.6722,0,0.0001,0,0,0,0,0.0001,0,0,0.0002,0.0001,0.0001,0.0001,0.0001,0,0.0004,0,0.0001,0.0001,0.0001,0,0.3774,0.2865,0.3774,0.2865,
0,0,0,0.6439,1.2878,0.6439,0.6439,0,1.2878,0,0,0,0,0,1.2878,0.6439,0,0,0.6439,0,0,0,0,0.0001,0.0002,0.0001,0.0001,0,0.0002,0,0,0,0,0,0.0002,0.0001,0,0,0.0001,0,0.1878,0.1683,0.1878,0.1683,
2.2552,0,0,0.5638,0.5638,1.6914,0,2.819,0.5638,3.9467,1.1276,0,0.5638,1.1276,0.5638,1.6914,0.5638,1.1276,0,1.1276,0.0001,0,0,0,0,0.0001,0,0.0002,0,0.0002,0.0001,0,0,0.0001,0,0.0001,0,0.0001,0,0.0001,0.2387,0.1975,0.2387,0.1975,
1.8775,0,0,0,0.751,1.1265,0.3755,0.3755,2.6286,0.751,0.751,1.8775,0.751,0,3.3796,0,1.1265,0.751,0,0,0.0001,0,0,0,0.0001,0.0001,0,0,0.0002,0.0001,0.0001,0.0001,0.0001,0,0.0003,0,0.0001,0.0001,0,0,0.3223,0.3022,0.3223,0.3022,
0.7521,0.7521,1.1281,1.1281,1.8802,1.5042,1.1281,0,0,1.5042,0,1.8802,0.376,0.7521,1.1281,1.1281,0,1.5042,0,0.376,0,0,0.0001,0.0001,0.0001,0.0001,0.0001,0,0,0.0001,0,0.0001,0,0,0.0001,0.0001,0,0.0001,0,0,0.3333,0.2906,0.3333,0.2906,
0,1.2398,0.4133,0.4133,1.2398,0.8265,0.4133,0.8265,0,0.8265,0.4133,1.2398,0,0.8265,1.2398,0.4133,2.0664,1.2398,2.0664,1.2398,0,0.0001,0,0,0.0001,0,0,0,0,0,0,0.0001,0,0,0.0001,0,0.0001,0.0001,0.0001,0.0001,0.2882,0.2985,0.2882,0.2985,
1.2595,0.8396,0.4198,1.2595,1.2595,0.4198,1.2595,2.0991,0.8396,0.4198,0,0,1.6793,0.4198,0.8396,1.2595,0.4198,0,0.4198,0.4198,0.0001,0,0,0.0001,0.0001,0,0.0001,0.0001,0,0,0,0,0.0001,0,0,0.0001,0,0,0,0,0.2733,0.3068,0.2733,0.3068,
0.4049,1.2148,2.0246,0.8099,0.4049,1.2148,0.8099,0.4049,1.2148,0.8099,0.8099,0.4049,0,0.4049,0.8099,1.2148,0.4049,0.8099,0.4049,0.4049,0,0.0001,0.0001,0,0,0.0001,0,0,0.0001,0,0,0,0,0,0,0.0001,0,0,0,0,0.279,0.3161,0.279,0.3161,
2.2688,0,0.9075,1.3613,0.9075,0,0.4538,0.9075,1.3613,0.9075,0,1.3613,0.9075,1.3613,0,1.815,0.9075,0.4538,0,0,0.0002,0,0.0001,0.0001,0.0001,0,0,0.0001,0.0001,0.0001,0,0.0001,0.0001,0.0001,0,0.0001,0.0001,0,0,0,0.2708,0.2754,0.2708,0.2754,
0.665,0.9976,0.665,1.3301,0,0.3325,0.3325,0.9976,2.9927,0.9976,0.3325,1.6626,0,0,1.9951,0.665,1.3301,0.3325,0,0.665,0,0.0001,0,0.0001,0,0,0,0.0001,0.0002,0.0001,0,0.0001,0,0,0.0001,0,0.0001,0,0,0,0.3078,0.3597,0.3078,0.3597,
0,1.3107,0.6553,0,0.6553,0,0,0,1.3107,0.6553,0,0.6553,0.6553,0.6553,0.6553,0.6553,0,5.898,0,0.6553,0,0.0001,0,0,0,0,0,0,0.0001,0,0,0,0,0,0,0,0,0.0004,0,0,0.1874,0.1573,0.1874,0.1573,
1.2156,1.2156,2.026,0,1.6208,0,0.8104,1.2156,0.4052,1.2156,0,0.8104,1.6208,0.4052,1.2156,0.4052,1.2156,0.4052,0,0.4052,0.0001,0.0001,0.0001,0,0.0001,0,0,0.0001,0,0.0001,0,0,0.0001,0,0.0001,0,0.0001,0,0,0,0.3177,0.2771,0.3177,0.2771,
0.6796,0,1.3592,2.0389,0.3398,0.3398,0.3398,0,2.0389,0.3398,0,1.0194,1.3592,0.3398,2.0389,1.0194,0.6796,1.0194,0.6796,1.0194,0.0001,0,0.0001,0.0002,0,0,0,0,0.0002,0,0,0.0001,0.0001,0,0.0002,0.0001,0.0001,0.0001,0.0001,0.0001,0.3611,0.2991,0.3611,0.2991,
0.5109,0,0.5109,0.5109,0.5109,0.5109,1.5327,0.5109,0,0.5109,0.5109,1.5327,0.5109,1.0218,1.0218,0,0.5109,0.5109,1.0218,0,0,0,0,0,0,0,0.0001,0,0,0,0,0.0001,0,0.0001,0.0001,0,0,0,0.0001,0,0.2907,0.1984,0.2907,0.1984,
2.5403,0,0.5081,0.5081,2.0323,0,0,1.0161,0,5.5887,0.5081,0,3.0484,0.5081,1.0161,1.5242,1.0161,2.5403,0.5081,0.5081,0.0001,0,0,0,0.0001,0,0,0.0001,0,0.0003,0,0,0.0002,0,0.0001,0.0001,0.0001,0.0001,0,0,0.2549,0.237,0.2549,0.237,
0.9056,1.8111,1.3583,0.9056,4.075,0.4528,0,0.4528,1.3583,0,1.3583,0.4528,0.9056,1.3583,0.9056,0,0,0.4528,0,0,0,0.0001,0.0001,0,0.0002,0,0,0,0.0001,0,0.0001,0,0,0.0001,0,0,0,0,0,0,0.35,0.1972,0.35,0.1972,
0.5684,0,0,0,0.5684,0.5684,0.5684,1.7052,0,0.5684,0,2.2736,0,0.5684,1.7052,0.5684,0,0.5684,0.5684,1.1368,0.0001,0,0,0,0.0001,0.0001,0.0001,0.0002,0,0.0001,0,0.0002,0,0.0001,0.0002,0.0001,0,0.0001,0.0001,0.0001,0.2375,0.1941,0.2375,0.1941,
0.6673,0.6673,0,0,0.6673,2.0018,0,3.3364,0.6673,4.6709,0.6673,0,1.3346,0,0.6673,1.3346,0,6.0055,0,0,0,0,0,0,0,0.0001,0,0.0002,0,0.0003,0,0,0.0001,0,0,0.0001,0,0.0004,0,0,0.1401,0.1926,0.1401,0.1926,
3.2062,0,0.9161,0.9161,2.2902,0.458,0,0.9161,0.458,4.1223,0.458,0,1.8321,0.9161,0.458,0,0,2.7482,0.458,0.458,0.0002,0,0.0001,0.0001,0.0001,0,0,0.0001,0,0.0002,0,0,0.0001,0.0001,0,0,0,0.0002,0,0,0.279,0.263,0.279,0.263,
0,1.069,0.3563,1.069,0,0.3563,0.7127,1.069,3.2071,1.069,0.3563,1.4254,1.069,0,0.7127,2.1381,0.7127,1.069,0,0.7127,0,0.0001,0,0.0001,0,0,0,0.0001,0.0002,0.0001,0,0.0001,0.0001,0,0,0.0001,0,0.0001,0,0,0.3636,0.2801,0.3636,0.2801,
1.3397,1.3397,1.3397,0.6699,0,0,0.6699,0.6699,0,0,0.6699,1.3397,0,0.6699,0,0,0.6699,0,0.6699,0.6699,0.0001,0.0001,0.0001,0,0,0,0,0,0,0,0,0.0001,0,0,0,0,0,0,0,0,0.1923,0.1378,0.1923,0.1378,
0.9635,1.4452,0.9635,1.4452,0.9635,0.9635,0.4817,0.4817,0,0,0.4817,0.9635,2.4087,0.9635,0.4817,0.4817,0.4817,1.4452,1.4452,0.9635,0,0.0001,0,0.0001,0,0,0,0,0,0,0,0,0.0001,0,0,0,0,0.0001,0.0001,0,0.2407,0.2776,0.2407,0.2776,
0,0,0,0,0.7874,1.5748,0.7874,0,0,0.7874,0,0.7874,2.3622,0,0,0,0.7874,1.5748,0.7874,0.7874,0,0,0,0,0.0001,0.0002,0.0001,0,0,0.0001,0,0.0001,0.0003,0,0,0,0.0001,0.0002,0.0001,0.0001,0.1105,0.1021,0.1105,0.1021,
0,1.4337,0,0.4779,0.9558,1.4337,1.4337,1.4337,0.4779,0,0.4779,0.9558,0.4779,0.4779,0.4779,1.4337,1.9117,0.9558,0.4779,1.4337,0,0.0001,0,0,0,0.0001,0.0001,0.0001,0,0,0,0,0,0,0,0.0001,0.0001,0,0,0.0001,0.2916,0.2304,0.2916,0.2304,
0.6153,0,0,1.2305,0.6153,2.461,0,0,0.6153,0.6153,0.6153,0.6153,0.6153,0,0.6153,1.2305,0,0,0.6153,0,0.0001,0,0,0.0001,0.0001,0.0003,0,0,0.0001,0.0001,0.0001,0.0001,0.0001,0,0.0001,0.0001,0,0,0.0001,0,0.2097,0.175,0.2097,0.175,
0,0,0,0,1.6279,2.4419,0,0,0,0,0,0,0.814,0,0.814,1.6279,0.814,0,0,0,0,0,0,0,0.0002,0.0003,0,0,0,0,0,0,0.0001,0,0.0001,0.0002,0.0001,0,0,0,0.0795,0.1065,0.0795,0.1065,
0.7343,0.7343,0.7343,1.1015,0.7343,0.7343,0.7343,1.1015,1.8358,1.1015,0.7343,0.3672,0.3672,1.1015,0.7343,0.3672,0.3672,1.8358,0.3672,0.7343,0,0,0,0.0001,0,0,0,0.0001,0.0001,0.0001,0,0,0,0.0001,0,0,0,0.0001,0,0,0.3457,0.2871,0.3457,0.2871,
1.3326,0,0,0,0.3332,1.3326,0.3332,0.3332,1.6658,0.9995,0.6663,0.3332,0,0.3332,3.3316,0.6663,1.999,1.3326,0,0,0.0001,0,0,0,0,0.0001,0,0,0.0001,0.0001,0.0001,0,0,0,0.0003,0.0001,0.0002,0.0001,0,0,0.3409,0.3259,0.3409,0.3259,
0.6161,0,0,1.8483,0,0.6161,0.6161,0.6161,0,2.4644,1.2322,0,0.6161,0.6161,0,1.8483,0,0.6161,0,0.6161,0.0001,0,0,0.0002,0,0.0001,0.0001,0.0001,0,0.0002,0.0001,0,0.0001,0.0001,0,0.0002,0,0.0001,0,0.0001,0.1879,0.196,0.1879,0.196,
1.2174,0,0,0,1.8261,1.2174,0,3.0435,0.6087,3.6522,0.6087,0,0.6087,0,0.6087,1.8261,2.4348,0.6087,0,0.6087,0.0001,0,0,0,0.0001,0.0001,0,0.0002,0,0.0002,0,0,0,0,0,0.0001,0.0002,0,0,0,0.2219,0.1694,0.2219,0.1694,
1.7881,0.447,0,0,1.7881,0.447,0.8941,0.8941,1.7881,0.8941,0.8941,1.3411,3.1293,0.447,0.447,1.3411,1.7881,0.8941,0,0.8941,0.0001,0,0,0,0.0001,0,0,0,0.0001,0,0,0.0001,0.0002,0,0,0.0001,0.0001,0,0,0,0.2706,0.2824,0.2706,0.2824,
0,0,1.1187,0,0.5593,1.1187,1.678,0.5593,0,0.5593,1.678,0,1.1187,0,0.5593,0.5593,0,1.1187,1.678,0.5593,0,0,0.0001,0,0,0.0001,0.0001,0,0,0,0.0001,0,0.0001,0,0,0,0,0.0001,0.0001,0,0.2303,0.2104,0.2303,0.2104,
2.1807,0,0.5452,0.5452,2.7258,0.5452,0,3.271,0,3.271,1.0903,0.5452,2.1807,1.0903,0.5452,1.0903,0.5452,2.1807,0.5452,0.5452,0.0001,0,0,0,0.0001,0,0,0.0002,0,0.0002,0.0001,0,0.0001,0.0001,0,0.0001,0,0.0001,0,0,0.2454,0.2095,0.2454,0.2095,
0,0,0.3826,1.1478,1.1478,0.7652,0.7652,0,1.5303,0.3826,1.1478,0.7652,0.7652,0.3826,1.9129,0,1.5303,0.7652,0,0.7652,0,0,0,0.0001,0.0001,0.0001,0.0001,0,0.0002,0,0.0001,0.0001,0.0001,0,0.0002,0,0.0002,0.0001,0,0.0001,0.2942,0.3232,0.2942,0.3232,
1.511,0,1.511,0,0,1.511,0,0,0.7555,0,0,0,0.7555,1.511,0,1.511,0,0,0,0,0.0003,0,0.0003,0,0,0.0003,0,0,0.0002,0,0,0,0.0002,0.0003,0,0.0003,0,0,0,0,0.1284,0.1161,0.1284,0.1161,
0,1.7327,0.4332,0.8663,1.2995,0.4332,0.4332,0.4332,0.4332,0,0,0.4332,0.4332,0,1.2995,1.2995,0.8663,0.8663,1.2995,0.8663,0,0.0001,0,0,0.0001,0,0,0,0,0,0,0,0,0,0.0001,0.0001,0,0,0.0001,0,0.2738,0.2931,0.2738,0.2931,
0.4043,0.8086,1.6173,0,0.8086,0.4043,1.213,0.8086,0.8086,0.4043,0.8086,1.213,0.8086,0.4043,1.213,0.8086,0,0.4043,0.8086,1.213,0,0,0.0001,0,0,0,0.0001,0,0,0,0,0.0001,0,0,0.0001,0,0,0,0,0.0001,0.2743,0.3213,0.2743,0.3213,
0.6036,0.6036,1.2071,0.6036,0,2.4143,0,2.4143,0,1.2071,0,0.6036,0.6036,0.6036,0,0.6036,0.6036,1.8107,0,0.6036,0,0,0.0001,0,0,0.0002,0,0.0002,0,0.0001,0,0,0,0,0,0,0,0.0001,0,0,0.2077,0.1888,0.2077,0.1888,
0.8376,0.4188,1.2564,1.2564,0.4188,1.2564,0.8376,0.4188,1.2564,1.6752,0,0.8376,1.2564,1.2564,0.8376,0,0,0.8376,0,0,0.0001,0,0.0001,0.0001,0,0.0001,0.0001,0,0.0001,0.0001,0,0.0001,0.0001,0.0001,0.0001,0,0,0.0001,0,0,0.3595,0.2217,0.3595,0.2217,
1.9931,0,0,0,0.6644,1.6609,0.3322,0.3322,0.9965,0.6644,0.6644,0.6644,0.3322,0.3322,4.9827,0,1.3287,0.6644,0,0,0.0002,0,0,0,0.0001,0.0001,0,0,0.0001,0.0001,0.0001,0.0001,0,0,0.0004,0,0.0001,0.0001,0,0,0.3817,0.2861,0.3817,0.2861,
0.5239,0,0.5239,0,1.0478,4.1912,0,3.6673,0,2.6195,0.5239,0,0.5239,0,0.5239,2.0956,2.0956,1.0478,0.5239,1.0478,0,0,0,0,0.0001,0.0002,0,0.0002,0,0.0001,0,0,0,0,0,0.0001,0.0001,0.0001,0,0.0001,0.2249,0.2512,0.2249,0.2512,
0,0.6856,0,0,0.6856,1.3713,0,0.6856,0,0,0,0,0.6856,1.3713,1.3713,0,0,0,0,0.6856,0,0.0001,0,0,0.0001,0.0002,0,0.0001,0,0,0,0,0.0001,0.0002,0.0002,0,0,0,0,0.0001,0.168,0.1463,0.168,0.1463,
0.7758,1.1637,0.3879,0,0,0.7758,0.3879,1.5516,3.1033,0,0.3879,0.3879,0.7758,0.7758,1.9396,0.3879,0.3879,1.5516,0,0,0,0.0001,0,0,0,0,0,0.0001,0.0002,0,0,0,0,0,0.0001,0,0,0.0001,0,0,0.3097,0.3024,0.3097,0.3024,
0.6318,1.2635,0.9476,0.3159,0.6318,2.2112,0.3159,0.6318,2.527,0.3159,0.6318,0.3159,0.6318,0.3159,1.2635,0,0.3159,0.9476,0.9476,0.6318,0,0.0001,0,0,0,0.0001,0,0,0.0001,0,0,0,0,0,0.0001,0,0,0,0,0,0.335,0.3491,0.335,0.3491,
1.7446,1.3957,0.3489,1.7446,0.6978,0.6978,1.7446,0.6978,0.3489,0.3489,0,1.3957,0.3489,0,1.3957,1.3957,1.0467,0.3489,0.6978,0.6978,0.0001,0.0001,0,0.0001,0,0,0.0001,0,0,0,0,0.0001,0,0,0.0001,0.0001,0.0001,0,0,0,0.3168,0.3343,0.3168,0.3343,
0.8912,0.8912,0.8912,0.8912,0,0.8912,0.8912,0.4456,0,0.4456,0,1.3368,1.3368,0.4456,1.3368,0.8912,0,0.8912,0.4456,2.6735,0,0,0,0,0,0,0,0,0,0,0,0.0001,0.0001,0,0.0001,0,0,0,0,0.0001,0.2893,0.2651,0.2893,0.2651,
1.0603,3.1808,0,0,0.5301,1.0603,0,1.5904,0.5301,1.0603,1.5904,1.5904,1.0603,0.5301,2.1205,0,2.6507,0.5301,0,0,0,0.0001,0,0,0,0,0,0.0001,0,0,0.0001,0.0001,0,0,0.0001,0,0.0001,0,0,0,0.2374,0.2324,0.2374,0.2324,
1.5508,0,1.5508,0.7754,0.7754,0.7754,0.7754,1.1631,0.7754,0.3877,0,0,0,2.3261,1.5508,0,0,0.7754,0.3877,1.1631,0.0001,0,0.0001,0.0001,0.0001,0.0001,0.0001,0.0001,0.0001,0,0,0,0,0.0002,0.0001,0,0,0.0001,0,0.0001,0.2742,0.3381,0.2742,0.3381,
3.7333,0,0,0,1.4,0.9333,0.4667,1.4,1.4,2.3333,0.4667,0.9333,1.4,0.4667,0.4667,0.4667,1.4,1.4,0.4667,1.4,0.0002,0,0,0,0.0001,0.0001,0,0.0001,0.0001,0.0002,0,0.0001,0.0001,0,0,0,0.0001,0.0001,0,0.0001,0.296,0.2374,0.296,0.2374,
0,0.7616,1.5231,0.7616,0.3808,0.3808,1.5231,0.7616,1.5231,0.7616,0.7616,0.7616,1.1423,0.3808,0.3808,0.3808,0.7616,0.7616,1.1423,1.1423,0,0,0.0001,0,0,0,0.0001,0,0.0001,0,0,0,0.0001,0,0,0,0,0,0.0001,0.0001,0.3037,0.3156,0.3037,0.3156,
0.4182,0.8364,0.8364,0.8364,0,0.8364,1.2546,0.8364,0.4182,0.4182,0.4182,0.4182,0.8364,0.4182,1.2546,0,0.4182,0.4182,0.4182,1.6728,0,0.0001,0.0001,0.0001,0,0.0001,0.0001,0.0001,0,0,0,0,0.0001,0,0.0001,0,0,0,0,0.0001,0.3055,0.2763,0.3055,0.2763,
0.7818,0,0,0,0.7818,0,0,1.5637,0,1.5637,0,3.1274,2.3455,0,0,0.7818,1.5637,1.5637,0.7818,0.7818,0.0001,0,0,0,0.0001,0,0,0.0001,0,0.0001,0,0.0002,0.0002,0,0,0.0001,0.0001,0.0001,0.0001,0.0001,0.1079,0.1103,0.1079,0.1103,
0.8307,0.8307,0.4154,2.4922,1.6615,0,0.4154,2.0768,0.8307,0.4154,0.4154,0,0.4154,0,0,1.6615,1.6615,0.4154,0.8307,1.2461,0,0,0,0.0001,0.0001,0,0,0.0001,0,0,0,0,0,0,0,0.0001,0.0001,0,0,0.0001,0.2724,0.3122,0.2724,0.3122,
1.8374,0.7349,1.1024,0.7349,1.1024,0,0.7349,0,0.7349,0,0.3675,0.3675,0.7349,0.3675,1.1024,0.3675,0,1.1024,1.8374,2.5723,0.0001,0,0.0001,0,0.0001,0,0,0,0,0,0,0,0,0,0.0001,0,0,0.0001,0.0001,0.0001,0.332,0.3005,0.332,0.3005,
0,0.7384,0.7384,0,0,0,0.7384,0,0.7384,0,0,0,0,0,0.7384,1.4769,1.4769,1.4769,0,0,0,0.0001,0.0001,0,0,0,0.0001,0,0.0001,0,0,0,0,0,0.0001,0.0002,0.0002,0.0002,0,0,0.1305,0.1311,0.1305,0.1311,
1.0785,0.3595,0.3595,0.719,0.3595,0.719,0.719,0.3595,0.3595,1.7975,0.719,0.719,0.3595,0.719,2.157,1.438,1.0785,0.719,0.719,0.719,0.0001,0,0,0,0,0,0,0,0,0.0001,0,0,0,0,0.0001,0.0001,0.0001,0,0,0,0.3548,0.2857,0.3548,0.2857,
0,0.3449,0.3449,1.0347,0.6898,0.6898,0.3449,0.3449,1.3797,0.6898,0.3449,0.6898,0.3449,0.6898,1.7246,0.6898,2.0695,1.0347,0.6898,1.3797,0,0,0,0.0001,0.0001,0.0001,0,0,0.0001,0.0001,0,0.0001,0,0.0001,0.0001,0.0001,0.0002,0.0001,0.0001,0.0001,0.3215,0.3336,0.3215,0.3336,
0.7311,0,0,1.4622,0,0,0.7311,0,0.7311,0.7311,0,0,0,0.7311,0,0.7311,0,0.7311,0.7311,0,0.0001,0,0,0.0002,0,0,0.0001,0,0.0001,0.0001,0,0,0,0.0001,0,0.0001,0,0.0001,0.0001,0,0.1245,0.1443,0.1245,0.1443,
1.0255,0,1.0255,1.3673,1.7091,1.0255,0.3418,1.0255,0.3418,1.0255,1.0255,0.3418,0.3418,0.6836,1.0255,0.3418,0.3418,0.3418,1.3673,0.6836,0.0001,0,0.0001,0.0001,0.0001,0.0001,0,0.0001,0,0.0001,0.0001,0,0,0,0.0001,0,0,0,0.0001,0,0.3215,0.3367,0.3215,0.3367,
1.6747,0,0.5582,1.1165,1.6747,0.5582,0,2.233,0,2.7912,1.1165,0.5582,0,0.5582,0.5582,1.6747,1.6747,2.233,0,0,0.0001,0,0,0.0001,0.0001,0,0,0.0002,0,0.0002,0.0001,0,0,0,0,0.0001,0.0001,0.0002,0,0,0.1872,0.2545,0.1872,0.2545,
0.8155,0.8155,1.2232,0.4077,0,1.2232,1.2232,0.8155,1.2232,0.8155,0.4077,0.4077,1.6309,0.4077,0.8155,0.4077,0.4077,0.4077,1.6309,0.4077,0,0,0.0001,0,0,0.0001,0.0001,0,0.0001,0,0,0,0.0001,0,0,0,0,0,0.0001,0,0.2856,0.3067,0.2856,0.3067,
1.845,0,0.9225,0.4612,2.3062,0.9225,0,0.9225,0.4612,3.69,0.4612,0.4612,1.3837,0.4612,0.4612,0.9225,1.3837,1.3837,0.4612,0.4612,0.0001,0,0,0,0.0001,0,0,0,0,0.0002,0,0,0.0001,0,0,0,0.0001,0.0001,0,0,0.2541,0.2847,0.2541,0.2847,
0,1.3212,0.3303,1.6515,0,0.3303,0.9909,0.3303,3.6332,0.9909,0.9909,1.3212,0.9909,0.3303,0.6606,0,1.6515,0.3303,0,0.6606,0,0.0001,0,0.0001,0,0,0.0001,0,0.0002,0.0001,0.0001,0.0001,0.0001,0,0,0,0.0001,0,0,0,0.3409,0.3288,0.3409,0.3288,
1.5899,0,0.53,0.53,1.0599,2.1198,0,1.0599,0,3.7097,0.53,0,1.0599,0.53,1.0599,0.53,1.5899,2.6498,0,1.0599,0.0001,0,0,0,0.0001,0.0001,0,0.0001,0,0.0002,0,0,0.0001,0,0.0001,0,0.0001,0.0002,0,0.0001,0.2239,0.2462,0.2239,0.2462,
0,0.8574,0,0.8574,0.4287,0.8574,0,1.7148,1.2861,1.7148,0,0.8574,1.2861,1.2861,0.8574,0.4287,0.4287,1.2861,0.4287,1.2861,0,0,0,0,0,0,0,0.0001,0.0001,0.0001,0,0,0.0001,0.0001,0,0,0,0.0001,0,0.0001,0.2717,0.2996,0.2717,0.2996,
0.9563,0.4782,0.4782,0.9563,0,1.4345,0,1.4345,0.4782,1.4345,0,0.9563,0,0,1.4345,0.4782,0.4782,0,0.4782,0.4782,0.0001,0,0,0.0001,0,0.0001,0,0.0001,0,0.0001,0,0.0001,0,0,0.0001,0,0,0,0,0,0.2649,0.2569,0.2649,0.2569,
1.2162,0,0.6081,0,1.2162,0.6081,0.6081,0,1.2162,0,0,0,0,1.2162,0.6081,0.6081,0,0.6081,0,0,0.0002,0,0.0001,0,0.0002,0.0001,0.0001,0,0.0002,0,0,0,0,0.0002,0.0001,0.0001,0,0.0001,0,0,0.2268,0.1651,0.2268,0.1651,
0.3579,0.7158,1.0737,0.3579,0.7158,0.7158,1.0737,0,1.4316,1.0737,1.4316,0.3579,0.3579,0.3579,1.0737,0,1.4316,1.0737,1.0737,1.0737,0,0,0.0001,0,0,0,0.0001,0,0.0001,0.0001,0.0001,0,0,0,0.0001,0,0.0001,0.0001,0.0001,0.0001,0.334,0.3081,0.334,0.3081,
0.7548,0.3774,0.7548,0.3774,0.3774,0.3774,1.1322,1.5096,1.1322,0.3774,0.7548,0.3774,0.3774,0,1.1322,1.887,0.3774,0,1.5096,0.3774,0,0,0,0,0,0,0.0001,0.0001,0.0001,0,0,0,0,0,0.0001,0.0001,0,0,0.0001,0,0.3148,0.3078,0.3148,0.3078,
0,0,0.6563,0,0,1.9689,0.6563,1.3126,0,1.3126,0,0,0.6563,1.3126,0.6563,1.3126,1.3126,0.6563,0,0.6563,0,0,0.0001,0,0,0.0002,0.0001,0.0001,0,0.0001,0,0,0.0001,0.0001,0.0001,0.0001,0.0001,0.0001,0,0.0001,0.1789,0.1648,0.1789,0.1648,
2.5196,0,1.6798,0.8399,0.8399,0.4199,0,0.8399,0.4199,1.6798,1.2598,0.8399,0,1.2598,0.4199,1.6798,1.6798,1.6798,0,0.8399,0.0001,0,0.0001,0,0,0,0,0,0,0.0001,0.0001,0,0,0.0001,0,0.0001,0.0001,0.0001,0,0,0.3139,0.2662,0.3139,0.2662,
2.0719,1.0359,1.5539,0.518,1.5539,0,1.5539,0.518,0,0.518,0.518,1.5539,0.518,1.5539,0,0,0,0,1.5539,0,0.0001,0.0001,0.0001,0,0.0001,0,0.0001,0,0,0,0,0.0001,0,0.0001,0,0,0,0,0.0001,0,0.2335,0.2485,0.2335,0.2485,
0.4494,1.3482,0.4494,1.7977,1.7977,0,1.3482,1.7977,0.4494,2.6965,2.2471,0,0.4494,0,0.4494,2.6965,0,1.3482,0,0.4494,0,0.0001,0,0.0001,0.0001,0,0.0001,0.0001,0,0.0001,0.0001,0,0,0,0,0.0001,0,0.0001,0,0,0.3285,0.222,0.3285,0.222,
2.5791,0.6448,0,1.9343,3.2239,0,0,2.5791,0.6448,2.5791,1.2896,0,1.9343,0.6448,0,1.2896,0,3.2239,0,0.6448,0.0001,0,0,0.0001,0.0002,0,0,0.0001,0,0.0001,0.0001,0,0.0001,0,0,0.0001,0,0.0002,0,0,0.1539,0.2013,0.1539,0.2013,
0,3.0631,0.5105,1.021,1.021,2.5526,0,1.021,0.5105,0.5105,0,1.021,1.5316,0,0.5105,0.5105,1.021,0.5105,0.5105,0,0,0.0001,0,0,0,0.0001,0,0,0,0,0,0,0.0001,0,0,0,0,0,0,0,0.2562,0.2332,0.2562,0.2332,
2.6818,0,0.5364,0.5364,2.1454,1.0727,0,2.6818,1.0727,2.1454,0.5364,0,1.0727,0,0.5364,0.5364,0.5364,0,0,0.5364,0.0002,0,0,0,0.0002,0.0001,0,0.0002,0.0001,0.0002,0,0,0.0001,0,0,0,0,0,0,0,0.2398,0.2239,0.2398,0.2239,
0.7786,0.7786,2.3357,0.7786,0.3893,1.5571,0.7786,1.1678,0.7786,0.3893,0.7786,0.3893,1.1678,0.3893,0.3893,0.3893,0.7786,1.1678,0.3893,0.3893,0,0,0.0001,0,0,0.0001,0,0.0001,0,0,0,0,0.0001,0,0,0,0,0.0001,0,0,0.2854,0.3253,0.2854,0.3253,
0,0.7247,0,0,2.8989,0.7247,0.7247,2.1742,0,0.7247,0.7247,0.7247,0,0.7247,0,1.4495,1.4495,1.4495,0,0,0,0.0001,0,0,0.0002,0.0001,0.0001,0.0002,0,0.0001,0.0001,0.0001,0,0.0001,0,0.0001,0.0001,0.0001,0,0,0.175,0.1003,0.175,0.1003,
1.1883,0,1.1883,0.7922,0.3961,1.9805,0.3961,1.1883,1.1883,0.3961,0,1.5844,0.7922,0,0.3961,0.3961,1.1883,3.1689,0,1.9805,0.0001,0,0.0001,0,0,0.0001,0,0.0001,0.0001,0,0,0.0001,0,0,0,0,0.0001,0.0002,0,0.0001,0.305,0.2989,0.305,0.2989,
1.8561,0,0,0,1.8561,1.8561,0,3.0936,0.6187,4.331,0.6187,0.6187,0,0,0,1.2374,2.4749,0,0,0.6187,0.0001,0,0,0,0.0001,0.0001,0,0.0002,0,0.0002,0,0,0,0,0,0.0001,0.0001,0,0,0,0.1914,0.1899,0.1914,0.1899,
1.423,0.3558,1.423,1.423,2.4903,1.0673,1.423,0.3558,0.3558,0,0,0.3558,1.7788,0.7115,1.0673,0,0.7115,1.423,0.3558,0.3558,0.0001,0,0.0001,0.0001,0.0002,0.0001,0.0001,0,0,0,0,0,0.0001,0,0.0001,0,0,0.0001,0,0,0.2965,0.3477,0.2965,0.3477,
0.6642,0,1.3284,0.6642,0.6642,1.3284,0,0.6642,0.6642,0.6642,0,0,0,0.6642,0,1.3284,0,0.6642,0,0.6642,0.0001,0,0.0001,0.0001,0.0001,0.0001,0,0.0001,0.0001,0.0001,0,0,0,0.0001,0,0.0001,0,0.0001,0,0.0001,0.1951,0.1407,0.1951,0.1407,
0.3908,0.3908,0.7817,1.5633,0.7817,0.7817,0.3908,0.3908,1.1725,0.7817,0,0.3908,0.7817,0.7817,0.7817,0.7817,0.3908,1.5633,0.7817,1.1725,0,0,0.0001,0.0001,0.0001,0.0001,0,0,0.0001,0.0001,0,0,0.0001,0.0001,0.0001,0.0001,0,0.0001,0.0001,0.0001,0.3273,0.2819,0.3273,0.2819,
0.7872,1.1808,0.7872,0,0.7872,0.3936,1.1808,2.3617,0.7872,1.1808,0.7872,0.7872,1.968,1.5744,1.1808,1.1808,0,0,0.3936,0.7872,0,0.0001,0,0,0,0,0.0001,0.0001,0,0.0001,0,0,0.0001,0.0001,0.0001,0.0001,0,0,0,0,0.282,0.3244,0.282,0.3244,
0.3648,0,0.7296,1.4593,0.3648,1.0945,0.3648,1.0945,0.7296,0.3648,0.7296,2.5537,0.7296,1.4593,0.7296,0.7296,1.4593,1.8241,0.3648,1.0945,0,0,0.0001,0.0001,0,0.0001,0,0.0001,0.0001,0,0.0001,0.0002,0.0001,0.0001,0.0001,0.0001,0.0001,0.0001,0,0.0001,0.3297,0.3054,0.3297,0.3054,
0.624,0.624,0.9359,0.312,0.312,0.624,0.624,0.312,1.5599,1.2479,0.312,0.9359,0,0.312,1.2479,0.312,0.9359,0.624,1.5599,0.312,0,0,0.0001,0,0,0,0,0,0.0001,0.0001,0,0.0001,0,0,0.0001,0,0.0001,0,0.0001,0,0.3342,0.3538,0.3342,0.3538,
0.4162,0.8325,0,2.0812,0.4162,1.2487,1.2487,0.8325,0.4162,1.2487,0.4162,0.4162,1.2487,0,0.8325,0.4162,0.8325,0.8325,0.4162,0.4162,0,0.0001,0,0.0001,0,0.0001,0.0001,0.0001,0,0.0001,0,0,0.0001,0,0.0001,0,0.0001,0.0001,0,0,0.3701,0.2137,0.3701,0.2137,
4.1017,0,0.5127,0.5127,2.5636,0,0,1.5382,0.5127,3.589,0.5127,0,2.5636,0.5127,0.5127,0.5127,1.0254,3.589,0.5127,0.5127,0.0002,0,0,0,0.0001,0,0,0.0001,0,0.0002,0,0,0.0001,0,0,0,0.0001,0.0002,0,0,0.254,0.2333,0.254,0.2333,
0.4255,2.9784,1.2764,0,0.4255,0.851,0.851,0.851,0.851,0.851,0.851,0,0.4255,0.851,1.2764,2.1274,1.2764,0.851,0.4255,0,0,0.0001,0,0,0,0,0,0,0,0,0,0,0,0,0,0.0001,0,0,0,0,0.2964,0.2781,0.2964,0.2781,
0,2.0175,1.0088,0.5044,0.5044,0.5044,0.5044,1.5131,1.5131,1.0088,1.0088,1.0088,1.5131,0,0.5044,0.5044,1.0088,0.5044,0,0.5044,0,0.0001,0,0,0,0,0,0.0001,0.0001,0,0,0,0.0001,0,0,0,0,0,0,0,0.2125,0.2831,0.2125,0.2831,
0.8688,1.7376,0,0.4344,0,0.4344,1.3032,0.4344,2.1721,2.6065,0.4344,0.4344,0.8688,0.4344,0,0.4344,0.8688,1.3032,0.8688,0.8688,0,0.0001,0,0,0,0,0.0001,0,0.0001,0.0001,0,0,0,0,0,0,0,0.0001,0,0,0.2578,0.3078,0.2578,0.3078,
1.0592,1.0592,0.7061,0.7061,0.7061,0,1.7654,0.3531,1.0592,0.3531,0,0.3531,0.3531,0.3531,0.7061,1.4123,0.7061,0.7061,1.4123,1.0592,0.0001,0.0001,0,0,0,0,0.0001,0,0.0001,0,0,0,0,0,0,0.0001,0,0,0.0001,0.0001,0.3275,0.3195,0.3275,0.3195,
1.4684,1.1013,1.1013,0.3671,0,0.7342,1.4684,0.7342,0.7342,0.7342,1.1013,0.3671,1.1013,1.4684,1.1013,0.7342,1.1013,0.7342,0.7342,1.1013,0.0001,0.0001,0.0001,0,0,0,0.0001,0,0,0,0.0001,0,0.0001,0.0001,0.0001,0,0.0001,0,0,0.0001,0.3038,0.3291,0.3038,0.3291,
1.4701,1.1025,0.735,0.3675,0.3675,0.3675,0.3675,0.3675,0.3675,1.1025,0.3675,1.4701,0,1.1025,1.4701,1.8376,0.3675,0.3675,2.5726,0.3675,0.0001,0.0001,0,0,0,0,0,0,0,0.0001,0,0.0001,0,0.0001,0.0001,0.0001,0,0,0.0001,0,0.3018,0.3307,0.3018,0.3307,
1.82,0.455,0,0.91,0.455,0.91,0.455,0.91,0.91,0.455,0.91,0,1.82,0.91,0.91,0.91,0.91,0,1.82,0.455,0.0001,0,0,0.0001,0,0.0001,0,0.0001,0.0001,0,0.0001,0,0.0001,0.0001,0.0001,0.0001,0.0001,0,0.0001,0,0.2904,0.2546,0.2904,0.2546,
2.4687,0,1.2344,0.4115,2.0573,0.4115,0.4115,2.8802,0.8229,2.4687,0.4115,0.4115,1.6458,0.4115,0.4115,1.2344,1.2344,0.4115,0.4115,0.4115,0.0001,0,0.0001,0,0.0001,0,0,0.0002,0,0.0001,0,0,0.0001,0,0,0.0001,0.0001,0,0,0,0.276,0.3125,0.276,0.3125,
0.3723,1.1168,0.3723,0.3723,0,0.7445,0.3723,0.7445,2.2335,0.3723,0.3723,0.3723,0.3723,0.7445,2.2335,0.3723,0.3723,2.2335,0,0,0,0.0001,0,0,0,0.0001,0,0.0001,0.0002,0,0,0,0,0.0001,0.0002,0,0,0.0002,0,0,0.3219,0.3058,0.3219,0.3058,
0.9777,0.9777,1.3036,1.3036,1.6295,0.3259,1.3036,0.6518,0.3259,0.3259,0.9777,0.6518,0.3259,0.9777,1.3036,0.3259,0.6518,0.6518,0.6518,0.3259,0,0,0.0001,0.0001,0.0001,0,0.0001,0,0,0,0,0,0,0,0.0001,0,0,0,0,0,0.3294,0.3447,0.3294,0.3447,
0.4618,0,0.4618,0.9236,0,2.309,0.4618,1.3854,0.9236,0,0.4618,0.9236,1.3854,0.4618,0,1.3854,0.4618,0.4618,0.4618,0.9236,0,0,0,0.0001,0,0.0002,0,0.0001,0.0001,0,0,0.0001,0.0001,0,0,0.0001,0,0,0,0.0001,0.2667,0.2715,0.2667,0.2715,
0,0.7023,0.7023,0.7023,1.4046,0,0,2.1068,0.7023,0,0,0.7023,0.7023,0.7023,0,0.7023,0,0.7023,0,0,0,0.0001,0.0001,0.0001,0.0001,0,0,0.0002,0.0001,0,0,0.0001,0.0001,0.0001,0,0.0001,0,0.0001,0,0,0.1378,0.1599,0.1378,0.1599,
1.853,1.3897,0.9265,0,1.853,1.853,0.4632,1.3897,1.3897,1.3897,1.3897,0.4632,0,0.9265,0,0.9265,0,0.4632,1.3897,0.9265,0.0001,0.0001,0,0,0.0001,0.0001,0,0.0001,0.0001,0.0001,0.0001,0,0,0,0,0,0,0,0.0001,0,0.3051,0.2316,0.3051,0.2316,
0.6786,1.3573,0,1.3573,0.3393,0.6786,1.6966,0,0.6786,1.3573,0.3393,0.3393,0.6786,0.6786,2.0359,0.3393,1.3573,1.018,0,0.6786,0,0.0001,0,0.0001,0,0,0.0001,0,0,0.0001,0,0,0,0,0.0001,0,0.0001,0.0001,0,0,0.3252,0.3355,0.3252,0.3355,
0,1.1952,0,0.7968,0,0.7968,0.3984,1.1952,3.5857,0,0.7968,0.3984,1.1952,0.7968,1.1952,0.3984,0,1.992,0,0,0,0.0001,0,0.0001,0,0.0001,0,0.0001,0.0002,0,0.0001,0,0.0001,0.0001,0.0001,0,0,0.0001,0,0,0.3294,0.2722,0.3294,0.2722,
0,0.4439,0,1.7758,0.4439,0,0,0.4439,0.8879,0,0.4439,0.8879,0.4439,0.4439,1.3318,0.8879,0.8879,1.3318,1.3318,0.8879,0,0,0,0.0001,0,0,0,0,0.0001,0,0,0.0001,0,0,0.0001,0.0001,0.0001,0.0001,0.0001,0.0001,0.2861,0.27,0.2861,0.27,
1.6865,0,0,0.3373,0.6746,1.0119,0.6746,0,1.6865,1.0119,0.6746,0,0.3373,0.6746,3.373,0.6746,1.0119,1.0119,0,0,0.0001,0,0,0,0.0001,0.0001,0.0001,0,0.0001,0.0001,0.0001,0,0,0.0001,0.0003,0.0001,0.0001,0.0001,0,0,0.352,0.3107,0.352,0.3107,
0,0.3589,1.4355,1.7944,0.3589,0.7177,0.7177,0.3589,0.3589,0.7177,0.7177,1.4355,1.4355,1.0766,0.3589,1.0766,0,0.3589,1.4355,0.7177,0,0,0.0001,0.0001,0,0,0,0,0,0,0,0.0001,0.0001,0.0001,0,0.0001,0,0,0.0001,0,0.3265,0.3147,0.3265,0.3147,
2.6724,0,0.7635,1.1453,0,0.7635,1.1453,0,0.7635,0.7635,0.7635,0,0.7635,1.5271,1.5271,1.9088,1.9088,0.7635,0,0.3818,0.0002,0,0.0001,0.0001,0,0.0001,0.0001,0,0.0001,0.0001,0.0001,0,0.0001,0.0001,0.0001,0.0002,0.0002,0.0001,0,0,0.314,0.3043,0.314,0.3043,
1.5233,0.3808,0,1.1425,0,1.1425,0.3808,0,1.1425,0.3808,0.7617,0.7617,0.7617,0.7617,1.1425,1.1425,2.6658,0.3808,1.5233,2.285,0.0001,0,0,0.0001,0,0.0001,0,0,0.0001,0,0,0,0,0,0.0001,0.0001,0.0002,0,0.0001,0.0001,0.3255,0.2937,0.3255,0.2937,
2.9668,2.3734,1.1867,0.5934,0.5934,0,0,0.5934,0,1.7801,0,0.5934,0,1.1867,0,1.1867,1.1867,0,1.1867,1.7801,0.0001,0.0001,0,0,0,0,0,0,0,0.0001,0,0,0,0,0,0,0,0,0,0.0001,0.2068,0.1998,0.2068,0.1998,
0,1.0942,0.3647,1.0942,0.3647,0.3647,0.7295,0.7295,2.9179,1.459,0.3647,1.459,1.0942,0.7295,0.7295,1.459,0.7295,1.459,0,0.3647,0,0.0001,0,0.0001,0,0,0,0,0.0002,0.0001,0,0.0001,0.0001,0,0,0.0001,0,0.0001,0,0,0.3552,0.28,0.3552,0.28,
0.3641,1.0923,0.3641,0.7282,0,1.0923,2.1845,0,1.0923,1.0923,1.0923,0.3641,0.3641,0.7282,1.0923,1.0923,1.0923,0.7282,0.7282,0.7282,0,0.0001,0,0,0,0.0001,0.0001,0,0.0001,0.0001,0.0001,0,0,0,0.0001,0.0001,0.0001,0,0,0,0.3054,0.3305,0.3054,0.3305,
0,1.4515,0,1.4515,0,0,0,0.7258,0,0,1.4515,0,0,0,0,0.7258,1.4515,0,0.7258,0,0,0.0001,0,0.0001,0,0,0,0.0001,0,0,0.0001,0,0,0,0,0.0001,0.0001,0,0.0001,0,0.134,0.1402,0.134,0.1402,
1.5542,0,0.7771,0.7771,0.7771,0,0,0,0,0.7771,0.7771,0,0.7771,0,0,0.7771,1.5542,0,0,0,0.0002,0,0.0001,0.0001,0.0001,0,0,0,0,0.0001,0.0001,0,0.0001,0,0,0.0001,0.0002,0,0,0,0.1202,0.1027,0.1202,0.1027,
0,0.5403,1.0807,1.0807,0,0,1.0807,0.5403,2.1614,1.0807,2.7017,0,1.0807,1.621,0,1.0807,1.621,0.5403,0.5403,0,0,0,0.0001,0.0001,0,0,0.0001,0,0.0002,0.0001,0.0002,0,0.0001,0.0001,0,0.0001,0.0001,0,0,0,0.2166,0.2431,0.2166,0.2431,
1.6696,0.8348,0.8348,0.8348,0.4174,1.2522,0,0.8348,0.8348,0.8348,2.087,1.2522,1.2522,1.2522,0.4174,0,1.2522,2.087,0.4174,1.6696,0.0001,0,0,0,0,0.0001,0,0,0,0,0.0001,0.0001,0.0001,0.0001,0,0,0.0001,0.0001,0,0.0001,0.2782,0.3044,0.2782,0.3044,
1.0825,0,1.0825,0.5412,0,0,0,0.5412,0.5412,0,0.5412,0,1.0825,0.5412,1.0825,0.5412,1.0825,0,1.6237,1.6237,0.0001,0,0.0001,0.0001,0,0,0,0.0001,0.0001,0,0.0001,0,0.0001,0.0001,0.0001,0.0001,0.0001,0,0.0002,0.0002,0.1892,0.2696,0.1892,0.2696,
1.325,2.2084,1.325,0.4417,0.8834,1.325,0,0.4417,0,0.4417,0.4417,0.8834,0.8834,1.325,0.8834,0.8834,0.8834,0.8834,1.325,0.4417,0,0.0001,0,0,0,0,0,0,0,0,0,0,0,0,0,0,0,0,0,0,0.264,0.2944,0.264,0.2944,
1.0321,0,0,1.0321,2.5803,0.5161,0,1.5482,2.0643,2.0643,0.5161,0,1.5482,0,0.5161,0.5161,2.0643,1.5482,0,0.5161,0.0001,0,0,0.0001,0.0002,0,0,0.0001,0.0002,0.0002,0,0,0.0001,0,0,0,0.0002,0.0001,0,0,0.2283,0.2556,0.2283,0.2556,
0.6433,0,0.6433,0.6433,0,0.6433,0,1.2866,0.6433,1.9299,0.6433,1.9299,0.6433,0,0,1.2866,0,0.6433,0,0,0,0,0,0,0,0,0,0.0001,0,0.0001,0,0.0001,0,0,0,0.0001,0,0,0,0,0.1803,0.1764,0.1803,0.1764,
1.4509,0,0.4836,0,1.4509,0.9672,0.4836,2.4181,0,1.4509,0.9672,0,0.9672,0.9672,1.4509,1.4509,1.9345,1.4509,0.4836,0.4836,0.0001,0,0,0,0.0001,0.0001,0,0.0001,0,0.0001,0.0001,0,0.0001,0.0001,0.0001,0.0001,0.0001,0.0001,0,0,0.2454,0.2709,0.2454,0.2709,
0.7105,0,1.421,0,0,0,0,0.7105,2.1315,1.421,0,0,0,0,0,0,0.7105,0,0,0,0.0001,0,0.0002,0,0,0,0,0.0001,0.0003,0.0002,0,0,0,0,0,0,0.0001,0,0,0,0.1475,0.142,0.1475,0.142,
0,2.5674,0.5135,0,0,1.027,1.5404,0.5135,0,1.027,1.027,2.0539,0.5135,0,0.5135,0.5135,0.5135,1.027,1.027,0.5135,0,0.0001,0,0,0,0,0.0001,0,0,0,0,0.0001,0,0,0,0,0,0,0,0,0.2225,0.2641,0.2225,0.2641,
0,1.5899,0,1.9874,0.3975,1.1924,0.3975,0.7949,1.1924,0.3975,1.1924,0.7949,0.3975,1.1924,0.7949,1.5899,2.3848,0,0.7949,0.3975,0,0.0001,0,0.0001,0,0.0001,0,0,0.0001,0,0.0001,0,0,0.0001,0,0.0001,0.0001,0,0,0,0.3221,0.2804,0.3221,0.2804,
0.887,0.4435,0.887,1.3305,0.887,1.3305,0.887,0.4435,0,0.4435,0.887,2.2175,0.4435,1.3305,0.4435,0.887,0,0.4435,0.887,0.887,0,0,0,0.0001,0,0.0001,0,0,0,0,0,0.0001,0,0.0001,0,0,0,0,0,0,0.2784,0.2781,0.2784,0.2781,
0.3945,1.9726,0.3945,0.7891,0.3945,0.7891,1.5781,0.3945,1.1836,0,1.5781,0.3945,1.1836,0.3945,1.5781,0,0.3945,0.3945,0,1.5781,0,0.0001,0,0,0,0,0.0001,0,0.0001,0,0.0001,0,0.0001,0,0.0001,0,0,0,0,0.0001,0.3042,0.3012,0.3042,0.3012,
0,1.4965,1.8706,0.3741,0.7483,1.8706,0.7483,0,0.7483,0.3741,0.7483,0.7483,1.1224,0,1.4965,1.1224,0.7483,1.4965,0,0.3741,0,0.0001,0.0001,0,0,0.0001,0,0,0,0,0,0,0.0001,0,0.0001,0.0001,0,0.0001,0,0,0.3194,0.3065,0.3194,0.3065,
0.8148,0,0,0,1.6296,1.6296,0,0,0,0,0.8148,0,0.8148,0,0.8148,1.6296,0,0,0,0,0.0001,0,0,0,0.0002,0.0002,0,0,0,0,0.0001,0,0.0001,0,0.0001,0.0002,0,0,0,0,0.0922,0.093,0.0922,0.093,
0,0,0.6948,0.3474,0.3474,1.0422,0.6948,0.3474,2.0843,0.6948,0.6948,0.6948,0.3474,1.0422,3.4739,1.3896,1.0422,1.0422,0,0.3474,0,0,0.0001,0,0,0.0001,0.0001,0,0.0002,0.0001,0.0001,0.0001,0,0.0001,0.0003,0.0001,0.0001,0.0001,0,0,0.3086,0.344,0.3086,0.344,
2.1727,0,1.0864,0,1.6295,2.1727,0,2.1727,0,1.6295,1.0864,0.5432,0,0,0.5432,1.6295,1.0864,1.0864,1.0864,0,0.0001,0,0.0001,0,0.0001,0.0001,0,0.0001,0,0.0001,0.0001,0,0,0,0,0.0001,0.0001,0.0001,0.0001,0,0.2757,0.1811,0.2757,0.1811,
2.2141,2.2141,1.1071,0.738,0.738,0.738,0.738,0.369,0.369,1.1071,1.4761,0.738,0.369,0,0.738,0,0.738,0.738,1.4761,1.4761,0.0001,0.0001,0,0,0,0,0,0,0,0,0.0001,0,0,0,0,0,0,0,0.0001,0.0001,0.3504,0.2806,0.3504,0.2806,
0,0,0.6605,0,0,1.3209,0.6605,1.3209,0.6605,0,0,0,0.6605,0,0.6605,0,0,0,0.6605,0,0,0,0.0001,0,0,0.0002,0.0001,0.0002,0.0001,0,0,0,0.0001,0,0.0001,0,0,0,0.0001,0,0.1557,0.1838,0.1557,0.1838,
1.0327,0,1.0327,1.0327,1.0327,1.3769,0.3442,0,1.7211,0,1.0327,2.0653,1.3769,0.3442,2.4095,1.3769,0.6884,0,0,0,0.0001,0,0.0001,0.0001,0.0001,0.0001,0,0,0.0001,0,0.0001,0.0001,0.0001,0,0.0002,0.0001,0,0,0,0,0.3847,0.2711,0.3847,0.2711,
1.5979,0,0.6392,0,0.3196,0.6392,0.9587,0.9587,3.1958,0.3196,0.6392,0.3196,0.9587,0,1.5979,1.2783,0.6392,0.6392,0.3196,0.6392,0.0001,0,0,0,0,0,0.0001,0.0001,0.0002,0,0,0,0.0001,0,0.0001,0.0001,0,0,0,0,0.3193,0.3611,0.3193,0.3611,
0,0,0.7195,0,0,0.7195,0,0,0.7195,2.1585,2.1585,0,1.439,0,0.7195,0,0.7195,0.7195,0,0.7195,0,0,0.0001,0,0,0.0001,0,0,0.0001,0.0003,0.0003,0,0.0002,0,0.0001,0,0.0001,0.0001,0,0.0001,0.1363,0.1441,0.1363,0.1441,
0.9309,0.4655,0.4655,0.4655,0,0,0.4655,0,0.9309,0.4655,0.4655,0.9309,0.9309,1.3964,0.9309,0.4655,1.8618,1.8618,0.4655,0.9309,0.0001,0,0,0,0,0,0,0,0.0001,0,0,0.0001,0.0001,0.0001,0.0001,0,0.0002,0.0002,0,0.0001,0.2469,0.2876,0.2469,0.2876,
1.5779,0,0,0.789,0.789,2.7613,0.789,1.9724,1.1834,1.9724,0.3945,1.1834,0.3945,0.3945,0.3945,1.1834,1.1834,0.3945,0.3945,0.789,0.0001,0,0,0,0,0.0002,0,0.0001,0.0001,0.0001,0,0.0001,0,0,0,0.0001,0.0001,0,0,0,0.2574,0.3481,0.2574,0.3481,
0,0.7913,0,0.7913,1.5827,0,0,0,0,0.7913,0,0.7913,0,0,0,1.5827,0.7913,0.7913,0.7913,0,0,0.0001,0,0.0001,0.0001,0,0,0,0,0.0001,0,0.0001,0,0,0,0.0001,0.0001,0.0001,0.0001,0,0.1013,0.1074,0.1013,0.1074,
1.0548,0.3516,0,1.758,1.0548,0.3516,1.758,1.0548,0.3516,0.3516,1.0548,0.3516,0.3516,1.758,0.7032,0.3516,1.0548,0.7032,1.758,1.0548,0.0001,0,0,0.0001,0.0001,0,0.0001,0.0001,0,0,0.0001,0,0,0.0001,0,0,0.0001,0,0.0001,0.0001,0.3256,0.3228,0.3256,0.3228,
0,0,0.551,0.551,3.3058,1.1019,0.551,1.1019,0.551,1.6529,0.551,1.1019,0.551,0.551,0,0,1.1019,0,1.1019,2.2039,0,0,0,0,0.0002,0.0001,0,0.0001,0,0.0001,0,0.0001,0,0,0,0,0.0001,0,0.0001,0.0001,0.2006,0.2485,0.2006,0.2485,
1.0581,0,1.0581,1.0581,2.6452,0,1.5871,1.0581,0.529,1.0581,0.529,0.529,0.529,1.0581,0.529,0,0.529,0.529,0.529,0.529,0.0001,0,0.0001,0.0001,0.0002,0,0.0001,0.0001,0,0.0001,0,0,0,0.0001,0,0,0,0,0,0,0.2688,0.2021,0.2688,0.2021,
1.5517,1.5517,1.5517,1.0345,0,0,0.5172,2.0689,1.0345,0.5172,1.5517,0,0.5172,0,0,0.5172,0,0.5172,0.5172,1.0345,0.0001,0.0001,0.0001,0,0,0,0,0.0001,0,0,0.0001,0,0,0,0,0,0,0,0,0,0.227,0.2557,0.227,0.2557,
2.9272,0.8363,0.4182,1.6727,0.4182,0.4182,0.8363,2.0908,1.2545,1.2545,0.8363,0,0,0.8363,0.8363,0.4182,2.0908,3.3453,0,0.4182,0.0002,0,0,0.0001,0,0,0,0.0001,0.0001,0.0001,0,0,0,0,0,0,0.0001,0.0002,0,0,0.3159,0.266,0.3159,0.266,
0,0.8792,0.4396,0.4396,0,2.1979,0.4396,0.4396,0.4396,1.7583,0.8792,0.8792,1.3187,0,1.7583,0.4396,1.7583,0,0,0.4396,0,0.0001,0,0,0,0.0001,0,0,0,0.0001,0.0001,0.0001,0.0001,0,0.0001,0,0.0001,0,0,0,0.3041,0.2563,0.3041,0.2563,
0.8575,2.1437,0.4287,0.4287,1.2862,1.2862,1.2862,1.2862,1.2862,1.2862,0.4287,0.8575,1.715,0.8575,0,2.1437,0.8575,1.2862,0.4287,0.4287,0,0.0001,0,0,0,0,0,0,0,0,0,0,0.0001,0,0,0.0001,0,0,0,0,0.3081,0.2632,0.3081,0.2632,
0.721,0,0,0.721,0.721,0,0.721,0,0,0.721,1.442,0.721,0.721,0.721,0.721,0,0.721,0.721,0,0,0.0001,0,0,0.0001,0.0001,0,0.0001,0,0,0.0001,0.0002,0.0001,0.0001,0.0001,0.0001,0,0.0001,0.0001,0,0,0.122,0.157,0.122,0.157,
0,1.4781,0,1.4781,1.1086,1.1086,0.739,0,1.1086,1.8476,0.3695,1.1086,0.3695,0.3695,1.1086,1.1086,0.739,0.739,0.3695,0.739,0,0.0001,0,0.0001,0.0001,0.0001,0,0,0.0001,0.0001,0,0.0001,0,0,0.0001,0.0001,0,0,0,0,0.3549,0.2755,0.3549,0.2755,
1.629,1.2218,0.4073,0.8145,1.2218,0.8145,1.2218,0.4073,1.629,0.4073,1.629,0.8145,1.2218,0.8145,0.8145,1.2218,0.4073,0.4073,0,0.4073,0.0001,0.0001,0,0,0.0001,0,0.0001,0,0.0001,0,0.0001,0,0.0001,0,0,0.0001,0,0,0,0,0.3039,0.2888,0.3039,0.2888,
1.2242,0,0,0.4081,0,0.8161,0.8161,1.2242,0.8161,0,1.6323,1.2242,0.8161,0.4081,0.8161,0.8161,0.8161,1.2242,1.2242,0.8161,0.0001,0,0,0,0,0.0001,0.0001,0.0001,0.0001,0,0.0001,0.0001,0.0001,0,0.0001,0.0001,0.0001,0.0001,0.0001,0.0001,0.2883,0.3036,0.2883,0.3036,
1.8304,0,0.7322,2.9287,1.4644,1.0983,0,0.3661,1.0983,1.0983,0.7322,0.3661,0,0.3661,0,2.1965,0.3661,0,0,0.7322,0.0001,0,0,0.0002,0.0001,0.0001,0,0,0.0001,0.0001,0,0,0,0,0,0.0001,0,0,0,0,0.3277,0.3062,0.3277,0.3062,
0.3854,0,0,1.9272,0.7709,0.3854,0.3854,0.3854,0.3854,1.5418,0.7709,0.7709,1.5418,0.7709,2.3127,0.7709,0.7709,0,0,1.1563,0,0,0,0.0002,0.0001,0,0,0,0,0.0001,0.0001,0.0001,0.0001,0.0001,0.0002,0.0001,0.0001,0,0,0.0001,0.315,0.2996,0.315,0.2996,
1.1462,1.5283,0.7642,0.7642,1.9104,0.7642,1.1462,0,1.1462,1.1462,0.3821,0.3821,0,1.1462,0.3821,0.3821,2.2925,0.3821,0,1.1462,0,0.0001,0,0,0.0001,0,0,0,0,0,0,0,0,0,0,0,0.0001,0,0,0,0.3037,0.3142,0.3037,0.3142,
5.0769,0,0.4615,0.4615,1.3846,2.7692,0,1.8462,1.3846,0.9231,0.9231,0,0,0,0,0.9231,1.3846,1.3846,0.4615,0,0.0003,0,0,0,0.0001,0.0002,0,0.0001,0.0001,0.0001,0.0001,0,0,0,0,0.0001,0.0001,0.0001,0,0,0.2407,0.2977,0.2407,0.2977,
0,3.396,0,1.132,1.698,2.83,0,1.132,0.566,1.132,1.132,0,1.132,0,0,1.132,0.566,1.132,0.566,0,0,0.0001,0,0,0.0001,0.0001,0,0,0,0,0,0,0,0,0,0,0,0,0,0,0.2192,0.2148,0.2192,0.2148,
0,1.1401,0,0.7601,0,0.7601,0.38,1.1401,2.2802,0,0.7601,0.7601,0.7601,1.1401,1.9002,0.38,0,1.9002,0,0,0,0.0001,0,0,0,0,0,0.0001,0.0001,0,0,0,0,0.0001,0.0001,0,0,0.0001,0,0,0.3259,0.2941,0.3259,0.2941,
1.824,0.456,0.456,0,0.912,0.456,2.28,0.912,0,0,0,0.456,1.368,0.456,1.824,0,0,0.456,0.912,0.912,0.0001,0,0,0,0.0001,0,0.0002,0.0001,0,0,0,0,0.0001,0,0.0001,0,0,0,0.0001,0.0001,0.3006,0.2434,0.3006,0.2434,
0.4339,0.8678,1.3016,0,0.8678,0.8678,0.4339,4.3388,0.4339,0.4339,1.3016,0.4339,0.8678,0.4339,0.8678,1.7355,1.3016,1.3016,0.4339,1.7355,0,0,0.0001,0,0,0,0,0.0002,0,0,0.0001,0,0,0,0,0.0001,0.0001,0.0001,0,0.0001,0.2875,0.2787,0.2875,0.2787,
1.7451,0,0.5817,0,1.7451,1.7451,0,0.5817,0,2.3268,1.1634,0,0,0,0.5817,2.9085,0.5817,2.3268,1.1634,0,0.0001,0,0,0,0.0001,0.0001,0,0,0,0.0001,0.0001,0,0,0,0,0.0002,0,0.0001,0.0001,0,0.2501,0.1682,0.2501,0.1682,
0.7504,0.3752,0.3752,2.6264,0.3752,0.3752,0.3752,1.5008,2.2512,1.5008,0.3752,0.7504,0.3752,1.1256,1.1256,1.876,0.7504,0.3752,0.7504,0,0,0,0,0.0002,0,0,0,0.0001,0.0001,0.0001,0,0,0,0.0001,0.0001,0.0001,0,0,0,0,0.3101,0.3146,0.3101,0.3146,
1.4324,0.4775,0.4775,0.955,0.955,0.4775,0.4775,1.9099,0.4775,0.4775,1.9099,1.9099,1.9099,0.4775,0.955,0.955,0.955,0.955,0,0,0.0001,0,0,0.0001,0.0001,0,0,0.0001,0,0,0.0001,0.0001,0.0001,0,0.0001,0.0001,0.0001,0.0001,0,0,0.2424,0.2801,0.2424,0.2801,
1.638,0,0,0,0.6552,0.9828,0.3276,0.3276,1.9656,0.6552,0.6552,0.3276,0.3276,0.3276,3.9313,0.6552,0.9828,0.9828,0,0,0.0001,0,0,0,0.0001,0.0001,0,0,0.0002,0.0001,0.0001,0,0,0,0.0003,0.0001,0.0001,0.0001,0,0,0.317,0.3554,0.317,0.3554,
0.8399,1.2598,0.4199,0.8399,0.4199,0.4199,0,1.2598,1.2598,1.2598,0,1.6797,0.4199,2.0997,0.4199,0.4199,1.2598,1.2598,0.8399,1.6797,0,0.0001,0,0,0,0,0,0.0001,0.0001,0.0001,0,0.0001,0,0.0001,0,0,0.0001,0.0001,0,0.0001,0.2601,0.3199,0.2601,0.3199,
0,0.3935,0.7871,0.7871,0.3935,0.3935,1.1806,1.5741,1.5741,0.7871,1.9676,0.3935,1.5741,0,0.3935,0.3935,0,1.1806,0.7871,0.3935,0,0,0.0001,0.0001,0,0,0.0001,0.0001,0.0001,0.0001,0.0001,0,0.0001,0,0,0,0,0.0001,0.0001,0,0.3205,0.286,0.3205,0.286,
0.7738,2.3214,1.1607,0.7738,0.3869,0.7738,0.7738,0.3869,1.1607,1.1607,1.1607,0,1.1607,1.5476,0.3869,1.1607,1.1607,1.5476,0.7738,0.7738,0,0.0001,0,0,0,0,0,0,0,0,0,0,0,0.0001,0,0,0,0.0001,0,0,0.35,0.2631,0.35,0.2631,
1.2357,0.8238,1.2357,1.2357,1.2357,0.4119,2.0596,0.4119,0,0.4119,0.8238,0,0.8238,1.2357,0.8238,0.8238,0.8238,0,0,0.8238,0.0001,0.0001,0.0001,0.0001,0.0001,0,0.0001,0,0,0,0.0001,0,0.0001,0.0001,0.0001,0.0001,0.0001,0,0,0.0001,0.305,0.2831,0.305,0.2831,
1.553,0,0,0.5177,2.0706,1.553,0,0.5177,1.0353,1.553,1.0353,0.5177,1.0353,0.5177,1.0353,3.6236,1.553,1.553,0,0,0.0001,0,0,0,0.0001,0.0001,0,0,0.0001,0.0001,0.0001,0,0.0001,0,0.0001,0.0002,0.0001,0.0001,0,0,0.2193,0.263,0.2193,0.263,
0.5855,0,0.5855,0.5855,1.171,0.5855,0,0.5855,1.171,0,0,1.171,0.5855,0,0.5855,0.5855,0,0.5855,0.5855,1.171,0,0,0,0,0.0001,0,0,0,0.0001,0,0,0.0001,0,0,0,0,0,0,0,0.0001,0.2528,0.1617,0.2528,0.1617,
0,0.6878,1.7195,0.3439,0.6878,0.6878,0.3439,0.3439,0.6878,1.0317,1.7195,0,0.6878,1.0317,1.0317,0.6878,1.3756,0.3439,1.7195,0.3439,0,0,0.0001,0,0,0,0,0,0,0.0001,0.0001,0,0,0.0001,0.0001,0,0.0001,0,0.0001,0,0.3338,0.3223,0.3338,0.3223,
1.3573,0.4524,0.9048,0,1.3573,0.4524,1.3573,0,0.9048,1.3573,0,1.3573,1.3573,0.9048,0.4524,2.7145,0.4524,0.4524,0.9048,0,0.0001,0,0,0,0.0001,0,0.0001,0,0,0.0001,0,0.0001,0.0001,0,0,0.0001,0,0,0,0,0.2888,0.2588,0.2888,0.2588,
0.3816,1.1449,0.3816,0,0,0.7633,0.3816,1.5265,2.2898,0,0.7633,0.3816,0.3816,0.7633,2.2898,1.1449,0,1.9082,0,0,0,0.0001,0,0,0,0.0001,0,0.0001,0.0002,0,0.0001,0,0,0.0001,0.0002,0.0001,0,0.0001,0,0,0.3046,0.3137,0.3046,0.3137,
2.6428,0.4405,0.4405,0.8809,0.4405,1.7618,1.3214,0.8809,0,1.3214,0.8809,0,0.4405,1.7618,0.8809,0,0.4405,0.4405,0,0.8809,0.0002,0,0,0.0001,0,0.0001,0.0001,0.0001,0,0.0001,0.0001,0,0,0.0001,0.0001,0,0,0,0,0.0001,0.2714,0.2881,0.2714,0.2881,
2.0677,0.4135,0.4135,0.4135,0,0.4135,1.6541,0.4135,1.2406,0.4135,0.8271,0.4135,0.4135,0.4135,0.8271,1.2406,0.8271,0.8271,0.8271,1.2406,0.0001,0,0,0,0,0,0.0001,0,0.0001,0,0.0001,0,0,0,0.0001,0.0001,0.0001,0.0001,0.0001,0.0001,0.2722,0.3143,0.2722,0.3143,
0.5664,0,0,1.1328,1.1328,0.5664,2.2656,1.1328,0,0,0.5664,0,0.5664,1.6992,0,1.6992,0.5664,2.2656,0,0.5664,0,0,0,0.0001,0.0001,0,0.0002,0.0001,0,0,0,0,0,0.0001,0,0.0001,0,0.0002,0,0,0.1918,0.2418,0.1918,0.2418,
0.3881,0,0.7762,0.7762,0,1.9406,0.3881,1.1644,0.3881,0.7762,1.1644,0.7762,0.3881,0.7762,1.1644,0.3881,0,0,1.5525,0,0,0,0.0001,0.0001,0,0.0001,0,0.0001,0,0.0001,0.0001,0.0001,0,0.0001,0.0001,0,0,0,0.0001,0,0.3222,0.2897,0.3222,0.2897,
0,0,1.5325,0,0.7662,0.7662,0,0,3.0649,0.7662,0.7662,0,0,0.7662,0.7662,0,0,0,0,0.7662,0,0,0.0002,0,0.0001,0.0001,0,0,0.0004,0.0001,0.0001,0,0,0.0001,0.0001,0,0,0,0,0.0001,0.1009,0.1329,0.1009,0.1329,
1.2917,0,2.1528,0.4306,1.2917,0.8611,0.4306,0.8611,0.4306,0,0.8611,0.4306,1.7223,0.4306,0.4306,1.7223,0.8611,0.4306,0.4306,0.8611,0.0001,0,0.0001,0,0.0001,0.0001,0,0.0001,0,0,0.0001,0,0.0001,0,0,0.0001,0.0001,0,0,0.0001,0.2696,0.2998,0.2696,0.2998,
0.4032,0,0.8064,1.6128,0,0.8064,0,0.8064,1.6128,1.2096,1.6128,0,0.4032,0,0.8064,0.4032,2.4191,0.8064,0.4032,1.6128,0,0,0.0001,0.0001,0,0.0001,0,0.0001,0.0001,0.0001,0.0001,0,0,0,0.0001,0,0.0002,0.0001,0,0.0001,0.2885,0.3084,0.2885,0.3084,
0.4534,0.4534,0.9068,0,0.4534,2.267,2.267,0.4534,0.4534,0.4534,0.4534,0.4534,0,0,0.9068,0.4534,0.4534,1.3602,0,0.4534,0,0,0.0001,0,0,0.0002,0.0002,0,0,0,0,0,0,0,0.0001,0,0,0.0001,0,0,0.2845,0.2621,0.2845,0.2621,
0.3617,1.4467,1.085,1.4467,1.085,1.4467,0.3617,1.085,0.7233,0.3617,0.7233,1.085,1.085,0.3617,0.7233,0.3617,0.3617,0,1.8084,1.085,0,0.0001,0,0.0001,0,0.0001,0,0,0,0,0,0,0,0,0,0,0,0,0.0001,0,0.3338,0.3045,0.3338,0.3045,
1.5501,1.1626,0.3875,0.3875,0.3875,1.1626,1.9376,0.3875,0.3875,0,0.3875,0.7751,0.7751,0.3875,1.5501,0.3875,0.7751,0.3875,0,1.1626,0.0001,0.0001,0,0,0,0.0001,0.0001,0,0,0,0,0,0,0,0.0001,0,0,0,0,0.0001,0.3098,0.3027,0.3098,0.3027,
0.7882,1.1823,0.7882,0.3941,0.3941,0.3941,1.1823,1.1823,0.7882,1.1823,0.7882,1.1823,0.3941,1.5764,1.5764,0.3941,1.1823,0.7882,0.3941,0.7882,0,0.0001,0,0,0,0,0.0001,0.0001,0,0.0001,0,0.0001,0,0.0001,0.0001,0,0.0001,0,0,0,0.2946,0.3113,0.2946,0.3113,
0,0.94,0.47,0.94,0.47,1.41,0.47,0.47,0,0.94,0.94,0.94,0.47,0.94,0.94,0,0.47,1.41,0.94,1.41,0,0,0,0,0,0.0001,0,0,0,0,0,0,0,0,0,0,0,0.0001,0,0.0001,0.2497,0.2803,0.2497,0.2803,
0,2.085,0.5213,0.5213,1.0425,0.5213,1.0425,0,0,0.5213,1.0425,1.5638,0,1.5638,1.0425,0.5213,0.5213,0.5213,0,0,0,0.0001,0,0,0.0001,0,0.0001,0,0,0,0.0001,0.0001,0,0.0001,0.0001,0,0,0,0,0,0.2245,0.2542,0.2245,0.2542,
1.0058,0,0,0,0.3353,1.0058,0.6706,0.3353,2.0117,0.6706,0.6706,0.3353,0.3353,0.6706,4.0233,1.0058,0.6706,0.6706,0,0.3353,0.0001,0,0,0,0,0.0001,0.0001,0,0.0002,0.0001,0.0001,0,0,0.0001,0.0004,0.0001,0.0001,0.0001,0,0,0.2969,0.3678,0.2969,0.3678,
0,0,1.0767,0.5383,3.23,1.615,0,1.0767,0.5383,2.6917,0.5383,1.0767,1.0767,0,1.0767,1.0767,1.0767,2.1534,0,0.5383,0,0,0.0001,0,0.0002,0.0001,0,0.0001,0,0.0002,0,0.0001,0.0001,0,0.0001,0.0001,0.0001,0.0002,0,0,0.2311,0.2306,0.2311,0.2306,
1.6859,0,0,0,0.3372,1.3487,0.3372,0.6744,1.6859,0.6744,0.6744,0.3372,0.3372,0.3372,3.7089,0.3372,1.0115,1.0115,0,0.3372,0.0001,0,0,0,0,0.0001,0,0.0001,0.0001,0.0001,0.0001,0,0,0,0.0003,0,0.0001,0.0001,0,0,0.3783,0.2845,0.3783,0.2845,
0,0.7996,0.3998,0.3998,1.1994,0.7996,0,0.7996,0.3998,0,1.5992,0.7996,1.1994,0,1.999,1.1994,0.3998,1.1994,0.3998,0.3998,0,0,0,0,0.0001,0,0,0,0,0,0.0001,0,0.0001,0,0.0001,0.0001,0,0.0001,0,0,0.3046,0.2956,0.3046,0.2956,
0,2.03,0.812,0.406,0.812,0.406,0.406,0.812,2.03,0,0.406,0.812,0.812,0.812,1.218,0.406,0,0,0.812,0.812,0,0.0001,0,0,0,0,0,0,0.0001,0,0,0,0,0,0.0001,0,0,0,0,0,0.2873,0.3067,0.2873,0.3067,
0,0.774,0,0.774,0,0,0.774,0,0,0,0.774,0.774,0.774,0.774,0.774,0,0,1.548,0.774,0,0,0.0001,0,0.0001,0,0,0.0001,0,0,0,0.0001,0.0001,0.0001,0.0001,0.0001,0,0,0.0002,0.0001,0,0.1084,0.1176,0.1084,0.1176,
1.4307,0,0,0,0,1.4307,0,0.7153,0.7153,0,0,0,0,0,0.7153,0,0.7153,0.7153,0.7153,0,0.0002,0,0,0,0,0.0002,0,0.0001,0.0001,0,0,0,0,0,0.0001,0,0.0001,0.0001,0.0001,0,0.1506,0.134,0.1506,0.134,
0.9429,1.8858,1.5715,0.9429,1.5715,0.3143,0.6286,0.9429,1.2572,0.3143,0.6286,0.6286,0.3143,0,0.9429,0.6286,0.3143,0,0.3143,1.2572,0,0.0001,0.0001,0,0.0001,0,0,0,0.0001,0,0,0,0,0,0,0,0,0,0,0.0001,0.3262,0.3595,0.3262,0.3595,
1.8213,0,0.6071,0,0.6071,1.2142,0,3.6426,0,3.6426,0.6071,1.8213,0.6071,0.6071,0.6071,1.2142,0.6071,2.4284,0,0,0.0001,0,0,0,0,0.0001,0,0.0002,0,0.0002,0,0.0001,0,0,0,0.0001,0,0.0001,0,0,0.2034,0.1895,0.2034,0.1895,
2.8999,0,0,0.58,1.16,1.16,0,1.74,0.58,4.6399,0.58,1.16,0.58,0.58,0.58,0.58,0.58,1.74,0,0,0.0002,0,0,0,0.0001,0.0001,0,0.0001,0,0.0003,0,0.0001,0,0,0,0,0,0.0001,0,0,0.2009,0.2191,0.2009,0.2191,
0.7824,2.3473,0.7824,0.3912,1.5649,0,0.7824,0.3912,1.1737,0.3912,0.7824,0.7824,0.3912,0.3912,1.1737,1.1737,1.1737,1.5649,0.7824,1.5649,0,0.0001,0,0,0.0001,0,0,0,0,0,0,0,0,0,0,0,0,0.0001,0,0.0001,0.261,0.3478,0.261,0.3478,
1.1389,0.5695,0,0.5695,1.1389,1.7084,0,2.2778,0.5695,3.9862,0.5695,0.5695,0,0.5695,1.1389,1.1389,0,1.1389,0,1.7084,0.0001,0,0,0,0.0001,0.0001,0,0.0001,0,0.0002,0,0,0,0,0.0001,0.0001,0,0.0001,0,0.0001,0.2055,0.2251,0.2055,0.2251,
2.2495,0,0.5624,0,1.1248,1.1248,0,3.3743,1.1248,3.3743,0.5624,0.5624,1.1248,0.5624,0.5624,1.6872,1.6872,1.1248,0.5624,0.5624,0.0001,0,0,0,0.0001,0.0001,0,0.0002,0.0001,0.0002,0,0,0.0001,0,0,0.0001,0.0001,0.0001,0,0,0.2195,0.2181,0.2195,0.2181,
0.7663,1.1494,0.3831,0,0,0.7663,0.3831,1.9157,2.6819,0,0.3831,0.3831,0.3831,0.7663,2.2988,0.7663,0,1.5325,0,0,0,0.0001,0,0,0,0,0,0.0001,0.0002,0,0,0,0,0,0.0001,0,0,0.0001,0,0,0.3077,0.3091,0.3077,0.3091,
0,0,1.2339,0,1.2339,0.617,0,0.617,0.617,1.2339,0.617,0.617,0,0,0.617,0,0.617,0.617,0,0.617,0,0,0.0001,0,0.0001,0.0001,0,0.0001,0.0001,0.0001,0.0001,0.0001,0,0,0.0001,0,0.0001,0.0001,0,0.0001,0.202,0.181,0.202,0.181,
0.6848,1.3697,0.3424,0.6848,0.6848,2.0545,0.6848,1.0273,1.3697,0.3424,1.0273,1.0273,1.0273,0.6848,0.6848,1.3697,0,0.3424,1.3697,0,0,0.0001,0,0,0,0.0001,0,0,0.0001,0,0,0,0,0,0,0.0001,0,0,0.0001,0,0.3104,0.3472,0.3104,0.3472,
0,1.1015,0,1.1015,1.1015,0.5507,0,0,0.5507,2.7537,0,0.5507,1.1015,1.1015,0.5507,1.6522,3.3044,0.5507,0,1.1015,0,0.0001,0,0.0001,0.0001,0,0,0,0,0.0002,0,0,0.0001,0.0001,0,0.0001,0.0002,0,0,0.0001,0.2179,0.2314,0.2179,0.2314,
0,0,0.5296,1.5887,0.5296,0.5296,0,1.0591,1.0591,1.0591,1.0591,0.5296,0,0,1.0591,0,0,0.5296,0.5296,0,0,0,0,0.0001,0,0,0,0.0001,0.0001,0.0001,0.0001,0,0,0,0.0001,0,0,0,0,0,0.1871,0.2833,0.1871,0.2833,
0.7501,1.1251,3.3753,0.375,1.8752,0.375,1.1251,0,0.7501,0,0.7501,0.7501,0.7501,1.1251,0.375,1.1251,0.375,0.7501,0.375,0.375,0,0.0001,0.0002,0,0.0001,0,0.0001,0,0,0,0,0,0,0.0001,0,0.0001,0,0,0,0,0.3251,0.2999,0.3251,0.2999,
0.3952,0,0.7904,0.7904,0.3952,0,1.1856,0,1.5807,0,0.7904,0.7904,0,0.7904,0.7904,1.1856,1.1856,0.7904,1.5807,1.1856,0,0,0.0001,0.0001,0,0,0.0001,0,0.0001,0,0.0001,0.0001,0,0.0001,0.0001,0.0001,0.0001,0.0001,0.0001,0.0001,0.2694,0.3354,0.2694,0.3354,
0.8653,0.8653,0.4327,0,2.596,1.298,0.8653,0.4327,0.8653,2.596,0.4327,0.4327,1.7306,0.8653,2.1633,0.4327,0.4327,1.7306,0,0,0,0,0,0,0.0001,0.0001,0,0,0,0.0001,0,0,0.0001,0,0.0001,0,0,0.0001,0,0,0.2635,0.3038,0.2635,0.3038,
0,0,0,1.495,0,0.7475,0,0,0.7475,0.7475,0,0.7475,2.99,0,0,0,0,0.7475,0,0,0,0,0,0.0003,0,0.0001,0,0,0.0001,0.0001,0,0.0001,0.0005,0,0,0,0,0.0001,0,0,0.1146,0.1379,0.1146,0.1379,
0.3932,0,1.1796,0.3932,0.7864,1.1796,1.1796,0.3932,0.7864,1.1796,0.7864,0.7864,0.7864,0.7864,0.3932,0.3932,0,0.3932,0.3932,1.9659,0,0,0.0001,0,0.0001,0.0001,0.0001,0,0.0001,0.0001,0.0001,0.0001,0.0001,0.0001,0,0,0,0,0,0.0001,0.2807,0.3261,0.2807,0.3261,
1.9787,0.3957,0.3957,1.1872,0.3957,1.1872,0.3957,0.3957,1.9787,0.3957,0.7915,0.3957,1.583,0,0.3957,0.7915,1.583,0.3957,0.7915,1.9787,0.0001,0,0,0.0001,0,0.0001,0,0,0.0001,0,0,0,0.0001,0,0,0,0.0001,0,0,0.0001,0.3218,0.2824,0.3218,0.2824,
0.8428,0,0,0.4214,0,0,1.6856,0,0.8428,0,0.4214,0,1.6856,0.4214,7.1637,0.8428,1.2642,0.8428,0,0.4214,0.0001,0,0,0.0001,0,0,0.0002,0,0.0001,0,0.0001,0,0.0002,0.0001,0.001,0.0001,0.0002,0.0001,0,0.0001,0.2205,0.3581,0.2205,0.3581,
1.549,0,0.5163,0,1.549,1.0326,0.5163,2.0653,1.549,2.5816,0.5163,2.0653,0,0.5163,0,1.549,1.0326,2.5816,0,1.0326,0.0001,0,0,0,0.0001,0.0001,0,0.0001,0.0001,0.0002,0,0.0001,0,0,0,0.0001,0.0001,0.0002,0,0.0001,0.2528,0.2309,0.2528,0.2309,
1.2396,1.6527,0.4132,0.4132,0,1.2396,1.2396,0.8264,1.6527,0.8264,0,0.8264,0.4132,0.8264,1.2396,0.4132,0.4132,0.4132,0.4132,0.8264,0.0001,0.0001,0,0,0,0.0001,0.0001,0,0.0001,0,0,0,0,0,0.0001,0,0,0,0,0,0.2966,0.2902,0.2966,0.2902,
0.746,1.1191,0.373,0.373,0,0.746,0.373,1.1191,2.6112,0.373,0.373,0.373,0.373,0.746,1.8651,0.746,0,1.8651,0,0,0,0.0001,0,0,0,0,0,0.0001,0.0002,0,0,0,0,0,0.0001,0,0,0.0001,0,0,0.3216,0.3054,0.3216,0.3054,
0.3888,0.3888,0.7777,0.7777,2.3331,0.3888,1.1665,1.1665,1.1665,1.1665,0.7777,0,0.3888,0.7777,0.3888,2.3331,1.5554,0.3888,0,0.7777,0,0,0,0,0.0001,0,0.0001,0.0001,0.0001,0.0001,0,0,0,0,0,0.0001,0.0001,0,0,0,0.2932,0.318,0.2932,0.318,
1.8531,0,0.9266,0.4633,3.7063,0.4633,0,1.8531,0.9266,1.3899,0.4633,0.4633,1.3899,0,0.4633,0.9266,1.3899,1.3899,0.4633,0.4633,0.0001,0,0.0001,0,0.0002,0,0,0.0001,0.0001,0.0001,0,0,0.0001,0,0,0.0001,0.0001,0.0001,0,0,0.2834,0.2533,0.2834,0.2533,
0,1.3943,1.3943,1.3943,1.3943,0.4648,0,0,1.3943,1.8591,0.9295,1.3943,1.3943,0.4648,0.4648,0,1.3943,1.3943,0.4648,0.4648,0,0.0001,0.0001,0.0001,0.0001,0,0,0,0.0001,0.0001,0,0.0001,0.0001,0,0,0,0.0001,0.0001,0,0,0.2944,0.2408,0.2944,0.2408,
0.5099,6.6293,1.0199,1.0199,0,3.0597,0,0,1.5298,0,0.5099,3.0597,0,0,0,5.0994,0,0,0,0.5099,0,0.0003,0,0,0,0.0001,0,0,0.0001,0,0,0.0001,0,0,0,0.0002,0,0,0,0,0.2357,0.2544,0.2357,0.2544,
1.0993,0.7328,1.4657,1.0993,0.3664,1.8321,0.3664,1.8321,1.0993,0.7328,1.4657,0.7328,1.0993,0.3664,0.7328,0.3664,0.3664,1.0993,0.3664,0.7328,0.0001,0,0.0001,0.0001,0,0.0001,0,0.0001,0.0001,0,0.0001,0,0.0001,0,0,0,0,0.0001,0,0,0.3366,0.297,0.3366,0.297,
1.4031,2.1046,1.7539,0.3508,1.0523,0.3508,0.7015,0.7015,2.1046,0.7015,0,0,0,1.0523,0,0.3508,0.3508,1.0523,1.0523,1.0523,0.0001,0.0001,0.0001,0,0,0,0,0,0.0001,0,0,0,0,0,0,0,0,0,0,0,0.3408,0.3084,0.3408,0.3084,
0,0,0,1.1241,1.1241,0.562,0,0.562,0.562,0.562,1.1241,1.1241,1.1241,2.2481,1.1241,0.562,0.562,0.562,0,0.562,0,0,0,0.0001,0.0001,0.0001,0,0.0001,0.0001,0.0001,0.0001,0.0001,0.0001,0.0002,0.0001,0.0001,0.0001,0.0001,0,0.0001,0.2613,0.1767,0.2613,0.1767,
1.9472,0,0,0,1.9472,0.4868,0.4868,1.9472,0.9736,1.4604,0.9736,0,0.9736,0.9736,0.9736,1.4604,2.9208,1.4604,0.4868,0.9736,0.0001,0,0,0,0.0001,0,0,0.0001,0.0001,0.0001,0.0001,0,0.0001,0.0001,0.0001,0.0001,0.0002,0.0001,0,0.0001,0.2363,0.2769,0.2363,0.2769,
1.0094,0,0.6729,0.3365,0,0.6729,1.0094,0.3365,2.3552,0.3365,0.6729,0.3365,1.3458,0,2.0188,1.0094,1.3458,1.6823,0.3365,0.6729,0.0001,0,0.0001,0,0,0.0001,0.0001,0,0.0002,0,0.0001,0,0.0001,0,0.0002,0.0001,0.0001,0.0001,0,0.0001,0.3191,0.3444,0.3191,0.3444,
0,1.9802,1.1881,0.7921,0.7921,2.7723,0.396,0,0.396,0,0,0.396,0.7921,1.1881,1.1881,0,1.1881,1.5842,0.396,0.7921,0,0.0001,0.0001,0,0,0.0001,0,0,0,0,0,0,0,0.0001,0.0001,0,0.0001,0.0001,0,0,0.349,0.255,0.349,0.255,
1.1065,0,0.7377,2.5818,0.7377,0.3688,1.1065,1.1065,0.7377,0.3688,1.4753,0.3688,1.1065,0.7377,1.1065,0,0.7377,0.7377,0.7377,2.213,0.0001,0,0.0001,0.0002,0.0001,0,0.0001,0.0001,0.0001,0,0.0001,0,0.0001,0.0001,0.0001,0,0.0001,0.0001,0.0001,0.0002,0.3022,0.329,0.3022,0.329,
0,0,0.3257,2.2802,0,0.3257,1.303,0.9772,1.6287,0.3257,0.9772,0.6515,1.9545,0.6515,0.9772,0.9772,0,0,1.303,0.6515,0,0,0,0.0002,0,0,0.0001,0.0001,0.0001,0,0.0001,0,0.0001,0,0.0001,0.0001,0,0,0.0001,0,0.3303,0.344,0.3303,0.344,
1.9841,0,0.9921,0.496,2.4802,0.9921,0,1.4881,0.496,1.9841,0.496,0.9921,0.9921,0,1.4881,0.496,0.496,2.4802,0,0.496,0.0001,0,0.0001,0,0.0002,0.0001,0,0.0001,0,0.0001,0,0.0001,0.0001,0,0.0001,0,0,0.0002,0,0,0.2527,0.2512,0.2527,0.2512,
0.9257,0.4628,0.4628,1.8514,0.4628,0,0.9257,0,0,0.9257,0.9257,1.3885,2.3142,0,0.9257,0.4628,0.4628,0.9257,1.3885,0.4628,0.0001,0,0,0.0001,0,0,0.0001,0,0,0.0001,0.0001,0.0001,0.0001,0,0.0001,0,0,0.0001,0.0001,0,0.2755,0.2617,0.2755,0.2617,
1.9186,0.7674,0.7674,0.7674,0,0.3837,0.7674,1.5349,0.3837,0.3837,1.1511,0.7674,1.1511,1.5349,1.1511,0.7674,0.7674,0.7674,0.7674,0.3837,0.0001,0,0,0,0,0,0,0.0001,0,0,0.0001,0,0.0001,0.0001,0.0001,0,0,0,0,0,0.3097,0.3065,0.3097,0.3065,
1.3985,1.3985,0,0.4662,0,0,0.4662,1.8647,0.4662,1.3985,0,1.3985,0.4662,0,2.7971,0,0.4662,1.3985,0.4662,0,0.0001,0.0001,0,0,0,0,0,0.0001,0,0.0001,0,0.0001,0,0,0.0002,0,0,0.0001,0,0,0.2474,0.2864,0.2474,0.2864,
1.1903,1.1903,1.9839,0.7935,0.3968,0.7935,0,1.1903,0.7935,0.3968,0.3968,0.3968,0,0,0.7935,1.5871,0.7935,0,1.1903,0.3968,0.0001,0.0001,0.0001,0,0,0,0,0.0001,0,0,0,0,0,0,0,0.0001,0,0,0.0001,0,0.3278,0.2754,0.3278,0.2754,
2.2349,0.5587,0,1.1175,0.5587,3.9111,0,1.6762,0,2.7936,0.5587,0,0,0.5587,0.5587,0,2.2349,2.2349,0,0.5587,0.0001,0,0,0.0001,0,0.0002,0,0.0001,0,0.0002,0,0,0,0,0,0,0.0001,0.0001,0,0,0.2382,0.203,0.2382,0.203,
0,0.9623,0.9623,0.4812,0,0.9623,0.9623,0.4812,0.4812,0,0.4812,0.4812,0.9623,0.9623,2.4058,0.9623,0.9623,0,0.4812,0.4812,0,0.0001,0.0001,0,0,0.0001,0.0001,0,0,0,0,0,0.0001,0.0001,0.0002,0.0001,0.0001,0,0,0,0.2976,0.2212,0.2976,0.2212,
1.4248,0,1.0686,1.4248,0.7124,0.7124,0.3562,0.3562,0.7124,0.7124,0.7124,0.3562,0.3562,0.3562,1.4248,1.0686,0.3562,0.7124,0.3562,1.781,0.0001,0,0.0001,0.0001,0,0,0,0,0,0,0,0,0,0,0.0001,0.0001,0,0,0,0.0001,0.312,0.3318,0.312,0.3318,
1.1042,0,0,0.5521,1.1042,0.5521,0.5521,1.6563,0.5521,2.2084,2.2084,1.1042,0,0,0,1.6563,1.1042,0,2.2084,0.5521,0.0001,0,0,0,0.0001,0,0,0.0001,0,0.0001,0.0001,0.0001,0,0,0,0.0001,0.0001,0,0.0001,0,0.2339,0.214,0.2339,0.214,
1.8767,0.9384,0,0,0.4692,1.8767,0,1.8767,0.9384,0,0.9384,0.9384,0.9384,0.4692,1.4076,0.4692,0,0.4692,0.9384,1.4076,0.0001,0,0,0,0,0.0001,0,0.0001,0,0,0,0,0,0,0.0001,0,0,0,0,0.0001,0.2696,0.2612,0.2696,0.2612,
0,0,0.6953,0,0,0,1.3905,0,1.3905,0,0,1.3905,0,0,0,2.0858,0,1.3905,0.6953,0.6953,0,0,0.0001,0,0,0,0.0002,0,0.0002,0,0,0.0002,0,0,0,0.0003,0,0.0002,0.0001,0.0001,0.1339,0.1709,0.1339,0.1709,
1.2003,0,0,0,1.8004,1.2003,0,3.0006,0.6001,4.2009,0.6001,0,0,0,0.6001,1.8004,3.0006,0,0,0.6001,0.0001,0,0,0,0.0001,0.0001,0,0.0002,0,0.0003,0,0,0,0,0,0.0001,0.0002,0,0,0,0.2259,0.174,0.2259,0.174,
0.7019,0,0,0,0.7019,0,0,0,0,1.4038,0,0,0.7019,0.7019,2.1057,1.4038,0,0,0,0,0.0001,0,0,0,0.0001,0,0,0,0,0.0003,0,0,0.0001,0.0001,0.0004,0.0003,0,0,0,0,0.1989,0.0991,0.1989,0.0991,
0.7626,0.7626,0,0.7626,0,0,0,0.7626,0,1.5252,0.7626,0.7626,1.5252,0.7626,0,0.7626,0.7626,0.7626,1.5252,0,0.0001,0.0001,0,0.0001,0,0,0,0.0001,0,0.0001,0.0001,0.0001,0.0001,0.0001,0,0.0001,0.0001,0.0001,0.0001,0,0.1292,0.1082,0.1292,0.1082,
0.8009,0.8009,0,0,0,2.4026,0,0,0,2.4026,0,0,0.8009,0.8009,0.8009,0,0.8009,1.6017,0,0,0.0001,0.0001,0,0,0,0.0002,0,0,0,0.0002,0,0,0.0001,0.0001,0.0001,0,0.0001,0.0001,0,0,0.1037,0.0954,0.1037,0.0954,
1.3678,1.3678,2.0517,0.6839,1.3678,0,0,0,0,0,0,0.6839,0.6839,0,0.6839,0.6839,0.6839,0.6839,0,0,0.0001,0.0001,0.0001,0,0.0001,0,0,0,0,0,0,0,0,0,0,0,0,0,0,0,0.1309,0.1852,0.1309,0.1852,
0.8467,0.8467,0.4234,0.8467,0.8467,0,2.1168,0.4234,0.8467,1.2701,0,0.8467,1.6935,2.1168,0.4234,0.8467,0.8467,0.8467,1.2701,1.2701,0,0,0,0,0,0,0.0001,0,0,0.0001,0,0,0.0001,0.0001,0,0,0,0,0.0001,0.0001,0.2849,0.2917,0.2849,0.2917,
1.8717,0,0.4679,0.4679,0.4679,0,0.4679,0.4679,0.4679,0.4679,0.9359,1.4038,0.4679,0.9359,0.9359,2.3397,0.4679,0.4679,1.4038,0.9359,0.0001,0,0,0,0,0,0,0,0,0,0.0001,0.0001,0,0.0001,0.0001,0.0001,0,0,0.0001,0.0001,0.2613,0.2708,0.2613,0.2708,
0,0,0.5473,1.0946,4.3784,1.6419,0,1.6419,0,2.1892,0.5473,1.6419,1.0946,0,1.6419,0.5473,0,2.1892,0,0.5473,0,0,0,0.0001,0.0004,0.0001,0,0.0001,0,0.0002,0,0.0001,0.0001,0,0.0001,0,0,0.0002,0,0,0.2196,0.2331,0.2196,0.2331,
0,0.4115,0.4115,0.8231,0.4115,0.4115,0.4115,0.4115,1.6461,1.2346,0.8231,0,0,1.6461,1.2346,0.8231,0.4115,1.6461,0.4115,0.8231,0,0,0,0.0001,0,0,0,0,0.0001,0.0001,0.0001,0,0,0.0001,0.0001,0.0001,0,0.0001,0,0.0001,0.2989,0.2895,0.2989,0.2895,
0.5027,0,1.0055,1.5082,0.5027,0,0.5027,0,0.5027,0.5027,1.0055,1.0055,2.011,1.0055,0,0.5027,1.0055,0.5027,0.5027,2.011,0,0,0.0001,0.0001,0,0,0,0,0,0,0.0001,0.0001,0.0002,0.0001,0,0,0.0001,0,0,0.0002,0.2284,0.2689,0.2284,0.2689,
1.2881,1.7174,2.1468,0.8587,0.8587,0,1.2881,0.8587,1.7174,1.7174,0.4294,1.2881,1.2881,1.2881,0.4294,0,0.4294,0,0,1.2881,0.0001,0.0001,0.0001,0,0,0,0.0001,0,0.0001,0.0001,0,0.0001,0.0001,0.0001,0,0,0,0,0,0.0001,0.2747,0.2959,0.2747,0.2959,
2.059,0,0,0,0.3432,1.3727,0.3432,0,1.7159,1.0295,0.3432,0,0.3432,0.6863,4.1181,0.6863,1.0295,0.6863,0,0.3432,0.0002,0,0,0,0,0.0001,0,0,0.0002,0.0001,0,0,0,0.0001,0.0004,0.0001,0.0001,0.0001,0,0,0.3112,0.3457,0.3112,0.3457,
1.6411,0.8205,0.4103,0.8205,0.8205,0.4103,0.4103,1.2308,1.6411,0.8205,0,1.2308,2.0514,0.4103,1.6411,1.2308,0.4103,0.8205,1.2308,1.2308,0.0001,0,0,0,0,0,0,0.0001,0.0001,0,0,0.0001,0.0001,0,0.0001,0.0001,0,0,0.0001,0.0001,0.3226,0.2671,0.3226,0.2671,
0.6154,3.6921,0.6154,0.6154,0.6154,3.0768,0,0.6154,0,0.6154,0,1.2307,1.8461,0,0.6154,0,1.8461,1.2307,0.6154,0,0,0.0001,0,0,0,0.0001,0,0,0,0,0,0,0.0001,0,0,0,0.0001,0,0,0,0.1913,0.1934,0.1913,0.1934,
2.9483,0,0.4914,0,0.9828,1.4741,0,1.4741,0.4914,2.9483,0.4914,0.4914,0.4914,1.9655,0.9828,0.9828,0.4914,1.4741,0.9828,0,0.0002,0,0,0,0.0001,0.0001,0,0.0001,0,0.0002,0,0,0,0.0001,0.0001,0.0001,0,0.0001,0.0001,0,0.2769,0.2317,0.2769,0.2317,
1.3238,1.3238,0,0,0,2.6475,1.3238,0,0.6619,0.6619,0,0.6619,0.6619,1.3238,0,0.6619,0,0,0,0,0.0001,0.0001,0,0,0,0.0002,0.0001,0,0,0,0,0,0,0.0001,0,0,0,0,0,0,0.1933,0.1448,0.1933,0.1448,
0.7619,0.7619,1.5239,1.1429,0.381,0.7619,0.381,0.381,1.1429,0.7619,0.7619,0.381,0.381,0.381,1.9049,0.381,1.5239,0,0,0.7619,0.0001,0.0001,0.0001,0.0001,0,0.0001,0,0,0.0001,0.0001,0.0001,0,0,0,0.0001,0,0.0001,0,0,0.0001,0.3063,0.3128,0.3063,0.3128,
0.4011,0.8021,0.4011,0.4011,1.2032,0.8021,1.2032,1.2032,2.0053,0,0,2.0053,1.6043,0.4011,0.8021,0.4011,0.8021,0.4011,1.2032,0.4011,0,0,0,0,0.0001,0,0.0001,0.0001,0.0001,0,0,0.0001,0.0001,0,0,0,0,0,0.0001,0,0.3141,0.2849,0.3141,0.2849,
1.9551,0.391,1.1731,0.782,0.782,1.1731,1.5641,0.782,0.391,0.391,0.782,0.391,1.1731,2.7372,0.391,0.391,0.391,0.391,0.391,0.391,0.0001,0,0.0001,0.0001,0.0001,0.0001,0.0001,0.0001,0,0,0.0001,0,0.0001,0.0002,0,0,0,0,0,0,0.2721,0.3368,0.2721,0.3368,
0.4262,1.2786,0.4262,0.8524,0.4262,1.2786,0,1.7048,0.8524,0.4262,1.2786,1.2786,2.131,1.2786,0.8524,0.8524,0,2.131,0.8524,0.4262,0,0.0001,0,0,0,0.0001,0,0.0001,0,0,0.0001,0.0001,0.0001,0.0001,0,0,0,0.0001,0,0,0.3212,0.2526,0.3212,0.2526,
2.2097,0.4419,0,0.8839,0.4419,1.3258,2.2097,1.7678,0,0.4419,0.8839,0.8839,1.3258,0,0.4419,1.7678,0.8839,1.7678,0.4419,1.3258,0.0001,0,0,0.0001,0,0.0001,0.0001,0.0001,0,0,0.0001,0.0001,0.0001,0,0,0.0001,0.0001,0.0001,0,0.0001,0.2663,0.2918,0.2663,0.2918,
3.7194,0,0,0.3719,0,1.1158,0.3719,0.3719,2.6036,0.3719,0.3719,0,1.1158,0.7439,1.8597,1.1158,1.1158,0,0,0,0.0003,0,0,0,0,0.0001,0,0,0.0002,0,0,0,0.0001,0.0001,0.0002,0.0001,0.0001,0,0,0,0.2741,0.3539,0.2741,0.3539,
0,0,1.2147,0,0.6073,0,1.822,0.6073,0.6073,0,0.6073,1.822,0.6073,0,0.6073,0,0.6073,0.6073,0,0.6073,0,0,0.0001,0,0.0001,0,0.0002,0.0001,0.0001,0,0.0001,0.0002,0.0001,0,0.0001,0,0.0001,0.0001,0,0.0001,0.1765,0.2162,0.1765,0.2162,
0.7962,0.3981,0.3981,0,0.3981,0.7962,1.1943,0.3981,1.5924,0.3981,0.7962,0.3981,0.3981,1.1943,1.5924,1.5924,0.7962,0.3981,1.1943,0.3981,0.0001,0,0,0,0,0.0001,0.0001,0,0.0001,0,0.0001,0,0,0.0001,0.0001,0.0001,0.0001,0,0.0001,0,0.2778,0.3241,0.2778,0.3241,
0.7495,0.7495,0,0,0,0,1.499,0,0.7495,0.7495,0.7495,0,0,0,0,0,1.499,0.7495,0.7495,0,0.0001,0.0001,0,0,0,0,0.0002,0,0.0001,0.0001,0.0001,0,0,0,0,0,0.0002,0.0001,0.0001,0,0.137,0.1135,0.137,0.1135,
1.0269,1.3692,0.6846,1.0269,0,0,1.3692,0,3.0807,0.6846,1.0269,1.7115,0.6846,0,1.3692,0,1.3692,0.6846,0,0.6846,0.0001,0.0001,0,0.0001,0,0,0.0001,0,0.0002,0,0.0001,0.0001,0,0,0.0001,0,0.0001,0,0,0,0.3672,0.2905,0.3672,0.2905,
0,0,0,0.5835,0.5835,0.5835,0.5835,0,0.5835,0.5835,0,1.167,1.7505,0.5835,0.5835,0,0.5835,1.167,0.5835,1.7505,0,0,0,0.0001,0.0001,0.0001,0.0001,0,0.0001,0.0001,0,0.0001,0.0002,0.0001,0.0001,0,0.0001,0.0001,0.0001,0.0002,0.2375,0.179,0.2375,0.179,
0,0,0,0.6898,0,0,0,0.6898,0.6898,0,0,0.6898,0.6898,0.6898,0.6898,0,0.6898,1.3797,1.3797,0,0,0,0,0.0001,0,0,0,0.0001,0.0001,0,0,0.0001,0.0001,0.0001,0.0001,0,0.0001,0.0002,0.0002,0,0.1692,0.141,0.1692,0.141,
0.8263,0.8263,0,0,1.6526,1.6526,0,0,0,0.8263,0,0.8263,0,0,0,0,2.4789,1.6526,0,0.8263,0.0001,0.0001,0,0,0.0001,0.0001,0,0,0,0.0001,0,0.0001,0,0,0,0,0.0002,0.0001,0,0.0001,0.0805,0.0932,0.0805,0.0932,
1.5829,0.5276,0,0.5276,0.5276,3.1659,0,1.5829,0,4.2212,0.5276,0.5276,1.0553,0.5276,1.0553,0.5276,0.5276,1.5829,0.5276,0.5276,0.0001,0,0,0,0,0.0002,0,0.0001,0,0.0002,0,0,0.0001,0,0.0001,0,0,0.0001,0,0,0.2095,0.2629,0.2095,0.2629,
0.4276,0.4276,2.1379,0,0.8552,0,0.4276,1.2827,1.2827,0.4276,1.2827,0.8552,0.4276,1.2827,0.4276,0.4276,0.4276,1.2827,0,0.4276,0,0,0.0001,0,0.0001,0,0,0.0001,0.0001,0,0.0001,0.0001,0,0.0001,0,0,0,0.0001,0,0,0.3264,0.246,0.3264,0.246,
0.7244,0,0.3622,1.4487,0.3622,1.8109,0,1.4487,2.5353,1.8109,1.4487,1.0866,0.7244,0.3622,1.0866,0.7244,1.4487,0,0,0.3622,0.0001,0,0,0.0001,0,0.0001,0,0.0001,0.0002,0.0001,0.0001,0.0001,0.0001,0,0.0001,0.0001,0.0001,0,0,0,0.3132,0.3246,0.3132,0.3246,
0.3756,1.1269,0.3756,0.3756,0,0.7513,0.3756,1.1269,3.3808,0,0.7513,0.3756,0,0.7513,1.8782,0.3756,0,1.8782,0,0,0,0.0001,0,0,0,0,0,0.0001,0.0002,0,0,0,0,0,0.0001,0,0,0.0001,0,0,0.3188,0.3055,0.3188,0.3055,
0,0.4958,0.4958,0.4958,1.9833,0.4958,0.9917,0,0.9917,0.4958,1.4875,0.4958,0,0,0.9917,0,0.9917,1.4875,0.9917,0.9917,0,0,0,0,0.0002,0,0.0001,0,0.0001,0,0.0001,0,0,0,0.0001,0,0.0001,0.0001,0.0001,0.0001,0.25,0.2542,0.25,0.2542,
0.3733,1.4931,1.1198,1.1198,0.7465,0.3733,1.8663,1.8663,1.4931,0.7465,1.1198,0.7465,0.3733,0.3733,0.3733,0,0.7465,0.3733,0.7465,0.3733,0,0.0001,0.0001,0.0001,0,0,0.0001,0.0001,0.0001,0,0.0001,0,0,0,0,0,0,0,0,0,0.2999,0.3268,0.2999,0.3268,
1.7804,0.4451,0.8902,0.8902,0.8902,2.6705,1.3353,2.2255,0,3.1156,0.8902,0.8902,2.2255,0.4451,0,0.8902,0.8902,0.8902,0.4451,0.4451,0.0001,0,0,0,0,0.0001,0.0001,0.0001,0,0.0001,0,0,0.0001,0,0,0,0,0,0,0,0.2924,0.2625,0.2924,0.2625,
1.7037,0,0.5679,0,1.1358,1.1358,0.5679,1.1358,0,2.8395,1.7037,0,0,0,0.5679,2.2716,0.5679,2.8395,1.1358,0,0.0001,0,0,0,0.0001,0.0001,0,0.0001,0,0.0002,0.0001,0,0,0,0,0.0001,0,0.0002,0.0001,0,0.2648,0.1673,0.2648,0.1673,
0.3955,1.1864,0.3955,0,0,0.7909,0.3955,1.5818,2.7682,0,0.7909,0,0.3955,1.1864,2.3728,0.7909,0,1.5818,0,0,0,0.0001,0,0,0,0,0,0.0001,0.0002,0,0,0,0,0.0001,0.0001,0,0,0.0001,0,0,0.3147,0.2898,0.3147,0.2898,
0.8525,0.4262,0.4262,0.8525,1.705,0.4262,0.4262,0.8525,0.4262,2.1312,0.8525,2.1312,1.2787,1.2787,0.4262,0.8525,1.705,0,0.4262,0.8525,0,0,0,0,0.0001,0,0,0,0,0.0001,0,0.0001,0.0001,0.0001,0,0,0.0001,0,0,0,0.275,0.2988,0.275,0.2988,
1.0943,1.0943,1.0943,1.0943,0,0.3648,1.4591,0.7295,0,1.4591,1.8238,0.7295,0.7295,0.3648,0.7295,0.7295,1.0943,1.0943,0,2.1886,0.0001,0.0001,0.0001,0.0001,0,0,0.0001,0,0,0.0001,0.0001,0,0,0,0,0,0.0001,0.0001,0,0.0001,0.3224,0.3128,0.3224,0.3128,
0,0.7211,0.7211,0.7211,0,0,0.7211,0.7211,0.7211,0,0,0.7211,0.7211,0,0,0.7211,0,0.7211,0,0,0,0.0001,0.0001,0.0001,0,0,0.0001,0.0001,0.0001,0,0,0.0001,0.0001,0,0,0.0001,0,0.0001,0,0,0.1531,0.1258,0.1531,0.1258,
0,0,0.9736,0.4868,0.4868,0.9736,0,2.4341,0.9736,0.4868,0.4868,0,0.9736,0,0.4868,2.4341,0.9736,0.9736,0,0.9736,0,0,0.0001,0,0,0.0001,0,0.0002,0.0001,0,0,0,0.0001,0,0,0.0002,0.0001,0.0001,0,0.0001,0.2779,0.2353,0.2779,0.2353,
1.2556,1.2556,0.6278,0,0.6278,1.2556,0,0,0,0.6278,1.2556,0.6278,0,0.6278,1.2556,0.6278,0.6278,1.2556,0,0.6278,0.0001,0.0001,0,0,0,0.0001,0,0,0,0,0.0001,0,0,0,0.0001,0,0,0.0001,0,0,0.1989,0.1733,0.1989,0.1733,
3.7676,0,0.6279,0,0.6279,1.2559,0,0,0.6279,1.2559,0,0,0.6279,0,0.6279,1.2559,0.6279,0.6279,0,0.6279,0.0003,0,0.0001,0,0.0001,0.0001,0,0,0.0001,0.0001,0,0,0.0001,0,0.0001,0.0001,0.0001,0.0001,0,0.0001,0.2018,0.1703,0.2018,0.1703,
0.3947,0.3947,1.5788,1.1841,0.7894,1.1841,0.7894,0.7894,1.1841,0.3947,0.7894,1.5788,0.7894,1.1841,1.1841,1.5788,0.7894,0,0.7894,0.7894,0,0,0.0001,0.0001,0.0001,0.0001,0.0001,0.0001,0.0001,0,0.0001,0.0001,0.0001,0.0001,0.0001,0.0001,0.0001,0,0.0001,0.0001,0.2821,0.3232,0.2821,0.3232,
0,0.528,0,1.0559,2.1119,0,1.5839,0,0.528,1.5839,1.0559,0,0.528,0.528,0.528,1.5839,0.528,0.528,1.0559,0,0,0,0,0.0001,0.0001,0,0.0001,0,0,0.0001,0.0001,0,0,0,0,0.0001,0,0,0.0001,0,0.2259,0.2462,0.2259,0.2462,
0.9508,0.9508,1.4261,1.9015,0.4754,0.4754,0.4754,0.4754,0,0.9508,0,0.4754,0.4754,0.4754,0.9508,0,0,0.4754,0,0.4754,0.0001,0.0001,0.0001,0.0001,0,0,0,0,0,0.0001,0,0,0,0,0.0001,0,0,0,0,0,0.24,0.2846,0.24,0.2846,
1.1053,0.5527,0.5527,0,0.5527,0,0,0,2.2107,1.1053,0.5527,1.1053,0,0,0.5527,0.5527,0,0,0.5527,1.658,0.0001,0,0,0,0,0,0,0,0.0002,0.0001,0,0.0001,0,0,0,0,0,0,0,0.0001,0.2367,0.2106,0.2367,0.2106,
1.8646,0,0.3729,1.4916,0,1.4916,0.3729,0.3729,2.9833,0.7458,0.7458,2.6104,0.7458,1.4916,0.7458,0.7458,0.3729,0.7458,0,0.3729,0.0001,0,0,0.0001,0,0.0001,0,0,0.0002,0.0001,0.0001,0.0002,0.0001,0.0001,0.0001,0.0001,0,0.0001,0,0,0.2745,0.3525,0.2745,0.3525,
0,0,0,0,0.7689,0,0,1.5378,1.5378,0.7689,0,0.7689,3.0756,0,0,0,1.5378,0,0,0,0,0,0,0,0.0001,0,0,0.0002,0.0002,0.0001,0,0.0001,0.0004,0,0,0,0.0002,0,0,0,0.1349,0.0962,0.1349,0.0962,
0.4571,0.4571,0.9142,0.4571,0.4571,0,0.4571,5.485,2.7425,2.2854,0.9142,2.2854,0,0,0.4571,2.2854,0,0.4571,0,1.8283,0,0,0,0,0,0,0,0.0002,0.0001,0.0001,0,0.0001,0,0,0,0.0001,0,0,0,0.0001,0.2672,0.2758,0.2672,0.2758,
0,0,1.8114,1.8114,0.9057,0.4528,0,0.4528,0.4528,0,0.4528,0.4528,0.9057,0.4528,0,0.9057,0.9057,0,1.8114,0.4528,0,0,0.0001,0.0001,0.0001,0,0,0,0,0,0,0,0.0001,0,0,0.0001,0.0001,0,0.0001,0,0.2355,0.3117,0.2355,0.3117,
0.4187,0.4187,0.4187,0.8373,1.256,2.0933,0.4187,0.8373,1.256,0.8373,2.0933,0.8373,0.4187,0,0.4187,0,1.256,1.256,1.256,1.256,0,0,0,0,0.0001,0.0001,0,0,0.0001,0,0.0001,0,0,0,0,0,0.0001,0.0001,0.0001,0.0001,0.3098,0.2716,0.3098,0.2716,
0.4297,1.2892,0.4297,0.4297,0.8595,0.8595,0.8595,1.719,0.8595,1.2892,0,0.8595,0.4297,0,1.2892,0.8595,0.4297,1.2892,1.2892,0.4297,0,0.0001,0,0,0,0,0,0.0001,0,0.0001,0,0,0,0,0.0001,0,0,0.0001,0.0001,0,0.2451,0.3251,0.2451,0.3251,
0.3927,1.178,0,0.3927,0,0.7853,0.3927,0.7853,2.356,0,1.178,0.3927,0,0.7853,2.7486,1.178,0.3927,1.5706,0,0,0,0.0001,0,0,0,0.0001,0,0.0001,0.0002,0,0.0001,0,0,0.0001,0.0002,0.0001,0,0.0001,0,0,0.3178,0.2895,0.3178,0.2895,
0.6082,0.6082,0,0.6082,0,0.6082,0,0.6082,0.6082,0,0,2.433,0.6082,0,1.2165,1.2165,0.6082,0,0.6082,0,0,0,0,0,0,0,0,0,0,0,0,0.0002,0,0,0.0001,0.0001,0,0,0,0,0.2048,0.1869,0.2048,0.1869,
0.498,0.9959,0,0.498,1.4939,1.4939,0.498,0,0,1.4939,0.498,1.9919,0.9959,0,0.9959,1.9919,0.9959,0.498,0.498,0.498,0,0.0001,0,0,0.0001,0.0001,0,0,0,0.0001,0,0.0001,0.0001,0,0.0001,0.0001,0.0001,0,0,0,0.2397,0.2623,0.2397,0.2623,
1.2889,0,0,0,1.9334,0.6445,1.9334,0,0,0.6445,0.6445,0,0,0,0.6445,0.6445,0.6445,1.9334,0,0,0.0002,0,0,0,0.0003,0.0001,0.0003,0,0,0.0001,0.0001,0,0,0,0.0001,0.0001,0.0001,0.0003,0,0,0.1775,0.178,0.1775,0.178,
3.2191,0,1.2877,0,3.2191,0.6438,0,1.9315,0,3.863,1.2877,0,1.9315,0.6438,0,1.9315,0.6438,1.9315,0,0.6438,0.0002,0,0.0001,0,0.0002,0,0,0.0001,0,0.0002,0.0001,0,0.0001,0,0,0.0001,0,0.0001,0,0,0.1613,0.1949,0.1613,0.1949,
0.376,0,0.376,0.7521,1.8802,0.376,1.5042,1.1281,1.8802,1.5042,0,0.7521,1.1281,1.1281,0.376,0.7521,0.376,0.376,0.7521,1.1281,0,0,0,0.0001,0.0001,0,0.0001,0.0001,0.0001,0.0001,0,0.0001,0.0001,0.0001,0,0.0001,0,0,0.0001,0.0001,0.3567,0.2673,0.3567,0.2673,
0.5544,0,0.5544,0.5544,0.5544,1.1088,0,1.1088,0.5544,1.6632,1.1088,0.5544,0,0.5544,0.5544,1.1088,0,1.1088,0.5544,1.1088,0,0,0,0,0,0.0001,0,0.0001,0,0.0001,0.0001,0,0,0,0,0.0001,0,0.0001,0,0.0001,0.2306,0.215,0.2306,0.215,
1.8297,0.4574,0,0.4574,2.7446,1.3723,0.9149,1.8297,0,0.4574,0.4574,0,0.4574,0.4574,0.9149,1.8297,1.3723,1.8297,0.4574,0.9149,0.0001,0,0,0,0.0001,0.0001,0,0.0001,0,0,0,0,0,0,0,0.0001,0.0001,0.0001,0,0,0.2439,0.2987,0.2439,0.2987,
0,1.9802,0,0,0.495,1.4851,0.495,1.9802,1.9802,0.495,1.4851,0.495,0.9901,0.9901,0.495,0,0.495,0,0,0,0,0.0001,0,0,0,0.0001,0,0.0001,0.0001,0,0.0001,0,0,0,0,0,0,0,0,0,0.2292,0.2757,0.2292,0.2757,
0.9526,0,0.9526,0,0.9526,0,0.4763,0.4763,1.4289,0.9526,0.4763,0.9526,0,0.4763,0.9526,1.4289,0.9526,0.9526,0,0.9526,0.0001,0,0.0001,0,0.0001,0,0,0,0.0001,0.0001,0,0.0001,0,0,0.0001,0.0001,0.0001,0.0001,0,0.0001,0.2429,0.2808,0.2429,0.2808,
1.3823,0.6912,0.6912,0.6912,1.3823,0.6912,0,0,0,0,1.3823,0,0.6912,0.6912,0,0,0,0,0.6912,0.6912,0.0001,0,0,0,0.0001,0,0,0,0,0,0.0001,0,0,0,0,0,0,0,0,0,0.1862,0.1226,0.1862,0.1226,
0.3485,0.3485,0.6971,0,0.6971,2.0912,1.3941,1.3941,0,1.3941,1.0456,1.0456,1.0456,0.6971,1.0456,0.3485,0.6971,1.0456,1.3941,0.6971,0,0,0,0,0,0.0001,0.0001,0.0001,0,0.0001,0.0001,0.0001,0.0001,0,0.0001,0,0,0.0001,0.0001,0,0.3086,0.3428,0.3086,0.3428,
0,0.6117,0.6117,0,1.2233,0.6117,1.2233,1.2233,0,0,0,0,0,2.4467,0.6117,1.835,0.6117,1.2233,0.6117,0.6117,0,0,0,0,0.0001,0,0.0001,0.0001,0,0,0,0,0,0.0002,0,0.0001,0,0.0001,0,0,0.203,0.1853,0.203,0.1853,
0,0,0.8525,0,0,0,0,0,0,0.8525,0,0.8525,2.5575,0,0.8525,1.705,0.8525,0,0,0,0,0,0.0002,0,0,0,0,0,0,0.0002,0,0.0002,0.0007,0,0.0002,0.0005,0.0002,0,0,0,0.0763,0.0712,0.0763,0.0712,
1.0629,0,0,1.0629,2.6572,0.5314,0,2.6572,1.0629,2.1258,0.5314,0,0.5314,0,1.0629,0,1.5943,1.5943,0,0.5314,0.0001,0,0,0.0001,0.0003,0.0001,0,0.0003,0.0001,0.0002,0.0001,0,0.0001,0,0.0001,0,0.0002,0.0002,0,0.0001,0.1996,0.269,0.1996,0.269,
0.6353,0.6353,0.6353,0,0,0,0,0.6353,1.2706,0,0,0,0,0,0.6353,1.9059,0.6353,0,0.6353,0.6353,0.0001,0.0001,0.0001,0,0,0,0,0.0001,0.0001,0,0,0,0,0,0.0001,0.0002,0.0001,0,0.0001,0.0001,0.1879,0.1768,0.1879,0.1768,
0.6646,0,0.6646,0,0,1.3293,0,0,1.9939,0,0,1.3293,0,0,0,0.6646,0,0,0.6646,0,0.0001,0,0.0001,0,0,0.0002,0,0,0.0003,0,0,0.0002,0,0,0,0.0001,0,0,0.0001,0,0.1607,0.1746,0.1607,0.1746,
0.4817,1.445,0.9633,0.4817,0.4817,0.4817,0.9633,0.4817,1.445,0,1.445,1.445,0.4817,0.4817,0.4817,0.4817,1.445,0.4817,0.9633,0.4817,0,0.0001,0.0001,0,0,0,0.0001,0,0.0001,0,0.0001,0.0001,0,0,0,0,0.0001,0,0.0001,0,0.3065,0.2119,0.3065,0.2119,
0,0,0,2.0519,0,2.0519,0.684,0,0,0,2.0519,0.684,0,0,0,2.0519,0,0,0,0,0,0,0,0.0002,0,0.0002,0.0001,0,0,0,0.0002,0.0001,0,0,0,0.0002,0,0,0,0,0.1579,0.1582,0.1579,0.1582,
1.3161,0.658,1.6451,1.6451,0.658,0.9871,0.658,0.329,0,1.6451,0,0.329,2.3031,0.329,1.3161,0,0,0.658,0.329,1.3161,0.0001,0,0.0001,0.0001,0,0.0001,0,0,0,0.0001,0,0,0.0001,0,0.0001,0,0,0,0,0.0001,0.2934,0.3775,0.2934,0.3775,
1.1612,0,0,0,0.5806,1.1612,1.1612,0,0.5806,0,0,0.5806,0,0.5806,0.5806,0.5806,1.1612,0,1.1612,0.5806,0.0001,0,0,0,0.0001,0.0001,0.0001,0,0.0001,0,0,0.0001,0,0.0001,0.0001,0.0001,0.0001,0,0.0001,0.0001,0.209,0.2104,0.209,0.2104,
0.3586,0,0.3586,1.4345,0.7173,1.4345,1.0759,0.7173,0.3586,2.1518,0.3586,0.7173,1.7931,0.7173,1.0759,0.3586,0.7173,0.3586,1.4345,0.3586,0,0,0,0.0001,0,0.0001,0.0001,0,0,0.0001,0,0,0.0001,0,0.0001,0,0,0,0.0001,0,0.3362,0.3052,0.3362,0.3052,
3.8141,0.5449,0,0.5449,0.5449,0.5449,0.5449,1.6346,0,2.1795,0.5449,0,0,0.5449,1.0898,1.6346,0.5449,3.2693,0,0.5449,0.0002,0,0,0,0,0,0,0.0001,0,0.0001,0,0,0,0,0.0001,0.0001,0,0.0002,0,0,0.2332,0.2219,0.2332,0.2219,
3.5624,0,0,2.0357,1.0178,1.5267,0,2.0357,0,2.0357,0.5089,1.0178,0,0,1.0178,0,1.0178,2.5446,0,0,0.0003,0,0,0.0001,0.0001,0.0001,0,0.0001,0,0.0001,0,0.0001,0,0,0.0001,0,0.0001,0.0002,0,0,0.2715,0.2196,0.2715,0.2196,
0.9216,0.9216,1.3824,0.4608,1.8432,0,0.9216,0.4608,1.3824,1.3824,0.4608,0.4608,0,0.9216,0.9216,0,0.4608,0,1.3824,1.3824,0.0001,0.0001,0.0001,0,0.0001,0,0.0001,0,0.0001,0.0001,0,0,0,0.0001,0.0001,0,0,0,0.0001,0.0001,0.283,0.2562,0.283,0.2562,
0,0.6832,0,1.3663,0,0.6832,0,2.0495,0.6832,0,0,0.6832,0.6832,0,0,0,2.0495,0.6832,0,0.6832,0,0.0001,0,0.0001,0,0.0001,0,0.0002,0.0001,0,0,0.0001,0.0001,0,0,0,0.0002,0.0001,0,0.0001,0.1652,0.1517,0.1652,0.1517,
0.8047,0.4023,1.207,0,1.207,1.207,0.4023,0.4023,0.8047,1.207,0.4023,0.4023,0.4023,0.4023,0.8047,0.4023,0,2.414,1.207,1.207,0,0,0.0001,0,0.0001,0.0001,0,0,0,0.0001,0,0,0,0,0,0,0,0.0001,0.0001,0.0001,0.3002,0.2975,0.3002,0.2975,
0.7885,1.1827,0.7885,0.7885,0.7885,1.577,0.7885,0.7885,0.3942,0,1.1827,0.7885,0.3942,0.3942,1.577,0.7885,0,0.7885,0.3942,0.3942,0,0.0001,0,0,0,0.0001,0,0,0,0,0.0001,0,0,0,0.0001,0,0,0,0,0,0.3154,0.2904,0.3154,0.2904,
0.4879,0.9759,1.4638,1.9517,0,0.9759,0,0.4879,0,0.4879,1.9517,0,0.4879,1.4638,1.4638,0,0.9759,0,0,0,0,0.0001,0.0001,0.0001,0,0.0001,0,0,0,0,0.0001,0,0,0.0001,0.0001,0,0.0001,0,0,0,0.2965,0.2156,0.2965,0.2156,
0.6777,0.6777,0.6777,0,0,0,0,0.6777,1.3553,0,0,0.6777,0,0,0.6777,0.6777,0,0,0.6777,0,0.0001,0.0001,0.0001,0,0,0,0,0.0001,0.0001,0,0,0.0001,0,0,0.0001,0.0001,0,0,0.0001,0,0.1488,0.1736,0.1488,0.1736,
0.7842,0.7842,0,0,0.3921,1.5684,0.7842,1.5684,0.7842,0.3921,1.1763,0,0.7842,1.9605,0.7842,0.7842,0.7842,0.7842,1.9605,1.5684,0,0,0,0,0,0.0001,0,0.0001,0,0,0.0001,0,0,0.0001,0,0,0,0,0.0001,0.0001,0.3154,0.2925,0.3154,0.2925,
0.8786,1.7572,0.4393,1.3179,0.4393,0.4393,0.8786,0.4393,0.4393,0.8786,0.4393,0.4393,1.3179,0.8786,0.4393,0.4393,1.3179,1.3179,0.8786,0.4393,0,0.0001,0,0.0001,0,0,0,0,0,0,0,0,0.0001,0,0,0,0.0001,0.0001,0,0,0.3061,0.2545,0.3061,0.2545,
0,0.8853,0.4427,0.4427,1.328,3.0987,0,0,0.8853,1.328,1.328,2.2134,1.7707,0.8853,0.8853,0,0.8853,0.4427,0.8853,0.4427,0,0,0,0,0.0001,0.0001,0,0,0,0.0001,0.0001,0.0001,0.0001,0,0,0,0,0,0,0,0.2795,0.2778,0.2795,0.2778,
0,1.0278,0,1.5416,0,0.5139,1.0278,0.5139,1.0278,1.0278,1.0278,1.0278,0,0,0,0.5139,0.5139,1.5416,1.0278,0.5139,0,0.0001,0,0.0001,0,0,0.0001,0,0.0001,0.0001,0.0001,0.0001,0,0,0,0,0,0.0001,0.0001,0,0.2401,0.246,0.2401,0.246,
3.5133,0,2.635,0,0.8783,1.3175,0.4392,0.8783,0.8783,3.5133,0.4392,0,1.7567,0.4392,0,1.3175,2.1958,0.8783,0.8783,0,0.0002,0,0.0001,0,0,0.0001,0,0,0,0.0002,0,0,0.0001,0,0,0.0001,0.0001,0,0,0,0.2883,0.2725,0.2883,0.2725,
0,0.753,0,0,0,0.753,0,0,0.753,0,0,1.506,1.506,0,0.753,0,0.753,0,0.753,0,0,0.0001,0,0,0,0.0001,0,0,0.0001,0,0,0.0002,0.0002,0,0.0001,0,0.0001,0,0.0001,0,0.1481,0.0989,0.1481,0.0989,
1.9768,1.9768,2.471,0.4942,0.4942,2.471,0.9884,0.4942,0.4942,0.9884,0.9884,0.4942,0.4942,0.4942,0.4942,0.9884,1.4826,0,0.4942,0.4942,0.0001,0.0001,0.0001,0,0,0.0001,0,0,0,0,0,0,0,0,0,0,0.0001,0,0,0,0.2322,0.2736,0.2322,0.2736,
0,0,0,0,0,0.6878,1.3756,0,0.6878,0.6878,1.3756,0,0,1.3756,0,1.3756,0.6878,0.6878,0,0.6878,0,0,0,0,0,0.0001,0.0002,0,0.0001,0.0001,0.0002,0,0,0.0002,0,0.0002,0.0001,0.0001,0,0.0001,0.1454,0.1668,0.1454,0.1668,
0.827,1.2405,0,0.4135,0,1.2405,0.827,1.2405,2.481,0,0.4135,0,0.4135,1.2405,2.0675,0.827,0.4135,2.0675,0,0,0.0001,0.0001,0,0,0,0.0001,0.0001,0.0001,0.0002,0,0,0,0,0.0001,0.0001,0.0001,0,0.0001,0,0,0.3163,0.2702,0.3163,0.2702,
1.2621,0,0.4207,0.4207,0.4207,2.5242,1.2621,0.4207,1.6828,1.2621,1.6828,0,0,0.8414,0,0,0,1.6828,0,1.6828,0.0001,0,0,0,0,0.0002,0.0001,0,0.0001,0.0001,0.0001,0,0,0.0001,0,0,0,0.0001,0,0.0001,0.2748,0.3045,0.2748,0.3045,
0.3349,2.6792,0,0,0,0,0,0,0.6698,0,0.6698,0,0,0,9.0422,1.3396,0.3349,0.6698,0,1.0047,0,0.0001,0,0,0,0,0,0,0,0,0,0,0,0,0.0005,0.0001,0,0,0,0.0001,0.3535,0.3116,0.3535,0.3116,
0.5765,0,0.5765,0.5765,0,0.5765,0.5765,0.5765,0.5765,0.5765,0.5765,0,1.1529,1.1529,1.1529,0,1.1529,1.1529,0.5765,0,0.0001,0,0.0001,0.0001,0,0.0001,0.0001,0.0001,0.0001,0.0001,0.0001,0,0.0001,0.0001,0.0001,0,0.0001,0.0001,0.0001,0,0.2187,0.2048,0.2187,0.2048,
0,0,0,0,0.7506,0.7506,0,0,0,0.7506,0,0,0,1.5013,1.5013,1.5013,0,0.7506,0,0,0,0,0,0,0.0001,0.0001,0,0,0,0.0001,0,0,0,0.0002,0.0002,0.0002,0,0.0001,0,0,0.1296,0.1197,0.1296,0.1197,
0.7158,0,0,0.3579,0.3579,1.0736,0.7158,0,2.8631,1.4315,0.7158,0.3579,0.3579,0.3579,3.5788,1.0736,0.7158,0.7158,0,0.3579,0.0001,0,0,0,0,0.0001,0.0001,0,0.0003,0.0001,0.0001,0,0,0,0.0003,0.0001,0.0001,0.0001,0,0,0.283,0.3591,0.283,0.3591,
1.6906,0.4226,1.2679,0,0.4226,0.4226,0.4226,1.2679,0.8453,0.8453,0.8453,2.1132,0.4226,0.8453,1.2679,0,1.2679,0,1.2679,0,0.0001,0,0.0001,0,0,0,0,0.0001,0,0,0,0.0001,0,0,0.0001,0,0.0001,0,0.0001,0,0.289,0.2883,0.289,0.2883,
1.5145,0,0.7572,0,0.7572,2.2717,0,2.2717,0,0.7572,0.7572,0.7572,1.5145,0,0.7572,0,2.2717,0,0,0,0.0002,0,0.0001,0,0.0001,0.0003,0,0.0003,0,0.0001,0.0001,0.0001,0.0002,0,0.0001,0,0.0003,0,0,0,0.133,0.1098,0.133,0.1098,
1.6356,0,0,0.8178,0.8178,0,0,0.8178,0,0,0,0,0.8178,2.4534,0,0,0,0.8178,0,0,0.0003,0,0,0.0001,0.0001,0,0,0.0001,0,0,0,0,0.0001,0.0004,0,0,0,0.0001,0,0,0.0825,0.0997,0.0825,0.0997,
0.7678,0,0.7678,1.1518,0.3839,1.1518,0.7678,0.3839,1.5357,1.1518,1.5357,0.3839,0.3839,1.1518,0.3839,0.7678,0.3839,2.3035,0,1.1518,0,0,0,0.0001,0,0.0001,0,0,0.0001,0.0001,0.0001,0,0,0.0001,0,0,0,0.0001,0,0.0001,0.3109,0.3052,0.3109,0.3052,
1.3125,0.6562,0.6562,0.6562,0.9844,1.6406,0.3281,0.6562,1.6406,0.6562,0,1.3125,1.3125,0.6562,1.6406,0,0.6562,0.9844,0,0.3281,0.0001,0,0,0,0.0001,0.0001,0,0,0.0001,0,0,0.0001,0.0001,0,0.0001,0,0,0.0001,0,0,0.3365,0.3354,0.3365,0.3354,
0,0,0.7116,0,0.7116,0,0.7116,0,0.7116,1.4231,0,0,0,0,0,1.4231,1.4231,0,0,0,0,0,0.0001,0,0.0001,0,0.0001,0,0.0001,0.0003,0,0,0,0,0,0.0003,0.0003,0,0,0,0.1535,0.1349,0.1535,0.1349,
2.7107,0.3872,0.3872,0.3872,1.1617,0,1.1617,1.9362,0,1.9362,0.3872,0.7745,0.7745,0.7745,1.549,0.3872,0.7745,1.1617,1.1617,1.1617,0.0001,0,0,0,0.0001,0,0.0001,0.0001,0,0.0001,0,0,0,0,0.0001,0,0,0.0001,0.0001,0.0001,0.2937,0.3191,0.2937,0.3191,
2.6197,0,1.3098,0,0,0.6549,0,0.6549,0,0,0,0,0.6549,0.6549,0.6549,1.9647,0.6549,1.3098,0.6549,0,0.0002,0,0.0001,0,0,0.0001,0,0.0001,0,0,0,0,0.0001,0.0001,0.0001,0.0002,0.0001,0.0001,0.0001,0,0.172,0.1731,0.172,0.1731,
1.3661,0.3415,0.3415,1.3661,0.3415,1.0245,0,0.3415,0.683,0.683,0.683,0,0.3415,0.3415,2.3906,2.3906,0.683,2.0491,0.3415,0.683,0.0001,0,0,0.0001,0,0.0001,0,0,0,0,0,0,0,0,0.0001,0.0001,0,0.0001,0,0,0.326,0.3325,0.326,0.3325,
2.3892,1.1946,0.7964,1.1946,1.1946,0.7964,0.3982,0.7964,0.3982,0,0.3982,0.3982,1.1946,1.1946,0.3982,0.7964,0.3982,0,1.991,1.5928,0.0001,0,0,0,0,0,0,0,0,0,0,0,0,0,0,0,0,0,0.0001,0.0001,0.3211,0.2807,0.3211,0.2807,
0.457,0,0.9141,0.9141,0.9141,0.457,1.3711,0.457,1.8281,0.457,0.457,0,0.457,0.457,0.457,0.9141,0.9141,0.457,1.8281,0.457,0,0,0.0001,0.0001,0.0001,0,0.0001,0,0.0002,0,0,0,0,0,0,0.0001,0.0001,0,0.0002,0,0.277,0.266,0.277,0.266,
0,1.6368,0.8184,0.8184,0.8184,1.6368,0.8184,0,0.4092,1.2276,0.8184,0,0.8184,1.2276,0.4092,1.6368,0.4092,0,1.6368,1.2276,0,0.0001,0,0,0,0.0001,0,0,0,0.0001,0,0,0,0.0001,0,0.0001,0,0,0.0001,0.0001,0.2728,0.318,0.2728,0.318,
0.5422,0,1.0844,0,1.0844,1.0844,0.5422,4.88,1.0844,2.7111,0.5422,1.6267,0.5422,0,0,2.7111,1.0844,0.5422,0,0,0,0,0.0001,0,0.0001,0.0001,0,0.0003,0.0001,0.0001,0,0.0001,0,0,0,0.0001,0.0001,0,0,0,0.254,0.2038,0.254,0.2038,
0,0.4544,0.4544,0.4544,0.4544,0,0,3.1809,1.3633,0,0.4544,0.4544,0.4544,1.3633,0.9088,1.3633,0.4544,0.4544,0.4544,0.4544,0,0,0,0,0,0,0,0.0002,0.0001,0,0,0,0,0.0001,0.0001,0.0001,0,0,0,0,0.2693,0.2763,0.2693,0.2763,
1.7543,0,0.5848,1.1695,1.1695,0.5848,0,2.9238,1.1695,3.5086,0.5848,1.7543,0.5848,0,0,1.1695,1.1695,2.3391,0,0.5848,0.0001,0,0,0.0001,0.0001,0,0,0.0002,0.0001,0.0003,0,0.0001,0,0,0,0.0001,0.0001,0.0002,0,0,0.2268,0.1885,0.2268,0.1885,
0,0,0.6467,1.2934,0,0,0,0.6467,0.6467,1.2934,1.2934,1.2934,0,1.2934,0.6467,0.6467,1.2934,0,0,1.2934,0,0,0.0001,0.0001,0,0,0,0.0001,0.0001,0.0001,0.0001,0.0001,0,0.0001,0.0001,0.0001,0.0001,0,0,0.0001,0.1672,0.1861,0.1672,0.1861,
0,3.9861,0.6644,0.6644,0.6644,2.6574,0,1.3287,0,0.6644,0,0.6644,1.9931,0,0.6644,0.6644,3.9861,0,0,0.6644,0,0.0001,0,0,0,0.0001,0,0,0,0,0,0,0.0001,0,0,0,0.0001,0,0,0,0.167,0.1686,0.167,0.1686,
1.2571,0.6285,0,1.8856,1.2571,0.6285,0.6285,0,0,0,1.2571,1.2571,0,0,0.6285,0,0,0,0,0,0.0001,0.0001,0,0.0002,0.0001,0.0001,0.0001,0,0,0,0.0001,0.0001,0,0,0.0001,0,0,0,0,0,0.2392,0.1323,0.2392,0.1323,
1.1167,0.7444,0,0.3722,0.7444,1.1167,0,0.3722,3.7222,0.7444,0.7444,0.3722,0.3722,1.1167,1.4889,1.1167,0,2.2333,0,0,0.0001,0,0,0,0,0.0001,0,0,0.0002,0,0,0,0,0.0001,0.0001,0.0001,0,0.0001,0,0,0.321,0.3067,0.321,0.3067,
0.6495,1.299,0.3248,0.3248,0.6495,0.9743,0,1.6238,2.2733,0.6495,0.6495,0,0.9743,0.3248,0.9743,0,0.9743,1.6238,0.3248,0.9743,0,0.0001,0,0,0,0.0001,0,0.0001,0.0001,0,0,0,0.0001,0,0.0001,0,0.0001,0.0001,0,0.0001,0.3173,0.358,0.3173,0.358,
0.3884,1.5536,0.3884,0.7768,1.5536,1.1652,1.1652,1.5536,0.3884,0.3884,0.7768,1.1652,0.3884,0.7768,1.1652,0.7768,0.3884,0.3884,0.7768,1.1652,0,0.0001,0,0,0.0001,0.0001,0.0001,0.0001,0,0,0,0.0001,0,0,0.0001,0,0,0,0,0.0001,0.3239,0.2877,0.3239,0.2877,
1.5934,1.9918,0.7967,0.3984,0.3984,1.1951,0,0.3984,1.9918,0.7967,1.5934,0.7967,0.3984,0.3984,0.3984,1.1951,1.9918,0.7967,0.3984,0.7967,0.0001,0.0001,0,0,0,0,0,0,0.0001,0,0.0001,0,0,0,0,0,0.0001,0,0,0,0.308,0.2937,0.308,0.2937,
1.403,0.3507,0,0,0.3507,1.0522,0.7015,1.0522,1.7537,0.3507,0.7015,0.7015,0.3507,0.3507,3.8582,1.0522,0.3507,0.7015,0,0.3507,0.0001,0,0,0,0,0.0001,0.0001,0.0001,0.0001,0,0.0001,0.0001,0,0,0.0003,0.0001,0,0.0001,0,0,0.3052,0.3441,0.3052,0.3441,
1.2246,0,1.2246,1.8369,0,0,0,0,0,0.6123,0.6123,0,0,1.2246,1.2246,0,0,0.6123,0,0.6123,0.0001,0,0.0001,0.0002,0,0,0,0,0,0.0001,0.0001,0,0,0.0001,0.0001,0,0,0.0001,0,0.0001,0.1605,0.2272,0.1605,0.2272,
0.6507,0,0,0,0.6507,0.6507,0.3253,0.976,1.6267,1.3014,0.6507,0.6507,0.3253,0.3253,3.5787,1.6267,1.3014,0.3253,0,0.3253,0.0001,0,0,0,0.0001,0.0001,0,0.0001,0.0001,0.0001,0.0001,0.0001,0,0,0.0003,0.0001,0.0001,0,0,0,0.3815,0.2932,0.3815,0.2932,
1.1746,0.7831,1.5661,1.9577,0.3915,0.3915,0.3915,0.7831,1.1746,0.3915,0.7831,0.3915,1.9577,0.7831,1.1746,0.7831,0.7831,0.3915,0.3915,0.7831,0.0001,0,0.0001,0.0001,0,0,0,0,0.0001,0,0,0,0.0001,0,0.0001,0,0,0,0,0,0.2976,0.3109,0.2976,0.3109,
0.8573,0.4287,0,0,0,1.7147,0.8573,0.8573,1.286,0,2.572,0,1.7147,0.8573,0.4287,0.4287,0.8573,0,2.1433,1.286,0.0001,0,0,0,0,0.0001,0.0001,0.0001,0.0001,0,0.0002,0,0.0001,0.0001,0,0,0.0001,0,0.0001,0.0001,0.2825,0.2888,0.2825,0.2888,
1.3806,0,0.9204,0,0.4602,0.9204,0,0.4602,0,1.3806,0,0.4602,0.9204,1.8408,4.602,0.9204,0.9204,0,0.9204,0.9204,0.0001,0,0.0001,0,0,0.0001,0,0,0,0.0001,0,0,0.0001,0.0002,0.0004,0.0001,0.0001,0,0.0001,0.0001,0.2393,0.3005,0.2393,0.3005,
0.8972,1.7943,0.8972,0.4486,0.8972,0.4486,0.4486,0.4486,0.8972,0.8972,1.3457,1.3457,0.4486,0.4486,0.4486,0.4486,0.4486,1.3457,0.8972,0,0,0.0001,0,0,0,0,0,0,0,0,0.0001,0.0001,0,0,0,0,0,0.0001,0,0,0.2592,0.2923,0.2592,0.2923,
0,0.3102,0.6205,0.6205,0.3102,1.2409,0.3102,0,0.9307,0.3102,1.2409,0.9307,0,0.9307,1.8614,0.6205,0.9307,0.6205,1.2409,0.9307,0,0,0,0,0,0.0001,0,0,0.0001,0,0.0001,0.0001,0,0.0001,0.0001,0,0.0001,0,0.0001,0.0001,0.306,0.3838,0.306,0.3838,
0,0,0,0,2.9622,0,0,7.4055,0,2.9622,0.7405,2.2216,0.7405,1.4811,0,2.9622,0.7405,0,0,0,0,0,0,0,0.0002,0,0,0.0004,0,0.0002,0,0.0001,0,0.0001,0,0.0002,0,0,0,0,0.1247,0.1347,0.1247,0.1347,
0,0.9731,0.6487,0.3244,1.2975,1.2975,2.2706,0,0.6487,0,1.2975,0.3244,0,0.3244,0.9731,0.3244,1.2975,1.2975,0.6487,0.3244,0,0.0001,0,0,0.0001,0.0001,0.0001,0,0,0,0.0001,0,0,0,0.0001,0,0.0001,0.0001,0,0,0.3495,0.3261,0.3495,0.3261,
2.4422,0,0,0,0.6978,1.0466,0.3489,0,1.7444,1.0466,0.6978,0.6978,0.3489,0.3489,3.8377,1.3955,0.6978,0.3489,0,0,0.0002,0,0,0,0.0001,0.0001,0,0,0.0001,0.0001,0.0001,0.0001,0,0,0.0003,0.0001,0.0001,0,0,0,0.3541,0.297,0.3541,0.297,
0.9907,0.3302,0.9907,0.3302,1.9813,0,1.3209,0.9907,0.3302,1.3209,0,1.9813,0.6604,0,1.3209,0.9907,1.3209,0.6604,0.6604,0.3302,0.0001,0,0.0001,0,0.0001,0,0.0001,0.0001,0,0.0001,0,0.0001,0,0,0.0001,0.0001,0.0001,0,0,0,0.3357,0.3341,0.3357,0.3341,
0,0,1.4789,0,0,0.7395,0.7395,0,0,0.7395,0.7395,0,0.7395,0,0,0.7395,1.4789,0,0,0.7395,0,0,0.0002,0,0,0.0001,0.0001,0,0,0.0001,0.0001,0,0.0001,0,0,0.0001,0.0002,0,0,0.0001,0.1465,0.114,0.1465,0.114,
0.7464,2.2393,0.7464,0,0.7464,0,0.7464,0,0,0.7464,0,1.4929,0,0,0,0,0,0,0.7464,0,0.0001,0.0002,0.0001,0,0.0001,0,0.0001,0,0,0.0001,0,0.0001,0,0,0,0,0,0,0.0001,0,0.161,0.0926,0.161,0.0926,
2.2359,1.118,0.3727,0.3727,1.118,0.3727,1.4906,1.4906,0.7453,0,1.118,0.7453,0,0.3727,1.118,0.7453,1.8633,0,1.118,0.7453,0.0001,0.0001,0,0,0.0001,0,0.0001,0.0001,0,0,0.0001,0,0,0,0.0001,0,0.0001,0,0.0001,0,0.3136,0.3137,0.3136,0.3137,
0.6807,1.021,1.021,1.7017,1.021,0.6807,1.021,0.3403,1.021,1.3614,0.6807,0.3403,0.3403,1.3614,1.021,1.3614,1.021,0,1.021,0,0,0.0001,0.0001,0.0001,0.0001,0,0.0001,0,0.0001,0.0001,0,0,0,0.0001,0.0001,0.0001,0.0001,0,0.0001,0,0.3357,0.324,0.3357,0.324,
0.6823,0,0.6823,0.6823,0,0,0.6823,0.6823,0,0,0.6823,0.6823,0,0,0,0,1.3647,0.6823,0.6823,0,0.0001,0,0.0001,0.0001,0,0,0.0001,0.0001,0,0,0.0001,0.0001,0,0,0,0,0.0002,0.0001,0.0001,0,0.181,0.1367,0.181,0.1367,
1.0035,0,0,0.5018,1.5053,0.5018,0,1.0035,1.0035,3.5124,0.5018,2.0071,1.0035,0.5018,0.5018,2.0071,0.5018,1.5053,0.5018,1.0035,0.0001,0,0,0,0.0001,0,0,0.0001,0.0001,0.0002,0,0.0001,0.0001,0,0,0.0001,0,0.0001,0,0.0001,0.2503,0.2479,0.2503,0.2479,
0.7341,1.1011,0.7341,1.1011,0.7341,1.1011,0.7341,0.7341,1.1011,0.367,0,0,1.8352,1.4681,0.7341,1.8352,0.367,1.4681,1.4681,0.367,0,0.0001,0,0.0001,0,0.0001,0,0,0.0001,0,0,0,0.0001,0.0001,0,0.0001,0,0.0001,0.0001,0,0.327,0.3059,0.327,0.3059,
0.9871,0.6581,2.6323,0,0,0.6581,0.6581,1.6452,0.329,0.9871,0.9871,1.3162,0.329,0.6581,1.3162,0.9871,0.329,0.329,0.6581,0.329,0,0,0.0001,0,0,0,0,0.0001,0,0,0,0.0001,0,0,0.0001,0,0,0,0,0,0.3294,0.3416,0.3294,0.3416,
0,0,1.5681,1.0454,1.0454,0,0,1.5681,1.0454,1.0454,1.0454,2.0908,0,0,0,1.0454,0.5227,0.5227,0.5227,0,0,0,0.0001,0.0001,0.0001,0,0,0.0001,0.0001,0.0001,0.0001,0.0001,0,0,0,0.0001,0,0,0,0,0.2883,0.1889,0.2883,0.1889,
0,0.4392,0,0.8785,0.8785,1.3177,0,0.8785,0.4392,0.4392,0.8785,0.4392,0.4392,0,2.1962,0.8785,0.4392,0.4392,0.4392,0.4392,0,0,0,0.0001,0.0001,0.0001,0,0.0001,0,0,0.0001,0,0,0,0.0002,0.0001,0,0,0,0,0.2984,0.2624,0.2984,0.2624,
0,1.0423,1.0423,0.5211,2.6057,1.5634,0,1.0423,0.5211,0.5211,2.0846,1.0423,1.0423,1.0423,0,1.5634,0,0.5211,1.0423,1.5634,0,0,0,0,0.0001,0.0001,0,0,0,0,0.0001,0,0,0,0,0.0001,0,0,0,0.0001,0.2373,0.2415,0.2373,0.2415,
0,0,0.7366,0.7366,0,0,0,0,0,0,0.7366,0.7366,0.7366,1.4731,0,0.7366,0,0,2.2097,0.7366,0,0,0.0001,0.0001,0,0,0,0,0,0,0.0001,0.0001,0.0001,0.0001,0,0.0001,0,0,0.0002,0.0001,0.1091,0.1543,0.1091,0.1543,
1.6027,0,0.8013,0,0,0,0,0,0.8013,0.8013,0.8013,0,1.6027,0,0,0,0.8013,0.8013,0,0,0.0003,0,0.0001,0,0,0,0,0,0.0001,0.0001,0.0001,0,0.0003,0,0,0,0.0001,0.0001,0,0,0.1015,0.0971,0.1015,0.0971,
0.9138,0,1.3707,1.8276,1.3707,0,0.9138,1.3707,0.9138,1.3707,0.4569,0.4569,0,0.9138,0.9138,0.4569,0.4569,1.3707,0.4569,0,0.0001,0,0.0001,0.0001,0.0001,0,0.0001,0.0001,0.0001,0.0001,0,0,0,0.0001,0.0001,0,0,0.0001,0,0,0.3015,0.2416,0.3015,0.2416,
0.4306,1.2919,0,0.8613,0.4306,0.8613,1.2919,0.8613,0.8613,1.2919,0,0.4306,0.4306,0.4306,1.2919,1.2919,1.2919,0.4306,0,0.8613,0,0.0001,0,0.0001,0,0.0001,0.0001,0.0001,0.0001,0.0001,0,0,0,0,0.0001,0.0001,0.0001,0,0,0.0001,0.2889,0.2805,0.2889,0.2805,
0.3948,0,1.1845,2.3689,0.3948,0.3948,1.1845,1.5793,0,0.3948,0.7896,1.1845,0.3948,0.7896,0.3948,1.1845,1.1845,0.3948,1.1845,0.3948,0,0,0.0001,0.0002,0,0,0.0001,0.0001,0,0,0.0001,0.0001,0,0.0001,0,0.0001,0.0001,0,0.0001,0,0.3414,0.2638,0.3414,0.2638,
0,1.3541,1.3541,0.9027,0.4514,0.9027,0,0.4514,0.9027,0,1.8055,1.3541,0.9027,0.4514,0.9027,0.4514,1.8055,0.4514,1.3541,0.9027,0,0.0001,0.0001,0,0,0,0,0,0,0,0.0001,0.0001,0,0,0,0,0.0001,0,0.0001,0,0.2501,0.2985,0.2501,0.2985,
0,1.5314,0,0.5105,2.5523,0.5105,0.5105,0,1.5314,1.5314,1.0209,1.0209,1.5314,2.0418,0.5105,0.5105,1.0209,0.5105,0,1.5314,0,0.0001,0,0,0.0001,0,0,0,0.0001,0.0001,0.0001,0.0001,0.0001,0.0001,0,0,0.0001,0,0,0.0001,0.2356,0.254,0.2356,0.254,
1.5003,0,0.7502,2.2505,0,0,0.7502,0.7502,0,0,0,0.7502,0.7502,1.5003,0,0.7502,1.5003,0,0,0,0.0003,0,0.0001,0.0004,0,0,0.0001,0.0001,0,0,0,0.0001,0.0001,0.0003,0,0.0001,0.0003,0,0,0,0.102,0.1479,0.102,0.1479,
0.6624,0.6624,0.6624,0.6624,0,0,0,0,0.6624,0,0,0,0.6624,0,0.6624,0,1.9872,1.3248,0.6624,1.3248,0.0001,0.0001,0.0001,0.0001,0,0,0,0,0.0001,0,0,0,0.0001,0,0.0001,0,0.0002,0.0001,0.0001,0.0001,0.1765,0.1611,0.1765,0.1611,
0.7757,0,0,0.7757,0,0.7757,0,0.7757,0.7757,0,0,0,0,0.7757,0,1.5514,0.7757,2.3271,0,0,0.0001,0,0,0.0001,0,0.0001,0,0.0001,0.0001,0,0,0,0,0.0001,0,0.0002,0.0001,0.0004,0,0,0.1229,0.1014,0.1229,0.1014,
0,0,0.7766,0,1.5532,0.7766,0,0,1.5532,1.5532,0,0,0,0.7766,0.7766,0,0,0,0,0,0,0,0.0001,0,0.0002,0.0001,0,0,0.0002,0.0002,0,0,0,0.0001,0.0001,0,0,0,0,0,0.0895,0.1339,0.0895,0.1339,
0,1.3637,0.9091,0.4546,1.3637,0.9091,0.9091,0.9091,0,0.9091,1.3637,1.3637,0.9091,1.8182,0.9091,0.4546,1.3637,0.4546,0.4546,0.4546,0,0.0001,0,0,0.0001,0,0,0,0,0,0.0001,0.0001,0,0.0001,0,0,0.0001,0,0,0,0.3154,0.2301,0.3154,0.2301,
0,0,0.8043,0,0,0,0,0,0.8043,2.413,0.8043,0,1.6087,0.8043,0,0.8043,0,1.6087,0,0.8043,0,0,0.0001,0,0,0,0,0,0.0001,0.0003,0.0001,0,0.0002,0.0001,0,0.0001,0,0.0002,0,0.0001,0.0824,0.1132,0.0824,0.1132,
0,2.5814,0.7375,0,0.3688,0.7375,0.7375,0.7375,1.4751,0.7375,1.1063,1.1063,0.7375,1.8439,1.1063,0.3688,0.3688,0.3688,0,1.1063,0,0.0001,0,0,0,0,0,0,0.0001,0,0.0001,0.0001,0,0.0001,0.0001,0,0,0,0,0.0001,0.309,0.3222,0.309,0.3222,
1.9898,1.3265,0.6633,0.6633,0,0.6633,0.6633,0,0,0.6633,0,1.9898,1.9898,0,0.6633,0.6633,0,2.653,0,0.6633,0.0001,0.0001,0,0,0,0,0,0,0,0,0,0.0001,0.0001,0,0,0,0,0.0002,0,0,0.1715,0.1652,0.1715,0.1652,
1.6561,2.2081,0,0.552,0.552,1.6561,0.552,1.104,0,1.104,1.6561,0,0,1.6561,0.552,2.2081,1.104,2.2081,1.104,0.552,0.0001,0.0001,0,0,0,0.0001,0,0,0,0,0.0001,0,0,0.0001,0,0.0001,0,0.0001,0,0,0.218,0.23,0.218,0.23,
2.2958,1.3775,0.9183,0.9183,0.9183,0.9183,0.4592,0.4592,0.4592,0,0.4592,0.9183,2.7549,0.4592,0.9183,0.4592,0.9183,1.3775,0.9183,0.4592,0.0001,0.0001,0,0,0,0,0,0,0,0,0,0,0.0001,0,0,0,0,0.0001,0,0,0.2632,0.2777,0.2632,0.2777,
0,0,0,0,0,0.4774,0,0,0,0,0.4774,0,1.4321,0,10.5018,1.9094,0,0.9547,0,0,0,0,0,0,0,0.0001,0,0,0,0,0.0001,0,0.0002,0,0.0014,0.0002,0,0.0001,0,0,0.2318,0.2909,0.2318,0.2909,
0,0,0,0,0.9282,0,0,0.9282,0,0.9282,1.8565,0,3.7129,0,0,0.9282,0,0,0,0,0,0,0,0,0.0002,0,0,0.0002,0,0.0002,0.0003,0,0.0007,0,0,0.0002,0,0,0,0,0.0421,0.0297,0.0421,0.0297,
0.457,0.457,0,0.457,0.9141,0.9141,1.8281,0.9141,1.3711,0.9141,0.9141,0.9141,0.457,0.9141,0.457,0.457,0,1.8281,1.3711,0.9141,0,0,0,0,0.0001,0.0001,0.0001,0.0001,0.0001,0.0001,0.0001,0.0001,0,0.0001,0,0,0,0.0001,0.0001,0.0001,0.3003,0.2427,0.3003,0.2427,
0.8853,0.8853,0,0.4427,0,0.4427,0.4427,0.8853,0.4427,2.2134,2.656,1.7707,0.4427,1.328,1.7707,0,0.4427,0.8853,0.4427,0,0.0001,0.0001,0,0,0,0,0,0.0001,0,0.0001,0.0002,0.0001,0,0.0001,0.0001,0,0,0.0001,0,0,0.3103,0.2471,0.3103,0.2471,
0.4139,0.4139,0.4139,2.0696,0.4139,0,1.6557,0.4139,0.4139,0.4139,0.8279,0.8279,1.2418,0.8279,0.8279,0.4139,0.4139,0.4139,0.4139,1.2418,0,0,0,0.0002,0,0,0.0001,0,0,0,0.0001,0.0001,0.0001,0.0001,0.0001,0,0,0,0,0.0001,0.2959,0.2902,0.2959,0.2902,
0,3.6757,0.6126,0.6126,0.6126,1.8378,0,1.2252,1.2252,0.6126,0,1.2252,1.2252,0,0,1.2252,1.2252,2.4505,0,0.6126,0,0.0001,0,0,0,0.0001,0,0,0,0,0,0,0,0,0,0,0,0.0001,0,0,0.2054,0.182,0.2054,0.182,
0.7469,0.3735,1.1204,2.6142,0.3735,0,0.3735,0.7469,1.1204,1.4938,0.3735,1.1204,0,0.3735,1.4938,0.3735,0,1.4938,0,0.7469,0,0,0.0001,0.0002,0,0,0,0,0.0001,0.0001,0,0.0001,0,0,0.0001,0,0,0.0001,0,0,0.3271,0.2995,0.3271,0.2995,
1.5622,1.2498,0,1.2498,0.6249,0.9373,0,0.6249,2.1871,0.9373,0.3124,1.2498,0.9373,0,1.8747,0,0.6249,0,0,0.6249,0.0001,0.0001,0,0.0001,0,0,0,0,0.0001,0,0,0.0001,0,0,0.0001,0,0,0,0,0,0.3915,0.296,0.3915,0.296,
0.7207,0,0.7207,0.7207,0.7207,0,0,0,0,0,0,0.7207,2.1622,0,0.7207,0.7207,0,0.7207,0,0,0.0001,0,0.0001,0.0001,0.0001,0,0,0,0,0,0,0.0001,0.0003,0,0.0001,0.0001,0,0.0001,0,0,0.1211,0.1581,0.1211,0.1581,
1.0766,0.7177,2.1532,1.0766,1.4354,0.7177,0,0,1.4354,0.3589,0.3589,0.3589,1.4354,0.7177,0.7177,1.7943,0.3589,0.7177,0,0.3589,0.0001,0,0.0001,0.0001,0.0001,0,0,0,0.0001,0,0,0,0.0001,0,0,0.0001,0,0,0,0,0.364,0.2772,0.364,0.2772,
2.18,0,0.545,0.545,0.545,0,0.545,0,1.09,0.545,0,0,0,1.09,1.09,0.545,0.545,0,0,0,0.0003,0,0.0001,0.0001,0.0001,0,0.0001,0,0.0001,0.0001,0,0,0,0.0001,0.0001,0.0001,0.0001,0,0,0,0.2451,0.2099,0.2451,0.2099,
0,0.4144,2.0719,0.4144,1.2431,0.8288,0.8288,0.4144,0.8288,0.4144,1.2431,0.4144,1.2431,1.6575,0.8288,0.4144,0.4144,0.4144,0.4144,2.4863,0,0,0.0001,0,0.0001,0,0,0,0,0,0.0001,0,0.0001,0.0001,0,0,0,0,0,0.0001,0.2753,0.3104,0.2753,0.3104,
1.8843,1.5074,1.5074,0.3769,0.7537,1.5074,0,0,1.8843,0,0.3769,0.3769,0.3769,0.3769,0.3769,0.3769,0.3769,0,1.8843,0.3769,0.0001,0.0001,0.0001,0,0,0.0001,0,0,0.0001,0,0,0,0,0,0,0,0,0,0.0001,0,0.2932,0.33,0.2932,0.33,
0.8536,0.8536,1.7073,1.7073,0,0.4268,1.2804,0.8536,1.2804,0.8536,0.8536,0.4268,0.8536,0.8536,0.4268,1.2804,1.7073,0.4268,0.4268,0.4268,0.0001,0.0001,0.0001,0.0001,0,0,0.0001,0.0001,0.0001,0.0001,0.0001,0,0.0001,0.0001,0,0.0001,0.0001,0,0,0,0.2855,0.2877,0.2855,0.2877,
0,1.4409,0.7205,0,0.7205,0.7205,0,0,0,0,2.1614,0.7205,0,0,0.7205,1.4409,0.7205,2.1614,0,0,0,0.0001,0,0,0,0,0,0,0,0,0.0001,0,0,0,0,0.0001,0,0.0001,0,0,0.1251,0.1544,0.1251,0.1544,
0.62,1.2399,0,0,0,0,0.62,0,2.4798,1.2399,0,1.8599,0.62,0,0.62,0.62,0,0,1.2399,0,0,0.0001,0,0,0,0,0,0,0.0001,0.0001,0,0.0001,0,0,0,0,0,0,0.0001,0,0.157,0.2231,0.157,0.2231,
0,3.7669,1.2556,0.6278,0.6278,3.1391,0,0.6278,0,0.6278,0,0.6278,1.8835,0,0.6278,0.6278,3.1391,0.6278,0,0,0,0.0001,0,0,0,0.0001,0,0,0,0,0,0,0.0001,0,0,0,0.0001,0,0,0,0.176,0.1962,0.176,0.1962,
0,1.0485,0,0.5243,2.6213,0,0,0,1.0485,0,1.0485,0.5243,0.5243,0.5243,1.0485,1.0485,1.0485,1.0485,1.0485,0,0,0.0001,0,0,0.0002,0,0,0,0.0001,0,0.0001,0,0,0,0.0001,0.0001,0.0001,0.0001,0.0001,0,0.2375,0.2383,0.2375,0.2383,
0.567,0,0.567,0.567,0.567,0,0.567,1.701,0,0.567,0,0.567,0,1.701,0.567,1.134,0.567,1.134,1.134,0,0.0001,0,0.0001,0.0001,0.0001,0,0.0001,0.0002,0,0.0001,0,0.0001,0,0.0002,0.0001,0.0001,0.0001,0.0001,0.0001,0,0.2075,0.2255,0.2075,0.2255,
0,0,1.4611,0.7305,0,0.7305,0.7305,0,0.7305,0,0,0,1.4611,1.4611,0,0,0.7305,0.7305,0,0,0,0,0.0004,0.0002,0,0.0002,0.0002,0,0.0002,0,0,0,0.0004,0.0004,0,0,0.0002,0.0002,0,0,0.1649,0.1046,0.1649,0.1046,
0,0,0.7165,0.7165,0.7165,1.433,0,0,0,0.7165,0,0.7165,0.7165,0,0.7165,0.7165,1.433,0,0,0,0,0,0.0001,0.0001,0.0001,0.0002,0,0,0,0.0001,0,0.0001,0.0001,0,0.0001,0.0001,0.0002,0,0,0,0.1365,0.147,0.1365,0.147,
0.7773,1.1659,0.3886,1.1659,1.9431,1.1659,1.5545,0.3886,0.7773,0.3886,2.3318,0.3886,0,0.7773,0,0.7773,0.3886,0.7773,1.5545,0.3886,0,0.0001,0,0.0001,0.0001,0.0001,0.0001,0,0,0,0.0001,0,0,0,0,0,0,0,0.0001,0,0.3211,0.2903,0.3211,0.2903,
0.5259,0.5259,0,0.5259,2.1036,1.0518,0,1.0518,0.5259,3.1554,0.5259,2.1036,1.5777,0.5259,0.5259,2.1036,0.5259,1.0518,0.5259,1.0518,0,0,0,0,0.0001,0.0001,0,0.0001,0,0.0002,0,0.0001,0.0001,0,0,0.0001,0,0.0001,0,0.0001,0.2293,0.2448,0.2293,0.2448,
0.6894,0,0.6894,1.7236,0.3447,1.0341,0.6894,1.3789,1.3789,1.0341,0.3447,1.3789,0.6894,1.0341,0.6894,1.0341,1.0341,0.3447,0.6894,0.3447,0,0,0,0.0001,0,0.0001,0,0.0001,0.0001,0.0001,0,0.0001,0,0.0001,0,0.0001,0.0001,0,0,0,0.3606,0.2947,0.3606,0.2947,
0,2.0995,0,0,0.6998,0,0,0.6998,0.6998,0.6998,0,0,0.6998,0,1.3997,0,0,0,0.6998,0,0,0.0001,0,0,0,0,0,0,0,0,0,0,0,0,0.0001,0,0,0,0,0,0.1681,0.1321,0.1681,0.1321,
0.7482,1.4965,0.7482,1.4965,2.2447,1.1224,0.7482,0.3741,0.7482,1.4965,0.3741,0.7482,1.1224,0.3741,0.3741,0.3741,1.4965,1.1224,0.3741,1.1224,0,0.0001,0,0.0001,0.0001,0.0001,0,0,0,0.0001,0,0,0.0001,0,0,0,0.0001,0.0001,0,0.0001,0.3241,0.3017,0.3241,0.3017,
0.8132,1.6265,0,0,0,0,0,0,0.8132,0,0,0.8132,0.8132,0.8132,0,0,1.6265,0,0,0.8132,0.0001,0.0001,0,0,0,0,0,0,0.0001,0,0,0.0001,0.0001,0.0001,0,0,0.0001,0,0,0.0001,0.0878,0.0989,0.0878,0.0989,
0,0,0,0,1.6235,2.4353,0,0,0,0,0.8118,0,0.8118,0,0.8118,1.6235,0,0,0,0,0,0,0,0,0.0002,0.0003,0,0,0,0,0.0001,0,0.0001,0,0.0001,0.0002,0,0,0,0,0.0955,0.0928,0.0955,0.0928,
1.0404,0,0,0.5202,1.5606,2.601,0.5202,0.5202,1.5606,1.0404,0.5202,0,0,0,0,0.5202,0,0.5202,0,0,0.0001,0,0,0,0.0001,0.0002,0,0,0.0001,0.0001,0,0,0,0,0,0,0,0,0,0,0.2349,0.2449,0.2349,0.2449,
2.2266,0,0,1.6699,1.1133,2.7832,0,0.5566,0.5566,4.4532,2.2266,0.5566,0,0.5566,0,0.5566,0.5566,2.2266,0.5566,0,0.0002,0,0,0.0001,0.0001,0.0002,0,0,0,0.0003,0.0002,0,0,0,0,0,0,0.0002,0,0,0.2554,0.1879,0.2554,0.1879,
0,1.7396,0,0,1.1597,0,0.5799,0,1.7396,0.5799,0,2.3194,0,1.1597,0.5799,0,1.7396,0.5799,0,0,0,0.0001,0,0,0.0001,0,0,0,0.0001,0,0,0.0001,0,0.0001,0,0,0.0001,0,0,0,0.2501,0.17,0.2501,0.17,
1.3984,1.3984,0.4661,0.4661,0,0.4661,0.9323,0.9323,0.9323,1.3984,0.4661,0,1.3984,1.3984,0.4661,2.3307,1.3984,0.9323,1.3984,0.4661,0.0001,0.0001,0,0,0,0,0,0,0,0.0001,0,0,0.0001,0.0001,0,0.0001,0.0001,0,0.0001,0,0.2548,0.2791,0.2548,0.2791,
1.6659,0,0.4165,0.8329,0.4165,0.8329,0,0.4165,1.6659,1.2494,0.4165,1.2494,0.4165,1.2494,0.4165,1.6659,0.4165,1.2494,1.6659,1.6659,0.0001,0,0,0,0,0,0,0,0.0001,0.0001,0,0.0001,0,0.0001,0,0.0001,0,0.0001,0.0001,0.0001,0.2999,0.2836,0.2999,0.2836,
0,0,0.6529,0,0,0.6529,0.6529,1.3058,1.3058,1.3058,0,0,0,0.6529,0,0.6529,0,1.3058,0.6529,0,0,0,0.0001,0,0,0.0001,0.0001,0.0001,0.0001,0.0001,0,0,0,0.0001,0,0.0001,0,0.0001,0.0001,0,0.1791,0.168,0.1791,0.168,
0.4068,1.6273,0.4068,1.2205,0.8137,0,0.8137,0.8137,0.4068,0.8137,0.8137,1.2205,1.6273,0.8137,0.8137,0.8137,0.4068,1.6273,1.2205,0.8137,0,0.0001,0,0.0001,0,0,0,0,0,0,0,0.0001,0.0001,0,0,0,0,0.0001,0.0001,0,0.3058,0.2874,0.3058,0.2874,
1.989,0,0,1.5912,0.7956,0.3978,0,1.989,1.989,1.989,0,1.1934,0,1.1934,0.7956,0.7956,0.7956,0,0,1.1934,0.0002,0,0,0.0001,0.0001,0,0,0.0002,0.0002,0.0002,0,0.0001,0,0.0001,0.0001,0.0001,0.0001,0,0,0.0001,0.2805,0.3217,0.2805,0.3217,
0,1.4309,1.0732,0.3577,1.0732,1.4309,0.7155,0.3577,1.0732,0.7155,1.4309,0,1.0732,0.7155,1.4309,1.0732,0.7155,0.3577,1.0732,1.0732,0,0.0001,0,0,0,0.0001,0,0,0,0,0.0001,0,0,0,0.0001,0,0,0,0,0,0.3537,0.2885,0.3537,0.2885,
1.136,0.568,0,0,1.136,0,0.568,0,0.568,0,1.7039,1.7039,4.5438,1.7039,0.568,0.568,0.568,1.7039,0.568,2.2719,0.0001,0,0,0,0.0001,0,0,0,0,0,0.0001,0.0001,0.0002,0.0001,0,0,0,0.0001,0,0.0001,0.2174,0.2146,0.2174,0.2146,
0.4417,0.4417,0.8834,0.4417,1.3252,0.4417,0,0,1.3252,4.4172,0.4417,2.2086,3.092,0.8834,0.4417,1.7669,0.8834,0.8834,0,0,0,0,0,0,0.0001,0,0,0,0.0001,0.0002,0,0.0001,0.0002,0,0,0.0001,0,0,0,0,0.2759,0.2823,0.2759,0.2823,
1.0539,1.7564,0.3513,1.0539,1.4052,1.4052,0.3513,0.3513,0.7026,0.3513,1.0539,1.0539,1.4052,0.7026,1.0539,0.7026,0,0.3513,1.0539,0.7026,0,0.0001,0,0,0.0001,0.0001,0,0,0,0,0,0,0.0001,0,0,0,0,0,0,0,0.3325,0.3162,0.3325,0.3162,
1.9037,1.1422,0.7615,0.7615,0,0.7615,0.7615,1.523,1.1422,0.3807,1.1422,0,0.7615,1.1422,1.1422,0,0.7615,0.3807,0.3807,1.1422,0.0001,0.0001,0,0,0,0,0,0.0001,0.0001,0,0.0001,0,0,0.0001,0.0001,0,0,0,0,0.0001,0.3311,0.2881,0.3311,0.2881,
2.3196,0,1.1598,0,1.1598,0.5799,0,1.7397,0,3.4793,0.5799,0,0,1.1598,0.5799,1.7397,0.5799,1.7397,0,0.5799,0.0002,0,0.0001,0,0.0001,0,0,0.0001,0,0.0002,0,0,0,0.0001,0,0.0001,0,0.0001,0,0,0.2025,0.2176,0.2025,0.2176,
0,0,1.3362,1.3362,1.3362,0.4454,0.4454,2.227,0.8908,0.8908,0,0.4454,0.4454,0.4454,0.4454,1.7816,0.4454,0.4454,0.8908,1.3362,0,0,0.0001,0.0001,0.0001,0,0,0.0001,0.0001,0.0001,0,0,0,0,0,0.0001,0,0,0.0001,0.0001,0.2554,0.2992,0.2554,0.2992,
0.9059,1.3588,0.4529,0,0.9059,0.4529,0,0.9059,0.4529,0.4529,0.4529,0.9059,0.9059,0.4529,1.8117,1.3588,1.3588,0.9059,1.3588,0.9059,0,0.0001,0,0,0,0,0,0,0,0,0,0,0,0,0.0001,0.0001,0.0001,0,0.0001,0,0.2863,0.2608,0.2863,0.2608,
0.3513,2.1075,0.3513,1.405,1.0538,1.405,1.0538,1.0538,0,1.7563,0,1.405,0.7025,0.7025,1.0538,1.405,0,1.0538,0,0.7025,0,0.0001,0,0.0001,0,0.0001,0,0,0,0.0001,0,0.0001,0,0,0,0.0001,0,0,0,0,0.3001,0.3486,0.3001,0.3486,
0.462,0.462,0.924,0.462,0.462,0.924,0,1.3861,0.462,1.3861,0.924,0.924,1.3861,1.3861,0.924,0.462,0.462,1.3861,1.8481,0.924,0,0,0.0001,0,0,0.0001,0,0.0001,0,0.0001,0.0001,0.0001,0.0001,0.0001,0.0001,0,0,0.0001,0.0001,0.0001,0.3064,0.2316,0.3064,0.2316,
0.6779,1.3558,0,0,0,0.6779,0.3389,0,0,0,0.3389,0,0,0,9.4903,1.6947,0.3389,0.3389,0,1.3558,0.0001,0.0001,0,0,0,0.0001,0,0,0,0,0,0,0,0,0.0007,0.0001,0,0,0,0.0001,0.3596,0.3015,0.3596,0.3015,
0.7991,0.7991,0.3995,0,0.7991,0.3995,0.7991,0.3995,0,1.9977,1.1986,0.7991,0.3995,1.1986,1.5982,1.1986,1.1986,1.5982,1.5982,0,0,0,0,0,0,0,0,0,0,0.0001,0.0001,0,0,0.0001,0.0001,0.0001,0.0001,0.0001,0.0001,0,0.288,0.3125,0.288,0.3125,
1.346,1.346,0.8974,1.7947,0,0,0,0.4487,0.4487,0.4487,0.4487,0.4487,0.4487,0.8974,0,0.8974,1.7947,0.4487,1.7947,1.346,0.0001,0.0001,0,0.0001,0,0,0,0,0,0,0,0,0,0,0,0,0.0001,0,0.0001,0.0001,0.3019,0.2494,0.3019,0.2494,
0.437,0.874,0.437,0.437,0.874,0.874,0.874,0.437,0.874,1.311,0.437,0,0,0.874,1.311,0,0.437,0,1.311,0.437,0,0.0001,0,0,0.0001,0.0001,0.0001,0,0.0001,0.0001,0,0,0,0.0001,0.0001,0,0,0,0.0001,0,0.3157,0.2473,0.3157,0.2473,
0.4356,0.8712,0.4356,0.4356,0.8712,0,0.4356,0.4356,3.0493,1.7424,0.8712,1.3068,0.4356,1.7424,0.4356,0.4356,0,0,0.8712,1.3068,0,0.0001,0,0,0.0001,0,0,0,0.0002,0.0001,0.0001,0.0001,0,0.0001,0,0,0,0,0.0001,0.0001,0.2276,0.3368,0.2276,0.3368,
0,1.1606,0.7737,0,0,0.7737,0.7737,1.1606,2.3212,0,0.7737,0.3869,0.7737,1.1606,1.9343,0.3869,0,1.9343,0,0,0,0.0001,0.0001,0,0,0.0001,0.0001,0.0001,0.0002,0,0.0001,0,0.0001,0.0001,0.0001,0,0,0.0001,0,0,0.3017,0.3114,0.3017,0.3114,
2.0817,0,0,0,0.6939,0,1.3878,0,0.6939,0,0.6939,0,0,0.6939,0.6939,0.6939,0,0,0,0,0.0004,0,0,0,0.0001,0,0.0003,0,0.0001,0,0.0001,0,0,0.0001,0.0001,0.0001,0,0,0,0,0.1684,0.1377,0.1684,0.1377,
0,0,0.4586,0.4586,0.9173,0.4586,1.3759,0.4586,0.9173,0.4586,0.9173,1.3759,2.7519,1.3759,0,0.9173,0.9173,0.9173,0.9173,1.3759,0,0,0,0,0.0001,0,0.0001,0,0.0001,0,0.0001,0.0001,0.0002,0.0001,0,0.0001,0.0001,0.0001,0.0001,0.0001,0.2552,0.2861,0.2552,0.2861,
1.5402,1.1551,0.385,0.7701,0.7701,0.385,0.7701,1.1551,0.7701,0.7701,0.385,0.385,1.5402,0.385,2.3103,0.7701,0.7701,0.7701,0.385,1.5402,0.0001,0.0001,0,0,0,0,0,0.0001,0,0,0,0,0.0001,0,0.0001,0,0,0,0,0.0001,0.2951,0.3198,0.2951,0.3198,
0,1.2291,0.8194,0.4097,1.2291,0.8194,0.8194,0.4097,1.2291,1.2291,1.6388,0.8194,0.4097,0.8194,0.8194,1.2291,0.4097,1.2291,0.8194,1.6388,0,0.0001,0,0,0.0001,0,0,0,0.0001,0.0001,0.0001,0,0,0,0,0.0001,0,0.0001,0,0.0001,0.3227,0.2676,0.3227,0.2676,
0.4962,2.9775,0.9925,0,0,1.985,0,0.4962,0.9925,0.9925,0.4962,0.4962,0.4962,0.4962,1.985,0.4962,0,0.4962,0,0.4962,0,0.0001,0,0,0,0.0001,0,0,0,0,0,0,0,0,0.0001,0,0,0,0,0,0.253,0.2507,0.253,0.2507,
0.8192,0,0.4096,0.8192,0.8192,2.4577,1.6385,0.4096,0,1.6385,0.4096,2.0481,1.2288,0.4096,0.8192,0.4096,1.2288,1.6385,0,0.8192,0.0001,0,0,0.0001,0.0001,0.0002,0.0001,0,0,0.0001,0,0.0001,0.0001,0,0.0001,0,0.0001,0.0001,0,0.0001,0.303,0.2874,0.303,0.2874,
0.4521,1.3562,0.4521,1.8083,0.9041,1.3562,0,1.8083,0.9041,0.4521,0.9041,1.3562,1.3562,0,0.4521,0.4521,0,0.4521,0,0.9041,0,0.0001,0,0.0001,0,0.0001,0,0.0001,0,0,0,0.0001,0.0001,0,0,0,0,0,0,0,0.2962,0.2518,0.2962,0.2518,
1.1734,0,1.1734,0,0.5867,0,0,0.5867,1.1734,1.1734,0,1.1734,0,1.1734,0.5867,0,0,1.7601,0,0,0.0001,0,0.0001,0,0.0001,0,0,0.0001,0.0001,0.0001,0,0.0001,0,0.0001,0.0001,0,0,0.0002,0,0,0.1913,0.222,0.1913,0.222,
0.3762,0,0.3762,1.1286,0.7524,0.3762,0.7524,0,1.1286,1.1286,0.3762,1.5049,0.7524,0.3762,1.1286,0.3762,1.5049,0,0.7524,1.1286,0,0,0,0.0001,0.0001,0,0.0001,0,0.0001,0.0001,0,0.0001,0.0001,0,0.0001,0,0.0001,0,0.0001,0.0001,0.3286,0.2952,0.3286,0.2952,
0.3984,0,1.1953,1.5937,1.1953,0,0.3984,0.7969,0.7969,1.1953,0,0.7969,1.1953,0.7969,0.7969,0.7969,0,0,0,0.7969,0,0,0.0001,0.0001,0.0001,0,0,0.0001,0.0001,0.0001,0,0.0001,0.0001,0.0001,0.0001,0.0001,0,0,0,0.0001,0.2949,0.3067,0.2949,0.3067,
1.0504,1.0504,1.0504,0.7003,1.4005,0.3501,1.7507,0,1.0504,0.3501,0,1.4005,0.7003,1.0504,1.0504,1.4005,1.4005,0.7003,0.3501,0.3501,0.0001,0.0001,0.0001,0,0.0001,0,0.0001,0,0.0001,0,0,0.0001,0,0.0001,0.0001,0.0001,0.0001,0,0,0,0.3001,0.3498,0.3001,0.3498,
0.4489,0,0.4489,0.8977,0.4489,1.7954,0,0.8977,1.3466,1.7954,0.4489,0.4489,0.8977,0,0.8977,0,2.2443,1.3466,0,0.4489,0,0,0,0.0001,0,0.0002,0,0.0001,0.0001,0.0002,0,0,0.0001,0,0.0001,0,0.0002,0.0001,0,0,0.2918,0.2594,0.2918,0.2594,
1.3009,0,0,0,0.6504,0.9756,0.6504,0,1.3009,0.9756,0.6504,0.9756,0.3252,0.6504,3.5774,0.9756,0.9756,0.9756,0,0,0.0001,0,0,0,0.0001,0.0001,0.0001,0,0.0001,0.0001,0.0001,0.0001,0,0.0001,0.0003,0.0001,0.0001,0.0001,0,0,0.3832,0.2916,0.3832,0.2916,
1.2823,1.2823,0.3206,1.2823,0,0.6412,0,0.6412,1.6029,0.9617,0.6412,0.3206,0.9617,0,2.244,0.3206,0.3206,1.9235,0,0.9617,0.0001,0.0001,0,0.0001,0,0,0,0,0.0001,0,0,0,0,0,0.0001,0,0,0.0001,0,0,0.3807,0.2987,0.3807,0.2987,
0,3.3065,0.9447,0.9447,0.4724,0.4724,0.4724,0.4724,0.4724,0.4724,1.4171,1.4171,0.9447,1.4171,0.9447,0,0.4724,0,0.4724,0.9447,0,0.0001,0,0,0,0,0,0,0,0,0.0001,0.0001,0,0.0001,0,0,0,0,0,0,0.3275,0.2001,0.3275,0.2001,
0.3848,1.1543,0.3848,0,0,0.7695,0.3848,1.539,3.0781,0,0.7695,0,0.7695,0.7695,1.9238,0.3848,0.3848,1.539,0,0,0,0.0001,0,0,0,0,0,0.0001,0.0002,0,0,0,0,0,0.0001,0,0,0.0001,0,0,0.3039,0.3114,0.3039,0.3114,
0.4415,1.3244,2.2073,0.4415,1.3244,0.4415,0.8829,0,0.8829,1.7658,0.8829,0.4415,1.3244,0,1.3244,0.4415,0.4415,0.8829,0,0,0,0.0001,0.0001,0,0.0001,0,0,0,0,0.0001,0,0,0.0001,0,0.0001,0,0,0,0,0,0.2721,0.2865,0.2721,0.2865,
0.648,0,0.648,0,1.9441,1.9441,0,0.648,0,1.2961,0,0,0.648,1.2961,0.648,1.2961,0,1.2961,0,0,0.0001,0,0.0001,0,0.0002,0.0002,0,0.0001,0,0.0001,0,0,0.0001,0.0001,0.0001,0.0001,0,0.0001,0,0,0.1983,0.1536,0.1983,0.1536,
0.4123,1.237,1.237,0.4123,0.4123,1.237,0.4123,2.0617,0.8247,0.8247,0,0.8247,1.237,0.4123,1.237,1.6493,0.8247,1.6493,0.8247,0.4123,0,0.0001,0.0001,0,0,0.0001,0,0.0001,0,0,0,0,0.0001,0,0.0001,0.0001,0,0.0001,0,0,0.3433,0.2444,0.3433,0.2444,
2.4938,0.8313,0.8313,0.4156,1.6625,0.4156,0.4156,1.2469,0.8313,0.8313,0.4156,0.8313,0.8313,0.4156,0.8313,0.8313,1.2469,0.4156,0.4156,1.2469,0.0001,0,0,0,0.0001,0,0,0.0001,0,0,0,0,0,0,0,0,0.0001,0,0,0.0001,0.2828,0.3015,0.2828,0.3015,
0,0.7997,0,0.7997,1.5993,0.7997,0.7997,0,0,0,0,0,0.7997,0,0.7997,1.5993,0,0,0,0,0,0.0001,0,0.0001,0.0002,0.0001,0.0001,0,0,0,0,0,0.0001,0,0.0001,0.0002,0,0,0,0,0.1034,0.097,0.1034,0.097,
0,0,0.8027,1.204,2.0067,0.8027,0.8027,0.8027,1.204,2.0067,0.4013,0.4013,0,0.4013,0.8027,0.4013,0.4013,0.4013,0.4013,0.4013,0,0,0.0001,0.0001,0.0002,0.0001,0.0001,0.0001,0.0001,0.0002,0,0,0,0,0.0001,0,0,0,0,0,0.3276,0.2711,0.3276,0.2711,
1.218,0,0,0.609,0,0,0.609,0.609,0,0.609,0.609,1.827,1.218,0.609,0.609,0,0,0.609,1.218,0,0.0001,0,0,0.0001,0,0,0.0001,0.0001,0,0.0001,0.0001,0.0002,0.0001,0.0001,0.0001,0,0,0.0001,0.0001,0,0.2054,0.1856,0.2054,0.1856,
1.2913,1.2913,0,1.2913,0,1.2913,0.4304,0.4304,0.4304,0.8608,0.8608,0.4304,2.1521,1.7217,0.4304,0.4304,1.2913,0.8608,0.8608,1.7217,0.0001,0.0001,0,0.0001,0,0.0001,0,0,0,0,0,0,0.0001,0.0001,0,0,0.0001,0,0,0.0001,0.2697,0.2999,0.2697,0.2999,
0.8687,0.4343,0.4343,0.8687,1.303,0.4343,1.303,0.8687,0.8687,1.7373,0.8687,0.4343,1.303,0.4343,0,1.7373,0.8687,0,0.4343,0.4343,0.0001,0,0,0.0001,0.0001,0,0.0001,0.0001,0.0001,0.0001,0.0001,0,0.0001,0,0,0.0001,0.0001,0,0,0,0.2977,0.268,0.2977,0.268,
0.8779,5.2675,1.3169,0,0,1.7558,0,0,2.6338,0,0.439,2.1948,0.439,1.7558,0,0.8779,0.439,0.8779,0,0,0,0.0002,0,0,0,0.0001,0,0,0.0001,0,0,0.0001,0,0.0001,0,0,0,0,0,0,0.2456,0.3155,0.2456,0.3155,
2.1177,0,0,0,0.7059,1.0588,0.3529,0,1.7647,1.0588,0.7059,0.3529,0.3529,0.3529,3.8824,1.0588,0.7059,1.0588,0,0,0.0002,0,0,0,0.0001,0.0001,0,0,0.0001,0.0001,0.0001,0,0,0,0.0003,0.0001,0.0001,0.0001,0,0,0.3506,0.2965,0.3506,0.2965,
1.2247,0.8165,0.4082,0.8165,0.8165,0.8165,0.8165,0.4082,0.8165,0.8165,0.4082,1.2247,1.2247,0,0.8165,0.8165,0,0.8165,1.633,0.8165,0.0001,0,0,0,0,0,0,0,0,0,0,0.0001,0.0001,0,0,0,0,0,0.0001,0,0.2704,0.3213,0.2704,0.3213,
1.5977,0.3994,0.7988,0.3994,1.1983,0.3994,1.9971,0.3994,0.3994,0.3994,0.7988,1.5977,0.7988,0.7988,1.5977,2.3965,0.3994,0.3994,0,0.3994,0.0001,0,0,0,0.0001,0,0.0001,0,0,0,0,0.0001,0,0,0.0001,0.0001,0,0,0,0,0.2777,0.3229,0.2777,0.3229,
0,0,0,0,0,1.6951,0,1.6951,0,0.8476,0,0.8476,1.6951,0.8476,0,2.5427,1.6951,0,0,0.8476,0,0,0,0,0,0.0002,0,0.0002,0,0.0001,0,0.0001,0.0002,0.0001,0,0.0003,0.0002,0,0,0.0001,0.0792,0.0732,0.0792,0.0732,
1.3831,0,1.3831,0.461,0.9221,0.461,0.9221,0.461,0,0.9221,0,0,1.8441,2.3051,0.9221,0.9221,1.3831,0.461,0,1.8441,0.0001,0,0.0001,0,0.0001,0,0.0001,0,0,0.0001,0,0,0.0001,0.0002,0.0001,0.0001,0.0001,0,0,0.0001,0.2815,0.2575,0.2815,0.2575,
0.6818,0,0.6818,1.3635,0.6818,0.6818,0.6818,0.3409,1.3635,2.727,1.0226,1.0226,1.0226,0.6818,1.0226,0.3409,1.0226,1.0226,0,0.6818,0,0,0,0.0001,0,0,0,0,0.0001,0.0002,0.0001,0.0001,0.0001,0,0.0001,0,0.0001,0.0001,0,0,0.3311,0.3281,0.3311,0.3281,
0.7987,1.5974,1.198,0,0.7987,1.5974,0.7987,0,1.198,0.3993,1.198,0.3993,0.3993,0.7987,0.3993,0,1.198,0,0.7987,1.9967,0,0.0001,0.0001,0,0,0.0001,0,0,0.0001,0,0.0001,0,0,0,0,0,0.0001,0,0,0.0001,0.2359,0.3647,0.2359,0.3647,
1.946,0.3892,1.1676,0,0.3892,1.1676,0.7784,0.7784,1.1676,0.3892,1.1676,0.7784,1.5568,1.5568,0.3892,0,2.3353,1.1676,0.3892,1.946,0.0001,0,0.0001,0,0,0.0001,0,0,0.0001,0,0.0001,0,0.0001,0.0001,0,0,0.0001,0.0001,0,0.0001,0.2921,0.3187,0.2921,0.3187,
1.0011,0.3337,0.3337,0.6674,2.0023,1.3348,1.0011,0.3337,1.3348,0.3337,0.3337,0.3337,0.3337,0.3337,0.6674,0,1.3348,1.3348,1.6686,0.3337,0.0001,0,0,0,0.0001,0.0001,0.0001,0,0.0001,0,0,0,0,0,0,0,0.0001,0.0001,0.0001,0,0.3558,0.3105,0.3558,0.3105,
0,0.5315,1.5944,0,3.1888,1.5944,0,0.5315,1.0629,2.1259,0.5315,1.0629,1.0629,0,1.0629,0.5315,1.5944,2.6574,0,0.5315,0,0,0.0001,0,0.0002,0.0001,0,0,0.0001,0.0001,0,0.0001,0.0001,0,0.0001,0,0.0001,0.0002,0,0,0.2331,0.2355,0.2331,0.2355,
1.0561,0,0,0,0.352,1.4081,0.352,0.352,2.8162,1.0561,0.352,0.352,0.352,0.352,3.8723,0.352,1.0561,0.7041,0.352,0.352,0.0001,0,0,0,0,0.0001,0,0,0.0003,0.0001,0,0,0,0,0.0004,0,0.0001,0.0001,0,0,0.3227,0.3253,0.3227,0.3253,
1.2213,0.8142,1.2213,0.8142,1.2213,0.8142,0.8142,1.2213,0.8142,0.4071,0.8142,0,1.2213,0.4071,0.4071,2.0355,1.6284,0.8142,0.4071,1.2213,0.0001,0,0.0001,0,0.0001,0,0,0.0001,0,0,0,0,0.0001,0,0,0.0001,0.0001,0,0,0.0001,0.3086,0.2843,0.3086,0.2843,
1.4628,0,0.4876,0,1.9504,0.9752,0.4876,1.9504,0,1.9504,0.9752,0,0.9752,0.9752,1.4628,0.9752,1.9504,1.4628,0.4876,0.4876,0.0001,0,0,0,0.0001,0.0001,0,0.0001,0,0.0001,0.0001,0,0.0001,0.0001,0.0001,0.0001,0.0001,0.0001,0,0,0.2386,0.2738,0.2386,0.2738,
0.5817,0,0,0,0.5817,0.5817,1.1634,0,0.5817,0.5817,1.1634,0.5817,1.1634,0,1.1634,1.1634,0,0,0.5817,0.5817,0.0001,0,0,0,0.0001,0.0001,0.0001,0,0.0001,0.0001,0.0001,0.0001,0.0001,0,0.0001,0.0001,0,0,0.0001,0.0001,0.1905,0.2278,0.1905,0.2278,
1.8422,0.4606,0,1.3817,1.8422,1.3817,0.9211,2.3028,0.4606,0.4606,1.8422,1.3817,0.4606,1.3817,0,1.3817,0,1.3817,0.9211,0,0.0001,0,0,0.0001,0.0001,0.0001,0,0.0001,0,0,0.0001,0.0001,0,0.0001,0,0.0001,0,0.0001,0,0,0.2951,0.2443,0.2951,0.2443,
0.3942,0.3942,0.3942,0.7885,1.577,0.3942,0.3942,1.1827,0.3942,0.3942,0.7885,1.1827,0.7885,0.7885,1.577,1.1827,0.3942,1.1827,2.3655,0.3942,0,0,0,0,0.0001,0,0,0.0001,0,0,0,0.0001,0,0,0.0001,0.0001,0,0.0001,0.0001,0,0.2944,0.3114,0.2944,0.3114,
2.599,0.6497,0.6497,0,0,0,1.9492,0.6497,0.6497,0,1.2995,0,1.2995,0.6497,0,1.2995,1.2995,0.6497,0.6497,0.6497,0.0002,0.0001,0.0001,0,0,0,0.0002,0.0001,0.0001,0,0.0001,0,0.0001,0.0001,0,0.0001,0.0001,0.0001,0.0001,0.0001,0.143,0.2072,0.143,0.2072,
1.2704,0.4235,0.4235,0.4235,1.2704,0.847,0.847,0.847,1.2704,1.6939,1.2704,0,2.1174,1.2704,0.4235,1.2704,1.2704,0.847,0.4235,0.4235,0.0001,0,0,0,0.0001,0,0,0,0.0001,0.0001,0.0001,0,0.0001,0.0001,0,0.0001,0.0001,0,0,0,0.3207,0.2559,0.3207,0.2559,
2.167,0.8668,0.4334,0.8668,0.4334,0.8668,0.8668,0.8668,1.3002,1.3002,1.3002,2.167,1.3002,0.4334,0,1.3002,0.4334,0.4334,0.8668,0.4334,0.0001,0,0,0,0,0,0,0,0.0001,0.0001,0.0001,0.0001,0.0001,0,0,0.0001,0,0,0,0,0.2936,0.273,0.2936,0.273,
2.0997,1.2598,0,0.4199,0.8399,0.4199,1.2598,1.2598,0.8399,0,1.6798,1.6798,0.4199,0.8399,0.8399,0.4199,1.2598,0.4199,1.2598,0.4199,0.0001,0.0001,0,0,0,0,0.0001,0.0001,0,0,0.0001,0.0001,0,0,0,0,0.0001,0,0.0001,0,0.3124,0.2676,0.3124,0.2676,
1.0159,0.508,1.0159,0,0,0,1.0159,1.0159,0.508,0.508,0.508,1.0159,0,0,0.508,0.508,0,0,2.0319,0.508,0.0001,0,0.0001,0,0,0,0.0001,0.0001,0,0,0,0.0001,0,0,0,0,0,0,0.0001,0,0.2448,0.2473,0.2448,0.2473,
0.4675,0,0.4675,0.9351,1.4026,0.9351,0.9351,0.4675,0.4675,0.9351,0.4675,0.9351,0.9351,2.3377,0.4675,0.9351,0.9351,0,0.4675,0,0,0,0,0.0001,0.0001,0.0001,0.0001,0,0,0.0001,0,0.0001,0.0001,0.0002,0,0.0001,0.0001,0,0,0,0.2745,0.2579,0.2745,0.2579,
0.4986,0.4986,1.4959,0.4986,0.9973,0.4986,0.4986,0.4986,0.4986,0.9973,0.4986,0.9973,1.4959,0.9973,0.9973,1.4959,0,0.4986,0,0.4986,0,0,0.0001,0,0.0001,0,0,0,0,0.0001,0,0.0001,0.0001,0.0001,0.0001,0.0001,0,0,0,0,0.2295,0.2718,0.2295,0.2718,
1.0395,0,0,1.0395,2.5989,0.5198,0,1.5593,1.5593,2.5989,0.5198,0.5198,1.5593,0,0.5198,0.5198,1.5593,1.0395,0,0.5198,0.0001,0,0,0.0001,0.0002,0,0,0.0001,0.0001,0.0002,0,0,0.0001,0,0,0,0.0001,0.0001,0,0,0.2181,0.2621,0.2181,0.2621,
0.8092,0,0,0,0,0,0,0.8092,0.8092,0,0.8092,0.8092,1.6184,1.6184,0,0.8092,0,1.6184,0,0,0.0001,0,0,0,0,0,0,0.0001,0.0001,0,0.0001,0.0001,0.0002,0.0002,0,0.0001,0,0.0002,0,0,0.0879,0.1029,0.0879,0.1029,
0,1.4116,0.9411,0.9411,0.4705,0.9411,0,1.4116,0.9411,1.4116,0,0.4705,0.4705,1.4116,0.9411,0,0.9411,0.4705,0,1.4116,0,0.0001,0.0001,0.0001,0,0.0001,0,0.0001,0.0001,0.0001,0,0,0,0.0001,0.0001,0,0.0001,0,0,0.0001,0.2921,0.2374,0.2921,0.2374,
0.363,0.363,0.7259,0.363,0.363,1.0889,0.363,1.0889,0.7259,0.363,1.0889,1.8148,0,1.0889,1.4518,0,1.4518,0.7259,0.7259,0,0,0,0,0,0,0.0001,0,0.0001,0,0,0.0001,0.0001,0,0.0001,0.0001,0,0.0001,0,0,0,0.3594,0.2776,0.3594,0.2776,
0.3886,0.3886,0.7772,1.1659,0.7772,0.3886,0.3886,0.7772,0.7772,0,1.5545,0.7772,1.1659,0.3886,1.5545,1.9431,0.7772,1.5545,0.7772,0.3886,0,0,0,0.0001,0,0,0,0,0,0,0.0001,0,0.0001,0,0.0001,0.0001,0,0.0001,0,0,0.2715,0.3398,0.2715,0.3398,
0,1.1438,0,1.1438,0,0.5719,1.1438,0,0,1.1438,1.1438,1.1438,1.1438,0,0.5719,0.5719,0,0.5719,1.1438,0,0,0.0001,0,0.0001,0,0,0.0001,0,0,0.0001,0.0001,0.0001,0.0001,0,0,0,0,0,0.0001,0,0.1988,0.2293,0.1988,0.2293,
1.913,0.3826,1.5304,0.3826,0.3826,1.1478,1.1478,0.7652,0.3826,1.1478,1.1478,1.1478,0.3826,0.7652,0.7652,0.3826,1.1478,0.7652,0.3826,1.1478,0.0001,0,0.0001,0,0,0.0001,0.0001,0,0,0.0001,0.0001,0.0001,0,0,0,0,0.0001,0,0,0.0001,0.2887,0.3287,0.2887,0.3287,
0.4544,0.4544,0.4544,3.1809,0,0,0,2.7265,0.4544,0,0.4544,5.453,0.4544,0.9088,0.4544,0,0,0,0,0.4544,0,0,0,0.0003,0,0,0,0.0003,0,0,0,0.0006,0,0.0001,0,0,0,0,0,0,0.3102,0.2353,0.3102,0.2353,
0.8518,0.8518,0.4259,0,0.4259,0,0.8518,0.4259,1.7036,0.8518,0.4259,0.8518,2.1295,0,0.4259,1.2777,2.5554,0.8518,0.8518,1.7036,0,0,0,0,0,0,0,0,0.0001,0,0,0,0.0001,0,0,0.0001,0.0001,0,0,0.0001,0.2917,0.2824,0.2917,0.2824,
1.6001,1.6001,1.6001,0.4,0,0.8001,0.4,0.4,1.2001,0.8001,0.8001,2.4002,1.6001,1.2001,0.4,1.2001,0.4,0,1.2001,0.4,0.0001,0.0001,0.0001,0,0,0,0,0,0.0001,0,0,0.0001,0.0001,0.0001,0,0.0001,0,0,0.0001,0,0.2954,0.3046,0.2954,0.3046,
0.8078,0.4039,0.8078,0.8078,1.6157,1.6157,0.4039,0.4039,0.4039,2.4235,2.0196,0,0.8078,1.6157,0.4039,2.4235,0.4039,0.8078,0.4039,0.8078,0,0,0,0,0.0001,0.0001,0,0,0,0.0001,0.0001,0,0,0.0001,0,0.0001,0,0,0,0,0.2839,0.3122,0.2839,0.3122,
1.1523,0,1.9205,0.7682,2.3046,1.5364,0.7682,1.1523,0.3841,0.3841,1.9205,1.5364,1.5364,0,0.7682,0.3841,0.3841,0,0.3841,0.3841,0.0001,0,0.0001,0,0.0001,0.0001,0,0.0001,0,0,0.0001,0.0001,0.0001,0,0,0,0,0,0,0,0.2844,0.3315,0.2844,0.3315,
0.4867,0.4867,0.4867,0.9734,0.9734,0.4867,0.4867,0.9734,0.4867,0,0.4867,0.4867,0,0.9734,0.9734,1.4601,1.9468,0.4867,1.4601,0,0,0,0,0.0001,0.0001,0,0,0.0001,0,0,0,0,0,0.0001,0.0001,0.0001,0.0001,0,0.0001,0,0.2516,0.2617,0.2516,0.2617,
0.8413,0,0.4206,0,0,0,1.6825,0,0.8413,0,0.4206,0,1.6825,0.4206,7.1508,0.8413,1.2619,0.8413,0,0.4206,0.0001,0,0.0001,0,0,0,0.0002,0,0.0001,0,0.0001,0,0.0002,0.0001,0.001,0.0001,0.0002,0.0001,0,0.0001,0.2207,0.3587,0.2207,0.3587,
1.3345,0.8897,0.4448,0.8897,1.7794,0,0.8897,1.7794,1.3345,1.3345,0.8897,1.3345,1.3345,0.8897,0,0.4448,0,0.8897,1.3345,1.7794,0.0001,0,0,0,0.0001,0,0,0.0001,0.0001,0.0001,0,0.0001,0.0001,0,0,0,0,0,0.0001,0.0001,0.3306,0.2246,0.3306,0.2246,
0,0.859,0.859,0.859,0.4295,0.859,0.4295,0.4295,1.2885,0.859,1.2885,0.859,1.718,0,0.4295,0.4295,0.4295,0.859,1.2885,1.2885,0,0,0,0,0,0,0,0,0.0001,0,0.0001,0,0.0001,0,0,0,0,0,0.0001,0.0001,0.3014,0.269,0.3014,0.269,
0,0.3684,0.7368,0.3684,1.4735,1.1052,1.4735,0.3684,1.8419,1.4735,0.3684,1.8419,1.1052,0.7368,0,0.7368,0.3684,0,1.1052,1.1052,0,0,0,0,0.0001,0.0001,0.0001,0,0.0001,0.0001,0,0.0001,0.0001,0,0,0,0,0,0.0001,0.0001,0.3331,0.2985,0.3331,0.2985,
1.5629,0.7814,1.1722,0.7814,0.7814,0,0.3907,0.3907,0.7814,0,1.1722,0.7814,0,1.5629,0.7814,0.7814,1.1722,1.1722,1.5629,0,0.0001,0,0.0001,0,0,0,0,0,0,0,0.0001,0,0,0.0001,0,0,0.0001,0.0001,0.0001,0,0.3229,0.2864,0.3229,0.2864,
1.4162,1.8882,0.4721,0.4721,0,1.4162,0.9441,0.4721,0.4721,2.8323,0,0.4721,0.9441,0.9441,0.9441,0.4721,0.9441,0,0,0.4721,0.0001,0.0001,0,0,0,0.0001,0.0001,0,0,0.0002,0,0,0.0001,0.0001,0.0001,0,0.0001,0,0,0,0.2677,0.2603,0.2677,0.2603,
0,1.2647,0.8431,0.4216,1.2647,0.8431,2.1078,0.8431,0.4216,0,0.4216,0.8431,0,0.4216,0.4216,2.1078,0.4216,0.8431,1.6862,0.4216,0,0.0001,0,0,0.0001,0,0.0001,0,0,0,0,0,0,0,0,0.0001,0,0,0.0001,0,0.3122,0.2663,0.3122,0.2663,
1.1999,0,1.7999,0.6,0,1.7999,0,0,0.6,1.7999,0,0,0.6,0,0,0,0,0,0.6,0,0.0001,0,0.0002,0.0001,0,0.0002,0,0,0.0001,0.0002,0,0,0.0001,0,0,0,0,0,0.0001,0,0.1456,0.2544,0.1456,0.2544,
0.9082,2.7247,1.3624,0.9082,0,1.3624,0,0,0.4541,0.9082,0.4541,0,1.3624,1.3624,1.8165,0.9082,0.4541,0,0.4541,0,0,0.0001,0.0001,0,0,0.0001,0,0,0,0,0,0,0.0001,0.0001,0.0001,0,0,0,0,0,0.3383,0.2076,0.3383,0.2076,
0.4952,0,0.9904,0,0.9904,0.4952,1.4856,1.4856,0.4952,0.4952,0.4952,0.4952,0.9904,0.9904,0.4952,0.9904,0.4952,1.4856,1.4856,0.4952,0,0,0.0001,0,0.0001,0,0.0001,0.0001,0,0,0,0,0.0001,0.0001,0,0.0001,0,0.0001,0.0001,0,0.3001,0.2047,0.3001,0.2047,
2.3549,0,0.5887,0.5887,1.1775,2.9437,0,1.7662,0.5887,3.5324,0.5887,0,0.5887,0.5887,0,0.5887,0.5887,1.7662,0.5887,0,0.0002,0,0,0,0.0001,0.0002,0,0.0001,0,0.0002,0,0,0,0,0,0,0,0.0001,0,0,0.1899,0.2214,0.1899,0.2214,
0,0.4387,0.8775,0.8775,0.4387,1.755,0.8775,0.8775,0.8775,0.4387,0.8775,0.8775,0,0,0.4387,1.3162,2.1937,2.1937,0.8775,0,0,0,0.0001,0.0001,0,0.0001,0.0001,0.0001,0.0001,0,0.0001,0.0001,0,0,0,0.0001,0.0001,0.0001,0.0001,0,0.3127,0.2485,0.3127,0.2485,
0.816,0,0.816,1.6321,2.4481,0.408,0.408,2.4481,1.6321,0.816,0.408,2.4481,0,0.408,0,0.816,1.2241,1.6321,0,0.408,0.0001,0,0.0001,0.0001,0.0002,0,0,0.0002,0.0001,0.0001,0,0.0002,0,0,0,0.0001,0.0001,0.0001,0,0,0.3177,0.2743,0.3177,0.2743,
0.843,1.2645,1.686,0,0.843,0,0.4215,1.2645,1.686,1.2645,0.4215,0.4215,0.843,0.843,0.4215,1.2645,0.843,0,0.4215,0.4215,0,0.0001,0.0001,0,0,0,0,0.0001,0.0001,0.0001,0,0,0,0,0,0.0001,0,0,0,0,0.2675,0.311,0.2675,0.311,
1.3902,0,0.6951,0.6951,0.3476,1.0427,0,0.6951,0.6951,1.7378,0.3476,0.6951,0,2.0853,2.0853,1.0427,0.3476,0.6951,0,0.6951,0.0001,0,0,0,0,0.0001,0,0,0,0.0001,0,0,0,0.0001,0.0001,0.0001,0,0,0,0,0.3025,0.35,0.3025,0.35,
0.4828,0.4828,0.4828,1.4483,0.4828,0.4828,0,1.4483,1.4483,0.9656,0,1.9311,1.4483,0.9656,0,0.9656,1.9311,1.9311,0,1.4483,0,0,0,0.0001,0,0,0,0.0001,0.0001,0.0001,0,0.0001,0.0001,0.0001,0,0.0001,0.0001,0.0001,0,0.0001,0.2218,0.2954,0.2218,0.2954,
1.7593,1.3195,0.8796,0.8796,0.8796,0.8796,0.8796,0.8796,1.3195,0.8796,1.7593,1.7593,0,0.4398,0.8796,1.7593,0.4398,0.4398,0.4398,0,0.0001,0.0001,0,0,0,0,0,0,0.0001,0,0.0001,0.0001,0,0,0,0.0001,0,0,0,0,0.2823,0.2779,0.2823,0.2779,
0,1.3906,0.6953,0,0,0,0.6953,1.3906,0,0,3.4765,0,0,0.6953,0,0.6953,1.3906,1.3906,0.6953,1.3906,0,0.0001,0,0,0,0,0,0.0001,0,0,0.0002,0,0,0,0,0,0.0001,0.0001,0,0.0001,0.1476,0.1571,0.1476,0.1571,
0,0,0,0,0,0,0,0,0,0.6935,0,1.3871,0.6935,1.3871,1.3871,1.3871,1.3871,0.6935,0.6935,0.6935,0,0,0,0,0,0,0,0,0,0.0001,0,0.0002,0.0001,0.0002,0.0002,0.0002,0.0002,0.0001,0.0001,0.0001,0.1622,0.1443,0.1622,0.1443,
0,0,0,0,0.8234,1.6469,0,0.8234,0,0,0.8234,0,1.6469,0,0.8234,1.6469,0,0.8234,0,0,0,0,0,0,0.0001,0.0003,0,0.0001,0,0,0.0001,0,0.0003,0,0.0001,0.0003,0,0.0001,0,0,0.1065,0.07,0.1065,0.07,
1.0962,0.7308,1.827,1.0962,0.3654,1.4616,0.3654,1.0962,1.827,0.7308,1.827,1.0962,0,0.7308,0,0.3654,1.0962,1.0962,0.3654,1.0962,0.0001,0,0.0001,0.0001,0,0.0001,0,0.0001,0.0001,0,0.0001,0.0001,0,0,0,0,0.0001,0.0001,0,0.0001,0.3045,0.3301,0.3045,0.3301,
0.6009,1.8028,0,0,0.6009,0.6009,0.6009,0,1.2019,0.6009,1.2019,0,0,1.2019,0,0.6009,0.6009,0.6009,0.6009,1.2019,0,0.0001,0,0,0,0,0,0,0.0001,0,0.0001,0,0,0.0001,0,0,0,0,0,0.0001,0.204,0.195,0.204,0.195,
0,1.985,0.4962,0.9925,1.985,0.4962,0,0,0.9925,0,0.9925,1.985,2.4812,1.4887,0,0.4962,1.985,0.9925,0,0.9925,0,0.0001,0,0,0.0001,0,0,0,0,0,0,0.0001,0.0001,0.0001,0,0,0.0001,0,0,0,0.2609,0.2429,0.2609,0.2429,
0.6675,0,0,0.6675,0,2.0025,0,2.0025,0,0.6675,0.6675,0.6675,0,0,0.6675,0.6675,4.6724,0,0,1.335,0.0001,0,0,0.0001,0,0.0002,0,0.0002,0,0.0001,0.0001,0.0001,0,0,0.0001,0.0001,0.0005,0,0,0.0001,0.1848,0.1477,0.1848,0.1477,
1.2256,0,3.0639,1.2256,0.6128,0,0,1.2256,0,0.6128,0,0,0.6128,0.6128,0,0.6128,0.6128,0,0,1.8383,0.0001,0,0.0003,0.0001,0.0001,0,0,0.0001,0,0.0001,0,0,0.0001,0.0001,0,0.0001,0.0001,0,0,0.0002,0.1887,0.1985,0.1887,0.1985,
1.4378,0.7189,0.3595,1.0784,0,0.7189,0.7189,0.7189,1.4378,0.7189,1.4378,1.0784,0,0.7189,1.0784,1.0784,1.4378,1.0784,0.7189,0.7189,0.0001,0,0,0.0001,0,0,0,0,0.0001,0,0.0001,0.0001,0,0,0.0001,0.0001,0.0001,0.0001,0,0,0.297,0.3435,0.297,0.3435,
1.1675,0,0.5837,1.1675,1.7512,1.1675,0.5837,0.5837,0.5837,0,0,0,0.5837,0,0,0,0.5837,0,0.5837,0,0.0001,0,0.0001,0.0001,0.0002,0.0001,0.0001,0.0001,0.0001,0,0,0,0.0001,0,0,0,0.0001,0,0.0001,0,0.2115,0.2048,0.2115,0.2048,
1.4361,0,0.9574,0.4787,2.8723,0.4787,0,1.9148,0,4.3084,0.4787,0.4787,2.3936,0.4787,0.9574,1.4361,0,1.9148,0.4787,0.4787,0.0001,0,0,0,0.0001,0,0,0.0001,0,0.0002,0,0,0.0001,0,0,0.0001,0,0.0001,0,0,0.2918,0.2294,0.2918,0.2294,
1.0241,0.6827,2.7308,0.6827,1.0241,1.0241,1.0241,1.0241,2.0481,0.3414,0.3414,0.6827,1.0241,0,0.3414,0.3414,1.0241,0.3414,0,0.6827,0.0001,0,0.0001,0,0.0001,0.0001,0.0001,0.0001,0.0001,0,0,0,0.0001,0,0,0,0.0001,0,0,0,0.2825,0.3761,0.2825,0.3761,
0.3686,0.3686,1.1058,0.3686,0.3686,0.7372,0.7372,0.3686,0.7372,1.1058,1.843,0.3686,0.3686,1.4744,1.843,0.7372,1.843,0,0.3686,1.1058,0,0,0.0001,0,0,0,0,0,0,0.0001,0.0001,0,0,0.0001,0.0001,0,0.0001,0,0,0.0001,0.2826,0.3488,0.2826,0.3488,
2.9231,0,0.4872,0.4872,1.4616,0.4872,0,2.4359,0.4872,3.4103,0.4872,0.4872,1.4616,0.4872,0.4872,0.4872,0.9744,1.4616,0.4872,1.4616,0.0002,0,0,0,0.0001,0,0,0.0001,0,0.0002,0,0,0.0001,0,0,0,0.0001,0.0001,0,0.0001,0.2347,0.2781,0.2347,0.2781,
0,1.1861,0,0.3954,0,0.7907,0.3954,1.1861,1.9768,0,0.7907,0.7907,1.5814,0.7907,1.9768,0.3954,0.3954,1.9768,0,0.3954,0,0.0001,0,0,0,0,0,0.0001,0.0001,0,0,0,0.0001,0,0.0001,0,0,0.0001,0,0,0.3222,0.2825,0.3222,0.2825,
0.715,0,0,0.715,0.715,1.4301,0,0,0,0,1.4301,0,0,0.715,2.1451,0,0,0.715,0,0,0.0001,0,0,0.0001,0.0001,0.0002,0,0,0,0,0.0002,0,0,0.0001,0.0003,0,0,0.0001,0,0,0.135,0.1499,0.135,0.1499,
0,0.8135,1.2202,2.0337,0.8135,0,0.4067,0.8135,0,1.2202,1.2202,0,0,0.8135,1.6269,1.2202,1.2202,0.4067,0.4067,1.2202,0,0,0.0001,0.0001,0,0,0,0,0,0.0001,0.0001,0,0,0,0.0001,0.0001,0.0001,0,0,0.0001,0.3059,0.2873,0.3059,0.2873,
0.7162,0.7162,0.7162,0.3581,2.8646,0,0.7162,0.7162,0.7162,0.3581,1.0742,1.0742,2.1485,1.0742,1.0742,1.4323,1.0742,0,0.3581,0.7162,0,0,0,0,0.0002,0,0,0,0,0,0.0001,0.0001,0.0001,0.0001,0.0001,0.0001,0.0001,0,0,0,0.3126,0.3293,0.3126,0.3293,
3.7853,0,0,0.5408,1.6223,1.0815,0,2.163,1.0815,1.6223,2.163,1.6223,0,0,0,0.5408,2.7038,5.4076,0,0,0.0002,0,0,0,0.0001,0.0001,0,0.0001,0.0001,0.0001,0.0001,0.0001,0,0,0,0,0.0002,0.0003,0,0,0.2374,0.2219,0.2374,0.2219,
4.2355,0,0,0.4706,1.8824,0.4706,0.4706,1.4118,0,1.4118,1.4118,0.4706,1.4118,1.4118,1.4118,1.4118,0.9412,2.8237,0.4706,0.4706,0.0002,0,0,0,0.0001,0,0,0.0001,0,0.0001,0.0001,0,0.0001,0.0001,0.0001,0.0001,0.0001,0.0002,0,0,0.2792,0.2502,0.2792,0.2502,
1.4036,1.4036,0.7018,0,1.4036,0,0.7018,1.4036,0,0,0,2.1054,0.7018,0.7018,0,0.7018,0,1.4036,0,1.4036,0.0001,0.0001,0,0,0.0001,0,0,0.0001,0,0,0,0.0001,0,0,0,0,0,0.0001,0,0.0001,0.1555,0.1427,0.1555,0.1427,
1.9576,0,0,0,2.4471,1.4682,0.4894,2.4471,0.4894,1.4682,0.9788,0.9788,1.4682,1.4682,0.9788,0.9788,1.9576,0.9788,0.4894,0.4894,0.0001,0,0,0,0.0001,0.0001,0,0.0001,0,0.0001,0.0001,0.0001,0.0001,0.0001,0.0001,0.0001,0.0001,0.0001,0,0,0.2569,0.2536,0.2569,0.2536,
0.7016,0.3508,1.0524,1.4033,0.7016,0.3508,0.7016,0,1.0524,2.4557,0.7016,1.0524,0,1.0524,1.0524,1.4033,0,0.7016,0.3508,0.3508,0,0,0.0001,0.0001,0,0,0,0,0.0001,0.0001,0,0.0001,0,0.0001,0.0001,0.0001,0,0,0,0,0.3212,0.328,0.3212,0.328,
0.3321,0,0.3321,0,0.3321,0.9962,0.3321,1.3282,1.6603,0.6641,0.3321,0.9962,0,0.3321,3.6527,0.6641,0.6641,0.6641,0,0.3321,0,0,0,0,0,0.0001,0,0.0001,0.0001,0.0001,0,0.0001,0,0,0.0003,0.0001,0.0001,0.0001,0,0,0.3702,0.2978,0.3702,0.2978,
0.8472,0.4236,1.2708,0.8472,0.8472,0.8472,1.6943,1.2708,0.4236,1.2708,0.4236,0.4236,0.8472,0.8472,0.4236,0,0.4236,0.8472,0.4236,0,0.0001,0,0.0001,0.0001,0.0001,0.0001,0.0001,0.0001,0,0.0001,0,0,0.0001,0.0001,0,0,0,0.0001,0,0,0.2883,0.2881,0.2883,0.2881,
0.5468,0,0.5468,0.5468,0.5468,1.0935,0,0.5468,0,0,0,1.0935,0.5468,0,1.0935,1.0935,0,1.0935,1.6403,1.0935,0,0,0,0,0,0.0001,0,0,0,0,0,0.0001,0,0,0.0001,0.0001,0,0.0001,0.0001,0.0001,0.2371,0.2161,0.2371,0.2161,
0.4103,0.8206,0.8206,0.8206,0.8206,1.6411,1.6411,0.4103,0.4103,1.6411,0.8206,0,0.4103,1.6411,0.4103,0.4103,0.4103,0.8206,0.8206,0,0,0,0,0,0,0.0001,0.0001,0,0,0.0001,0,0,0,0.0001,0,0,0,0,0,0,0.2902,0.2995,0.2902,0.2995,
0.3625,0.3625,0,1.8124,1.0875,1.4499,0.3625,2.1749,1.4499,0.3625,0.3625,1.0875,0.3625,0.725,1.8124,0.725,1.4499,0.725,0,0,0,0,0,0.0001,0.0001,0.0001,0,0.0001,0.0001,0,0,0.0001,0,0,0.0001,0,0.0001,0,0,0,0.3325,0.305,0.3325,0.305,
0.3312,0.6624,0.9936,0.6624,0.6624,0.9936,0.9936,0.6624,1.3248,0.9936,0.9936,0.6624,0,1.3248,0.9936,0.6624,0.6624,0.9936,0,0.6624,0,0,0.0001,0,0,0.0001,0.0001,0,0.0001,0.0001,0.0001,0,0,0.0001,0.0001,0,0,0.0001,0,0,0.3158,0.353,0.3158,0.353,
0,0.4985,0.4985,0,0.4985,1.4954,0.9969,0.9969,0.9969,0.4985,0,1.9939,1.4954,0.9969,0,0.9969,0.9969,0.4985,0.9969,0.9969,0,0,0,0,0,0.0001,0.0001,0.0001,0.0001,0,0,0.0001,0.0001,0.0001,0,0.0001,0.0001,0,0.0001,0.0001,0.2893,0.2122,0.2893,0.2122,
0.9308,1.3962,0.4654,2.3271,0.4654,0.9308,0,1.8616,0.9308,1.3962,1.8616,0,0,0.9308,0,0.9308,0.9308,0.9308,0.9308,0,0,0.0001,0,0.0001,0,0,0,0.0001,0,0.0001,0.0001,0,0,0,0,0,0,0,0,0,0.3078,0.2268,0.3078,0.2268,
1.2548,1.2548,0.8366,0.8366,0.4183,0.8366,0.4183,2.0914,0.8366,1.2548,1.2548,0.4183,0.8366,0.8366,1.2548,0.8366,0.4183,1.2548,0.8366,0.4183,0.0001,0.0001,0,0,0,0,0,0.0001,0,0.0001,0.0001,0,0,0,0.0001,0,0,0.0001,0,0,0.3153,0.2664,0.3153,0.2664,
0.8049,0,0.8049,0,1.6098,0.8049,0,1.6098,0,1.6098,1.6098,0.8049,0,0,0,2.4148,2.4148,1.6098,0,0,0.0001,0,0.0001,0,0.0002,0.0001,0,0.0002,0,0.0002,0.0002,0.0001,0,0,0,0.0002,0.0002,0.0002,0,0,0.0806,0.1145,0.0806,0.1145,
0,1.8198,0.9099,0,2.2748,0.9099,0,1.3649,1.3649,0.455,0.455,1.8198,0.9099,0.9099,0.455,0,0.9099,1.3649,0.455,2.2748,0,0.0001,0,0,0.0001,0,0,0.0001,0.0001,0,0,0.0001,0,0,0,0,0,0.0001,0,0.0001,0.2465,0.2985,0.2465,0.2985,
0,0,0.5354,1.0708,1.0708,1.0708,0.5354,1.0708,0.5354,0,0.5354,0,0.5354,2.6771,1.0708,0,0.5354,0,0.5354,1.0708,0,0,0.0001,0.0001,0.0001,0.0001,0.0001,0.0001,0.0001,0,0.0001,0,0.0001,0.0003,0.0001,0,0.0001,0,0.0001,0.0001,0.2764,0.1882,0.2764,0.1882,
1.5516,0,1.5516,0,0,0.7758,0,0.7758,0,0.7758,0,0.7758,0.7758,2.3274,0,0,0.7758,1.5516,0,0,0.0002,0,0.0002,0,0,0.0001,0,0.0001,0,0.0001,0,0.0001,0.0001,0.0003,0,0,0.0001,0.0002,0,0,0.1126,0.1115,0.1126,0.1115,
1.0943,0.3648,1.0943,1.0943,0.7295,0.7295,0.7295,1.4591,1.4591,0.3648,0.7295,0.3648,1.4591,0,1.8238,0.7295,0.3648,1.0943,0,0.7295,0.0001,0,0.0001,0.0001,0,0,0,0.0001,0.0001,0,0,0,0.0001,0,0.0001,0,0,0.0001,0,0,0.2719,0.3634,0.2719,0.3634,
0,0.8608,0,0,0.8608,1.7216,0,0.8608,0,0,0,0.8608,0,0.8608,0,1.7216,0,0.8608,0,0,0,0.0001,0,0,0.0001,0.0002,0,0.0001,0,0,0,0.0001,0,0.0001,0,0.0002,0,0.0001,0,0,0.0911,0.0481,0.0911,0.0481,
0,2.9185,0.9728,0.4864,1.9457,0.4864,0,0.4864,0.4864,1.4593,0.9728,1.9457,0.9728,0.4864,0.4864,0.4864,0.9728,1.4593,0.9728,0.9728,0,0.0001,0,0,0.0001,0,0,0,0,0.0001,0,0.0001,0,0,0,0,0,0.0001,0,0,0.2321,0.2815,0.2321,0.2815,
0,0,0,1.2294,0.6147,3.6883,0,0,0.6147,0.6147,0.6147,0,0.6147,0,0.6147,0.6147,0.6147,0,0.6147,0,0,0,0,0.0001,0.0001,0.0004,0,0,0.0001,0.0001,0.0001,0,0.0001,0,0.0001,0.0001,0.0001,0,0.0001,0,0.2145,0.1708,0.2145,0.1708,
1.0708,0,0,0.5354,1.0708,2.6771,0,0.5354,0.5354,4.2834,0.5354,1.0708,0.5354,1.6063,0.5354,1.0708,0.5354,2.1417,0,1.0708,0.0001,0,0,0,0.0001,0.0002,0,0,0,0.0002,0,0.0001,0,0.0001,0,0.0001,0,0.0001,0,0.0001,0.1967,0.2679,0.1967,0.2679,
1.4932,1.4932,0,0,0.9955,0.9955,1.4932,0,0,1.4932,0.4977,0.9955,1.991,0.9955,0.4977,1.4932,1.991,0,0.9955,1.4932,0.0001,0.0001,0,0,0,0,0.0001,0,0,0.0001,0,0,0.0001,0,0,0.0001,0.0001,0,0,0.0001,0.2432,0.259,0.2432,0.259,
0.6086,0.6086,0.6086,0.6086,0,1.2173,0.6086,0,1.2173,0,0,0,0,1.2173,0.6086,0,0.6086,1.2173,0,0.6086,0.0001,0.0001,0.0001,0.0001,0,0.0001,0.0001,0,0.0001,0,0,0,0,0.0001,0.0001,0,0.0001,0.0001,0,0.0001,0.178,0.2133,0.178,0.2133,
1.0087,0,0,0,0,0,0,0,3.5305,0.5044,0.5044,0,0,0,5.0436,0.5044,0,1.0087,0.5044,0,0.0001,0,0,0,0,0,0,0,0.0005,0.0001,0.0001,0,0,0,0.0007,0.0001,0,0.0001,0.0001,0,0.336,0.1597,0.336,0.1597,
1.4574,0,0,0.9716,0.4858,0.9716,0,0.9716,1.9432,1.9432,0.4858,0.9716,0.4858,0.9716,0.4858,0,0.4858,1.4574,0,1.9432,0.0001,0,0,0.0001,0,0.0001,0,0.0001,0.0002,0.0002,0,0.0001,0,0.0001,0,0,0,0.0001,0,0.0002,0.2223,0.2919,0.2223,0.2919,
0,0,0,0,0,0,0,0,0,0,0,1.6545,0,3.309,0.8272,0,0.8272,0.8272,0,0.8272,0,0,0,0,0,0,0,0,0,0,0,0.0004,0,0.0008,0.0002,0,0.0002,0.0002,0,0.0002,0.1027,0.0701,0.1027,0.0701,
0,1.2405,0.827,0.4135,2.0675,2.0675,0.4135,0.827,0.4135,1.2405,0.4135,1.2405,0.827,0.4135,1.2405,0,1.654,0.827,1.2405,0.827,0,0.0001,0,0,0.0001,0.0001,0,0,0,0.0001,0,0.0001,0,0,0.0001,0,0.0001,0,0.0001,0,0.2974,0.2891,0.2974,0.2891,
0,0,0.7073,0,1.4146,0,0,0,0.7073,0.7073,0.7073,1.4146,0,0,0.7073,0.7073,0.7073,0,0,0,0,0,0.0001,0,0.0002,0,0,0,0.0001,0.0001,0.0001,0.0002,0,0,0.0001,0.0001,0.0001,0,0,0,0.1823,0.1104,0.1823,0.1104,
0.3632,0.7264,1.0897,0.7264,1.0897,1.0897,1.0897,0.3632,0.7264,1.4529,0,0.7264,0.7264,0,2.1793,1.4529,0,0,0.3632,1.8161,0,0,0.0001,0,0.0001,0.0001,0.0001,0,0,0.0001,0,0,0,0,0.0001,0.0001,0,0,0,0.0001,0.3288,0.308,0.3288,0.308,
0.7547,0,0,0,0,0.7547,0.7547,0.7547,0.7547,0,0,0,0.7547,0,0,0.7547,0.7547,0,0.7547,1.5093,0.0001,0,0,0,0,0.0001,0.0001,0.0001,0.0001,0,0,0,0.0001,0,0,0.0001,0.0001,0,0.0001,0.0002,0.1503,0.095,0.1503,0.095,
0,0,0,0,0.7782,1.5564,0,0.7782,0,0,0.7782,0,0,2.3346,0.7782,0.7782,0,0,0,0.7782,0,0,0,0,0.0001,0.0003,0,0.0001,0,0,0.0001,0,0,0.0004,0.0001,0.0001,0,0,0,0.0001,0.1074,0.1144,0.1074,0.1144,
0.3897,0.7795,0,1.5589,1.9487,0,0.3897,0.3897,1.1692,0,0,0.7795,0.7795,1.1692,0.7795,1.5589,1.1692,1.5589,0.7795,0.3897,0,0,0,0.0001,0.0001,0,0,0,0.0001,0,0,0,0,0.0001,0,0.0001,0.0001,0.0001,0,0,0.3047,0.3056,0.3047,0.3056,
1.5754,0.3939,0.3939,0,0.7877,0.3939,1.5754,0.7877,1.9693,0.7877,0.7877,0,0.3939,1.9693,0.3939,0.7877,1.1816,1.1816,0.7877,1.1816,0.0001,0,0,0,0.0001,0,0.0001,0.0001,0.0001,0.0001,0.0001,0,0,0.0001,0,0.0001,0.0001,0.0001,0.0001,0.0001,0.2951,0.311,0.2951,0.311,
2.3337,0,0.7779,0,1.5558,0,0,1.5558,0,0,0,2.3337,3.1116,2.3337,0,0,0,0,0,0,0.0002,0,0.0001,0,0.0001,0,0,0.0001,0,0,0,0.0002,0.0003,0.0002,0,0,0,0,0,0,0.0995,0.1226,0.0995,0.1226,
0,0,0,1.3401,0.67,3.3501,0,0,0,0.67,0.67,0,0.67,0,0.67,2.0101,0.67,0,0.67,0,0,0,0,0.0002,0.0001,0.0004,0,0,0,0.0001,0.0001,0,0.0001,0,0.0001,0.0002,0.0001,0,0.0001,0,0.1631,0.1669,0.1631,0.1669,
0,1.0081,1.6802,0.6721,0.336,0.6721,1.0081,0.6721,0.336,2.0163,0.6721,1.3442,0.336,0.336,1.3442,0,1.3442,0.6721,1.6802,0.6721,0,0.0001,0.0001,0,0,0,0.0001,0,0,0.0001,0,0.0001,0,0,0.0001,0,0.0001,0,0.0001,0,0.3522,0.3118,0.3522,0.3118,
1.5828,1.5828,0.5276,0.5276,0.5276,1.0552,1.5828,0,1.0552,0.5276,0,1.0552,0.5276,0.5276,0,1.0552,0,1.0552,0.5276,1.5828,0.0001,0.0001,0,0,0,0.0001,0.0001,0,0.0001,0,0,0.0001,0,0,0,0.0001,0,0.0001,0,0.0001,0.2459,0.2265,0.2459,0.2265,
0.8287,1.243,2.0717,1.6574,0.4143,1.243,0.8287,0,0.8287,1.243,0.4143,0.8287,0,0,0.4143,1.243,0.4143,0.4143,0.4143,0.8287,0,0.0001,0.0001,0.0001,0,0.0001,0,0,0,0.0001,0,0,0,0,0,0.0001,0,0,0,0,0.3002,0.2854,0.3002,0.2854,
2.1217,0,1.0608,0.3536,0,1.0608,0.7072,1.0608,2.4753,0.7072,0.3536,0.3536,1.4144,0.7072,0.3536,1.0608,0.3536,0,2.1217,0.3536,0.0001,0,0.0001,0,0,0.0001,0,0.0001,0.0001,0,0,0,0.0001,0,0,0.0001,0,0,0.0001,0,0.3568,0.2896,0.3568,0.2896,
0.6743,1.3487,0,0.6743,0.6743,0,0,0,0.6743,0,2.023,1.3487,0,1.3487,0,0,1.3487,0.6743,0.6743,0,0,0.0001,0,0,0,0,0,0,0,0,0.0001,0.0001,0,0.0001,0,0,0.0001,0,0,0,0.1602,0.1654,0.1602,0.1654,
0,3.9059,0,0.651,0.651,3.2549,0,0.651,0,0.651,0,1.302,1.953,0,0.651,1.302,2.6039,0.651,0,0.651,0,0.0001,0,0,0,0.0001,0,0,0,0,0,0,0.0001,0,0,0,0.0001,0,0,0,0.1935,0.1555,0.1935,0.1555,
0.6375,0,1.9126,0,0.6375,1.2751,0,1.2751,0,0.6375,0,0.6375,0.6375,0,0.6375,0.6375,0,0.6375,0,0,0.0001,0,0.0002,0,0.0001,0.0001,0,0.0001,0,0.0001,0,0.0001,0.0001,0,0.0001,0.0001,0,0.0001,0,0,0.207,0.1555,0.207,0.1555,
0.7526,0.7526,1.1289,1.1289,0,0.7526,0.7526,0,1.1289,0.3763,1.5052,0.3763,0.3763,0.3763,0.3763,0.3763,1.5052,0.3763,1.1289,0.7526,0,0,0.0001,0.0001,0,0,0,0,0.0001,0,0.0001,0,0,0,0,0,0.0001,0,0.0001,0,0.283,0.3407,0.283,0.3407,
0,0.7265,0,0.7265,0.7265,0.7265,0.7265,0.7265,0.7265,0,0,0,0.7265,0,0,0,0.7265,0,0,0.7265,0,0.0001,0,0.0001,0.0001,0.0001,0.0001,0.0001,0.0001,0,0,0,0.0001,0,0,0,0.0001,0,0,0.0001,0.1718,0.1017,0.1718,0.1017,
1.4392,0.4797,0,0.9595,1.4392,0.4797,0.4797,0.4797,0.9595,0.9595,1.919,0.9595,1.4392,0.4797,0.4797,1.4392,0.9595,0.4797,0.4797,1.4392,0.0001,0,0,0.0001,0.0001,0,0,0,0.0001,0.0001,0.0001,0.0001,0.0001,0,0,0.0001,0.0001,0,0,0.0001,0.2685,0.2517,0.2685,0.2517,
0,2.3469,0,0,0.7823,0,0.7823,0,0,0,0.7823,0,0,0,0.7823,0,1.5646,0.7823,0,0.7823,0,0.0002,0,0,0.0001,0,0.0001,0,0,0,0.0001,0,0,0,0.0001,0,0.0001,0.0001,0,0.0001,0.1134,0.1043,0.1134,0.1043,
1.6329,0,1.0886,0.5443,2.7215,0.5443,0,1.6329,1.0886,3.2658,1.0886,0.5443,0.5443,0.5443,0.5443,1.6329,0.5443,0,0,2.1772,0.0001,0,0.0001,0,0.0002,0,0,0.0001,0.0001,0.0002,0.0001,0,0,0,0,0.0001,0,0,0,0.0001,0.2127,0.243,0.2127,0.243,
0,1.3389,0.4463,1.3389,0.4463,0,0.8926,0.8926,0,0.4463,1.3389,1.3389,1.3389,0.4463,1.3389,1.3389,0,2.2314,0.4463,1.7851,0,0.0001,0,0.0001,0,0,0,0,0,0,0.0001,0.0001,0.0001,0,0.0001,0.0001,0,0.0001,0,0.0001,0.2764,0.2773,0.2764,0.2773,
1.7761,0,0,0,1.7761,0.592,0.592,1.7761,1.184,3.5521,1.184,1.7761,1.7761,0.592,0,1.184,0.592,2.9601,0,0,0.0001,0,0,0,0.0001,0,0,0.0001,0.0001,0.0002,0.0001,0.0001,0.0001,0,0,0.0001,0,0.0002,0,0,0.2164,0.1916,0.2164,0.1916,
0.863,1.726,0.863,0.4315,0.863,0.863,0.863,0.4315,0.4315,1.726,1.2945,0.863,1.2945,0.863,0.4315,1.726,1.2945,0.4315,0.863,1.726,0,0.0001,0,0,0,0,0,0,0,0.0001,0,0,0,0,0,0.0001,0,0,0,0.0001,0.2607,0.3078,0.2607,0.3078,
1.3228,0,1.9842,0,0.6614,0.6614,0,1.9842,0.6614,0,0,0,0,0,0,0.6614,0.6614,0.6614,0,0,0.0001,0,0.0002,0,0.0001,0.0001,0,0.0002,0.0001,0,0,0,0,0,0,0.0001,0.0001,0.0001,0,0,0.2005,0.1381,0.2005,0.1381,
1.0496,1.0496,0.5248,1.0496,0.5248,0,0.5248,0,0,0.5248,1.5745,1.0496,0.5248,0,1.5745,0.5248,1.0496,0,0.5248,1.0496,0.0001,0.0001,0,0.0001,0,0,0,0,0,0,0.0001,0.0001,0,0,0.0001,0,0.0001,0,0,0.0001,0.2548,0.2204,0.2548,0.2204,
0.7769,0,0.7769,0,0,1.5537,0,0,0.7769,1.5537,0,0,1.5537,0.7769,0,0.7769,0.7769,0,0,0,0.0001,0,0.0001,0,0,0.0002,0,0,0.0001,0.0002,0,0,0.0002,0.0001,0,0.0001,0.0001,0,0,0,0.136,0.0871,0.136,0.0871,
0.4751,0.4751,0.9502,2.8506,0.4751,0.9502,0,1.9004,0.4751,0.4751,1.4253,0.4751,0.9502,0,0.9502,0.4751,0.4751,0.4751,0.4751,0.4751,0,0,0.0001,0.0002,0,0.0001,0,0.0001,0,0,0.0001,0,0.0001,0,0.0001,0,0,0,0,0,0.2729,0.252,0.2729,0.252,
1.4112,0,1.7639,1.0584,0.7056,0.3528,1.4112,0.3528,0.7056,1.0584,0.7056,1.4112,0.7056,1.0584,1.4112,0.7056,0.7056,0.7056,0.7056,0.3528,0.0001,0,0.0001,0.0001,0,0,0.0001,0,0,0.0001,0,0.0001,0,0.0001,0.0001,0,0,0,0,0,0.2853,0.362,0.2853,0.362,
0.9476,0,0,0.9476,1.4214,0.9476,0,0.4738,0,3.7905,0.4738,1.8953,0.9476,0.4738,1.4214,1.4214,0.9476,1.4214,0,0.9476,0.0001,0,0,0.0001,0.0001,0.0001,0,0,0,0.0002,0,0.0001,0.0001,0,0.0001,0.0001,0.0001,0.0001,0,0.0001,0.2433,0.2829,0.2433,0.2829,
0.9543,0.4771,0.4771,0,0,0.4771,0.9543,0.9543,0,0.9543,0,0.4771,0.4771,0.9543,1.9086,0,0.4771,0.9543,0.4771,1.4314,0.0001,0,0,0,0,0,0.0001,0.0001,0,0.0001,0,0,0,0.0001,0.0001,0,0,0.0001,0,0.0001,0.2291,0.2937,0.2291,0.2937,
0.8104,1.2157,0.8104,1.2157,1.2157,0.4052,0.8104,0.8104,0.4052,0.8104,1.2157,0.8104,0.4052,0.4052,1.2157,0.4052,0.4052,0.8104,0.8104,0.8104,0,0.0001,0,0.0001,0.0001,0,0,0,0,0,0.0001,0,0,0,0.0001,0,0,0,0,0,0.2904,0.3043,0.2904,0.3043,
1.0729,0.5365,0.5365,1.0729,1.0729,0,0,0.5365,0.5365,0.5365,0.5365,1.0729,0.5365,0,0.5365,0,0.5365,1.0729,1.0729,1.0729,0.0001,0,0,0.0001,0.0001,0,0,0,0,0,0,0.0001,0,0,0,0,0,0.0001,0.0001,0.0001,0.2494,0.2141,0.2494,0.2141,
1.0728,0,0.5364,0,1.0728,1.0728,1.0728,0.5364,0.5364,0,0,0.5364,0.5364,0.5364,1.6092,0,0.5364,1.0728,1.6092,0.5364,0.0001,0,0,0,0.0001,0.0001,0.0001,0,0,0,0,0,0,0,0.0001,0,0,0.0001,0.0001,0,0.2412,0.2224,0.2412,0.2224,
1.86,0,0.93,0.465,2.79,0.93,0,0.93,0.465,3.72,0.465,0.465,1.395,0.465,0.465,0.465,1.395,1.395,0.465,0.465,0.0001,0,0.0001,0,0.0002,0.0001,0,0.0001,0,0.0002,0,0,0.0001,0,0,0,0.0001,0.0001,0,0,0.2574,0.2776,0.2574,0.2776,
2.8042,0.701,0,0,0,0.701,0,1.4021,0.701,0.701,1.4021,2.1031,0.701,2.1031,0,1.4021,0,0.701,0,0.701,0.0002,0,0,0,0,0,0,0.0001,0,0,0.0001,0.0001,0,0.0001,0,0.0001,0,0,0,0,0.1332,0.1657,0.1332,0.1657,
2.1607,0,0,0.5402,1.0803,2.7008,0,2.1607,0,4.8615,0.5402,1.0803,0.5402,0,0.5402,3.241,1.0803,0.5402,0.5402,1.0803,0.0001,0,0,0,0.0001,0.0001,0,0.0001,0,0.0003,0,0.0001,0,0,0,0.0002,0.0001,0,0,0.0001,0.23,0.2298,0.23,0.2298,
1.3866,0,2.311,0.9244,0.4622,0.4622,0.4622,1.3866,0.4622,1.3866,1.8488,0.4622,0.4622,0.4622,0,0.9244,1.3866,0,0.4622,0.9244,0.0001,0,0.0001,0.0001,0,0,0,0.0001,0,0.0001,0.0001,0,0,0,0,0.0001,0.0001,0,0,0.0001,0.2936,0.2442,0.2936,0.2442,
2.1326,0,0.5332,0,0,0.5332,0,3.1989,1.0663,4.2652,0.5332,0.5332,0.5332,0.5332,1.0663,1.0663,1.0663,0.5332,0.5332,0.5332,0.0001,0,0,0,0,0,0,0.0002,0.0001,0.0003,0,0,0,0,0.0001,0.0001,0.0001,0,0,0,0.2525,0.2144,0.2525,0.2144,
1.6191,1.2143,0,1.2143,0.4048,0,1.6191,0,1.6191,0.4048,0.4048,0.4048,1.2143,0.4048,1.2143,0,0.4048,1.6191,0.4048,1.2143,0.0001,0.0001,0,0.0001,0,0,0.0001,0,0.0001,0,0,0,0.0001,0,0.0001,0,0,0.0001,0,0.0001,0.3147,0.2806,0.3147,0.2806,
0.7665,1.1497,0.7665,0.3832,1.1497,0.7665,0.7665,1.1497,0.7665,0,0.3832,0.7665,0.7665,0.7665,1.1497,1.1497,0.7665,0.7665,1.5329,0.7665,0,0.0001,0,0,0.0001,0,0,0.0001,0,0,0,0,0,0,0.0001,0.0001,0,0,0.0001,0,0.3218,0.295,0.3218,0.295,
1.2283,0,0,1.2283,0.6141,1.8424,0,0,0.6141,0.6141,0.6141,0.6141,0.6141,0,0.6141,1.2283,0,0,0.6141,0,0.0001,0,0,0.0001,0.0001,0.0002,0,0,0.0001,0.0001,0.0001,0.0001,0.0001,0,0.0001,0.0001,0,0,0.0001,0,0.2106,0.1752,0.2106,0.1752,
1.8339,2.4451,0.6113,1.8339,0,0,0.6113,0.6113,0,0.6113,0.6113,1.2226,0,0.6113,0,1.2226,0,0.6113,0,1.2226,0.0001,0.0001,0,0.0001,0,0,0,0,0,0,0,0.0001,0,0,0,0.0001,0,0,0,0.0001,0.2033,0.1854,0.2033,0.1854,
0,0,0,0,0,1.6531,0,0.8266,0,0.8266,0,0,0.8266,0,0.8266,2.4797,0,1.6531,0,0,0,0,0,0,0,0.0002,0,0.0001,0,0.0001,0,0,0.0001,0,0.0001,0.0003,0,0.0002,0,0,0.1006,0.0728,0.1006,0.0728,
1.3905,1.3905,0.927,0.4635,0,0.4635,0.4635,2.3175,0.4635,0.4635,1.3905,1.3905,0,0.4635,0.927,1.3905,0,0,0.927,2.3175,0.0001,0.0001,0,0,0,0,0,0.0001,0,0,0.0001,0.0001,0,0,0,0.0001,0,0,0,0.0001,0.2473,0.2892,0.2473,0.2892,
0.4214,1.2641,0.8427,0.4214,0,1.6854,0.8427,0.4214,0.4214,1.2641,0.4214,0.8427,0.4214,0,0.8427,0.8427,2.1068,0,0.4214,1.2641,0,0.0001,0,0,0,0.0001,0,0,0,0.0001,0,0,0,0,0,0,0.0001,0,0,0.0001,0.2798,0.2989,0.2798,0.2989,
0,0.399,0.399,0.798,0.798,0.798,0.399,1.995,0.798,1.197,0,1.197,0,1.197,1.197,0.399,0.798,0.399,0.399,2.394,0,0,0,0,0,0,0,0.0001,0,0.0001,0,0.0001,0,0.0001,0.0001,0,0,0,0,0.0001,0.2848,0.3162,0.2848,0.3162,
0.3872,1.1617,1.1617,0.7745,1.5489,1.5489,0.3872,1.1617,0.7745,0.7745,0.3872,1.1617,0.7745,0.3872,0.3872,0.3872,0,1.5489,0.7745,1.5489,0,0,0,0,0.0001,0.0001,0,0,0,0,0,0,0,0,0,0,0,0.0001,0,0.0001,0.2814,0.3314,0.2814,0.3314,
0.9043,0.9043,0,1.3564,0.9043,2.2607,0.4521,0.9043,0.4521,1.3564,0.9043,0,0.9043,0.4521,0.9043,0.4521,0.4521,0,0.9043,0.9043,0,0,0,0.0001,0,0.0001,0,0,0,0.0001,0,0,0,0,0,0,0,0,0,0,0.3325,0.2154,0.3325,0.2154,
1.8143,0,1.2095,0,0,1.2095,1.2095,0,0.6048,1.2095,0,1.2095,0.6048,0,0.6048,0.6048,0,1.8143,0.6048,0.6048,0.0002,0,0.0001,0,0,0.0001,0.0001,0,0.0001,0.0001,0,0.0001,0.0001,0,0.0001,0.0001,0,0.0002,0.0001,0.0001,0.2089,0.1864,0.2089,0.1864,
1.7719,2.2149,0.443,0.8859,1.3289,0.8859,0,0.443,1.3289,0.443,1.7719,0.443,0.8859,0.8859,0.8859,2.2149,0.443,0.443,1.7719,0,0.0001,0.0001,0,0,0,0,0,0,0,0,0.0001,0,0,0,0,0.0001,0,0,0.0001,0,0.3019,0.2552,0.3019,0.2552,
0,0.5362,0.5362,0.5362,1.0723,1.0723,0.5362,0,1.0723,0,0.5362,0.5362,0,0.5362,0,1.0723,0.5362,0,1.6085,0.5362,0,0,0,0,0.0001,0.0001,0,0,0.0001,0,0,0,0,0,0,0.0001,0,0,0.0001,0,0.2449,0.219,0.2449,0.219,
2.6541,1.3271,1.3271,1.7694,0.8847,0.4424,0.4424,0.4424,0.4424,0.4424,1.7694,0.8847,0.4424,1.7694,1.3271,0.8847,1.7694,0.8847,0,0.4424,0.0001,0.0001,0.0001,0.0001,0,0,0,0,0,0,0.0001,0,0,0.0001,0.0001,0,0.0001,0,0,0,0.2693,0.2883,0.2693,0.2883,
1.3564,0,0.4521,0,2.2606,0.4521,0,1.3564,0.9043,2.2606,1.3564,0.4521,1.3564,0,0.9043,2.2606,1.3564,1.3564,0.9043,0.9043,0.0001,0,0,0,0.0001,0,0,0.0001,0.0001,0.0001,0.0001,0,0.0001,0,0.0001,0.0001,0.0001,0.0001,0.0001,0.0001,0.2641,0.2838,0.2641,0.2838,
0,0,0.7187,0,0,0,0.7187,1.4374,0,0,0,0,0.7187,0,0.7187,0,0,0.7187,2.1561,0,0,0,0.0001,0,0,0,0.0001,0.0003,0,0,0,0,0.0001,0,0.0001,0,0,0.0001,0.0004,0,0.1664,0.1149,0.1664,0.1149,
1.4243,0,0,0.7122,0,1.4243,0.7122,0.7122,0,0.7122,0.7122,0,0,0.7122,0.7122,1.4243,0.7122,0.7122,0,0,0.0002,0,0,0.0001,0,0.0002,0.0001,0.0001,0,0.0001,0.0001,0,0,0.0001,0.0001,0.0002,0.0001,0.0001,0,0,0.1604,0.1274,0.1604,0.1274,
2.0367,0.8147,1.222,1.222,0,0.4073,0.4073,1.6294,0.8147,0,0.4073,0.4073,0.8147,0.4073,0.8147,0.8147,0.4073,0.4073,0.4073,0.4073,0.0001,0,0.0001,0.0001,0,0,0,0.0001,0,0,0,0,0,0,0,0,0,0,0,0,0.3341,0.2585,0.3341,0.2585,
0,0,1.7831,1.7831,0.3566,0.3566,0.7132,0.7132,3.5661,0.7132,0.3566,0.3566,1.0698,0.7132,0,1.0698,1.7831,0.3566,0,0,0,0,0.0001,0.0001,0,0,0.0001,0.0001,0.0003,0.0001,0,0,0.0001,0.0001,0,0.0001,0.0001,0,0,0,0.331,0.3124,0.331,0.3124,
3.8058,0,0,0.5437,0,0,0.5437,1.631,0,3.2621,0.5437,0,0,0.5437,1.0874,2.7184,0.5437,2.1747,0,1.0874,0.0003,0,0,0,0,0,0,0.0001,0,0.0002,0,0,0,0,0.0001,0.0002,0,0.0002,0,0.0001,0.2386,0.2177,0.2386,0.2177,
0.7178,0,0.7178,0.7178,2.1533,0,1.4355,1.4355,0.3589,0.3589,0.3589,1.0766,0.3589,1.7944,1.0766,0.7178,1.7944,0,1.0766,0.3589,0.0001,0,0.0001,0.0001,0.0002,0,0.0001,0.0001,0,0,0,0.0001,0,0.0001,0.0001,0.0001,0.0001,0,0.0001,0,0.3232,0.3179,0.3232,0.3179,
0.3701,1.4805,0.3701,0.7403,0.3701,0.3701,0,0.7403,0.3701,1.1104,1.1104,1.1104,0,2.2208,1.8507,0.3701,1.1104,1.4805,1.8507,0.7403,0,0.0001,0,0,0,0,0,0,0,0.0001,0.0001,0.0001,0,0.0001,0.0001,0,0.0001,0.0001,0.0001,0,0.3334,0.2965,0.3334,0.2965,
0.4777,0.9555,0.4777,0.4777,0.4777,0.4777,0.4777,0.4777,0.4777,0.4777,0.9555,0,0,0.4777,1.4332,0,0.9555,0.9555,1.911,0,0,0.0001,0,0,0,0,0,0,0,0,0.0001,0,0,0,0.0001,0,0.0001,0.0001,0.0001,0,0.2887,0.2335,0.2887,0.2335,
0.4815,1.9262,0,1.4446,0.9631,0.4815,0.4815,0.9631,0.4815,0,0.4815,0.4815,0,1.4446,0.9631,1.4446,0.9631,1.9262,0.4815,0.9631,0,0.0001,0,0.0001,0,0,0,0,0,0,0,0,0,0.0001,0,0.0001,0,0.0001,0,0,0.2589,0.2595,0.2589,0.2595,
2.0427,0,0.6809,1.3618,0,0,0,0,0,1.3618,0,0,1.3618,0,0,0,0,0,0,2.0427,0.0002,0,0.0001,0.0002,0,0,0,0,0,0.0002,0,0,0.0002,0,0,0,0,0,0,0.0002,0.19,0.1291,0.19,0.1291,
0.7423,0,0,0,0.3711,1.1134,0.7423,0,2.2268,0.7423,0.7423,0.7423,0.3711,0.7423,4.4535,1.1134,0.7423,1.1134,0,0.3711,0.0001,0,0,0,0,0.0001,0.0001,0,0.0002,0.0001,0.0001,0.0001,0,0.0001,0.0004,0.0001,0.0001,0.0001,0,0,0.3017,0.3272,0.3017,0.3272,
1.9876,0.4969,0,0,0.9938,1.9876,0,3.4783,0.4969,2.4845,0.4969,0,0.4969,1.4907,1.9876,0,0.9938,1.4907,0.4969,0.4969,0.0001,0,0,0,0.0001,0.0001,0,0.0002,0,0.0002,0,0,0,0.0001,0.0001,0,0.0001,0.0001,0,0,0.2549,0.2482,0.2549,0.2482,
1.2893,0,0,0,0,0,0,0,0,0,0,0,0.8595,0,9.0249,1.2893,0,0.8595,0,0,0.0002,0,0,0,0,0,0,0,0,0,0,0,0.0001,0,0.0011,0.0002,0,0.0001,0,0,0.2482,0.3221,0.2482,0.3221,
0.3039,0.3039,0.3039,0.9118,0.6079,0.9118,1.5197,0.6079,1.5197,0.9118,0.3039,1.5197,0.6079,0.3039,1.2157,0.6079,0.9118,0.3039,0.9118,0.3039,0,0,0,0.0001,0,0.0001,0.0001,0,0.0001,0.0001,0,0.0001,0,0,0.0001,0,0.0001,0,0.0001,0,0.3191,0.3769,0.3191,0.3769,
0,0,0.6873,0,1.3746,2.7491,0,0,0,1.3746,0,0.6873,0.6873,0,0.6873,1.3746,0.6873,0,0,0,0,0,0.0001,0,0.0001,0.0002,0,0,0,0.0001,0,0.0001,0.0001,0,0.0001,0.0001,0.0001,0,0,0,0.1472,0.1655,0.1472,0.1655,
0,0,1.2532,1.2532,0.6266,0,0,0.6266,0,0,0,0,1.2532,0.6266,1.2532,1.2532,0,0.6266,0,0,0,0,0.0002,0.0002,0.0001,0,0,0.0001,0,0,0,0,0.0002,0.0001,0.0002,0.0002,0,0.0001,0,0,0.2348,0.1386,0.2348,0.1386,
0,0.7575,0,0,0,1.5151,0,0,0,1.5151,0,0,0,0,0.7575,0,2.2726,0.7575,0,1.5151,0,0.0001,0,0,0,0.0002,0,0,0,0.0002,0,0,0,0,0.0001,0,0.0002,0.0001,0,0.0002,0.1297,0.1128,0.1297,0.1128,
1.6092,0.8046,0.8046,0.8046,0,0.8046,0.4023,0,1.6092,2.0115,0.4023,0.4023,0.4023,0.8046,0.8046,0.8046,1.2069,2.0115,1.2069,0.8046,0.0001,0,0,0,0,0,0,0,0.0001,0.0001,0,0,0,0,0,0,0.0001,0.0001,0.0001,0,0.2984,0.2993,0.2984,0.2993,
1.1462,0.7642,1.5283,1.1462,0.7642,0.3821,0.3821,1.5283,0.7642,0,1.1462,0.7642,1.1462,1.5283,1.1462,0.7642,0.3821,1.1462,1.1462,0.3821,0.0001,0,0.0001,0.0001,0,0,0,0.0001,0,0,0.0001,0,0.0001,0.0001,0.0001,0,0,0.0001,0.0001,0,0.2943,0.3236,0.2943,0.3236,
0.3459,0.6918,0.6918,1.3836,1.3836,0,1.3836,1.3836,0.3459,0.6918,0.6918,1.7296,0.3459,0.3459,0.3459,0.3459,1.3836,0.3459,1.0377,1.0377,0,0,0,0.0001,0.0001,0,0.0001,0.0001,0,0,0,0.0001,0,0,0,0,0.0001,0,0.0001,0.0001,0.3308,0.3233,0.3308,0.3233,
0,0.7591,0,0,0.7591,1.5183,0,1.5183,0,2.2774,0.7591,2.2774,1.5183,1.5183,0,0.7591,0.7591,0,0,0.7591,0,0,0,0,0,0.0001,0,0.0001,0,0.0001,0,0.0001,0.0001,0.0001,0,0,0,0,0,0,0.11,0.1309,0.11,0.1309,
0.3919,1.1758,0.7839,0.7839,1.1758,0.7839,0.7839,1.1758,0.3919,0.3919,0,1.1758,1.5678,1.5678,1.1758,0.3919,2.3516,0.7839,0.3919,0.7839,0,0.0001,0,0,0.0001,0,0,0.0001,0,0,0,0.0001,0.0001,0.0001,0.0001,0,0.0001,0,0,0,0.3178,0.2902,0.3178,0.2902,
1.9305,0,0.6435,0.6435,0.6435,0,0.6435,0,0.6435,1.287,0,0,0.6435,0.6435,0,0.6435,0.6435,1.287,0,0.6435,0.0002,0,0.0001,0.0001,0.0001,0,0.0001,0,0.0001,0.0001,0,0,0.0001,0.0001,0,0.0001,0.0001,0.0001,0,0.0001,0.1857,0.1708,0.1857,0.1708,
0,1.2835,1.2835,0,0,1.9252,0.6417,0.6417,0,0.6417,0,0.6417,0.6417,0,0,0,0,0,1.2835,0,0,0.0001,0.0001,0,0,0.0001,0,0,0,0,0,0,0,0,0,0,0,0,0.0001,0,0.167,0.1913,0.167,0.1913,
0,0,0,1.1163,0,0.5582,0.5582,1.1163,1.1163,0.5582,0,0,0.5582,2.2327,0.5582,0,0,0.5582,0,0.5582,0,0,0,0.0002,0,0.0001,0.0001,0.0002,0.0002,0.0001,0,0,0.0001,0.0003,0.0001,0,0,0.0001,0,0.0001,0.2001,0.2417,0.2001,0.2417,
0,1.3105,0.6552,0,0,0,1.3105,0.6552,0.6552,0,0.6552,0,0.6552,0,0,0.6552,0.6552,0.6552,1.3105,0.6552,0,0.0001,0,0,0,0,0.0001,0,0,0,0,0,0,0,0,0,0,0,0.0001,0,0.1821,0.1627,0.1821,0.1627,
0.8315,0,0.8315,0,0,1.6631,0,1.6631,0,0.8315,0,0.8315,1.6631,0,0,0.8315,2.4946,0.8315,0,0,0.0002,0,0.0002,0,0,0.0003,0,0.0003,0,0.0002,0,0.0002,0.0003,0,0,0.0002,0.0005,0.0002,0,0,0.0926,0.0758,0.0926,0.0758,
0.8923,0.8923,1.3384,1.7846,0.8923,1.3384,0,0.4461,1.3384,2.2307,1.3384,0,0.4461,1.3384,0.8923,0.4461,0,1.3384,0.4461,0.4461,0.0001,0.0001,0.0001,0.0001,0.0001,0.0001,0,0,0.0001,0.0001,0.0001,0,0,0.0001,0.0001,0,0,0.0001,0,0,0.2776,0.2762,0.2776,0.2762,
2.1793,0.4359,0.4359,0.8717,1.7434,0.4359,0.4359,0.4359,0.8717,0.4359,1.3076,2.6151,1.3076,1.3076,0.4359,1.3076,0.4359,0.4359,1.7434,1.3076,0.0001,0,0,0,0.0001,0,0,0,0,0,0.0001,0.0001,0.0001,0.0001,0,0.0001,0,0,0.0001,0.0001,0.2841,0.28,0.2841,0.28,
0.4908,0,0,0,2.9447,0.4908,0.4908,2.4539,0.4908,5.8894,1.4723,0,0.9816,0.9816,0.9816,1.9631,1.4723,0.4908,0,1.9631,0,0,0,0,0.0002,0,0,0.0001,0,0.0004,0.0001,0,0.0001,0.0001,0.0001,0.0001,0.0001,0,0,0.0001,0.2653,0.2439,0.2653,0.2439,
0.5613,1.1226,0.5613,0.5613,0.5613,2.2453,0,0.5613,0.5613,0,0.5613,0.5613,1.1226,0,1.1226,0.5613,1.1226,0,0,1.1226,0,0.0001,0,0,0,0.0001,0,0,0,0,0,0,0.0001,0,0.0001,0,0.0001,0,0,0.0001,0.2591,0.1796,0.2591,0.1796,
1.4382,0,0.4794,2.397,0,0.4794,0,1.4382,0,0.9588,0.9588,0.9588,0.9588,0,0.4794,1.9176,0.4794,0.9588,0,0.4794,0.0001,0,0,0.0002,0,0,0,0.0001,0,0.0001,0.0001,0.0001,0.0001,0,0,0.0001,0,0.0001,0,0,0.2646,0.256,0.2646,0.256,
0.3636,1.4546,1.0909,0.7273,0.7273,1.0909,0.7273,0,0.7273,1.0909,1.0909,1.4546,0.3636,0.7273,0.3636,1.0909,0.3636,1.4546,1.8182,0.3636,0,0.0001,0,0,0,0,0,0,0,0,0,0.0001,0,0,0,0,0,0.0001,0.0001,0,0.2875,0.3488,0.2875,0.3488,
1.8913,1.4185,0.9456,0.4728,0.9456,0.4728,0.4728,0.4728,0.9456,0.9456,0,0.4728,1.4185,1.4185,0.9456,1.8913,0.9456,0.9456,0.4728,0.4728,0.0001,0.0001,0,0,0,0,0,0,0,0,0,0,0.0001,0.0001,0,0.0001,0,0,0,0,0.2465,0.2807,0.2465,0.2807,
0.4313,0.4313,0,1.7252,0.4313,0.8626,1.2939,1.2939,0.8626,0.8626,1.2939,0,0.8626,0.4313,0.4313,0.8626,1.2939,0.4313,1.2939,0.4313,0,0,0,0.0001,0,0.0001,0.0001,0.0001,0.0001,0.0001,0.0001,0,0.0001,0,0,0.0001,0.0001,0,0.0001,0,0.3153,0.2534,0.3153,0.2534,
0,1.0111,1.0111,2.0223,1.3482,0,0.6741,1.6852,0.337,0,0,0.6741,1.3482,0.337,0.6741,1.6852,1.0111,1.0111,0.6741,1.0111,0,0,0,0.0001,0.0001,0,0,0.0001,0,0,0,0,0.0001,0,0,0.0001,0,0,0,0,0.3105,0.3524,0.3105,0.3524,
0,0.6154,0,1.8463,0,0.6154,0,1.2309,0.6154,0.6154,0.6154,0.6154,0,0,0.6154,0.6154,0.6154,0,0,0.6154,0,0.0001,0,0.0002,0,0.0001,0,0.0001,0.0001,0.0001,0.0001,0.0001,0,0,0.0001,0.0001,0.0001,0,0,0.0001,0.1856,0.199,0.1856,0.199,
1.2969,0.8646,2.1615,0.4323,1.7292,1.2969,0.8646,0.8646,0,0.8646,0.8646,0.8646,0.8646,0.4323,0,0,0.8646,0.4323,0.8646,0.8646,0.0001,0,0.0001,0,0.0001,0.0001,0,0,0,0,0,0,0,0,0,0,0,0,0,0,0.2916,0.2761,0.2916,0.2761,
1.5396,0.7698,0,0.7698,0,0,0,0.7698,0,0,0.7698,0.7698,0,0,0.7698,1.5396,0,0,0,0,0.0002,0.0001,0,0.0001,0,0,0,0.0001,0,0,0.0001,0.0001,0,0,0.0001,0.0002,0,0,0,0,0.1173,0.1129,0.1173,0.1129,
0.7853,0,0.7853,0.7853,0,0,0,0.7853,0,1.5707,0,0.7853,1.5707,0,0,0,1.5707,0,0.7853,0,0.0001,0,0.0001,0.0001,0,0,0,0.0001,0,0.0002,0,0.0001,0.0002,0,0,0,0.0002,0,0.0001,0,0.1311,0.0836,0.1311,0.0836,
0.6272,1.2544,0,0.6272,0,0.6272,0.6272,1.2544,1.2544,0,0,0.6272,0.6272,0.6272,0,0.6272,0,0,0,1.8816,0,0.0001,0,0,0,0,0,0.0001,0.0001,0,0,0,0,0,0,0,0,0,0,0.0001,0.2016,0.1712,0.2016,0.1712,
0.7052,0,1.0579,0.3526,0,1.4105,1.0579,0,2.821,0.3526,1.0579,2.1157,1.4105,1.0579,1.0579,1.4105,0.7052,0.3526,0,0,0.0001,0,0.0001,0,0,0.0001,0.0001,0,0.0002,0,0.0001,0.0002,0.0001,0.0001,0.0001,0.0001,0.0001,0,0,0,0.3586,0.2888,0.3586,0.2888,
0.4378,2.6266,0,0.8755,0,1.3133,0.4378,0.4378,1.3133,0,0.8755,0,0.8755,0.8755,1.7511,0,0.8755,1.7511,0,0.4378,0,0.0001,0,0,0,0.0001,0,0,0.0001,0,0,0,0,0,0.0001,0,0,0.0001,0,0,0.3634,0.1988,0.3634,0.1988,
2.9789,0,0.5958,0.5958,1.1915,2.3831,0,1.7873,1.1915,3.5746,0.5958,0,0.5958,0.5958,0,0.5958,0,1.7873,0.5958,0,0.0002,0,0,0,0.0001,0.0002,0,0.0001,0.0001,0.0003,0,0,0,0,0,0,0,0.0001,0,0,0.1921,0.2122,0.1921,0.2122,
0.3826,0.3826,0.3826,0,0.7651,0.7651,0,0.7651,4.2083,0.7651,0.3826,1.1477,0,0.7651,1.5303,1.5303,0,1.9129,0,0,0,0,0,0,0.0001,0.0001,0,0.0001,0.0003,0.0001,0,0.0001,0,0.0001,0.0001,0.0001,0,0.0001,0,0,0.3283,0.2891,0.3283,0.2891,
0,1.2288,0.8192,1.2288,0.8192,0.8192,0.8192,0.8192,0.4096,0.4096,1.2288,0.8192,1.2288,0.4096,0.8192,1.2288,1.6384,1.2288,0.8192,0.8192,0,0.0001,0,0.0001,0,0,0,0,0,0,0.0001,0,0.0001,0,0,0.0001,0.0001,0.0001,0,0,0.2783,0.3122,0.2783,0.3122,
1.1137,1.6705,0.5568,0.5568,0,1.6705,0.5568,0,0,0,0,0,0.5568,1.6705,1.6705,0,1.1137,1.1137,0,0.5568,0.0001,0.0001,0,0,0,0.0001,0,0,0,0,0,0,0,0.0001,0.0001,0,0.0001,0.0001,0,0,0.1961,0.2471,0.1961,0.2471,
0.535,0,0,1.07,2.14,0.535,0,0.535,0,3.21,0.535,3.21,0.535,1.07,0.535,2.14,1.07,1.605,0.535,1.07,0,0,0,0.0001,0.0001,0,0,0,0,0.0002,0,0.0002,0,0.0001,0,0.0001,0.0001,0.0001,0,0.0001,0.24,0.225,0.24,0.225,
0,0.7484,0.7484,0.7484,0,0,0.7484,0.7484,0.7484,0.7484,0.7484,0,0,0,0,0.7484,0.7484,0,0,0,0,0.0001,0.0001,0.0001,0,0,0.0001,0.0001,0.0001,0.0001,0.0001,0,0,0,0,0.0001,0.0001,0,0,0,0.1293,0.1223,0.1293,0.1223,
1.5161,0,0,0.758,0,0.758,0,1.5161,0,1.5161,0,0.758,0,0.758,0.758,0,0,0,0,0.758,0.0002,0,0,0.0001,0,0.0001,0,0.0002,0,0.0002,0,0.0001,0,0.0001,0.0001,0,0,0,0,0.0001,0.1125,0.1295,0.1125,0.1295,
0.4844,1.4532,0.4844,0.4844,1.4532,1.4532,0,0.9688,0.4844,0.9688,1.9377,2.4221,0.4844,0,0.9688,1.9377,0.4844,0,0.9688,0,0,0.0001,0,0,0.0001,0.0001,0,0,0,0,0.0001,0.0001,0,0,0,0.0001,0,0,0,0,0.2873,0.2283,0.2873,0.2283,
0,1.3276,0.6638,0,0,0.6638,0,1.3276,1.9914,0,0,0,1.3276,0,0,3.319,0.6638,1.3276,0,0.6638,0,0.0001,0,0,0,0,0,0.0001,0.0001,0,0,0,0.0001,0,0,0.0002,0,0.0001,0,0,0.1876,0.1487,0.1876,0.1487,
1.9877,0,1.3252,0.6626,0,0.6626,0,0,0.6626,0.6626,0,1.9877,0,0.6626,0,0,0,2.6503,0,0,0.0002,0,0.0002,0.0001,0,0.0001,0,0,0.0001,0.0001,0,0.0002,0,0.0001,0,0,0,0.0003,0,0,0.1959,0.1415,0.1959,0.1415,
0,1.132,0.566,0.566,0,1.698,0.566,0.566,0.566,0,2.83,1.132,0,1.132,0,1.698,1.132,1.132,1.132,1.132,0,0.0001,0,0,0,0.0001,0,0,0,0,0.0002,0.0001,0,0.0001,0,0.0001,0.0001,0.0001,0.0001,0.0001,0.2364,0.1976,0.2364,0.1976,
1.2322,1.2322,0.4107,0.8215,0.4107,1.2322,1.2322,0.4107,0.8215,1.2322,1.2322,0.8215,0.8215,1.643,0.8215,0.4107,0,0.8215,1.2322,1.2322,0.0001,0.0001,0,0,0,0.0001,0.0001,0,0,0.0001,0.0001,0,0,0.0001,0,0,0,0,0.0001,0.0001,0.3068,0.2825,0.3068,0.2825,
0,0.9832,0.4916,1.4749,1.4749,0,0.4916,0.9832,0.9832,0.4916,0.9832,0.9832,0.9832,0,0.4916,1.4749,0.9832,0.9832,0.9832,0.9832,0,0.0001,0,0.0001,0.0001,0,0,0.0001,0.0001,0,0.0001,0.0001,0.0001,0,0,0.0001,0.0001,0.0001,0.0001,0.0001,0.2639,0.2445,0.2639,0.2445,
1.3711,0.457,0,0.457,0.914,0,0,0.914,0.914,4.1132,0.457,0,1.3711,0.457,2.2851,1.3711,0.914,0,0,0,0.0001,0,0,0,0.0001,0,0,0.0001,0.0001,0.0002,0,0,0.0001,0,0.0001,0.0001,0.0001,0,0,0,0.2499,0.293,0.2499,0.293,
2.6676,0,0.8892,0.4446,1.7784,0.4446,0,1.7784,0.8892,1.3338,0.4446,0.8892,0.8892,0.8892,1.3338,0,0,1.7784,0.4446,0,0.0002,0,0.0001,0,0.0001,0,0,0.0001,0.0001,0.0001,0,0.0001,0.0001,0.0001,0.0001,0,0,0.0001,0,0,0.2497,0.3057,0.2497,0.3057,
0,0.8433,0,0,0,0.8433,0,0,0.8433,1.6866,0,0.8433,2.5299,0,0,0.8433,0,1.6866,0,0.8433,0,0.0001,0,0,0,0.0001,0,0,0.0001,0.0001,0,0.0001,0.0002,0,0,0.0001,0,0.0001,0,0.0001,0.0655,0.0912,0.0655,0.0912,
1.8608,1.2405,0,0.9304,0.6203,0.3101,0,0.6203,2.7912,0.3101,0.9304,0.9304,0.3101,0,1.5507,0.6203,0.6203,0.3101,0.3101,0.3101,0.0001,0.0001,0,0,0,0,0,0,0.0001,0,0,0,0,0,0.0001,0,0,0,0,0,0.3516,0.3382,0.3516,0.3382,
2.0735,0,0.5184,0,1.5551,1.0368,0.5184,2.0735,1.5551,2.5919,0.5184,1.5551,1.0368,0.5184,0,0.5184,1.0368,2.5919,0,1.0368,0.0001,0,0,0,0.0001,0.0001,0,0.0001,0.0001,0.0002,0,0.0001,0.0001,0,0,0,0.0001,0.0002,0,0.0001,0.2572,0.2245,0.2572,0.2245,
1.9882,0.497,0.497,0.497,1.4911,0.9941,0.497,0.9941,0.497,1.9882,1.4911,0,0,0.497,0.497,1.4911,1.9882,0.9941,0,1.4911,0.0001,0,0,0,0.0001,0.0001,0,0.0001,0,0.0001,0.0001,0,0,0,0,0.0001,0.0001,0.0001,0,0.0001,0.274,0.2289,0.274,0.2289,
1.7379,0,0.5793,0,2.3172,0.5793,0.5793,0.5793,0.5793,2.8966,1.7379,1.1586,1.7379,0.5793,0,1.1586,1.7379,2.8966,0,0,0.0001,0,0,0,0.0001,0,0,0,0,0.0002,0.0001,0.0001,0.0001,0,0,0.0001,0.0001,0.0002,0,0,0.2087,0.212,0.2087,0.212,
0,2.041,2.041,0.4082,0.4082,2.8574,0.4082,0.8164,0,1.6328,0.4082,1.2246,1.2246,1.2246,0.4082,1.6328,0.8164,0.8164,0,2.041,0,0.0001,0.0001,0,0,0.0001,0,0,0,0.0001,0,0,0,0,0,0.0001,0,0,0,0.0001,0.2729,0.3189,0.2729,0.3189,
1.8715,0,0.9357,1.4036,1.8715,1.8715,0.4679,1.4036,0,2.3394,0.4679,0,0.9357,1.4036,0.4679,1.4036,1.8715,0.4679,0,0.9357,0.0001,0,0.0001,0.0001,0.0001,0.0001,0,0.0001,0,0.0001,0,0,0.0001,0.0001,0,0.0001,0.0001,0,0,0.0001,0.2508,0.2813,0.2508,0.2813,
0.9484,0,0.9484,0.4742,0.4742,0.9484,0.9484,1.4226,0.4742,0.4742,0.9484,0,1.8967,0.9484,0.9484,0.4742,0.4742,1.8967,0.9484,0,0.0001,0,0.0001,0,0,0.0001,0.0001,0.0001,0,0,0.0001,0,0.0001,0.0001,0.0001,0,0,0.0001,0.0001,0,0.2536,0.2722,0.2536,0.2722,
0.7446,1.4892,1.1169,0.7446,1.1169,0.7446,1.4892,0.7446,0.7446,1.4892,0.3723,0.3723,0.3723,0.3723,0,1.4892,1.1169,0.3723,1.4892,0.7446,0,0.0001,0,0,0,0,0.0001,0,0,0.0001,0,0,0,0,0,0.0001,0,0,0.0001,0,0.2944,0.3333,0.2944,0.3333,
0.3686,0.7372,0.3686,0,1.4743,1.8429,1.1057,1.1057,0.7372,0.3686,0.7372,0.7372,2.5801,0.7372,1.8429,0,0.3686,1.4743,0.7372,0.7372,0,0,0,0,0.0001,0.0001,0.0001,0.0001,0,0,0,0,0.0001,0,0.0001,0,0,0.0001,0,0,0.3207,0.3107,0.3207,0.3107,
0,0.8524,1.2787,0,0.8524,1.2787,0.4262,0,1.2787,0,1.2787,1.7049,0.4262,0,0.8524,0.4262,1.2787,0.8524,0.8524,0.8524,0,0.0001,0.0001,0,0.0001,0.0001,0,0,0.0001,0,0.0001,0.0001,0,0,0.0001,0,0.0001,0.0001,0.0001,0.0001,0.3369,0.2369,0.3369,0.2369,
0.7202,0.7202,1.4403,1.8004,0.7202,2.1605,0.7202,0.7202,0.7202,1.4403,0.7202,0.7202,0.7202,0,0.7202,0.7202,1.8004,0.7202,0.3601,0,0,0,0.0001,0.0001,0,0.0001,0,0,0,0.0001,0,0,0,0,0,0,0.0001,0,0,0,0.2912,0.3487,0.2912,0.3487,
0,0,0.6296,0.6296,0.6296,1.2592,0,1.2592,1.2592,0.6296,0,0.6296,0.6296,1.8888,0,0,0.6296,0,0,0,0,0,0.0001,0.0001,0.0001,0.0001,0,0.0001,0.0001,0.0001,0,0.0001,0.0001,0.0002,0,0,0.0001,0,0,0,0.1678,0.2026,0.1678,0.2026,
1.4636,0,0.9758,0.4879,0,1.9515,0,0.9758,0.9758,0.9758,0.9758,0.4879,0.9758,0.9758,0.9758,0.9758,0.4879,1.4636,0,0.4879,0.0001,0,0.0001,0,0,0.0001,0,0.0001,0.0001,0.0001,0.0001,0,0.0001,0.0001,0.0001,0.0001,0,0.0001,0,0,0.2563,0.2558,0.2563,0.2558,
0,0,0.5069,1.0139,3.0416,1.5208,0,0.5069,1.0139,2.5346,0.5069,1.0139,1.0139,0,1.0139,2.0277,1.0139,2.5346,0,0.5069,0,0,0,0.0001,0.0002,0.0001,0,0,0.0001,0.0002,0,0.0001,0.0001,0,0.0001,0.0002,0.0001,0.0002,0,0,0.2338,0.2593,0.2338,0.2593,
0,0,0,0.7122,0,0,0,0,0.7122,0.7122,0.7122,0.7122,0.7122,0,0,0,2.1366,0,2.1366,0,0,0,0,0.0001,0,0,0,0,0.0001,0.0001,0.0001,0.0001,0.0001,0,0,0,0.0003,0,0.0003,0,0.1408,0.147,0.1408,0.147,
3.0111,0.5018,1.0037,1.5055,1.0037,0.5018,0.5018,2.5092,0.5018,1.5055,1.0037,0.5018,1.5055,0.5018,0,1.5055,2.0074,1.0037,0,1.0037,0.0002,0,0.0001,0.0001,0.0001,0,0,0.0001,0,0.0001,0.0001,0,0.0001,0,0,0.0001,0.0001,0.0001,0,0.0001,0.2765,0.2217,0.2765,0.2217,
0.4072,0,0.4072,0.4072,0.4072,2.036,0.4072,0.8144,1.2216,0.8144,0.4072,0.8144,1.2216,0,0.8144,1.6288,1.2216,2.036,0.4072,0.8144,0,0,0,0,0,0.0001,0,0.0001,0.0001,0.0001,0,0.0001,0.0001,0,0.0001,0.0001,0.0001,0.0001,0,0.0001,0.3177,0.2751,0.3177,0.2751,
0,0.6615,0,0,0,0,0.6615,0,1.9845,0,0,0,0,1.323,0.6615,0,0,0.6615,1.323,0,0,0.0001,0,0,0,0,0.0001,0,0.0003,0,0,0,0,0.0002,0.0001,0,0,0.0001,0.0002,0,0.1559,0.1826,0.1559,0.1826,
0,1.2093,0.8062,0.8062,0.4031,1.2093,1.6124,0.4031,0.4031,1.2093,0.8062,0,0.4031,0.4031,0.4031,0,0.4031,0.4031,2.4186,2.0155,0,0.0001,0,0,0,0.0001,0.0001,0,0,0.0001,0,0,0,0,0,0,0,0,0.0001,0.0001,0.2756,0.3213,0.2756,0.3213,
1.7557,0,0,2.6335,0.4389,0.8778,0,1.7557,1.3168,1.3168,0.8778,0.4389,0.4389,0.8778,0,1.3168,0.4389,1.7557,0,0,0.0001,0,0,0.0002,0,0.0001,0,0.0001,0.0001,0.0001,0.0001,0,0,0.0001,0,0.0001,0,0.0001,0,0,0.262,0.2991,0.262,0.2991,
0.8888,0.8888,0.4444,0.8888,1.7776,0.4444,0,2.222,1.3332,1.3332,0.8888,0.4444,0.8888,0.4444,0.4444,0.8888,0.4444,0,0.8888,0.4444,0,0,0,0,0.0001,0,0,0.0001,0.0001,0.0001,0,0,0,0,0,0,0,0,0,0,0.263,0.2926,0.263,0.2926,
0.8889,0.8889,0.8889,1.3334,0.4445,0,0.8889,0.8889,1.7778,0.8889,0.4445,0.4445,0,1.3334,0.4445,0.8889,2.2223,0.8889,0,0.8889,0.0001,0.0001,0.0001,0.0001,0,0,0.0001,0.0001,0.0001,0.0001,0,0,0,0.0001,0,0.0001,0.0001,0.0001,0,0.0001,0.2922,0.2634,0.2922,0.2634,
1.2374,0.8249,0.8249,1.6499,0.8249,0.8249,0,1.2374,1.2374,0.4125,2.0623,0.4125,1.6499,0.4125,0.8249,0.4125,0.4125,0.4125,1.2374,0.8249,0.0001,0,0,0.0001,0,0,0,0.0001,0.0001,0,0.0001,0,0.0001,0,0,0,0,0,0.0001,0,0.2872,0.3003,0.2872,0.3003,
0,0.4864,0.4864,0.9727,1.4591,0,1.4591,0,0.4864,0.4864,1.4591,0.9727,0,1.9455,1.4591,1.9455,0.9727,0,0.4864,0.4864,0,0,0,0.0001,0.0001,0,0.0001,0,0,0,0.0001,0.0001,0,0.0001,0.0001,0.0001,0.0001,0,0,0,0.2487,0.2649,0.2487,0.2649,
0.7107,2.1322,0,0,0.7107,0,1.4215,0,0.7107,0.7107,0,2.1322,0.7107,0,0,0,2.1322,0,0,0,0.0001,0.0002,0,0,0.0001,0,0.0001,0,0.0001,0.0001,0,0.0002,0.0001,0,0,0,0.0002,0,0,0,0.1433,0.146,0.1433,0.146,
0.8663,1.7327,0,1.2995,0.8663,0.4332,0.4332,0.8663,1.2995,0.4332,0,0.4332,0.4332,0,0.4332,0,0,0.4332,2.599,1.7327,0,0.0001,0,0.0001,0,0,0,0,0.0001,0,0,0,0,0,0,0,0,0,0.0001,0.0001,0.2792,0.2876,0.2792,0.2876,
0.3662,0.3662,0.3662,0.3662,1.4646,0.3662,0.3662,0.7323,1.0985,1.8308,1.4646,1.0985,2.5631,0.3662,1.4646,0.3662,1.4646,1.0985,0,1.0985,0,0,0,0,0.0001,0,0,0,0.0001,0.0001,0.0001,0.0001,0.0001,0,0.0001,0,0.0001,0.0001,0,0.0001,0.2926,0.3412,0.2926,0.3412,
0.3416,0.3416,1.3666,0.3416,0.6833,1.0249,0.3416,1.0249,0.6833,0.6833,0.3416,0.3416,1.0249,0.3416,1.3666,0.6833,0.3416,0.3416,1.0249,2.3915,0,0,0.0001,0,0,0.0001,0,0.0001,0,0,0,0,0.0001,0,0.0001,0,0,0,0.0001,0.0001,0.3115,0.3468,0.3115,0.3468,
0,0.8396,0.8396,2.099,1.2594,0,0.8396,0,1.2594,0.8396,1.2594,0.4198,0,0.4198,0.4198,1.2594,1.6792,0.8396,0.4198,0.4198,0,0.0001,0.0001,0.0001,0.0001,0,0.0001,0,0.0001,0.0001,0.0001,0,0,0,0,0.0001,0.0001,0.0001,0,0,0.2467,0.3335,0.2467,0.3335,
1.6425,0.5475,0,0.5475,2.19,0.5475,0,0.5475,0,1.6425,1.095,2.19,1.6425,0,0.5475,1.095,0.5475,1.095,0.5475,3.285,0.0001,0,0,0,0.0001,0,0,0,0,0.0001,0.0001,0.0001,0.0001,0,0,0.0001,0,0.0001,0,0.0002,0.201,0.2515,0.201,0.2515,
1.1806,0,0.5903,0.5903,0.5903,1.1806,0.5903,0.5903,0,0,1.1806,0.5903,0.5903,1.1806,0.5903,0,0,0.5903,1.1806,1.1806,0.0001,0,0.0001,0.0001,0.0001,0.0001,0.0001,0.0001,0,0,0.0001,0.0001,0.0001,0.0001,0.0001,0,0,0.0001,0.0001,0.0001,0.1977,0.2121,0.1977,0.2121,
2.6128,1.7419,0,0,0,0.8709,0,0.8709,0,1.7419,0,0,0.8709,0.8709,0,2.6128,0.8709,0,0,0,0.0002,0.0001,0,0,0,0.0001,0,0.0001,0,0.0001,0,0,0.0001,0.0001,0,0.0002,0.0001,0,0,0,0.0633,0.0657,0.0633,0.0657,
0,0,0.6576,0,0.6576,0,1.9728,0,0,1.3152,0,0.6576,0,1.3152,0,0,0.6576,0.6576,0.6576,0.6576,0,0,0.0001,0,0.0001,0,0.0003,0,0,0.0002,0,0.0001,0,0.0002,0,0,0.0001,0.0001,0.0001,0.0001,0.1595,0.1829,0.1595,0.1829,
0.785,0.3925,0.3925,1.1775,1.5699,1.1775,0.785,0.3925,1.1775,1.1775,0.785,1.5699,0.3925,0,0.785,0.3925,0.3925,0.785,0.3925,0.3925,0,0,0,0.0001,0.0001,0.0001,0,0,0.0001,0.0001,0,0.0001,0,0,0,0,0,0,0,0,0.322,0.2855,0.322,0.2855,
0,1.2326,0,0.6163,0,1.2326,0,0,0,0.6163,0.6163,2.4653,1.2326,3.0816,1.2326,0.6163,0.6163,0.6163,0,0.6163,0,0.0001,0,0,0,0.0001,0,0,0,0,0,0.0002,0.0001,0.0002,0.0001,0,0,0,0,0,0.1924,0.1913,0.1924,0.1913,
0.3493,0.3493,1.3974,0.6987,0,0.3493,1.048,0.6987,1.048,1.048,1.3974,1.048,1.048,0.6987,0.6987,1.048,0.3493,1.3974,1.3974,0.3493,0,0,0.0001,0,0,0,0.0001,0,0.0001,0.0001,0.0001,0.0001,0.0001,0,0,0.0001,0,0.0001,0.0001,0,0.3191,0.3316,0.3191,0.3316,
0.8868,0.4434,0.4434,0,0.4434,0.8868,0.4434,0.8868,0.8868,0.8868,2.2169,0.4434,0,0.4434,1.7735,0,0.4434,0.8868,0.8868,0.4434,0.0001,0,0,0,0,0.0001,0,0.0001,0.0001,0.0001,0.0002,0,0,0,0.0001,0,0,0.0001,0.0001,0,0.2654,0.2912,0.2654,0.2912,
0.719,1.0785,0.719,1.0785,0.3595,0.719,1.438,1.7975,1.0785,0.719,0.3595,0,0.719,0.3595,1.438,1.0785,0,1.438,0.3595,0.719,0,0.0001,0,0.0001,0,0,0.0001,0.0001,0.0001,0,0,0,0,0,0.0001,0.0001,0,0.0001,0,0,0.3231,0.3174,0.3231,0.3174,
1.0298,0,0.5149,1.5447,0,0.5149,2.0596,0,0,1.5447,0,1.0298,1.0298,0,0.5149,1.0298,1.0298,1.0298,0.5149,0,0.0001,0,0,0.0001,0,0,0.0002,0,0,0.0001,0,0.0001,0.0001,0,0,0.0001,0.0001,0.0001,0,0,0.2626,0.2225,0.2626,0.2225,
0.9943,0,0.4972,0.9943,2.4858,0.9943,0,1.4915,1.4915,1.9887,0.4972,0,1.4915,0,0.4972,0.9943,0.9943,1.4915,0,0.4972,0.0001,0,0,0.0001,0.0002,0.0001,0,0.0001,0.0001,0.0001,0,0,0.0001,0,0,0.0001,0.0001,0.0001,0,0,0.2222,0.2806,0.2222,0.2806,
0.8342,0,0.8342,0.8342,0.4171,0,1.2513,0.4171,0.8342,3.3369,0.4171,1.6685,0,0,1.6685,0.4171,0.8342,0,0,0.4171,0.0001,0,0.0001,0.0001,0,0,0.0001,0,0.0001,0.0003,0,0.0001,0,0,0.0001,0,0.0001,0,0,0,0.3202,0.2627,0.3202,0.2627,
0,0.5974,1.1948,0.5974,0,0.5974,0.5974,0.5974,0.5974,0,0,0.5974,0,1.1948,0,0,0.5974,0.5974,1.1948,0.5974,0,0.0001,0.0001,0.0001,0,0.0001,0.0001,0.0001,0.0001,0,0,0.0001,0,0.0001,0,0,0.0001,0.0001,0.0001,0.0001,0.1936,0.209,0.1936,0.209,
0.6962,0,0.6962,0,0.6962,0.6962,0,0,0.6962,0,0,0,0.6962,0,0.6962,0,0,1.3925,1.3925,0,0.0001,0,0.0001,0,0.0001,0.0001,0,0,0.0001,0,0,0,0.0001,0,0.0001,0,0,0.0002,0.0002,0,0.1269,0.1768,0.1269,0.1768,
1.4582,0,0.4861,2.4303,0,0.4861,0,1.4582,0.9721,0.4861,0.9721,0.4861,0,1.4582,0.9721,0.4861,0,0.4861,0,0,0.0001,0,0,0.0002,0,0,0,0.0001,0.0001,0,0.0001,0,0,0.0001,0.0001,0,0,0,0,0,0.3332,0.1808,0.3332,0.1808,
0,0.4352,1.3055,1.7407,0,0.8703,0.4352,1.7407,0.4352,0.8703,0.4352,0.4352,0.4352,0,1.3055,0.8703,0.8703,0.8703,0.4352,0.4352,0,0,0.0001,0.0001,0,0.0001,0,0.0001,0,0.0001,0,0,0,0,0.0001,0.0001,0.0001,0.0001,0,0,0.2952,0.2696,0.2952,0.2696,
0.7162,0.7162,0.7162,0,0,0,0.7162,0,0,0,0.7162,0,0,0,0.7162,1.4323,0,0.7162,0.7162,0.7162,0.0001,0.0001,0.0001,0,0,0,0.0001,0,0,0,0.0001,0,0,0,0.0001,0.0001,0,0.0001,0.0001,0.0001,0.1224,0.1615,0.1224,0.1615,
0.7804,0,0.7804,0,1.5607,0,0,0,0,0.7804,0,0.7804,0,0,0.7804,0,1.5607,0.7804,0,0,0.0002,0,0.0002,0,0.0003,0,0,0,0,0.0002,0,0.0002,0,0,0.0002,0,0.0003,0.0002,0,0,0.0908,0.1289,0.0908,0.1289,
2.0039,0.501,1.5029,0.501,0.501,0.501,0,2.0039,2.5048,0.501,0.501,0.501,1.0019,1.5029,0,1.5029,2.0039,0.501,0.501,0.501,0.0001,0,0.0001,0,0,0,0,0.0001,0.0001,0,0,0,0.0001,0.0001,0,0.0001,0.0001,0,0,0,0.2044,0.2946,0.2044,0.2946,
0.9053,0.4527,0.4527,2.2633,1.358,0.4527,0.9053,1.8106,0.9053,1.358,0.4527,0.9053,0.9053,0.4527,0.4527,0.4527,0,0.4527,0.9053,1.358,0.0001,0,0,0.0001,0.0001,0,0.0001,0.0001,0.0001,0.0001,0,0.0001,0.0001,0,0,0,0,0,0.0001,0.0001,0.2995,0.2479,0.2995,0.2479,
1.4224,1.4224,1.0668,1.0668,0.7112,0.3556,1.4224,0.7112,1.4224,0,0.3556,0.3556,0,1.4224,1.4224,1.0668,0.3556,0.3556,0.7112,0,0.0001,0.0001,0.0001,0.0001,0,0,0.0001,0,0.0001,0,0,0,0,0.0001,0.0001,0.0001,0,0,0,0,0.3118,0.3326,0.3118,0.3326,
0,0.9036,1.3555,0.4518,0.9036,0.4518,0.9036,0,0.9036,1.3555,0.4518,0,0.4518,0.9036,2.2591,0.4518,0.4518,0.4518,0.9036,0.4518,0,0.0001,0.0001,0,0.0001,0,0.0001,0,0.0001,0.0001,0,0,0,0.0001,0.0001,0,0,0,0.0001,0,0.2846,0.2635,0.2846,0.2635,
2.5714,0,0.8571,0,0,7.7141,3.4285,0,0,0,0,0,0,0,0,0,0,0.8571,0,0,0.0007,0,0.0002,0,0,0.002,0.0009,0,0,0,0,0,0,0,0,0,0,0.0002,0,0,0.0601,0.0827,0.0601,0.0827,
1.1315,0.7544,1.1315,1.1315,0.7544,1.1315,0.3772,0.3772,0,0.7544,2.2631,1.5087,0.3772,1.5087,1.1315,0.3772,1.5087,0.3772,1.1315,0.3772,0.0001,0,0.0001,0.0001,0,0.0001,0,0,0,0,0.0001,0.0001,0,0.0001,0.0001,0,0.0001,0,0.0001,0,0.2977,0.3252,0.2977,0.3252,
0.4762,1.4285,0.4762,0.9523,0.4762,0,0.4762,0.9523,1.4285,0,0.9523,0,1.4285,0,0.4762,0.9523,1.9047,0.9523,0.4762,0,0,0.0001,0,0.0001,0,0,0,0.0001,0.0001,0,0.0001,0,0.0001,0,0,0.0001,0.0001,0.0001,0,0,0.287,0.2368,0.287,0.2368,
0.8039,1.2058,2.0096,0.4019,0.8039,0.8039,1.2058,0.4019,0.4019,0.8039,1.2058,0.8039,0.8039,0,0.4019,0.4019,0.8039,1.2058,0.8039,1.2058,0,0.0001,0.0001,0,0,0,0.0001,0,0,0,0.0001,0,0,0,0,0,0,0.0001,0,0.0001,0.282,0.3161,0.282,0.3161,
0.5253,0,0,0.5253,1.0507,1.0507,2.1014,2.6267,0,1.576,0.5253,3.1521,0,1.576,0,0.5253,2.1014,3.6774,0,0,0,0,0,0,0.0001,0.0001,0.0001,0.0002,0,0.0001,0,0.0002,0,0.0001,0,0,0.0001,0.0002,0,0,0.2052,0.2694,0.2052,0.2694,
0.4815,1.4446,0.4815,0.4815,0.9631,0.9631,0.9631,0.4815,0,0.9631,0.9631,0.9631,1.4446,0,1.4446,0.4815,1.4446,0.4815,0,1.9262,0,0.0001,0,0,0,0,0,0,0,0,0,0,0.0001,0,0.0001,0,0.0001,0,0,0.0001,0.2678,0.2507,0.2678,0.2507,
1.2481,1.2481,0.8321,1.6641,1.2481,0,0,0,0.416,2.0801,0.416,1.2481,2.0801,0.416,1.2481,1.6641,0,0.416,0.416,0,0.0001,0.0001,0,0.0001,0.0001,0,0,0,0,0.0001,0,0.0001,0.0001,0,0.0001,0.0001,0,0,0,0,0.2568,0.3272,0.2568,0.3272,
1.8765,0,0.9383,0.4691,1.4074,0.9383,0,1.4074,0.4691,3.7531,0.4691,0.4691,1.4074,0.4691,0.4691,0.4691,1.4074,1.4074,0.4691,0.9383,0.0001,0,0.0001,0,0.0001,0.0001,0,0.0001,0,0.0002,0,0,0.0001,0,0,0,0.0001,0.0001,0,0.0001,0.2568,0.2741,0.2568,0.2741,
0.6956,0.3478,0.6956,0.6956,1.3913,0.3478,0.6956,0.3478,1.0434,1.0434,2.0869,1.0434,0.6956,1.0434,1.7391,0.6956,0.3478,0.6956,0.6956,0.3478,0,0,0,0,0.0001,0,0,0,0.0001,0.0001,0.0001,0.0001,0,0.0001,0.0001,0,0,0,0,0,0.3099,0.3422,0.3099,0.3422,
1.0286,0.5143,2.0572,1.0286,0.5143,1.5429,0,2.0572,2.0572,1.0286,0,0,0,0,0,0,0,0.5143,0.5143,0.5143,0.0001,0,0.0001,0.0001,0,0.0001,0,0.0001,0.0001,0.0001,0,0,0,0,0,0,0,0,0,0,0.2163,0.2694,0.2163,0.2694,
0.913,1.3695,0.913,0,2.2824,0.913,0,2.2824,1.3695,1.826,0.913,0.913,0.4565,1.3695,0.4565,0.4565,0,3.6519,1.3695,0,0,0.0001,0,0,0.0001,0,0,0.0001,0.0001,0.0001,0,0,0,0.0001,0,0,0,0.0001,0.0001,0,0.2867,0.2568,0.2867,0.2568,
0,0,0,0,0,1.6389,0,0.8194,0,0.8194,0.8194,0,0,0,0.8194,2.4583,0.8194,0.8194,0,0,0,0,0,0,0,0.0002,0,0.0001,0,0.0001,0.0001,0,0,0,0.0001,0.0004,0.0001,0.0001,0,0,0.1076,0.0729,0.1076,0.0729,
0.4047,0.8094,0.8094,0,0.4047,0.8094,0.8094,0.8094,0,1.2141,2.4282,1.2141,0.8094,1.2141,2.0235,0.8094,1.6188,0.8094,0.4047,0.8094,0,0,0,0,0,0,0,0,0,0.0001,0.0001,0.0001,0,0.0001,0.0001,0,0.0001,0,0,0,0.33,0.2653,0.33,0.2653,
0.607,0.607,1.821,0.607,0,0.607,0,0.607,0.607,0.607,1.214,0,1.821,1.214,0,1.214,0.607,0.607,0,0,0,0,0.0001,0,0,0,0,0,0,0,0.0001,0,0.0001,0.0001,0,0.0001,0,0,0,0,0.2035,0.1895,0.2035,0.1895,
1.7184,1.2888,0.4296,1.2888,0.8592,0.4296,1.7184,0.4296,0.4296,0,0.8592,1.2888,1.7184,0.4296,0.8592,1.2888,0.8592,1.2888,0.8592,0.4296,0.0001,0.0001,0,0.0001,0.0001,0,0.0001,0,0,0,0.0001,0.0001,0.0001,0,0.0001,0.0001,0.0001,0.0001,0.0001,0,0.2705,0.2999,0.2705,0.2999,
1.0706,0,1.4274,0.7137,0.3569,1.0706,0,0.7137,1.4274,1.4274,1.0706,0.3569,1.0706,0,1.0706,0.7137,0,2.498,0.3569,1.0706,0.0001,0,0.0001,0,0,0.0001,0,0,0.0001,0.0001,0.0001,0,0.0001,0,0.0001,0,0,0.0002,0,0.0001,0.3852,0.258,0.3852,0.258,
0.695,0.3475,0.695,1.39,0.3475,1.39,1.0425,0.3475,1.0425,0,1.0425,0.695,1.39,0.695,0.695,0.3475,1.39,0,1.0425,0.3475,0,0,0,0.0001,0,0.0001,0.0001,0,0.0001,0,0.0001,0,0.0001,0,0,0,0.0001,0,0.0001,0,0.3435,0.309,0.3435,0.309,
0.8634,1.7267,0,0,0,0,0,0.8634,0,0,0,0,0.8634,0,0,0.8634,1.7267,0.8634,0.8634,0.8634,0.0001,0.0001,0,0,0,0,0,0.0001,0,0,0,0,0.0001,0,0,0.0001,0.0001,0.0001,0.0001,0.0001,0.0737,0.063,0.0737,0.063,
1.167,3.5009,0,0.5835,0,1.7505,0,2.3339,1.167,0,0,0.5835,1.167,0,0.5835,1.7505,0.5835,1.167,0,1.167,0,0.0001,0,0,0,0.0001,0,0.0001,0,0,0,0,0,0,0,0.0001,0,0,0,0,0.2411,0.1754,0.2411,0.1754,
1.7855,1.3391,0.8928,0.4464,0,0.4464,1.3391,0.4464,0.8928,0,0.8928,0.4464,1.3391,1.3391,0,0.8928,0.4464,0.4464,1.3391,1.7855,0.0001,0.0001,0,0,0,0,0.0001,0,0,0,0,0,0.0001,0.0001,0,0,0,0,0.0001,0.0001,0.3115,0.2421,0.3115,0.2421,
0.384,1.1521,0.7681,0.384,1.5361,1.1521,2.6882,0.384,0.384,0.7681,1.1521,0.7681,1.1521,1.5361,0.7681,0,1.1521,0,0,0.7681,0,0.0001,0,0,0.0001,0.0001,0.0002,0,0,0,0.0001,0,0.0001,0.0001,0,0,0.0001,0,0,0,0.3722,0.2438,0.3722,0.2438,
0.4169,0.8338,0.8338,1.2507,0.4169,0.8338,1.2507,0.4169,0.8338,0.8338,0.4169,0.4169,1.2507,1.2507,0.8338,2.0845,0.4169,0.4169,0,0.8338,0,0.0001,0.0001,0.0001,0,0.0001,0.0001,0,0.0001,0.0001,0,0,0.0001,0.0001,0.0001,0.0001,0,0,0,0.0001,0.2885,0.2946,0.2885,0.2946,
1.0151,0,0,0,0,0,0,0,3.5528,0.5075,0.5075,0,0,0,5.0754,0.5075,0.5075,0.5075,0.5075,0,0.0002,0,0,0,0,0,0,0,0.0005,0.0001,0.0001,0,0,0,0.0008,0.0001,0.0001,0.0001,0.0001,0,0.3324,0.16,0.3324,0.16,
1.2175,1.8263,0,0.6088,0.6088,1.2175,0.6088,0.6088,1.2175,0,0.6088,1.2175,1.2175,0,0,1.2175,0,1.2175,1.2175,1.8263,0.0001,0.0001,0,0,0,0.0001,0,0,0.0001,0,0,0.0001,0.0001,0,0,0.0001,0,0.0001,0.0001,0.0001,0.188,0.2032,0.188,0.2032,
1.4273,1.9031,0.9516,0.4758,0.4758,0.4758,0.4758,1.9031,0.4758,0.4758,0.9516,1.4273,0.4758,0.4758,0,0.9516,0.9516,0,1.4273,1.9031,0.0001,0.0001,0,0,0,0,0,0.0001,0,0,0,0.0001,0,0,0,0,0,0,0.0001,0.0001,0.258,0.2662,0.258,0.2662,
0,0,0,1.7941,0.598,0.598,0,2.3922,0,1.1961,0,0.598,0,0,1.1961,0.598,0.598,0.598,0,0.598,0,0,0,0.0002,0.0001,0.0001,0,0.0002,0,0.0001,0,0.0001,0,0,0.0001,0.0001,0.0001,0.0001,0,0.0001,0.1843,0.2177,0.1843,0.2177,
1.5158,6.0634,0,0,0,2.2738,0.7579,0,0.7579,0,0.7579,0,0.7579,0,0,6.0634,1.5158,0,0,0,0.0001,0.0002,0,0,0,0.0001,0,0,0,0,0,0,0,0,0,0.0002,0.0001,0,0,0,0.1272,0.1149,0.1272,0.1149,
0.9767,0,1.4651,0.4884,2.9302,0.9767,0,1.4651,0.9767,1.9534,0.4884,0,0.9767,0,0.9767,2.4418,0.4884,1.9534,0,0.4884,0.0001,0,0.0001,0,0.0002,0.0001,0,0.0001,0.0001,0.0001,0,0,0.0001,0,0.0001,0.0001,0,0.0001,0,0,0.255,0.2567,0.255,0.2567,
2.5117,0,0,0.6279,0,1.8838,0,1.2559,1.2559,1.2559,0.6279,0,0,0,0,0.6279,0,0.6279,0,0,0.0002,0,0,0.0001,0,0.0002,0,0.0001,0.0001,0.0001,0.0001,0,0,0,0,0.0001,0,0.0001,0,0,0.1874,0.1847,0.1874,0.1847,
1.3608,0,0,0.6804,0.6804,0,0,1.3608,0,2.7216,0,1.3608,0.6804,0,0.6804,0.6804,0.6804,0.6804,0,0,0.0001,0,0,0.0001,0.0001,0,0,0.0001,0,0.0003,0,0.0001,0.0001,0,0.0001,0.0001,0.0001,0.0001,0,0,0.1647,0.1549,0.1647,0.1549,
1.4209,0.3552,1.4209,1.4209,1.0657,0.7104,1.4209,1.7761,1.0657,0.7104,0.3552,1.0657,1.0657,0.7104,0.3552,0,0.7104,0,0.7104,1.0657,0.0001,0,0.0001,0.0001,0.0001,0,0.0001,0.0001,0.0001,0,0,0.0001,0.0001,0,0,0,0,0,0,0.0001,0.3319,0.3128,0.3319,0.3128,
1.807,0,0,0,1.807,1.2047,0,3.0117,0.6023,4.2164,0.6023,0,0,0,0.6023,1.807,2.4094,0,0,0.6023,0.0001,0,0,0,0.0001,0.0001,0,0.0002,0,0.0003,0,0,0,0,0,0.0001,0.0002,0,0,0,0.2241,0.1736,0.2241,0.1736,
1.4408,0,1.4408,0.7204,1.0806,0,1.801,0.3602,0.3602,1.0806,2.1612,1.4408,0.7204,1.4408,0.3602,0.7204,0.3602,0.3602,1.0806,1.0806,0.0001,0,0.0001,0,0.0001,0,0.0001,0,0,0.0001,0.0001,0.0001,0,0.0001,0,0,0,0,0.0001,0.0001,0.3431,0.2967,0.3431,0.2967,
0.3551,0.7102,1.7755,0,0.3551,0,1.4204,1.0653,0.7102,0.7102,0,0,0.3551,0.3551,1.4204,1.4204,2.4857,0,1.0653,0.7102,0,0,0.0001,0,0,0,0.0001,0.0001,0,0,0,0,0,0,0.0001,0.0001,0.0002,0,0.0001,0,0.331,0.3139,0.331,0.3139,
0,0,2.0205,0,0.6735,0.6735,0,0,0,1.347,0,0,0,1.347,0.6735,1.347,1.347,0,0,0.6735,0,0,0.0002,0,0.0001,0.0001,0,0,0,0.0001,0,0,0,0.0001,0.0001,0.0001,0.0001,0,0,0.0001,0.1914,0.1351,0.1914,0.1351,
0.8336,2.0841,0,0,1.2504,1.2504,0.4168,0.8336,0.8336,0.4168,0.4168,0.8336,2.0841,1.2504,1.2504,1.6672,2.5009,0.4168,0,2.0841,0,0.0001,0,0,0.0001,0.0001,0,0,0,0,0,0,0.0001,0.0001,0.0001,0.0001,0.0001,0,0,0.0001,0.2818,0.3014,0.2818,0.3014,
1.0061,0.6708,0.6708,1.0061,0,0,0.6708,0.6708,1.6769,0.6708,1.0061,0.3354,1.0061,0,1.6769,0,0.6708,0.3354,0.6708,1.0061,0.0001,0,0,0.0001,0,0,0,0,0.0001,0,0.0001,0,0.0001,0,0.0001,0,0,0,0,0.0001,0.3302,0.3344,0.3302,0.3344,
0,0,0.6411,0,0.6411,0.6411,0,0,0,0,0,0.6411,0,0.6411,1.2821,0.6411,0,0,1.2821,0.6411,0,0,0.0001,0,0.0001,0.0001,0,0,0,0,0,0.0001,0,0.0001,0.0002,0.0001,0,0,0.0002,0.0001,0.2112,0.1478,0.2112,0.1478,
0,1.4489,0,0,0.7245,0.7245,0.7245,0,0,1.4489,0,0.7245,0.7245,1.4489,0,0.7245,0.7245,0,0.7245,0.7245,0,0.0001,0,0,0.0001,0.0001,0.0001,0,0,0.0001,0,0.0001,0.0001,0.0001,0,0.0001,0.0001,0,0.0001,0.0001,0.1358,0.1398,0.1358,0.1398,
0.9606,2.4014,0.9606,0,1.9211,0.9606,0,0.4803,0,0,0.9606,0.4803,1.4408,1.9211,0.9606,1.9211,0.4803,0,0.9606,0.9606,0,0.0001,0,0,0.0001,0,0,0,0,0,0,0,0.0001,0.0001,0,0.0001,0,0,0,0,0.2407,0.279,0.2407,0.279,
1.3546,0.6773,1.6932,1.6932,0.6773,1.3546,0.3386,0,0.3386,1.6932,0.3386,0.3386,1.6932,0.6773,1.0159,0,0.6773,0.6773,0,1.3546,0.0001,0,0.0001,0.0001,0,0.0001,0,0,0,0.0001,0,0,0.0001,0,0.0001,0,0,0,0,0.0001,0.3088,0.3525,0.3088,0.3525,
1.8084,0,0,0,1.8084,1.2056,0,3.014,0.6028,4.2196,0.6028,0.6028,0.6028,0,0.6028,0.6028,2.4112,0,0,0.6028,0.0001,0,0,0,0.0001,0.0001,0,0.0002,0,0.0003,0,0,0,0,0,0,0.0002,0,0,0,0.222,0.1752,0.222,0.1752,
1.4897,0.3724,1.1173,0.3724,0.7448,1.8621,0.7448,1.4897,0.7448,0.3724,1.1173,0.3724,1.1173,1.1173,0.3724,1.1173,1.1173,0.3724,1.1173,1.1173,0.0001,0,0.0001,0,0,0.0001,0,0.0001,0,0,0.0001,0,0.0001,0.0001,0,0.0001,0.0001,0,0.0001,0.0001,0.2937,0.3339,0.2937,0.3339,
0.4113,0.4113,0.4113,1.2338,1.2338,0.4113,0.4113,0.4113,0.8225,1.2338,0.8225,0.8225,2.4675,0,2.0563,1.2338,0.8225,0.8225,0.8225,1.2338,0,0,0,0.0001,0.0001,0,0,0,0,0.0001,0,0,0.0001,0,0.0001,0.0001,0,0,0,0.0001,0.2427,0.346,0.2427,0.346,
0.7923,1.1885,0,0.3962,0,0.7923,0.3962,1.1885,2.377,0,0.7923,0.3962,0.3962,1.1885,2.377,0.7923,0,1.9808,0,0,0.0001,0.0001,0,0,0,0.0001,0,0.0001,0.0002,0,0.0001,0,0,0.0001,0.0002,0.0001,0,0.0001,0,0,0.3163,0.2875,0.3163,0.2875,
0,0,0,0,1.0903,0,0.5452,0,0.5452,1.6355,1.0903,1.6355,3.2709,0,1.0903,2.1806,1.6355,0.5452,1.0903,0,0,0,0,0,0.0001,0,0,0,0,0.0001,0.0001,0.0001,0.0002,0,0.0001,0.0001,0.0001,0,0.0001,0,0.2292,0.2256,0.2292,0.2256,
0.394,1.182,0.394,0,0,0.788,0.788,0.788,2.758,0,1.182,0.394,0.394,0.788,1.97,0.788,0,1.97,0,0,0,0.0001,0,0,0,0,0,0,0.0002,0,0.0001,0,0,0,0.0001,0,0,0.0001,0,0,0.3118,0.2942,0.3118,0.2942,
0.3899,1.1698,0,0.3899,0,0.7799,0.3899,2.3396,1.5597,0.3899,0.3899,0.3899,0.7799,0.7799,3.5094,0.3899,0,0.7799,0,0,0,0.0001,0,0,0,0.0001,0,0.0002,0.0001,0,0,0,0.0001,0.0001,0.0002,0,0,0.0001,0,0,0.3176,0.2925,0.3176,0.2925,
0.7026,0,0.7026,0.7026,1.4053,0,0,0,0,0.7026,0,0.7026,0.7026,0,0.7026,0.7026,0.7026,0.7026,0,0.7026,0.0001,0,0.0001,0.0001,0.0002,0,0,0,0,0.0001,0,0.0001,0.0001,0,0.0001,0.0001,0.0001,0.0001,0,0.0001,0.1341,0.1633,0.1341,0.1633,
1.2395,0,0,1.2395,0,0,0,1.2395,0,0,0.6197,0.6197,1.8592,0.6197,0,0,3.0986,0.6197,1.8592,1.2395,0.0001,0,0,0.0001,0,0,0,0.0001,0,0,0.0001,0.0001,0.0002,0.0001,0,0,0.0003,0.0001,0.0002,0.0001,0.19,0.1902,0.19,0.1902,
0.3848,0.3848,0.7696,0,0.3848,1.1544,1.1544,0.7696,0,0.7696,0.7696,0.7696,0.7696,1.1544,1.1544,0.7696,1.1544,0.3848,2.3087,0.7696,0,0,0,0,0,0.0001,0.0001,0,0,0,0,0,0,0.0001,0.0001,0,0.0001,0,0.0001,0,0.2847,0.3305,0.2847,0.3305,
0.3595,0.3595,0.7189,1.4379,0,0.7189,0.3595,0,1.0784,1.0784,1.7974,1.7974,0.3595,0.7189,0.7189,1.4379,0.7189,0.7189,1.0784,0.7189,0,0,0,0.0001,0,0,0,0,0.0001,0.0001,0.0001,0.0001,0,0,0,0.0001,0,0,0.0001,0,0.3067,0.3338,0.3067,0.3338,
0,0,0.7388,0,0,0,0.7388,0,0.7388,0.7388,0.7388,0.7388,0,0,0,0,1.4776,0,1.4776,0,0,0,0.0001,0,0,0,0.0001,0,0.0001,0.0001,0.0001,0.0001,0,0,0,0,0.0002,0,0.0002,0,0.1206,0.1406,0.1206,0.1406,
0.8887,0.8887,0.4443,0,2.6661,0.4443,0.8887,0.8887,0,0.8887,0.4443,1.7774,1.333,1.7774,0.8887,0.8887,0.8887,0.8887,0.8887,1.7774,0,0,0,0,0.0001,0,0,0,0,0,0,0.0001,0.0001,0.0001,0,0,0,0,0,0.0001,0.2767,0.279,0.2767,0.279,
0.4857,2.9142,1.9428,0.4857,0,0.4857,0,0.9714,0.9714,0.4857,0,0.4857,0.9714,0,0.9714,0.9714,1.4571,0.9714,0,0,0,0.0001,0.0001,0,0,0,0,0,0,0,0,0,0,0,0,0,0.0001,0,0,0,0.2693,0.245,0.2693,0.245,
1.3558,1.3558,0.6779,1.0169,0,0.339,0.6779,0.339,3.0506,1.0169,0.6779,0.6779,0,0,1.0169,1.3558,2.0337,0.339,0,0.6779,0.0001,0.0001,0,0.0001,0,0,0,0,0.0002,0.0001,0,0,0,0,0.0001,0.0001,0.0001,0,0,0,0.3486,0.3124,0.3486,0.3124,
1.3989,0.6994,0,0,1.3989,1.3989,0.6994,0,0,1.3989,0.6994,0,0.6994,0.6994,0.6994,0,0,0,0,0.6994,0.0001,0.0001,0,0,0.0001,0.0001,0.0001,0,0,0.0001,0.0001,0,0.0001,0.0001,0.0001,0,0,0,0,0.0001,0.1334,0.1672,0.1334,0.1672,
1.3357,1.3357,1.3357,0.6678,1.0018,1.3357,1.0018,0.6678,0.6678,0.6678,0.6678,0.6678,0.3339,1.6696,1.0018,0,1.0018,0,1.0018,0.3339,0.0001,0.0001,0.0001,0,0,0.0001,0,0,0,0,0,0,0,0.0001,0,0,0,0,0,0,0.3407,0.3254,0.3407,0.3254,
1.4298,0,0.7149,0,0,0.7149,2.1447,0.7149,0,0.7149,0,2.8597,0,1.4298,0,0,0.7149,0,0,0,0.0002,0,0.0001,0,0,0.0001,0.0003,0.0001,0,0.0001,0,0.0004,0,0.0002,0,0,0.0001,0,0,0,0.1225,0.1626,0.1225,0.1626,
1.8063,0,0,0,1.8063,1.2042,0,2.4084,0.6021,4.2148,0.6021,0,0.6021,0,0.6021,1.8063,2.4084,0,0,0.6021,0.0001,0,0,0,0.0001,0.0001,0,0.0001,0,0.0003,0,0,0,0,0,0.0001,0.0001,0,0,0,0.2216,0.1763,0.2216,0.1763,
0.4823,0,0,0.4823,2.8938,0.4823,0.4823,3.3761,0.4823,2.4115,0.4823,0.4823,1.4469,0.9646,0.4823,1.4469,1.9292,1.9292,0,2.8938,0,0,0,0,0.0002,0,0,0.0002,0,0.0001,0,0,0.0001,0.0001,0,0.0001,0.0001,0.0001,0,0.0002,0.2495,0.2682,0.2495,0.2682,
0.9379,0.9379,0.469,0.9379,1.4069,1.8758,0,2.3448,0.469,0.9379,2.8138,1.4069,2.3448,0.469,0.469,3.2827,0.469,0.9379,0,0.469,0,0,0,0,0.0001,0.0001,0,0.0001,0,0,0.0001,0.0001,0.0001,0,0,0.0001,0,0,0,0,0.2468,0.2842,0.2468,0.2842,
0.4714,1.8856,0.4714,0.9428,0.4714,0.4714,0.9428,0.9428,0,2.3571,1.8856,1.8856,0,0,0.4714,0.9428,1.4142,0.4714,0.9428,0.9428,0,0.0001,0,0,0,0,0,0,0,0.0001,0.0001,0.0001,0,0,0,0,0.0001,0,0,0,0.303,0.2256,0.303,0.2256,
0.8398,0.8398,0.8398,0.4199,1.6795,0.4199,0.4199,0.4199,0.8398,1.6795,0.4199,0.4199,0.8398,2.5193,0.8398,0.8398,0.4199,0,1.2596,0,0,0,0,0,0.0001,0,0,0,0,0.0001,0,0,0,0.0001,0,0,0,0,0.0001,0,0.3267,0.2534,0.3267,0.2534,
0,0.403,0.806,1.6119,1.6119,0,1.209,0.806,0.403,0.403,0.806,0.806,1.209,0.806,0.806,1.209,1.209,0.806,0.806,0.403,0,0,0.0001,0.0001,0.0001,0,0.0001,0.0001,0,0,0.0001,0.0001,0.0001,0.0001,0.0001,0.0001,0.0001,0.0001,0.0001,0,0.3326,0.2644,0.3326,0.2644,
0.3843,2.3056,1.537,0,1.9213,1.1528,0,0.7685,1.537,0.3843,1.537,0.7685,1.1528,0,1.9213,0,0.3843,0.3843,0.3843,0.7685,0,0.0001,0.0001,0,0.0001,0,0,0,0.0001,0,0.0001,0,0,0,0.0001,0,0,0,0,0,0.3274,0.2883,0.3274,0.2883,
3.8946,2.2255,0,0,0,3.8946,0,0.5564,0,1.1127,0.5564,1.1127,1.1127,0.5564,1.1127,2.2255,0,2.7818,0,1.1127,0.0002,0.0001,0,0,0,0.0002,0,0,0,0,0,0,0,0,0,0.0001,0,0.0001,0,0,0.2356,0.208,0.2356,0.208,
0,0,0,0,0,0.9316,0,0.4658,0,0,0,0,1.3975,0,9.7822,1.8633,0,0.4658,0,0,0,0,0,0,0,0.0001,0,0.0001,0,0,0,0,0.0002,0,0.0012,0.0002,0,0.0001,0,0,0.2256,0.3086,0.2256,0.3086,
1.3261,0,0.884,0.442,2.6521,0.884,0,1.3261,0.442,3.5362,0.442,0.442,1.3261,0,0.884,1.3261,1.3261,1.3261,0.442,0.442,0.0001,0,0,0,0.0001,0,0,0.0001,0,0.0002,0,0,0.0001,0,0,0.0001,0.0001,0.0001,0,0,0.2693,0.2887,0.2693,0.2887,
0.7521,2.2562,0.7521,0.7521,0.7521,0,1.5041,0,0,0,0.7521,0,0,1.5041,0.7521,1.5041,0,0.7521,0,0.7521,0.0001,0.0002,0.0001,0.0001,0.0001,0,0.0001,0,0,0,0.0001,0,0,0.0001,0.0001,0.0001,0,0.0001,0,0.0001,0.1231,0.1248,0.1231,0.1248,
3.8973,0,0.4872,0.4872,0,0.4872,0.4872,0,0.9743,1.9486,0.9743,1.4615,1.4615,0.4872,0.9743,0.9743,0.9743,2.4358,0.9743,0,0.0002,0,0,0,0,0,0,0,0.0001,0.0001,0.0001,0.0001,0.0001,0,0.0001,0.0001,0.0001,0.0001,0.0001,0,0.264,0.2488,0.264,0.2488,
0.7933,1.5865,0,0.3966,0,2.3798,0.3966,0.7933,1.1899,0.3966,1.5865,1.1899,1.1899,0.3966,0.7933,0,0.7933,0.7933,1.9831,0.7933,0,0.0001,0,0,0,0.0001,0,0,0.0001,0,0.0001,0.0001,0.0001,0,0,0,0,0,0.0001,0,0.2804,0.323,0.2804,0.323,
1.1136,1.8559,1.4847,0,0.7424,0.3712,1.1136,1.1136,1.1136,0.3712,0.3712,1.4847,0,0.7424,1.4847,0.3712,0.7424,0,0.7424,1.1136,0.0001,0.0001,0.0001,0,0,0,0.0001,0.0001,0.0001,0,0,0.0001,0,0,0.0001,0,0,0,0,0.0001,0.3349,0.2939,0.3349,0.2939,
0,0,0,0,0,0,0.7033,0.7033,0.7033,0,0,0,0,1.4065,0,0.7033,0,1.4065,1.4065,1.4065,0,0,0,0,0,0,0.0001,0.0001,0.0001,0,0,0,0,0.0002,0,0.0001,0,0.0002,0.0002,0.0002,0.1574,0.1393,0.1574,0.1393,
1.1374,0.5687,0.5687,0,0.5687,0.5687,0,0,0.5687,2.2747,0.5687,0,0.5687,0,2.2747,1.1374,2.2747,0.5687,0,0,0.0001,0,0,0,0,0,0,0,0,0.0002,0,0,0,0,0.0002,0.0001,0.0002,0,0,0,0.1883,0.243,0.1883,0.243,
0.4098,1.2294,2.049,0.4098,0.4098,1.2294,0.8196,0,0,0.8196,0.4098,1.2294,0,1.2294,1.2294,0.4098,0.8196,1.2294,0.8196,0.4098,0,0.0001,0.0001,0,0,0.0001,0,0,0,0,0,0.0001,0,0.0001,0.0001,0,0,0.0001,0,0,0.2867,0.3035,0.2867,0.3035,
0.3813,0.3813,0,1.1439,1.1439,1.9065,0.3813,0.7626,0.3813,0.7626,0.7626,1.9065,0.7626,0,1.5252,0.3813,1.1439,0.3813,0.7626,0.7626,0,0,0,0.0001,0.0001,0.0001,0,0,0,0,0,0.0001,0,0,0.0001,0,0.0001,0,0,0,0.2904,0.3283,0.2904,0.3283,
1.0278,0.3426,2.3982,0.3426,1.713,1.0278,0.6852,0.3426,0.3426,0.6852,0.3426,0.3426,0.6852,1.0278,0.6852,1.0278,1.0278,1.3704,1.0278,0.6852,0.0001,0,0.0001,0,0.0001,0.0001,0,0,0,0,0,0,0,0.0001,0,0.0001,0.0001,0.0001,0.0001,0,0.3571,0.3003,0.3571,0.3003,
0.8028,1.6056,0,0,0,4.0139,0,0,0,0.8028,0,0,0.8028,0,0.8028,0,0.8028,1.6056,0,0,0.0001,0.0001,0,0,0,0.0003,0,0,0,0.0001,0,0,0.0001,0,0.0001,0,0.0001,0.0001,0,0,0.1053,0.092,0.1053,0.092,
1.0657,0,0,1.0657,2.6642,1.0657,0,2.1313,0.5328,2.1313,1.0657,0,1.0657,0,1.0657,0,1.0657,1.0657,0,0.5328,0.0001,0,0,0.0001,0.0002,0.0001,0,0.0002,0,0.0002,0.0001,0,0.0001,0,0.0001,0,0.0001,0.0001,0,0,0.2186,0.2486,0.2186,0.2486,
0.512,0,0.512,0,0.512,1.0239,0,3.5838,1.0239,1.5359,1.5359,1.5359,0.512,0,0.512,2.0479,0.512,2.0479,0,0,0,0,0,0,0,0.0001,0,0.0002,0.0001,0.0001,0.0001,0.0001,0,0,0,0.0001,0,0.0001,0,0,0.2359,0.2522,0.2359,0.2522,
0,0,2.131,1.2786,1.7048,1.2786,0.4262,0.4262,0.4262,1.2786,0,0,0.8524,0.4262,0.4262,0.4262,0,0.8524,0.4262,0.8524,0,0,0.0001,0.0001,0.0001,0.0001,0,0,0,0.0001,0,0,0.0001,0,0,0,0,0.0001,0,0.0001,0.2699,0.3039,0.2699,0.3039,
0,0,2.1532,0,0.5383,0,0.5383,0.5383,1.0766,1.6149,0.5383,0,0,1.6149,0,0.5383,0,0.5383,0,1.0766,0,0,0.0002,0,0,0,0,0,0.0001,0.0001,0,0,0,0.0001,0,0,0,0,0,0.0001,0.2503,0.2114,0.2503,0.2114,
0,0,0.7529,0.7529,0.7529,0,0,0.7529,0,0.7529,0,1.5058,0,0,0,1.5058,0,0.7529,0,0.7529,0,0,0.0001,0.0001,0.0001,0,0,0.0001,0,0.0001,0,0.0001,0,0,0,0.0001,0,0.0001,0,0.0001,0.1168,0.1304,0.1168,0.1304,
0.7211,0.3605,0.7211,1.0816,1.0816,1.0816,0,1.8027,1.0816,1.8027,2.5238,0.3605,0.3605,0,1.0816,0,1.0816,0.7211,0.3605,0.7211,0,0,0,0.0001,0.0001,0.0001,0,0.0001,0.0001,0.0001,0.0002,0,0,0,0.0001,0,0.0001,0,0,0,0.3141,0.3254,0.3141,0.3254,
0.9516,0,0.9516,0.9516,0.4758,0.9516,0.4758,1.9032,2.379,1.4274,0.4758,0.9516,0,0,0,0,1.4274,0.4758,0,0,0.0001,0,0.0001,0.0001,0,0.0001,0,0.0002,0.0002,0.0001,0,0.0001,0,0,0,0,0.0001,0,0,0,0.2171,0.3071,0.2171,0.3071,
0.727,0,0.727,0,0,0,0.727,0,0.727,0,1.454,1.454,0,0,0,0.727,0,0.727,0,0.727,0.0001,0,0.0001,0,0,0,0.0001,0,0.0001,0,0.0002,0.0002,0,0,0,0.0001,0,0.0001,0,0.0001,0.1715,0.1015,0.1715,0.1015,
0.5838,0,0.5838,0,0,0,0,0.5838,0.5838,1.1676,1.1676,0.5838,0,0,2.9191,0,0,0,0,0.5838,0.0001,0,0.0001,0,0,0,0,0.0001,0.0001,0.0002,0.0002,0.0001,0,0,0.0004,0,0,0,0,0.0001,0.2692,0.147,0.2692,0.147,
1.12,0,0,0,1.12,4.4799,0,0.56,0,3.9199,0.56,0.56,0.56,0,0.56,1.6799,2.7999,2.7999,0.56,1.12,0.0001,0,0,0,0.0001,0.0002,0,0,0,0.0002,0,0,0,0,0,0.0001,0.0001,0.0001,0,0.0001,0.2004,0.2396,0.2004,0.2396,
0.3437,0.3437,0.3437,0,0.6874,0.6874,0.6874,0.3437,3.0931,1.7184,0.6874,0.6874,0.3437,0.3437,3.0931,1.3747,1.031,0.3437,0,0,0,0,0,0,0,0,0,0,0.0002,0.0001,0,0,0,0,0.0002,0.0001,0.0001,0,0,0,0.3283,0.328,0.3283,0.328,
0,1.5886,0,0,0,0.7943,0.7943,0,0,0.7943,1.5886,2.3829,0.7943,0,0,0,1.5886,1.5886,0.7943,0.7943,0,0.0001,0,0,0,0.0001,0.0001,0,0,0.0001,0.0001,0.0002,0.0001,0,0,0,0.0001,0.0001,0.0001,0.0001,0.1103,0.0954,0.1103,0.0954,
0.3753,1.1258,0.7505,0.3753,0.7505,0.7505,1.1258,1.5011,1.5011,0,0.7505,0,0,1.1258,1.5011,1.1258,1.1258,0.3753,0,0.7505,0,0.0001,0,0,0,0,0.0001,0.0001,0.0001,0,0,0,0,0.0001,0.0001,0.0001,0.0001,0,0,0,0.3117,0.313,0.3117,0.313,
2.1838,0.364,0,0,0.364,1.4559,0.364,0.364,2.1838,1.0919,0.7279,0,0.364,0.7279,3.2757,0.364,1.0919,0.7279,0,0.364,0.0002,0,0,0,0,0.0001,0,0,0.0002,0.0001,0.0001,0,0,0.0001,0.0002,0,0.0001,0.0001,0,0,0.3591,0.2769,0.3591,0.2769,
0,0,0,0,3.5047,0.5007,0,2.0027,0.5007,6.008,2.0027,0.5007,1.502,1.502,1.0013,1.502,1.0013,1.0013,0,1.502,0,0,0,0,0.0002,0,0,0.0001,0,0.0003,0.0001,0,0.0001,0.0001,0.0001,0.0001,0.0001,0.0001,0,0.0001,0.2444,0.255,0.2444,0.255,
2.1043,0,0,0,2.1043,1.0521,0.5261,2.6304,0,1.0521,1.0521,1.5782,1.5782,1.5782,1.0521,1.0521,2.6304,2.6304,0.5261,0.5261,0.0001,0,0,0,0.0001,0.0001,0,0.0002,0,0.0001,0.0001,0.0001,0.0001,0.0001,0.0001,0.0001,0.0002,0.0002,0,0,0.2253,0.2486,0.2253,0.2486,
0.7758,0,0.3879,1.5515,0.7758,0.3879,0.3879,0.7758,2.7152,1.9394,0.3879,1.1636,0.3879,0.3879,0,0.3879,2.7152,0,0,0.7758,0.0001,0,0,0.0001,0.0001,0,0,0.0001,0.0002,0.0002,0,0.0001,0,0,0,0,0.0002,0,0,0.0001,0.2934,0.3187,0.2934,0.3187,
0,0,0,0.7347,0,0,0,1.4693,0,0.7347,1.4693,0.7347,1.4693,0.7347,0,1.4693,2.204,0.7347,2.204,0.7347,0,0,0,0.0001,0,0,0,0.0001,0,0.0001,0.0001,0.0001,0.0001,0.0001,0,0.0001,0.0002,0.0001,0.0002,0.0001,0.1271,0.1382,0.1271,0.1382,
3.1505,0,1.0502,0.5251,2.6254,0.5251,0,1.0502,0.5251,2.6254,0,0,2.1003,0.5251,0.5251,0,0,3.6755,0,0.5251,0.0002,0,0.0001,0,0.0002,0,0,0.0001,0,0.0002,0,0,0.0001,0,0,0,0,0.0002,0,0,0.2493,0.2257,0.2493,0.2257,
0.7699,2.3098,0.7699,1.1549,0.385,1.5399,0.385,1.5399,0.7699,0.7699,1.9248,0.385,0.385,0.385,1.1549,1.5399,0.385,1.5399,0.385,0.385,0,0.0001,0,0,0,0.0001,0,0.0001,0,0,0.0001,0,0,0,0,0.0001,0,0.0001,0,0,0.2713,0.3438,0.2713,0.3438,
1.0056,1.5085,0,1.0056,2.5141,1.0056,0,0,0,1.5085,1.5085,1.0056,1.5085,0,1.0056,1.0056,1.0056,1.0056,0.5028,1.5085,0,0.0001,0,0,0.0001,0,0,0,0,0.0001,0.0001,0,0.0001,0,0,0,0,0,0,0.0001,0.2641,0.2331,0.2641,0.2331,
0.3413,1.0238,0,2.0477,2.0477,1.0238,1.7064,0.6826,1.7064,0.3413,1.0238,0.3413,1.0238,1.0238,0.3413,1.0238,1.0238,0,0,0.3413,0,0.0001,0,0.0001,0.0001,0.0001,0.0001,0,0.0001,0,0.0001,0,0.0001,0.0001,0,0.0001,0.0001,0,0,0,0.3521,0.3067,0.3521,0.3067,
0.3846,0,1.1538,0.3846,0,1.5385,0.7692,0.7692,0.7692,0.3846,1.1538,0.3846,0.3846,0.3846,0.7692,0.7692,0.7692,0.7692,1.1538,1.5385,0,0,0.0001,0,0,0.0001,0.0001,0.0001,0.0001,0,0.0001,0,0,0,0.0001,0.0001,0.0001,0.0001,0.0001,0.0001,0.3113,0.3041,0.3113,0.3041,
0.5333,0,0,0.5333,2.6667,1.0667,0,0.5333,0.5333,3.7333,0.5333,2.1333,1.6,0.5333,0.5333,2.1333,0.5333,1.6,0.5333,0.5333,0,0,0,0,0.0002,0.0001,0,0,0,0.0002,0,0.0001,0.0001,0,0,0.0001,0,0.0001,0,0,0.225,0.2416,0.225,0.2416,
0.3849,1.1548,3.4644,0.3849,0.7699,0.3849,0.3849,1.1548,1.5397,0,0.7699,0.7699,0.3849,0.7699,0.7699,0.7699,0,0.7699,0.3849,0.7699,0,0.0001,0.0002,0,0,0,0,0.0001,0.0001,0,0,0,0,0,0,0,0,0,0,0,0.2932,0.3218,0.2932,0.3218,
1.1446,0.3815,0.3815,1.1446,0.7631,1.9077,1.1446,0.3815,0.7631,0.3815,0.3815,0.3815,1.5262,2.6708,0.3815,0.3815,0.3815,1.1446,0.7631,0.7631,0.0001,0,0,0.0001,0,0.0001,0.0001,0,0,0,0,0,0.0001,0.0001,0,0,0,0.0001,0,0,0.3069,0.3116,0.3069,0.3116,
0,0.7154,0,0,0.7154,0,0.7154,0,2.1462,0,0,0.7154,0.7154,0,0,0,0,0.7154,0.7154,0,0,0.0001,0,0,0.0001,0,0.0001,0,0.0002,0,0,0.0001,0.0001,0,0,0,0,0.0001,0.0001,0,0.1448,0.1399,0.1448,0.1399,
0,0,1.8342,0.6114,0.6114,0,0,0,0.6114,0,0.6114,0.6114,1.8342,1.2228,0,0.6114,2.4456,1.2228,0,1.2228,0,0,0.0002,0.0001,0.0001,0,0,0,0.0001,0,0.0001,0.0001,0.0002,0.0001,0,0.0001,0.0003,0.0001,0,0.0001,0.2313,0.1573,0.2313,0.1573,
0.8267,1.24,0.4133,0.4133,0.8267,2.4801,1.24,0.8267,0.8267,0.8267,0,0.8267,0,0,0.8267,0.4133,0.4133,0.8267,0.8267,0.8267,0,0.0001,0,0,0,0.0001,0.0001,0,0,0,0,0,0,0,0,0,0,0,0,0,0.2988,0.2878,0.2988,0.2878,
0.4277,0.4277,1.7107,0.4277,0,1.283,0.8553,0.8553,0.8553,0.8553,0.8553,0.4277,0,0,0.8553,0.4277,0.8553,0.4277,0,1.7107,0,0,0.0001,0,0,0.0001,0.0001,0.0001,0.0001,0.0001,0.0001,0,0,0,0.0001,0,0.0001,0,0,0.0001,0.2875,0.2848,0.2875,0.2848,
1.0147,1.6911,0.3382,0,0.6765,0.3382,1.3529,0.3382,2.0294,0.6765,0.3382,1.6911,0.3382,0.3382,0.6765,2.3676,0.3382,0.6765,0,1.6911,0,0.0001,0,0,0,0,0.0001,0,0.0001,0,0,0.0001,0,0,0,0.0001,0,0,0,0.0001,0.3634,0.2984,0.3634,0.2984,
1.5747,2.3621,1.1811,0.7874,1.1811,0.3937,0.3937,1.5747,0.7874,0.7874,0.3937,1.5747,0.3937,0,0,0.3937,0.3937,0.7874,1.5747,0.7874,0.0001,0.0001,0,0,0,0,0,0.0001,0,0,0,0.0001,0,0,0,0,0,0,0.0001,0,0.3056,0.3007,0.3056,0.3007,
1.0403,1.5604,0.5201,1.5604,1.5604,0.5201,1.0403,0.5201,0,1.0403,0.5201,0,0.5201,1.0403,0.5201,1.5604,2.6007,1.0403,1.5604,0,0.0001,0.0001,0,0.0001,0.0001,0,0.0001,0,0,0.0001,0,0,0,0.0001,0,0.0001,0.0001,0.0001,0.0001,0,0.2601,0.2197,0.2601,0.2197,
0.8119,0,0,0,0.8119,0.8119,0,0.8119,0,1.6238,0,0,0.8119,0,0.8119,0.8119,0.8119,0,0,0,0.0001,0,0,0,0.0001,0.0001,0,0.0001,0,0.0003,0,0,0.0001,0,0.0001,0.0001,0.0001,0,0,0,0.111,0.0771,0.111,0.0771,
0,0.8312,0.8312,1.2467,0,1.6623,0.8312,0.8312,0.8312,1.6623,0,1.2467,0,1.2467,0.4156,1.6623,0.4156,0.4156,0.4156,2.4935,0,0,0,0.0001,0,0.0001,0,0,0,0.0001,0,0.0001,0,0.0001,0,0.0001,0,0,0,0.0001,0.2929,0.2915,0.2929,0.2915,
0.3759,1.1277,0.7518,0.7518,0,0.7518,0,0.3759,1.1277,1.1277,0.3759,0.7518,0.3759,0.7518,1.8795,0.3759,0,1.1277,1.8795,0.7518,0,0.0001,0,0,0,0,0,0,0.0001,0.0001,0,0,0,0,0.0001,0,0,0.0001,0.0001,0,0.2482,0.3759,0.2482,0.3759,
0.435,0.87,0.87,0.435,0.435,0.87,0,0.87,0,2.1749,0,1.7399,0,0,1.3049,1.7399,0.435,1.3049,0.435,1.7399,0,0,0,0,0,0,0,0,0,0.0001,0,0.0001,0,0,0.0001,0.0001,0,0.0001,0,0.0001,0.2857,0.2793,0.2857,0.2793,
1.9544,1.9544,1.4658,0,0.9772,1.4658,0,2.9316,0.4886,3.4203,0.4886,0.4886,0.4886,0.4886,0,0.9772,3.4203,1.9544,0.4886,0.9772,0.0001,0.0001,0.0001,0,0,0.0001,0,0.0001,0,0.0001,0,0,0,0,0,0,0.0001,0.0001,0,0,0.2546,0.2567,0.2546,0.2567,
0,0,0.9094,0.9094,0.9094,0.9094,0,2.2735,0.9094,3.6376,1.3641,0,0.4547,0.4547,0.4547,3.1829,1.3641,2.2735,0.4547,0.4547,0,0,0,0,0,0,0,0.0001,0,0.0002,0.0001,0,0,0,0,0.0002,0.0001,0.0001,0,0,0.2536,0.2917,0.2536,0.2917,
0,0,0.4849,1.4546,0.9697,0,0,0.9697,0.9697,0,0.4849,0.4849,0,0.4849,0.9697,0.9697,0.4849,0.9697,0.9697,0.9697,0,0,0,0.0001,0.0001,0,0,0.0001,0.0001,0,0,0,0,0,0.0001,0.0001,0,0.0001,0.0001,0.0001,0.2347,0.2804,0.2347,0.2804,
1.5414,3.0828,0,0,1.5414,3.0828,0,0.7707,0,0.7707,0,1.5414,0,0,0,0.7707,0,1.5414,0.7707,0.7707,0.0001,0.0001,0,0,0.0001,0.0001,0,0,0,0,0,0.0001,0,0,0,0,0,0.0001,0,0,0.1321,0.0972,0.1321,0.0972,
0.7704,0,0.7704,0,0,1.5409,0,0,0,0,0.7704,0.7704,0.7704,0.7704,0,0.7704,0,0,0.7704,0.7704,0.0001,0,0.0001,0,0,0.0002,0,0,0,0,0.0001,0.0001,0.0001,0.0001,0,0.0001,0,0,0.0001,0.0001,0.1111,0.1185,0.1111,0.1185,
2.1689,0,0.5422,0.5422,0,0.5422,0,1.6267,0.5422,3.2534,0.5422,0,0.5422,0.5422,0.5422,1.6267,1.0845,1.6267,0.5422,1.0845,0.0002,0,0,0,0,0,0,0.0001,0,0.0002,0,0,0,0,0,0.0001,0.0001,0.0001,0,0.0001,0.2224,0.2354,0.2224,0.2354,
1.1176,1.4901,0.3725,1.4901,0,0,1.4901,0.7451,1.1176,0.7451,1.1176,0.3725,0.7451,0.3725,1.1176,0.7451,0.3725,0,1.1176,1.4901,0.0001,0.0001,0,0.0001,0,0,0.0001,0,0.0001,0,0.0001,0,0,0,0.0001,0,0,0,0.0001,0.0001,0.274,0.3535,0.274,0.3535,
0,0,0.7299,0,0,0.7299,0.7299,0,4.3794,0,0.7299,0.7299,0,0.7299,0,0,0,0,0,0,0,0,0.0002,0,0,0.0002,0.0002,0,0.001,0,0.0002,0.0002,0,0.0002,0,0,0,0,0,0,0.1328,0.1373,0.1328,0.1373,
2.2974,0,0.7658,0,1.5316,0,0,0,0,0,0.7658,0.7658,0,0,0.7658,0.7658,0,0,0,0,0.0004,0,0.0001,0,0.0003,0,0,0,0,0,0.0001,0.0001,0,0,0.0001,0.0001,0,0,0,0,0.1266,0.1076,0.1266,0.1076,
1.5789,0,1.0526,0.5263,0,0.5263,0,1.5789,0.5263,0,0,0,0.5263,0.5263,1.0526,0.5263,0.5263,0.5263,1.0526,0.5263,0.0001,0,0.0001,0,0,0,0,0.0001,0,0,0,0,0,0,0.0001,0,0,0,0.0001,0,0.2282,0.2455,0.2282,0.2455,
0.8759,0.8759,0,1.7519,0.438,0.438,1.3139,0,0.438,0.8759,0,1.3139,0,0.438,0.8759,0.438,1.3139,0,0.8759,0.8759,0.0001,0.0001,0,0.0001,0,0,0.0001,0,0,0.0001,0,0.0001,0,0,0.0001,0,0.0001,0,0.0001,0.0001,0.2882,0.2738,0.2882,0.2738,
2.9114,0,0.9705,0.4852,2.9114,0.4852,0,1.4557,0,4.8523,0.4852,0,1.9409,1.4557,0.4852,1.4557,0.4852,1.4557,0.4852,0.4852,0.0001,0,0,0,0.0001,0,0,0.0001,0,0.0002,0,0,0.0001,0.0001,0,0.0001,0,0.0001,0,0,0.2744,0.2404,0.2744,0.2404,
1.068,1.424,1.068,1.068,0.356,0.356,0.712,0.712,1.78,1.068,0.712,0.356,1.068,1.068,0.356,0.712,0,1.424,0.712,1.424,0.0001,0.0001,0.0001,0.0001,0,0,0,0,0.0001,0.0001,0,0,0.0001,0.0001,0,0,0,0.0001,0,0.0001,0.3412,0.3028,0.3412,0.3028,
0.8199,0.41,0.41,0.8199,1.2299,1.6398,0,0.8199,1.2299,0.41,0,1.2299,2.0498,0.41,1.2299,0,2.0498,0.41,0.41,0.41,0.0001,0,0,0.0001,0.0001,0.0001,0,0.0001,0.0001,0,0,0.0001,0.0001,0,0.0001,0,0.0001,0,0,0,0.3008,0.2893,0.3008,0.2893,
0,0,1.5558,0,0.7779,0.7779,0,0,3.8896,0.7779,0.7779,0,0,0.7779,0,0,0,0,0,0.7779,0,0,0.0002,0,0.0001,0.0001,0,0,0.0005,0.0001,0.0001,0,0,0.0001,0,0,0,0,0,0.0001,0.0946,0.1274,0.0946,0.1274,
0.8453,0,0,0,0.8453,0.8453,0.8453,0.8453,0,0.8453,0.8453,0.8453,0.8453,0,0,0.8453,0,0,0,0,0.0001,0,0,0,0.0001,0.0001,0.0001,0.0001,0,0.0001,0.0001,0.0001,0.0001,0,0,0.0001,0,0,0,0,0.0734,0.0814,0.0734,0.0814,
0.4861,0.9721,1.9442,0,1.4582,0,0.9721,1.4582,0.9721,0.4861,1.4582,0.4861,0.4861,0.9721,0.4861,0.9721,1.4582,0.9721,0.9721,0.9721,0,0.0001,0.0001,0,0.0001,0,0.0001,0.0001,0.0001,0,0.0001,0,0,0.0001,0,0.0001,0.0001,0.0001,0.0001,0.0001,0.2179,0.2961,0.2179,0.2961,
0,0,0.5053,1.0106,0,1.0106,0.5053,0.5053,1.0106,0.5053,0,0.5053,2.0212,0,1.5159,1.5159,1.0106,1.5159,0.5053,0.5053,0,0,0,0.0001,0,0.0001,0,0,0.0001,0,0,0,0.0002,0,0.0001,0.0001,0.0001,0.0001,0,0,0.2654,0.2293,0.2654,0.2293,
0.8817,0.4408,0.8817,0.8817,0.8817,0.4408,0.8817,0.4408,0.8817,0.4408,2.2042,1.3225,0,1.3225,0.8817,0.8817,0.8817,0.8817,0,0.4408,0.0001,0,0.0001,0.0001,0.0001,0,0.0001,0,0.0001,0,0.0001,0.0001,0,0.0001,0.0001,0.0001,0.0001,0.0001,0,0,0.2664,0.2927,0.2664,0.2927,
0,0.4145,1.2434,0.8289,0,0.8289,0.4145,0.8289,0.8289,0.4145,1.6578,1.6578,1.6578,1.2434,1.2434,2.4867,0.8289,1.6578,0,0.8289,0,0,0.0001,0,0,0,0,0,0,0,0.0001,0.0001,0.0001,0.0001,0.0001,0.0001,0,0.0001,0,0,0.2949,0.2906,0.2949,0.2906,
0,0,0,0.5204,2.0817,1.0408,0,0,0,4.1634,0.5204,3.1225,1.5613,0.5204,1.0408,1.5613,1.0408,2.0817,0,1.0408,0,0,0,0,0.0001,0.0001,0,0,0,0.0002,0,0.0002,0.0001,0,0.0001,0.0001,0.0001,0.0001,0,0.0001,0.225,0.2546,0.225,0.2546,
0.4197,0,0.8395,0.8395,2.9382,2.5184,0,1.679,1.679,2.0987,0.4197,0.4197,0.8395,0.4197,0.4197,2.9382,1.679,0.8395,0,0,0,0,0,0,0.0002,0.0001,0,0.0001,0.0001,0.0001,0,0,0,0,0,0.0002,0.0001,0,0,0,0.2818,0.2985,0.2818,0.2985,
0,1.4905,0.7453,0,0,0,0.7453,0.7453,0,0,0,0.7453,0.7453,0,0.7453,0,0.7453,0,0.7453,0,0,0.0002,0.0001,0,0,0,0.0001,0.0001,0,0,0,0.0001,0.0001,0,0.0001,0,0.0001,0,0.0001,0,0.126,0.1288,0.126,0.1288,
0,0,0.6018,0,0,0.6018,0.6018,0.6018,1.2036,1.2036,0.6018,1.2036,0,0,1.2036,0,0,0,0,0.6018,0,0,0.0001,0,0,0.0001,0.0001,0.0001,0.0002,0.0002,0.0001,0.0002,0,0,0.0002,0,0,0,0,0.0001,0.1983,0.1999,0.1983,0.1999,
1.0542,1.5812,0.5271,0.5271,0.5271,0,0,0.5271,1.0542,0,0.5271,0,0.5271,0,1.0542,1.0542,1.0542,0.5271,1.0542,1.0542,0.0001,0.0001,0,0,0,0,0,0,0.0001,0,0,0,0,0,0.0001,0.0001,0.0001,0,0.0001,0.0001,0.2422,0.2307,0.2422,0.2307,
1.9573,1.5659,1.5659,0.7829,0,0.7829,0.3915,0.3915,0.7829,0,1.1744,0.3915,1.5659,0.3915,1.1744,0,0.3915,0.7829,1.1744,0,0.0001,0.0001,0.0001,0,0,0,0,0,0,0,0.0001,0,0.0001,0,0.0001,0,0,0,0.0001,0,0.2933,0.3153,0.2933,0.3153,
1.0572,0,0.5286,0.5286,1.0572,0.5286,0,0.5286,0.5286,0.5286,1.0572,0,0.5286,0,1.0572,1.0572,1.5858,0.5286,0.5286,1.0572,0.0001,0,0,0,0.0001,0,0,0,0,0,0.0001,0,0,0,0.0001,0.0001,0.0001,0,0,0.0001,0.2751,0.1963,0.2751,0.1963,
0.8062,0,2.4186,0.8062,0.4031,0.8062,0,0,0.4031,0,0.8062,0.8062,0.8062,1.6124,0.8062,0.4031,0.8062,1.2093,1.2093,0.4031,0.0001,0,0.0002,0.0001,0,0.0001,0,0,0,0,0.0001,0.0001,0.0001,0.0001,0.0001,0,0.0001,0.0001,0.0001,0,0.2609,0.336,0.2609,0.336,
1.037,0.3457,0,0,0.6913,1.037,0.6913,0,1.7283,1.037,0.6913,0,0.6913,0.6913,3.8023,0.6913,1.037,1.037,0,0,0.0001,0,0,0,0.0001,0.0001,0.0001,0,0.0001,0.0001,0.0001,0,0.0001,0.0001,0.0003,0.0001,0.0001,0.0001,0,0,0.3548,0.2995,0.3548,0.2995,
0,0,0,0.6801,0,0.6801,0,1.3603,0,0,1.3603,0,0,1.3603,0.6801,0,0,0.6801,0.6801,0.6801,0,0,0,0.0001,0,0.0001,0,0.0002,0,0,0.0002,0,0,0.0002,0.0001,0,0,0.0001,0.0001,0.0001,0.1678,0.152,0.1678,0.152,
1.4887,0.4962,0.4962,1.985,0.4962,0.4962,0,1.4887,0.4962,0,0.9925,0.4962,0.4962,0,0,1.4887,0.9925,1.4887,0.4962,0.4962,0.0001,0,0,0.0001,0,0,0,0.0001,0,0,0.0001,0,0,0,0,0.0001,0.0001,0.0001,0,0,0.2817,0.222,0.2817,0.222,
1.832,0.916,0,1.832,0.916,0.458,0.458,0.916,1.374,0.458,0.458,2.29,1.832,0.916,0,0.458,1.374,1.832,0,0.458,0.0001,0,0,0.0001,0,0,0,0,0.0001,0,0,0.0001,0.0001,0,0,0,0.0001,0.0001,0,0,0.2521,0.2899,0.2521,0.2899,
0.4736,0,0,0.9472,0.4736,0.4736,0.9472,0.4736,0,0.4736,0,0.4736,0.4736,0,0.9472,1.4208,0.9472,0.4736,1.8944,0.9472,0,0,0,0.0001,0,0,0.0001,0,0,0,0,0,0,0,0.0001,0.0001,0.0001,0,0.0002,0.0001,0.2847,0.2417,0.2847,0.2417,
0.9435,0,0,0.9435,1.4152,0.9435,0.9435,0.4717,1.4152,0.4717,0,1.4152,0.4717,0.4717,0.4717,0,0.4717,0.9435,0.4717,0.9435,0.0001,0,0,0.0001,0.0001,0.0001,0.0001,0,0.0001,0,0,0.0001,0,0,0,0,0,0.0001,0,0.0001,0.2681,0.2602,0.2681,0.2602,
1.3549,0,0,0,0.6774,1.3549,0.3387,0.6774,2.0323,0.6774,0.6774,0.6774,0.3387,0.6774,4.0646,0,1.3549,0,0,0,0.0001,0,0,0,0.0001,0.0001,0,0.0001,0.0002,0.0001,0.0001,0.0001,0,0.0001,0.0004,0,0.0001,0,0,0,0.3614,0.2998,0.3614,0.2998,
0.3563,0.3563,0.7126,0,0.3563,0.7126,0.3563,0.7126,2.8506,0.7126,0.3563,0.3563,0.3563,0.3563,2.4942,1.4253,0.3563,1.4253,0,0.3563,0,0,0,0,0,0,0,0,0.0002,0,0,0,0,0,0.0002,0.0001,0,0.0001,0,0,0.3985,0.2452,0.3985,0.2452,
0.682,1.3641,2.0461,0.682,0.682,0.682,1.7051,0.682,0.341,1.3641,1.3641,0.341,0.682,1.3641,0,1.0231,1.0231,0,0.682,0.341,0,0.0001,0.0001,0,0,0,0.0001,0,0,0.0001,0.0001,0,0,0.0001,0,0,0,0,0,0,0.3077,0.3513,0.3077,0.3513,
1.7411,0,0,0,0.3482,1.0447,0.3482,0.3482,1.7411,0.6964,0.6964,0.3482,0.3482,0.3482,4.1786,0.3482,1.3929,1.0447,0,0.3482,0.0002,0,0,0,0,0.0001,0,0,0.0002,0.0001,0.0001,0,0,0,0.0004,0,0.0001,0.0001,0,0,0.3689,0.2828,0.3689,0.2828,
0,0,0.5921,0,1.1843,0.5921,0.5921,2.9607,1.7764,1.7764,1.7764,1.7764,0.5921,0.5921,0,1.1843,1.1843,1.1843,0,0,0,0,0,0,0.0001,0,0,0.0002,0.0001,0.0001,0.0001,0.0001,0,0,0,0.0001,0.0001,0.0001,0,0,0.1862,0.2217,0.1862,0.2217,
0.7701,1.5402,0.7701,0.7701,0,0.3851,0.7701,0.3851,0.7701,0.3851,0.3851,0.7701,0,0.3851,1.1552,2.3104,0.7701,0,1.1552,0.7701,0,0.0001,0,0,0,0,0,0,0,0,0,0,0,0,0.0001,0.0001,0,0,0.0001,0,0.2876,0.3274,0.2876,0.3274,
0,0,0,0.5337,2.1347,1.0674,0,0.5337,0.5337,3.7358,1.0674,2.6684,1.6011,0.5337,0.5337,1.6011,0.5337,2.6684,0,1.0674,0,0,0,0,0.0001,0.0001,0,0,0,0.0002,0.0001,0.0002,0.0001,0,0,0.0001,0,0.0002,0,0.0001,0.2341,0.2322,0.2341,0.2322,
0,0,0,0.528,2.1121,1.056,0,0.528,0.528,4.7522,0.528,2.6401,1.056,0.528,0.528,2.1121,0.528,2.1121,0,1.056,0,0,0,0,0.0001,0.0001,0,0,0,0.0003,0,0.0001,0.0001,0,0,0.0001,0,0.0001,0,0.0001,0.2388,0.2332,0.2388,0.2332,
0,0.712,1.424,1.424,0,0,0,0,0.712,0,0,1.424,0,0,0.712,0,0,0,1.424,0,0,0.0001,0.0001,0.0001,0,0,0,0,0.0001,0,0,0.0001,0,0,0.0001,0,0,0,0.0001,0,0.1414,0.1466,0.1414,0.1466,
0.3584,0,0,0.3584,0.3584,1.0751,0.7167,1.4334,2.5085,0.3584,1.0751,0,1.4334,0.7167,0.7167,1.4334,1.7918,1.0751,0.3584,0.7167,0,0,0,0,0,0.0001,0.0001,0.0001,0.0002,0,0.0001,0,0.0001,0.0001,0.0001,0.0001,0.0001,0.0001,0,0.0001,0.3206,0.3211,0.3206,0.3211,
0.4484,0.8967,0,0,1.7934,0,0.4484,1.7934,1.7934,2.2418,0.4484,0.4484,0.8967,0,1.7934,1.7934,0,0.4484,0,0.8967,0,0.0001,0,0,0.0001,0,0,0.0001,0.0001,0.0001,0,0,0.0001,0,0.0001,0.0001,0,0,0,0.0001,0.3124,0.2392,0.3124,0.2392,
0.566,0.566,0.566,0,0.566,0.566,0.566,1.132,0.566,1.132,0,0,0.566,0.566,0.566,2.2641,0.566,0.566,1.132,0.566,0,0,0,0,0,0,0,0.0001,0,0.0001,0,0,0,0,0,0.0002,0,0,0.0001,0,0.2015,0.2325,0.2015,0.2325,
1.804,0,0.6013,1.2026,1.804,1.2026,0,2.4053,0,3.0066,1.2026,1.2026,0.6013,0,0.6013,1.2026,1.2026,1.804,0,0.6013,0.0001,0,0,0.0001,0.0001,0.0001,0,0.0002,0,0.0002,0.0001,0.0001,0,0,0,0.0001,0.0001,0.0001,0,0,0.2294,0.1693,0.2294,0.1693,
0,0,0,0,0,0.5834,0,0.5834,1.1667,2.9168,1.7501,0,0,0.5834,1.1667,1.1667,1.7501,2.3334,0.5834,0.5834,0,0,0,0,0,0.0001,0,0.0001,0.0001,0.0003,0.0002,0,0,0.0001,0.0001,0.0001,0.0002,0.0002,0.0001,0.0001,0.2113,0.2054,0.2113,0.2054,
1.1478,0,0.5739,1.1478,0.5739,1.7218,0,0.5739,1.1478,1.1478,0.5739,0.5739,0.5739,0,0,0.5739,0.5739,1.1478,0,0.5739,0.0001,0,0,0.0001,0,0.0001,0,0,0.0001,0.0001,0,0,0,0,0,0,0,0.0001,0,0,0.2194,0.2067,0.2194,0.2067,
0.5465,0,2.1859,0,1.093,1.093,0,0,0,1.6394,0,0,1.093,0,1.093,0.5465,0,1.093,0.5465,0.5465,0,0,0.0002,0,0.0001,0.0001,0,0,0,0.0001,0,0,0.0001,0,0.0001,0,0,0.0001,0,0,0.2404,0.2132,0.2404,0.2132,
1.5312,2.0417,0.5104,1.5312,0.5104,1.5312,0,0.5104,0,1.0208,0.5104,0.5104,1.0208,0,1.0208,0.5104,0.5104,0.5104,0.5104,2.0417,0.0001,0.0001,0,0.0001,0,0.0001,0,0,0,0,0,0,0,0,0,0,0,0,0,0.0001,0.2363,0.2533,0.2363,0.2533,
1.8636,0,0,0,1.8636,1.8636,0,3.1061,0.6212,3.7273,0.6212,0,0.6212,0,0,1.8636,2.4848,0,0,0.6212,0.0001,0,0,0,0.0001,0.0001,0,0.0002,0,0.0002,0,0,0,0,0,0.0001,0.0001,0,0,0,0.1927,0.1861,0.1927,0.1861,
0.9245,0.9245,0.4622,0.4622,0.9245,0.9245,1.3867,0.9245,0.9245,0.9245,0,0.9245,0.4622,0.4622,0.4622,0.9245,0,1.8489,0.4622,1.3867,0,0,0,0,0,0,0.0001,0,0,0,0,0,0,0,0,0,0,0.0001,0,0.0001,0.283,0.2548,0.283,0.2548,
1.7499,0,0.4375,1.7499,0,0.4375,0,0.4375,0,1.3125,0.875,0.875,2.1874,0.4375,1.7499,0.4375,0.875,0.4375,0,1.7499,0.0001,0,0,0.0001,0,0,0,0,0,0.0001,0.0001,0.0001,0.0002,0,0.0001,0,0.0001,0,0,0.0001,0.2823,0.2802,0.2823,0.2802,
4.2664,0,1.4221,0.474,0.9481,0.9481,0,2.8442,0,1.4221,0.474,0.474,0.474,0.9481,1.4221,0.474,0,1.8962,0.474,0.474,0.0002,0,0.0001,0,0.0001,0.0001,0,0.0002,0,0.0001,0,0,0,0.0001,0.0001,0,0,0.0001,0,0,0.3051,0.2209,0.3051,0.2209,
0.4136,0,0.8272,0.8272,1.2407,1.2407,1.2407,0,0,0,1.2407,0.4136,1.6543,0,1.2407,0,1.6543,1.6543,0.4136,0.4136,0,0,0.0001,0.0001,0.0001,0.0001,0.0001,0,0,0,0.0001,0,0.0001,0,0.0001,0,0.0001,0.0001,0,0,0.3202,0.2662,0.3202,0.2662,
1.7978,0.8989,0.8989,0.8989,0,0,0,2.2472,1.3483,0.8989,0.8989,0.4494,2.2472,0,0.4494,0.4494,0.4494,1.3483,1.3483,2.2472,0.0001,0,0,0,0,0,0,0.0001,0.0001,0,0,0,0.0001,0,0,0,0,0.0001,0.0001,0.0001,0.28,0.2705,0.28,0.2705,
0,0.4601,0.4601,0,1.3803,0.4601,0,0.4601,2.3006,0.9202,1.3803,1.3803,0.9202,0,0.9202,0.4601,0.4601,0.4601,0,0.4601,0,0,0,0,0.0001,0,0,0,0.0002,0.0001,0.0001,0.0001,0.0001,0,0.0001,0,0,0,0,0,0.2579,0.2819,0.2579,0.2819,
0.7268,1.0902,1.0902,0.3634,0.3634,0.7268,1.0902,0.7268,1.4536,0.7268,1.0902,0.7268,0.7268,0.3634,0.7268,0.7268,0.3634,0.7268,0.7268,0.7268,0,0.0001,0.0001,0,0,0,0.0001,0,0.0001,0,0.0001,0,0,0,0,0,0,0,0,0,0.3034,0.3332,0.3034,0.3332,
0.4477,1.3432,0.8955,0.8955,0,0.8955,0.4477,0.4477,0.4477,0.8955,1.791,1.3432,0.8955,0.4477,0.8955,0,1.3432,1.791,0,1.791,0,0.0001,0.0001,0.0001,0,0.0001,0,0,0,0.0001,0.0001,0.0001,0.0001,0,0.0001,0,0.0001,0.0001,0,0.0001,0.265,0.2872,0.265,0.2872,
1.8901,0.756,0,2.6461,0.756,1.134,0.378,0.378,1.134,0.756,0.378,1.134,0.756,1.134,0.756,0.378,0.378,0.378,0,0.756,0.0001,0,0,0.0002,0,0.0001,0,0,0.0001,0,0,0.0001,0,0.0001,0,0,0,0,0,0,0.2998,0.3222,0.2998,0.3222,
0,0,0.5088,2.0353,2.0353,0,0,0,0,0,0,0,4.0705,7.6322,0,0.5088,1.5264,2.0353,0,1.5264,0,0,0,0.0002,0.0002,0,0,0,0,0,0,0,0.0003,0.0006,0,0,0.0001,0.0002,0,0.0001,0.2314,0.2597,0.2314,0.2597,
1.3801,0.46,0.46,2.3001,0,0.46,0.46,1.8401,0,0,1.3801,1.8401,0.46,0.92,0.46,0.46,1.3801,1.3801,0.46,0.46,0.0001,0,0,0.0001,0,0,0,0.0001,0,0,0.0001,0.0001,0,0.0001,0,0,0.0001,0.0001,0,0,0.2551,0.2849,0.2551,0.2849,
1.9135,1.4351,0,0.4784,2.3919,0.4784,1.4351,1.4351,0.4784,0,1.9135,0.4784,0.4784,0.4784,0.4784,1.9135,1.4351,1.4351,0,1.9135,0.0001,0.0001,0,0,0.0001,0,0.0001,0.0001,0,0,0.0001,0,0,0,0,0.0001,0.0001,0.0001,0,0.0001,0.2762,0.2454,0.2762,0.2454,
3.0317,0,1.0106,1.0106,2.0211,1.0106,0.5053,1.0106,1.0106,2.0211,1.0106,0,1.5158,0.5053,0,0.5053,1.5158,3.537,0,0.5053,0.0002,0,0.0001,0.0001,0.0001,0.0001,0,0.0001,0.0001,0.0001,0.0001,0,0.0001,0,0,0,0.0001,0.0002,0,0,0.2434,0.2514,0.2434,0.2514,
1.2236,1.6314,0.8157,1.2236,0.4079,0.4079,0.4079,1.2236,0.8157,1.2236,0,1.2236,0,0.4079,0.8157,1.2236,0.8157,1.2236,0.4079,0.8157,0.0001,0.0001,0,0.0001,0,0,0,0.0001,0,0.0001,0,0.0001,0,0,0,0.0001,0,0.0001,0,0,0.2871,0.3051,0.2871,0.3051,
0,0.731,0.731,1.0965,0.731,0.731,0.3655,1.462,0.731,0.731,0.3655,1.0965,0.3655,2.5584,1.8274,0.731,0.3655,1.0965,0.3655,1.0965,0,0,0,0.0001,0,0,0,0.0001,0,0,0,0.0001,0,0.0001,0.0001,0,0,0.0001,0,0.0001,0.3468,0.2877,0.3468,0.2877,
1.749,0,0.8745,0.4373,3.0608,0.8745,0,0.8745,0.4373,3.498,0.4373,0.4373,1.3118,0,0.8745,1.3118,1.3118,0.8745,0.4373,0.4373,0.0001,0,0,0,0.0002,0,0,0,0,0.0002,0,0,0.0001,0,0,0.0001,0.0001,0,0,0,0.2748,0.288,0.2748,0.288,
1.0318,1.0318,1.0318,1.0318,0,1.0318,0.5159,0.5159,1.5476,1.0318,0,0.5159,1.0318,0.5159,0.5159,0.5159,0,0,0,0.5159,0.0001,0.0001,0.0001,0.0001,0,0.0001,0,0,0.0001,0.0001,0,0,0.0001,0,0,0,0,0,0,0,0.2641,0.22,0.2641,0.22,
0.5037,0.5037,0.5037,1.0074,0,1.0074,0.5037,1.0074,0.5037,1.0074,0.5037,0.5037,0.5037,1.0074,1.0074,1.0074,0.5037,1.0074,1.511,0.5037,0,0,0,0.0001,0,0.0001,0,0.0001,0,0.0001,0,0,0,0.0001,0.0001,0.0001,0,0.0001,0.0001,0,0.3497,0.1466,0.3497,0.1466,
1.0956,0,1.0956,0.5478,0,1.0956,0.5478,1.6433,1.0956,1.0956,0,0.5478,0,0,0,1.0956,1.0956,2.1911,0.5478,0,0.0001,0,0.0001,0,0,0.0001,0,0.0001,0.0001,0.0001,0,0,0,0,0,0.0001,0.0001,0.0002,0,0,0.2483,0.2039,0.2483,0.2039,
0.7755,0,0.7755,0.7755,0.3877,0.7755,0,1.5509,0,2.7141,0.7755,1.1632,0.7755,1.5509,2.7141,1.1632,1.1632,0.7755,0,0,0,0,0,0,0,0,0,0.0001,0,0.0002,0,0.0001,0,0.0001,0.0002,0.0001,0.0001,0,0,0,0.3074,0.3049,0.3074,0.3049,
1.5205,0,1.0136,0.5068,0.5068,2.0273,0,1.5205,0,4.0546,0.5068,0,0,1.0136,1.0136,1.5205,1.0136,1.5205,0,1.0136,0.0001,0,0.0001,0,0,0.0001,0,0.0001,0,0.0002,0,0,0,0.0001,0.0001,0.0001,0.0001,0.0001,0,0.0001,0.2485,0.2447,0.2485,0.2447,
0.9505,0.4752,0.4752,0.9505,1.4257,1.9009,0.4752,0,0.9505,0.4752,0.9505,0.4752,0,0,0,0.9505,0.4752,0.9505,1.4257,1.4257,0.0001,0,0,0.0001,0.0001,0.0001,0,0,0.0001,0,0.0001,0,0,0,0,0.0001,0,0.0001,0.0001,0.0001,0.2819,0.2429,0.2819,0.2429,
0.9895,0,0.9895,0.9895,0.9895,0,0,0.9895,1.4843,0.4948,0,0.4948,0.4948,0.4948,0.9895,0.9895,0.9895,1.4843,0,0.9895,0.0001,0,0.0001,0.0001,0.0001,0,0,0.0001,0.0001,0,0,0,0,0,0.0001,0.0001,0.0001,0.0001,0,0.0001,0.2669,0.2384,0.2669,0.2384,
1.1547,0,0,1.1547,2.8868,0.5774,0,2.3095,1.1547,2.3095,0.5774,0,1.1547,0,0.5774,1.1547,2.3095,1.1547,0,0.5774,0.0001,0,0,0.0001,0.0002,0,0,0.0002,0.0001,0.0002,0,0,0.0001,0,0,0.0001,0.0002,0.0001,0,0,0.1882,0.2344,0.1882,0.2344,
0,0.5794,0.5794,0.5794,0.5794,0,0,1.7383,1.1589,0.5794,0,0.5794,0.5794,1.7383,0,0,0.5794,0,1.1589,1.1589,0,0,0,0,0,0,0,0.0001,0.0001,0,0,0,0,0.0001,0,0,0,0,0.0001,0.0001,0.2146,0.2059,0.2146,0.2059,
0,0,0,0.7981,0,1.5962,0,1.5962,0,0.7981,0.7981,0,0.7981,1.5962,0,0,0,0,0.7981,0,0,0,0,0.0001,0,0.0003,0,0.0003,0,0.0001,0.0001,0,0.0001,0.0003,0,0,0,0,0.0001,0,0.1178,0.0841,0.1178,0.0841,
1.7072,0,0.5691,0,0,0.5691,0,0.5691,1.7072,1.1381,0,0,1.1381,0,0.5691,0,1.1381,2.2762,0,0.5691,0.0002,0,0.0001,0,0,0.0001,0,0.0001,0.0002,0.0001,0,0,0.0001,0,0.0001,0,0.0001,0.0002,0,0.0001,0.1891,0.2418,0.1891,0.2418,
1.3875,0,0.925,0.4625,2.3125,0.4625,0,0.925,0.4625,4.1624,0.4625,0.4625,1.3875,0,0.925,1.3875,1.3875,1.3875,0.4625,0.4625,0.0001,0,0,0,0.0001,0,0,0,0,0.0002,0,0,0.0001,0,0,0.0001,0.0001,0.0001,0,0,0.267,0.2705,0.267,0.2705,
1.5513,5.1709,1.0342,0.5171,0,3.6196,0,0,2.5854,0,0.5171,0.5171,1.0342,0.5171,0,3.1025,0.5171,0,0,0,0.0001,0.0002,0,0,0,0.0001,0,0,0.0001,0,0,0,0,0,0,0.0001,0,0,0,0,0.2379,0.245,0.2379,0.245,
1.8644,0.4661,0.9322,0.9322,0.9322,0.4661,1.3983,0.9322,0.4661,1.3983,0.4661,0.4661,0,0.4661,0.4661,0,0,0.4661,0,0,0.0001,0,0.0001,0.0001,0.0001,0,0.0001,0.0001,0,0.0001,0,0,0,0,0,0,0,0,0,0,0.2821,0.2518,0.2821,0.2518,
0.7885,0.3942,0,1.1827,0.3942,0.7885,1.1827,0.7885,0.3942,0,0,1.577,0,0,1.577,0.3942,1.577,1.1827,0.7885,2.7597,0.0001,0,0,0.0001,0,0.0001,0.0001,0.0001,0,0,0,0.0001,0,0,0.0001,0,0.0001,0.0001,0.0001,0.0002,0.3267,0.2791,0.3267,0.2791,
0.4421,0,1.3262,0.4421,0.4421,0.4421,1.3262,0,0.8841,0.8841,2.2104,0,0,0.8841,0.8841,1.3262,0,1.3262,0.8841,1.3262,0,0,0.0001,0,0,0,0.0001,0,0.0001,0.0001,0.0002,0,0,0.0001,0.0001,0.0001,0,0.0001,0.0001,0.0001,0.2894,0.2685,0.2894,0.2685,
0.4973,0,3.4814,1.492,0.4973,0.4973,0,0.9947,0.9947,1.492,0,0.9947,0.4973,0,0.4973,0.4973,0,0.9947,0,0.4973,0,0,0.0002,0.0001,0,0,0,0.0001,0.0001,0.0001,0,0.0001,0,0,0,0,0,0.0001,0,0,0.2612,0.2415,0.2612,0.2415,
0.4163,1.2488,0,1.2488,1.2488,0.4163,0.8325,0.8325,0.8325,0.8325,0,0.4163,0.4163,0,1.2488,0.8325,2.0813,1.2488,0,0.8325,0,0.0001,0,0.0001,0.0001,0,0,0,0,0,0,0,0,0,0.0001,0,0.0001,0.0001,0,0,0.3015,0.2823,0.3015,0.2823,
0.8158,0,0,0,0.8158,1.6315,0,0,0,0,2.4473,0,0.8158,0,0.8158,1.6315,0,0,0,0,0.0001,0,0,0,0.0001,0.0002,0,0,0,0,0.0003,0,0.0001,0,0.0001,0.0002,0,0,0,0,0.1033,0.0809,0.1033,0.0809,
0.8283,0,2.4849,0.8283,0,9.1115,10.7681,0,0,0,0,0,0,0,0,0,0,0.8283,0,0,0.0002,0,0.0006,0.0002,0,0.0021,0.0025,0,0,0,0,0,0,0,0,0,0,0.0002,0,0,0.0856,0.0861,0.0856,0.0861,
0.3906,1.1719,0,0.3906,0,0.7813,1.1719,1.1719,2.7344,0.3906,0.3906,0.7813,0.3906,1.1719,1.5625,0.7813,0,1.5625,0,0,0,0.0001,0,0,0,0,0.0001,0.0001,0.0002,0,0,0,0,0.0001,0.0001,0,0,0.0001,0,0,0.3044,0.3049,0.3044,0.3049,
0,1.3735,1.8313,1.8313,0.4578,2.2891,0,1.3735,0.4578,0.4578,0.4578,0.4578,0.9157,2.2891,0.9157,0.9157,1.3735,0.9157,0,1.3735,0,0.0001,0.0001,0.0001,0,0.0001,0,0.0001,0,0,0,0,0,0.0001,0,0,0.0001,0,0,0.0001,0.2772,0.2649,0.2772,0.2649,
0.7912,1.1868,0,0.3956,0,1.1868,0.3956,1.1868,2.3736,0,1.1868,0.3956,0.3956,0.7912,1.978,0.7912,0.3956,1.5824,0,0,0.0001,0.0001,0,0,0,0.0001,0,0.0001,0.0002,0,0.0001,0,0,0.0001,0.0001,0.0001,0,0.0001,0,0,0.3084,0.296,0.3084,0.296,
1.2319,0,0.4106,1.2319,0,2.4638,0.4106,0,0.4106,2.4638,0.8213,0,1.2319,0.4106,1.2319,2.0531,0.4106,0.4106,0,0.4106,0.0001,0,0,0.0001,0,0.0002,0,0,0,0.0002,0.0001,0,0.0001,0,0.0001,0.0001,0,0,0,0,0.2939,0.2955,0.2939,0.2955,
0.6758,0,0,0,0.3379,1.0137,0.6758,0,2.7031,0.6758,0.6758,0.3379,0.3379,0.6758,4.0546,0.3379,1.3515,0.6758,0.3379,0,0.0001,0,0,0,0,0.0001,0.0001,0,0.0003,0.0001,0.0001,0,0,0.0001,0.0004,0,0.0001,0.0001,0,0,0.3737,0.2884,0.3737,0.2884,
1.5561,0,0.7781,0.389,1.9452,0.7781,0.389,1.1671,0.7781,3.8903,0.389,0.389,0.7781,0,1.5561,1.1671,0.7781,1.1671,0.7781,0.389,0.0001,0,0,0,0.0001,0,0,0.0001,0,0.0002,0,0,0,0,0.0001,0.0001,0,0.0001,0,0,0.314,0.2969,0.314,0.2969,
1.3043,0,0.4348,1.739,1.739,1.739,0.4348,0.4348,0.4348,3.9128,0.4348,0.4348,0.8695,1.3043,0.4348,1.3043,1.739,0.4348,0,0.8695,0.0001,0,0,0.0001,0.0001,0.0001,0,0,0,0.0002,0,0,0,0.0001,0,0.0001,0.0001,0,0,0,0.2773,0.2879,0.2773,0.2879,
0.5297,0,0.5297,0.5297,0.5297,0.5297,0,1.0595,1.0595,2.119,0.5297,0.5297,0.5297,0,1.0595,0.5297,0.5297,0.5297,0.5297,0.5297,0,0,0,0,0,0,0,0.0001,0.0001,0.0002,0,0,0,0,0.0001,0,0,0,0,0,0.2395,0.2308,0.2395,0.2308,
0.6618,0,0,0.6618,0,0.6618,1.3237,0,0.6618,0,0,0,1.3237,0,0.6618,1.3237,0,0.6618,0,0,0.0001,0,0,0.0001,0,0.0001,0.0003,0,0.0001,0,0,0,0.0003,0,0.0001,0.0003,0,0.0001,0,0,0.1372,0.201,0.1372,0.201,
2.275,0,0.3792,0.7583,0.7583,2.275,1.1375,0.7583,2.275,1.1375,0.3792,0.3792,0.3792,0.3792,0.3792,0.3792,2.275,1.1375,0,0,0.0002,0,0,0.0001,0.0001,0.0002,0.0001,0.0001,0.0002,0.0001,0,0,0,0,0,0,0.0002,0.0001,0,0,0.3565,0.2643,0.3565,0.2643,
0.9781,1.4671,0.489,1.4671,0.489,1.4671,0.489,0.9781,1.4671,0.489,0,0.489,1.4671,0.489,0.9781,1.4671,0.9781,0.489,1.4671,0.9781,0.0001,0.0001,0,0.0001,0,0.0001,0,0.0001,0.0001,0,0,0,0.0001,0,0.0001,0.0001,0.0001,0,0.0001,0.0001,0.2127,0.2982,0.2127,0.2982,
0.4287,0.8574,0,1.2861,1.2861,2.1435,0.4287,2.5722,0.8574,1.2861,1.2861,1.2861,0.4287,0.8574,0.4287,0.4287,0.8574,0.4287,0.4287,0,0,0,0,0.0001,0.0001,0.0001,0,0.0001,0,0.0001,0.0001,0.0001,0,0,0,0,0,0,0,0,0.2957,0.2756,0.2957,0.2756,
0.7642,0.7642,0.7642,2.6746,0.3821,1.5283,0,0.7642,0.7642,2.6746,0.7642,1.1463,0.3821,0.3821,0,1.5283,0.3821,0.7642,0.3821,1.5283,0,0,0,0.0001,0,0.0001,0,0,0,0.0001,0,0.0001,0,0,0,0.0001,0,0,0,0.0001,0.3204,0.2975,0.3204,0.2975,
1.1743,2.7401,0.7829,1.1743,1.1743,3.5229,0.7829,1.5657,0.3914,0.3914,0.7829,0.7829,0.7829,0.7829,0.3914,0.7829,0.3914,0.7829,0.3914,0,0,0.0001,0,0,0,0.0001,0,0.0001,0,0,0,0,0,0,0,0,0,0,0,0,0.3267,0.2819,0.3267,0.2819,
0.7771,1.1656,0.3885,1.9427,0.7771,1.1656,0.7771,1.1656,0.7771,0,0,0.7771,0.7771,0,0,0.7771,0.3885,0.7771,0.7771,1.1656,0,0.0001,0,0.0001,0,0.0001,0,0.0001,0,0,0,0,0,0,0,0,0,0,0,0.0001,0.3032,0.3082,0.3032,0.3082,
1.3468,1.3468,0.4489,0.4489,1.7958,0.8979,0.4489,2.2447,1.3468,1.7958,1.7958,1.3468,1.3468,0.8979,0,0.8979,0,0.8979,0,0.8979,0.0001,0.0001,0,0,0.0001,0,0,0.0001,0.0001,0.0001,0.0001,0.0001,0.0001,0,0,0,0,0,0,0,0.2889,0.2622,0.2889,0.2622,
0,0,0.5706,0,0.5706,1.7118,0.5706,0.5706,0,1.7118,0,1.7118,0.5706,0,1.1412,0.5706,0.5706,0.5706,0,0.5706,0,0,0,0,0,0.0001,0,0,0,0.0001,0,0.0001,0,0,0.0001,0,0,0,0,0,0.2071,0.2223,0.2071,0.2223,
0.4663,0.9327,0.4663,0,0.9327,1.8653,0.9327,2.3316,0.4663,0.9327,0.9327,1.399,0,0.9327,0.4663,1.399,1.399,1.399,0.9327,1.8653,0,0,0,0,0,0.0001,0,0.0001,0,0,0,0.0001,0,0,0,0.0001,0.0001,0.0001,0,0.0001,0.2532,0.2804,0.2532,0.2804,
0.9028,0.4514,1.3542,2.2571,0,0.4514,1.3542,0.4514,0.4514,0.9028,0.9028,0.4514,2.2571,0,0,0.4514,1.8057,0.9028,0,1.3542,0.0001,0,0.0001,0.0002,0,0,0.0001,0,0,0.0001,0.0001,0,0.0002,0,0,0,0.0001,0.0001,0,0.0001,0.2483,0.3003,0.2483,0.3003,
0,0.4869,0,0,2.9213,0,0,2.9213,0.4869,0,5.3557,2.9213,0,0,1.4606,0.4869,1.9475,1.4606,0,1.9475,0,0,0,0,0.0002,0,0,0.0002,0,0,0.0003,0.0002,0,0,0.0001,0,0.0001,0.0001,0,0.0001,0.2398,0.2733,0.2398,0.2733,
1.8921,0.7569,1.1353,0.7569,0.7569,0.7569,1.5137,1.8921,0,1.1353,0.7569,0.3784,0.3784,1.1353,1.1353,1.5137,0.3784,1.5137,0,0.7569,0.0001,0,0.0001,0,0,0,0.0001,0.0001,0,0.0001,0,0,0,0.0001,0.0001,0.0001,0,0.0001,0,0,0.3044,0.3171,0.3044,0.3171,
2.1125,0,0,0.5281,3.1688,0.5281,0,3.6969,0,2.6407,0.5281,0.5281,2.1125,0.5281,1.0563,1.0563,0.5281,2.1125,0.5281,1.0563,0.0001,0,0,0,0.0002,0,0,0.0002,0,0.0001,0,0,0.0001,0,0.0001,0.0001,0,0.0001,0,0.0001,0.2421,0.2298,0.2421,0.2298,
0.4803,0.9606,0.9606,0.9606,0.4803,1.441,0,0.4803,0.9606,0.4803,1.9213,0,1.441,0.9606,0.4803,0,1.441,0.9606,0.9606,0.9606,0,0.0001,0.0001,0.0001,0,0.0001,0,0,0.0001,0,0.0001,0,0.0001,0.0001,0,0,0.0001,0.0001,0.0001,0.0001,0.2672,0.2525,0.2672,0.2525,
0.3616,0.3616,0,1.0849,1.0849,1.8081,1.0849,0.7232,2.1697,0.3616,1.0849,1.0849,0.3616,0.3616,0.3616,0.3616,1.8081,0.7232,0.3616,1.0849,0,0,0,0.0001,0.0001,0.0001,0.0001,0,0.0001,0,0.0001,0.0001,0,0,0,0,0.0001,0,0,0.0001,0.3248,0.3136,0.3248,0.3136,
0,0.4483,0,2.2416,1.345,1.7933,0.4483,0.8966,0.4483,0.8966,0.4483,1.345,0.8966,2.6899,0.4483,0.8966,1.345,1.345,0,0.4483,0,0,0,0.0001,0.0001,0.0001,0,0.0001,0,0.0001,0,0.0001,0.0001,0.0002,0,0.0001,0.0001,0.0001,0,0,0.3058,0.2459,0.3058,0.2459,
0.466,0,0.466,0.466,0.466,0,2.3302,0.9321,0.466,0,0.9321,0.9321,0.9321,0.9321,0.466,2.3302,0.466,0,0.466,2.3302,0,0,0,0,0,0,0.0002,0.0001,0,0,0.0001,0.0001,0.0001,0.0001,0,0.0002,0,0,0,0.0002,0.2758,0.2582,0.2758,0.2582,
1.2865,1.2865,0.8577,0.4288,0.4288,0.8577,2.1442,1.2865,0.4288,0.8577,0.4288,0,0.8577,0.4288,0.4288,0.4288,0.4288,0.4288,1.2865,1.7153,0.0001,0.0001,0,0,0,0,0.0001,0.0001,0,0,0,0,0,0,0,0,0,0,0.0001,0.0001,0.294,0.2772,0.294,0.2772,
0,0,1.4172,0.3543,1.4172,1.4172,0.7086,0.7086,0,1.0629,1.7715,1.0629,1.7715,0.3543,1.0629,1.4172,0.7086,0.3543,1.0629,0.7086,0,0,0.0001,0,0.0001,0.0001,0,0,0,0.0001,0.0001,0.0001,0.0001,0,0.0001,0.0001,0,0,0.0001,0,0.3417,0.304,0.3417,0.304,
0.5337,0,0,0,0.5337,0,0.5337,2.6687,2.135,2.6687,0.5337,1.0675,0,0.5337,0,1.0675,1.0675,0.5337,0.5337,2.6687,0,0,0,0,0,0,0,0.0002,0.0002,0.0002,0,0.0001,0,0,0,0.0001,0.0001,0,0,0.0002,0.2143,0.252,0.2143,0.252,
0.3977,0,2.3863,1.5908,0.7954,1.1931,0.3977,0.7954,0.7954,0.3977,0.3977,0.7954,0.7954,0.7954,0.3977,0.7954,1.5908,0.7954,0.3977,0,0,0,0.0002,0.0001,0.0001,0.0001,0,0.0001,0.0001,0,0,0.0001,0.0001,0.0001,0,0.0001,0.0001,0.0001,0,0,0.2807,0.3216,0.2807,0.3216,
1.3108,0,0.6554,0.6554,0,0,0,0,0.6554,0.6554,0.6554,0,1.3108,0.6554,0.6554,0.6554,0.6554,0.6554,0.6554,0,0.0001,0,0.0001,0.0001,0,0,0,0,0.0001,0.0001,0.0001,0,0.0001,0.0001,0.0001,0.0001,0.0001,0.0001,0.0001,0,0.188,0.1566,0.188,0.1566,
0.7252,1.4505,1.4505,1.4505,1.4505,0,0,0.3626,1.4505,2.1757,0,1.4505,1.0879,1.8131,0.3626,0.7252,0.3626,0.7252,0,1.0879,0,0.0001,0.0001,0.0001,0.0001,0,0,0,0.0001,0.0001,0,0.0001,0,0.0001,0,0,0,0,0,0,0.3077,0.3296,0.3077,0.3296,
0,0.5258,1.5775,0.5258,0,1.0516,1.0516,0.5258,2.1033,0,0.5258,0,0.5258,0.5258,1.0516,0.5258,0,1.0516,0,2.1033,0,0,0.0001,0,0,0.0001,0.0001,0,0.0002,0,0,0,0,0,0.0001,0,0,0.0001,0,0.0002,0.2229,0.2513,0.2229,0.2513,
3.5358,0,1.0102,0.5051,3.5358,0.5051,0,1.0102,0,5.0511,0.5051,0.5051,2.0204,1.0102,0.5051,0,0.5051,2.5256,0.5051,0.5051,0.0002,0,0.0001,0,0.0002,0,0,0.0001,0,0.0003,0,0,0.0001,0.0001,0,0,0,0.0001,0,0,0.2777,0.2172,0.2777,0.2172,
0.9723,0,0.4862,0,0.4862,0.9723,1.4585,1.9446,0.4862,1.4585,1.4585,1.4585,0.9723,0,0.4862,0,0.4862,0,0.4862,0.9723,0.0001,0,0,0,0,0.0001,0.0001,0.0001,0,0.0001,0.0001,0.0001,0.0001,0,0,0,0,0,0,0.0001,0.2505,0.2634,0.2505,0.2634,
0.6127,0,0,0,0.6127,0.6127,0,0.6127,1.2253,0.6127,0.6127,0,0,0,0.6127,0.6127,0.6127,0.6127,1.2253,0,0.0001,0,0,0,0.0001,0.0001,0,0.0001,0.0002,0.0001,0.0001,0,0,0,0.0001,0.0001,0.0001,0.0001,0.0002,0,0.1879,0.1994,0.1879,0.1994,
1.2394,0,0,1.2394,0,0,0,1.2394,0.6197,0,1.8591,0,1.2394,0.6197,1.2394,0.6197,1.2394,0.6197,0,0.6197,0.0002,0,0,0.0002,0,0,0,0.0002,0.0001,0,0.0002,0,0.0002,0.0001,0.0002,0.0001,0.0002,0.0001,0,0.0001,0.229,0.1513,0.229,0.1513,
1.1177,0.7451,1.4903,1.8628,0.3726,0.7451,0.3726,0.3726,0.3726,0.7451,0.7451,0.7451,0.3726,0.7451,1.1177,0.7451,1.8628,1.4903,1.1177,1.1177,0.0001,0,0.0001,0.0001,0,0,0,0,0,0,0,0,0,0,0.0001,0,0.0001,0.0001,0.0001,0.0001,0.3042,0.3232,0.3042,0.3232,
0,0.718,0.718,0.718,0,0.718,0.718,0,0.718,0,0.718,0,0.718,0,0.718,1.436,0,0,0,0,0,0.0001,0.0001,0.0001,0,0.0001,0.0001,0,0.0001,0,0.0001,0,0.0001,0,0.0001,0.0002,0,0,0,0,0.1775,0.1045,0.1775,0.1045,
1.4062,0.9375,1.4062,0.9375,0.4687,0.9375,0,0,0,0,0,0.4687,0.9375,0.9375,0.9375,1.8749,1.4062,2.8124,0.4687,0.9375,0.0001,0.0001,0.0001,0.0001,0,0.0001,0,0,0,0,0,0,0.0001,0.0001,0.0001,0.0001,0.0001,0.0002,0,0.0001,0.289,0.2422,0.289,0.2422,
1.3155,0.6578,0.6578,0.6578,0.6578,0.6578,0,0.6578,0,0.6578,0.6578,0,0,0,0.6578,0.6578,0,0,0,0.6578,0.0001,0.0001,0.0001,0.0001,0.0001,0.0001,0,0.0001,0,0.0001,0.0001,0,0,0,0.0001,0.0001,0,0,0,0.0001,0.1682,0.174,0.1682,0.174,
0.6224,1.2449,0,0.6224,0.6224,0,0.6224,0.6224,0.6224,0.6224,0,0.6224,0,0,0.6224,1.2449,0,0,1.2449,0,0.0001,0.0001,0,0.0001,0.0001,0,0.0001,0.0001,0.0001,0.0001,0,0.0001,0,0,0.0001,0.0001,0,0,0.0001,0,0.2054,0.1722,0.2054,0.1722,
0,1.2878,1.2878,1.2878,0.8585,0,1.2878,0.4293,0.8585,0.8585,0.8585,0,1.2878,1.2878,0,0.8585,0.8585,1.2878,0.4293,0.4293,0,0.0001,0.0001,0.0001,0,0,0.0001,0,0,0,0,0,0.0001,0.0001,0,0,0,0.0001,0,0,0.2904,0.2803,0.2904,0.2803,
1.563,0,1.1722,0.7815,1.1722,0.7815,0,0.7815,0.3907,1.1722,1.563,1.1722,1.1722,0,0.7815,0,1.1722,1.1722,2.3445,0.7815,0.0001,0,0.0001,0,0.0001,0,0,0,0,0.0001,0.0001,0.0001,0.0001,0,0,0,0.0001,0.0001,0.0001,0,0.3353,0.274,0.3353,0.274,
0,2.2195,0.8878,0.4439,0.4439,0,1.7756,0.4439,0.8878,0.4439,0.4439,0.8878,0.4439,1.3317,0.4439,0.4439,0.4439,1.3317,1.7756,0.4439,0,0.0001,0,0,0,0,0.0001,0,0,0,0,0,0,0.0001,0,0,0,0.0001,0.0001,0,0.3153,0.2408,0.3153,0.2408,
0,0,0.7616,0.7616,0,1.5232,0,0,0,0.7616,0,0,0.7616,0.7616,0.7616,0,1.5232,0,0,0.7616,0,0,0.0002,0.0002,0,0.0003,0,0,0,0.0002,0,0,0.0002,0.0002,0.0002,0,0.0003,0,0,0.0002,0.1179,0.1205,0.1179,0.1205,
2.6647,0.8882,0.4441,1.3324,0.4441,2.2206,0.4441,0.4441,0.4441,0.4441,0,0,1.3324,0,0,0.8882,1.3324,0.4441,1.3324,1.7765,0.0001,0,0,0.0001,0,0.0001,0,0,0,0,0,0,0.0001,0,0,0,0.0001,0,0.0001,0.0001,0.3257,0.2302,0.3257,0.2302,
0,1.3939,0,0,1.3939,0.6969,0.6969,1.3939,0.6969,0.6969,0,0,0.6969,0,0,1.3939,0.6969,0,0.6969,0.6969,0,0.0001,0,0,0.0001,0,0,0.0001,0,0,0,0,0,0,0,0.0001,0,0,0,0,0.1688,0.1343,0.1688,0.1343,
0.7506,0,0.7506,0,1.5011,0,0.7506,0.7506,0,0,0,0.7506,1.5011,0,0,0,0,0,0,1.5011,0.0001,0,0.0001,0,0.0002,0,0.0001,0.0001,0,0,0,0.0001,0.0002,0,0,0,0,0,0,0.0002,0.115,0.1344,0.115,0.1344,
1.5105,1.5105,0.5035,1.007,0.5035,0.5035,1.007,0,0,0.5035,0.5035,0.5035,0.5035,0.5035,0,2.5176,0.5035,2.5176,1.007,1.007,0.0001,0.0001,0,0,0,0,0,0,0,0,0,0,0,0,0,0.0001,0,0.0001,0,0,0.2451,0.2514,0.2451,0.2514,
1.8087,0,0,0,1.8087,1.2058,0,2.4116,0.6029,4.8231,0.6029,0.6029,0.6029,0,0.6029,0.6029,2.4116,0,0,0.6029,0.0001,0,0,0,0.0001,0.0001,0,0.0002,0,0.0003,0,0,0,0,0,0,0.0002,0,0,0,0.222,0.1751,0.222,0.1751,
0.6548,0,0.6548,0,1.9645,1.9645,0,0.6548,0,1.3096,0,0,1.3096,1.3096,0.6548,0.6548,0,1.3096,0,0,0.0001,0,0.0001,0,0.0002,0.0002,0,0.0001,0,0.0001,0,0,0.0001,0.0001,0.0001,0.0001,0,0.0001,0,0,0.1929,0.1523,0.1929,0.1523,
0.4041,0.4041,0.8081,0.8081,0.8081,0.8081,1.2122,0,0.4041,0.4041,1.2122,2.0204,1.2122,0.8081,0.8081,1.2122,1.2122,1.2122,1.2122,0.8081,0,0,0,0,0,0,0.0001,0,0,0,0.0001,0.0001,0.0001,0,0,0.0001,0.0001,0.0001,0.0001,0,0.2941,0.3018,0.2941,0.3018,
2.1664,0,1.0832,0,0,0,0,2.1664,1.6248,4.8745,0.5416,0.5416,0,0.5416,0,0,0,1.6248,0,0.5416,0.0002,0,0.0001,0,0,0,0,0.0002,0.0001,0.0004,0,0,0,0,0,0,0,0.0001,0,0,0.2329,0.2255,0.2329,0.2255,
1.816,0,0.6053,0,1.2107,1.2107,0,0,0,3.0267,1.2107,0,0,0,0.6053,2.4214,1.2107,3.0267,1.2107,0,0.0001,0,0,0,0.0001,0.0001,0,0,0,0.0002,0.0001,0,0,0,0,0.0002,0.0001,0.0002,0.0001,0,0.2439,0.1507,0.2439,0.1507,
2.9071,0,0.969,0.4845,1.938,0.4845,0,0.969,0.4845,3.3916,0.4845,0.4845,0.969,0,0.4845,0.969,2.9071,1.4535,0,0.4845,0.0002,0,0.0001,0,0.0001,0,0,0.0001,0,0.0002,0,0,0.0001,0,0,0.0001,0.0002,0.0001,0,0,0.2383,0.2772,0.2383,0.2772,
0,0.7711,0,0,0.3856,0.3856,1.5422,1.1567,1.9278,0,0.7711,1.5422,1.1567,0.3856,1.1567,0.3856,0.7711,1.1567,0,1.1567,0,0.0001,0,0,0,0,0.0001,0.0001,0.0001,0,0.0001,0.0001,0.0001,0,0.0001,0,0.0001,0.0001,0,0.0001,0.3007,0.3137,0.3007,0.3137,
2.031,1.2186,2.031,1.2186,0,0.4062,0.8124,0.8124,0.8124,1.2186,0.8124,0.4062,0,0,0,1.6248,1.6248,0.4062,0.8124,1.6248,0.0001,0.0001,0.0001,0.0001,0,0,0,0,0,0.0001,0,0,0,0,0,0.0001,0.0001,0,0,0.0001,0.3639,0.2299,0.3639,0.2299,
0.5749,0,0,0.5749,0,1.1498,0.5749,0.5749,0,1.1498,0,0.5749,0.5749,0.5749,1.1498,1.7247,0,0.5749,0,1.7247,0.0001,0,0,0.0001,0,0.0001,0.0001,0.0001,0,0.0001,0,0.0001,0.0001,0.0001,0.0001,0.0002,0,0.0001,0,0.0002,0.235,0.1901,0.235,0.1901,
0.9743,0.9743,0,0.3248,0.6495,2.2734,1.6239,0,1.9486,0.6495,0.9743,0.6495,0.3248,0.3248,1.6239,0,0,0.9743,0,1.2991,0.0001,0.0001,0,0,0,0.0001,0.0001,0,0.0001,0,0.0001,0,0,0,0.0001,0,0,0.0001,0,0.0001,0.3343,0.3409,0.3343,0.3409,
0.6371,0,0.6371,0,0,0.6371,0.6371,0,0,0,0,0,0,0,1.2743,0.6371,0.6371,0,0.6371,1.2743,0.0001,0,0.0001,0,0,0.0001,0.0001,0,0,0,0,0,0,0,0.0002,0.0001,0.0001,0,0.0001,0.0002,0.198,0.1649,0.198,0.1649,
0.4015,0.803,1.2045,0.803,1.2045,0,0.803,1.2045,0.4015,0.803,1.2045,0.4015,1.606,0.4015,0.4015,0.803,1.2045,0.4015,0.4015,1.2045,0,0,0.0001,0,0.0001,0,0,0.0001,0,0,0.0001,0,0.0001,0,0,0,0.0001,0,0,0.0001,0.3019,0.2966,0.3019,0.2966,
0,0,0.7495,0,0,0.7495,0,0,0,2.2486,0.7495,0.7495,0,0.7495,0.7495,1.4991,0.7495,0,0,0,0,0,0.0001,0,0,0.0001,0,0,0,0.0002,0.0001,0.0001,0,0.0001,0.0001,0.0002,0.0001,0,0,0,0.1265,0.124,0.1265,0.124,
1.2233,1.6311,0.4078,0,0,0,2.0389,2.4467,0.8156,0,0.4078,0.4078,1.2233,0.4078,1.6311,0.4078,0.8156,0.4078,0.8156,1.6311,0.0001,0.0001,0,0,0,0,0.0001,0.0001,0,0,0,0,0.0001,0,0.0001,0,0,0,0,0.0001,0.269,0.3232,0.269,0.3232,
1.2236,0,0,0.6118,1.2236,0.6118,0,1.8354,1.8354,2.4472,2.4472,0,0,1.2236,0.6118,1.2236,1.2236,1.2236,0,0.6118,0.0001,0,0,0.0001,0.0001,0.0001,0,0.0002,0.0002,0.0002,0.0002,0,0,0.0001,0.0001,0.0001,0.0001,0.0001,0,0.0001,0.2196,0.1686,0.2196,0.1686,
0.8448,0.4224,0.8448,1.6896,1.2672,0,1.6896,1.2672,0,1.6896,1.2672,0.4224,0.8448,0.4224,0.8448,0,0.8448,0.8448,0.4224,0.4224,0.0001,0,0.0001,0.0001,0.0001,0,0.0001,0.0001,0,0.0001,0.0001,0,0.0001,0,0.0001,0,0.0001,0.0001,0,0,0.2929,0.2847,0.2929,0.2847,
0.4445,0.889,1.3335,0,0.889,0.889,0.889,0.4445,0,1.3335,0,2.2225,0.4445,0.4445,1.778,0.889,0.889,0.889,0,0,0,0.0001,0.0001,0,0.0001,0.0001,0.0001,0,0,0.0001,0,0.0001,0,0,0.0001,0.0001,0.0001,0.0001,0,0,0.2594,0.2961,0.2594,0.2961,
2.3277,0,0,0,0.5819,4.6554,0,2.3277,0,2.3277,1.1639,0,0.5819,0,0.5819,2.3277,1.7458,2.3277,0.5819,1.1639,0.0001,0,0,0,0,0.0003,0,0.0001,0,0.0001,0.0001,0,0,0,0,0.0001,0.0001,0.0001,0,0.0001,0.1994,0.2187,0.1994,0.2187,
0.4725,0.9449,0.4725,0.9449,2.8348,0.9449,0.9449,0.9449,0.4725,0,0.4725,1.4174,1.4174,0.4725,0.4725,2.3623,0.4725,0,0.9449,1.4174,0,0,0,0,0.0001,0,0,0,0,0,0,0.0001,0.0001,0,0,0.0001,0,0,0,0.0001,0.2619,0.2656,0.2619,0.2656,
0.717,0.717,1.0755,1.0755,0.717,0.717,0.3585,0.3585,1.7926,0,0.717,1.0755,0.3585,0.717,1.4341,0.3585,0.3585,1.4341,1.0755,0.3585,0,0,0.0001,0.0001,0,0,0,0,0.0001,0,0,0.0001,0,0,0.0001,0,0,0.0001,0.0001,0,0.2939,0.3476,0.2939,0.3476,
0,0,2.2667,0.5667,0.5667,0,0,0,0,0.5667,0.5667,0.5667,0,0.5667,0.5667,0,0,0.5667,1.1333,1.1333,0,0,0.0002,0,0,0,0,0,0,0,0,0,0,0,0,0,0,0,0.0001,0.0001,0.2141,0.2193,0.2141,0.2193,
1.5536,1.1652,1.5536,0.3884,1.1652,0.3884,0.3884,1.1652,0.7768,1.942,0.7768,0.7768,0.3884,0.7768,0.3884,0.3884,1.1652,0.7768,1.1652,0.7768,0.0001,0,0.0001,0,0,0,0,0,0,0.0001,0,0,0,0,0,0,0,0,0,0,0.2704,0.3412,0.2704,0.3412,
0.7128,0.7128,0.7128,1.4255,1.7819,0.7128,0,0.3564,1.0692,0,0.3564,0,1.0692,0.7128,1.0692,0.3564,0.7128,1.4255,0.7128,0.7128,0,0,0,0.0001,0.0001,0,0,0,0.0001,0,0,0,0.0001,0,0.0001,0,0,0.0001,0,0,0.3599,0.2837,0.3599,0.2837,
0.6339,0,1.2677,0.6339,1.2677,0.3169,2.2185,0,1.5847,1.5847,0.6339,0.6339,0.3169,0.3169,0.3169,0.3169,0.9508,0,0.9508,0.3169,0,0,0.0001,0,0.0001,0,0.0001,0,0.0001,0.0001,0,0,0,0,0,0,0.0001,0,0.0001,0,0.3633,0.3198,0.3633,0.3198,
0,1.2766,0.3192,1.2766,0.6383,0.3192,0.9575,0.9575,2.8724,0.3192,0.6383,0.9575,0.3192,0.6383,1.5958,0.3192,2.2341,0,0,0.3192,0,0.0001,0,0.0001,0,0,0.0001,0.0001,0.0002,0,0,0.0001,0,0,0.0001,0,0.0001,0,0,0,0.3439,0.3369,0.3439,0.3369,
3.4202,0.4886,0,0,0.9772,3.9088,0,2.9316,1.4658,3.4202,0.9772,0,0,0,0.4886,0.9772,1.4658,1.4658,0,0.9772,0.0002,0,0,0,0,0.0002,0,0.0001,0.0001,0.0002,0,0,0,0,0,0,0.0001,0.0001,0,0,0.2616,0.2498,0.2616,0.2498,
2.0436,0,0.5109,0.5109,0.5109,3.0654,0.5109,4.0871,0,0,0.5109,1.5327,1.5327,0,0.5109,0.5109,2.0436,1.5327,0.5109,0.5109,0.0001,0,0,0,0,0.0002,0,0.0003,0,0,0,0.0001,0.0001,0,0,0,0.0001,0.0001,0,0,0.2598,0.2293,0.2598,0.2293,
0.4127,0.8253,0.4127,0.8253,0.8253,0.4127,0.4127,0.4127,1.238,1.6506,0.8253,2.0633,0.8253,0.4127,0.8253,0.8253,1.6506,1.6506,1.238,0.4127,0,0,0,0,0,0,0,0,0.0001,0.0001,0,0.0001,0,0,0,0,0.0001,0.0001,0.0001,0,0.2749,0.3124,0.2749,0.3124,
1.0018,0.5009,0,0.5009,2.0035,0.5009,1.5027,0.5009,0.5009,1.0018,1.5027,0,0.5009,0.5009,0,2.5044,0,1.0018,1.5027,2.0035,0.0001,0,0,0,0.0001,0,0.0001,0,0,0.0001,0.0001,0,0,0,0,0.0001,0,0.0001,0.0001,0.0001,0.2545,0.2446,0.2545,0.2446,
0.4631,0.9261,0,0.4631,0,0,0.4631,0.4631,0.9261,0.9261,0.9261,1.8522,0.4631,2.7783,1.8522,0.9261,0,0.9261,0,0.4631,0,0.0001,0,0,0,0,0,0,0.0001,0.0001,0.0001,0.0001,0,0.0002,0.0001,0.0001,0,0.0001,0,0,0.2431,0.2938,0.2431,0.2938,
0.7648,0,0.3824,0.3824,0.7648,0.3824,1.1472,0.7648,1.5295,1.1472,0,1.9119,0.7648,0.7648,1.1472,0.3824,0.3824,0,1.5295,0.7648,0.0001,0,0,0,0.0001,0,0.0001,0.0001,0.0001,0.0001,0,0.0001,0.0001,0.0001,0.0001,0,0,0,0.0001,0.0001,0.3359,0.2817,0.3359,0.2817,
1.6015,0,0,0,1.6015,0.8007,0,0,0,0.8007,0,0,0.8007,0.8007,0.8007,0,0,0.8007,0,0,0.0003,0,0,0,0.0003,0.0001,0,0,0,0.0001,0,0,0.0001,0.0001,0.0001,0,0,0.0001,0,0,0.1191,0.0802,0.1191,0.0802,
0,0,1.8073,1.2048,0.6024,1.8073,0,0,0,1.2048,0,1.2048,0,0.6024,0,0,0,0.6024,0,0.6024,0,0,0.0001,0.0001,0,0.0001,0,0,0,0.0001,0,0.0001,0,0,0,0,0,0,0,0,0.2204,0.1771,0.2204,0.1771,
0,0,0.9347,1.8694,0,0,0,1.2462,2.1809,1.8694,0.3116,0.6231,0,1.2462,0.9347,0.9347,0.9347,0,0.3116,0.9347,0,0,0.0001,0.0001,0,0,0,0.0001,0.0002,0.0001,0,0,0,0.0001,0.0001,0.0001,0.0001,0,0,0.0001,0.3372,0.3513,0.3372,0.3513,
0,1.2542,0,0.4181,0,0.8361,0.4181,1.2542,3.3446,0,0.8361,0.4181,1.2542,0.8361,1.6723,0.8361,0.4181,1.6723,0,0,0,0.0001,0,0,0,0.0001,0,0.0001,0.0002,0,0.0001,0,0.0001,0.0001,0.0001,0.0001,0,0.0001,0,0,0.3202,0.2617,0.3202,0.2617,
1.1164,1.1164,0,0.3721,0,0.7442,1.1164,0.3721,2.2327,1.1164,0.3721,1.4885,1.4885,0.7442,1.1164,1.1164,0.7442,0,1.1164,0.7442,0.0001,0.0001,0,0,0,0,0.0001,0,0.0001,0.0001,0,0.0001,0.0001,0,0.0001,0.0001,0,0,0.0001,0,0.3091,0.3188,0.3091,0.3188,
0.9927,0,0.6618,0.3309,0,0.6618,0.9927,0.3309,3.3091,0.6618,0.3309,0.3309,1.3236,0,1.6545,0.3309,1.6545,1.6545,0.3309,0.6618,0.0001,0,0.0001,0,0,0.0001,0.0001,0,0.0003,0.0001,0,0,0.0001,0,0.0001,0,0.0001,0.0001,0,0.0001,0.3375,0.3316,0.3375,0.3316,
1.4561,1.4561,0,0.9708,0.9708,1.4561,0,2.4269,0,0.4854,0.9708,0.9708,0,1.9415,1.4561,0.4854,0.4854,0.4854,0.4854,0.9708,0.0001,0.0001,0,0,0,0.0001,0,0.0001,0,0,0,0,0,0.0001,0.0001,0,0,0,0,0,0.2347,0.2799,0.2347,0.2799,
0.6587,0,0.6587,1.6467,0.3293,0.3293,0,0.988,1.9761,2.9641,0.3293,0.988,0.6587,0,1.9761,0.3293,0.3293,0,0.3293,0.3293,0,0,0,0.0001,0,0,0,0.0001,0.0001,0.0002,0,0.0001,0,0,0.0001,0,0,0,0,0,0.3892,0.2815,0.3892,0.2815,
0.5241,0,0.5241,0,1.0482,4.193,0,2.6206,0,3.1447,0.5241,0,0.5241,0,0.5241,2.0965,2.0965,1.5724,0.5241,1.0482,0,0,0,0,0.0001,0.0002,0,0.0001,0,0.0002,0,0,0,0,0,0.0001,0.0001,0.0001,0,0.0001,0.2229,0.253,0.2229,0.253,
0.8738,0.4369,1.7475,1.3106,0.8738,0.4369,1.7475,0,0.4369,0.8738,1.3106,0,0.8738,0.4369,1.3106,0.4369,0.8738,0.8738,0.4369,0.8738,0.0001,0,0.0001,0.0001,0.0001,0,0.0001,0,0,0.0001,0.0001,0,0.0001,0,0.0001,0,0.0001,0.0001,0,0.0001,0.2868,0.2763,0.2868,0.2763,
0.763,0.763,0,0.763,1.526,0.763,1.526,0.763,0.763,0.3815,0.763,0.763,1.1445,1.1445,1.1445,0,1.1445,1.9075,0.3815,0.763,0,0,0,0,0.0001,0,0.0001,0,0,0,0,0,0.0001,0.0001,0.0001,0,0.0001,0.0001,0,0,0.4001,0.2184,0.4001,0.2184,
1.2579,1.2579,0.8386,0,0.4193,0,0.8386,0.8386,1.2579,1.2579,0.4193,0.4193,0.8386,0.8386,0.8386,2.0966,0,1.2579,0.8386,0.8386,0.0001,0.0001,0,0,0,0,0,0,0.0001,0.0001,0,0,0,0,0,0.0001,0,0.0001,0,0,0.2549,0.3258,0.2549,0.3258,
1.631,0.8155,0.8155,0.4078,0,0.8155,1.2233,1.2233,0.8155,0.4078,1.2233,0.4078,0,0.4078,0.4078,0.4078,0.4078,0.8155,1.2233,1.631,0.0001,0,0,0,0,0,0.0001,0.0001,0,0,0.0001,0,0,0,0,0,0,0,0.0001,0.0001,0.3046,0.2877,0.3046,0.2877,
1.0869,1.4492,0.7246,0,0.7246,0.3623,1.8115,0.7246,1.0869,1.4492,1.0869,0.7246,1.0869,0,1.8115,1.0869,1.0869,1.4492,0,0.3623,0.0001,0.0001,0,0,0,0,0.0001,0,0.0001,0.0001,0.0001,0,0.0001,0,0.0001,0.0001,0.0001,0.0001,0,0,0.339,0.2987,0.339,0.2987,
0.9379,1.4068,0.4689,0,2.3447,0.9379,0,2.3447,1.4068,1.8758,0.9379,1.4068,0.4689,1.4068,0.4689,0.4689,0,3.7516,1.4068,0,0,0.0001,0,0,0.0001,0,0,0.0001,0.0001,0.0001,0,0.0001,0,0.0001,0,0,0,0.0001,0.0001,0,0.2676,0.2635,0.2676,0.2635,
0.8643,1.2965,0.4322,1.2965,2.1608,0.8643,0.4322,1.2965,0.4322,3.0251,0.8643,0,0.4322,1.2965,0.4322,1.7286,0.8643,0.8643,0.8643,1.2965,0,0.0001,0,0.0001,0.0001,0,0,0.0001,0,0.0001,0,0,0,0.0001,0,0.0001,0,0,0,0.0001,0.2635,0.3044,0.2635,0.3044,
0.3634,0.3634,1.4537,1.0903,0,1.0903,0.7268,1.0903,0.7268,0.7268,1.4537,0.3634,0.7268,0.7268,1.0903,0.7268,0.7268,1.4537,1.0903,0,0,0,0.0001,0.0001,0,0.0001,0,0.0001,0,0,0.0001,0,0,0,0.0001,0,0,0.0001,0.0001,0,0.3422,0.2944,0.3422,0.2944,
1.7639,0.7056,0,1.0584,0.7056,1.4111,1.4111,0.7056,0.3528,0,0,0,0.7056,0.3528,0.7056,0.7056,0.7056,0,1.7639,0.3528,0.0001,0,0,0.0001,0,0.0001,0.0001,0,0,0,0,0,0,0,0,0,0,0,0.0001,0,0.3204,0.3268,0.3204,0.3268,
0.4929,0,0.9858,0.9858,2.4645,0.9858,0,0.9858,1.4787,2.4645,0.4929,0.4929,0.9858,0,0.9858,0.4929,1.4787,2.4645,0,0.4929,0,0,0.0001,0.0001,0.0002,0.0001,0,0.0001,0.0001,0.0002,0,0,0.0001,0,0.0001,0,0.0001,0.0002,0,0,0.2686,0.2385,0.2686,0.2385,
1.7234,0,0,0,0,0.8617,0,0,0.8617,1.7234,0,0.8617,0.8617,0,0,0,0.8617,0.8617,0,0,0.0003,0,0,0,0,0.0001,0,0,0.0001,0.0003,0,0.0001,0.0001,0,0,0,0.0001,0.0001,0,0,0.0578,0.0805,0.0578,0.0805,
1.5293,0.3823,1.5293,0,0.3823,1.5293,0.7646,1.5293,1.9116,2.2939,0.7646,0.7646,1.1469,0.3823,0.3823,0,0.3823,0.3823,0,0.7646,0.0001,0,0.0001,0,0,0.0001,0,0.0001,0.0001,0.0001,0,0,0.0001,0,0,0,0,0,0,0,0.286,0.3317,0.286,0.3317,
1.4501,0,1.4501,0,0.7251,0,0.7251,0,0,0,0,0,0.7251,0,0,0.7251,0,0,1.4501,0,0.0002,0,0.0002,0,0.0001,0,0.0001,0,0,0,0,0,0.0001,0,0,0.0001,0,0,0.0002,0,0.1257,0.1492,0.1257,0.1492,
1.3516,0,0.4505,0.9011,0.9011,0.4505,0.4505,0.9011,0.4505,0.4505,1.3516,1.3516,0.4505,0.9011,0.4505,1.3516,2.2527,1.8022,1.3516,0.4505,0.0001,0,0,0.0001,0.0001,0,0,0.0001,0,0,0.0001,0.0001,0,0.0001,0,0.0001,0.0001,0.0001,0.0001,0,0.3067,0.2427,0.3067,0.2427,
0.3762,1.1287,1.1287,0.7525,0.7525,0.3762,0.7525,1.1287,1.5049,0.7525,0.3762,0.3762,1.1287,0.7525,0.3762,0.7525,0.3762,0.7525,0.7525,1.1287,0,0.0001,0.0001,0,0,0,0,0.0001,0.0001,0,0,0,0.0001,0,0,0,0,0,0,0.0001,0.3054,0.3183,0.3054,0.3183,
1.6283,0.8142,1.2212,0.8142,0.4071,1.2212,0.8142,0.8142,1.6283,0.8142,0.8142,0.4071,0.4071,1.2212,0,1.2212,0.4071,0.8142,1.2212,0.4071,0.0001,0,0.0001,0,0,0.0001,0,0,0.0001,0,0,0,0,0.0001,0,0.0001,0,0,0.0001,0,0.2921,0.3008,0.2921,0.3008,
0.6179,1.2358,0.6179,0.6179,0.6179,0,0.6179,1.2358,1.2358,0,0,0.6179,0,0.6179,0,0,0,0.6179,0.6179,0.6179,0,0.0001,0,0,0,0,0,0.0001,0.0001,0,0,0,0,0,0,0,0,0,0,0,0.1767,0.2054,0.1767,0.2054,
0.4809,0,0.4809,0,0.9619,0.4809,0.9619,0.4809,1.4428,1.4428,0,0.4809,0.4809,0.9619,0.4809,1.4428,1.9237,1.9237,0,0.4809,0,0,0,0,0.0001,0,0.0001,0,0.0001,0.0001,0,0,0,0.0001,0,0.0001,0.0002,0.0002,0,0,0.2346,0.2845,0.2346,0.2845,
0.6632,0,0,1.3263,0,0.6632,0,0,0.6632,0,0,0,1.3263,0.6632,1.3263,0,0,1.3263,0.6632,0.6632,0.0001,0,0,0.0002,0,0.0001,0,0,0.0001,0,0,0,0.0002,0.0001,0.0002,0,0,0.0002,0.0001,0.0001,0.1736,0.1633,0.1736,0.1633,
1.2469,0,0.6234,0,1.2469,1.2469,0,1.2469,1.2469,0,0.6234,0.6234,0.6234,0,0.6234,1.8703,1.2469,2.4937,0,0.6234,0.0001,0,0,0,0.0001,0.0001,0,0.0001,0.0001,0,0,0,0,0,0,0.0001,0.0001,0.0002,0,0,0.1705,0.2061,0.1705,0.2061,
1.6505,0,0,0,0.8252,1.6505,0,0,0,0,0.8252,0,0.8252,0,0.8252,0.8252,0.8252,0.8252,0,0,0.0002,0,0,0,0.0001,0.0002,0,0,0,0,0.0001,0,0.0001,0,0.0001,0.0001,0.0001,0.0001,0,0,0.1008,0.0739,0.1008,0.0739,
0,1.8,0.45,0.9,1.35,0.9,1.35,0.45,0.45,1.35,2.7,0.45,0.9,0.9,0,1.35,0.9,2.7,0.45,0,0,0.0001,0,0,0.0001,0,0.0001,0,0,0.0001,0.0001,0,0,0,0,0.0001,0,0.0001,0,0,0.2889,0.2611,0.2889,0.2611,
0.9878,2.9634,0,1.4817,0.9878,1.4817,0,0.4939,0.9878,0.9878,0.4939,0.4939,0.4939,0.4939,0.4939,0.4939,1.9756,0,0,0.4939,0,0.0001,0,0.0001,0,0.0001,0,0,0,0,0,0,0,0,0,0,0.0001,0,0,0,0.2427,0.2634,0.2427,0.2634,
0.793,0,0,0,0,1.5859,0,0.793,0,0,0,0,0,0,0,0,1.5859,1.5859,1.5859,0,0.0001,0,0,0,0,0.0002,0,0.0001,0,0,0,0,0,0,0,0,0.0002,0.0002,0.0002,0,0.0983,0.1088,0.0983,0.1088,
0,0,0,0,0.7859,0.7859,0,0,0.7859,2.3577,0.7859,0,0,0,0,0,0.7859,1.5718,0,0.7859,0,0,0,0,0.0001,0.0001,0,0,0.0001,0.0004,0.0001,0,0,0,0,0,0.0001,0.0003,0,0.0001,0.1098,0.1043,0.1098,0.1043,
1.7534,1.7534,0,0.4383,0.8767,0.8767,1.315,1.315,0.4383,0.4383,0.4383,0.8767,1.315,0.4383,0.4383,0.8767,1.7534,1.7534,0.8767,1.315,0.0001,0.0001,0,0,0,0,0.0001,0.0001,0,0,0,0,0.0001,0,0,0,0.0001,0.0001,0,0.0001,0.2905,0.2712,0.2905,0.2712,
1.7173,1.1449,0.5724,0.5724,1.1449,2.2897,0,0,0.5724,0.5724,0,0.5724,0.5724,0,1.1449,0,1.7173,0,0,0.5724,0.0001,0.0001,0,0,0.0001,0.0001,0,0,0,0,0,0,0,0,0.0001,0,0.0001,0,0,0,0.2552,0.1723,0.2552,0.1723,
0.627,0,0.627,0.9405,0,0.627,0,0,3.1351,0.9405,0.9405,1.254,0.627,0.3135,2.1946,0.9405,0.9405,0.9405,0.627,0,0.0001,0,0.0001,0.0001,0,0.0001,0,0,0.0003,0.0001,0.0001,0.0001,0.0001,0,0.0002,0.0001,0.0001,0.0001,0.0001,0,0.3449,0.3416,0.3449,0.3416,
1.9473,0.6491,0,0.6491,0.6491,0,0,0.6491,0.6491,0,0.6491,0,1.2982,0.6491,0,0,1.2982,0.6491,1.2982,0.6491,0.0001,0,0,0,0,0,0,0,0,0,0,0,0.0001,0,0,0,0.0001,0,0.0001,0,0.1729,0.178,0.1729,0.178,
0,1.6013,0.8006,1.6013,0,0,0,0,0,0,0.8006,0.8006,0.8006,0,0,0,0.8006,0,0,0.8006,0,0.0002,0.0001,0.0002,0,0,0,0,0,0,0.0001,0.0001,0.0001,0,0,0,0.0001,0,0,0.0001,0.0829,0.1165,0.0829,0.1165,
1.6232,0.5411,0,0.5411,1.6232,0.5411,0.5411,1.6232,1.0821,1.6232,0.5411,0,0,0,0,3.2463,0.5411,1.6232,0.5411,1.0821,0.0001,0,0,0,0.0001,0,0,0.0001,0.0001,0.0001,0,0,0,0,0,0.0002,0,0.0001,0,0.0001,0.2258,0.2332,0.2258,0.2332,
2.0747,0,0,0,0.6916,1.3831,0.3458,0.3458,1.0373,1.0373,0.6916,0.6916,0.3458,0.3458,4.1493,1.3831,1.0373,0,0,0,0.0002,0,0,0,0.0001,0.0001,0,0,0.0001,0.0001,0.0001,0.0001,0,0,0.0003,0.0001,0.0001,0,0,0,0.3918,0.2624,0.3918,0.2624,
0.4,0.4,0.7999,1.1999,0.7999,0,0.4,1.9998,1.9998,0.7999,0.7999,0.7999,1.5998,0.7999,0.7999,0.4,0.4,1.1999,0.7999,1.1999,0,0,0,0.0001,0,0,0,0.0001,0.0001,0,0,0,0.0001,0,0,0,0,0.0001,0,0.0001,0.2845,0.3156,0.2845,0.3156,
0,0,1.4947,0,0,2.9893,0,0.7473,0,0,0,0,0.7473,0,0,0,0,0.7473,0,0.7473,0,0,0.0002,0,0,0.0004,0,0.0001,0,0,0,0,0.0001,0,0,0,0,0.0001,0,0.0001,0.1359,0.1168,0.1359,0.1168,
0,0.5176,0,1.0353,0.5176,1.5529,1.0353,1.0353,0.5176,0.5176,0.5176,0,1.0353,0.5176,0.5176,0,0.5176,0.5176,0.5176,1.0353,0,0,0,0.0001,0,0.0001,0.0001,0.0001,0,0,0,0,0.0001,0,0,0,0,0,0,0.0001,0.2353,0.2471,0.2353,0.2471,
1.616,0.808,0,0,0,0.808,0.808,0,0,0.808,0.808,0,1.616,0,0.808,1.616,0.808,0,0,0,0.0001,0.0001,0,0,0,0.0001,0.0001,0,0,0.0001,0.0001,0,0.0001,0,0.0001,0.0001,0.0001,0,0,0,0.1149,0.0771,0.1149,0.0771,
0.7251,0,0,0,0,0,1.4503,0,0,0,0.7251,0,0.7251,0,0.7251,0,0.7251,0.7251,0.7251,0.7251,0.0002,0,0,0,0,0,0.0004,0,0,0,0.0002,0,0.0002,0,0.0002,0,0.0002,0.0002,0.0002,0.0002,0.1424,0.1325,0.1424,0.1325,
0.4428,1.7712,0,1.3284,0.4428,0,1.3284,0.8856,0.4428,0.8856,0.8856,1.7712,0.8856,0,1.3284,0.8856,0.4428,0.4428,0.4428,0.8856,0,0.0001,0,0.0001,0,0,0.0001,0,0,0,0,0.0001,0,0,0.0001,0,0,0,0,0,0.3026,0.2546,0.3026,0.2546,
0,0.8783,0.4392,0.8783,1.7567,0.4392,1.7567,0.8783,1.3175,1.3175,0,0.8783,0.8783,2.1959,0,1.7567,0.4392,0,0.4392,0,0,0.0001,0,0.0001,0.0001,0,0.0001,0.0001,0.0001,0.0001,0,0.0001,0.0001,0.0001,0,0.0001,0,0,0,0,0.2805,0.2803,0.2805,0.2803,
0.7658,0.7658,0.7658,1.9144,1.1486,1.1486,1.5315,0.3829,0,0,1.5315,0.7658,1.5315,0.7658,0,1.1486,0.7658,1.5315,0.7658,1.1486,0,0,0,0.0001,0.0001,0.0001,0.0001,0,0,0,0.0001,0,0.0001,0,0,0.0001,0,0.0001,0,0.0001,0.299,0.3181,0.299,0.3181,
1.1745,0.5872,0,0.5872,1.7617,0.5872,0,2.9362,0,2.9362,0.5872,0,0,0,1.7617,0.5872,0.5872,0.5872,0,1.1745,0.0001,0,0,0,0.0001,0,0,0.0002,0,0.0002,0,0,0,0,0.0001,0,0,0,0,0.0001,0.2415,0.1713,0.2415,0.1713,
1.5503,0.5168,0.5168,0,1.0335,0,0.5168,0.5168,1.0335,0,0.5168,1.0335,0.5168,0,1.5503,0,0,1.0335,0,0,0.0001,0,0,0,0.0001,0,0,0,0.0001,0,0,0.0001,0,0,0.0001,0,0,0.0001,0,0,0.2055,0.2777,0.2055,0.2777,
0.7834,0,1.5668,0.3917,0.3917,0.3917,0.3917,0.3917,1.1751,1.1751,0.3917,1.1751,0,0.3917,1.5668,1.9585,0.7834,0.7834,0,1.1751,0.0001,0,0.0001,0,0,0,0,0,0.0001,0.0001,0,0.0001,0,0,0.0001,0.0001,0.0001,0.0001,0,0.0001,0.2825,0.3258,0.2825,0.3258,
2.3241,1.1621,0.581,0.581,0.581,1.1621,1.1621,1.7431,0,0,0,1.1621,0.581,0,0,0,1.7431,0,1.1621,0,0.0001,0.0001,0,0,0,0.0001,0.0001,0.0001,0,0,0,0.0001,0,0,0,0,0.0001,0,0.0001,0,0.2159,0.2031,0.2159,0.2031,
1.2296,0,1.2296,1.8445,1.2296,0,0,1.2296,0,0.6148,0,0,1.2296,0,0,0.6148,3.0741,0,0,0,0.0001,0,0.0001,0.0002,0.0001,0,0,0.0001,0,0.0001,0,0,0.0001,0,0,0.0001,0.0003,0,0,0,0.1707,0.2145,0.1707,0.2145,
0.3608,0.3608,1.0825,1.0825,0.7216,0.3608,1.0825,1.4433,0.7216,0.7216,0.3608,1.4433,0.3608,0.3608,1.0825,0.7216,0.3608,1.0825,1.0825,1.0825,0,0,0.0001,0.0001,0,0,0.0001,0.0001,0,0,0,0.0001,0,0,0.0001,0,0,0.0001,0.0001,0.0001,0.3178,0.3214,0.3178,0.3214,
0.9216,1.3824,0.4608,1.3824,1.3824,0.4608,0.9216,1.8432,0.9216,0.4608,3.2257,0.4608,2.3041,0.4608,0,1.8432,0.4608,0,0.4608,0.4608,0,0.0001,0,0.0001,0.0001,0,0,0.0001,0,0,0.0001,0,0.0001,0,0,0.0001,0,0,0,0,0.2507,0.2885,0.2507,0.2885,
2.2603,0,0.7534,0,0.7534,0,0,0,1.5069,0,0,0,0.7534,0,0,0,0,1.5069,0,0,0.0004,0,0.0001,0,0.0001,0,0,0,0.0003,0,0,0,0.0001,0,0,0,0,0.0003,0,0,0.1129,0.1336,0.1129,0.1336,
0.3548,0,0.7095,1.4191,0.3548,1.4191,1.0643,0.7095,3.1929,0.3548,1.0643,0.3548,1.4191,0.7095,0.7095,1.0643,1.0643,0.3548,0,0.3548,0,0,0.0001,0.0001,0,0.0001,0.0001,0.0001,0.0003,0,0.0001,0,0.0001,0.0001,0.0001,0.0001,0.0001,0,0,0,0.3326,0.3126,0.3326,0.3126,
0,0.9418,0.9418,1.8837,1.4128,0.9418,0.4709,1.4128,0.4709,0,0.4709,0.4709,0,0,0.4709,0,0.9418,0.4709,0.9418,1.4128,0,0.0001,0.0001,0.0001,0.0001,0.0001,0,0.0001,0,0,0,0,0,0,0,0,0.0001,0,0.0001,0.0001,0.3385,0.1906,0.3385,0.1906,
0.3251,1.3005,0.6502,0.9754,0,0,1.3005,0.3251,3.5763,1.3005,0.3251,1.3005,0.3251,0,1.3005,0,1.6256,0.6502,0,0.6502,0,0.0001,0,0.0001,0,0,0.0001,0,0.0002,0.0001,0,0.0001,0,0,0.0001,0,0.0001,0,0,0,0.3833,0.2916,0.3833,0.2916,
0.4966,0.4966,0.4966,1.4897,1.9863,0.4966,0.9931,0,0.4966,0.4966,0.9931,1.4897,0.4966,0,0.4966,0.9931,0.9931,0.4966,0.9931,0,0,0,0,0.0001,0.0001,0,0.0001,0,0,0,0.0001,0.0001,0,0,0,0.0001,0.0001,0,0.0001,0,0.2725,0.231,0.2725,0.231,
1.0653,1.4203,0,1.0653,0,0.7102,0.7102,0.7102,2.4856,1.0653,0.3551,1.7754,1.0653,0.3551,1.0653,0.3551,1.4203,0.3551,0,0.7102,0.0001,0.0001,0,0.0001,0,0,0,0,0.0001,0.0001,0,0.0001,0.0001,0,0.0001,0,0.0001,0,0,0,0.3235,0.3214,0.3235,0.3214,
1.0389,0.6926,1.0389,1.0389,1.0389,0.6926,1.3852,0,0.3463,1.7315,1.0389,0,1.0389,0.3463,1.0389,0,1.0389,1.0389,0.6926,0.6926,0.0001,0,0.0001,0.0001,0.0001,0,0.0001,0,0,0.0001,0.0001,0,0.0001,0,0.0001,0,0.0001,0.0001,0,0,0.3093,0.3444,0.3093,0.3444,
0.4292,0.8584,0,1.7167,0.4292,0.4292,0.4292,0.4292,0.8584,1.2876,0.4292,0.8584,1.2876,0.8584,1.2876,0,0,0.4292,0.4292,0.8584,0,0.0001,0,0.0001,0,0,0,0,0.0001,0.0001,0,0.0001,0.0001,0.0001,0.0001,0,0,0,0,0.0001,0.284,0.2868,0.284,0.2868,
1.6698,0.334,0,0,0.6679,1.3358,0.334,0,1.6698,1.0019,0.6679,0,0.6679,0.334,3.6735,0.334,1.3358,0.6679,0,0,0.0001,0,0,0,0.0001,0.0001,0,0,0.0001,0.0001,0.0001,0,0.0001,0,0.0003,0,0.0001,0.0001,0,0,0.3531,0.313,0.3531,0.313,
2.8501,0,0.475,0.95,3.3252,0.475,0,0.475,0.95,4.2752,0.475,0.475,1.9001,0.475,0,0,1.4251,2.3751,0.475,0.475,0.0002,0,0,0.0001,0.0002,0,0,0,0.0001,0.0003,0,0,0.0001,0,0,0,0.0001,0.0001,0,0,0.2717,0.2533,0.2717,0.2533,
1.0085,1.0085,0,0.5042,1.5127,0.5042,2.017,1.0085,0.5042,1.5127,0.5042,2.017,1.0085,1.5127,0,0.5042,1.0085,0.5042,0.5042,1.0085,0.0001,0.0001,0,0,0.0001,0,0.0001,0.0001,0,0.0001,0,0.0001,0.0001,0.0001,0,0,0.0001,0,0,0.0001,0.2244,0.2713,0.2244,0.2713,
2.2896,1.3084,0,0.9813,0.3271,0.3271,0.3271,0.6542,2.2896,0.9813,0.6542,1.6355,0.6542,0,1.9625,0,0.6542,0.3271,0,0.3271,0.0001,0.0001,0,0,0,0,0,0,0.0001,0,0,0.0001,0,0,0.0001,0,0,0,0,0,0.3707,0.3023,0.3707,0.3023,
0,0,0,0.3677,0,0,0.3677,0.3677,1.103,2.9412,1.103,0,0.7353,3.3089,2.9412,0,1.103,0.3677,0.3677,0,0,0,0,0,0,0,0,0,0.0001,0.0003,0.0001,0,0.0001,0.0003,0.0003,0,0.0001,0,0,0,0.2664,0.366,0.2664,0.366,
1.3349,0,0,0,0.6675,0,1.3349,0.6675,0.6675,0.6675,0.6675,0.6675,0,0,0,0.6675,2.0024,0,0.6675,1.3349,0.0001,0,0,0,0.0001,0,0.0001,0.0001,0.0001,0.0001,0.0001,0.0001,0,0,0,0.0001,0.0002,0,0.0001,0.0001,0.2433,0.0892,0.2433,0.0892,
0.7076,0.3538,0.7076,0,0.3538,1.0614,0,1.0614,2.8305,0.3538,0.3538,0.7076,0.3538,0.3538,2.4767,0.7076,0,1.7691,0,0.7076,0,0,0,0,0,0.0001,0,0.0001,0.0002,0,0,0,0,0,0.0002,0,0,0.0001,0,0,0.3588,0.2874,0.3588,0.2874,
0.4014,1.2042,0,0.4014,0,1.2042,0.4014,2.4083,1.6055,0.4014,0.4014,0.4014,0.4014,0.8028,3.2111,0.8028,0,0.8028,0,0,0,0.0001,0,0,0,0.0001,0,0.0002,0.0001,0,0,0,0,0.0001,0.0002,0.0001,0,0.0001,0,0,0.2986,0.3,0.2986,0.3,
0.4468,1.3405,0.4468,0.4468,0.8937,0.8937,1.3405,0.8937,1.3405,0.8937,0,0.4468,1.7873,0.4468,0.8937,0.4468,0.8937,0.8937,0.4468,0.8937,0,0.0001,0,0,0,0,0.0001,0,0.0001,0,0,0,0.0001,0,0,0,0,0,0,0,0.2927,0.2605,0.2927,0.2605,
0.4122,1.6488,0.8244,0.4122,2.8854,0.4122,1.2366,0.4122,0,0.4122,1.6488,0.8244,0,0.8244,0.8244,0.4122,0.4122,1.2366,1.6488,0.4122,0,0.0001,0,0,0.0001,0,0.0001,0,0,0,0.0001,0,0,0,0,0,0,0.0001,0.0001,0,0.3039,0.2839,0.3039,0.2839,
1.6449,0,0,0,0.658,0.9869,0.329,0.329,2.3029,0.658,0.658,0.658,0.329,0.329,3.2898,0.329,1.3159,0.658,0,0,0.0001,0,0,0,0.0001,0.0001,0,0,0.0002,0.0001,0.0001,0.0001,0,0,0.0003,0,0.0001,0.0001,0,0,0.3623,0.3087,0.3623,0.3087,
1.2785,0.4262,1.2785,0.4262,1.2785,1.2785,0.4262,0.8523,1.2785,0.8523,0.8523,0,0.8523,0.8523,0.4262,0,0.4262,1.2785,1.7047,0,0.0001,0,0.0001,0,0.0001,0.0001,0,0.0001,0.0001,0.0001,0.0001,0,0.0001,0.0001,0,0,0,0.0001,0.0001,0,0.265,0.3089,0.265,0.3089,
1.6315,2.0393,1.2236,0.8157,0,0.4079,0.4079,0.4079,0.4079,0,0.8157,1.2236,0,1.6315,1.6315,0.4079,0,0.4079,0.8157,0.8157,0.0001,0.0001,0.0001,0,0,0,0,0,0,0,0,0.0001,0,0.0001,0.0001,0,0,0,0,0,0.3415,0.2506,0.3415,0.2506,
0.7762,1.1643,0.3881,0.3881,0.3881,1.1643,0.3881,1.9405,1.9405,0.3881,0.7762,1.5524,1.9405,0.7762,0.7762,0.3881,1.1643,1.1643,1.1643,0.7762,0,0.0001,0,0,0,0.0001,0,0.0001,0.0001,0,0,0.0001,0.0001,0,0,0,0.0001,0.0001,0.0001,0,0.307,0.3049,0.307,0.3049,
0,0,0.4387,1.316,2.632,0,0.4387,0,0,0.8773,1.7547,1.316,1.7547,0.4387,0.4387,2.1934,1.316,1.7547,0.4387,0,0,0,0,0.0001,0.0001,0,0,0,0,0,0.0001,0.0001,0.0001,0,0,0.0001,0.0001,0.0001,0,0,0.2743,0.2871,0.2743,0.2871,
0.4315,0.863,0,0.863,0.4315,1.2946,0.4315,0.863,0.863,2.1576,0.4315,1.7261,0.4315,1.7261,1.2946,0,1.7261,1.7261,0.863,0,0,0.0001,0,0.0001,0,0.0001,0,0.0001,0.0001,0.0001,0,0.0001,0,0.0001,0.0001,0,0.0001,0.0001,0.0001,0,0.3139,0.2546,0.3139,0.2546,
0.7377,0.7377,0.3689,0,0.3689,0.7377,0.3689,0.7377,2.951,0.7377,0.3689,0.7377,0.7377,0.7377,2.951,1.1066,0.3689,1.8444,0,0.3689,0,0,0,0,0,0,0,0,0.0002,0,0,0,0,0,0.0002,0.0001,0,0.0001,0,0,0.3435,0.2876,0.3435,0.2876,
1.8395,0,0.9198,1.3797,1.3797,1.8395,0.4599,0.9198,0.4599,2.2994,0.4599,0,0.9198,0.9198,0.4599,1.8395,1.8395,0.9198,0,0.9198,0.0001,0,0.0001,0.0001,0.0001,0.0001,0,0.0001,0,0.0001,0,0,0.0001,0.0001,0,0.0001,0.0001,0.0001,0,0.0001,0.2783,0.2618,0.2783,0.2618,
0.3915,0,2.7403,0.7829,0,0,0,0.3915,2.7403,2.3488,0.7829,2.7403,0,0,0,1.1744,0.7829,0.3915,0,1.1744,0,0,0.0002,0,0,0,0,0,0.0002,0.0001,0,0.0002,0,0,0,0.0001,0,0,0,0.0001,0.2904,0.3181,0.2904,0.3181,
1.3281,0,0.4427,0,0.4427,0.4427,0.8854,1.7708,0.8854,0,0.4427,0,1.7708,0.8854,1.3281,0.8854,0.8854,0,1.7708,0,0.0001,0,0,0,0,0,0.0001,0.0001,0.0001,0,0,0,0.0001,0.0001,0.0001,0.0001,0.0001,0,0.0001,0,0.2573,0.3,0.2573,0.3,
1.0143,0,0,0.3381,0.3381,1.3524,0.3381,0,2.0286,1.0143,0.6762,0,0.3381,0.3381,3.719,1.3524,0.6762,1.0143,0,0.3381,0.0001,0,0,0,0,0.0001,0,0,0.0002,0.0001,0.0001,0,0,0,0.0003,0.0001,0.0001,0.0001,0,0,0.3222,0.3397,0.3222,0.3397,
0,0.7983,0,0.7983,0.3991,1.1974,1.1974,0.3991,1.9957,0.7983,1.5965,0.3991,0.3991,0.3991,0.7983,0.7983,0,1.1974,0,1.5965,0,0.0001,0,0.0001,0,0.0001,0.0001,0,0.0001,0.0001,0.0001,0,0,0,0.0001,0.0001,0,0.0001,0,0.0001,0.3101,0.2908,0.3101,0.2908,
1.0078,1.0078,0,0,0,1.0078,0,1.5117,1.5117,1.5117,1.5117,1.0078,1.5117,0,0.5039,0.5039,2.5195,0.5039,2.0156,0,0.0001,0.0001,0,0,0,0.0001,0,0.0001,0.0001,0.0001,0.0001,0.0001,0.0001,0,0,0,0.0001,0,0.0001,0,0.2362,0.2599,0.2362,0.2599,
0.3712,1.4848,1.856,0.7424,0.7424,0.7424,0,0.7424,0.7424,0.3712,0.3712,1.1136,1.1136,1.1136,0.3712,0.7424,1.4848,1.1136,1.4848,1.4848,0,0.0001,0.0001,0,0,0,0,0,0,0,0,0,0,0,0,0,0.0001,0,0.0001,0.0001,0.3417,0.2871,0.3417,0.2871,
0,0,0,0,0,1.6692,0,0.8346,0,0.8346,0.8346,0,1.6692,0,0.8346,1.6692,0,0.8346,0,0,0,0,0,0,0,0.0003,0,0.0001,0,0.0001,0.0001,0,0.0003,0,0.0001,0.0003,0,0.0001,0,0,0.0986,0.0668,0.0986,0.0668,
1.5067,0.7533,0.7533,1.8833,0.3767,1.5067,0.3767,0,0.3767,0.7533,1.13,1.8833,0.3767,0.3767,0.7533,0.7533,1.13,0.3767,0.3767,1.13,0.0001,0,0,0.0001,0,0.0001,0,0,0,0,0.0001,0.0001,0,0,0,0,0.0001,0,0,0.0001,0.2848,0.3385,0.2848,0.3385,
0,2.1666,1.4444,0.3611,0.7222,2.5277,0.3611,1.4444,0.3611,0.7222,0.3611,1.0833,1.0833,0,0.3611,1.0833,0,0.3611,1.0833,2.1666,0,0.0001,0,0,0,0.0001,0,0,0,0,0,0,0,0,0,0,0,0,0,0.0001,0.3224,0.3165,0.3224,0.3165,
0.8316,1.2474,0.4158,0.4158,0.8316,0.4158,1.2474,0,0.8316,0.4158,0.8316,1.2474,0.8316,0.4158,0,2.4948,0.4158,0,1.2474,2.079,0,0.0001,0,0,0,0,0.0001,0,0,0,0,0.0001,0,0,0,0.0001,0,0,0.0001,0.0001,0.3264,0.2578,0.3264,0.2578,
1.9926,0,0.9963,0.9963,1.6605,0.6642,1.3284,0.6642,0.9963,0.6642,0,0.9963,0,1.3284,0.6642,0.6642,0.6642,0.9963,0.3321,0.6642,0.0001,0,0.0001,0.0001,0.0001,0,0.0001,0,0.0001,0,0,0.0001,0,0.0001,0,0,0,0.0001,0,0,0.3604,0.3075,0.3604,0.3075,
0.9619,0,0.481,0.481,0.481,2.4049,0.481,1.9239,0.9619,1.9239,1.4429,0.9619,0,0.481,0,0.9619,0.481,3.8478,0.481,0.481,0.0001,0,0,0,0,0.0001,0,0.0001,0.0001,0.0001,0.0001,0.0001,0,0,0,0.0001,0,0.0002,0,0,0.2664,0.2526,0.2664,0.2526,
1.7336,0,0,1.7336,0.3467,0.6934,0.3467,0.6934,3.1205,1.7336,0.6934,0.6934,0.3467,1.3869,0.3467,0.6934,0,0.6934,0,0.6934,0.0001,0,0,0.0001,0,0.0001,0,0.0001,0.0002,0.0001,0.0001,0.0001,0,0.0001,0,0.0001,0,0.0001,0,0.0001,0.3084,0.3449,0.3084,0.3449,
0,1.7108,0,0,1.7108,0.4277,0,0.8554,1.7108,0.4277,0.4277,0.4277,0.8554,0,1.2831,1.7108,0.4277,0.4277,1.2831,0.8554,0,0.0001,0,0,0.0001,0,0,0,0.0001,0,0,0,0,0,0.0001,0.0001,0,0,0.0001,0,0.2788,0.2935,0.2788,0.2935,
0.7593,1.1389,0,1.1389,1.1389,1.1389,1.1389,0.3796,0.7593,1.5185,1.5185,0.7593,0,0.7593,0.7593,0,1.8982,1.1389,0.3796,0.3796,0,0.0001,0,0.0001,0.0001,0.0001,0.0001,0,0,0.0001,0.0001,0,0,0,0,0,0.0001,0.0001,0,0,0.3217,0.2987,0.3217,0.2987,
0,0,0,0,0,2.3697,0,2.3697,0,1.5798,0,0,3.9495,0,0.7899,0.7899,0,3.1596,0,0,0,0,0,0,0,0.0002,0,0.0002,0,0.0002,0,0,0.0004,0,0.0001,0.0001,0,0.0003,0,0,0.1185,0.0916,0.1185,0.0916,
0,1.2597,1.2597,0.4199,0.8398,0.4199,2.5193,0.8398,1.2597,0.4199,0,0.4199,0,1.2597,0.4199,0.4199,0.4199,1.2597,1.2597,0.8398,0,0.0001,0.0001,0,0,0,0.0001,0,0.0001,0,0,0,0,0.0001,0,0,0,0.0001,0.0001,0,0.3901,0.19,0.3901,0.19,
1.2228,0,0,0,0.6114,1.8342,0,1.2228,0,3.0571,1.2228,0.6114,0,0,0.6114,1.2228,1.2228,3.0571,1.8342,0,0.0001,0,0,0,0,0.0001,0,0.0001,0,0.0002,0.0001,0,0,0,0,0.0001,0.0001,0.0002,0.0001,0,0.2351,0.1535,0.2351,0.1535,
0.9684,0.4842,0.4842,1.4525,0.4842,0,0.4842,0,0.9684,0.9684,0,0.9684,0.9684,0,0.4842,1.4525,0.9684,1.4525,0,0.4842,0.0001,0,0,0.0001,0,0,0,0,0.0001,0.0001,0,0.0001,0.0001,0,0,0.0001,0.0001,0.0001,0,0,0.2883,0.2275,0.2883,0.2275,
0.9249,1.3873,0.4624,1.8497,1.3873,0.9249,0.4624,0,0,1.3873,0.4624,0.4624,0.4624,0.9249,0.4624,0.4624,1.3873,1.3873,0.4624,0.9249,0,0.0001,0,0.0001,0.0001,0,0,0,0,0.0001,0,0,0,0,0,0,0.0001,0.0001,0,0,0.2691,0.2685,0.2691,0.2685,
0,0.3622,1.0866,1.0866,1.4488,1.4488,0.3622,1.0866,1.4488,0.7244,0.3622,1.0866,0.3622,0.3622,1.0866,0.3622,0.3622,1.4488,0.3622,0.3622,0,0,0.0001,0.0001,0.0001,0.0001,0,0.0001,0.0001,0,0,0.0001,0,0,0.0001,0,0,0.0001,0,0,0.2959,0.3419,0.2959,0.3419,
0,1.0499,0,0.525,1.0499,1.0499,0,0.525,1.0499,1.5749,1.0499,1.5749,0.525,0.525,1.0499,1.5749,0.525,0,0.525,0.525,0,0.0001,0,0,0.0001,0.0001,0,0,0.0001,0.0001,0.0001,0.0001,0,0,0.0001,0.0001,0,0,0,0,0.1936,0.2814,0.1936,0.2814,
0,1.2351,0.6176,0.6176,0.6176,1.2351,0,0,1.2351,2.4703,0.6176,0,1.2351,0,0,1.2351,0,0,0.6176,0.6176,0,0.0001,0,0,0,0.0001,0,0,0.0001,0.0002,0,0,0.0001,0,0,0.0001,0,0,0,0,0.2061,0.1763,0.2061,0.1763,
0,1.3716,0.9144,0.9144,0.4572,0.4572,0.4572,0.4572,0.9144,1.8288,0.9144,0,1.8288,1.8288,0.4572,0.9144,0.9144,0,0.4572,0.4572,0,0.0001,0,0,0,0,0,0,0,0.0001,0,0,0.0001,0.0001,0,0,0,0,0,0,0.2647,0.2781,0.2647,0.2781,
0.4679,1.4037,2.3396,0.4679,0.9358,1.8717,0.4679,0.9358,0.4679,0.9358,2.8075,0,0.4679,1.4037,0.4679,0.4679,0.4679,0.4679,0.4679,0,0,0.0001,0.0001,0,0,0.0001,0,0,0,0,0.0001,0,0,0.0001,0,0,0,0,0,0,0.2881,0.244,0.2881,0.244,
0.492,0.492,0,0,0,0.492,0.9839,0.9839,0,0.492,0,0,2.4598,0.492,1.4759,1.4759,0,0.492,2.9518,0.9839,0,0,0,0,0,0,0.0001,0.0001,0,0,0,0,0.0001,0,0.0001,0.0001,0,0,0.0002,0.0001,0.2502,0.2578,0.2502,0.2578,
0.8449,0.4225,1.6898,0.8449,1.6898,0,0.4225,0.4225,0.8449,2.1123,1.2674,0,0.4225,0.8449,0.4225,0,0.4225,0.8449,1.6898,0.4225,0,0,0.0001,0,0.0001,0,0,0,0,0.0001,0.0001,0,0,0,0,0,0,0,0.0001,0,0.2479,0.3297,0.2479,0.3297,
0,0.5486,0,1.0972,0.5486,0,0,1.6458,0,3.2915,0.5486,0.5486,0,0.5486,1.6458,1.0972,1.6458,2.1943,0.5486,1.0972,0,0,0,0.0001,0,0,0,0.0001,0,0.0003,0,0,0,0,0.0001,0.0001,0.0001,0.0002,0,0.0001,0.2134,0.2381,0.2134,0.2381,
0.9751,0,0.4875,0.9751,2.4377,1.4626,0,1.4626,0.9751,2.4377,0.4875,0,1.4626,0,0.9751,0.4875,0.9751,0.9751,0,0.4875,0.0001,0,0,0.0001,0.0002,0.0001,0,0.0001,0.0001,0.0002,0,0,0.0001,0,0.0001,0,0.0001,0.0001,0,0,0.2275,0.285,0.2275,0.285,
0.3386,0,0.3386,0,0.3386,0.6772,0.3386,0.3386,1.6931,1.0158,0.3386,1.0158,0,0.6772,3.7248,1.0158,0,1.6931,0,0.3386,0,0,0,0,0,0.0001,0,0,0.0001,0.0001,0,0.0001,0,0.0001,0.0003,0.0001,0,0.0001,0,0,0.3696,0.2918,0.3696,0.2918,
2.9786,0,0,1.2765,0,2.9786,0,0.4255,0.851,2.1275,0.4255,0.851,2.553,0.851,1.2765,1.2765,0,0.4255,0.4255,0,0.0002,0,0,0.0001,0,0.0002,0,0,0.0001,0.0001,0,0.0001,0.0002,0.0001,0.0001,0.0001,0,0,0,0,0.2877,0.2868,0.2877,0.2868,
1.0656,1.0656,0,0.7104,0.7104,1.4208,1.0656,1.4208,1.7761,0.7104,0,0.3552,1.4208,0.3552,0.7104,1.4208,0.7104,1.4208,1.0656,0,0.0001,0.0001,0,0,0,0.0001,0.0001,0.0001,0.0001,0,0,0,0.0001,0,0,0.0001,0,0.0001,0.0001,0,0.3339,0.3109,0.3339,0.3109,
1.0703,0.5352,0.5352,0.5352,0,1.0703,0,1.6055,1.0703,0.5352,0.5352,2.6758,0,0.5352,0,0.5352,0.5352,2.1406,0.5352,1.0703,0.0001,0,0,0,0,0.0001,0,0.0001,0.0001,0,0,0.0001,0,0,0,0,0,0.0001,0,0.0001,0.2429,0.2219,0.2429,0.2219,
0.6365,1.273,0.6365,0.6365,1.9095,0,0,0,0,0.6365,1.9095,0.6365,0.6365,1.273,0,2.546,0.6365,1.273,1.273,1.9095,0,0.0001,0,0,0.0001,0,0,0,0,0,0.0001,0,0,0.0001,0,0.0001,0,0.0001,0.0001,0.0001,0.1856,0.1779,0.1856,0.1779,
1.3157,0,0,0.6579,0,0.6579,0.6579,1.3157,0,0.6579,0,0.6579,0.6579,0.6579,0.6579,1.3157,1.9736,0,0,0.6579,0.0002,0,0,0.0001,0,0.0001,0.0001,0.0002,0,0.0001,0,0.0001,0.0001,0.0001,0.0001,0.0002,0.0002,0,0,0.0001,0.1953,0.1468,0.1953,0.1468,
0.789,1.1835,0.789,0.789,1.1835,0.3945,1.1835,0.789,1.5781,0.3945,1.1835,0.3945,0.3945,0.3945,0.3945,0,1.5781,0,0.789,1.1835,0,0.0001,0,0,0.0001,0,0.0001,0,0.0001,0,0.0001,0,0,0,0,0,0.0001,0,0,0.0001,0.3353,0.2701,0.3353,0.2701,
0.9453,1.418,1.418,0.4727,1.8906,0.4727,0.4727,0,0.4727,0.9453,1.418,1.418,0.9453,0.4727,0.4727,0,0.4727,0.4727,0.9453,1.418,0,0.0001,0.0001,0,0.0001,0,0,0,0,0,0.0001,0.0001,0,0,0,0,0,0,0,0.0001,0.2527,0.2746,0.2527,0.2746,
0.49,1.47,0.49,0.49,0.49,0.49,0.49,0.98,0.49,1.9601,2.4501,0,1.47,1.47,0.98,0.49,1.9601,0.49,0.98,0.49,0,0.0001,0,0,0,0,0,0.0001,0,0.0001,0.0001,0,0.0001,0.0001,0.0001,0,0.0001,0,0.0001,0,0.2426,0.2674,0.2426,0.2674,
1.7748,0.4437,0.4437,0,1.3311,0.8874,0.8874,0.8874,0.4437,0.4437,1.7748,2.2185,1.3311,0.4437,0.4437,1.3311,1.3311,0.4437,1.3311,0.8874,0.0001,0,0,0,0.0001,0,0,0,0,0,0.0001,0.0001,0.0001,0,0,0.0001,0.0001,0,0.0001,0,0.2559,0.3004,0.2559,0.3004,
1.514,0.3785,1.1355,0.3785,1.1355,1.1355,1.514,1.1355,1.1355,0.3785,0.757,1.1355,0,0,0.3785,0.3785,1.1355,0.757,0.757,0.3785,0.0001,0,0.0001,0,0.0001,0.0001,0.0001,0.0001,0.0001,0,0,0.0001,0,0,0,0,0.0001,0,0,0,0.2927,0.3288,0.2927,0.3288,
0.8229,0.8229,0.8229,0.4114,0.4114,2.0572,0.8229,0.4114,0.8229,0.4114,0,1.2343,1.6458,0.8229,0.4114,0.8229,0,0.8229,1.2343,0.4114,0,0,0,0,0,0.0001,0,0,0,0,0,0.0001,0.0001,0,0,0,0,0,0.0001,0,0.313,0.2756,0.313,0.2756,
1.8784,0,0.4696,0.4696,2.3479,0.9392,0,1.8784,0.4696,3.2871,0.4696,0.4696,1.4088,0.4696,0.4696,0.4696,1.4088,0.9392,0.4696,1.4088,0.0001,0,0,0,0.0001,0.0001,0,0.0001,0,0.0002,0,0,0.0001,0,0,0,0.0001,0.0001,0,0.0001,0.2422,0.2882,0.2422,0.2882,
2.1687,0.4337,0.4337,0.4337,0.4337,0.8675,0.8675,0,0.4337,0,0.8675,0.8675,0.4337,0.4337,1.735,0.8675,1.3012,0.4337,0.8675,1.3012,0.0001,0,0,0,0,0.0001,0.0001,0,0,0,0.0001,0.0001,0,0,0.0001,0.0001,0.0001,0,0.0001,0.0001,0.2693,0.2969,0.2693,0.2969,
0.3315,0,1.326,2.3205,0,0.3315,0.3315,2.3205,2.3205,1.989,0.3315,0.3315,0,0.3315,0.3315,0.663,0,1.326,0,0.663,0,0,0.0001,0.0002,0,0,0,0.0002,0.0002,0.0001,0,0,0,0,0,0,0,0.0001,0,0,0.3238,0.3447,0.3238,0.3447,
0.738,0.738,0.738,0,1.476,1.476,0,1.476,0,5.9042,1.476,0,0.738,0,0,0.738,0.738,3.6901,0,0,0,0,0,0,0.0001,0.0001,0,0.0001,0,0.0003,0.0001,0,0,0,0,0,0,0.0002,0,0,0.1378,0.1242,0.1378,0.1242,
0.3802,1.1407,0,0.3802,0,0.7605,0.7605,0.3802,2.6616,0.3802,0.7605,0.7605,0.3802,0.7605,2.2814,0.7605,0,1.9011,0,0,0,0.0001,0,0,0,0.0001,0.0001,0,0.0002,0,0.0001,0.0001,0,0.0001,0.0002,0.0001,0,0.0001,0,0,0.3187,0.3011,0.3187,0.3011,
1.5761,0.7881,1.1821,0.394,1.1821,1.9701,0.394,1.1821,1.1821,2.7582,0.394,0.394,1.5761,0.7881,1.1821,0,0.7881,0.7881,0.394,0,0.0001,0,0.0001,0,0.0001,0.0001,0,0.0001,0.0001,0.0002,0,0,0.0001,0,0.0001,0,0,0,0,0,0.3396,0.2664,0.3396,0.2664,
1.2528,0.8352,0.4176,1.2528,0.8352,1.6704,1.2528,0,1.2528,0.4176,0.8352,0.4176,0.4176,0.8352,0.8352,1.2528,0.8352,0.8352,0.4176,0,0.0001,0.0001,0,0.0001,0.0001,0.0001,0.0001,0,0.0001,0,0.0001,0,0,0.0001,0.0001,0.0001,0.0001,0.0001,0,0,0.3413,0.2411,0.3413,0.2411,
0,0,0.7125,0,0.7125,4.2748,0,0,0,0.7125,0.7125,0,0.7125,0,0.7125,1.4249,0,0,0.7125,0,0,0,0.0001,0,0.0001,0.0005,0,0,0,0.0001,0.0001,0,0.0001,0,0.0001,0.0002,0,0,0.0001,0,0.1409,0.1466,0.1409,0.1466,
0.8698,0,0.4349,0.8698,0.8698,1.3048,0.4349,0.8698,1.7397,0,0.8698,0.4349,3.4794,0.8698,0.8698,1.7397,2.1746,0.4349,0,0,0.0001,0,0,0.0001,0.0001,0.0001,0,0.0001,0.0001,0,0.0001,0,0.0003,0.0001,0.0001,0.0001,0.0002,0,0,0,0.3116,0.2535,0.3116,0.2535,
0.3759,1.1276,0,1.1276,0.3759,1.8793,1.5035,0.3759,0.3759,0.7517,1.5035,0.3759,0.3759,0.7517,0.7517,2.2552,0.7517,1.5035,0.7517,0.7517,0,0.0001,0,0.0001,0,0.0001,0.0001,0,0,0,0.0001,0,0,0,0,0.0001,0,0.0001,0,0,0.3016,0.3225,0.3016,0.3225,
0.4471,0.4471,0.8942,0.4471,0.4471,0.8942,1.3413,0.4471,0,1.3413,0.4471,1.3413,1.7884,0.4471,0.8942,0.4471,0.4471,0.4471,0.8942,0.4471,0,0,0.0001,0,0,0.0001,0.0001,0,0,0.0001,0,0.0001,0.0001,0,0.0001,0,0,0,0.0001,0,0.2629,0.29,0.2629,0.29,
1.2354,0,0,1.2354,0,1.2354,0,1.2354,0,1.8531,0,0.6177,0,2.4708,0.6177,1.8531,0,1.2354,0,0.6177,0.0001,0,0,0.0001,0,0.0001,0,0.0001,0,0.0001,0,0,0,0.0002,0,0.0001,0,0.0001,0,0,0.2149,0.1674,0.2149,0.1674,
1.2415,1.2415,0.4138,0.4138,2.483,0.8277,0.4138,0.4138,1.6553,1.6553,0.8277,1.6553,0.4138,1.6553,0.8277,0,0.4138,1.2415,0,0,0.0001,0.0001,0,0,0.0001,0,0,0,0.0001,0.0001,0,0.0001,0,0.0001,0,0,0,0.0001,0,0,0.2486,0.3376,0.2486,0.3376,
1.1909,0.397,1.1909,1.1909,0,1.1909,1.5878,0.397,0.7939,0.7939,1.1909,0.397,0.397,0.7939,0,0.7939,0,1.5878,1.1909,0.397,0.0001,0,0.0001,0.0001,0,0.0001,0.0001,0,0,0,0.0001,0,0,0,0,0,0,0.0001,0.0001,0,0.2876,0.3154,0.2876,0.3154,
1.0783,0,0,0.5392,0.5392,0.5392,0.5392,0.5392,1.6175,1.6175,0,1.6175,0.5392,0,0.5392,1.0783,0,1.6175,0.5392,1.6175,0.0001,0,0,0,0,0,0,0,0.0001,0.0001,0,0.0001,0,0,0,0.0001,0,0.0001,0,0.0001,0.2163,0.2445,0.2163,0.2445,
1.1272,0.7515,0.7515,1.1272,0,1.1272,1.8786,0.3757,0.7515,1.5029,0.3757,0.3757,0.3757,0.7515,1.1272,0.7515,0.7515,0.7515,0.3757,1.8786,0.0001,0,0,0.0001,0,0.0001,0.0001,0,0,0.0001,0,0,0,0,0.0001,0,0,0,0,0.0001,0.2964,0.3279,0.2964,0.3279,
0,1.586,1.0573,0.5287,0,1.0573,2.1146,0.5287,1.0573,0.5287,0.5287,0.5287,0,0,0.5287,1.0573,0,0,0,0.5287,0,0.0001,0.0001,0,0,0.0001,0.0001,0,0.0001,0,0,0,0,0,0,0.0001,0,0,0,0,0.2704,0.2009,0.2704,0.2009,
1.6695,0,1.113,0,1.6695,1.113,0,1.113,0.5565,3.339,0.5565,0.5565,1.113,0.5565,1.113,2.7825,1.113,3.339,0.5565,0,0.0001,0,0.0001,0,0.0001,0.0001,0,0.0001,0,0.0002,0,0,0.0001,0,0.0001,0.0001,0.0001,0.0002,0,0,0.2043,0.2392,0.2043,0.2392,
0.8165,0.8165,0.4083,2.0413,0,1.2248,0.8165,0.4083,1.633,0.8165,0.8165,1.2248,0.8165,0.4083,0.4083,0.4083,1.2248,0,1.2248,2.0413,0.0001,0.0001,0,0.0001,0,0.0001,0.0001,0,0.0001,0.0001,0.0001,0.0001,0.0001,0,0,0,0.0001,0,0.0001,0.0001,0.3017,0.29,0.3017,0.29,
0.4271,0.4271,1.2812,0,0.4271,0,1.2812,0.8541,0.4271,1.2812,0.4271,0.4271,0.8541,1.2812,1.2812,0.4271,0,0.4271,0.4271,0.8541,0,0,0.0001,0,0,0,0.0001,0.0001,0,0.0001,0,0,0.0001,0.0001,0.0001,0,0,0,0,0.0001,0.2895,0.2835,0.2895,0.2835,
0,1.7589,0.7036,0.3518,1.0553,1.4071,0.7036,0.3518,0.7036,0.7036,0.3518,0.3518,1.7589,0.3518,1.0553,0.3518,1.0553,1.0553,1.4071,0.7036,0,0.0001,0,0,0,0.0001,0,0,0,0,0,0,0.0001,0,0,0,0,0,0.0001,0,0.3304,0.3178,0.3304,0.3178,
0.9143,0,1.3715,3.2001,1.3715,0.4572,1.8286,0.9143,0.4572,0.4572,0.4572,0.4572,1.3715,0.9143,0,0.4572,0.4572,0.4572,0.4572,0.4572,0.0001,0,0.0001,0.0002,0.0001,0,0.0001,0.0001,0,0,0,0,0.0001,0.0001,0,0,0,0,0,0,0.238,0.3048,0.238,0.3048,
0.535,1.07,0,0,1.07,0,2.1399,0.535,0,1.6049,0.535,0.535,0,1.07,0.535,0,1.6049,0,0.535,1.07,0,0.0001,0,0,0.0001,0,0.0001,0,0,0.0001,0,0,0,0.0001,0,0,0.0001,0,0,0.0001,0.233,0.232,0.233,0.232,
1.1373,0,0.7582,1.5164,0,1.5164,0.3791,0.7582,2.6538,0.7582,0.7582,2.6538,0,1.5164,1.1373,0.3791,0.7582,1.1373,0,0.3791,0.0001,0,0.0001,0.0001,0,0.0001,0,0.0001,0.0002,0.0001,0.0001,0.0002,0,0.0001,0.0001,0,0.0001,0.0001,0,0,0.289,0.3319,0.289,0.3319,
1.2687,0.4229,0.8458,1.2687,0.4229,0.8458,0.4229,1.6916,0.4229,0.8458,0.4229,1.6916,1.2687,0.8458,0.4229,1.6916,1.2687,1.6916,0.4229,0.4229,0.0001,0,0,0.0001,0,0,0,0.0001,0,0,0,0.0001,0.0001,0,0,0.0001,0.0001,0.0001,0,0,0.2676,0.3094,0.2676,0.3094,
1.1847,1.1847,1.1847,1.1847,1.1847,0.7898,0.3949,0.7898,0.7898,0,0.7898,1.1847,0.7898,1.1847,0.3949,0.7898,1.1847,0.3949,1.9746,0.7898,0.0001,0.0001,0.0001,0.0001,0.0001,0,0,0,0,0,0,0.0001,0,0.0001,0,0,0.0001,0,0.0001,0,0.2935,0.3115,0.2935,0.3115,
1.3373,0,0,0,2.0059,1.3373,0,4.0118,0.6686,6.0177,0.6686,0.6686,0,0.6686,0,0.6686,1.3373,0.6686,0,0.6686,0.0001,0,0,0,0.0001,0.0001,0,0.0003,0,0.0004,0,0,0,0,0,0,0.0001,0,0,0,0.1709,0.1605,0.1709,0.1605,
0,0,0.9913,0.4956,0.9913,1.4869,0.9913,0.9913,0.4956,0.4956,1.4869,0,0,0,0.4956,0.9913,1.9826,0.4956,0.9913,0.4956,0,0,0.0001,0,0.0001,0.0001,0.0001,0.0001,0,0,0.0001,0,0,0,0,0.0001,0.0002,0,0.0001,0,0.2416,0.2628,0.2416,0.2628,
0.5475,0,0.5475,0.5475,0.5475,0.5475,0,3.285,0.5475,3.285,0.5475,0,0,1.095,0.5475,2.7375,1.095,1.095,0,0.5475,0,0,0,0,0,0,0,0.0002,0,0.0002,0,0,0,0.0001,0,0.0002,0.0001,0.0001,0,0,0.203,0.2496,0.203,0.2496,
0.9927,0.9927,0.4963,0.4963,0.9927,0.4963,0,1.9854,0.4963,0,1.489,0.4963,2.4817,0,0.4963,1.9854,0.9927,0.9927,1.9854,0.4963,0,0,0,0,0,0,0,0.0001,0,0,0.0001,0,0.0001,0,0,0.0001,0,0,0.0001,0,0.2416,0.2621,0.2416,0.2621,
0.4944,0.9888,0.4944,0.4944,1.4832,1.4832,0,1.4832,1.9776,0,0.4944,0.4944,1.9776,1.4832,0,0,1.4832,0.9888,0.9888,0.9888,0,0.0001,0,0,0.0001,0.0001,0,0.0001,0.0001,0,0,0,0.0001,0.0001,0,0,0.0001,0.0001,0.0001,0.0001,0.2522,0.2534,0.2522,0.2534,
2.4614,0,0,1.2307,1.846,0.6153,0,3.0767,0.6153,3.0767,1.2307,0.6153,1.846,0.6153,0,1.846,0.6153,1.846,0,0.6153,0.0001,0,0,0.0001,0.0001,0,0,0.0002,0,0.0002,0.0001,0,0.0001,0,0,0.0001,0,0.0001,0,0,0.1787,0.206,0.1787,0.206,
0.661,0,0.661,0.661,0,0,0.661,0.661,0.661,0.661,0,1.3221,1.9831,1.9831,0.661,0,0,0,0,0,0.0001,0,0.0001,0.0001,0,0,0.0001,0.0001,0.0001,0.0001,0,0.0002,0.0003,0.0003,0.0001,0,0,0,0,0,0.1906,0.1484,0.1906,0.1484,
0,0,0,0,2.8171,0.4695,0,2.3476,0.4695,7.0427,0.4695,0.4695,1.4085,1.4085,1.4085,1.4085,0.4695,0.939,0,1.4085,0,0,0,0,0.0002,0,0,0.0001,0,0.0004,0,0,0.0001,0.0001,0.0001,0.0001,0,0.0001,0,0.0001,0.2592,0.2713,0.2592,0.2713,
0.521,0,0.521,0.521,1.042,0,0,1.042,1.5631,0,0,0.521,0.521,0,1.5631,1.042,0.521,1.042,0,0,0.0001,0,0.0001,0.0001,0.0001,0,0,0.0001,0.0002,0,0,0.0001,0.0001,0,0.0002,0.0001,0.0001,0.0001,0,0,0.2686,0.2104,0.2686,0.2104,
0.4798,1.9191,0,0.9595,0,0.9595,0.9595,1.4393,0.4798,0.9595,0.4798,1.4393,0.9595,0,0.9595,0,0.9595,0.9595,0.9595,1.4393,0,0.0001,0,0,0,0,0,0.0001,0,0,0,0.0001,0,0,0,0,0,0,0,0.0001,0.2921,0.2282,0.2921,0.2282,
0,0.5461,0.5461,0.5461,0.5461,0,0.5461,1.6384,1.0923,1.6384,0.5461,0,0,0,1.0923,1.0923,0,0.5461,0,0.5461,0,0,0,0,0,0,0,0.0001,0.0001,0.0001,0,0,0,0,0.0001,0.0001,0,0,0,0,0.2073,0.2466,0.2073,0.2466,
1.4998,0,0,0,0,0.4999,0.4999,0.4999,1.9998,1.9998,1.4998,0,0.4999,0.4999,0.9999,0.9999,0.9999,0.4999,0.4999,0.4999,0.0002,0,0,0,0,0.0001,0.0001,0.0001,0.0002,0.0002,0.0002,0,0.0001,0.0001,0.0001,0.0001,0.0001,0.0001,0.0001,0.0001,0.2176,0.2825,0.2176,0.2825,
1.3009,2.6018,0.4336,0.4336,0,0.4336,0.4336,0.4336,2.6018,0.4336,0,0.4336,1.3009,0.8673,0,1.7345,0,1.7345,0.8673,1.3009,0,0.0001,0,0,0,0,0,0,0.0001,0,0,0,0,0,0,0.0001,0,0.0001,0,0,0.3417,0.2247,0.3417,0.2247,
2.0964,0,0.6988,0,0,0,0.6988,0,0.6988,0,0,0,0.6988,0,0.6988,0.6988,0,2.0964,0,0.6988,0.0003,0,0.0001,0,0,0,0.0001,0,0.0001,0,0,0,0.0001,0,0.0001,0.0001,0,0.0003,0,0.0001,0.1693,0.132,0.1693,0.132,
1.4619,0,0.4873,0,1.9492,0.9746,0.4873,2.4365,0,1.4619,0.9746,0,0.9746,0.9746,1.4619,0.9746,1.9492,1.4619,0.4873,0.4873,0.0001,0,0,0,0.0001,0.0001,0,0.0002,0,0.0001,0.0001,0,0.0001,0.0001,0.0001,0.0001,0.0001,0.0001,0,0,0.2387,0.274,0.2387,0.274,
1.3627,0.3407,0.3407,1.022,0.3407,1.7034,0.6813,1.022,0.3407,1.022,0.3407,1.022,0.3407,0.3407,1.3627,0.3407,0.6813,0.3407,0.6813,0.6813,0.0001,0,0,0.0001,0,0.0001,0,0.0001,0,0.0001,0,0.0001,0,0,0.0001,0,0,0,0,0,0.3185,0.3408,0.3185,0.3408,
1.0345,1.3794,1.0345,0.3448,0.3448,0.6897,1.3794,0.6897,1.7242,0.3448,0,0.6897,1.7242,0.3448,1.0345,0,0.3448,1.0345,0,0.6897,0.0001,0.0001,0.0001,0,0,0,0.0001,0,0.0001,0,0,0,0.0001,0,0.0001,0,0,0.0001,0,0,0.3408,0.3143,0.3408,0.3143,
0.6683,0,2.0048,1.0024,0.6683,0.3341,0.3341,0.6683,0.6683,1.6707,0.3341,1.0024,0.3341,0.3341,1.3365,0.6683,0.6683,0.6683,0.3341,0.6683,0,0,0.0001,0.0001,0,0,0,0,0,0.0001,0,0.0001,0,0,0.0001,0,0,0,0,0,0.3452,0.3206,0.3452,0.3206,
1.684,0.421,0.842,1.684,1.684,1.684,0,0.842,0.421,0,0,1.263,0.842,0.842,1.263,1.263,1.263,0.421,0.421,1.263,0.0001,0,0,0.0001,0.0001,0.0001,0,0,0,0,0,0.0001,0,0,0.0001,0.0001,0.0001,0,0,0.0001,0.2794,0.2996,0.2794,0.2996,
1.5958,1.5958,0,0,0.7979,0,0.7979,2.3938,0.7979,0,0,0,0.7979,0.7979,0,1.5958,0,0,0,0,0.0001,0.0001,0,0,0,0,0,0.0001,0,0,0,0,0,0,0,0.0001,0,0,0,0,0.1295,0.0725,0.1295,0.0725,
0.4799,0.4799,1.4398,0.4799,0.4799,0,0.9599,2.3997,0.4799,0,1.4398,0,0.4799,0.4799,1.4398,0.4799,0.4799,0.9599,0.4799,0.9599,0,0,0.0001,0,0,0,0.0001,0.0002,0,0,0.0001,0,0,0,0.0001,0,0,0.0001,0,0.0001,0.2919,0.2282,0.2919,0.2282,
0.5078,0,0.5078,1.0156,0.5078,1.0156,1.0156,0,0.5078,0.5078,0.5078,0.5078,0.5078,0,1.5234,0.5078,0.5078,0.5078,0,0.5078,0.0001,0,0.0001,0.0001,0.0001,0.0001,0.0001,0,0.0001,0.0001,0.0001,0.0001,0.0001,0,0.0002,0.0001,0.0001,0.0001,0,0.0001,0.2727,0.2195,0.2727,0.2195,
0.6827,0,0.6827,0.6827,0.6827,0,0,0,0.6827,2.048,0,0.6827,0,1.3653,0,0.6827,0.6827,0.6827,0,0,0.0001,0,0.0001,0.0001,0.0001,0,0,0,0.0001,0.0002,0,0.0001,0,0.0001,0,0.0001,0.0001,0.0001,0,0,0.1643,0.153,0.1643,0.153,
0.558,0,0,0.558,0.558,1.116,0.558,0,1.674,2.7899,1.116,1.116,0,0,0,1.116,0,1.116,0,1.116,0,0,0,0,0,0.0001,0,0,0.0001,0.0002,0.0001,0.0001,0,0,0,0.0001,0,0.0001,0,0.0001,0.2358,0.2062,0.2358,0.2062,
1.89,0.378,1.134,0,0.756,0.756,1.512,1.512,0.378,1.89,0.756,0.378,1.134,0.378,1.134,1.512,0.756,0.756,0,1.134,0.0001,0,0.0001,0,0,0,0.0001,0.0001,0,0.0001,0,0,0.0001,0,0.0001,0.0001,0,0,0,0.0001,0.3326,0.2894,0.3326,0.2894,
1.1961,1.1961,0.5981,0.5981,4.1864,1.1961,0.5981,0,0,8.9708,1.1961,0.5981,1.1961,0.5981,0,0.5981,0.5981,1.1961,1.1961,0.5981,0.0001,0.0001,0,0,0.0002,0.0001,0,0,0,0.0005,0.0001,0,0.0001,0,0,0,0,0.0001,0.0001,0,0.1921,0.2098,0.1921,0.2098,
0.3209,1.9255,1.9255,1.9255,0.9627,0.6418,0.3209,0,2.8882,0.3209,0.3209,0.9627,0.3209,0.3209,0,0.6418,0.9627,0.6418,0,0.6418,0,0.0001,0.0001,0.0001,0,0,0,0,0.0001,0,0,0,0,0,0,0,0,0,0,0,0.3595,0.3196,0.3595,0.3196,
1.1165,0,1.1165,0.5582,0.5582,0.5582,1.1165,1.1165,0.5582,1.6747,0.5582,0,1.6747,0.5582,0,0.5582,0.5582,0,0,0.5582,0.0001,0,0.0001,0,0,0,0.0001,0.0001,0,0.0001,0,0,0.0001,0,0,0,0,0,0,0,0.2287,0.2131,0.2287,0.2131,
1.8874,0,0.9437,1.4155,1.8874,1.8874,0.4718,0.9437,0,1.8874,0.4718,0,0.9437,1.4155,0.4718,1.8874,1.8874,0.9437,0,0.9437,0.0001,0,0.0001,0.0001,0.0001,0.0001,0,0.0001,0,0.0001,0,0,0.0001,0.0001,0,0.0001,0.0001,0.0001,0,0.0001,0.2481,0.28,0.2481,0.28,
0.7292,1.0939,0.7292,0,1.4585,0.7292,1.0939,1.4585,1.0939,0.7292,1.0939,0.3646,1.4585,1.0939,1.0939,1.0939,0,1.4585,0,0.7292,0,0.0001,0,0,0.0001,0,0.0001,0.0001,0.0001,0,0.0001,0,0.0001,0.0001,0.0001,0.0001,0,0.0001,0,0,0.3127,0.3226,0.3127,0.3226,
0.7361,0.368,1.1041,0,0,0.368,0.7361,0.368,0.368,0.7361,1.1041,0.7361,0.7361,0,2.2083,0.368,0.368,1.1041,1.4722,0.368,0,0,0.0001,0,0,0,0,0,0,0,0.0001,0,0,0,0.0001,0,0,0.0001,0.0001,0,0.348,0.2839,0.348,0.2839,
0.3887,0.7773,0.3887,0.7773,1.5547,0.3887,0.7773,1.5547,0,1.166,0.7773,1.5547,1.166,0.3887,1.5547,0.3887,0.7773,0.7773,1.5547,0.7773,0,0,0,0,0.0001,0,0,0.0001,0,0.0001,0,0.0001,0.0001,0,0.0001,0,0,0,0.0001,0,0.3081,0.3033,0.3081,0.3033,
0.8038,0.8038,0.8038,0.4019,2.8134,0.4019,0.4019,0.8038,1.2057,0.8038,0,2.4115,1.2057,0.8038,0.8038,0.8038,1.2057,1.2057,0,0.8038,0,0,0,0,0.0001,0,0,0,0.0001,0,0,0.0001,0.0001,0,0,0,0.0001,0.0001,0,0,0.2956,0.3025,0.2956,0.3025,
0.5289,0.5289,1.5868,0.5289,1.0579,1.5868,0,0,1.5868,0,0.5289,0.5289,0.5289,1.0579,0.5289,0,0,0.5289,0.5289,1.0579,0,0,0.0001,0,0.0001,0.0001,0,0,0.0001,0,0,0,0,0.0001,0,0,0,0,0,0.0001,0.2047,0.2663,0.2047,0.2663,
0.4339,0.4339,0.4339,0.8677,0.8677,0.8677,0.4339,0.8677,0.4339,0.8677,1.7355,0.8677,0.8677,0.4339,0.8677,0.8677,0.4339,1.7355,0.4339,0.4339,0,0,0,0.0001,0.0001,0.0001,0,0.0001,0,0.0001,0.0001,0.0001,0.0001,0,0.0001,0.0001,0,0.0001,0,0,0.2972,0.2689,0.2972,0.2689,
0.4324,1.2972,1.2972,2.1621,0.8648,1.2972,0,0.8648,0.8648,0.4324,0.4324,0.8648,0.8648,0.4324,0.4324,0.8648,0,0.8648,0.4324,0,0,0.0001,0.0001,0.0001,0,0.0001,0,0,0,0,0,0,0,0,0,0,0,0,0,0,0.2799,0.2877,0.2799,0.2877,
0.9235,2.7706,1.3853,0.4618,0,1.3853,0.4618,0.9235,0.4618,0.9235,0.4618,0,0.4618,0.4618,1.8471,0,0,0.4618,0,0.4618,0,0.0001,0.0001,0,0,0.0001,0,0,0,0,0,0,0,0,0.0001,0,0,0,0,0,0.2627,0.2755,0.2627,0.2755,
0.7715,0,0.3857,0.3857,2.3144,0.3857,1.1572,1.1572,1.1572,0.7715,0,0.3857,0.7715,1.1572,1.1572,0,0.3857,0.3857,0.7715,0.7715,0.0001,0,0,0,0.0002,0,0.0001,0.0001,0.0001,0.0001,0,0,0.0001,0.0001,0.0001,0,0,0,0.0001,0.0001,0.3445,0.2698,0.3445,0.2698,
1.5607,0.3902,1.9509,1.1705,0.3902,0.3902,1.9509,0,1.1705,0.3902,0,0.7804,1.1705,0.3902,0.7804,0,1.5607,0,0.3902,1.5607,0.0001,0,0.0001,0.0001,0,0,0.0001,0,0.0001,0,0,0.0001,0.0001,0,0.0001,0,0.0001,0,0,0.0001,0.3012,0.3087,0.3012,0.3087,
1.3976,0,0,0.6988,0.6988,3.494,0,0,0,0.6988,0.6988,0,0.6988,0,0.6988,2.7952,0,0,0.6988,0,0.0001,0,0,0.0001,0.0001,0.0004,0,0,0,0.0001,0.0001,0,0.0001,0,0.0001,0.0003,0,0,0.0001,0,0.1471,0.1541,0.1471,0.1541,
0,0.7828,0,0,0,0.7828,0.7828,0,0,0,1.5656,0,0,0,0.7828,2.3484,0.7828,0,0,0,0,0.0001,0,0,0,0.0001,0.0001,0,0,0,0.0002,0,0,0,0.0001,0.0003,0.0001,0,0,0,0.0962,0.121,0.0962,0.121,
1.502,1.0013,1.0013,0,0.5007,1.0013,0.5007,0.5007,0,1.502,2.0026,0.5007,0,2.0026,1.0013,1.0013,1.502,2.5033,0.5007,0.5007,0.0001,0.0001,0.0001,0,0,0.0001,0,0,0,0.0001,0.0001,0,0,0.0001,0.0001,0.0001,0.0001,0.0001,0,0,0.2425,0.2568,0.2425,0.2568,
0.4724,0.4724,0.4724,1.8896,0.9448,0.4724,1.8896,0,0.9448,0.4724,0.4724,0,0,0,0.4724,0.4724,0.4724,1.4172,1.4172,0.9448,0,0,0,0.0001,0.0001,0,0.0001,0,0.0001,0,0,0,0,0,0,0,0,0.0001,0.0001,0.0001,0.2836,0.244,0.2836,0.244,
2.3795,0,0.6799,0.3399,0.3399,1.6996,0,0.6799,1.0198,1.0198,0.6799,0.3399,0.3399,0.3399,2.3795,0.6799,1.0198,2.0396,0,0,0.0002,0,0,0,0,0.0001,0,0,0.0001,0.0001,0,0,0,0,0.0002,0,0.0001,0.0001,0,0,0.3263,0.3338,0.3263,0.3338,
0,0.654,0.654,0,0.654,0.654,0,0,1.308,0.654,1.308,0,0,0.654,0.654,0.654,0,0.654,0,0.654,0,0.0001,0.0001,0,0.0001,0.0001,0,0,0.0001,0.0001,0.0001,0,0,0.0001,0.0001,0.0001,0,0.0001,0,0.0001,0.1589,0.1871,0.1589,0.1871,
0.7872,1.1809,0,0.3936,0,0.7872,0.3936,1.1809,2.3617,0,0.7872,0.3936,0.3936,0.7872,2.7554,0.3936,0,1.9681,0,0,0.0001,0.0001,0,0,0,0.0001,0,0.0001,0.0002,0,0.0001,0,0,0.0001,0.0002,0,0,0.0001,0,0,0.3171,0.2893,0.3171,0.2893,
0,0,0,0,0.6946,4.1675,0,0,0.6946,0,0,0,0.6946,0.6946,0.6946,0,0.6946,0.6946,0,0.6946,0,0,0,0,0.0001,0.0006,0,0,0.0001,0,0,0,0.0001,0.0001,0.0001,0,0.0001,0.0001,0,0.0001,0.1811,0.1243,0.1811,0.1243,
1.0849,0,1.0849,0,0,1.0849,0,0.7233,3.2547,0.7233,0.3616,0.7233,1.0849,0.7233,2.5315,1.4465,0,1.0849,0,0.3616,0.0001,0,0.0001,0,0,0.0001,0,0.0001,0.0003,0.0001,0,0.0001,0.0001,0.0001,0.0002,0.0001,0,0.0001,0,0,0.311,0.3273,0.311,0.3273,
0.3772,0.3772,0.7544,1.5089,1.8861,0.7544,1.1316,3.0177,1.1316,1.5089,0.7544,0.3772,0,1.8861,1.1316,0.7544,1.1316,0.3772,0,0,0,0,0,0.0001,0.0001,0,0.0001,0.0002,0.0001,0.0001,0,0,0,0.0001,0.0001,0,0.0001,0,0,0,0.3178,0.305,0.3178,0.305,
0.6914,0.6914,1.3829,1.3829,0,0,1.3829,0.6914,0,0.6914,0,0.6914,0.6914,1.3829,0,0,0,0,0,0.6914,0.0001,0.0001,0.0002,0.0002,0,0,0.0002,0.0001,0,0.0001,0,0.0001,0.0001,0.0002,0,0,0,0,0,0.0001,0.1742,0.1344,0.1742,0.1344,
0.7339,1.1008,1.4678,0,0.7339,0,1.1008,2.5686,1.4678,2.2017,0.7339,1.4678,0,0.3669,0.3669,1.1008,1.8347,0.3669,0,0.7339,0,0.0001,0.0001,0,0,0,0.0001,0.0001,0.0001,0.0001,0,0.0001,0,0,0,0.0001,0.0001,0,0,0,0.3465,0.2866,0.3465,0.2866,
1.5942,0,1.5942,0.5314,0,1.0628,0,1.0628,1.0628,0.5314,1.0628,0,0,0,1.5942,1.0628,2.1257,0.5314,0,0,0.0001,0,0.0001,0,0,0.0001,0,0.0001,0.0001,0,0.0001,0,0,0,0.0001,0.0001,0.0002,0,0,0,0.2632,0.2054,0.2632,0.2054,
0.9796,0,0.9796,0.9796,0.4898,0,0.4898,0.9796,1.4693,0.9796,0,1.4693,0.4898,0,0.4898,0.4898,0.4898,0,0,0.4898,0.0001,0,0.0001,0.0001,0,0,0,0.0001,0.0001,0.0001,0,0.0001,0,0,0,0,0,0,0,0,0.2295,0.2807,0.2295,0.2807,
0,1.9541,0,0,0.3908,1.1725,1.1725,1.1725,1.5633,1.1725,1.5633,0,0.7817,0,1.5633,0.3908,0,0.3908,1.1725,0.7817,0,0.0001,0,0,0,0.0001,0.0001,0.0001,0.0001,0.0001,0.0001,0,0,0,0.0001,0,0,0,0.0001,0,0.2725,0.3367,0.2725,0.3367,
1.7213,0,0,0,2.8689,0.5738,0.5738,2.2951,1.1475,2.8689,1.1475,1.7213,1.7213,0.5738,0,1.1475,1.1475,1.7213,0,0,0.0001,0,0,0,0.0002,0,0,0.0001,0.0001,0.0002,0.0001,0.0001,0.0001,0,0,0.0001,0.0001,0.0001,0,0,0.2155,0.2107,0.2155,0.2107,
1.0372,0.5186,1.5558,0,0,0.5186,1.0372,0,0.5186,3.1116,0,0.5186,2.0744,0,1.5558,0.5186,0,0.5186,0,0,0.0001,0,0.0001,0,0,0,0.0001,0,0,0.0002,0,0,0.0001,0,0.0001,0,0,0,0,0,0.2494,0.232,0.2494,0.232,
1.3723,0,0.6862,0,0,1.3723,0,0.6862,2.0585,0.6862,0,0.6862,0,0,0,0,0.6862,2.0585,0,0,0.0002,0,0.0001,0,0,0.0002,0,0.0001,0.0003,0.0001,0,0.0001,0,0,0,0,0.0001,0.0003,0,0,0.1655,0.1484,0.1655,0.1484,
0.7448,0,0,0.3724,0.3724,1.8619,0,1.4895,2.9791,0.7448,1.1172,0.3724,0.3724,0.3724,3.3515,1.8619,1.1172,0,0,0,0.0001,0,0,0,0,0.0001,0,0.0001,0.0002,0.0001,0.0001,0,0,0,0.0002,0.0001,0.0001,0,0,0,0.3222,0.3054,0.3222,0.3054,
0,0.468,0.468,0.9361,1.4041,0,1.4041,1.8721,0,2.3402,0.468,2.3402,1.4041,0.468,0,3.2763,0.9361,0.9361,0,0.468,0,0,0,0,0.0001,0,0.0001,0.0001,0,0.0001,0,0.0001,0.0001,0,0,0.0001,0,0,0,0,0.261,0.271,0.261,0.271,
0,1.0922,1.0922,1.4562,0.7281,0.7281,0.7281,0,1.4562,0.7281,0,1.8203,1.0922,0.3641,1.0922,1.0922,1.0922,0.7281,0.7281,0.7281,0,0.0001,0.0001,0.0001,0,0,0,0,0.0001,0,0,0.0001,0.0001,0,0.0001,0.0001,0.0001,0,0,0,0.3219,0.3141,0.3219,0.3141,
1.4991,0,0.4997,0.4997,0.4997,1.9988,1.4991,0.9994,0.4997,1.4991,0,1.4991,0.4997,0,0.4997,0.9994,0.4997,0,0.4997,0.4997,0.0001,0,0,0,0,0.0001,0.0001,0.0001,0,0.0001,0,0.0001,0,0,0,0.0001,0,0,0,0,0.2582,0.242,0.2582,0.242,
0.8669,2.6006,0.8669,0.4334,0.8669,1.7337,0.4334,0.4334,0.8669,0.4334,0.4334,0,0.4334,1.3003,0.4334,0.8669,0.8669,0.8669,1.7337,0.4334,0,0.0001,0,0,0,0.0001,0,0,0,0,0,0,0,0.0001,0,0,0,0,0.0001,0,0.2946,0.272,0.2946,0.272,
0.7703,0,0.7703,0.3851,1.5405,0,2.3108,2.3108,0,2.3108,0.3851,0.7703,1.1554,0.3851,0.7703,1.5405,1.1554,1.5405,0,1.1554,0.0001,0,0.0001,0,0.0001,0,0.0002,0.0002,0,0.0002,0,0.0001,0.0001,0,0.0001,0.0001,0.0001,0.0001,0,0.0001,0.3293,0.2855,0.3293,0.2855,
2.0253,0,0.4051,0.8101,0.4051,2.4303,0,0.8101,0.8101,2.8354,0,0.8101,0.4051,0.8101,0.8101,2.0253,0.8101,1.2152,0,1.2152,0.0001,0,0,0,0,0.0001,0,0,0,0.0001,0,0,0,0,0,0.0001,0,0.0001,0,0.0001,0.2829,0.312,0.2829,0.312,
0,0.4693,0.4693,0.9386,1.408,1.408,0.9386,0.4693,1.8773,0,0.9386,1.408,0.9386,1.408,0.4693,2.8159,1.8773,1.408,0,0,0,0,0,0.0001,0.0001,0.0001,0.0001,0,0.0001,0,0.0001,0.0001,0.0001,0.0001,0,0.0002,0.0001,0.0001,0,0,0.2364,0.2943,0.2364,0.2943,
1.6806,0,0,0,0.8403,0.8403,0,0,0,0,1.6806,0,0,0,0,2.5209,0,0,0.8403,0,0.0002,0,0,0,0.0001,0.0001,0,0,0,0,0.0002,0,0,0,0,0.0003,0,0,0.0001,0,0.0797,0.08,0.0797,0.08,
0.3926,0,0,0,0,2.7481,0,0,0,0,0,0,0,0,9.4222,1.5704,0,0,0,0.3926,0,0,0,0,0,0.0003,0,0,0,0,0,0,0,0,0.0009,0.0002,0,0,0,0,0.3194,0.288,0.3194,0.288,
0.674,1.011,1.011,1.348,1.685,1.011,0.337,0.337,1.348,0.337,0.337,0.674,0.337,1.011,0.674,0.337,0.674,0.674,1.011,0,0,0.0001,0.0001,0.0001,0.0001,0.0001,0,0,0.0001,0,0,0,0,0.0001,0,0,0,0,0.0001,0,0.3252,0.3378,0.3252,0.3378,
1.1761,0.7841,0.7841,0.7841,0.392,0,0,1.1761,1.1761,0.392,1.9601,1.1761,0.392,0.7841,1.5681,0.7841,0,0.392,0.392,0,0.0001,0,0,0,0,0,0,0.0001,0.0001,0,0.0001,0.0001,0,0,0.0001,0,0,0,0,0,0.2592,0.3487,0.2592,0.3487,
0,0,0.5769,0,0,0.5769,0.5769,0.5769,0.5769,1.7307,0.5769,1.1538,0.5769,0,1.1538,0.5769,1.1538,1.1538,0,0.5769,0,0,0.0001,0,0,0.0001,0.0001,0.0001,0.0001,0.0002,0.0001,0.0001,0.0001,0,0.0001,0.0001,0.0001,0.0001,0,0.0001,0.1976,0.2255,0.1976,0.2255,
1.3473,1.3473,0.4491,0.8982,0.8982,0.8982,0.8982,0.4491,0.4491,0,1.3473,0.8982,0,1.3473,0.8982,1.7964,1.3473,0,0.4491,0.4491,0.0001,0.0001,0,0,0,0,0,0,0,0,0.0001,0,0,0.0001,0,0.0001,0.0001,0,0,0,0.2973,0.2536,0.2973,0.2536,
0.8049,1.6097,0.4024,1.2073,0.4024,1.2073,0.4024,1.2073,0.8049,0.4024,0.8049,0.4024,0.4024,1.2073,0.4024,0.4024,0,0.4024,1.6097,0,0,0.0001,0,0.0001,0,0.0001,0,0.0001,0,0,0,0,0,0.0001,0,0,0,0,0.0001,0,0.3031,0.2945,0.3031,0.2945,
0,0.94,0.47,2.8201,0.94,0.94,0,0.94,1.4101,1.4101,1.4101,1.4101,0,0.47,0.94,0.47,0.94,0.94,0.47,1.4101,0,0,0,0.0001,0,0,0,0,0.0001,0.0001,0.0001,0.0001,0,0,0,0,0,0,0,0.0001,0.258,0.2719,0.258,0.2719,
0.4551,0,0.4551,1.3653,1.3653,0.9102,0,3.1857,3.6408,2.2755,0.4551,0.4551,0.4551,0.9102,1.3653,0.9102,1.3653,1.3653,0.4551,0.9102,0,0,0,0.0001,0.0001,0.0001,0,0.0002,0.0002,0.0001,0,0,0,0.0001,0.0001,0.0001,0.0001,0.0001,0,0.0001,0.2762,0.2687,0.2762,0.2687,
0.6037,3.6224,0,0.6037,0.6037,2.4149,0,1.8112,0.6037,1.2075,0,1.2075,1.2075,0,0.6037,2.4149,0,1.2075,0,0.6037,0,0.0001,0,0,0,0.0001,0,0.0001,0,0,0,0,0,0,0,0.0001,0,0,0,0,0.2054,0.1909,0.2054,0.1909,
1.2658,0.4219,0.8439,1.6878,0,0.4219,0,0.4219,0.8439,0.8439,0.4219,2.1097,0.4219,0.8439,0.4219,0,0.8439,0.4219,2.1097,1.2658,0.0001,0,0,0.0001,0,0,0,0,0,0,0,0.0001,0,0,0,0,0,0,0.0001,0.0001,0.3341,0.244,0.3341,0.244,
0.5268,0.5268,0.5268,0.5268,0.5268,0.5268,0,1.0536,1.0536,2.1073,1.0536,0,0,1.5805,1.0536,2.1073,0.5268,0.5268,0,0.5268,0,0,0,0,0,0,0,0.0001,0.0001,0.0001,0.0001,0,0,0.0001,0.0001,0.0001,0,0,0,0,0.2576,0.2156,0.2576,0.2156,
1.1734,3.5202,0.5867,0.5867,1.1734,1.7601,0,1.1734,2.3468,0,0,0,1.1734,0,0,2.3468,0.5867,0,0,1.1734,0,0.0001,0,0,0,0.0001,0,0,0.0001,0,0,0,0,0,0,0.0001,0,0,0,0,0.2318,0.1815,0.2318,0.1815,
0,0.4202,0.4202,0.4202,0,0.4202,1.2605,0.4202,0.8403,1.6806,0.8403,0.4202,0.8403,1.2605,0.8403,0.8403,0.8403,1.2605,1.2605,0.4202,0,0,0,0,0,0,0.0001,0,0.0001,0.0001,0.0001,0,0.0001,0.0001,0.0001,0.0001,0.0001,0.0001,0.0001,0,0.3091,0.2708,0.3091,0.2708,
1.2158,2.4316,0.8105,0.8105,1.6211,0.4053,0.8105,1.6211,0,0.8105,0.8105,0.4053,0.4053,3.2421,0.4053,0,0.8105,0.4053,1.6211,0.8105,0,0.0001,0,0,0.0001,0,0,0.0001,0,0,0,0,0,0.0001,0,0,0,0,0.0001,0,0.273,0.3217,0.273,0.3217,
0.4553,0.9106,0.4553,1.3659,0.4553,0,0,0.4553,0.9106,0.4553,1.3659,0.9106,0.9106,0,1.8212,1.8212,0.9106,0,0,0.9106,0,0.0001,0,0.0001,0,0,0,0,0.0001,0,0.0001,0.0001,0.0001,0,0.0001,0.0001,0.0001,0,0,0.0001,0.2636,0.2812,0.2636,0.2812,
0.7089,1.0633,0.3544,1.4177,0.7089,1.4177,1.0633,0.7089,0.7089,1.4177,1.0633,1.4177,0.3544,0.7089,0.7089,0.7089,0.7089,1.0633,0.7089,0.3544,0,0.0001,0,0.0001,0,0.0001,0.0001,0,0,0.0001,0.0001,0.0001,0,0,0,0,0,0.0001,0,0,0.3107,0.3349,0.3107,0.3349,
0,0,0.7288,0,0,0,0,0.7288,0,0.7288,0,0.7288,0.7288,0,1.4576,0.7288,0,0,0,1.4576,0,0,0.0002,0,0,0,0,0.0002,0,0.0002,0,0.0002,0.0002,0,0.0003,0.0002,0,0,0,0.0003,0.1639,0.1073,0.1639,0.1073,
1.0003,0.5002,0.5002,0,1.0003,1.0003,0.5002,2.0007,0.5002,1.5005,2.0007,1.0003,0.5002,2.5008,0.5002,1.5005,1.0003,0.5002,0,0.5002,0.0001,0,0,0,0.0001,0.0001,0,0.0001,0,0.0001,0.0001,0.0001,0,0.0001,0,0.0001,0.0001,0,0,0,0.2292,0.2706,0.2292,0.2706,
1.4733,0.3683,1.105,1.105,1.4733,0.3683,1.105,0.3683,0.7367,0,0.7367,0.3683,0.7367,0.3683,1.4733,0.3683,0.7367,1.105,1.4733,0,0.0001,0,0.0001,0.0001,0.0001,0,0.0001,0,0,0,0,0,0,0,0.0001,0,0,0.0001,0.0001,0,0.3174,0.3142,0.3174,0.3142,
2.6793,0.8931,0.8931,1.3397,0.8931,0.4466,0.8931,1.7862,0.4466,0.4466,1.3397,1.7862,0.4466,1.3397,0,1.3397,0.8931,0.8931,0.8931,0.4466,0.0001,0,0,0.0001,0,0,0,0.0001,0,0,0.0001,0.0001,0,0.0001,0,0.0001,0,0,0,0,0.2417,0.3117,0.2417,0.3117,
0,0.3767,1.5067,1.5067,1.8833,1.5067,0.7533,0.3767,0,0.7533,0.3767,1.13,2.6367,0.7533,1.13,0.7533,0.3767,0,0.3767,0.3767,0,0,0.0001,0.0001,0.0001,0.0001,0,0,0,0,0,0.0001,0.0002,0,0.0001,0,0,0,0,0,0.3162,0.3072,0.3162,0.3072,
1.8376,0,0.6125,0,0,0.6125,0,1.8376,0,4.2877,0.6125,0,0,1.2251,0.6125,1.8376,1.2251,1.8376,0,1.8376,0.0001,0,0,0,0,0,0,0.0001,0,0.0003,0,0,0,0.0001,0,0.0001,0.0001,0.0001,0,0.0001,0.1839,0.2036,0.1839,0.2036,
0.3551,1.0654,0.3551,1.0654,0.3551,0.3551,1.0654,0.3551,0.7103,1.0654,0,0.7103,0.7103,0,1.4206,1.0654,0.3551,0.7103,1.0654,0.7103,0,0.0001,0,0.0001,0,0,0.0001,0,0,0.0001,0,0,0,0,0.0001,0.0001,0,0,0.0001,0,0.3485,0.2964,0.3485,0.2964,
1.4944,0,0.3736,0,0.3736,1.1208,0,0.3736,1.8681,0.7472,0.3736,0.7472,0.7472,0.7472,2.9889,0.3736,0.3736,1.8681,0,0.3736,0.0001,0,0,0,0,0.0001,0,0,0.0002,0.0001,0,0.0001,0.0001,0.0001,0.0002,0,0,0.0002,0,0,0.3596,0.2668,0.3596,0.2668,
0.7462,1.4925,0.7462,1.1193,1.1193,1.1193,1.1193,0,0,0.7462,0.3731,0.7462,0,1.1193,1.1193,0.7462,0.3731,1.1193,1.4925,1.1193,0,0.0001,0,0,0,0,0,0,0,0,0,0,0,0,0,0,0,0,0.0001,0,0.3428,0.2841,0.3428,0.2841,
1.2502,0,0,0.6251,0,1.8753,0,1.8753,0.6251,5.626,0.6251,1.2502,0.6251,1.2502,0,1.8753,0,3.1255,0,0,0.0001,0,0,0,0,0.0001,0,0.0001,0,0.0003,0,0.0001,0,0.0001,0,0.0001,0,0.0002,0,0,0.1863,0.1886,0.1863,0.1886,
0,0.6986,0,0,0,0,0,0.6986,0.6986,0.6986,0.6986,1.3972,0,1.3972,1.3972,0,0,0,0,0,0,0.0001,0,0,0,0,0,0.0001,0.0001,0.0001,0.0001,0.0002,0,0.0002,0.0002,0,0,0,0,0,0.1389,0.1625,0.1389,0.1625,
0.3684,0.7369,0,1.8422,0.7369,0.7369,1.4737,0,0.3684,0.7369,1.4737,0.3684,0.3684,1.4737,1.1053,0.7369,0,0.3684,1.4737,2.579,0,0,0,0.0001,0,0,0.0001,0,0,0,0.0001,0,0,0.0001,0.0001,0,0,0,0.0001,0.0001,0.3336,0.298,0.3336,0.298,
2.1287,0,0,0,2.1287,1.0644,0.5322,2.1287,0,1.5965,1.0644,1.0644,2.1287,2.1287,1.0644,1.0644,2.1287,2.1287,0.5322,0.5322,0.0001,0,0,0,0.0001,0.0001,0,0.0001,0,0.0001,0.0001,0.0001,0.0001,0.0001,0.0001,0.0001,0.0001,0.0001,0,0,0.2283,0.2395,0.2283,0.2395,
0.3643,1.8216,1.4573,0.3643,0.3643,1.4573,0.3643,0.3643,1.4573,0,1.0929,1.0929,0.7286,0.7286,0.3643,0.7286,1.0929,0.7286,0.3643,1.4573,0,0.0001,0.0001,0,0,0.0001,0,0,0.0001,0,0.0001,0.0001,0,0,0,0,0.0001,0,0,0.0001,0.3545,0.2812,0.3545,0.2812,
0.919,0,0.919,1.3785,1.3785,2.7571,0,0.4595,1.3785,0.4595,0,0.4595,0,0.4595,0.4595,0.919,0.4595,0.4595,0.4595,0.4595,0.0001,0,0.0001,0.0001,0.0001,0.0002,0,0,0.0001,0,0,0,0,0,0,0.0001,0,0,0,0,0.2776,0.2629,0.2776,0.2629,
1.1043,0.3681,1.4725,0,1.1043,0.3681,1.4725,0.3681,1.1043,0.3681,0.3681,1.1043,1.1043,0.7362,0.3681,0,0.7362,0.3681,0.7362,1.4725,0.0001,0,0.0001,0,0.0001,0,0.0001,0,0.0001,0,0,0.0001,0.0001,0,0,0,0,0,0,0.0001,0.3311,0.3008,0.3311,0.3008,
3.0675,0,0,1.227,3.681,0,0,0.6135,0.6135,4.2945,0.6135,0.6135,0,0,0,0.6135,1.227,0,0,1.227,0.0002,0,0,0.0001,0.0003,0,0,0,0,0.0003,0,0,0,0,0,0,0.0001,0,0,0.0001,0.2018,0.1847,0.2018,0.1847,
0,0.4034,1.6136,0.8068,1.2102,0.8068,0,0.8068,1.6136,0,0.8068,0.8068,0,1.6136,0.4034,1.2102,1.6136,0.8068,0.4034,0.4034,0,0,0.0001,0.0001,0.0001,0.0001,0,0.0001,0.0001,0,0.0001,0.0001,0,0.0001,0,0.0001,0.0001,0.0001,0,0,0.2903,0.3063,0.2903,0.3063,
1.2303,1.2303,0,0.8202,2.0505,0.8202,0,0.4101,1.2303,0.4101,2.4606,0.8202,0.4101,1.2303,1.2303,0.4101,1.6404,0.4101,0.4101,0.4101,0.0001,0.0001,0,0,0.0001,0,0,0,0.0001,0,0.0001,0,0,0.0001,0.0001,0,0.0001,0,0,0,0.2838,0.3061,0.2838,0.3061,
1.5844,0,1.1883,0.3961,1.1883,1.1883,1.1883,0.3961,0.7922,0.3961,0.7922,0.3961,0,1.1883,0,2.3765,0.3961,0.7922,0.3961,0,0.0001,0,0.0001,0,0.0001,0.0001,0.0001,0,0.0001,0,0.0001,0,0,0.0001,0,0.0002,0,0.0001,0,0,0.3081,0.2958,0.3081,0.2958,
0.8375,0,0.4188,0.4188,1.2563,0.4188,0.4188,1.2563,1.6751,0.8375,1.2563,0.4188,0.8375,0.4188,0.4188,1.2563,1.2563,0.4188,0.4188,1.6751,0.0001,0,0,0,0.0001,0,0,0.0001,0.0001,0.0001,0.0001,0,0.0001,0,0,0.0001,0.0001,0,0,0.0001,0.3168,0.2645,0.3168,0.2645,
3.2806,1.6403,1.0935,0,1.0935,0,0,1.0935,1.0935,2.1871,1.0935,0.5468,0.5468,0,0,0,0.5468,2.1871,1.0935,0,0.0002,0.0001,0.0001,0,0.0001,0,0,0.0001,0.0001,0.0001,0.0001,0,0,0,0,0,0,0.0001,0.0001,0,0.2505,0.2027,0.2505,0.2027,
0.3804,0.3804,1.1413,1.1413,0.7608,1.5217,0.7608,1.1413,0.7608,0.7608,1.1413,0.3804,0.3804,0.7608,0.7608,0.7608,0,0.7608,0.3804,1.1413,0,0,0.0001,0.0001,0,0.0001,0,0.0001,0,0,0.0001,0,0,0,0,0,0,0,0,0.0001,0.3526,0.267,0.3526,0.267,
2.4712,0,0,0,0,2.4712,0,0,0,0,0.8237,0,0,1.6475,0.8237,0,2.4712,0.8237,0,0,0.0005,0,0,0,0,0.0005,0,0,0,0,0.0002,0,0,0.0003,0.0002,0,0.0005,0.0002,0,0,0.1012,0.0751,0.1012,0.0751,
3.0858,0.5143,1.0286,0.5143,0.5143,2.0572,1.0286,1.0286,1.0286,1.5429,2.0572,0.5143,0,0.5143,0,0,1.5429,0.5143,0.5143,1.0286,0.0002,0,0.0001,0,0,0.0001,0.0001,0.0001,0.0001,0.0001,0.0001,0,0,0,0,0,0.0001,0,0,0.0001,0.2866,0.1991,0.2866,0.1991,
0.8877,2.2194,1.7755,1.3316,1.3316,0.8877,0,0.8877,0,0.8877,0.4439,0.8877,0,0,1.3316,1.3316,0.4439,0.8877,0,0.4439,0,0.0001,0.0001,0.0001,0.0001,0,0,0,0,0,0,0,0,0,0.0001,0.0001,0,0,0,0,0.2838,0.2723,0.2838,0.2723,
0.6298,0,0,0.6298,0.6298,0.6298,0,0.6298,1.8893,0.6298,0,0,0.6298,0.6298,0.6298,0.6298,0,0,0.6298,0,0.0001,0,0,0.0001,0.0001,0.0001,0,0.0001,0.0002,0.0001,0,0,0.0001,0.0001,0.0001,0.0001,0,0,0.0001,0,0.2294,0.1409,0.2294,0.1409,
0,0.6676,0,0.6676,0.6676,0.6676,2.0028,0,0,0,0,0.6676,0.6676,0,0,0.6676,0.6676,0,0.6676,0.6676,0,0.0001,0,0.0001,0.0001,0.0001,0.0002,0,0,0,0,0.0001,0.0001,0,0,0.0001,0.0001,0,0.0001,0.0001,0.18,0.1524,0.18,0.1524,
0.4166,1.2498,1.2498,0,0.8332,0.8332,1.2498,1.2498,0.8332,0.4166,2.0829,0,0.8332,1.2498,1.2498,0.8332,1.6663,0.8332,0.4166,0,0,0.0001,0.0001,0,0,0,0.0001,0.0001,0,0,0.0001,0,0,0.0001,0.0001,0,0.0001,0,0,0,0.3099,0.2736,0.3099,0.2736,
2.7072,0.7735,1.1602,1.547,0.3867,1.1602,0,1.1602,0,1.9337,0.3867,0.3867,0.7735,0.7735,0.7735,0.7735,1.1602,1.1602,0,1.1602,0.0001,0,0.0001,0.0001,0,0.0001,0,0.0001,0,0.0001,0,0,0,0,0,0,0.0001,0.0001,0,0.0001,0.2825,0.3307,0.2825,0.3307,
0.3539,1.0616,0.7077,0.7077,0,1.4154,0.3539,0.3539,2.477,0.3539,0,1.4154,0.3539,0.7077,1.0616,1.4154,0.7077,0.7077,0.3539,0.7077,0,0.0001,0,0,0,0.0001,0,0,0.0001,0,0,0.0001,0,0,0.0001,0.0001,0,0,0,0,0.3246,0.3215,0.3246,0.3215,
0.5554,0.5554,0.5554,0.5554,0.5554,1.6662,1.1108,1.6662,0,1.1108,1.1108,0,2.2216,1.1108,0.5554,0.5554,1.6662,1.1108,0.5554,0,0,0,0,0,0,0.0001,0.0001,0.0001,0,0.0001,0.0001,0,0.0001,0.0001,0,0,0.0001,0.0001,0,0,0.2348,0.2098,0.2348,0.2098,
1.0782,0,0,0,2.6956,0.5391,0,2.1565,0.5391,8.0868,0.5391,0.5391,1.6174,2.1565,0.5391,0.5391,0.5391,2.1565,0.5391,1.6174,0.0001,0,0,0,0.0001,0,0,0.0001,0,0.0004,0,0,0.0001,0.0001,0,0,0,0.0001,0,0.0001,0.2356,0.2252,0.2356,0.2252,
0.863,0.863,0.863,1.2945,0.4315,0,0.4315,0,0.4315,0.863,1.2945,0.863,1.2945,0.4315,1.2945,0.4315,1.726,0.863,1.2945,0.4315,0.0001,0.0001,0.0001,0.0001,0,0,0,0,0,0.0001,0.0001,0.0001,0.0001,0,0.0001,0,0.0001,0.0001,0.0001,0,0.3223,0.2462,0.3223,0.2462,
0.4711,0,0.4711,0.9422,0,1.4133,0.9422,0.4711,0.9422,0.9422,1.4133,0.9422,0.9422,0,0,0.4711,0,1.8843,0.4711,0.9422,0,0,0,0.0001,0,0.0001,0.0001,0,0.0001,0.0001,0.0001,0.0001,0.0001,0,0,0,0,0.0001,0,0.0001,0.2752,0.2537,0.2752,0.2537,
0.6528,1.3056,1.3056,0,0.6528,0,1.3056,0,1.3056,0,0,0.6528,0,0.6528,0,0,0.6528,0,0.6528,0.6528,0,0.0001,0.0001,0,0,0,0.0001,0,0.0001,0,0,0,0,0,0,0,0,0,0,0,0.162,0.1852,0.162,0.1852,
1.5942,0.3985,0.7971,0.7971,0.7971,0,0.7971,0.3985,1.1956,1.1956,0.7971,0.3985,0.7971,1.1956,1.1956,0.3985,0.3985,0.7971,0.3985,0.3985,0.0001,0,0.0001,0.0001,0.0001,0,0.0001,0,0.0001,0.0001,0.0001,0,0.0001,0.0001,0.0001,0,0,0.0001,0,0,0.287,0.3145,0.287,0.3145,
0,1.2972,0.3243,1.6215,0.9729,2.2701,0.9729,0,0.6486,0.6486,0.6486,0.6486,0.6486,0.6486,1.6215,0.6486,0.6486,0.6486,0.3243,0.3243,0,0.0001,0,0.0001,0,0.0001,0,0,0,0,0,0,0,0,0.0001,0,0,0,0,0,0.3075,0.3682,0.3075,0.3682,
1.3973,0.6986,0.6986,0.6986,0.6986,0.3493,0.3493,1.0479,0.6986,0.3493,1.7466,0.6986,0.6986,0.3493,1.0479,1.0479,0.6986,0.3493,2.4452,0.6986,0.0001,0,0,0,0,0,0,0.0001,0,0,0.0001,0,0,0,0.0001,0.0001,0,0,0.0001,0,0.3694,0.2812,0.3694,0.2812,
1.2952,0,0,0,0.6476,0.9714,0.3238,0,1.619,1.2952,0.6476,0.6476,0.3238,0.6476,3.5618,1.2952,1.2952,0.6476,0,0,0.0001,0,0,0,0.0001,0.0001,0,0,0.0001,0.0001,0.0001,0.0001,0,0.0001,0.0003,0.0001,0.0001,0.0001,0,0,0.3835,0.2927,0.3835,0.2927,
0.3457,0,0,0.3457,0.6914,1.7286,0.3457,0.6914,1.7286,0,0.6914,0,0,0,4.8401,1.3829,1.3829,1.3829,0,0,0,0,0,0,0.0001,0.0002,0,0.0001,0.0002,0,0.0001,0,0,0,0.0004,0.0001,0.0001,0.0001,0,0,0.3379,0.3164,0.3379,0.3164,
2.3676,0,0,1.5784,0,0,0,0,0,1.5784,0,0,1.5784,0,0,0.7892,0.7892,2.3676,0,0,0.0004,0,0,0.0002,0,0,0,0,0,0.0002,0,0,0.0002,0,0,0.0001,0.0001,0.0004,0,0,0.0752,0.1355,0.0752,0.1355,
1.2835,1.2835,0.6418,0.6418,0,0,0,1.2835,1.2835,0,1.2835,0,0,0,1.2835,0.6418,0,0,0,0,0.0001,0.0001,0.0001,0.0001,0,0,0,0.0001,0.0001,0,0.0001,0,0,0,0.0001,0.0001,0,0,0,0,0.1634,0.1948,0.1634,0.1948,
1.4068,0,0.9379,2.3447,1.4068,1.4068,0.4689,1.8758,0.4689,2.3447,0.4689,0,0.9379,0,0.4689,2.3447,1.8758,0.4689,0,0.9379,0.0001,0,0,0.0001,0.0001,0.0001,0,0.0001,0,0.0001,0,0,0,0,0,0.0001,0.0001,0,0,0,0.2544,0.2767,0.2544,0.2767,
1.7695,0,0,0.5898,0,1.1797,0,1.7695,0.5898,5.3084,0.5898,1.1797,0.5898,0.5898,0.5898,0.5898,1.1797,2.9491,0,0,0.0001,0,0,0,0,0.0001,0,0.0001,0,0.0004,0,0.0001,0,0,0,0,0.0001,0.0002,0,0,0.1933,0.2169,0.1933,0.2169,
1.6226,0,0,0,0.6491,0.9736,0.3245,0,1.6226,0.9736,0.6491,0.6491,0.3245,0.6491,3.5698,0.9736,0.9736,0.9736,0,0,0.0001,0,0,0,0.0001,0.0001,0,0,0.0001,0.0001,0.0001,0.0001,0,0.0001,0.0003,0.0001,0.0001,0.0001,0,0,0.3847,0.2908,0.3847,0.2908,
0,0,0.3309,1.3236,0.3309,0.3309,0.6618,0.3309,2.6472,1.9854,0.3309,0.9927,0.6618,0.3309,1.6545,0.9927,1.6545,0.9927,0,0.6618,0,0,0,0.0001,0,0,0.0001,0,0.0002,0.0002,0,0.0001,0.0001,0,0.0001,0.0001,0.0001,0.0001,0,0.0001,0.3193,0.3498,0.3193,0.3498,
0.3253,0,1.9517,0.3253,0.3253,1.3011,0.3253,0.6506,0.9758,1.3011,0.6506,0.6506,0.3253,1.3011,0.9758,0.3253,0.9758,2.277,0.6506,0.6506,0,0,0.0001,0,0,0.0001,0,0,0.0001,0.0001,0,0,0,0.0001,0.0001,0,0.0001,0.0001,0,0,0.3557,0.319,0.3557,0.319,
0.7663,1.1494,0.3831,0.7663,0.7663,1.1494,0.7663,1.9156,1.5325,1.1494,1.5325,1.9156,0.3831,0.3831,0.7663,0.7663,0.7663,0,0.3831,0.3831,0,0.0001,0,0,0,0.0001,0,0.0001,0.0001,0.0001,0.0001,0.0001,0,0,0,0,0,0,0,0,0.3387,0.2782,0.3387,0.2782,
1.1204,0,0,1.1204,0,1.1204,1.1204,0.5602,1.1204,0.5602,1.1204,0,1.1204,1.6805,0,0,1.1204,0.5602,0,0,0.0001,0,0,0.0001,0,0.0001,0.0001,0.0001,0.0001,0.0001,0.0001,0,0.0001,0.0002,0,0,0.0001,0.0001,0,0,0.2168,0.223,0.2168,0.223,
0.3752,0.7503,0,1.1255,0.7503,0.3752,1.5007,2.251,1.1255,0.7503,0.3752,0.3752,0.7503,0.7503,0.3752,1.5007,1.5007,0.7503,0.7503,0.7503,0,0,0,0.0001,0,0,0.0001,0.0001,0.0001,0,0,0,0,0,0,0.0001,0.0001,0,0,0,0.3402,0.2846,0.3402,0.2846,
1.5837,0,0,0,0.7919,0,0,2.3756,0.7919,3.9593,1.5837,0,0,0,0,0.7919,0,2.3756,0,0.7919,0.0002,0,0,0,0.0001,0,0,0.0004,0.0001,0.0006,0.0002,0,0,0,0,0.0001,0,0.0004,0,0.0001,0.1069,0.1013,0.1069,0.1013,
1.137,1.7054,0.5685,0.5685,1.137,0,0.5685,0.5685,0.5685,0.5685,0,1.7054,2.8424,0,0,0.5685,0.5685,0.5685,1.137,0,0.0001,0.0001,0,0,0.0001,0,0,0,0,0,0,0.0001,0.0001,0,0,0,0,0,0.0001,0,0.2078,0.2238,0.2078,0.2238,
0.4876,0.4876,1.9505,0.4876,0.9753,1.4629,0,0.4876,0.9753,0.4876,0,0.4876,0.9753,0,0.4876,0.9753,0.9753,1.4629,0,0.4876,0,0,0.0001,0,0.0001,0.0001,0,0,0.0001,0,0,0,0.0001,0,0,0.0001,0.0001,0.0001,0,0,0.2516,0.2608,0.2516,0.2608,
0.7197,1.4394,0.7197,0.3598,1.7992,0.7197,1.0795,0.3598,1.0795,1.0795,1.0795,0.7197,0.3598,1.4394,1.0795,0.3598,0.3598,0,1.0795,0,0,0.0001,0,0,0.0001,0,0,0,0,0,0,0,0,0.0001,0,0,0,0,0,0,0.32,0.3202,0.32,0.3202,
0.3848,0.7696,0.7696,0,1.1544,1.1544,0.7696,0.3848,1.1544,0.7696,1.1544,1.5392,1.1544,0.7696,1.5392,1.924,1.1544,0.3848,0.3848,0.7696,0,0,0,0,0.0001,0.0001,0,0,0.0001,0,0.0001,0.0001,0.0001,0,0.0001,0.0001,0.0001,0,0,0,0.3077,0.3075,0.3077,0.3075,
0,0,0,1.1303,0.5652,0,1.1303,1.1303,0,1.6955,1.1303,2.2607,0.5652,1.1303,0.5652,1.1303,0.5652,0,0,0.5652,0,0,0,0.0001,0.0001,0,0.0001,0.0001,0,0.0002,0.0001,0.0003,0.0001,0.0001,0.0001,0.0001,0.0001,0,0,0.0001,0.211,0.2239,0.211,0.2239,
0,3.9581,0,0.6597,0,3.2984,0,0.6597,0,0.6597,0,1.3194,1.9791,0,0.6597,1.9791,1.9791,1.3194,0.6597,0,0,0.0002,0,0,0,0.0001,0,0,0,0,0,0.0001,0.0001,0,0,0.0001,0.0001,0.0001,0,0,0.191,0.1493,0.191,0.1493,
0.5821,0,1.1643,0,0.5821,0,0,1.7464,1.7464,0.5821,0.5821,0,0,0,0.5821,0,0.5821,0,0,0.5821,0.0001,0,0.0001,0,0.0001,0,0,0.0002,0.0002,0.0001,0.0001,0,0,0,0.0001,0,0.0001,0,0,0.0001,0.202,0.2158,0.202,0.2158,
1.0437,0.5219,0.5219,1.5656,1.0437,2.6093,0,2.0875,0.5219,1.0437,1.0437,0.5219,0,0,0,0,0.5219,0.5219,1.0437,0.5219,0.0001,0,0,0.0001,0.0001,0.0002,0,0.0001,0,0.0001,0.0001,0,0,0,0,0,0,0,0.0001,0,0.2916,0.1866,0.2916,0.1866,
1.6873,0.4218,0.8436,1.2655,0.8436,0.8436,0.8436,0.4218,1.6873,1.2655,0.8436,0,0,0,0.4218,1.2655,1.2655,0.8436,0.4218,0,0.0001,0,0.0001,0.0001,0.0001,0.0001,0.0001,0,0.0001,0.0001,0.0001,0,0,0,0,0.0001,0.0001,0.0001,0,0,0.2873,0.2909,0.2873,0.2909,
0.3484,1.742,1.0452,1.0452,0.6968,0.3484,0.6968,1.3936,1.0452,1.0452,0.3484,0.6968,0,0.3484,1.0452,1.3936,1.3936,0.3484,1.3936,0.6968,0,0.0001,0,0,0,0,0,0.0001,0,0,0,0,0,0,0,0.0001,0.0001,0,0.0001,0,0.3121,0.3395,0.3121,0.3395,
0.7398,0.3699,0.3699,0.7398,0.7398,1.1096,0.7398,1.8494,0.3699,0.3699,1.1096,0.3699,0.7398,0.3699,0.7398,1.4795,0.7398,1.1096,1.4795,1.8494,0,0,0,0,0,0.0001,0,0.0001,0,0,0.0001,0,0,0,0,0.0001,0,0.0001,0.0001,0.0001,0.3209,0.3092,0.3209,0.3092,
1.0221,0.511,1.0221,1.0221,0.511,0,1.5331,0,0.511,1.0221,2.0442,0,1.0221,0,0.511,0,1.0221,1.5331,1.0221,0,0.0001,0,0.0001,0.0001,0,0,0.0001,0,0,0.0001,0.0001,0,0.0001,0,0,0,0.0001,0.0001,0.0001,0,0.2088,0.2801,0.2088,0.2801,
0.3845,0,0,0,0,0,1.538,0.3845,0.3845,2.6914,0.3845,0,2.6914,2.3069,2.3069,1.538,1.1535,0,0.3845,0.3845,0,0,0,0,0,0,0.0001,0,0,0.0002,0,0,0.0002,0.0002,0.0002,0.0001,0.0001,0,0,0,0.3515,0.264,0.3515,0.264,
0,0,1.3086,0,0,0,0.6543,0.6543,0,0,0,0,0,0,0.6543,0.6543,0,0.6543,1.9629,0,0,0,0.0001,0,0,0,0.0001,0.0001,0,0,0,0,0,0,0.0001,0.0001,0,0.0001,0.0002,0,0.1375,0.2082,0.1375,0.2082,
0.6843,0.6843,0.6843,0,0,0,1.3685,0,0.6843,1.3685,0.6843,0,0,0,0,0,0,0.6843,0.6843,0.6843,0.0001,0.0001,0.0001,0,0,0,0.0001,0,0.0001,0.0001,0.0001,0,0,0,0,0,0,0.0001,0.0001,0.0001,0.1527,0.163,0.1527,0.163,
5.6061,0,0.6229,0.6229,0,0,0,0,0.6229,0,0,3.1145,1.2458,1.2458,0.6229,1.8687,0.6229,0.6229,0,0,0.0006,0,0.0001,0.0001,0,0,0,0,0.0001,0,0,0.0003,0.0001,0.0001,0.0001,0.0002,0.0001,0.0001,0,0,0.2039,0.1732,0.2039,0.1732,
0.8133,1.6266,1.22,1.22,0.8133,1.22,1.6266,1.22,0,0,0.4067,0.8133,0.8133,1.22,0.8133,0,0,0,0.4067,1.6266,0,0.0001,0.0001,0.0001,0,0.0001,0.0001,0.0001,0,0,0,0,0,0.0001,0,0,0,0,0,0.0001,0.2817,0.3116,0.2817,0.3116,
1.0128,0,0,0,1.5193,0.5064,0,2.0257,0.5064,6.077,2.0257,1.0128,1.5193,0.5064,1.0128,1.0128,3.0385,1.5193,0,1.0128,0.0001,0,0,0,0.0001,0,0,0.0001,0,0.0003,0.0001,0.0001,0.0001,0,0.0001,0.0001,0.0002,0.0001,0,0.0001,0.2448,0.2488,0.2448,0.2488,
0,1.064,1.064,0.7093,0.7093,1.064,1.4187,0,0.7093,1.064,0.7093,0.3547,1.064,0,1.4187,0.3547,1.064,0.3547,0.3547,1.064,0,0.0001,0.0001,0,0,0.0001,0.0001,0,0,0.0001,0,0,0.0001,0,0.0001,0,0.0001,0,0,0.0001,0.3159,0.3294,0.3159,0.3294,
2.108,0,0.7027,0,0,0,0.7027,0,0.7027,0.7027,0,0,1.4053,0,0.7027,1.4053,0.7027,1.4053,0,0,0.0003,0,0.0001,0,0,0,0.0001,0,0.0001,0.0001,0,0,0.0002,0,0.0001,0.0002,0.0001,0.0002,0,0,0.2189,0.0785,0.2189,0.0785,
0,0,0,0,0,0.7465,0,0.7465,0.7465,0,0.7465,0.7465,0,0,0.7465,0,0,1.493,0.7465,0.7465,0,0,0,0,0,0.0001,0,0.0001,0.0001,0,0.0001,0.0001,0,0,0.0001,0,0,0.0002,0.0001,0.0001,0.1285,0.125,0.1285,0.125,
0.4174,0.8349,1.2523,0.8349,0.8349,0.8349,0.8349,0.4174,0.8349,0.4174,0,0.4174,1.2523,0,0.8349,0.8349,0,0,0.4174,1.2523,0,0,0.0001,0,0,0,0,0,0,0,0,0,0.0001,0,0,0,0,0,0,0.0001,0.2883,0.2942,0.2883,0.2942,
0.7379,0.7379,0,0.7379,0.7379,1.4757,0,0,0.7379,0.7379,0,0,0,0.7379,0.7379,0,0,0,0,0,0.0001,0.0001,0,0.0001,0.0001,0.0001,0,0,0.0001,0.0001,0,0,0,0.0001,0.0001,0,0,0,0,0,0.1412,0.1209,0.1412,0.1209,
2.3292,0,0,0.7764,0.7764,1.5528,0,0,0,0,0,0.7764,0.7764,0,0,0.7764,0,0.7764,0,0.7764,0.0003,0,0,0.0001,0.0001,0.0002,0,0,0,0,0,0.0001,0.0001,0,0,0.0001,0,0.0001,0,0.0001,0.1226,0.101,0.1226,0.101,
0,0.55,1.1001,0.55,0.55,0,1.6501,1.1001,0,0,1.6501,0,0.55,2.7501,1.1001,1.1001,0,1.1001,0,0,0,0,0.0001,0,0,0,0.0001,0.0001,0,0,0.0001,0,0,0.0002,0.0001,0.0001,0,0.0001,0,0,0.2158,0.2341,0.2158,0.2341,
0.9902,0.4951,0,0.9902,1.4853,0.9902,0.9902,0.9902,0.4951,0,1.4853,0,0,0,0.4951,0.9902,1.4853,0.4951,0.4951,0.9902,0.0001,0,0,0.0001,0.0001,0.0001,0.0001,0.0001,0,0,0.0001,0,0,0,0,0.0001,0.0001,0,0,0.0001,0.2717,0.2332,0.2717,0.2332,
0,0.945,0.4725,0.4725,1.4175,1.8899,0.945,1.4175,0.4725,0,0.4725,0.945,0.4725,1.4175,0.945,0,0.4725,0,0.4725,0.4725,0,0.0001,0,0,0.0001,0.0001,0.0001,0.0001,0,0,0,0.0001,0,0.0001,0.0001,0,0,0,0,0,0.2928,0.2347,0.2928,0.2347,
0,2.3378,0.5844,1.7533,0.5844,2.9222,0.5844,0,0,0,0,1.1689,0,0,0.5844,1.1689,1.1689,0,0.5844,0,0,0.0001,0,0.0001,0,0.0002,0,0,0,0,0,0.0001,0,0,0,0.0001,0.0001,0,0,0,0.2202,0.1953,0.2202,0.1953,
1.2113,1.817,0.6057,0.6057,0.6057,0,0,0,1.2113,1.2113,0,0,1.2113,0.6057,0.6057,0,1.2113,0.6057,0,0.6057,0.0001,0.0001,0,0,0,0,0,0,0.0001,0.0001,0,0,0.0001,0,0,0,0.0001,0,0,0,0.1809,0.2135,0.1809,0.2135,
0.5803,0,0.5803,0.5803,1.1606,0,0.5803,0.5803,0.5803,0.5803,1.1606,0.5803,1.1606,0.5803,0.5803,0,0,0.5803,1.7409,0,0.0001,0,0.0001,0.0001,0.0001,0,0.0001,0.0001,0.0001,0.0001,0.0001,0.0001,0.0001,0.0001,0.0001,0,0,0.0001,0.0002,0,0.2371,0.1826,0.2371,0.1826,
0,1.0797,0,0.5399,0.5399,1.0797,0,0.5399,0,0.5399,0,0,0,0,2.1594,0.5399,1.6196,0.5399,0,0.5399,0,0.0001,0,0,0,0.0001,0,0,0,0,0,0,0,0,0.0002,0,0.0001,0,0,0,0.2167,0.2435,0.2167,0.2435,
1.7872,0.7149,1.0723,0,1.4298,0.7149,1.7872,0.7149,0.7149,1.0723,0.7149,0.7149,0,1.0723,0.3574,0.3574,0.7149,0.3574,1.0723,1.0723,0.0001,0,0.0001,0,0.0001,0,0.0001,0,0,0.0001,0,0,0,0.0001,0,0,0,0,0.0001,0.0001,0.2936,0.349,0.2936,0.349,
0,0,0.5082,1.0163,1.5245,1.0163,1.0163,0.5082,0.5082,0,2.0327,0.5082,0,0.5082,0.5082,1.0163,0,0.5082,0.5082,1.0163,0,0,0,0.0001,0.0001,0.0001,0.0001,0,0,0,0.0002,0,0,0,0,0.0001,0,0,0,0.0001,0.2565,0.2354,0.2565,0.2354,
0.323,0.9689,0.323,1.2918,0,0.323,0.323,0.9689,2.2607,1.2918,0.323,1.6148,0.6459,0,2.2607,0.323,1.2918,0.6459,0,0.6459,0,0.0001,0,0.0001,0,0,0,0.0001,0.0001,0.0001,0,0.0001,0,0,0.0001,0,0.0001,0,0,0,0.3255,0.3516,0.3255,0.3516,
0,0,0.7812,1.5624,1.5624,0.7812,0.3906,0.3906,0.7812,0.7812,0,1.1718,1.5624,0.7812,0.3906,0.3906,0,0.7812,0.7812,1.9531,0,0,0.0001,0.0001,0.0001,0.0001,0,0,0.0001,0.0001,0,0.0001,0.0001,0.0001,0,0,0,0.0001,0.0001,0.0001,0.2966,0.3128,0.2966,0.3128,
0,0.551,0.551,1.102,0.551,1.102,0.551,0.551,0.551,0.551,0,0,1.102,0,1.102,1.653,0,0.551,0.551,0,0,0,0,0.0001,0,0.0001,0,0,0,0,0,0,0.0001,0,0.0001,0.0001,0,0,0,0,0.2056,0.2434,0.2056,0.2434,
1.3517,0,0,0.3379,0.3379,1.0138,0.6759,0,2.3655,0.3379,0.6759,0.6759,0.6759,0.3379,3.3793,0,1.6896,0.6759,0,0.3379,0.0001,0,0,0,0,0.0001,0.0001,0,0.0002,0,0.0001,0.0001,0.0001,0,0.0003,0,0.0002,0.0001,0,0,0.3336,0.3285,0.3336,0.3285,
0,0.6049,0.6049,0.6049,0,0.6049,0.6049,0.6049,0.6049,1.2098,1.2098,0,0,0.6049,0,0.6049,1.2098,0.6049,1.2098,1.2098,0,0,0,0,0,0,0,0,0,0.0001,0.0001,0,0,0,0,0,0.0001,0,0.0001,0.0001,0.1816,0.2135,0.1816,0.2135,
0.6163,0,0.6163,0,0,1.8488,0,0.6163,1.2325,0,0,0,1.2325,0.6163,0.6163,1.2325,0,0.6163,0.6163,0.6163,0.0001,0,0.0001,0,0,0.0002,0,0.0001,0.0001,0,0,0,0.0001,0.0001,0.0001,0.0001,0,0.0001,0.0001,0.0001,0.2047,0.1791,0.2047,0.1791,
0.7122,0,0.7122,0,0.7122,0,1.4244,0.7122,0.7122,0,1.4244,0,0,0,0,0.7122,0,1.4244,0,0,0.0001,0,0.0001,0,0.0001,0,0.0002,0.0001,0.0001,0,0.0002,0,0,0,0,0.0001,0,0.0002,0,0,0.1811,0.1067,0.1811,0.1067,
0,0.8039,0.4019,0.8039,0.8039,0.4019,1.6078,0,1.2058,0.8039,1.6078,2.4117,0.4019,0,1.2058,1.2058,0.8039,0.8039,0.4019,0,0,0,0,0,0,0,0.0001,0,0.0001,0,0.0001,0.0001,0,0,0.0001,0.0001,0,0,0,0,0.3034,0.2946,0.3034,0.2946,
2.967,0,0,0,1.1868,5.3406,0,1.1868,0,2.967,0.5934,0,0.5934,0,0.5934,1.1868,1.1868,3.5604,0.5934,1.1868,0.0002,0,0,0,0.0001,0.0003,0,0.0001,0,0.0002,0,0,0,0,0,0.0001,0.0001,0.0002,0,0.0001,0.181,0.2256,0.181,0.2256,
0.8718,1.3078,0.8718,0,0.4359,1.3078,0.8718,0,0.4359,0.4359,1.3078,1.3078,1.7437,1.3078,0.8718,0.4359,0,0.4359,0.8718,0.8718,0,0.0001,0,0,0,0.0001,0,0,0,0,0.0001,0.0001,0.0001,0.0001,0,0,0,0,0,0,0.2828,0.2813,0.2828,0.2813,
1.22,0,0,0.61,0,0.61,0,1.22,0.61,0.61,0,1.8301,0.61,0,0,1.22,0.61,1.22,1.22,3.0501,0.0001,0,0,0,0,0,0,0.0001,0,0,0,0.0001,0,0,0,0.0001,0,0.0001,0.0001,0.0002,0.224,0.166,0.224,0.166,
0.7951,1.5902,0.7951,0.3975,0.3975,0.7951,1.1926,0.3975,0.7951,1.9877,0.7951,0.7951,0.7951,1.1926,1.1926,1.1926,0.7951,0.7951,0,1.1926,0,0.0001,0,0,0,0,0.0001,0,0,0.0001,0,0,0,0.0001,0.0001,0.0001,0,0,0,0.0001,0.3286,0.2738,0.3286,0.2738,
0,0.9771,0.9771,0.9771,0.9771,0.6514,0.6514,0.6514,1.3028,0.3257,0.6514,0.6514,1.3028,0.6514,1.6285,0,0,1.3028,0.9771,0.6514,0,0.0001,0.0001,0.0001,0.0001,0,0,0,0.0001,0,0,0,0.0001,0,0.0001,0,0,0.0001,0.0001,0,0.3844,0.2899,0.3844,0.2899,
1.591,0,1.0606,0.5303,0,2.1213,0,2.6516,0,2.6516,0.5303,0,1.0606,1.0606,1.0606,2.1213,1.0606,1.0606,0,1.0606,0.0001,0,0.0001,0,0,0.0001,0,0.0002,0,0.0002,0,0,0.0001,0.0001,0.0001,0.0001,0.0001,0.0001,0,0.0001,0.246,0.2237,0.246,0.2237,
1.5903,0.3976,0.7951,0.7951,0.3976,0.7951,1.1927,1.1927,0.7951,0.3976,0.7951,0.7951,1.1927,1.1927,0.7951,1.1927,0.3976,0.7951,0.7951,0.7951,0.0001,0,0.0001,0.0001,0,0.0001,0.0001,0.0001,0.0001,0,0.0001,0.0001,0.0001,0.0001,0.0001,0.0001,0,0.0001,0.0001,0.0001,0.296,0.3065,0.296,0.3065,
0.8741,0.8741,0.4371,0.8741,0.8741,1.7482,0.4371,0.4371,0,0.4371,0,0.8741,0.8741,0,1.7482,0.4371,1.7482,0,0.8741,0.4371,0.0001,0.0001,0,0.0001,0.0001,0.0001,0,0,0,0,0,0.0001,0.0001,0,0.0001,0,0.0001,0,0.0001,0,0.2602,0.3027,0.2602,0.3027,
0.854,0.854,0.427,0.854,0,2.1349,0.854,2.1349,0.427,0.854,0.427,1.2809,1.2809,0.427,0.854,0.854,0.427,0.854,1.2809,0,0,0,0,0,0,0.0001,0,0.0001,0,0,0,0.0001,0.0001,0,0,0,0,0,0.0001,0,0.3169,0.2561,0.3169,0.2561,
2.4002,0,0,0,1.2001,1.8002,0,1.8002,1.2001,3.6003,0.6001,1.2001,0.6001,1.2001,0,0.6001,0.6001,3.0003,0.6001,0,0.0002,0,0,0,0.0001,0.0001,0,0.0001,0.0001,0.0002,0,0.0001,0,0.0001,0,0,0,0.0002,0,0,0.1824,0.2175,0.1824,0.2175,
0,3.9957,0,0.666,0.666,2.6638,0,1.3319,0.666,0,0,0.666,1.9979,0,0,1.9979,3.3298,1.3319,0.666,0,0,0.0001,0,0,0,0.0001,0,0,0,0,0,0,0.0001,0,0,0.0001,0.0001,0,0,0,0.1695,0.1645,0.1695,0.1645,
1.6939,0,0,0,0.6776,1.0163,0.3388,0,2.0327,1.0163,0.6776,0.3388,0.3388,0.3388,3.7266,1.0163,0.6776,1.0163,0,0,0.0001,0,0,0,0.0001,0.0001,0,0,0.0002,0.0001,0.0001,0,0,0,0.0003,0.0001,0.0001,0.0001,0,0,0.3278,0.3334,0.3278,0.3334,
0,0,0.6465,1.2931,0.3233,0.6465,0.3233,0.9698,2.2629,1.6163,0.3233,0.9698,0.6465,0,1.9396,0.6465,1.2931,1.2931,0,0.6465,0,0,0.0001,0.0001,0,0.0001,0,0.0001,0.0002,0.0001,0,0.0001,0.0001,0,0.0002,0.0001,0.0001,0.0001,0,0.0001,0.3352,0.3415,0.3352,0.3415,
0,0,0.7198,0,2.1594,0,0,0,0.7198,0,0.7198,0.7198,0,0,0.7198,0,0.7198,0,0.7198,0,0,0,0.0001,0,0.0003,0,0,0,0.0001,0,0.0001,0.0001,0,0,0.0001,0,0.0001,0,0.0001,0,0.1586,0.1216,0.1586,0.1216,
0,1.1744,0.3915,0,0,0.7829,0.7829,0.7829,2.3488,0.3915,0.7829,0.7829,0,0.7829,1.9574,1.1744,0,2.3488,0,0,0,0.0001,0,0,0,0.0001,0.0001,0.0001,0.0002,0,0.0001,0.0001,0,0.0001,0.0001,0.0001,0,0.0002,0,0,0.3139,0.2947,0.3139,0.2947,
1.1565,1.1565,2.8911,0.5782,0,1.1565,0,1.1565,1.7347,0,0,0,1.7347,1.1565,0.5782,0,1.1565,1.1565,0,1.1565,0.0001,0.0001,0.0002,0,0,0.0001,0,0.0001,0.0001,0,0,0,0.0001,0.0001,0,0,0.0001,0.0001,0,0.0001,0.212,0.2098,0.212,0.2098,
1.1122,0,0,1.1122,0,1.1122,0.3707,0.3707,1.1122,2.9659,0.7415,0,1.483,0,1.483,0.7415,0.3707,2.2245,1.8537,0,0.0001,0,0,0.0001,0,0.0001,0,0,0.0001,0.0002,0,0,0.0001,0,0.0001,0,0,0.0001,0.0001,0,0.3308,0.2984,0.3308,0.2984,
0,1.2507,0,0.6254,1.8761,0,1.2507,0.6254,0,2.5014,0.6254,0.6254,0.6254,0,0.6254,0.6254,0,1.2507,0,0.6254,0,0.0001,0,0,0.0001,0,0.0001,0,0,0.0001,0,0,0,0,0,0,0,0.0001,0,0,0.2075,0.1671,0.2075,0.1671,
0.6943,0,0,1.3886,0,1.3886,0,1.3886,0,2.0829,0.6943,1.3886,0.6943,0,0,1.3886,0.6943,0.6943,0,0,0.0001,0,0,0.0001,0,0.0001,0,0.0001,0,0.0002,0.0001,0.0001,0.0001,0,0,0.0001,0.0001,0.0001,0,0,0.15,0.1557,0.15,0.1557,
3.1222,0,0.6244,1.2489,1.8733,0.6244,0,4.3711,0,3.1222,0.6244,0,1.8733,0.6244,0,1.8733,0,1.8733,0,0.6244,0.0002,0,0,0.0001,0.0001,0,0,0.0002,0,0.0002,0,0,0.0001,0,0,0.0001,0,0.0001,0,0,0.175,0.2006,0.175,0.2006,
0,0,0,2.4463,0,0,0,0,0.6116,0.6116,0,0.6116,0,0.6116,0.6116,0.6116,0.6116,1.8347,0,1.8347,0,0,0,0.0003,0,0,0,0,0.0001,0.0001,0,0.0001,0,0.0001,0.0001,0.0001,0.0001,0.0002,0,0.0002,0.2154,0.173,0.2154,0.173,
0,3.2241,0,0,0,3.2241,0.5374,0.5374,2.1494,0,0,1.0747,0,0.5374,0.5374,0,0,0,0,0.5374,0,0.0002,0,0,0,0.0002,0,0,0.0001,0,0,0.0001,0,0,0,0,0,0,0,0,0.2513,0.2114,0.2513,0.2114,
0.7774,1.5549,1.1662,1.5549,0.7774,0.7774,0.3887,0.3887,0.3887,0.7774,1.5549,0,0.7774,0.7774,0.7774,2.721,0.3887,0,0.3887,1.1662,0,0.0001,0.0001,0.0001,0,0,0,0,0,0,0.0001,0,0,0,0,0.0001,0,0,0,0.0001,0.3288,0.2825,0.3288,0.2825,
1.0865,1.0865,1.0865,0.5432,1.0865,0.5432,1.0865,0,0.5432,1.0865,0.5432,0,1.6297,0,1.0865,0.5432,0,0,0,0.5432,0.0001,0.0001,0.0001,0,0.0001,0,0.0001,0,0,0.0001,0,0,0.0001,0,0.0001,0,0,0,0,0,0.2599,0.1969,0.2599,0.1969,
0,0,0.777,0,0.777,2.3309,0,0.777,0,1.5539,0.777,0.777,0,0,0,1.5539,0.777,0.777,0,0.777,0,0,0.0001,0,0.0001,0.0002,0,0.0001,0,0.0001,0.0001,0.0001,0,0,0,0.0001,0.0001,0.0001,0,0.0001,0.095,0.128,0.095,0.128,
1.6534,0,0.5511,1.1023,2.7557,1.6534,0.5511,1.1023,0,0,0,1.1023,1.1023,0.5511,0,0.5511,1.6534,0,0.5511,1.1023,0.0001,0,0,0.0001,0.0002,0.0001,0,0.0001,0,0,0,0.0001,0.0001,0,0,0,0.0001,0,0,0.0001,0.2254,0.2235,0.2254,0.2235,
0,0,0,0.5225,2.0898,1.0449,0,0.5225,0.5225,4.1796,1.0449,2.6123,1.5674,0.5225,0.5225,1.5674,1.0449,1.5674,0,1.0449,0,0,0,0,0.0001,0.0001,0,0,0,0.0002,0.0001,0.0001,0.0001,0,0,0.0001,0.0001,0.0001,0,0.0001,0.2409,0.2367,0.2409,0.2367,
0,1.1492,0,0.7661,0,0.7661,0.3831,1.5322,3.0644,0,0.3831,0.3831,1.1492,0.7661,1.9153,0.3831,0,1.5322,0,0,0,0.0001,0,0,0,0,0,0.0001,0.0002,0,0,0,0.0001,0,0.0001,0,0,0.0001,0,0,0.3518,0.2652,0.3518,0.2652,
0,0.6963,0,0.6963,0.6963,0,0,0,0.6963,0.6963,0,0,0,0,0,0.6963,1.3926,0,1.3926,0,0,0.0001,0,0.0001,0.0001,0,0,0,0.0001,0.0001,0,0,0,0,0,0.0001,0.0001,0,0.0001,0,0.1626,0.1411,0.1626,0.1411,
1.9635,0,0,0,0.3273,0.9818,0.3273,0.3273,1.9635,0.6545,0.6545,0.3273,0.3273,0.6545,3.5998,0.3273,0.9818,0.6545,0,0.3273,0.0002,0,0,0,0,0.0001,0,0,0.0002,0.0001,0.0001,0,0,0.0001,0.0003,0,0.0001,0.0001,0,0,0.3443,0.3285,0.3443,0.3285,
1.1507,1.1507,1.726,0.5753,0.5753,0.5753,0,0.5753,0.5753,0.5753,0.5753,0.5753,2.3014,0.5753,0,1.1507,0.5753,1.1507,1.1507,1.1507,0.0001,0.0001,0.0001,0,0,0,0,0,0,0,0,0,0.0001,0,0,0.0001,0,0.0001,0.0001,0.0001,0.219,0.2057,0.219,0.2057,
0,0,0,0,0,0,0,1.384,1.384,0,1.384,0.692,0,0,1.384,0,0.692,0,0.692,1.384,0,0,0,0,0,0,0,0.0003,0.0003,0,0.0003,0.0002,0,0,0.0003,0,0.0002,0,0.0002,0.0003,0.1552,0.1528,0.1552,0.1528,
0.4088,0.8177,1.2265,0.8177,0.8177,0.8177,0.4088,0,0.8177,0.8177,1.6354,2.0442,0,1.2265,0,0.4088,0,0.4088,1.6354,1.2265,0,0,0.0001,0,0,0,0,0,0,0,0.0001,0.0001,0,0.0001,0,0,0,0,0.0001,0.0001,0.3322,0.259,0.3322,0.259,
0.4832,0,0.9664,0.4832,0.9664,0.4832,0.9664,0,0.4832,0.9664,0.4832,0.4832,0,1.4496,0.4832,1.9328,1.4496,0.4832,0.4832,0.9664,0,0,0.0001,0,0.0001,0,0.0001,0,0,0.0001,0,0,0,0.0001,0,0.0001,0.0001,0,0,0.0001,0.264,0.2528,0.264,0.2528,
0.4283,0.8565,0,0.4283,0.8565,0.8565,0.4283,0,0.4283,0,0,0.8565,1.7131,0.8565,2.1413,0.4283,0.8565,0.4283,1.7131,0.8565,0,0.0001,0,0,0.0001,0.0001,0,0,0,0,0,0.0001,0.0001,0.0001,0.0001,0,0.0001,0,0.0001,0.0001,0.2856,0.2862,0.2856,0.2862,
0.3779,0.7559,0.7559,0,0.3779,0.7559,0.3779,1.8896,0.7559,2.2676,1.1338,1.1338,0,1.5117,1.1338,2.2676,0.3779,0.3779,1.1338,1.5117,0,0,0,0,0,0,0,0.0001,0,0.0001,0,0,0,0.0001,0,0.0001,0,0,0,0.0001,0.342,0.2801,0.342,0.2801,
1.6567,0.3313,1.6567,1.6567,0.994,0,1.6567,0.994,0.6627,0,0,0.6627,0.994,0.3313,0,0.994,0.6627,0,0.6627,1.6567,0.0001,0,0.0001,0.0001,0.0001,0,0.0001,0.0001,0,0,0,0,0.0001,0,0,0.0001,0,0,0,0.0001,0.3342,0.3344,0.3342,0.3344,
0.3971,1.1914,0.7943,1.1914,0.3971,1.1914,1.1914,1.1914,0.7943,0.7943,0,1.1914,0.7943,0,1.1914,0,0.7943,0.3971,0.7943,1.1914,0,0.0001,0,0.0001,0,0.0001,0.0001,0.0001,0,0,0,0.0001,0,0,0.0001,0,0,0,0,0.0001,0.3004,0.3024,0.3004,0.3024,
1.2737,0,0.6368,1.2737,1.2737,0.6368,0,3.1842,0,1.9105,1.2737,0,1.9105,0,0.6368,3.1842,1.2737,3.1842,0,1.2737,0.0001,0,0,0.0001,0.0001,0,0,0.0002,0,0.0001,0.0001,0,0.0001,0,0,0.0002,0.0001,0.0002,0,0.0001,0.1776,0.1855,0.1776,0.1855,
0,1.4034,0.9356,0.9356,0.4678,0.4678,0.4678,1.4034,0.9356,0,2.339,1.8712,1.4034,0.9356,0,0.4678,0.4678,1.4034,0.9356,0.9356,0,0.0001,0,0,0,0,0,0.0001,0,0,0.0001,0.0001,0.0001,0,0,0,0,0.0001,0,0,0.294,0.2382,0.294,0.2382,
0,1.4376,0.7188,0.7188,0,1.4376,1.797,0.3594,0,0.7188,1.0782,0,2.1564,0.3594,1.797,1.4376,0.3594,0.3594,1.0782,0.3594,0,0.0001,0,0,0,0.0001,0.0001,0,0,0,0,0,0.0001,0,0.0001,0.0001,0,0,0,0,0.3144,0.3262,0.3144,0.3262,
0,0,1.7389,0.5796,0,0.5796,1.1593,1.1593,0.5796,0.5796,1.1593,0.5796,1.1593,1.1593,0,0.5796,1.1593,1.1593,0,0.5796,0,0,0.0002,0.0001,0,0.0001,0.0001,0.0001,0.0001,0.0001,0.0001,0.0001,0.0001,0.0001,0,0.0001,0.0001,0.0001,0,0.0001,0.2154,0.205,0.2154,0.205,
2.3743,0,0,0,0.6784,1.3567,0.3392,0.6784,1.0175,0.3392,0.6784,0.6784,0.6784,0.3392,4.4094,1.0175,0.6784,0,0,0,0.0002,0,0,0,0.0001,0.0001,0,0.0001,0.0001,0,0.0001,0.0001,0.0001,0,0.0004,0.0001,0.0001,0,0,0,0.3666,0.2942,0.3666,0.2942,
0,0.8026,0.8026,0.8026,1.6053,0,0,0,0,0.8026,0,0,0,0,0,0,1.6053,1.6053,0,1.6053,0,0.0001,0.0001,0.0001,0.0002,0,0,0,0,0.0001,0,0,0,0,0,0,0.0002,0.0002,0,0.0002,0.1138,0.0835,0.1138,0.0835,
0.9885,0,0,0,2.9654,0.4942,0,1.4827,0.4942,5.9308,0.4942,0.4942,1.4827,1.9769,0.9885,0.9885,0.4942,2.4712,0,1.9769,0.0001,0,0,0,0.0002,0,0,0.0001,0,0.0003,0,0,0.0001,0.0001,0.0001,0.0001,0,0.0001,0,0.0001,0.2433,0.2625,0.2433,0.2625,
0.3832,1.9162,1.1497,0.3832,1.1497,0.3832,1.1497,0.3832,1.5329,1.1497,0.7665,1.5329,0.3832,1.1497,0.7665,0.7665,1.1497,0,0.3832,1.9162,0,0.0001,0.0001,0,0.0001,0,0.0001,0,0.0001,0.0001,0,0.0001,0,0.0001,0,0,0.0001,0,0,0.0001,0.3022,0.3146,0.3022,0.3146,
0.8675,0.4337,0.8675,0.8675,0.8675,0.8675,0,1.3012,1.3012,0.8675,0,0.4337,0.8675,1.7349,0.4337,0,1.3012,2.6024,0,1.3012,0.0001,0,0.0001,0.0001,0.0001,0.0001,0,0.0001,0.0001,0.0001,0,0,0.0001,0.0001,0,0,0.0001,0.0002,0,0.0001,0.2805,0.2858,0.2805,0.2858,
0.9453,0,0.4727,0.4727,0.4727,1.418,0,0,0.4727,0.9453,0,0.9453,0.4727,0,1.8907,0.9453,0.9453,1.418,0.4727,0.4727,0.0001,0,0,0,0,0.0001,0,0,0,0.0001,0,0.0001,0,0,0.0002,0.0001,0.0001,0.0001,0,0,0.252,0.2753,0.252,0.2753,
1.5968,1.0645,0,1.5968,1.0645,2.1291,0,1.0645,0.5323,1.0645,0.5323,0.5323,1.5968,0.5323,0.5323,3.1936,1.0645,0,1.5968,1.0645,0.0001,0,0,0.0001,0,0.0001,0,0,0,0,0,0,0.0001,0,0,0.0001,0,0,0.0001,0,0.2119,0.2559,0.2119,0.2559,
0.4325,0.8651,0.4325,3.4603,0.4325,0,0.4325,0.4325,0.4325,0.8651,0.8651,1.2976,0.8651,0,0.8651,0.4325,1.7301,0.4325,0.8651,0.8651,0,0,0,0.0002,0,0,0,0,0,0,0,0.0001,0,0,0,0,0.0001,0,0,0,0.2858,0.2816,0.2858,0.2816,
0,0.6517,0,1.3033,0,1.3033,0,0,0.6517,0.6517,1.3033,0,0.6517,0.6517,0.6517,0,0,0,0,1.3033,0,0.0001,0,0.0001,0,0.0001,0,0,0.0001,0.0001,0.0001,0,0.0001,0.0001,0.0001,0,0,0,0,0.0001,0.2171,0.1312,0.2171,0.1312,
0,0,0.5803,1.7409,0,1.1606,0,0,0,2.9014,1.1606,1.1606,0,0.5803,1.1606,0,0.5803,0.5803,0,0,0,0,0,0.0001,0,0.0001,0,0,0,0.0002,0.0001,0.0001,0,0,0.0001,0,0,0,0,0,0.2328,0.1869,0.2328,0.1869,
0.5112,0.5112,0.5112,1.5337,0.5112,1.5337,0,0.5112,0,1.0225,1.5337,0.5112,0.5112,0,0.5112,0.5112,0.5112,1.5337,0.5112,2.0449,0,0,0,0.0001,0,0.0001,0,0,0,0.0001,0.0001,0,0,0,0,0,0,0.0001,0,0.0001,0.2588,0.23,0.2588,0.23,
2.6289,0,0,0.6572,1.9717,0,0,3.2861,0.6572,3.2861,0.6572,1.9717,0.6572,0.6572,0,0.6572,1.9717,2.6289,0,0.6572,0.0002,0,0,0.0001,0.0002,0,0,0.0003,0.0001,0.0003,0.0001,0.0002,0.0001,0.0001,0,0.0001,0.0002,0.0002,0,0.0001,0.1767,0.166,0.1767,0.166,
0.9284,0,0.9284,1.8568,0.4642,0.4642,0,1.8568,1.8568,0.9284,0.4642,0.4642,1.8568,0,0,2.321,0,1.8568,0.4642,0.9284,0.0001,0,0.0001,0.0001,0,0,0,0.0001,0.0001,0.0001,0,0,0.0001,0,0,0.0001,0,0.0001,0,0.0001,0.282,0.2538,0.282,0.2538,
0.389,0,0.778,1.167,1.167,0.389,0,0.389,1.945,0.389,0.778,0,2.334,1.556,1.945,0.389,0.389,0.389,0,0.389,0,0,0.0001,0.0001,0.0001,0,0,0,0.0002,0,0.0001,0,0.0002,0.0001,0.0002,0,0,0,0,0,0.3463,0.2647,0.3463,0.2647,
2.4715,0,0,1.2357,1.8536,0,0,3.0894,1.8536,3.0894,0.6179,1.2357,0.6179,0.6179,0,0.6179,1.8536,1.8536,0,0.6179,0.0002,0,0,0.0001,0.0002,0,0,0.0003,0.0002,0.0003,0.0001,0.0001,0.0001,0.0001,0,0.0001,0.0002,0.0002,0,0.0001,0.2082,0.174,0.2082,0.174,
0,0,0.5922,0.5922,0.5922,2.3687,0,1.1844,0.5922,1.1844,1.1844,1.1844,0.5922,0.5922,0,1.1844,0.5922,1.7766,0,0.5922,0,0,0,0,0,0.0002,0,0.0001,0,0.0001,0.0001,0.0001,0,0,0,0.0001,0,0.0001,0,0,0.2255,0.1823,0.2255,0.1823,
5.8647,0,0,2.6065,0.6516,0,0,0,0,0,0,0,1.3033,0,0,0.6516,0.6516,1.3033,0,0,0.0007,0,0,0.0003,0.0001,0,0,0,0,0,0,0,0.0002,0,0,0.0001,0.0001,0.0002,0,0,0.1825,0.1659,0.1825,0.1659,
0.5357,0,0.5357,1.0715,2.1429,0.5357,0,0.5357,0,3.7501,0.5357,2.6786,0.5357,1.0715,0.5357,1.6072,1.0715,1.6072,0.5357,1.0715,0,0,0,0.0001,0.0001,0,0,0,0,0.0002,0,0.0002,0,0.0001,0,0.0001,0.0001,0.0001,0,0.0001,0.2562,0.2081,0.2562,0.2081,
0.4133,0.4133,0.4133,0.4133,0.8266,1.2399,0.4133,0.8266,0.8266,2.0665,0,0,0.4133,1.2399,2.0665,0.4133,0.4133,0.8266,0,0.4133,0,0,0,0,0.0001,0.0001,0,0.0001,0.0001,0.0001,0,0,0,0.0001,0.0001,0,0,0.0001,0,0,0.3625,0.2242,0.3625,0.2242,
0.8591,0.4295,1.2886,1.2886,0.4295,1.2886,0,0.4295,1.2886,0.8591,0.8591,0,0.8591,1.2886,0,1.7181,0.4295,0,0.8591,1.7181,0,0,0.0001,0.0001,0,0.0001,0,0,0.0001,0,0,0,0,0.0001,0,0.0001,0,0,0,0.0001,0.303,0.2675,0.303,0.2675,
1.253,0,0.4177,1.6706,0,0.4177,0.4177,0.8353,0.8353,1.253,0,0.8353,2.5059,0.4177,1.253,0,0.8353,0,0,2.0883,0.0001,0,0,0.0001,0,0,0,0.0001,0.0001,0.0001,0,0.0001,0.0002,0,0.0001,0,0.0001,0,0,0.0002,0.2833,0.2991,0.2833,0.2991,
1.5112,0,1.0075,0.5037,0.5037,2.0149,0,2.5187,0,3.0224,0.5037,0,1.0075,1.0075,1.0075,1.0075,1.0075,1.0075,0,1.0075,0.0001,0,0.0001,0,0,0.0001,0,0.0001,0,0.0002,0,0,0.0001,0.0001,0.0001,0.0001,0.0001,0.0001,0,0.0001,0.2557,0.2405,0.2557,0.2405,
0.4142,2.8991,2.0708,0.8283,0.4142,2.0708,0,0.4142,0.8283,0.8283,0,0.8283,0,0.4142,0.4142,0.8283,0,0,0.4142,1.2425,0,0.0001,0.0001,0,0,0.0001,0,0,0,0,0,0,0,0,0,0,0,0,0,0.0001,0.2836,0.3022,0.2836,0.3022,
0.7035,0,0.7035,3.5175,0,0,0,0,0.7035,0,0.7035,0,0,2.814,0,0,0.7035,0,0,0,0.0003,0,0.0003,0.0014,0,0,0,0,0.0003,0,0.0003,0,0,0.0011,0,0,0.0003,0,0,0,0.2311,0.0654,0.2311,0.0654,
0.344,0.344,1.0319,0.344,0.6879,0.344,1.3758,0.6879,2.4077,0.344,0.6879,0,1.0319,0.6879,1.3758,0.6879,0.344,1.0319,1.0319,0.6879,0,0,0.0001,0,0,0,0.0001,0,0.0002,0,0,0,0.0001,0,0.0001,0,0,0.0001,0.0001,0,0.3454,0.3106,0.3454,0.3106,
0.4818,0,1.4454,0,1.4454,0.9636,0.4818,0.4818,0.9636,1.4454,0.4818,0,1.4454,0.4818,0.4818,0.9636,0.4818,1.4454,0.4818,0.9636,0,0,0.0001,0,0.0001,0.0001,0,0,0.0001,0.0001,0,0,0.0001,0,0,0.0001,0,0.0001,0,0.0001,0.267,0.2512,0.267,0.2512,
0,2.6539,1.327,1.327,0,0.4423,0.4423,0.8846,2.2116,1.327,0,0.4423,0.8846,0.8846,0,0,0,0.8846,0.8846,0.8846,0,0.0001,0,0,0,0,0,0,0.0001,0,0,0,0,0,0,0,0,0,0,0,0.257,0.3006,0.257,0.3006,
1.2749,0.8499,0.8499,0,0,1.2749,0.8499,0.8499,0.8499,1.2749,0,0,0.425,0.8499,0.8499,1.2749,0.425,0.425,1.2749,1.2749,0.0001,0,0,0,0,0.0001,0,0,0,0.0001,0,0,0,0,0,0.0001,0,0,0.0001,0.0001,0.3076,0.2675,0.3076,0.2675,
1.0667,1.4222,0,1.0667,0,0.7111,0.7111,0.7111,2.4889,1.0667,0.3556,1.7778,1.0667,0.3556,1.0667,0.7111,1.0667,0.3556,0,0.7111,0.0001,0.0001,0,0.0001,0,0,0,0,0.0001,0.0001,0,0.0001,0.0001,0,0.0001,0,0.0001,0,0,0,0.322,0.3224,0.322,0.3224,
0.4008,1.2023,0,0.4008,0,0.8015,0.8015,1.2023,2.8053,0,1.2023,0.4008,0.8015,0.8015,2.0038,0.8015,0.4008,1.603,0,0,0,0.0001,0,0,0,0.0001,0.0001,0.0001,0.0002,0,0.0001,0,0.0001,0.0001,0.0001,0.0001,0,0.0001,0,0,0.3299,0.2694,0.3299,0.2694,
0.7376,0.7376,1.4751,0.7376,0,0.3688,1.1063,1.1063,1.1063,0.3688,1.1063,0.7376,0.7376,0.3688,0.3688,1.4751,1.1063,0.3688,0.3688,1.8439,0,0,0.0001,0,0,0,0.0001,0.0001,0.0001,0,0.0001,0,0,0,0,0.0001,0.0001,0,0,0.0001,0.3079,0.3233,0.3079,0.3233,
0.4029,2.0146,0.8058,0.4029,0.4029,1.2088,1.2088,0.4029,0.8058,0.8058,1.2088,1.6117,0.8058,0.8058,0.8058,0.4029,0.4029,0,1.2088,0,0,0.0001,0,0,0,0.0001,0.0001,0,0,0,0.0001,0.0001,0,0,0,0,0,0,0.0001,0,0.2976,0.2994,0.2976,0.2994,
1.9942,0,0,1.5953,0.3988,1.9942,0.3988,0.3988,2.393,0.3988,0.7977,2.7918,0.7977,1.5953,1.1965,0.7977,1.1965,0.3988,0,0.3988,0.0001,0,0,0.0001,0,0.0001,0,0,0.0002,0,0.0001,0.0002,0.0001,0.0001,0.0001,0.0001,0.0001,0,0,0,0.2589,0.3422,0.2589,0.3422,
0.8246,0.4123,0.8246,0.4123,1.2369,0.8246,1.2369,0,0.4123,0.8246,1.6492,1.2369,0.8246,1.2369,1.2369,1.2369,0.8246,1.2369,0.4123,0.8246,0.0001,0,0.0001,0,0.0001,0.0001,0.0001,0,0,0.0001,0.0001,0.0001,0.0001,0.0001,0.0001,0.0001,0.0001,0.0001,0,0.0001,0.3184,0.2693,0.3184,0.2693,
0.6535,0,3.9212,0.6535,0,0,3.9212,0.6535,0,0,0,0.6535,1.3071,0,0,0,0,1.3071,0,0,0.0001,0,0.0004,0.0001,0,0,0.0004,0.0001,0,0,0,0.0001,0.0001,0,0,0,0,0.0001,0,0,0.1276,0.2189,0.1276,0.2189,
0,0.7282,0,0,0,1.4564,0,0,1.4564,0.7282,0.7282,0,0.7282,0,0,0,0,0,1.4564,0,0,0.0001,0,0,0,0.0001,0,0,0.0001,0.0001,0.0001,0,0.0001,0,0,0,0,0,0.0001,0,0.1542,0.1176,0.1542,0.1176,
0.3727,1.8634,0.3727,1.4907,0.7454,0,0.7454,0.3727,1.8634,0.7454,0.7454,1.118,0.7454,1.118,0.3727,0.3727,0.7454,0.7454,0.3727,1.118,0,0.0001,0,0.0001,0,0,0,0,0.0001,0,0,0,0,0,0,0,0,0,0,0,0.3023,0.3251,0.3023,0.3251,
0.8181,0.8181,0.4091,1.2272,0.4091,0.4091,1.6363,0.8181,1.2272,0.4091,0.8181,0.8181,0.4091,1.2272,0.4091,1.2272,0,0,1.2272,0.8181,0.0001,0.0001,0,0.0001,0,0,0.0001,0.0001,0.0001,0,0.0001,0.0001,0,0.0001,0,0.0001,0,0,0.0001,0.0001,0.3107,0.2802,0.3107,0.2802,
1.0179,0,2.0357,0,0.5089,1.5268,0,1.0179,0.5089,3.0536,0.5089,2.0357,0,2.0357,0,4.5804,4.0714,0.5089,0,0.5089,0.0001,0,0.0001,0,0,0.0001,0,0.0001,0,0.0002,0,0.0001,0,0.0001,0,0.0003,0.0002,0,0,0,0.2627,0.2283,0.2627,0.2283,
1.288,0.644,0,0.644,0,1.288,0,1.9321,0.644,0.644,0.644,0,0,1.288,0.644,0,0.644,0,0.644,0.644,0.0001,0.0001,0,0.0001,0,0.0001,0,0.0002,0.0001,0.0001,0.0001,0,0,0.0001,0.0001,0,0.0001,0,0.0001,0.0001,0.1609,0.1951,0.1609,0.1951,
1.5406,0.7703,0.3851,0,1.9257,0.7703,0,0.7703,0.3851,0.3851,1.1554,1.9257,0,0.7703,1.9257,1.5406,0.7703,0.3851,1.1554,0,0.0001,0,0,0,0.0001,0,0,0,0,0,0.0001,0.0001,0,0,0.0001,0.0001,0,0,0.0001,0,0.2891,0.3257,0.2891,0.3257,
1.3247,1.7663,1.3247,0.8832,0.4416,0,2.2079,1.3247,0.8832,0,0.4416,0.8832,1.3247,0,0.4416,0.4416,1.7663,0,0,0.4416,0.0001,0.0001,0.0001,0,0,0,0.0001,0.0001,0,0,0,0,0.0001,0,0,0,0.0001,0,0,0,0.3135,0.2449,0.3135,0.2449,
0.4122,0.4122,0.8243,2.0609,1.6487,1.2365,0.4122,1.6487,0.8243,1.6487,0.4122,0,1.6487,1.2365,0.4122,0,0.8243,0.4122,0,0,0,0,0.0001,0.0001,0.0001,0.0001,0,0.0001,0.0001,0.0001,0,0,0.0001,0.0001,0,0,0.0001,0,0,0,0.2602,0.3276,0.2602,0.3276,
0,2.4056,0.4811,0.9622,0.9622,0.9622,0.9622,0.4811,0,0.9622,0.4811,0,0.9622,0,1.4433,0.4811,0,0.4811,0,1.9245,0,0.0001,0,0,0,0,0,0,0,0,0,0,0,0,0.0001,0,0,0,0,0.0001,0.2708,0.248,0.2708,0.248,
0.4797,0.4797,0.4797,0.4797,0,0.9594,0,0.9594,0,1.4391,0.4797,0.9594,0.9594,0.9594,1.9188,1.4391,1.4391,0.9594,0,0,0,0,0,0,0,0.0001,0,0.0001,0,0.0001,0,0.0001,0.0001,0.0001,0.0001,0.0001,0.0001,0.0001,0,0,0.3019,0.2184,0.3019,0.2184,
1.1548,0.3849,1.9246,1.1548,0,0.3849,1.9246,0.7698,0.3849,0.3849,0.3849,0.7698,0.3849,0.7698,0,0.7698,0.3849,0,1.1548,1.5397,0.0001,0,0.0001,0.0001,0,0,0.0001,0,0,0,0,0,0,0,0,0,0,0,0.0001,0.0001,0.3146,0.3005,0.3146,0.3005,
1.8045,1.0827,1.4436,1.0827,0.7218,1.0827,1.8045,0.3609,0,0,0,0,0.3609,1.4436,0,1.0827,0.3609,1.0827,1.4436,0.7218,0.0001,0.0001,0.0001,0.0001,0,0.0001,0.0001,0,0,0,0,0,0,0.0001,0,0.0001,0,0.0001,0.0001,0,0.3077,0.3315,0.3077,0.3315,
1.6345,1.6345,1.6345,0,0.4086,0,1.6345,0.8172,0.8172,0.8172,0.4086,0.4086,2.0431,2.0431,0.8172,2.0431,1.6345,0,0.4086,0.8172,0.0001,0.0001,0.0001,0,0,0,0.0001,0,0,0,0,0,0.0001,0.0001,0,0.0001,0.0001,0,0,0,0.279,0.3124,0.279,0.3124,
1.9699,0.788,0.788,1.5759,0.394,0.394,0,1.5759,1.5759,0.394,0.394,0.788,0.788,0.788,1.1819,0.788,1.5759,0.788,0,0.788,0.0001,0,0,0.0001,0,0,0,0.0001,0.0001,0,0,0,0,0,0.0001,0,0.0001,0,0,0,0.3253,0.2807,0.3253,0.2807,
0,0.4538,0.9077,0,0.4538,0,1.8153,0.9077,0.4538,0,1.3615,0.9077,0.9077,0,1.3615,1.3615,0.4538,1.8153,0.4538,0.4538,0,0,0.0001,0,0,0,0.0001,0.0001,0,0,0.0001,0.0001,0.0001,0,0.0001,0.0001,0,0.0001,0,0,0.2914,0.2548,0.2914,0.2548,
1.3701,1.0276,0.3425,1.0276,0.6851,1.3701,1.0276,0.6851,0.3425,0,0.6851,0.6851,0.3425,0.6851,1.3701,0,1.3701,0.3425,1.0276,1.3701,0.0001,0.0001,0,0.0001,0,0.0001,0.0001,0,0,0,0,0,0,0,0.0001,0,0.0001,0,0.0001,0.0001,0.3352,0.3223,0.3352,0.3223,
0.4414,0.8828,0.8828,0.8828,0.4414,0.4414,0.8828,0.8828,0,2.6483,0.8828,0.8828,2.6483,1.7655,0.4414,1.3241,1.3241,0.8828,1.7655,0,0,0,0,0,0,0,0,0,0,0.0001,0,0,0.0001,0.0001,0,0.0001,0.0001,0,0.0001,0,0.2812,0.2775,0.2812,0.2775,
0.7895,1.5789,0.7895,1.1842,0,1.1842,1.1842,0.7895,0.7895,0.7895,0.3947,0,1.1842,0,0.3947,1.1842,0.7895,0.7895,0,2.3684,0,0.0001,0,0.0001,0,0.0001,0.0001,0,0,0,0,0,0.0001,0,0,0.0001,0,0,0,0.0001,0.3019,0.3034,0.3019,0.3034,
0.7569,0.3784,0,0,1.1353,1.1353,0.7569,1.1353,1.1353,0.3784,0.7569,0.7569,0.3784,0.3784,1.5137,0.7569,0.7569,1.1353,0.7569,1.8922,0,0,0,0,0.0001,0.0001,0,0.0001,0.0001,0,0,0,0,0,0.0001,0,0,0.0001,0,0.0001,0.3457,0.2759,0.3457,0.2759,
3.3779,0,0.4826,0.4826,2.4128,0.9651,0,0.9651,0,4.8256,0.4826,0.4826,2.4128,0.9651,0.9651,0.4826,0,2.4128,0.4826,0.4826,0.0002,0,0,0,0.0001,0.0001,0,0.0001,0,0.0003,0,0,0.0001,0.0001,0.0001,0,0,0.0001,0,0,0.2653,0.2521,0.2653,0.2521,
1.057,0.3523,1.7617,2.4664,0.3523,1.057,0,1.057,1.057,0.3523,0.7047,0,0.3523,0,1.057,1.057,1.7617,1.4094,0,1.4094,0.0001,0,0.0001,0.0001,0,0.0001,0,0.0001,0.0001,0,0,0,0,0,0.0001,0.0001,0.0001,0.0001,0,0.0001,0.3191,0.3286,0.3191,0.3286,
0,0.7491,0,0,0.7491,1.4983,0.7491,0,0.7491,0,1.4983,0.7491,0,0,0,0.7491,0,0,0,0,0,0.0001,0,0,0.0001,0.0002,0.0001,0,0.0001,0,0.0002,0.0001,0,0,0,0.0001,0,0,0,0,0.153,0.0978,0.153,0.0978,
0.5783,3.4697,0,0.5783,0,1.7348,0,1.7348,1.7348,0,0,1.1566,1.1566,0,0,2.3131,0,2.3131,0.5783,0.5783,0,0.0001,0,0,0,0.0001,0,0.0001,0.0001,0,0,0,0,0,0,0.0001,0,0.0001,0,0,0.2189,0.2029,0.2189,0.2029,
1.2556,1.2556,0.4185,0,0.8371,1.6742,0.4185,0.8371,1.6742,2.0927,1.2556,0.8371,0.8371,0.8371,0.8371,0.4185,0.8371,0.8371,0.8371,0.4185,0.0001,0.0001,0,0,0,0.0001,0,0,0.0001,0.0001,0.0001,0,0,0,0,0,0,0,0,0,0.2889,0.2926,0.2889,0.2926,
1.4656,0,0.3664,1.4656,0.3664,0.7328,0.7328,1.832,1.0992,0.7328,0.3664,1.4656,1.4656,0,1.4656,1.0992,1.0992,1.0992,0.7328,0.3664,0.0001,0,0,0.0001,0,0.0001,0.0001,0.0001,0.0001,0.0001,0,0.0001,0.0001,0,0.0001,0.0001,0.0001,0.0001,0.0001,0,0.3251,0.3085,0.3251,0.3085,
0.4751,0.9502,0.4751,1.9004,0.9502,0.4751,1.4253,0.4751,0.4751,0.9502,0.4751,0,0.9502,1.4253,0.9502,0.4751,1.4253,0.4751,0,0,0,0.0001,0,0.0001,0.0001,0,0.0001,0,0,0.0001,0,0,0.0001,0.0001,0.0001,0,0.0001,0,0,0,0.2556,0.2693,0.2556,0.2693,
0.8147,0.8147,0.4073,0,0,0.8147,1.222,0.8147,2.0367,0.4073,0.8147,0.4073,0,0.4073,0.8147,0.4073,0.8147,1.6294,0.4073,0,0.0001,0.0001,0,0,0,0.0001,0.0001,0.0001,0.0001,0,0.0001,0,0,0,0.0001,0,0.0001,0.0001,0,0,0.2913,0.3013,0.2913,0.3013,
0.6723,1.0084,1.3445,0.3361,1.0084,0.6723,1.0084,1.3445,1.0084,0.3361,0,0.6723,0.3361,1.0084,0.6723,1.6807,0.6723,0.3361,0.6723,1.6807,0,0,0.0001,0,0,0,0,0.0001,0,0,0,0,0,0,0,0.0001,0,0,0,0.0001,0.3324,0.3314,0.3324,0.3314,
1.0887,1.633,1.633,0.5443,0.5443,0.5443,0,0.5443,0.5443,1.0887,0,1.0887,0,1.0887,0,0.5443,0,2.1773,0,0,0.0001,0.0001,0.0001,0,0,0,0,0,0,0.0001,0,0.0001,0,0.0001,0,0,0,0.0001,0,0,0.2357,0.22,0.2357,0.22,
0,0,0.7315,0.7315,0,0,0,1.4629,0.7315,2.1944,0,0,0,0.7315,0,0,0,0,0.7315,0,0,0,0.0001,0.0001,0,0,0,0.0002,0.0001,0.0003,0,0,0,0.0001,0,0,0,0,0.0001,0,0.1771,0.0915,0.1771,0.0915,
0.5703,0,1.7108,0.5703,0,1.1405,0,0.5703,1.1405,0,0,0,1.1405,0.5703,0.5703,0.5703,0.5703,1.7108,0,0.5703,0.0001,0,0.0002,0.0001,0,0.0001,0,0.0001,0.0001,0,0,0,0.0001,0.0001,0.0001,0.0001,0.0001,0.0002,0,0.0001,0.2006,0.2292,0.2006,0.2292,
1.7076,0,0,0,0.683,1.0246,0.3415,0,2.3907,1.0246,0.683,0.683,0.3415,0.3415,3.4152,1.0246,1.0246,0.683,0,0,0.0001,0,0,0,0.0001,0.0001,0,0,0.0002,0.0001,0.0001,0.0001,0,0,0.0003,0.0001,0.0001,0.0001,0,0,0.3279,0.3306,0.3279,0.3306,
0.3419,0.6838,1.0257,1.0257,1.3676,0.6838,0.6838,1.3676,0.6838,1.3676,0.3419,1.3676,1.0257,1.0257,0.6838,0.6838,0.6838,0.3419,0.6838,0.6838,0,0,0,0,0.0001,0,0,0.0001,0,0.0001,0,0.0001,0,0,0,0,0,0,0,0,0.3341,0.324,0.3341,0.324,
1.4024,2.3374,0.9349,0.4675,0.9349,0,0.4675,1.8699,0.4675,1.4024,0,1.4024,0,0.9349,0.9349,1.8699,1.4024,0,0.4675,0,0.0001,0.0001,0,0,0,0,0,0.0001,0,0.0001,0,0.0001,0,0,0,0.0001,0.0001,0,0,0,0.2909,0.2416,0.2909,0.2416,
0.7976,0.7976,0.3988,0,0.3988,0.3988,0.3988,0.7976,1.9941,0.7976,0.3988,0.3988,0.3988,1.5953,3.1906,1.1965,0.3988,1.5953,0,0.3988,0.0001,0.0001,0,0,0,0,0,0.0001,0.0001,0.0001,0,0,0,0.0001,0.0002,0.0001,0,0.0001,0,0,0.3477,0.2535,0.3477,0.2535,
3.3994,0,0.4856,0.9713,2.9138,0.4856,0,0.9713,0.9713,3.3994,0.9713,0,1.9425,0.4856,0,0.9713,0,3.3994,0.4856,0,0.0002,0,0,0.0001,0.0002,0,0,0.0001,0.0001,0.0002,0.0001,0,0.0001,0,0,0.0001,0,0.0002,0,0,0.2734,0.241,0.2734,0.241,
0.7307,2.5573,1.096,0.3653,1.4613,0.7307,0.7307,0,0.3653,0,0,2.5573,0.7307,0.3653,1.096,1.096,0.3653,1.8267,0.3653,1.096,0,0.0001,0,0,0.0001,0,0,0,0,0,0,0.0001,0,0,0,0,0,0.0001,0,0,0.3268,0.3079,0.3268,0.3079,
0.7017,0.7017,0.7017,0.3508,0.7017,1.4033,1.4033,0,1.0525,1.4033,0.3508,0.3508,0.7017,0.3508,1.4033,2.105,0.3508,0.3508,1.4033,0.7017,0,0,0,0,0,0.0001,0.0001,0,0.0001,0.0001,0,0,0,0,0.0001,0.0001,0,0,0.0001,0,0.3201,0.329,0.3201,0.329,
0.5031,0,1.0061,0.5031,1.5092,2.0122,0,3.0183,0,4.0245,0.5031,0,1.0061,1.0061,1.0061,0,1.0061,0.5031,0,1.0061,0,0,0.0001,0,0.0001,0.0001,0,0.0002,0,0.0002,0,0,0.0001,0.0001,0.0001,0,0.0001,0,0,0.0001,0.2578,0.2391,0.2578,0.2391,
0.7615,1.523,0,1.9037,1.9037,0.3807,0.3807,0.7615,1.1422,0,0.7615,0.7615,0.7615,0.7615,0.3807,0.3807,0.3807,1.523,1.523,0.3807,0,0.0001,0,0.0001,0.0001,0,0,0,0,0,0,0,0,0,0,0,0,0.0001,0.0001,0,0.3214,0.2979,0.3214,0.2979,
1.2274,1.2274,0,0,0,0.6137,0,1.2274,0.6137,0,0.6137,0,0,1.2274,1.2274,0,0,0.6137,0.6137,1.2274,0.0001,0.0001,0,0,0,0,0,0.0001,0,0,0,0,0,0.0001,0.0001,0,0,0,0,0.0001,0.2256,0.1607,0.2256,0.1607,
0.7203,0,0,0.7203,0,1.4406,0.7203,0,0.7203,0,0,0.7203,0.7203,0,0,0.7203,0,0,0,0.7203,0.0001,0,0,0.0001,0,0.0003,0.0001,0,0.0001,0,0,0.0001,0.0001,0,0,0.0001,0,0,0,0.0001,0.167,0.1126,0.167,0.1126,
1.2992,0,0,0,0.6496,0.9744,0.3248,0,1.6241,0.9744,0.6496,0.9744,0.3248,0.6496,3.5729,1.2992,0.6496,0.9744,0,0,0.0001,0,0,0,0.0001,0.0001,0,0,0.0001,0.0001,0.0001,0.0001,0,0.0001,0.0003,0.0001,0.0001,0.0001,0,0,0.3831,0.2921,0.3831,0.2921,
0,0.7185,0,0.7185,0,0.7185,0,0,0.7185,0.7185,0,0,0.7185,0,0,0.7185,0.7185,0.7185,0.7185,0.7185,0,0.0001,0,0.0001,0,0.0001,0,0,0.0001,0.0001,0,0,0.0001,0,0,0.0001,0.0001,0.0001,0.0001,0.0001,0.1491,0.1325,0.1491,0.1325,
1.0244,0,0,1.0244,2.561,0.5122,0,2.0488,2.0488,2.0488,0.5122,0,1.0244,0.5122,0.5122,0.5122,2.0488,1.0244,0,0.5122,0.0001,0,0,0.0001,0.0002,0,0,0.0002,0.0002,0.0002,0,0,0.0001,0,0,0,0.0002,0.0001,0,0,0.2345,0.2533,0.2345,0.2533,
1.8817,0,0.3136,0.3136,0.6272,1.2545,0.3136,0,1.5681,0.9408,0.6272,0.9408,0.3136,0.3136,3.1361,0.9408,0.9408,0.9408,0,0.3136,0.0001,0,0,0,0,0.0001,0,0,0.0001,0.0001,0,0.0001,0,0,0.0002,0.0001,0.0001,0.0001,0,0,0.3372,0.3492,0.3372,0.3492,
0,1.1303,0.3768,0,0,0.7535,0.3768,1.1303,2.6373,0.3768,0.3768,0.3768,1.1303,0.7535,2.2605,0.3768,0,1.8838,0,0,0,0.0001,0,0,0,0,0,0.0001,0.0002,0,0,0,0.0001,0,0.0001,0,0,0.0001,0,0,0.3219,0.3014,0.3219,0.3014,
0.6594,0.3297,0.3297,1.6484,0.989,0,0.6594,1.3187,1.6484,1.6484,0.3297,0.989,0,0.989,2.6374,0.3297,0.6594,0,0.6594,0.3297,0,0,0,0.0001,0.0001,0,0,0.0001,0.0001,0.0001,0,0.0001,0,0.0001,0.0002,0,0,0,0,0,0.3447,0.3257,0.3447,0.3257,
0.7993,0.3997,1.199,0.7993,0,1.199,1.9983,0,0.3997,1.199,0.3997,1.199,0.3997,0.7993,0.3997,0.3997,0.7993,0.3997,0.7993,0.3997,0.0001,0,0.0001,0.0001,0,0.0001,0.0002,0,0,0.0001,0,0.0001,0,0.0001,0,0,0.0001,0,0.0001,0,0.3124,0.2879,0.3124,0.2879,
1.5414,1.5414,1.156,1.5414,0.7707,0.3853,0.7707,0.3853,0.3853,0.3853,0,0,0.3853,1.156,0.7707,0,1.5414,0.7707,1.9267,0.3853,0.0001,0.0001,0.0001,0.0001,0,0,0,0,0,0,0,0,0,0.0001,0,0,0.0001,0,0.0001,0,0.2918,0.3228,0.2918,0.3228,
2.7907,0.9302,0,1.3954,0,0.9302,0.4651,0.9302,1.3954,0.9302,0.9302,1.3954,0.9302,0.4651,0,0.4651,2.3256,0.4651,0.4651,0.4651,0.0001,0,0,0.0001,0,0,0,0,0.0001,0,0,0.0001,0,0,0,0,0.0001,0,0,0,0.2863,0.2486,0.2863,0.2486,
1.061,0,1.5915,0,1.5915,0,1.061,0,0.5305,0.5305,0.5305,0.5305,1.5915,0,0.5305,1.061,0,0.5305,0.5305,0,0.0001,0,0.0001,0,0.0001,0,0.0001,0,0,0,0,0,0.0001,0,0,0.0001,0,0,0,0,0.2971,0.1724,0.2971,0.1724,
0,1.0006,2.0011,0.5003,0.5003,0.5003,0,1.0006,0.5003,1.0006,0.5003,0,0,1.5008,0.5003,1.5008,0.5003,0,0,0,0,0.0001,0.0001,0,0,0,0,0.0001,0,0.0001,0,0,0,0.0001,0,0.0001,0,0,0,0,0.2628,0.2369,0.2628,0.2369,
2.4117,0,0,1.2059,1.2059,0,0,4.2205,0.6029,2.4117,0.6029,1.8088,0.6029,0,0,1.2059,1.2059,2.4117,0,0.6029,0.0002,0,0,0.0001,0.0001,0,0,0.0003,0,0.0002,0,0.0001,0,0,0,0.0001,0.0001,0.0002,0,0,0.2103,0.1868,0.2103,0.1868,
0,0.4843,0.4843,0.9686,0.9686,0,1.453,1.453,1.453,2.4216,0,0.4843,0,0.9686,0.4843,0.4843,0.4843,1.453,0.9686,1.9373,0,0,0,0.0001,0.0001,0,0.0001,0.0001,0.0001,0.0001,0,0,0,0.0001,0,0,0,0.0001,0.0001,0.0001,0.2474,0.2683,0.2474,0.2683,
0.4718,2.831,1.4155,1.4155,0,0.9437,0,0.4718,1.8873,0.9437,0.4718,0,0.4718,0.4718,1.4155,0.9437,0.4718,0,0,0.4718,0,0.0001,0.0001,0.0001,0,0,0,0,0.0001,0,0,0,0,0,0.0001,0,0,0,0,0,0.2582,0.27,0.2582,0.27,
1.1619,0,0.581,0,1.1619,0,0,0,0.581,0,0.581,1.1619,0,1.7429,0.581,0.581,1.1619,1.1619,0.581,0.581,0.0001,0,0.0001,0,0.0001,0,0,0,0.0001,0,0.0001,0.0001,0,0.0002,0.0001,0.0001,0.0001,0.0001,0.0001,0.0001,0.2056,0.2135,0.2056,0.2135,
0.8179,0,0,0,0.8179,1.6358,0,0.8179,0,1.6358,0,0,1.6358,0,0.8179,0.8179,0,0,0,0,0.0001,0,0,0,0.0001,0.0002,0,0.0001,0,0.0002,0,0,0.0002,0,0.0001,0.0001,0,0,0,0,0.108,0.0741,0.108,0.0741,
0,1.1406,0.3802,0.3802,0,0.7604,0.3802,1.1406,2.2811,0,0.7604,0.7604,0.7604,1.1406,1.901,0.3802,0,1.901,0,0,0,0.0001,0,0,0,0,0,0.0001,0.0001,0,0,0,0,0.0001,0.0001,0,0,0.0001,0,0,0.3257,0.2941,0.3257,0.2941,
1.5601,0.78,0.78,0.78,0,0.39,0.39,0.78,0.78,0.78,1.1701,2.3401,0.78,1.1701,1.5601,2.3401,0.39,0,0.78,0.78,0.0001,0,0,0,0,0,0,0,0,0,0.0001,0.0001,0,0.0001,0.0001,0.0001,0,0,0,0,0.288,0.322,0.288,0.322,
3.1941,0.6388,0,0,1.2777,2.5553,0,3.833,0.6388,4.4718,0.6388,0,0,0,0,1.2777,0,0,0,1.2777,0.0002,0,0,0,0.0001,0.0001,0,0.0002,0,0.0002,0,0,0,0,0,0.0001,0,0,0,0.0001,0.1999,0.1613,0.1999,0.1613,
0.7743,0,0,1.1614,2.3228,0.7743,0.7743,1.9357,1.1614,3.0971,0.7743,0.3871,0.3871,0.7743,0.3871,0.7743,0.7743,0,0,0.3871,0.0001,0,0,0.0001,0.0002,0.0001,0.0001,0.0001,0.0001,0.0002,0.0001,0,0,0.0001,0,0.0001,0.0001,0,0,0,0.3087,0.3042,0.3087,0.3042,
1.0911,1.0911,1.0911,1.8184,0.7274,0.7274,0.7274,0.7274,0.3637,1.0911,0.3637,0,1.4547,0.7274,0,1.4547,0.3637,1.8184,1.4547,0.3637,0,0,0,0.0001,0,0,0,0,0,0,0,0,0.0001,0,0,0.0001,0,0.0001,0.0001,0,0.331,0.3054,0.331,0.3054,
2.9097,0,0,0,0,2.9097,0.4849,0.9699,0.9699,2.4247,1.4548,1.9398,0.9699,1.4548,0.4849,0.9699,1.4548,1.4548,0,0.9699,0.0002,0,0,0,0,0.0002,0,0.0001,0.0001,0.0001,0.0001,0.0001,0.0001,0.0001,0,0.0001,0.0001,0.0001,0,0.0001,0.2521,0.263,0.2521,0.263,
1.9089,0.9544,0,0.4772,0.4772,0.9544,0.4772,0,0.4772,1.9089,0,0,0.9544,0.4772,1.9089,0.9544,1.9089,0.9544,0,0.4772,0.0001,0.0001,0,0,0,0.0001,0,0,0,0.0001,0,0,0.0001,0,0.0001,0.0001,0.0001,0.0001,0,0,0.2418,0.281,0.2418,0.281,
0.4055,1.6221,0.4055,1.6221,0,2.0276,1.2165,0.4055,0.4055,1.6221,0.811,2.0276,1.2165,0.4055,0,0.4055,0.4055,0,1.6221,0.811,0,0.0001,0,0.0001,0,0.0001,0,0,0,0.0001,0,0.0001,0,0,0,0,0,0,0.0001,0,0.3019,0.2926,0.3019,0.2926,
0.3761,0.3761,1.5043,0.3761,0.7522,0.7522,1.1283,0.7522,1.1283,0.7522,0.7522,0,0.3761,1.5043,0.3761,0.3761,0,1.5043,1.8804,0.7522,0,0,0.0001,0,0,0,0.0001,0,0.0001,0,0,0,0,0.0001,0,0,0,0.0001,0.0001,0,0.3029,0.3211,0.3029,0.3211,
0.5175,0.5175,0.5175,1.5526,1.5526,3.1052,0.5175,1.0351,0,0.5175,0,0,1.0351,1.0351,0,1.5526,1.0351,1.5526,0,0.5175,0,0,0,0.0001,0.0001,0.0002,0,0.0001,0,0,0,0,0.0001,0.0001,0,0.0001,0.0001,0.0001,0,0,0.2487,0.2338,0.2487,0.2338,
3.7564,0,0.4696,0.4696,0,0,0.4696,0.9391,1.8782,0,0.4696,0,4.6955,0,0.9391,1.8782,0.4696,0.9391,0,0.4696,0.0003,0,0,0,0,0,0,0.0001,0.0002,0,0,0,0.0004,0,0.0001,0.0002,0,0.0001,0,0,0.2663,0.2641,0.2663,0.2641,
0.3936,2.3616,1.1808,0,0.3936,0.3936,0.7872,1.1808,0.3936,0.7872,2.3616,0.7872,0.3936,1.1808,1.1808,0.7872,1.1808,1.1808,1.1808,0.3936,0,0.0001,0,0,0,0,0,0,0,0,0.0001,0,0,0,0,0,0,0,0,0,0.2963,0.3101,0.2963,0.3101,
1.3933,1.8577,0,0.9289,0.4644,1.8577,0.4644,0.9289,0.9289,0.9289,0,0.4644,0.9289,0.4644,0.9289,0,1.3933,0.4644,0.9289,0.4644,0.0001,0.0001,0,0,0,0.0001,0,0,0,0,0,0,0,0,0,0,0.0001,0,0,0,0.2612,0.2744,0.2612,0.2744,
0.7148,0.3574,0.7148,0,1.0721,2.5016,0.7148,1.0721,1.4295,0.3574,0.7148,0.7148,0.7148,1.0721,0.7148,1.0721,0.7148,0.7148,1.4295,0.7148,0,0,0,0,0.0001,0.0001,0,0.0001,0.0001,0,0,0,0,0.0001,0,0.0001,0,0,0.0001,0,0.3014,0.3413,0.3014,0.3413,
0.763,0,0.763,0.763,0.763,0,0,0.763,0,0,2.2891,0,0.763,1.5261,0,0,0.763,1.5261,0,1.5261,0.0001,0,0.0001,0.0001,0.0001,0,0,0.0001,0,0,0.0003,0,0.0001,0.0002,0,0,0.0001,0.0002,0,0.0002,0.1306,0.1064,0.1306,0.1064,
1.528,0,0.6112,0.3056,0.3056,0.3056,0.9168,0.3056,2.7503,0.6112,0.3056,0.3056,0.9168,0,1.528,0.6112,1.2224,1.2224,0.3056,0.6112,0.0001,0,0,0,0,0,0.0001,0,0.0002,0,0,0,0.0001,0,0.0001,0,0.0001,0.0001,0,0,0.3323,0.3622,0.3323,0.3622,
0.8777,0,0.8777,0.4389,3.9497,0.8777,0,0.4389,0.4389,3.072,0.8777,0.4389,1.3166,0,0.8777,1.7554,1.7554,0.8777,0,0.4389,0,0,0,0,0.0002,0,0,0,0,0.0002,0,0,0.0001,0,0,0.0001,0.0001,0,0,0,0.2919,0.2692,0.2919,0.2692,
0.6141,1.8424,1.8424,0.6141,0.6141,1.2283,1.2283,0.6141,0,0,0,1.2283,1.8424,0.6141,0.6141,1.2283,0,0.6141,0,0,0,0.0001,0.0001,0,0,0.0001,0.0001,0,0,0,0,0.0001,0.0001,0,0,0.0001,0,0,0,0,0.207,0.1789,0.207,0.1789,
0.3991,0.7983,0.7983,0.7983,0,0.7983,0.7983,0.7983,0.7983,0.7983,0.7983,1.9957,0.7983,0,0.7983,1.1974,0.7983,1.1974,0.3991,0.3991,0,0,0,0,0,0,0,0,0,0,0,0.0001,0,0,0,0.0001,0,0.0001,0,0,0.3037,0.2972,0.3037,0.2972,
1.3459,0,0.8973,0.4486,2.2432,0.8973,0,0.8973,0.4486,4.0378,0.4486,0.4486,1.3459,0,0.8973,1.3459,1.3459,0.8973,0.4486,0.4486,0.0001,0,0,0,0.0001,0,0,0,0,0.0002,0,0,0.0001,0,0,0.0001,0.0001,0,0,0,0.2673,0.2841,0.2673,0.2841,
0.3908,0.7816,1.1724,1.5631,0.3908,0,0,0.3908,1.5631,1.5631,0.7816,1.1724,0.7816,0.7816,0,1.1724,0,0.7816,0,0.3908,0,0,0.0001,0.0001,0,0,0,0,0.0001,0.0001,0,0.0001,0,0,0,0.0001,0,0,0,0,0.2944,0.3148,0.2944,0.3148,
0,0.925,0.925,0.4625,0.925,0.925,0.925,2.3126,0,0.4625,0.4625,0.4625,0.925,1.3875,0.925,1.3875,1.3875,1.3875,0,1.8501,0,0.0001,0.0001,0,0.0001,0.0001,0.0001,0.0001,0,0,0,0,0.0001,0.0001,0.0001,0.0001,0.0001,0.0001,0,0.0001,0.2825,0.255,0.2825,0.255,
0.6761,0,0.6761,0,1.3523,0,1.3523,0.6761,0,1.3523,0,0.6761,0,0.6761,0.6761,0,0.6761,0,0,0.6761,0.0001,0,0.0001,0,0.0002,0,0.0002,0.0001,0,0.0002,0,0.0001,0,0.0001,0.0001,0,0.0001,0,0,0.0001,0.2122,0.1116,0.2122,0.1116,
0,0,0,0,1.1666,2.3332,1.1666,0,1.1666,0,0.5833,0.5833,0,1.1666,0,0,0.5833,0,0,0,0,0,0,0,0.0002,0.0003,0.0002,0,0.0002,0,0.0001,0.0001,0,0.0002,0,0,0.0001,0,0,0,0.2077,0.209,0.2077,0.209,
0.8185,1.2277,0.8185,1.2277,0,1.2277,0.8185,0.4092,1.6369,0,0.8185,1.2277,0.8185,1.2277,0.8185,1.2277,1.2277,1.2277,0.4092,0.8185,0,0.0001,0,0.0001,0,0.0001,0,0,0.0001,0,0,0.0001,0,0.0001,0,0.0001,0.0001,0.0001,0,0,0.2985,0.2923,0.2985,0.2923,
0.9427,0,1.4141,0.4714,2.8281,0.9427,0,0.9427,0.9427,2.3568,0.4714,0.4714,1.4141,0.4714,0.9427,1.4141,1.4141,1.8854,0,0.4714,0.0001,0,0.0001,0,0.0002,0.0001,0,0.0001,0.0001,0.0002,0,0,0.0001,0,0.0001,0.0001,0.0001,0.0001,0,0,0.2594,0.2693,0.2594,0.2693,
1.0651,1.0651,0.7101,0.7101,0,0.7101,1.4202,0.7101,1.4202,1.0651,0.7101,0.7101,0.7101,0,0.7101,0.7101,0.7101,1.4202,0,0.7101,0.0001,0.0001,0,0,0,0,0.0001,0,0.0001,0.0001,0,0,0,0,0,0,0,0.0001,0,0,0.3029,0.342,0.3029,0.342,
0,2.8647,0,0,0,0,0,0,0.3183,0.3183,0.3183,0,0,0.6366,8.2759,0.9549,0.6366,0.6366,0,0.9549,0,0.0002,0,0,0,0,0,0,0,0,0,0,0,0,0.0005,0.0001,0,0,0,0.0001,0.3574,0.3243,0.3574,0.3243,
1.2862,0.4287,0.4287,0.8575,0.4287,0,1.2862,0.4287,0.8575,0.4287,0.8575,0.8575,0.4287,0,0.8575,0.4287,0.8575,0.8575,0.8575,0.8575,0.0001,0,0,0.0001,0,0,0.0001,0,0.0001,0,0.0001,0.0001,0,0,0.0001,0,0.0001,0.0001,0.0001,0.0001,0.2686,0.3027,0.2686,0.3027,
0.5101,0,0.5101,1.0202,2.0405,0.5101,0,0.5101,0,1.0202,0,0.5101,1.0202,1.5303,2.5506,0.5101,0,0.5101,0,0,0,0,0,0.0001,0.0002,0,0,0,0,0.0001,0,0,0.0001,0.0001,0.0002,0,0,0,0,0,0.2704,0.2195,0.2704,0.2195,
1.8026,0.9013,0.9013,0.9013,0.9013,0,0.9013,0,0.4506,0.9013,0.4506,1.3519,0.9013,1.3519,0.9013,1.8026,0.4506,0.4506,0.4506,1.3519,0.0001,0,0,0,0,0,0,0,0,0,0,0.0001,0,0.0001,0,0.0001,0,0,0,0.0001,0.2809,0.2684,0.2809,0.2684,
1.2933,0.4311,1.7244,0.4311,0,2.1555,0.4311,1.7244,0,0.4311,0,0.4311,0.4311,0,0.8622,1.7244,2.1555,0.8622,0.4311,1.7244,0.0001,0,0.0001,0,0,0.0001,0,0.0001,0,0,0,0,0,0,0.0001,0.0001,0.0001,0.0001,0,0.0001,0.2712,0.2977,0.2712,0.2977,
11.1183,0,1.0589,0,0,0,0,0,1.5883,0.5294,0.5294,0.5294,0.5294,0,0.5294,0,1.0589,0,0,0,0.0011,0,0.0001,0,0,0,0,0,0.0002,0.0001,0.0001,0.0001,0.0001,0,0.0001,0,0.0001,0,0,0,0.2194,0.2512,0.2194,0.2512,
1.2551,1.2551,0.8367,1.2551,0.8367,0,0,0,0.8367,0.8367,2.0918,0.8367,1.2551,2.0918,0.8367,0.4184,0.4184,0.4184,2.5101,0.8367,0.0001,0.0001,0,0.0001,0,0,0,0,0,0,0.0001,0,0.0001,0.0001,0,0,0,0,0.0001,0,0.2939,0.2877,0.2939,0.2877,
1.244,2.488,0,0.622,0.622,1.244,0,1.244,1.244,0.622,1.244,0.622,1.244,1.866,0.622,1.866,0.622,1.866,0.622,0,0.0001,0.0001,0,0,0,0.0001,0,0.0001,0.0001,0,0.0001,0,0.0001,0.0001,0,0.0001,0,0.0001,0,0,0.1991,0.1789,0.1991,0.1789,
0.8266,0,2.893,0.4133,0.4133,1.2398,0,0.4133,0.4133,1.6531,0,0,0.4133,0.4133,0.8266,1.2398,0.8266,0.4133,0.4133,0.4133,0.0001,0,0.0002,0,0,0.0001,0,0,0,0.0001,0,0,0,0,0.0001,0.0001,0.0001,0,0,0,0.3373,0.2494,0.3373,0.2494,
0,0.513,0.513,2.0522,1.5391,1.0261,0,0.513,3.0783,2.0522,0.513,0.513,0,0,1.0261,1.5391,0,1.0261,0,1.0261,0,0,0,0.0001,0.0001,0.0001,0,0,0.0002,0.0001,0,0,0,0,0.0001,0.0001,0,0.0001,0,0.0001,0.2223,0.2647,0.2223,0.2647,
0.4142,0.4142,0,0.4142,0.4142,1.2427,0.4142,1.2427,2.0711,2.0711,2.0711,0.4142,1.6569,0.4142,0.4142,0,1.2427,0.8284,2.0711,0.4142,0,0,0,0,0,0.0001,0,0.0001,0.0001,0.0001,0.0001,0,0.0001,0,0,0,0.0001,0,0.0001,0,0.2839,0.3019,0.2839,0.3019,
0.7655,0,0,0,0,0.7655,0,0.7655,0.7655,0.7655,0.7655,0,0.7655,0,0.7655,0,0,1.531,0,0.7655,0.0001,0,0,0,0,0.0001,0,0.0001,0.0001,0.0001,0.0001,0,0.0001,0,0.0001,0,0,0.0003,0,0.0001,0.1254,0.1091,0.1254,0.1091,
0,0.6156,0,0,0.6156,0.6156,0,1.2312,1.8467,3.0779,1.2312,0.6156,1.2312,0.6156,0,0.6156,0,0.6156,0,0,0,0,0,0,0,0,0,0.0001,0.0001,0.0002,0.0001,0,0.0001,0,0,0,0,0,0,0,0.2083,0.1761,0.2083,0.1761,
1.0511,0.5255,0.5255,1.0511,1.0511,1.0511,1.0511,0.5255,0.5255,1.0511,0.5255,1.5766,0,0,0,0.5255,0.5255,0,0,1.0511,0.0001,0,0,0.0001,0.0001,0.0001,0.0001,0,0,0.0001,0,0.0001,0,0,0,0,0,0,0,0.0001,0.2118,0.2627,0.2118,0.2627,
1.3901,1.3901,0.9267,1.3901,0.9267,0,1.8534,0,0.4634,0.4634,0,2.3168,2.7802,0.9267,0,0.4634,0.9267,0,0,1.8534,0.0001,0.0001,0,0.0001,0,0,0.0001,0,0,0,0,0.0001,0.0001,0,0,0,0,0,0,0.0001,0.3024,0.2342,0.3024,0.2342,
1.1764,1.5685,0.7842,0.3921,0.3921,0.3921,0.7842,0.7842,1.1764,1.1764,1.9606,1.1764,0.7842,0.3921,0.7842,0.3921,0.7842,0.3921,1.1764,0.7842,0.0001,0.0001,0,0,0,0,0,0,0.0001,0.0001,0.0001,0.0001,0,0,0,0,0,0,0.0001,0,0.2919,0.3159,0.2919,0.3159,
1.1429,1.1429,0.381,1.9048,0.381,0.381,2.2858,0.381,0.7619,1.1429,0.381,1.9048,0.381,0.381,0.381,1.5239,0.381,1.1429,0.381,1.9048,0.0001,0.0001,0,0.0001,0,0,0.0001,0,0,0.0001,0,0.0001,0,0,0,0.0001,0,0.0001,0,0.0001,0.3627,0.2564,0.3627,0.2564,
1.8767,0,0.9384,1.4075,1.8767,1.8767,0.4692,0.9384,0,2.3459,0.4692,0,0.9384,1.4075,0.4692,1.4075,1.8767,0.9384,0,0.9384,0.0001,0,0.0001,0.0001,0.0001,0.0001,0,0.0001,0,0.0001,0,0,0.0001,0.0001,0,0.0001,0.0001,0.0001,0,0.0001,0.2498,0.2811,0.2498,0.2811,
0.567,0,2.2679,1.7009,1.1339,0,0,1.1339,0.567,0,0,0.567,1.7009,1.7009,1.1339,1.1339,0.567,1.1339,0.567,1.1339,0,0,0.0002,0.0001,0.0001,0,0,0.0001,0,0,0,0,0.0001,0.0001,0.0001,0.0001,0,0.0001,0,0.0001,0.236,0.1971,0.236,0.1971,
1.1894,0.5947,0.5947,0,0.5947,1.1894,0,1.7842,1.7842,0,0,0.5947,0.5947,0.5947,0,0,0,1.1894,0.5947,0,0.0001,0,0,0,0,0.0001,0,0.0001,0.0001,0,0,0,0,0,0,0,0,0.0001,0,0,0.184,0.2213,0.184,0.2213,
0,0,0,0,1.5943,0.5314,2.6571,0.5314,0.5314,0.5314,0.5314,0,0.5314,0.5314,0.5314,1.0628,0,1.0628,1.0628,1.0628,0,0,0,0,0.0002,0.0001,0.0003,0.0001,0.0001,0.0001,0.0001,0,0.0001,0.0001,0.0001,0.0001,0,0.0001,0.0001,0.0001,0.2673,0.2013,0.2673,0.2013,
0.3897,0.7794,0.3897,0.3897,1.5587,0,0.7794,0.3897,0.7794,1.9484,1.169,1.5587,0.7794,0.3897,1.5587,0.3897,0.7794,1.169,1.169,0.7794,0,0,0,0,0.0001,0,0,0,0,0.0001,0.0001,0.0001,0,0,0.0001,0,0,0.0001,0.0001,0,0.3198,0.2905,0.3198,0.2905,
1.1306,0.7537,0.7537,0.7537,2.2611,0,1.1306,1.1306,0,0.3769,1.5074,0.7537,0.3769,1.5074,0.3769,1.5074,0.7537,1.5074,1.5074,0.3769,0.0001,0,0,0,0.0001,0,0.0001,0.0001,0,0,0.0001,0,0,0.0001,0,0.0001,0,0.0001,0.0001,0,0.3056,0.3175,0.3056,0.3175,
0.7782,0,0.7782,0.7782,0,0.7782,0,0.7782,0,0,0.7782,1.5565,0.7782,1.5565,0,0,0,0.7782,0.7782,1.5565,0.0001,0,0.0001,0.0001,0,0.0001,0,0.0001,0,0,0.0001,0.0002,0.0001,0.0002,0,0,0,0.0001,0.0001,0.0002,0.097,0.1248,0.097,0.1248,
0.8627,0.4314,0,0.8627,0.8627,0.8627,0.8627,0.4314,0.4314,0.4314,0.4314,0,1.2941,0.4314,1.2941,0.4314,1.2941,0.4314,0.8627,0.4314,0.0001,0,0,0.0001,0.0001,0.0001,0.0001,0,0,0,0,0,0.0001,0,0.0001,0,0.0001,0,0.0001,0,0.2757,0.2929,0.2757,0.2929,
0.7041,0,0,0.7041,0,2.1123,0,1.4082,0,0,0,0.7041,0.7041,2.1123,0,1.4082,1.4082,2.1123,0.7041,0,0.0001,0,0,0.0001,0,0.0002,0,0.0001,0,0,0,0.0001,0.0001,0.0002,0,0.0001,0.0001,0.0002,0.0001,0,0.1526,0.1433,0.1526,0.1433,
0.3081,1.2326,0.3081,0.9244,0.3081,0.3081,0.6163,0.3081,3.3896,0.9244,0.3081,0.9244,0.3081,0,0.9244,1.2326,1.2326,0.6163,0,0.9244,0,0.0001,0,0.0001,0,0,0,0,0.0002,0.0001,0,0.0001,0,0,0.0001,0.0001,0.0001,0,0,0.0001,0.3478,0.3441,0.3478,0.3441,
2.5679,0,0.642,0.642,1.9259,0,0,3.2099,0.642,3.2099,0.642,0.642,0.642,0.642,0,1.284,1.9259,2.5679,0,0.642,0.0002,0,0.0001,0.0001,0.0002,0,0,0.0003,0.0001,0.0003,0.0001,0.0001,0.0001,0.0001,0,0.0001,0.0002,0.0002,0,0.0001,0.1901,0.168,0.1901,0.168,
0.4634,0.4634,0.4634,0.9269,0.4634,0,0.4634,1.8537,0.9269,0.9269,2.3172,1.8537,0.9269,0,0.4634,0.4634,0.9269,1.3903,0.4634,0.4634,0,0,0,0.0001,0,0,0,0.0001,0.0001,0.0001,0.0001,0.0001,0.0001,0,0,0,0.0001,0.0001,0,0,0.2726,0.264,0.2726,0.264,
0,0.5329,1.5987,0.5329,0,0,0.5329,0,0,0.5329,0,1.0658,0.5329,0.5329,1.0658,0.5329,0.5329,1.5987,0,1.5987,0,0,0.0001,0,0,0,0,0,0,0,0,0.0001,0,0,0.0001,0,0,0.0001,0,0.0001,0.1986,0.2685,0.1986,0.2685,
0,0,0,0,0.8789,0,0,0,0,0,0.8789,1.7579,1.7579,0,0,0.8789,1.7579,0,0,0.8789,0,0,0,0,0.0001,0,0,0,0,0,0.0001,0.0002,0.0002,0,0,0.0001,0.0002,0,0,0.0001,0.0563,0.0648,0.0563,0.0648,
1.3401,0,0.67,0.67,0,0.67,0.67,0,0,1.3401,0,0.67,0,0,0.67,0,0.67,1.3401,0.67,0,0.0002,0,0.0001,0.0001,0,0.0001,0.0001,0,0,0.0002,0,0.0001,0,0,0.0001,0,0.0001,0.0002,0.0001,0,0.1789,0.1511,0.1789,0.1511,
1.8475,0,0.3695,1.1085,0,1.478,0.739,1.1085,2.217,0.3695,0.739,3.3255,0,1.478,1.478,0,0.739,0.3695,0,0.3695,0.0001,0,0,0.0001,0,0.0001,0.0001,0.0001,0.0002,0,0.0001,0.0003,0,0.0001,0.0001,0,0.0001,0,0,0,0.2845,0.346,0.2845,0.346,
1.3379,0,1.3379,0,0.8919,0.446,0.8919,0.8919,1.3379,0,1.3379,0.8919,0.446,1.3379,1.3379,0,0,0.8919,0,0.446,0.0001,0,0.0001,0,0.0001,0,0.0001,0.0001,0.0001,0,0.0001,0.0001,0,0.0001,0.0001,0,0,0.0001,0,0,0.2768,0.2772,0.2768,0.2772,
0.6698,0,0,0,0,0,0.6698,0.6698,0.6698,1.3395,0,0.6698,0.6698,0.6698,1.3395,0,0,0.6698,0,0.6698,0.0001,0,0,0,0,0,0.0001,0.0001,0.0001,0.0002,0,0.0001,0.0001,0.0001,0.0002,0,0,0.0001,0,0.0001,0.1624,0.1678,0.1624,0.1678,
0.9709,0.4855,0.9709,0.4855,0,0.9709,0.9709,1.4564,0.4855,1.4564,1.9419,0.9709,0.9709,0,0.4855,1.9419,0.9709,1.4564,0.4855,0.4855,0.0001,0,0.0001,0,0,0.0001,0.0001,0.0001,0,0.0001,0.0001,0.0001,0.0001,0,0,0.0001,0.0001,0.0001,0,0,0.25,0.2645,0.25,0.2645,
2.0012,0.5003,0,0,0,2.0012,0.5003,0,1.0006,1.5009,0.5003,0,1.0006,0.5003,1.0006,1.5009,1.5009,2.0012,0.5003,1.0006,0.0001,0,0,0,0,0.0001,0,0,0.0001,0.0001,0,0,0.0001,0,0.0001,0.0001,0.0001,0.0001,0,0.0001,0.2313,0.2684,0.2313,0.2684,
0.5133,0.5133,0,1.0267,0.5133,0,1.54,0.5133,1.0267,0.5133,0.5133,1.0267,0.5133,0.5133,1.54,0,0.5133,0.5133,0.5133,1.0267,0,0,0,0.0001,0,0,0.0001,0,0.0001,0,0,0.0001,0,0,0.0001,0,0,0,0,0.0001,0.2116,0.275,0.2116,0.275,
0.7154,0,0.7154,0,0,2.1461,0,0,0.7154,0,0,1.4307,0,2.8614,0,1.4307,0,0,0,0.7154,0.0001,0,0.0001,0,0,0.0003,0,0,0.0001,0,0,0.0002,0,0.0005,0,0.0002,0,0,0,0.0001,0.1462,0.1384,0.1462,0.1384,
0.747,0,0,0,1.4941,0,0,0.747,0.747,0,0.747,0,0.747,0,0.747,0.747,0,0.747,0.747,0,0.0001,0,0,0,0.0003,0,0,0.0001,0.0001,0,0.0001,0,0.0001,0,0.0001,0.0001,0,0.0001,0.0001,0,0.177,0.076,0.177,0.076,
0.7143,1.0715,0.3572,0,0,0.7143,0.3572,1.7858,2.5001,0,0.3572,0.3572,0,0.7143,2.1429,0.7143,0.3572,1.0715,0,0,0,0.0001,0,0,0,0,0,0.0001,0.0002,0,0,0,0,0,0.0001,0,0,0.0001,0,0,0.3239,0.3189,0.3239,0.3189,
1.8921,0.473,1.4191,0.473,0,0.946,0.473,0,0.946,0.946,0.473,0.946,0.473,0.946,0,0,0.473,0.946,0.946,0.473,0.0001,0,0.0001,0,0,0.0001,0,0,0.0001,0.0001,0,0.0001,0,0.0001,0,0,0,0.0001,0.0001,0,0.2873,0.2397,0.2873,0.2397,
1.6216,0,1.081,1.081,0,1.081,0,0.5405,1.081,1.6216,1.6216,0,0,0.5405,0,2.1621,1.6216,0.5405,0,1.081,0.0001,0,0.0001,0.0001,0,0.0001,0,0,0.0001,0.0001,0.0001,0,0,0,0,0.0001,0.0001,0,0,0.0001,0.2276,0.2319,0.2276,0.2319,
2.1887,0,0.4377,0,0,2.6265,0.8755,2.1887,0.4377,2.6265,1.3132,0.8755,1.3132,0,1.3132,1.751,0.4377,0.8755,0,0,0.0001,0,0,0,0,0.0001,0,0.0001,0,0.0001,0.0001,0,0.0001,0,0.0001,0.0001,0,0,0,0,0.2574,0.3048,0.2574,0.3048,
1.8194,0,0,0,1.8194,1.213,0,2.4259,0.6065,3.6389,0.6065,0,0.6065,0,0.6065,1.8194,2.4259,0.6065,0,0.6065,0.0001,0,0,0,0.0001,0.0001,0,0.0002,0,0.0002,0,0,0,0,0,0.0001,0.0002,0,0,0,0.2186,0.1749,0.2186,0.1749,
1.3397,0,0.8931,0.4466,2.6793,0.8931,0,0.8931,0.4466,3.5724,0.4466,0.4466,1.3397,0,0.8931,1.3397,1.3397,0.8931,0.4466,0.4466,0.0001,0,0,0,0.0001,0,0,0,0,0.0002,0,0,0.0001,0,0,0.0001,0.0001,0,0,0,0.2657,0.2878,0.2657,0.2878,
1.0947,0,1.0947,0,0,1.0947,0,0.7298,3.6491,0.7298,0.3649,0.7298,1.0947,0.7298,2.1895,1.4596,0,1.0947,0,0.3649,0.0001,0,0.0001,0,0,0.0001,0,0.0001,0.0003,0.0001,0,0.0001,0.0001,0.0001,0.0002,0.0001,0,0.0001,0,0,0.3088,0.3263,0.3088,0.3263,
2.5367,0.6342,0,0.6342,0,0.6342,0.6342,0,0.6342,0.6342,0.6342,0.6342,0,0,1.9025,0,0.6342,0,0,0,0.0003,0.0001,0,0.0001,0,0.0001,0.0001,0,0.0001,0.0001,0.0001,0.0001,0,0,0.0002,0,0.0001,0,0,0,0.1929,0.1729,0.1929,0.1729,
0.4768,0.4768,1.9074,1.4305,2.8611,1.4305,0.4768,0.4768,0.4768,2.3842,0.4768,0,1.9074,0,0.4768,1.9074,0.9537,1.4305,0.4768,0.9537,0,0,0.0001,0.0001,0.0001,0.0001,0,0,0,0.0001,0,0,0.0001,0,0,0.0001,0,0.0001,0,0,0.2589,0.2642,0.2589,0.2642,
1.1044,1.1044,0.5522,0.5522,1.1044,0,0,0,1.6566,0,0.5522,0.5522,1.6566,0,1.1044,1.6566,0.5522,0,0,0.5522,0.0001,0.0001,0,0,0.0001,0,0,0,0.0001,0,0,0,0.0001,0,0.0001,0.0001,0,0,0,0,0.2685,0.1793,0.2685,0.1793,
0.9692,0.4846,1.4538,0.9692,0,0,0,0,0.9692,1.4538,0,0.4846,0.9692,0.9692,0,1.9384,1.9384,0.9692,0.4846,1.4538,0.0001,0,0.0001,0.0001,0,0,0,0,0.0001,0.0001,0,0,0.0001,0.0001,0,0.0001,0.0001,0.0001,0,0.0001,0.2709,0.2445,0.2709,0.2445,
2.2491,0,0,0,1.1245,2.2491,0,1.6868,0.5623,3.9359,1.1245,0,0,0.5623,0.5623,2.2491,0.5623,3.3736,0,0.5623,0.0001,0,0,0,0.0001,0.0001,0,0.0001,0,0.0002,0.0001,0,0,0,0,0.0001,0,0.0002,0,0,0.2218,0.2159,0.2218,0.2159,
0.7812,1.1719,0,0.3906,0,0.7812,0.3906,1.1719,1.9531,0,0.7812,0.3906,0.3906,0.7812,3.125,0.3906,0,1.9531,0,0,0.0001,0.0001,0,0,0,0.0001,0,0.0001,0.0001,0,0.0001,0,0,0.0001,0.0002,0,0,0.0001,0,0,0.3154,0.294,0.3154,0.294,
2.099,0,0,0.6997,2.099,2.7987,0,2.7987,0,4.1981,0.6997,0,0,0,0,0.6997,0,2.099,0.6997,0.6997,0.0002,0,0,0.0001,0.0002,0.0002,0,0.0002,0,0.0003,0.0001,0,0,0,0,0.0001,0,0.0002,0.0001,0.0001,0.1438,0.1565,0.1438,0.1565,
0.7111,1.4221,1.0666,0,0.7111,1.0666,0.7111,0,1.4221,0,1.4221,1.0666,0.7111,1.0666,0.7111,0.7111,1.4221,1.0666,1.0666,1.0666,0,0.0001,0,0,0,0,0,0,0.0001,0,0.0001,0,0,0,0,0,0.0001,0,0,0,0.3214,0.3231,0.3214,0.3231,
0,1.6232,0,0,0.8116,0,0,0,0.8116,0.8116,0,0.8116,0,0.8116,0,0,0.8116,0.8116,0.8116,0,0,0.0001,0,0,0.0001,0,0,0,0.0001,0.0001,0,0.0001,0,0.0001,0,0,0.0001,0.0001,0.0001,0,0.1168,0.0716,0.1168,0.0716,
0,0,0.7274,0,0.7274,0,1.4549,0,0,0.7274,0,0,0.7274,0,0.7274,0,0,1.4549,0,0.7274,0,0,0.0002,0,0.0002,0,0.0003,0,0,0.0002,0,0,0.0002,0,0.0002,0,0,0.0003,0,0.0002,0.1417,0.1308,0.1417,0.1308,
0.943,0.4715,0.4715,0,0.4715,0.943,0.943,0,0.4715,0.4715,0.943,0.4715,0.4715,0.943,0.943,1.4144,0.943,1.4144,0.943,1.4144,0.0001,0,0,0,0,0.0001,0.0001,0,0,0,0.0001,0,0,0.0001,0.0001,0.0001,0.0001,0.0001,0.0001,0.0001,0.2741,0.2545,0.2741,0.2545,
0,0.7778,0.7778,0.3889,1.5555,0.7778,0.3889,1.5555,0.7778,0.3889,0.7778,0.7778,0.7778,0.3889,1.1667,1.5555,1.5555,1.5555,0.7778,0.3889,0,0,0,0,0.0001,0,0,0.0001,0,0,0,0,0,0,0.0001,0.0001,0.0001,0.0001,0,0,0.3098,0.3013,0.3098,0.3013,
0.8483,1.2724,1.6966,0,0.8483,0.4241,0.4241,0.8483,0.8483,1.2724,0.4241,2.969,0.8483,0.4241,0.4241,0.4241,0.4241,0.8483,1.2724,0.4241,0,0.0001,0.0001,0,0,0,0,0,0,0.0001,0,0.0001,0,0,0,0,0,0,0.0001,0,0.3043,0.2715,0.3043,0.2715,
0.5354,0,1.6061,0,0.5354,0,0,0.5354,1.0707,1.6061,0,0,0.5354,2.1415,1.0707,0,0,2.1415,0,0.5354,0.0001,0,0.0002,0,0.0001,0,0,0.0001,0.0001,0.0002,0,0,0.0001,0.0002,0.0001,0,0,0.0002,0,0.0001,0.2106,0.254,0.2106,0.254,
0,1.1248,0.5624,0.5624,0.5624,1.1248,1.1248,0.5624,1.1248,0.5624,1.1248,0.5624,0.5624,0.5624,0,0,0.5624,0,0.5624,0,0,0.0001,0,0,0,0.0001,0.0001,0,0.0001,0,0.0001,0,0,0,0,0,0,0,0,0,0.2324,0.2052,0.2324,0.2052,
2.7084,0,1.0834,0,1.625,2.1667,0,3.2501,0,0.5417,1.0834,0.5417,0,0.5417,0.5417,1.0834,0.5417,1.0834,1.0834,0,0.0002,0,0.0001,0,0.0001,0.0001,0,0.0002,0,0,0.0001,0,0,0,0,0.0001,0,0.0001,0.0001,0,0.2758,0.1825,0.2758,0.1825,
1.0177,0,1.0177,0.5089,0.5089,2.0355,0,2.5443,0,4.0709,0.5089,0,0.5089,1.0177,1.0177,0.5089,1.0177,1.5266,0,1.0177,0.0001,0,0.0001,0,0,0.0001,0,0.0002,0,0.0002,0,0,0,0.0001,0.0001,0,0.0001,0.0001,0,0.0001,0.2508,0.2403,0.2508,0.2403,
0.438,1.3141,1.7521,0.438,0.438,0.438,0.8761,0.8761,1.3141,0.438,1.7521,0,1.7521,0.438,0.438,1.3141,0.8761,0.438,0.438,0.8761,0,0.0001,0.0001,0,0,0,0,0,0.0001,0,0.0001,0,0.0001,0,0,0.0001,0,0,0,0,0.2998,0.2622,0.2998,0.2622,
0.445,0.8901,1.7801,1.7801,0.8901,2.2251,0.445,0.445,0,0,2.6702,1.3351,0.8901,0,0.445,0,0.445,0.445,0.8901,0.445,0,0,0.0001,0.0001,0,0.0001,0,0,0,0,0.0001,0.0001,0,0,0,0,0,0,0,0,0.2787,0.2762,0.2787,0.2762,
1.6248,2.8434,1.2186,0.4062,1.6248,0.4062,1.2186,1.2186,1.2186,0.4062,1.2186,0.8124,0.4062,0.8124,0.8124,0.8124,0.8124,0,0,2.031,0.0001,0.0001,0,0,0.0001,0,0,0,0,0,0,0,0,0,0,0,0,0,0,0.0001,0.2937,0.3001,0.2937,0.3001,
1.8695,0,0.4674,0.9348,1.4021,0.4674,0.4674,1.4021,0.4674,0.9348,1.4021,1.4021,1.8695,0,0.4674,0.9348,0.9348,0.9348,1.4021,0.9348,0.0001,0,0,0.0001,0.0001,0,0,0.0001,0,0.0001,0.0001,0.0001,0.0001,0,0,0.0001,0.0001,0.0001,0.0001,0.0001,0.2412,0.2914,0.2412,0.2914,
0.6735,0,0.6735,0,0.6735,0.6735,0.6735,0,0.6735,0,0.6735,0.6735,0.6735,0.6735,0.6735,1.347,1.347,0,0,0.6735,0.0001,0,0.0001,0,0.0001,0.0001,0.0001,0,0.0001,0,0.0001,0.0001,0.0001,0.0001,0.0001,0.0002,0.0002,0,0,0.0001,0.2293,0.0972,0.2293,0.0972,
0.3498,0,0.6996,0,0.3498,0.6996,0.3498,1.0495,2.0989,0.6996,0.3498,1.0495,0,0.6996,3.4982,0.6996,0.3498,1.0495,0,0.3498,0,0,0.0001,0,0,0.0001,0,0.0001,0.0002,0.0001,0,0.0001,0,0.0001,0.0003,0.0001,0,0.0001,0,0,0.3552,0.295,0.3552,0.295,
0,0,2.0028,0.6676,0.6676,1.0014,0.6676,0.3338,1.669,1.0014,0.3338,1.0014,0.6676,0.6676,0.6676,0.6676,0.3338,0.6676,0,1.0014,0,0,0.0001,0,0,0.0001,0,0,0.0001,0.0001,0,0.0001,0,0,0,0,0,0,0,0.0001,0.3019,0.3643,0.3019,0.3643,
0.3297,0.3297,0.3297,0.989,0.6593,0.3297,0.989,0.3297,0.989,0.6593,0,0.3297,0.6593,1.978,0.989,0.6593,1.6483,0.6593,1.978,1.3187,0,0,0,0.0001,0,0,0.0001,0,0.0001,0,0,0,0,0.0001,0.0001,0,0.0001,0,0.0001,0.0001,0.3428,0.3276,0.3428,0.3276,
1.413,0.3532,1.413,0.7065,0.3532,0.3532,0.7065,0,1.0597,1.0597,0.7065,1.0597,0.7065,1.413,1.0597,2.1194,0,0.7065,0.3532,0.3532,0.0001,0,0.0001,0,0,0,0,0,0.0001,0.0001,0,0.0001,0,0.0001,0.0001,0.0001,0,0,0,0,0.3372,0.3095,0.3372,0.3095,
0,0,0,0.5822,1.1644,1.1644,0,0.5822,1.7466,0,0.5822,0,0.5822,0.5822,0.5822,0.5822,1.1644,1.1644,0.5822,1.1644,0,0,0,0.0001,0.0001,0.0001,0,0.0001,0.0002,0,0.0001,0,0.0001,0.0001,0.0001,0.0001,0.0001,0.0001,0.0001,0.0001,0.2188,0.199,0.2188,0.199,
0.6557,0.3279,0,0,0.6557,1.3115,0.3279,0.6557,0.9836,0.6557,0.9836,0.3279,0.3279,0.6557,4.2622,0.9836,0.6557,0.6557,0,0,0,0,0,0,0,0.0001,0,0,0.0001,0,0.0001,0,0,0,0.0003,0.0001,0,0,0,0,0.3013,0.3708,0.3013,0.3708,
0.5264,0,0.5264,0,1.0529,4.2116,0,3.1587,0,2.1058,0.5264,0,1.0529,0,0.5264,2.6322,2.1058,1.0529,0.5264,1.0529,0,0,0,0,0.0001,0.0002,0,0.0002,0,0.0001,0,0,0.0001,0,0,0.0001,0.0001,0.0001,0,0.0001,0.2267,0.2468,0.2267,0.2468,
0,0.8181,0.409,0.409,1.2271,0,1.2271,0.8181,1.2271,0.8181,1.2271,0,1.6362,0,0.8181,1.6362,0.409,0.8181,1.2271,0.409,0,0,0,0,0.0001,0,0.0001,0,0.0001,0,0.0001,0,0.0001,0,0,0.0001,0,0,0.0001,0,0.2809,0.31,0.2809,0.31,
0.4557,1.8227,1.367,0,0,1.8227,1.367,1.8227,0.4557,0.9113,0.4557,0,2.2784,1.367,0.4557,0.4557,1.8227,0.4557,0.4557,1.367,0,0.0001,0.0001,0,0,0.0001,0.0001,0.0001,0,0,0,0,0.0001,0.0001,0,0,0.0001,0,0,0.0001,0.2448,0.2995,0.2448,0.2995,
0,0.4639,0.4639,0.9279,0,1.3918,0.9279,0,1.3918,0.9279,1.3918,1.3918,0.4639,2.7836,0.4639,0,0.9279,0.4639,1.3918,0.4639,0,0,0,0.0001,0,0.0001,0.0001,0,0.0001,0.0001,0.0001,0.0001,0,0.0002,0,0,0.0001,0,0.0001,0,0.2705,0.2656,0.2705,0.2656,
0.3687,1.8435,0.3687,2.5808,0.7374,0,0.7374,1.1061,0.7374,0.7374,0.7374,1.1061,1.1061,1.4748,0.3687,0.3687,0.7374,1.1061,0.7374,1.1061,0,0.0001,0,0.0001,0,0,0,0.0001,0,0,0,0.0001,0.0001,0.0001,0,0,0,0.0001,0,0.0001,0.3183,0.313,0.3183,0.313,
0.3509,0.3509,1.7544,1.4035,0,1.7544,0,1.0527,1.7544,0,1.4035,0.3509,0.3509,0.7018,0.3509,1.4035,1.4035,0,0.7018,0.3509,0,0,0.0001,0.0001,0,0.0001,0,0.0001,0.0001,0,0.0001,0,0,0,0,0.0001,0.0001,0,0,0,0.3207,0.3284,0.3207,0.3284,
2.3926,0,0,0.7975,0,1.5951,0,0,0.7975,0,0.7975,0.7975,0.7975,0,0,0,0,0.7975,0,0,0.0004,0,0,0.0001,0,0.0002,0,0,0.0001,0,0.0001,0.0001,0.0001,0,0,0,0,0.0001,0,0,0.1039,0.0986,0.1039,0.0986,
0.7916,1.5831,0,0.7916,0,0,0.7916,0,0.7916,0,0,0,1.5831,0,0,0,0,0,0.7916,1.5831,0.0001,0.0001,0,0.0001,0,0,0.0001,0,0.0001,0,0,0,0.0001,0,0,0,0,0,0.0001,0.0001,0.1111,0.0974,0.1111,0.0974,
1.2016,0.4005,1.2016,1.2016,0.801,0.801,2.0026,0.801,0.4005,0.801,0,1.6021,0,1.2016,0.801,0.4005,1.2016,1.2016,0.801,1.2016,0.0001,0,0.0001,0.0001,0,0,0.0001,0,0,0,0,0.0001,0,0.0001,0,0,0.0001,0.0001,0,0.0001,0.2838,0.3157,0.2838,0.3157,
0.4761,0,0,0.9522,1.4283,0.9522,0,0.4761,0,3.8087,0.4761,2.3804,0.9522,0.4761,1.4283,1.4283,0.9522,1.4283,0,0.9522,0,0,0,0.0001,0.0001,0.0001,0,0,0,0.0002,0,0.0002,0.0001,0,0.0001,0.0001,0.0001,0.0001,0,0.0001,0.2449,0.279,0.2449,0.279,
2.0387,0.4077,0.4077,0,0.8155,3.6697,0,1.2232,1.631,1.2232,0.8155,1.2232,0.4077,0,1.631,1.2232,0.8155,1.631,0,0.4077,0.0001,0,0,0,0,0.0002,0,0.0001,0.0001,0.0001,0,0.0001,0,0,0.0001,0.0001,0,0.0001,0,0,0.3398,0.2524,0.3398,0.2524,
0,0,0,1.0149,2.0297,1.0149,0,1.0149,0,3.5521,0.5074,3.0446,1.5223,0,1.0149,1.5223,1.5223,1.0149,0,1.0149,0,0,0,0.0001,0.0001,0.0001,0,0.0001,0,0.0002,0,0.0002,0.0001,0,0.0001,0.0001,0.0001,0.0001,0,0.0001,0.2275,0.265,0.2275,0.265,
1.0818,0.5409,0.5409,2.1635,0,0.5409,2.1635,0.5409,0.5409,0,0.5409,1.0818,1.6226,0.5409,0,0.5409,1.0818,1.0818,1.0818,1.0818,0.0001,0,0,0.0002,0,0,0.0002,0,0,0,0,0.0001,0.0001,0,0,0,0.0001,0.0001,0.0001,0.0001,0.2484,0.2108,0.2484,0.2108,
0.5849,0,0,1.1698,0,0,1.1698,0.5849,0.5849,0,0,0.5849,0.5849,0,0.5849,0.5849,0,0.5849,1.1698,1.7546,0.0001,0,0,0.0001,0,0,0.0001,0.0001,0.0001,0,0,0.0001,0.0001,0,0.0001,0.0001,0,0.0001,0.0001,0.0002,0.2271,0.188,0.2271,0.188,
0.5263,0,0.5263,0,1.0527,4.2108,0,2.6317,0,3.1581,0.5263,0,0.5263,0,0.5263,2.1054,2.6317,1.0527,0.5263,1.0527,0,0,0,0,0.0001,0.0002,0,0.0001,0,0.0002,0,0,0,0,0,0.0001,0.0001,0.0001,0,0.0001,0.2234,0.2502,0.2234,0.2502,
0.4327,0.4327,1.7307,0.8653,0.8653,1.298,0.8653,0.4327,0.4327,0.4327,1.298,0,1.298,0.4327,0.8653,0.8653,0.4327,0,0.4327,0,0,0,0.0001,0.0001,0.0001,0.0001,0.0001,0,0,0,0.0001,0,0.0001,0,0.0001,0.0001,0,0,0,0,0.2906,0.2768,0.2906,0.2768,
0.4064,0.8129,0.4064,0.4064,1.2193,0.8129,0.8129,0.8129,1.2193,0.8129,0.8129,0,0.4064,0.8129,2.4386,0.8129,0,0.8129,0.4064,0.8129,0,0.0001,0,0,0.0001,0.0001,0.0001,0.0001,0.0001,0.0001,0.0001,0,0,0.0001,0.0002,0.0001,0,0.0001,0,0.0001,0.2851,0.3084,0.2851,0.3084,
0,0,0.5215,0.5215,1.043,0,0,1.043,1.5644,2.6074,1.5644,0,0.5215,0.5215,1.043,0.5215,0.5215,0,1.043,0,0,0,0,0,0.0001,0,0,0.0001,0.0001,0.0002,0.0001,0,0,0,0.0001,0,0,0,0.0001,0,0.2453,0.2332,0.2453,0.2332,
0.5193,1.0385,0.5193,0,0.5193,1.5578,0.5193,0,1.0385,2.5963,0.5193,1.0385,1.0385,1.0385,0.5193,1.5578,2.0771,0.5193,0,0,0,0.0001,0,0,0,0.0001,0,0,0.0001,0.0002,0,0.0001,0.0001,0.0001,0,0.0001,0.0001,0,0,0,0.241,0.2397,0.241,0.2397,
0,0,0,0,0,0,0,0,1.4834,0.7417,1.4834,0,0,1.4834,0,0.7417,0,0,1.4834,0,0,0,0,0,0,0,0,0,0.0003,0.0002,0.0003,0,0,0.0003,0,0.0002,0,0,0.0003,0,0.1283,0.13,0.1283,0.13,
1.3279,0,0,0,0.332,1.3279,0,0.332,0.332,0.9959,0.6639,0.332,0,0.6639,5.3116,0.6639,1.6599,0.9959,0,0.332,0.0001,0,0,0,0,0.0001,0,0,0,0.0001,0.0001,0,0,0.0001,0.0005,0.0001,0.0002,0.0001,0,0,0.3841,0.2839,0.3841,0.2839,
1.0139,1.3519,1.0139,1.3519,1.3519,1.0139,0.6759,0.6759,1.6899,1.0139,1.0139,0.6759,0.338,1.0139,0,0,0.6759,1.0139,0.338,0.338,0,0.0001,0,0.0001,0.0001,0,0,0,0.0001,0,0,0,0,0,0,0,0,0,0,0,0.3959,0.2661,0.3959,0.2661,
1.3606,2.0409,1.0205,1.0205,0,0,0.6803,0.3402,1.3606,0.3402,0.6803,0.6803,0.6803,0.6803,1.3606,0.6803,2.0409,0.6803,1.0205,0.3402,0.0001,0.0001,0,0,0,0,0,0,0.0001,0,0,0,0,0,0.0001,0,0.0001,0,0,0,0.3026,0.3573,0.3026,0.3573,
0.3488,0.6976,1.3951,0.6976,0.6976,0.3488,1.3951,1.3951,0,0.3488,1.0464,0.6976,0.3488,0.6976,1.3951,0.3488,1.0464,0.6976,1.3951,0.3488,0,0,0.0001,0,0,0,0.0001,0.0001,0,0,0.0001,0,0,0,0.0001,0,0.0001,0,0.0001,0,0.3126,0.3386,0.3126,0.3386,
1.1737,1.5649,0.7824,0.3912,1.1737,0.7824,0.7824,1.1737,1.1737,0,1.1737,0.7824,1.1737,0.7824,0.3912,0.7824,0.3912,1.5649,1.5649,1.1737,0,0.0001,0,0,0,0,0,0,0,0,0,0,0,0,0,0,0,0.0001,0.0001,0,0.2768,0.3319,0.2768,0.3319,
1.1526,0,0.5763,0.5763,1.7289,0.5763,0.5763,0.5763,0,0.5763,0,0,0,0.5763,0,1.7289,0.5763,0.5763,1.7289,1.1526,0.0001,0,0,0,0.0001,0,0,0,0,0,0,0,0,0,0,0.0001,0,0,0.0001,0.0001,0.1912,0.2325,0.1912,0.2325,
0.3912,0.7825,0,0,2.7387,0.7825,0.7825,0.3912,0.7825,1.9562,1.1737,0,0.3912,0.3912,1.565,1.9562,1.1737,0,0.3912,1.9562,0,0,0,0,0.0002,0,0,0,0,0.0001,0.0001,0,0,0,0.0001,0.0001,0.0001,0,0,0.0001,0.306,0.3028,0.306,0.3028,
0,0,0.7601,0,1.5202,0,0,0,0,0.7601,0.7601,0,0.7601,0.7601,0.7601,0.7601,0.7601,0,0,0,0,0,0.0001,0,0.0003,0,0,0,0,0.0001,0.0001,0,0.0001,0.0001,0.0001,0.0001,0.0001,0,0,0,0.1365,0.1033,0.1365,0.1033,
1.5029,0,0.7515,0,1.5029,0.7515,0,0,0,0,0.7515,0.7515,0,0.7515,0.7515,0,0,0,0,0,0.0003,0,0.0001,0,0.0003,0.0001,0,0,0,0,0.0001,0.0001,0,0.0001,0.0001,0,0,0,0,0,0.1374,0.1112,0.1374,0.1112,
0.7964,0,0,0,0.7964,0,0,2.3891,0.7964,3.1855,1.5928,0,0.7964,0,0,0.7964,0,2.3891,0,0.7964,0.0001,0,0,0,0.0001,0,0,0.0004,0.0001,0.0005,0.0002,0,0.0001,0,0,0.0001,0,0.0004,0,0.0001,0.1116,0.092,0.1116,0.092,
0.9341,0.467,1.4011,0.467,0.9341,0.9341,1.4011,0.467,0.467,1.4011,0,0.9341,0.467,0.467,0,0,0.467,0.467,1.8681,0.9341,0.0001,0,0.0001,0,0.0001,0.0001,0.0001,0,0,0.0001,0,0.0001,0,0,0,0,0,0,0.0001,0.0001,0.2562,0.2768,0.2562,0.2768,
0,1.2588,0.6294,0,0,0.6294,1.2588,0.6294,0.6294,1.8883,0,1.2588,0.6294,0.6294,0.6294,0,0.6294,0,0,0,0,0.0001,0,0,0,0,0.0001,0,0,0.0001,0,0.0001,0,0,0,0,0,0,0,0,0.1872,0.1834,0.1872,0.1834,
0.5223,0,0,0.5223,2.0891,0.5223,0,2.0891,1.0446,1.5668,1.0446,1.0446,0,0,0.5223,1.0446,0,0,0.5223,0.5223,0,0,0,0,0.0002,0,0,0.0002,0.0001,0.0001,0.0001,0.0001,0,0,0,0.0001,0,0,0,0,0.2559,0.2219,0.2559,0.2219,
1.3537,2.0305,1.3537,0.6768,1.3537,0,0,0,0,0.6768,0,0,1.3537,0.6768,0.6768,0,0,0,0,0,0.0001,0.0001,0.0001,0,0.0001,0,0,0,0,0,0,0,0.0001,0,0,0,0,0,0,0,0.2042,0.119,0.2042,0.119,
1.4743,0,1.4743,0.7371,1.1057,0.7371,1.1057,0.3686,0.7371,0.7371,1.1057,1.4743,0.3686,0.3686,0.3686,1.1057,0.3686,1.4743,0.3686,0.7371,0.0001,0,0.0001,0,0.0001,0,0.0001,0,0,0,0.0001,0.0001,0,0,0,0.0001,0,0.0001,0,0,0.2983,0.3331,0.2983,0.3331,
0.4896,0.4896,0.4896,0.4896,0.9792,0.4896,0,0.4896,0.4896,0.4896,0.4896,0.9792,0.9792,1.4689,0.9792,0.9792,0.4896,1.4689,1.4689,0.4896,0,0,0,0,0.0001,0,0,0,0,0,0,0.0001,0.0001,0.0001,0.0001,0.0001,0,0.0001,0.0001,0,0.2555,0.2549,0.2555,0.2549,
1.7434,0,0,0,0.6974,1.0461,0.3487,0.3487,0.6974,0.6974,0.6974,1.0461,0.3487,0.3487,4.533,1.7434,0.6974,0.3487,0,0,0.0001,0,0,0,0.0001,0.0001,0,0,0.0001,0.0001,0.0001,0.0001,0,0,0.0003,0.0001,0.0001,0,0,0,0.3436,0.3077,0.3436,0.3077,
0.5883,0,1.1767,0,1.765,2.9416,0,0,0,1.1767,0,0,0,0,1.1767,0,0.5883,2.3533,0,0.5883,0,0,0.0001,0,0.0001,0.0002,0,0,0,0.0001,0,0,0,0,0.0001,0,0,0.0002,0,0,0.2411,0.1705,0.2411,0.1705,
0.4563,1.369,0.4563,0.9127,0.4563,0,0.9127,1.369,0,1.8254,0.4563,0,0.4563,1.369,1.369,1.369,1.369,0.9127,1.8254,0,0,0.0001,0,0,0,0,0,0.0001,0,0.0001,0,0,0,0.0001,0.0001,0.0001,0.0001,0,0.0001,0,0.2582,0.2855,0.2582,0.2855,
0.4532,0.9063,0.9063,1.3595,0,0.4532,0.9063,0.9063,0.9063,0.9063,0,0.9063,0,0.9063,0.9063,0,0.4532,0.9063,0.9063,0.9063,0,0.0001,0.0001,0.0001,0,0,0.0001,0.0001,0.0001,0.0001,0,0.0001,0,0.0001,0.0001,0,0,0.0001,0.0001,0.0001,0.2924,0.2545,0.2924,0.2545,
2.2868,0.4574,0.9147,0.9147,0,0.9147,1.8295,1.3721,0,0.9147,0,0.4574,0,1.8295,0.4574,1.3721,0.4574,0,0.9147,0,0.0001,0,0.0001,0.0001,0,0.0001,0.0001,0.0001,0,0.0001,0,0,0,0.0001,0,0.0001,0,0,0.0001,0,0.2892,0.2534,0.2892,0.2534,
0.9996,0.9996,0.9996,0.4998,0.4998,0.4998,0.4998,0.4998,1.4993,2.4989,0.4998,1.4993,1.9991,0.4998,0.4998,0.9996,0.4998,1.4993,0,0,0.0001,0.0001,0.0001,0,0,0,0,0,0.0001,0.0001,0,0.0001,0.0001,0,0,0.0001,0,0.0001,0,0,0.2385,0.2617,0.2385,0.2617,
0.61,0,0,0.61,0,0,0.61,0,1.22,1.22,0,0.61,0.61,1.8301,0.61,0.61,0.61,2.4401,0,0.61,0.0001,0,0,0.0001,0,0,0.0001,0,0.0002,0.0002,0,0.0001,0.0001,0.0002,0.0001,0.0001,0.0001,0.0003,0,0.0001,0.2091,0.1809,0.2091,0.1809,
1.0408,1.0408,1.5612,0.5204,2.0817,0.5204,0,0,1.0408,0,0.5204,1.0408,1.5612,0.5204,0,0.5204,1.0408,2.0817,0.5204,0.5204,0.0001,0.0001,0.0001,0,0.0001,0,0,0,0.0001,0,0,0.0001,0.0001,0,0,0,0.0001,0.0001,0,0,0.2932,0.1864,0.2932,0.1864,
1.216,0.4053,1.216,0,1.6214,0.4053,0.4053,0.4053,1.216,0.4053,0,3.2427,1.216,1.6214,1.216,0.8107,1.216,0.8107,0,0.4053,0.0001,0,0.0001,0,0.0001,0,0,0,0.0001,0,0,0.0002,0.0001,0.0001,0.0001,0.0001,0.0001,0.0001,0,0,0.3065,0.2881,0.3065,0.2881,
1.0205,1.3606,2.0409,1.0205,1.0205,0.6803,1.3606,1.0205,0.6803,0.3402,0.3402,0.3402,0.3402,1.0205,0.6803,0.3402,0.3402,0.3402,0.6803,0.6803,0.0001,0.0001,0.0001,0.0001,0.0001,0,0.0001,0.0001,0,0,0,0,0,0.0001,0,0,0,0,0,0,0.3086,0.3513,0.3086,0.3513,
0.6155,0,0,0.6155,0.6155,1.231,0.6155,0.6155,0,1.231,0.6155,0,0,0,1.231,1.231,1.231,0.6155,0,0.6155,0.0001,0,0,0.0001,0.0001,0.0001,0.0001,0.0001,0,0.0001,0.0001,0,0,0,0.0001,0.0001,0.0001,0.0001,0,0.0001,0.1764,0.2082,0.1764,0.2082,
0.6175,0.6175,0,0.6175,0,1.235,0.6175,0.6175,0,0.6175,0.6175,1.235,1.235,0.6175,0,0,1.235,0.6175,1.8525,0.6175,0,0,0,0,0,0.0001,0,0,0,0,0,0.0001,0.0001,0,0,0,0.0001,0,0.0001,0,0.205,0.1775,0.205,0.1775,
0.7199,2.5198,0.7199,0.7199,0.7199,0.36,1.4399,0.36,1.0799,0.7199,1.0799,1.7999,0.7199,0.36,0.36,0.36,1.0799,0.7199,0.36,1.7999,0,0.0001,0,0,0,0,0.0001,0,0,0,0,0.0001,0,0,0,0,0,0,0,0.0001,0.3386,0.3014,0.3386,0.3014,
0.4709,0.9419,2.3547,1.4128,0,0.4709,0,1.4128,0.4709,0,0,1.8838,0,0,0.4709,1.4128,0.9419,0.4709,0.9419,0,0,0.0001,0.0001,0.0001,0,0,0,0.0001,0,0,0,0.0001,0,0,0,0.0001,0.0001,0,0.0001,0,0.2923,0.2368,0.2923,0.2368,
1.0605,1.414,2.4745,1.0605,0.3535,1.7675,0.3535,0,0.3535,0.3535,0.707,0,0.3535,0.3535,1.414,0.3535,1.414,0.3535,0.3535,1.0605,0.0001,0.0001,0.0001,0.0001,0,0.0001,0,0,0,0,0,0,0,0,0.0001,0,0.0001,0,0,0.0001,0.3061,0.3404,0.3061,0.3404,
5.7835,0,0,0.7229,0,0,0,0,0.7229,0,0,0,0,0,0.7229,1.4459,0.7229,1.4459,0,0,0.0009,0,0,0.0001,0,0,0,0,0.0001,0,0,0,0,0,0.0001,0.0002,0.0001,0.0002,0,0,0.1472,0.1298,0.1472,0.1298,
1.2208,3.6623,0,0.6104,0,1.8311,0,2.4415,1.2208,0,0,1.2208,1.2208,0,0,1.8311,0.6104,1.2208,0,1.8311,0,0.0001,0,0,0,0.0001,0,0.0001,0,0,0,0,0,0,0,0.0001,0,0,0,0.0001,0.2013,0.1884,0.2013,0.1884,
0.3779,0.3779,0,0.3779,0,0.7558,0,0.7558,3.4011,0.3779,0.3779,0.7558,0.7558,0.7558,2.2674,0.3779,0.3779,1.5116,0,0.7558,0,0,0,0,0,0.0001,0,0.0001,0.0003,0,0,0.0001,0.0001,0.0001,0.0002,0,0,0.0001,0,0.0001,0.3396,0.2825,0.3396,0.2825,
0,0,0,0.653,0,0,0,1.3061,0,1.3061,0,0,2.6122,0.653,1.3061,1.3061,0,1.3061,0,0.653,0,0,0,0.0001,0,0,0,0.0002,0,0.0002,0,0,0.0003,0.0001,0.0002,0.0002,0,0.0002,0,0.0001,0.1929,0.1541,0.1929,0.1541,
0.8105,4.8627,0,0,0,1.6209,0.8105,0,1.6209,0,0.8105,1.6209,0.8105,0,0,5.6732,0.8105,0,0,0,0,0.0002,0,0,0,0.0001,0,0,0.0001,0,0,0.0001,0,0,0,0.0003,0,0,0,0,0.0891,0.1005,0.0891,0.1005,
0,0,0,0.6951,1.3903,0,1.3903,0,0,1.3903,0,0,0,0.6951,0.6951,0.6951,0,0.6951,0,0,0,0,0,0.0001,0.0002,0,0.0002,0,0,0.0002,0,0,0,0.0001,0.0001,0.0001,0,0.0001,0,0,0.1643,0.1406,0.1643,0.1406,
0.5845,0,0.5845,1.169,0.5845,0,0.5845,0.5845,0,1.169,0.5845,0,0.5845,0.5845,2.338,0,0,0.5845,0,0,0.0001,0,0.0001,0.0002,0.0001,0,0.0001,0.0001,0,0.0002,0.0001,0,0.0001,0.0001,0.0004,0,0,0.0001,0,0,0.2645,0.151,0.2645,0.151,
0,0.3466,0.6931,0.6931,0.3466,0.6931,0.3466,0.3466,1.3862,1.3862,0,0.3466,0,0.3466,1.0397,2.0794,0,1.7328,1.7328,1.3862,0,0,0,0,0,0,0,0,0.0001,0.0001,0,0,0,0,0.0001,0.0001,0,0.0001,0.0001,0.0001,0.3318,0.3216,0.3318,0.3216,
1.0371,0,1.5557,0.5186,0.5186,1.5557,0,1.0371,1.0371,1.0371,0.5186,1.0371,0.5186,1.0371,0,0,1.0371,0.5186,0,0,0.0001,0,0.0001,0,0,0.0001,0,0.0001,0.0001,0.0001,0,0.0001,0,0.0001,0,0,0.0001,0,0,0,0.2322,0.2492,0.2322,0.2492,
0,0,1.5171,0,0.7586,0,0.7586,0,0,0.7586,0.7586,0,0.7586,1.5171,0.7586,0,0,0.7586,0,0,0,0,0.0002,0,0.0001,0,0.0001,0,0,0.0001,0.0001,0,0.0001,0.0002,0.0001,0,0,0.0001,0,0,0.1677,0.0737,0.1677,0.0737,
1.0816,0.3605,1.0816,1.4422,1.0816,1.0816,1.4422,1.0816,0.3605,0.7211,1.0816,0.7211,0.3605,0.3605,0.7211,0.7211,1.4422,0.7211,0.3605,0.3605,0.0001,0,0.0001,0.0001,0.0001,0.0001,0.0001,0.0001,0,0,0.0001,0,0,0,0,0,0.0001,0,0,0,0.309,0.3305,0.309,0.3305,
2.0172,1.5129,0.5043,1.0086,1.5129,1.0086,1.0086,1.5129,0.5043,0.5043,1.5129,1.0086,2.5215,0.5043,0,1.5129,0.5043,1.5129,0.5043,0.5043,0.0001,0.0001,0,0,0.0001,0,0,0.0001,0,0,0.0001,0,0.0001,0,0,0.0001,0,0.0001,0,0,0.265,0.2307,0.265,0.2307,
2.8636,0,0,1.7182,1.7182,0,0,2.2909,0.5727,2.2909,1.1454,0,1.1454,0,1.1454,0.5727,0.5727,1.1454,0,0.5727,0.0003,0,0,0.0002,0.0002,0,0,0.0002,0.0001,0.0002,0.0001,0,0.0001,0,0.0001,0.0001,0.0001,0.0001,0,0.0001,0.2235,0.2037,0.2235,0.2037,
0.4137,0.8273,1.241,1.6546,0.8273,0,0,1.6546,0.4137,0.8273,0.4137,1.241,0,1.241,1.6546,0.8273,0,1.241,0,0.8273,0,0,0.0001,0.0001,0,0,0,0.0001,0,0,0,0.0001,0,0.0001,0.0001,0,0,0.0001,0,0,0.2716,0.3147,0.2716,0.3147,
0,0,0,1.659,0,0,0,0,0.8295,0.8295,0.8295,0,1.659,0.8295,0,0,0.8295,0.8295,0,0,0,0,0,0.0004,0,0,0,0,0.0002,0.0002,0.0002,0,0.0004,0.0002,0,0,0.0002,0.0002,0,0,0.1059,0.0646,0.1059,0.0646,
0.8115,0,0.8115,0.8115,0,0.4057,0,1.623,2.4345,1.623,0.4057,1.623,0.8115,0.4057,0.4057,1.2172,0.4057,0.4057,0.8115,0.8115,0.0001,0,0.0001,0.0001,0,0,0,0.0001,0.0002,0.0001,0,0.0001,0.0001,0,0,0.0001,0,0,0.0001,0.0001,0.2731,0.3211,0.2731,0.3211,
1.4423,0,1.4423,0.9615,0.4808,0.4808,0,1.4423,0.9615,1.4423,0,0.4808,0.4808,0.9615,0.4808,2.8846,0.4808,0.9615,0,0.9615,0.0001,0,0.0001,0.0001,0,0,0,0.0001,0.0001,0.0001,0,0,0,0.0001,0,0.0002,0,0.0001,0,0.0001,0.2285,0.2908,0.2285,0.2908,
2.0548,0.5137,0.5137,2.0548,0.5137,0.5137,0.5137,2.0548,0.5137,2.0548,0.5137,0.5137,0,0,0,1.0274,1.5411,0.5137,1.0274,0.5137,0.0001,0,0,0.0001,0,0,0,0.0001,0,0.0001,0,0,0,0,0,0.0001,0.0001,0,0.0001,0,0.2719,0.2144,0.2719,0.2144,
2.0729,0.691,1.3819,1.7274,1.0364,1.3819,0.3455,0.3455,0,1.0364,0,0.3455,1.3819,0.691,1.0364,1.0364,0,1.0364,0,1.0364,0.0001,0,0.0001,0.0001,0.0001,0.0001,0,0,0,0.0001,0,0,0.0001,0,0.0001,0.0001,0,0.0001,0,0.0001,0.296,0.3585,0.296,0.3585,
0.3834,0.3834,0.7668,0.3834,1.9171,1.5337,0.3834,0.3834,0.7668,0.7668,0.3834,0.3834,1.5337,1.9171,0.7668,0.3834,1.1503,0.3834,1.1503,0,0,0,0,0,0.0001,0.0001,0,0,0,0,0,0,0.0001,0.0001,0,0,0.0001,0,0.0001,0,0.3307,0.2859,0.3307,0.2859,
0.9242,2.3106,0.9242,0.9242,0.4621,0,0.4621,0.9242,0.9242,0.9242,1.3864,0.9242,1.3864,0.4621,0.4621,0,0.4621,0.9242,1.3864,0.9242,0,0.0001,0,0,0,0,0,0,0,0,0.0001,0,0.0001,0,0,0,0,0,0.0001,0,0.2539,0.284,0.2539,0.284,
2.1034,1.262,0.4207,1.262,1.262,1.6827,1.6827,0.8414,0.4207,0.4207,0.8414,0,1.262,0.8414,0,0.8414,1.262,1.6827,0.4207,0.8414,0.0001,0.0001,0,0.0001,0.0001,0.0001,0.0001,0,0,0,0,0,0.0001,0,0,0,0.0001,0.0001,0,0,0.2946,0.2848,0.2946,0.2848,
2.8383,0,0.9461,0.4731,2.8383,0.4731,0,0.9461,0,2.8383,0.9461,0.4731,2.3653,0.4731,0.9461,0.9461,0,2.8383,0.4731,0.4731,0.0002,0,0.0001,0,0.0002,0,0,0.0001,0,0.0002,0.0001,0,0.0001,0,0.0001,0.0001,0,0.0002,0,0,0.2802,0.2467,0.2802,0.2467,
1.2193,0.6097,0,0.6097,0,0.6097,0,0,1.829,1.2193,0,0.6097,0.6097,0,0.6097,0,1.2193,1.829,0,0,0.0001,0.0001,0,0.0001,0,0.0001,0,0,0.0002,0.0001,0,0.0001,0.0001,0,0.0001,0,0.0001,0.0002,0,0,0.1808,0.2096,0.1808,0.2096,
0.8366,0.4183,2.0914,0.4183,0.4183,0.8366,0.8366,0.4183,0.4183,0.4183,1.2549,0.4183,0.4183,1.6732,0.4183,1.2549,0.4183,1.2549,0.8366,0.4183,0,0,0.0001,0,0,0,0,0,0,0,0.0001,0,0,0.0001,0,0.0001,0,0.0001,0,0,0.2696,0.3121,0.2696,0.3121,
0.4805,1.9218,0.4805,0.4805,0.9609,0.4805,0.9609,1.9218,0,0.4805,2.8827,0.9609,1.9218,0.9609,0.4805,1.9218,0.9609,2.4023,0.4805,1.4414,0,0.0001,0,0,0,0,0,0.0001,0,0,0.0001,0,0.0001,0,0,0.0001,0,0.0001,0,0.0001,0.2914,0.2281,0.2914,0.2281,
0,0,0.7273,0.7273,0,0,0,0,0.7273,0,1.4546,2.9092,0,0.7273,0,0,1.4546,0,0,0,0,0,0.0001,0.0001,0,0,0,0,0.0001,0,0.0003,0.0006,0,0.0001,0,0,0.0003,0,0,0,0.1215,0.1512,0.1215,0.1512,
0.39,0.39,0,1.1699,1.1699,1.1699,0.39,2.3398,2.3398,2.7298,0.7799,0.39,0.39,2.3398,0.39,1.1699,0.7799,0.39,0,0.39,0,0,0,0.0001,0.0001,0.0001,0,0.0001,0.0001,0.0002,0,0,0,0.0001,0,0.0001,0,0,0,0,0.3379,0.2722,0.3379,0.2722,
1.0309,0.6873,1.7182,0,1.3745,0.6873,0.6873,0.6873,1.3745,1.3745,2.0618,1.0309,0.6873,0.3436,1.3745,0.3436,1.0309,0.3436,0.3436,0,0.0001,0,0.0001,0,0.0001,0,0,0,0.0001,0.0001,0.0001,0.0001,0,0,0.0001,0,0.0001,0,0,0,0.3286,0.3278,0.3286,0.3278,
0.8286,0,0.8286,0.8286,0,0,0,0,0,0,0,0.8286,1.6573,1.6573,0,0.8286,0,0.8286,0,0,0.0002,0,0.0002,0.0002,0,0,0,0,0,0,0,0.0002,0.0003,0.0003,0,0.0002,0,0.0002,0,0,0.0817,0.0896,0.0817,0.0896,
1.755,1.3163,0,1.755,0.4388,0.4388,0.8775,2.1938,0.8775,1.3163,1.3163,0.4388,0.4388,0.8775,0.4388,0.8775,0.8775,0.8775,0.4388,1.755,0.0001,0.0001,0,0.0001,0,0,0,0.0001,0,0.0001,0.0001,0,0,0,0,0,0,0,0,0.0001,0.3147,0.2466,0.3147,0.2466,
0.645,1.9349,0,0.645,0.645,0.645,0,0,0,0,0,0.645,0.645,0,0.645,0.645,1.2899,1.9349,0.645,1.2899,0,0.0001,0,0,0,0,0,0,0,0,0,0,0,0,0,0,0.0001,0.0001,0,0.0001,0.1675,0.1875,0.1675,0.1875,
2.573,2.1441,0.8577,0.8577,0.4288,0.4288,0,0.4288,0.8577,0,2.573,0.4288,0.4288,1.2865,0.8577,0,0.4288,0.4288,0.8577,0,0.0001,0.0001,0,0,0,0,0,0,0,0,0.0001,0,0,0.0001,0,0,0,0,0,0,0.2948,0.2764,0.2948,0.2764,
0,0,0.707,1.414,0,0,0.707,0.707,0,0,0.707,0,0,0,0,0,0.707,0.707,0.707,0.707,0,0,0.0001,0.0002,0,0,0.0001,0.0001,0,0,0.0001,0,0,0,0,0,0.0001,0.0001,0.0001,0.0001,0.1677,0.1253,0.1677,0.1253,
0.7615,0.7615,0,0,0,0,0.7615,0,0,0.7615,0,0,0,0,0.7615,0.7615,1.523,0.7615,0,0.7615,0.0001,0.0001,0,0,0,0,0.0001,0,0,0.0001,0,0,0,0,0.0001,0.0001,0.0002,0.0001,0,0.0001,0.132,0.1066,0.132,0.1066,
0.7805,0.3902,1.1707,0.7805,0,1.1707,0.7805,0.7805,1.1707,0,1.1707,0,0,0.7805,0.3902,0.7805,0.7805,1.1707,0.7805,1.1707,0.0001,0,0.0001,0.0001,0,0.0001,0.0001,0.0001,0.0001,0,0.0001,0,0,0.0001,0,0.0001,0.0001,0.0001,0.0001,0.0001,0.3173,0.2925,0.3173,0.2925,
0,0,0,0,0,0,0,0,2.3332,0,0,0.7777,3.8886,0.7777,0,0.7777,0,0,0,3.1109,0,0,0,0,0,0,0,0,0.0004,0,0,0.0001,0.0007,0.0001,0,0.0001,0,0,0,0.0006,0.0974,0.1249,0.0974,0.1249,
0.9194,0.9194,0.9194,0.9194,0.9194,0.4597,0.4597,0.4597,0.9194,0.4597,0.4597,0.4597,0.4597,0.9194,0.9194,0.4597,0.4597,0.9194,0.9194,0.4597,0,0,0,0,0,0,0,0,0,0,0,0,0,0,0,0,0,0,0,0,0.2532,0.2871,0.2532,0.2871,
0.5466,1.6398,0.5466,1.6398,1.0932,0.5466,0.5466,0.5466,0.5466,0.5466,1.0932,0,1.0932,0.5466,0,0,1.6398,0.5466,0,0,0,0.0001,0,0.0001,0.0001,0,0,0,0,0,0.0001,0,0.0001,0,0,0,0.0001,0,0,0,0.2468,0.2066,0.2468,0.2066,
1.8949,0.6316,0.6316,1.2633,0,0,0,1.2633,0,3.1582,1.2633,0.6316,0.6316,0,0,0,0,0.6316,0.6316,0.6316,0.0001,0,0,0.0001,0,0,0,0.0001,0,0.0002,0.0001,0,0,0,0,0,0,0,0,0,0.2112,0.1571,0.2112,0.1571,
1.3046,0.4349,1.3046,0.4349,0.8697,0.8697,1.7394,0.4349,0.8697,2.1743,0.8697,0,1.3046,0,0.4349,0.8697,1.3046,0,0.8697,0,0.0001,0,0.0001,0,0.0001,0.0001,0.0001,0,0.0001,0.0001,0.0001,0,0.0001,0,0,0.0001,0.0001,0,0.0001,0,0.285,0.2802,0.285,0.2802,
2.8175,0,0,0.3522,0,0,0.3522,0.3522,4.5784,1.0566,0.3522,1.4088,0.3522,0.3522,0.7044,1.4088,1.7609,0.7044,0.3522,0.3522,0.0002,0,0,0,0,0,0,0,0.0003,0.0001,0,0.0001,0,0,0.0001,0.0001,0.0001,0.0001,0,0,0.2938,0.354,0.2938,0.354,
0.7552,1.1328,0.7552,1.5104,0,0.3776,0.7552,1.1328,1.1328,1.1328,0,0.7552,1.1328,1.1328,1.5104,0.3776,0.3776,0.3776,0.3776,1.5104,0,0.0001,0,0.0001,0,0,0,0.0001,0.0001,0.0001,0,0,0.0001,0.0001,0.0001,0,0,0,0,0.0001,0.3129,0.3095,0.3129,0.3095,
0.4781,1.9126,0.4781,0,0.9563,0.4781,0.9563,0.9563,1.9126,1.4344,0.9563,0,0.4781,0,0.9563,0.4781,0.4781,0.4781,1.9126,0.4781,0,0.0001,0,0,0,0,0,0,0.0001,0.0001,0,0,0,0,0,0,0,0,0.0001,0,0.2535,0.2684,0.2535,0.2684,
0.6974,0.6974,0,0,0.6974,0.6974,0.6974,0.6974,0,0,0.6974,0.6974,0,0,0.6974,0,1.3948,0,0.6974,0.6974,0.0001,0.0001,0,0,0.0001,0.0001,0.0001,0.0001,0,0,0.0001,0.0001,0,0,0.0001,0,0.0001,0,0.0001,0.0001,0.1494,0.1532,0.1494,0.1532,
0.77,0,1.155,1.155,0.385,0.77,0.385,0.385,1.54,1.155,1.54,0.77,0.385,1.155,0.385,0.77,0.385,2.31,0,1.155,0,0,0.0001,0.0001,0,0,0,0,0.0001,0.0001,0.0001,0,0,0.0001,0,0,0,0.0001,0,0.0001,0.3174,0.2976,0.3174,0.2976,
1.5362,0,0,1.0241,2.5604,0.5121,0,1.5362,2.0483,2.0483,0.5121,0,1.5362,0,0.5121,0.5121,1.5362,1.5362,0,0.5121,0.0001,0,0,0.0001,0.0002,0,0,0.0001,0.0002,0.0002,0,0,0.0001,0,0,0,0.0001,0.0001,0,0,0.2332,0.2547,0.2332,0.2547,
0,0,0,0,0,0,0,0,0.8348,0,0,2.5045,1.6697,0,0.8348,0.8348,0,0.8348,0,0.8348,0,0,0,0,0,0,0,0,0.0001,0,0,0.0004,0.0003,0,0.0001,0.0001,0,0.0001,0,0.0001,0.1128,0.0523,0.1128,0.0523,
2.4413,0.4069,1.2206,1.6275,0.8138,0.4069,0.8138,0.4069,0.8138,0.8138,0.4069,0,1.6275,0.4069,0.8138,0.4069,0,0.4069,2.4413,1.2206,0.0001,0,0.0001,0.0001,0,0,0,0,0,0,0,0,0.0001,0,0,0,0,0,0.0001,0.0001,0.282,0.3112,0.282,0.3112,
0.4595,0.4595,0.9189,1.8378,2.7568,1.8378,0.4595,0.9189,0.4595,2.2973,0.4595,0,1.8378,0.4595,0.4595,1.3784,1.8378,0.4595,0,0.9189,0,0,0,0.0001,0.0001,0.0001,0,0,0,0.0001,0,0,0.0001,0,0,0.0001,0.0001,0,0,0,0.2539,0.2866,0.2539,0.2866,
2.1701,0,0.434,0.868,0.868,0.868,0.868,0,1.302,0.868,0.868,0.868,0.868,0.868,0,1.302,0.434,0.868,1.302,0.434,0.0001,0,0,0.0001,0.0001,0.0001,0.0001,0,0.0001,0.0001,0.0001,0.0001,0.0001,0.0001,0,0.0001,0,0.0001,0.0001,0,0.3019,0.264,0.3019,0.264,
1.3172,0.8781,0.4391,0,1.7562,1.3172,0.8781,1.7562,1.3172,0,1.7562,0,1.7562,1.3172,0.8781,1.3172,0.8781,0.4391,0.8781,0.4391,0.0001,0,0,0,0.0001,0.0001,0,0.0001,0.0001,0,0.0001,0,0.0001,0.0001,0,0.0001,0,0,0,0,0.2801,0.2809,0.2801,0.2809,
0,0.6673,0,0.6673,0,0.6673,0.6673,0.6673,0.6673,0.6673,0,0,0.6673,0,0.6673,1.3347,0.6673,0,0,0,0,0.0001,0,0.0001,0,0.0001,0.0001,0.0001,0.0001,0.0001,0,0,0.0001,0,0.0001,0.0002,0.0001,0,0,0,0.207,0.1257,0.207,0.1257,
1.7844,0.8922,0.8922,0.8922,1.3383,0.4461,0.4461,0.8922,1.3383,0.8922,0.4461,0.4461,0.8922,0.4461,0,0,0.4461,1.3383,1.7844,1.3383,0.0001,0,0,0,0.0001,0,0,0,0.0001,0,0,0,0,0,0,0,0,0.0001,0.0001,0.0001,0.2647,0.2892,0.2647,0.2892,
0.7685,0.3843,0,1.537,1.1528,0.3843,1.537,0.7685,0.7685,0.3843,0.3843,0.3843,1.537,1.537,0.7685,0.3843,0.7685,0.7685,0.7685,1.537,0,0,0,0.0001,0.0001,0,0.0001,0,0,0,0,0,0.0001,0.0001,0,0,0,0,0,0.0001,0.3211,0.2947,0.3211,0.2947,
0,0.6678,1.3355,0,0.6678,0.6678,0,0.6678,0,0.6678,0,0.6678,0.6678,0.6678,0.6678,0.6678,0,0.6678,0,0.6678,0,0.0001,0.0001,0,0.0001,0.0001,0,0.0001,0,0.0001,0,0.0001,0.0001,0.0001,0.0001,0.0001,0,0.0001,0,0.0001,0.1554,0.1769,0.1554,0.1769,
2.5102,0,0.7172,1.0758,1.0758,2.1516,0,0.3586,2.5102,1.793,0.7172,1.0758,0.3586,0.7172,0.7172,1.0758,0.3586,0.3586,0.3586,0,0.0002,0,0,0.0001,0.0001,0.0001,0,0,0.0002,0.0001,0,0.0001,0,0,0,0.0001,0,0,0,0,0.3415,0.2998,0.3415,0.2998,
1.0108,0,1.0108,0.5054,1.5162,2.0216,0,2.527,0,3.0324,0.5054,0,0.5054,0.5054,1.5162,0,1.0108,2.0216,0,1.0108,0.0001,0,0.0001,0,0.0001,0.0001,0,0.0002,0,0.0002,0,0,0,0,0.0001,0,0.0001,0.0001,0,0.0001,0.2596,0.235,0.2596,0.235,
0.3784,1.1353,1.5137,0,0,0.7568,0.3784,1.1353,0.3784,0.7568,0.7568,0.7568,0.3784,0.7568,0.7568,1.1353,0.7568,0.7568,2.649,1.8921,0,0,0.0001,0,0,0,0,0,0,0,0,0,0,0,0,0,0,0,0.0001,0.0001,0.3152,0.3064,0.3152,0.3064,
0,0,0,0,1.3767,0.6884,0,1.3767,0,2.0651,0.6884,0,0.6884,0,1.3767,1.3767,0,0,0,1.3767,0,0,0,0,0.0001,0.0001,0,0.0001,0,0.0002,0.0001,0,0.0001,0,0.0001,0.0001,0,0,0,0.0001,0.1704,0.1412,0.1704,0.1412,
0.8879,0,0,0,0,0,0,0,0.8879,2.6636,0,0,0.8879,0.8879,0,0.8879,0,1.7757,0,0,0.0001,0,0,0,0,0,0,0,0.0001,0.0004,0,0,0.0001,0.0001,0,0.0001,0,0.0003,0,0,0.0694,0.0428,0.0694,0.0428,
0.7998,1.1997,0,0.3999,0,1.1997,0.3999,1.5996,1.9995,0,0.3999,0.3999,0.3999,1.1997,1.9995,1.1997,0,1.9995,0,0,0,0.0001,0,0,0,0.0001,0,0.0001,0.0001,0,0,0,0,0.0001,0.0001,0.0001,0,0.0001,0,0,0.2947,0.3054,0.2947,0.3054,
1.4129,0,1.8838,0.471,0,0.471,0.9419,0.9419,0.9419,1.4129,0.9419,0.471,0.9419,0.9419,0.471,1.4129,0.9419,1.8838,0.471,0.471,0.0001,0,0.0001,0,0,0,0.0001,0.0001,0.0001,0.0001,0.0001,0,0.0001,0.0001,0,0.0001,0.0001,0.0001,0,0,0.2792,0.2498,0.2792,0.2498,
0,1.0929,0.3643,0.3643,0,0.7286,0.3643,1.0929,2.1858,0,0.3643,0.7286,0.7286,0.7286,2.5501,0.3643,0,2.1858,0,0,0,0.0001,0,0,0,0,0,0.0001,0.0001,0,0,0,0,0,0.0002,0,0,0.0001,0,0,0.3191,0.3166,0.3191,0.3166,
1.8591,1.3943,1.3943,0,1.3943,0.4648,0,0.9296,0.4648,0.9296,0,0.9296,2.7887,0,0.9296,0.4648,0.4648,0.9296,1.8591,1.3943,0.0001,0.0001,0.0001,0,0.0001,0,0,0,0,0,0,0,0.0001,0,0,0,0,0,0.0001,0.0001,0.2643,0.271,0.2643,0.271,
0,0.7105,0,0,0,0,2.1316,0,0.7105,0.7105,0.7105,0.7105,0,1.4211,0,0.7105,0,0,0,0.7105,0,0.0001,0,0,0,0,0.0002,0,0.0001,0.0001,0.0001,0.0001,0,0.0001,0,0.0001,0,0,0,0.0001,0.169,0.1205,0.169,0.1205,
0.7808,0.3904,1.1712,0.3904,0.3904,1.5616,1.1712,0.3904,0,0.7808,0.3904,1.1712,0.3904,0.7808,0.7808,0.3904,0.3904,1.5616,0.7808,1.5616,0,0,0.0001,0,0,0.0001,0.0001,0,0,0,0,0.0001,0,0,0,0,0,0.0001,0,0.0001,0.3207,0.2889,0.3207,0.2889,
1.6035,0,0,1.069,2.6725,0.5345,0,1.6035,1.069,2.6725,0.5345,0,0.5345,0.5345,1.069,0,2.138,0.5345,0,0.5345,0.0002,0,0,0.0001,0.0003,0.0001,0,0.0002,0.0001,0.0003,0.0001,0,0.0001,0.0001,0.0001,0,0.0002,0.0001,0,0.0001,0.2276,0.2379,0.2276,0.2379,
0.6386,0,0.6386,0.6386,0.6386,0,0.6386,0,0.6386,0.6386,1.9158,0.6386,0.6386,0,0,0,0.6386,0.6386,1.2772,1.2772,0.0001,0,0.0001,0.0001,0.0001,0,0.0001,0,0.0001,0.0001,0.0002,0.0001,0.0001,0,0,0,0.0001,0.0001,0.0001,0.0001,0.2202,0.1412,0.2202,0.1412,
1.3069,2.6139,0.8713,0.4356,0,0.4356,0.8713,0.4356,1.7426,0.4356,0,1.3069,0.4356,0.4356,0.4356,0.8713,1.3069,1.7426,0,0.8713,0.0001,0.0001,0,0,0,0,0,0,0.0001,0,0,0.0001,0,0,0,0,0.0001,0.0001,0,0,0.2713,0.293,0.2713,0.293,
1.2611,1.6814,0.8407,1.2611,0,1.2611,0.4204,0.8407,0.8407,1.2611,0.4204,0.4204,0.8407,0,0.4204,0.4204,0.4204,0.8407,0.4204,2.5221,0.0001,0.0001,0,0.0001,0,0.0001,0,0,0,0.0001,0,0,0,0,0,0,0,0,0,0.0001,0.2943,0.2854,0.2943,0.2854,
3.1666,0.4524,0.9047,0,0.4524,0,0.4524,3.1666,0,3.619,1.3571,0,0.4524,0.4524,1.8095,1.8095,0.4524,1.8095,0.4524,0.4524,0.0002,0,0.0001,0,0,0,0,0.0002,0,0.0002,0.0001,0,0,0,0.0001,0.0001,0,0.0001,0,0,0.2344,0.3132,0.2344,0.3132,
1.3542,0.6771,0.6771,1.0156,0.6771,0,1.3542,1.3542,0,0.3385,0.3385,0.6771,0.3385,0.3385,2.0312,0.3385,1.3542,0,0.3385,1.6927,0.0001,0,0,0.0001,0,0,0.0001,0.0001,0,0,0,0,0,0,0.0001,0,0.0001,0,0,0.0001,0.3116,0.3499,0.3116,0.3499,
0,0,0,0,0,0,0,0.7523,0.7523,0,0,1.5046,2.2569,0.7523,0.7523,1.5046,0,0.7523,0,0,0,0,0,0,0,0,0,0.0001,0.0001,0,0,0.0002,0.0003,0.0001,0.0001,0.0002,0,0.0001,0,0,0.1462,0.1015,0.1462,0.1015,
0.7293,0,0,0,0,0.7293,0,0.7293,0.7293,0,0,0,1.4586,0,0.7293,0.7293,1.4586,0,0,0,0.0001,0,0,0,0,0.0001,0,0.0001,0.0001,0,0,0,0.0003,0,0.0001,0.0001,0.0003,0,0,0,0.1372,0.1336,0.1372,0.1336,
2.3243,0,0,0.4649,1.8595,0.9297,0.4649,2.7892,0.9297,1.3946,0.9297,0,0.9297,0.9297,0.9297,0.4649,2.3243,1.8595,0.4649,0.4649,0.0002,0,0,0,0.0001,0.0001,0,0.0002,0.0001,0.0001,0.0001,0,0.0001,0.0001,0.0001,0,0.0002,0.0001,0,0,0.2421,0.2931,0.2421,0.2931,
0.647,0,1.2939,0,0.647,0.647,0.647,0.647,0,2.5878,0.647,0,0.647,0,0.647,0,0,0.647,0,0,0.0001,0,0.0002,0,0.0001,0.0001,0.0001,0.0001,0,0.0003,0.0001,0,0.0001,0,0.0001,0,0,0.0001,0,0,0.1926,0.1605,0.1926,0.1605,
0.3417,1.0251,0.6834,1.3667,0.3417,0.3417,0.3417,0.6834,2.3918,0.6834,0.3417,1.7084,0.6834,0,2.0501,0.6834,1.7084,0.6834,0,0.6834,0,0.0001,0,0.0001,0,0,0,0,0.0001,0,0,0.0001,0,0,0.0001,0,0.0001,0,0,0,0.3129,0.3454,0.3129,0.3454,
1.6074,1.0716,0.5358,0.5358,0,0.5358,1.0716,0.5358,0.5358,0.5358,0.5358,2.679,0,1.0716,0.5358,0,0.5358,0,0,0,0.0001,0.0001,0,0,0,0,0.0001,0,0,0,0,0.0002,0,0.0001,0,0,0,0,0,0,0.2288,0.2354,0.2288,0.2354,
0.4183,0,1.6733,2.9282,0,0,0.4183,2.5099,0.4183,0.4183,0.4183,1.255,0.4183,0.8366,1.255,0,0.4183,2.0916,0.4183,0,0,0,0.0001,0.0002,0,0,0,0.0002,0,0,0,0.0001,0,0.0001,0.0001,0,0,0.0001,0,0,0.2802,0.3015,0.2802,0.3015,
1.3302,0.4434,0.8868,0.8868,0.4434,1.7736,0,0.8868,0.8868,0.4434,0,0.8868,0.4434,1.7736,0.8868,1.7736,0,0.8868,0,0.8868,0.0001,0,0.0001,0.0001,0,0.0001,0,0.0001,0.0001,0,0,0.0001,0,0.0001,0.0001,0.0001,0,0.0001,0,0.0001,0.2639,0.2927,0.2639,0.2927,
1.2142,0.8095,0.4047,0.4047,1.2142,0.4047,1.2142,0.4047,1.2142,0.4047,2.4285,0.8095,0.8095,1.2142,0.8095,1.619,0.4047,0.4047,0.4047,1.2142,0.0001,0,0,0,0.0001,0,0.0001,0,0.0001,0,0.0001,0,0,0.0001,0,0.0001,0,0,0,0.0001,0.3482,0.2471,0.3482,0.2471,
1.1034,0.5517,0.5517,1.655,1.1034,0.5517,1.1034,0.5517,0,3.3101,0.5517,0.5517,0,0,0,1.655,0.5517,0.5517,0,0.5517,0.0001,0,0,0.0001,0.0001,0,0.0001,0,0,0.0002,0,0,0,0,0,0.0001,0,0,0,0,0.2242,0.2241,0.2242,0.2241,
1.2197,0.8131,0.8131,0.4066,0.4066,1.6262,0.4066,0.8131,2.0328,1.6262,0.4066,0.8131,0.4066,0.4066,0,1.6262,2.0328,0.8131,1.2197,0.4066,0.0001,0,0,0,0,0.0001,0,0,0.0001,0.0001,0,0,0,0,0,0.0001,0.0001,0,0.0001,0,0.2764,0.3171,0.2764,0.3171,
0.4298,0.8595,0.8595,0.8595,0.8595,1.2893,0.4298,1.2893,0.4298,1.2893,1.2893,0.4298,0,1.2893,0.4298,2.5786,1.7191,0.8595,0,1.2893,0,0,0,0,0,0.0001,0,0.0001,0,0.0001,0.0001,0,0,0.0001,0,0.0001,0.0001,0,0,0.0001,0.3066,0.2636,0.3066,0.2636,
0,1.6005,0,0.8002,0,0,0.8002,0,0,0.8002,1.6005,0.8002,0.8002,0.8002,0,0,0,0,0,0,0,0.0001,0,0.0001,0,0,0.0001,0,0,0.0001,0.0001,0.0001,0.0001,0.0001,0,0,0,0,0,0,0.0971,0.1027,0.0971,0.1027,
1.4671,1.4671,0.3668,1.1003,0.7336,0.3668,1.4671,0.3668,0.7336,0,0.3668,1.4671,1.4671,0.7336,1.1003,0.3668,0.3668,1.1003,0.3668,1.1003,0.0001,0.0001,0,0.0001,0,0,0.0001,0,0,0,0,0.0001,0.0001,0,0.0001,0,0,0.0001,0,0.0001,0.3511,0.2822,0.3511,0.2822,
0.9758,0.4879,0.9758,0.4879,0.9758,1.9516,0,2.4395,0,0.9758,1.4637,0.4879,0.9758,0,0.4879,1.4637,4.879,1.4637,0,1.4637,0,0,0,0,0,0.0001,0,0.0001,0,0,0.0001,0,0,0,0,0.0001,0.0002,0.0001,0,0.0001,0.2804,0.2317,0.2804,0.2317,
0,0,0,1.034,2.0681,1.034,0,0.517,0,4.1362,0.517,2.5851,1.5511,0.517,1.034,1.5511,1.034,1.5511,0,1.034,0,0,0,0.0001,0.0001,0.0001,0,0,0,0.0003,0,0.0002,0.0001,0,0.0001,0.0001,0.0001,0.0001,0,0.0001,0.2248,0.2582,0.2248,0.2582,
0.4769,0,1.4307,0.4769,0.4769,0,0,0.4769,0,0.4769,0.9538,0.9538,0,0.4769,1.9076,0.4769,0,0.9538,0.9538,0,0,0,0.0001,0,0,0,0,0,0,0,0.0001,0.0001,0,0,0.0002,0,0,0.0001,0.0001,0,0.2655,0.2576,0.2655,0.2576,
0.749,0,0,0,0,1.498,0,1.498,0.749,3.7451,0,0,0,0,0,1.498,0,0,0,0,0.0001,0,0,0,0,0.0001,0,0.0001,0.0001,0.0004,0,0,0,0,0,0.0001,0,0,0,0,0.1227,0.1283,0.1227,0.1283,
1.1793,0,0.5897,0,1.1793,1.769,0,0.5897,0,2.9483,1.1793,0,0,0,0.5897,2.3586,0.5897,2.9483,1.1793,0,0.0001,0,0,0,0.0001,0.0001,0,0,0,0.0002,0.0001,0,0,0,0,0.0001,0,0.0002,0.0001,0,0.2481,0.1622,0.2481,0.1622,
0,0,0,0,0,2.3826,0,0,0,1.5884,0,2.3826,0.7942,0.7942,0,0,0.7942,0.7942,0,0.7942,0,0,0,0,0,0.0002,0,0,0,0.0001,0,0.0002,0.0001,0.0001,0,0,0.0001,0.0001,0,0.0001,0.113,0.0928,0.113,0.0928,
1.6436,0.8218,0.4109,1.6436,1.2327,0.8218,0,0.8218,2.0545,3.6981,0.4109,0.4109,0.4109,0,0.4109,0.4109,1.6436,2.8763,0,0.8218,0.0001,0,0,0.0001,0.0001,0,0,0,0.0001,0.0002,0,0,0,0,0,0,0.0001,0.0001,0,0,0.3209,0.2682,0.3209,0.2682,
0.4014,1.2043,0,1.6058,1.6058,0.4014,0.8029,0.4014,0.4014,0.4014,0.4014,0.4014,0,0.8029,0.8029,1.2043,0.4014,1.2043,2.0072,0.8029,0,0.0001,0,0.0001,0.0001,0,0,0,0,0,0,0,0,0,0,0.0001,0,0.0001,0.0001,0,0.2641,0.3344,0.2641,0.3344,
0,2.271,1.1355,1.1355,0,1.7032,0.5677,0.5677,0.5677,0,1.1355,1.1355,0,0.5677,0.5677,0,0,0,0,0,0,0.0001,0.0001,0.0001,0,0.0001,0,0,0,0,0.0001,0.0001,0,0,0,0,0,0,0,0,0.2713,0.161,0.2713,0.161,
0,0,0.5614,0,0.5614,1.1228,0.5614,0.5614,0,1.6842,0,1.1228,0.5614,0,1.6842,0.5614,0.5614,0.5614,0,0.5614,0,0,0.0001,0,0.0001,0.0001,0.0001,0.0001,0,0.0002,0,0.0001,0.0001,0,0.0002,0.0001,0.0001,0.0001,0,0.0001,0.1996,0.239,0.1996,0.239,
1.233,0,0.6165,2.466,0,1.233,0,0,0,0,1.8495,0.6165,1.8495,0,0,0,0.6165,2.466,0,0,0.0001,0,0.0001,0.0003,0,0.0001,0,0,0,0,0.0002,0.0001,0.0002,0,0,0,0.0001,0.0003,0,0,0.1593,0.2242,0.1593,0.2242,
0.7348,0.7348,0.7348,1.1021,0.3674,0.7348,1.1021,0.7348,1.1021,0.7348,0.3674,1.1021,1.8369,0.7348,0.7348,0.3674,0.7348,1.1021,1.1021,0.7348,0,0,0,0.0001,0,0,0.0001,0,0.0001,0,0,0.0001,0.0001,0,0,0,0,0.0001,0.0001,0,0.3172,0.3154,0.3172,0.3154,
0,0,0.557,0,0.557,0,0.557,1.114,0.557,0,0.557,1.114,0,0.557,1.671,0.557,0,0,0.557,0,0,0,0.0001,0,0.0001,0,0.0001,0.0001,0.0001,0,0.0001,0.0001,0,0.0001,0.0002,0.0001,0,0,0.0001,0,0.1964,0.2466,0.1964,0.2466,
1.441,1.441,0.9607,0.4803,1.441,0.4803,1.441,0.4803,0,1.441,0.9607,0.9607,0.4803,0.9607,0.9607,0,0.9607,0,0.4803,0.9607,0.0001,0.0001,0.0001,0,0.0001,0,0.0001,0,0,0.0001,0.0001,0.0001,0,0.0001,0.0001,0,0.0001,0,0,0.0001,0.2489,0.2708,0.2489,0.2708,
0,0.4853,0.9706,0.9706,0.4853,1.4559,0.9706,0.4853,0.4853,0.9706,0.9706,0.9706,0.9706,0.9706,0.4853,0.4853,1.4559,0,0,0.4853,0,0,0.0001,0.0001,0,0.0001,0.0001,0,0,0.0001,0.0001,0.0001,0.0001,0.0001,0,0,0.0001,0,0,0,0.2445,0.2702,0.2445,0.2702,
0.5301,0,0,0.5301,2.1204,0.5301,0,0.5301,0.5301,3.7107,0.5301,2.6505,1.0602,1.0602,0.5301,1.5903,1.0602,1.5903,0.5301,1.0602,0,0,0,0,0.0001,0,0,0,0,0.0002,0,0.0002,0.0001,0.0001,0,0.0001,0.0001,0.0001,0,0.0001,0.2288,0.2411,0.2288,0.2411,
0.4631,0,0.4631,0.9263,0,0.4631,1.3894,0,0.4631,0.9263,0.4631,1.8525,0,0.4631,1.3894,0.9263,1.8525,1.8525,0.4631,0,0,0,0,0.0001,0,0,0.0001,0,0,0.0001,0,0.0002,0,0,0.0001,0.0001,0.0002,0.0002,0,0,0.2608,0.276,0.2608,0.276,
0.4182,1.2545,0.4182,1.2545,0.4182,1.2545,0.8363,0.8363,0,0.4182,0.4182,0,1.2545,1.2545,0,1.2545,1.6726,2.5089,1.6726,1.2545,0,0.0001,0,0.0001,0,0.0001,0,0,0,0,0,0,0.0001,0.0001,0,0.0001,0.0001,0.0001,0.0001,0.0001,0.2812,0.3006,0.2812,0.3006,
1.0949,1.6424,0,0.5475,1.0949,0.5475,0,0.5475,0.5475,0.5475,0,0.5475,0.5475,0.5475,1.0949,1.0949,1.0949,0.5475,1.0949,0,0.0001,0.0001,0,0,0.0001,0,0,0,0,0,0,0,0,0,0.0001,0.0001,0.0001,0,0.0001,0,0.2194,0.2331,0.2194,0.2331,
0.7544,0,0.7544,0,0.7544,0.7544,0.7544,0,0,0,0,0.7544,0.7544,0.7544,0,0.7544,0.7544,0,0.7544,0,0.0001,0,0.0001,0,0.0001,0.0001,0.0001,0,0,0,0,0.0001,0.0001,0.0001,0,0.0001,0.0001,0,0.0001,0,0.1264,0.1193,0.1264,0.1193,
1.4438,1.4438,1.4438,0.4813,1.4438,0.4813,0,1.9251,0,0.4813,0.9625,0.9625,0.9625,0,0.9625,0.4813,1.4438,0.4813,1.9251,0.4813,0.0001,0.0001,0.0001,0,0.0001,0,0,0.0001,0,0,0,0,0,0,0,0,0.0001,0,0.0001,0,0.2932,0.2255,0.2932,0.2255,
0,3.5077,0,0.5846,0.5846,1.7538,0,1.7538,1.1692,0,0,1.1692,1.1692,0,0.5846,2.3384,0,2.923,0,0.5846,0,0.0001,0,0,0,0.0001,0,0.0001,0,0,0,0,0,0,0,0.0001,0,0.0001,0,0,0.2233,0.1921,0.2233,0.1921,
1.0714,0.3571,0,1.4285,2.1428,0.7143,0.7143,0.7143,0.7143,0.3571,0.7143,1.0714,0,0.7143,2.1428,0.7143,1.4285,0.7143,0.7143,0.3571,0.0001,0,0,0.0001,0.0001,0,0,0,0,0,0,0.0001,0,0,0.0001,0,0.0001,0,0,0,0.3584,0.2845,0.3584,0.2845,
0.7223,0,0.7223,0.7223,0,1.0834,0.7223,1.0834,2.1668,0.7223,0.3611,1.4445,0.7223,0.7223,1.8056,1.4445,0.7223,1.0834,0,0,0.0001,0,0.0001,0.0001,0,0.0001,0.0001,0.0001,0.0002,0.0001,0,0.0001,0.0001,0.0001,0.0001,0.0001,0.0001,0.0001,0,0,0.2742,0.3647,0.2742,0.3647,
1.0454,0.5227,0,0.5227,0.5227,1.0454,0.5227,2.0908,1.5681,1.0454,1.0454,2.0908,0.5227,0.5227,0,0.5227,6.2724,0.5227,0,0.5227,0.0001,0,0,0,0,0.0001,0,0.0001,0.0001,0.0001,0.0001,0.0001,0,0,0,0,0.0004,0,0,0,0.211,0.2663,0.211,0.2663,
1.0575,0.5287,1.0575,0,0.5287,0.5287,0,0.5287,1.0575,1.0575,0.5287,1.0575,0,1.5862,0.5287,0.5287,1.0575,1.0575,0,1.0575,0.0001,0,0.0001,0,0,0,0,0,0.0001,0.0001,0,0.0001,0,0.0001,0,0,0.0001,0.0001,0,0.0001,0.2328,0.2385,0.2328,0.2385,
0.4605,1.3815,0.921,0,1.3815,0.921,0,2.763,1.3815,3.2235,1.3815,0.921,0.4605,1.3815,0.4605,0.4605,0.921,1.842,1.3815,0,0,0.0001,0,0,0.0001,0,0,0.0001,0.0001,0.0001,0.0001,0,0,0.0001,0,0,0,0.0001,0.0001,0,0.2713,0.2682,0.2713,0.2682,
0.5245,0,0.5245,0,0.5245,0,2.098,0.5245,0,1.049,0,1.5735,1.5735,0.5245,1.049,1.5735,1.049,0.5245,0,0,0.0001,0,0.0001,0,0.0001,0,0.0003,0.0001,0,0.0001,0,0.0002,0.0002,0.0001,0.0001,0.0002,0.0001,0.0001,0,0,0.2572,0.2183,0.2572,0.2183,
0.8926,0.4463,0.8926,0.4463,0.8926,0.8926,0.4463,1.3389,0.4463,0.8926,0.8926,1.3389,0,1.3389,1.7852,1.3389,0.8926,0.8926,0.4463,0.4463,0,0,0,0,0,0,0,0.0001,0,0,0,0.0001,0,0.0001,0.0001,0.0001,0,0,0,0,0.2486,0.3051,0.2486,0.3051,
1.6116,0,0,0,0.8058,1.6116,0,0,0,0,0.8058,0,0.8058,0.8058,0.8058,0,0,0.8058,0,0,0.0003,0,0,0,0.0001,0.0003,0,0,0,0,0.0001,0,0.0001,0.0001,0.0001,0,0,0.0001,0,0,0.1105,0.0837,0.1105,0.0837,
1.0421,0,0,0,0.3474,1.7368,0,0.3474,1.3895,0.6947,0.6947,0.3474,0,0.6947,4.5158,0.6947,1.7368,1.3895,0,0,0.0001,0,0,0,0,0.0002,0,0,0.0001,0.0001,0.0001,0,0,0.0001,0.0004,0.0001,0.0002,0.0001,0,0,0.3744,0.2783,0.3744,0.2783,
1.3328,0,0,0,0.3332,1.3328,0.3332,0.6664,1.666,0.3332,0.6664,0,0.3332,0.3332,3.6652,0.9996,0.9996,1.3328,0,0.3332,0.0001,0,0,0,0,0.0001,0,0.0001,0.0001,0,0.0001,0,0,0,0.0003,0.0001,0.0001,0.0001,0,0,0.4081,0.2587,0.4081,0.2587,
1.6347,2.0434,0,1.226,0.8174,0.4087,1.6347,2.0434,0,0.4087,0,0.4087,0.8174,0.4087,1.226,0.8174,1.6347,0.8174,1.226,0.4087,0.0001,0.0001,0,0,0,0,0.0001,0.0001,0,0,0,0,0,0,0,0,0.0001,0,0,0,0.3113,0.28,0.3113,0.28,
1.1965,1.1965,0.7977,0.7977,0.7977,0.7977,0.7977,1.1965,0,0.3988,0.3988,1.5953,1.5953,0.3988,1.1965,0.7977,1.1965,1.1965,0.7977,1.5953,0.0001,0.0001,0,0,0,0,0,0.0001,0,0,0,0.0001,0.0001,0,0.0001,0,0.0001,0.0001,0,0.0001,0.267,0.3341,0.267,0.3341,
0,1.1133,0,0.3711,0,1.1133,0.3711,1.8556,3.34,0,0.3711,0.3711,0.3711,0.7422,1.4845,0.3711,0.3711,1.4845,0,0,0,0.0001,0,0,0,0.0001,0,0.0001,0.0002,0,0,0,0,0,0.0001,0,0,0.0001,0,0,0.2941,0.3347,0.2941,0.3347,
0.4864,1.9456,2.432,0.4864,1.4592,0.4864,0.4864,1.4592,0.4864,0.9728,0.4864,0,0.9728,1.9456,0,0.4864,0.4864,0.9728,0.4864,1.4592,0,0.0001,0.0001,0,0.0001,0,0,0.0001,0,0,0,0,0,0.0001,0,0,0,0,0,0.0001,0.318,0.1956,0.318,0.1956,
0.8244,0.8244,1.2367,0,0,0,1.2367,1.6489,0.8244,0.4122,0.4122,0.8244,1.2367,0.8244,1.2367,0.4122,0.8244,0,0,0.8244,0.0001,0.0001,0.0001,0,0,0,0.0001,0.0001,0.0001,0,0,0.0001,0.0001,0.0001,0.0001,0,0.0001,0,0,0.0001,0.2582,0.3296,0.2582,0.3296,
2.3185,0,0,0.7728,0.7728,0.7728,0,0,0,1.5457,0,0,0.7728,0,0.7728,0,0,0.7728,0,0,0.0004,0,0,0.0001,0.0001,0.0001,0,0,0,0.0003,0,0,0.0001,0,0.0001,0,0,0.0001,0,0,0.1315,0.0957,0.1315,0.0957,
1.1002,0,0,0,0.7334,1.1002,0.3667,0,2.5671,0.7334,0.7334,1.4669,0.3667,0.3667,4.034,0.7334,0.7334,1.1002,0,0,0.0001,0,0,0,0.0001,0.0001,0,0,0.0002,0.0001,0.0001,0.0001,0,0,0.0003,0.0001,0.0001,0.0001,0,0,0.312,0.3213,0.312,0.3213,
0.369,0.369,0.738,0.369,1.1069,0.738,0.369,0.369,0.738,0.738,0.369,1.1069,0.369,0.738,1.1069,1.1069,0.369,0.369,1.4759,0.738,0,0,0,0,0.0001,0,0,0,0,0,0,0.0001,0,0,0.0001,0.0001,0,0,0.0001,0,0.3348,0.2962,0.3348,0.2962,
1.8228,0,0,1.2152,1.8228,0.6076,0,1.2152,0.6076,4.2532,0.6076,0.6076,0.6076,1.2152,0.6076,1.8228,0.6076,3.038,0,0.6076,0.0001,0,0,0.0001,0.0001,0,0,0.0001,0,0.0003,0,0,0,0.0001,0,0.0001,0,0.0002,0,0,0.1896,0.2028,0.1896,0.2028,
0,2.5105,0,1.2553,0.4184,0.8368,0.4184,2.0921,0,1.2553,1.2553,0,0.8368,1.2553,1.2553,1.2553,0.4184,1.2553,0.8368,0.8368,0,0.0001,0,0.0001,0,0,0,0.0001,0,0.0001,0.0001,0,0,0.0001,0.0001,0.0001,0,0.0001,0,0,0.279,0.3026,0.279,0.3026,
0.3397,0.3397,0.3397,0,0.3397,0.6793,0.3397,0.3397,2.0379,0.6793,0.3397,0.6793,0,0.6793,3.3965,1.019,0.3397,1.6983,0,0.3397,0,0,0,0,0,0.0001,0,0,0.0002,0.0001,0,0.0001,0,0.0001,0.0003,0.0001,0,0.0001,0,0,0.372,0.2884,0.372,0.2884,
0,1.8772,0.4693,1.4079,0.4693,0.9386,0.4693,1.4079,0.9386,1.4079,1.4079,0.9386,1.4079,0.4693,0,0.9386,0.4693,1.8772,0.4693,0.9386,0,0.0001,0,0.0001,0,0,0,0.0001,0,0.0001,0.0001,0,0.0001,0,0,0,0,0.0001,0,0,0.2548,0.2759,0.2548,0.2759,
0.4854,1.9415,0.4854,0,0.4854,1.9415,0.9708,0,0.4854,0.4854,0.4854,0.4854,0.4854,0,1.4561,1.4561,1.4561,0.4854,0,1.4561,0,0.0001,0,0,0,0.0001,0,0,0,0,0,0,0,0,0.0001,0.0001,0.0001,0,0,0.0001,0.2621,0.2525,0.2621,0.2525,
0.5249,1.0498,0,1.0498,0.5249,0,0.5249,0,1.5747,1.0498,0,0,2.6246,0.5249,0,1.0498,0,1.0498,1.0498,0.5249,0,0.0001,0,0.0001,0,0,0,0,0.0001,0.0001,0,0,0.0002,0,0,0.0001,0,0.0001,0.0001,0,0.2203,0.2548,0.2203,0.2548,
1.3606,0,0,0.6803,0.6803,1.3606,0,0.6803,0,2.0409,0.6803,0,2.0409,0,0.6803,0.6803,0.6803,0,0,0,0.0002,0,0,0.0001,0.0001,0.0002,0,0.0001,0,0.0002,0.0001,0,0.0002,0,0.0001,0.0001,0.0001,0,0,0,0.1591,0.1606,0.1591,0.1606,
0,0.9157,0.4578,0,1.3735,0.4578,0.9157,0,2.2892,0.9157,1.3735,0,0.4578,0,0.9157,0.9157,0.9157,0.9157,1.3735,0.9157,0,0.0001,0,0,0.0001,0,0.0001,0,0.0001,0.0001,0.0001,0,0,0,0.0001,0.0001,0.0001,0.0001,0.0001,0.0001,0.3114,0.2308,0.3114,0.2308,
1.0655,0.3552,0.3552,0.7103,1.0655,1.0655,0.3552,0,1.7758,0.7103,0.3552,0.7103,0.3552,0.7103,1.0655,1.7758,0.3552,0.3552,1.7758,0.7103,0.0001,0,0,0,0.0001,0.0001,0,0,0.0001,0,0,0,0,0,0.0001,0.0001,0,0,0.0001,0,0.3476,0.2972,0.3476,0.2972,
1.3847,0,1.3847,0.4616,0.9231,0.4616,0.9231,0.9231,0,0.9231,0,0,2.3078,1.8462,0.9231,0.9231,1.3847,0,0,1.8462,0.0001,0,0.0001,0,0.0001,0,0.0001,0.0001,0,0.0001,0,0,0.0002,0.0001,0.0001,0.0001,0.0001,0,0,0.0001,0.2818,0.2567,0.2818,0.2567,
0,0.8686,0.4343,1.7372,0.8686,0.8686,0.8686,0,0.4343,1.3029,0.8686,0.4343,1.3029,0,0,1.3029,0.8686,1.3029,0.8686,1.7372,0,0,0,0.0001,0,0,0,0,0,0.0001,0,0,0.0001,0,0,0.0001,0,0.0001,0,0.0001,0.3028,0.2629,0.3028,0.2629,
0.8111,0,0,0,0,0,0,1.6222,0,0.8111,0,0,0,0,0.8111,0.8111,0.8111,0,0.8111,1.6222,0.0001,0,0,0,0,0,0,0.0003,0,0.0001,0,0,0,0,0.0001,0.0001,0.0001,0,0.0001,0.0003,0.0875,0.1014,0.0875,0.1014,
0.3336,0.3336,0.3336,1.3344,0,0.3336,0.6672,0.6672,2.0016,1.3344,0.3336,1.0008,0.6672,0.3336,2.3352,0.3336,2.6688,0.6672,0,0.6672,0,0,0,0.0001,0,0,0.0001,0.0001,0.0002,0.0001,0,0.0001,0.0001,0,0.0002,0,0.0002,0.0001,0,0.0001,0.333,0.3334,0.333,0.3334,
0,0,0,1.7857,0,1.7857,0,0.8929,0,0,0,0,2.6786,0,0,0.8929,0,1.7857,0,0,0,0,0,0.0006,0,0.0006,0,0.0003,0,0,0,0,0.0009,0,0,0.0003,0,0.0006,0,0,0.0349,0.0723,0.0349,0.0723,
1.1055,0.3685,0.737,1.1055,1.1055,1.8424,0.3685,0.737,1.8424,1.1055,0.3685,1.1055,1.1055,1.1055,0.3685,0,0.3685,1.1055,0.3685,1.474,0.0001,0,0,0.0001,0.0001,0.0001,0,0,0.0001,0.0001,0,0.0001,0.0001,0.0001,0,0,0,0.0001,0,0.0001,0.3351,0.2964,0.3351,0.2964,
0.9778,0.9778,0.4889,0,2.4445,0.9778,1.9556,2.9334,0.4889,1.4667,1.4667,0.9778,1.9556,0.4889,0.4889,0,1.4667,0.4889,0.9778,0.9778,0,0,0,0,0.0001,0,0.0001,0.0001,0,0.0001,0.0001,0,0.0001,0,0,0,0.0001,0,0,0,0.2564,0.2547,0.2564,0.2547,
0,0.737,0,0,0,0,0,0,0.737,0.737,0,0.737,1.474,0,0.737,0.737,0,0.737,0.737,0,0,0.0001,0,0,0,0,0,0,0.0001,0.0001,0,0.0001,0.0002,0,0.0001,0.0001,0,0.0001,0.0001,0,0.1689,0.0941,0.1689,0.0941,
1.8527,0,0.6176,1.2351,1.2351,0.6176,0,3.0879,0,3.7054,0.6176,0,1.8527,0.6176,0,1.8527,1.2351,2.4703,0,1.2351,0.0001,0,0,0.0001,0.0001,0,0,0.0002,0,0.0002,0,0,0.0001,0,0,0.0001,0.0001,0.0001,0,0.0001,0.1798,0.2027,0.1798,0.2027,
1.1825,0,0.7883,0.7883,1.5766,0.3942,0.3942,0.3942,1.5766,1.9708,0.7883,1.1825,0.3942,1.1825,0.3942,0,0.3942,0.7883,0,0.7883,0.0001,0,0.0001,0.0001,0.0001,0,0,0,0.0001,0.0001,0.0001,0.0001,0,0.0001,0,0,0,0.0001,0,0.0001,0.315,0.2909,0.315,0.2909,
1.82,0.455,0.455,0,1.365,0.455,2.275,0.455,0.455,1.365,0,1.365,0.91,0,0.455,0.91,1.82,0,0,1.82,0.0001,0,0,0,0.0001,0,0.0002,0,0,0.0001,0,0.0001,0.0001,0,0,0.0001,0.0001,0,0,0.0001,0.3101,0.2349,0.3101,0.2349,
0.3521,0,0,0,0.7043,1.7607,0.3521,0.7043,1.7607,0,0.7043,0,0,0,4.5779,1.7607,1.7607,1.4086,0,0,0,0,0,0,0.0001,0.0002,0,0.0001,0.0002,0,0.0001,0,0,0,0.0004,0.0002,0.0002,0.0001,0,0,0.3748,0.2731,0.3748,0.2731,
2.1658,0,1.6244,1.0829,0.5415,0.5415,0.5415,0.5415,0.5415,0.5415,0,0.5415,0.5415,0.5415,0.5415,0.5415,0,1.6244,0,0.5415,0.0002,0,0.0001,0.0001,0,0,0,0,0,0,0,0,0,0,0,0,0,0.0001,0,0,0.2177,0.2409,0.2177,0.2409,
0.7098,1.4196,0,1.0647,0,0.3549,0.7098,0,2.4843,1.7745,0.3549,2.1294,1.0647,0.3549,1.0647,1.0647,0.3549,1.0647,0,0.7098,0,0.0001,0,0.0001,0,0,0,0,0.0001,0.0001,0,0.0001,0.0001,0,0.0001,0.0001,0,0.0001,0,0,0.3384,0.3067,0.3384,0.3067,
0.8679,0.4339,0.4339,0.4339,0.4339,1.3018,0.8679,0.8679,0.4339,1.3018,0,1.7358,0.4339,1.7358,0.4339,0.4339,0.4339,0.8679,0.8679,2.1697,0,0,0,0,0,0.0001,0,0,0,0.0001,0,0.0001,0,0.0001,0,0,0,0,0,0.0001,0.2587,0.3074,0.2587,0.3074,
0.3675,2.2051,0.735,0.3675,1.4701,0.3675,0.3675,0.735,1.4701,0,0.735,1.4701,0.3675,0.735,1.4701,0.3675,0.735,1.8376,0.3675,0,0,0.0001,0,0,0.0001,0,0,0,0.0001,0,0,0.0001,0,0,0.0001,0,0,0.0001,0,0,0.3421,0.2904,0.3421,0.2904,
0,1.1836,0.5918,0,0.5918,0.5918,1.7755,0.5918,0.5918,0,1.1836,0.5918,0.5918,0.5918,0.5918,1.1836,0,0,0.5918,1.1836,0,0.0001,0,0,0,0,0.0001,0,0,0,0.0001,0,0,0,0,0.0001,0,0,0,0.0001,0.2249,0.1832,0.2249,0.1832,
0.7943,0,0.3971,1.5885,0,0.3971,0,0.7943,1.1914,3.5742,0.3971,0,0,0,1.1914,1.1914,1.1914,2.7799,0,0.3971,0.0001,0,0,0.0001,0,0,0,0.0001,0.0001,0.0002,0,0,0,0,0.0001,0.0001,0.0001,0.0002,0,0,0.3203,0.2826,0.3203,0.2826,
0,0.8858,0.4429,0.8858,0.8858,1.3286,0,0.4429,0.4429,0.4429,2.2144,0.8858,1.7715,0,1.7715,0,0.8858,0.8858,1.3286,0.8858,0,0.0001,0,0.0001,0.0001,0.0001,0,0,0,0,0.0001,0.0001,0.0001,0,0.0001,0,0.0001,0.0001,0.0001,0.0001,0.2628,0.2943,0.2628,0.2943,
1.1274,1.1274,1.1274,0.5637,0.5637,0,1.1274,1.1274,0,0,0.5637,0,0,0,1.1274,0.5637,1.1274,0.5637,0,1.1274,0.0001,0.0001,0.0001,0,0,0,0.0001,0.0001,0,0,0,0,0,0,0.0001,0,0.0001,0,0,0.0001,0.1812,0.2551,0.1812,0.2551,
0,1.5881,0.7941,0.7941,0.397,0.397,1.5881,1.1911,1.1911,0.7941,0,1.1911,0.397,1.9852,0.7941,0.397,1.9852,0.397,0.397,1.5881,0,0.0001,0,0,0,0,0.0001,0.0001,0.0001,0,0,0.0001,0,0.0001,0,0,0.0001,0,0,0.0001,0.3067,0.2963,0.3067,0.2963,
0.3938,0.3938,0,2.3627,1.5751,0.7876,0.7876,0.7876,0.7876,0.3938,0,0.7876,0,0,1.1813,0.7876,1.5751,0,0,1.9689,0,0,0,0.0002,0.0001,0.0001,0.0001,0.0001,0.0001,0,0,0.0001,0,0,0.0001,0.0001,0.0001,0,0,0.0001,0.2976,0.3086,0.2976,0.3086,
1.57,0.785,1.1775,1.57,0.3925,0,0,0,1.57,0.785,0.3925,0,0.3925,1.1775,0.785,0,0.785,0.785,1.1775,0.3925,0.0001,0,0.0001,0.0001,0,0,0,0,0.0001,0,0,0,0,0.0001,0,0,0,0,0.0001,0,0.2658,0.3417,0.2658,0.3417,
0.4813,0,0,0.9627,0.4813,1.444,0.9627,0,0.4813,2.4067,0.4813,0,0.4813,0.9627,0.4813,0.4813,1.9254,0.4813,1.9254,0.4813,0,0,0,0.0001,0,0.0001,0.0001,0,0,0.0002,0,0,0,0.0001,0,0,0.0001,0,0.0001,0,0.2819,0.2367,0.2819,0.2367,
1.7555,0,0.8777,0.4389,2.6332,0.8777,0,1.3166,0.4389,3.511,0.4389,0.4389,1.3166,0,0.8777,1.7555,0.8777,0.8777,0.4389,0.4389,0.0001,0,0,0,0.0001,0,0,0.0001,0,0.0002,0,0,0.0001,0,0,0.0001,0,0,0,0,0.2779,0.2832,0.2779,0.2832,
0.4258,0,0.8515,1.2773,2.5546,2.5546,0,0.8515,1.7031,2.5546,0.4258,0.4258,0.8515,0.4258,0.4258,2.5546,1.7031,1.2773,0,0.4258,0,0,0,0.0001,0.0001,0.0001,0,0,0.0001,0.0001,0,0,0,0,0,0.0001,0.0001,0.0001,0,0,0.3104,0.2638,0.3104,0.2638,
2.0441,0,0,0.3407,0.6814,1.3628,0.3407,0.3407,2.0441,1.0221,0.6814,0.6814,0.3407,0.3407,3.4069,0.6814,1.0221,0,0,0,0.0002,0,0,0,0.0001,0.0001,0,0,0.0002,0.0001,0.0001,0.0001,0,0,0.0003,0.0001,0.0001,0,0,0,0.3834,0.2759,0.3834,0.2759,
2.8104,0,0.4684,0,0.4684,2.342,0,0.9368,0.4684,3.7472,0.9368,0.4684,0.4684,0.9368,1.8736,0.4684,0,1.8736,0.4684,0,0.0002,0,0,0,0,0.0001,0,0.0001,0,0.0002,0.0001,0,0,0.0001,0.0001,0,0,0.0001,0,0,0.3238,0.2078,0.3238,0.2078,
1.4139,0,0.707,1.4139,0.707,0.707,0,0,0,0,0,2.1209,0.707,0,0.707,0,0,0,0,0.707,0.0002,0,0.0001,0.0002,0.0001,0.0001,0,0,0,0,0,0.0003,0.0001,0,0.0001,0,0,0,0,0.0001,0.1369,0.1562,0.1369,0.1562,
0,0.8444,1.2667,0.8444,0.4222,1.2667,1.2667,0,0.4222,1.2667,1.6889,1.6889,0,0,0.8444,0.4222,0.4222,0.4222,0.8444,0.8444,0,0,0.0001,0,0,0.0001,0.0001,0,0,0.0001,0.0001,0.0001,0,0,0,0,0,0,0,0,0.2972,0.2806,0.2972,0.2806,
0.9664,1.4496,1.9329,0.4832,0.9664,1.9329,0,0.4832,0.4832,0,0,0,0.9664,0,0,1.4496,0.4832,0.9664,0.9664,0.9664,0,0.0001,0.0001,0,0,0.0001,0,0,0,0,0,0,0,0,0,0.0001,0,0,0,0,0.2729,0.2439,0.2729,0.2439,
2.2623,1.5082,0.7541,0,0.7541,0.7541,0.7541,0,0,0,1.5082,0,0,0,0,1.5082,0.7541,2.2623,1.5082,0.7541,0.0001,0.0001,0,0,0,0,0,0,0,0,0.0001,0,0,0,0,0.0001,0,0.0001,0.0001,0,0.149,0.0969,0.149,0.0969,
1.9053,0,1.9053,0,1.2702,0,0,1.2702,0,1.2702,0,0.6351,0.6351,0,0.6351,0,1.9053,0.6351,0,0,0.0002,0,0.0002,0,0.0001,0,0,0.0001,0,0.0001,0,0.0001,0.0001,0,0.0001,0,0.0002,0.0001,0,0,0.157,0.2079,0.157,0.2079,
0.581,1.1619,1.7429,0,0,1.1619,0,1.1619,0.581,1.1619,0.581,1.7429,1.1619,0.581,0,1.1619,0.581,0,0.581,0.581,0,0.0001,0.0001,0,0,0.0001,0,0.0001,0,0.0001,0,0.0001,0.0001,0,0,0.0001,0,0,0,0,0.2001,0.2189,0.2001,0.2189,
0.6091,0.6091,0.6091,0.6091,0.6091,1.2183,0,0,0,1.2183,0,0.6091,0.6091,0.6091,0.6091,0.6091,1.2183,0.6091,0.6091,0,0,0,0,0,0,0.0001,0,0,0,0.0001,0,0,0,0,0,0,0.0001,0,0,0,0.1934,0.1974,0.1934,0.1974,
0.9644,0,0.9644,0.4822,1.4466,0,0.4822,0.4822,0.9644,0.9644,0.9644,0.4822,0.4822,2.411,0.9644,0.9644,0.4822,0,0,0.4822,0.0001,0,0.0001,0,0.0001,0,0,0,0.0001,0.0001,0.0001,0,0,0.0002,0.0001,0.0001,0,0,0,0,0.2545,0.2633,0.2545,0.2633,
2.3461,0,0.9385,0.4692,2.3461,0.9385,0,2.3461,0,3.2846,0.4692,1.8769,0.4692,0.4692,0.4692,1.4077,0.4692,3.2846,0.4692,0,0.0001,0,0,0,0.0001,0,0,0.0001,0,0.0002,0,0.0001,0,0,0,0.0001,0,0.0002,0,0,0.2697,0.261,0.2697,0.261,
0.4672,1.8688,0.9344,0,0.4672,0.9344,0,0.9344,1.4016,0,0,0.4672,0,0.4672,1.4016,1.8688,0.4672,0.4672,0,0.4672,0,0.0001,0.0001,0,0,0.0001,0,0.0001,0.0001,0,0,0,0,0,0.0001,0.0001,0,0,0,0,0.3098,0.223,0.3098,0.223,
0.4559,0,1.8235,0.4559,0.9118,0.9118,0,0.4559,0.4559,1.8235,0,0.4559,2.2794,1.8235,0.9118,0,0.9118,1.3677,0,1.3677,0,0,0.0001,0,0.0001,0.0001,0,0,0,0.0001,0,0,0.0001,0.0001,0.0001,0,0.0001,0.0001,0,0.0001,0.2619,0.2822,0.2619,0.2822,
0.6459,0.6459,0,0.6459,0.6459,0.6459,0.6459,0,0.6459,0.6459,0,0.6459,0.6459,0.6459,0,1.2918,0,0,0.6459,0,0.0001,0.0001,0,0.0001,0.0001,0.0001,0.0001,0,0.0001,0.0001,0,0.0001,0.0001,0.0001,0,0.0001,0,0,0.0001,0,0.2103,0.1437,0.2103,0.1437,
0,0,0,2.013,1.0065,0.5032,0.5032,0,0.5032,0.5032,0.5032,1.0065,0,3.0195,0,1.5097,1.5097,1.0065,1.5097,1.0065,0,0,0,0.0002,0.0001,0,0,0,0,0,0,0.0001,0,0.0003,0,0.0001,0.0001,0.0001,0.0001,0.0001,0.2414,0.2554,0.2414,0.2554,
2.9673,0,0,0.5935,0,1.1869,0,2.3738,0.5935,4.1542,0.5935,1.1869,0.5935,0.5935,0.5935,1.1869,0.5935,2.3738,0,0,0.0002,0,0,0,0,0.0001,0,0.0002,0,0.0003,0,0.0001,0,0,0,0.0001,0,0.0002,0,0,0.1935,0.213,0.1935,0.213,
1.3233,0,0.4411,0.4411,2.2055,0.8822,0,1.3233,0.4411,3.9699,0.4411,0.8822,1.3233,0,0.8822,1.7644,0.8822,1.3233,0.4411,0.4411,0.0001,0,0,0,0.0001,0,0,0.0001,0,0.0002,0,0,0.0001,0,0,0.0001,0,0.0001,0,0,0.2682,0.2907,0.2682,0.2907,
0.4823,2.8938,0.4823,0.4823,0,0,0.9646,1.4469,1.4469,2.4115,0.4823,0.4823,0.9646,0.9646,0.4823,1.4469,0.9646,2.4115,0,0,0,0.0001,0,0,0,0,0,0.0001,0.0001,0.0001,0,0,0,0,0,0.0001,0,0.0001,0,0,0.258,0.2597,0.258,0.2597,
0.4035,0,0.4035,1.2106,0.4035,0.4035,0.4035,1.6141,1.2106,0.8071,0.8071,0.4035,1.2106,0.4035,0.8071,0.4035,0.8071,1.2106,0.4035,1.6141,0,0,0,0.0001,0,0,0,0.0001,0.0001,0.0001,0.0001,0,0.0001,0,0.0001,0,0.0001,0.0001,0,0.0001,0.2959,0.3005,0.2959,0.3005,
1.3296,0,0.9972,0.9972,0.3324,1.3296,2.3268,0,0.6648,0,0.3324,0.9972,1.3296,0.6648,0.3324,0.3324,0.3324,0.6648,0.9972,0.6648,0.0001,0,0.0001,0.0001,0,0.0001,0.0002,0,0,0,0,0.0001,0.0001,0,0,0,0,0,0.0001,0,0.3154,0.3522,0.3154,0.3522,
0.7938,0,0,0,0.7938,0,0,0,0,1.5876,0,1.5876,0,0,0.7938,0.7938,0,0,0,1.5876,0.0001,0,0,0,0.0001,0,0,0,0,0.0002,0,0.0002,0,0,0.0001,0.0001,0,0,0,0.0002,0.1418,0.0645,0.1418,0.0645,
1.2285,0,0.819,0,0.819,0,1.2285,0.4095,1.638,0.819,0.4095,1.638,0.819,1.2285,0.4095,1.638,0.819,0.819,1.638,0.819,0.0001,0,0,0,0,0,0.0001,0,0.0001,0,0,0.0001,0,0.0001,0,0.0001,0,0,0.0001,0,0.3178,0.2727,0.3178,0.2727,
1.9689,0,0,0.9845,1.9689,0.9845,0.4922,2.4611,0.4922,1.4767,0.9845,0.4922,0.9845,0.9845,0.9845,0.9845,2.9534,0.9845,0.4922,0.4922,0.0001,0,0,0.0001,0.0001,0.0001,0,0.0002,0,0.0001,0.0001,0,0.0001,0.0001,0.0001,0.0001,0.0002,0.0001,0,0,0.2378,0.27,0.2378,0.27,
0,0.6664,0.6664,0.6664,0,1.3329,0,0.6664,1.3329,0,0.6664,1.3329,0,0,0,0.6664,0.6664,0,0,1.3329,0,0.0001,0.0001,0.0001,0,0.0001,0,0.0001,0.0001,0,0.0001,0.0001,0,0,0,0.0001,0.0001,0,0,0.0001,0.2368,0.0967,0.2368,0.0967,
0.8092,0.8092,1.6183,0.4046,1.2138,2.4275,0,0.4046,0.8092,1.2138,1.2138,1.2138,0.8092,0,0.8092,1.6183,0.4046,1.2138,0.4046,0,0,0,0.0001,0,0.0001,0.0001,0,0,0,0.0001,0.0001,0.0001,0,0,0,0.0001,0,0.0001,0,0,0.302,0.2935,0.302,0.2935,
0,1.1439,1.1439,1.1439,0.5719,0.5719,0,0.5719,0,1.1439,0.5719,0.5719,0.5719,0,1.1439,0,1.1439,0.5719,0,0.5719,0,0.0001,0.0001,0.0001,0,0,0,0,0,0.0001,0,0,0,0,0.0001,0,0.0001,0,0,0,0.2475,0.1805,0.2475,0.1805,
0.3879,0.3879,0,0.3879,1.1636,1.1636,0.3879,1.1636,1.9393,5.43,1.5514,0,0,0,1.9393,1.1636,0,1.1636,0,1.1636,0,0,0,0,0.0001,0.0001,0,0.0001,0.0001,0.0003,0.0001,0,0,0,0.0001,0.0001,0,0.0001,0,0.0001,0.3249,0.2872,0.3249,0.2872,
0.8487,0.4243,1.6973,1.273,0,0.4243,0.8487,2.1216,1.273,1.273,0,0.8487,0.4243,0.4243,0.8487,1.273,2.546,1.273,0,0.4243,0.0001,0,0.0001,0.0001,0,0,0.0001,0.0001,0.0001,0.0001,0,0.0001,0,0,0.0001,0.0001,0.0002,0.0001,0,0,0.281,0.2947,0.281,0.2947,
1.9126,0,0.7651,1.5301,0.7651,1.1476,1.5301,1.5301,0.7651,1.9126,0.3825,0,0.3825,0,0.3825,0.7651,1.5301,1.5301,0.3825,0.7651,0.0001,0,0,0.0001,0,0.0001,0.0001,0.0001,0,0.0001,0,0,0,0,0,0,0.0001,0.0001,0,0,0.2808,0.3367,0.2808,0.3367,
1.1138,0.7425,0.7425,0.7425,0.7425,1.1138,0.7425,0.3713,1.1138,0.3713,1.485,0.7425,0.7425,1.1138,0.7425,0.3713,1.485,0.3713,0.7425,2.2275,0.0001,0,0,0,0,0.0001,0,0,0.0001,0,0.0001,0,0,0.0001,0,0,0.0001,0,0,0.0001,0.3217,0.307,0.3217,0.307,
0.5515,0.5515,1.1029,1.1029,0.5515,0.5515,0.5515,0.5515,1.1029,0.5515,0,1.1029,0,0,0,1.6544,0,1.1029,0.5515,0,0,0,0.0001,0.0001,0,0,0,0,0.0001,0,0,0.0001,0,0,0,0.0001,0,0.0001,0,0,0.2241,0.2244,0.2241,0.2244,
1.1451,0,0,0.5725,0,0.5725,0,1.7176,2.2901,1.1451,0,0.5725,0,0,0,0.5725,0,0.5725,0.5725,0,0.0001,0,0,0.0001,0,0.0001,0,0.0002,0.0002,0.0001,0,0.0001,0,0,0,0.0001,0,0.0001,0.0001,0,0.1903,0.2372,0.1903,0.2372,
0.3315,0,0.9946,0.9946,0.9946,1.6577,0.6631,0.9946,1.3262,0.6631,0.3315,0.3315,1.3262,0,1.3262,0.6631,0.9946,1.3262,1.3262,0,0,0,0.0001,0.0001,0.0001,0.0001,0,0.0001,0.0001,0,0,0,0.0001,0,0.0001,0,0.0001,0.0001,0.0001,0,0.327,0.3415,0.327,0.3415,
0.6246,1.2492,1.5615,0.9369,0.3123,0,0.9369,0.3123,0.9369,0.3123,0,0,0.3123,1.2492,1.2492,0.6246,0.6246,0.9369,1.5615,0.3123,0,0.0001,0.0001,0,0,0,0,0,0,0,0,0,0,0.0001,0.0001,0,0,0,0.0001,0,0.3623,0.3254,0.3623,0.3254,
0.7625,0.7625,0,0.7625,1.1437,0.7625,1.9061,0.7625,1.5249,0,1.1437,1.1437,1.1437,1.1437,0,1.9061,1.9061,1.5249,0.3812,0,0,0,0,0,0.0001,0,0.0001,0,0.0001,0,0.0001,0.0001,0.0001,0.0001,0,0.0001,0.0001,0.0001,0,0,0.3252,0.2936,0.3252,0.2936,
1.3253,0,0,0,0.3313,0.9939,0.6626,0.3313,1.6566,0.3313,0.6626,0.9939,0.6626,0.3313,3.6445,0,1.3253,0.9939,0,0.3313,0.0001,0,0,0,0,0.0001,0.0001,0,0.0002,0,0.0001,0.0001,0.0001,0,0.0003,0,0.0001,0.0001,0,0,0.3419,0.3268,0.3419,0.3268,
1.1159,0,0.372,0,2.2317,2.2317,0.7439,1.4878,1.1159,0.7439,0.7439,0,0.372,0.7439,1.1159,1.4878,0,1.4878,0.372,0.7439,0.0001,0,0,0,0.0001,0.0001,0,0.0001,0.0001,0,0,0,0,0,0.0001,0.0001,0,0.0001,0,0,0.3016,0.3265,0.3016,0.3265,
0,1.2577,0.6288,1.2577,0.3144,0,0.9433,0.3144,3.4586,0.9433,0.3144,0.9433,0.3144,0,1.2577,0.3144,1.8865,0.6288,0,0.6288,0,0.0001,0,0.0001,0,0,0.0001,0,0.0002,0.0001,0,0.0001,0,0,0.0001,0,0.0001,0,0,0,0.3524,0.3332,0.3524,0.3332,
0.8439,0.8439,0,0.422,0,1.2659,1.6878,0.422,0.8439,2.1098,2.5318,0,0.8439,0.8439,1.2659,0.422,0.8439,0.8439,0.422,0.8439,0.0001,0.0001,0,0,0,0.0001,0.0001,0,0.0001,0.0001,0.0002,0,0.0001,0.0001,0.0001,0,0.0001,0.0001,0,0.0001,0.318,0.2601,0.318,0.2601,
0.6695,1.3389,0,0,0.6695,0.6695,0,2.6779,1.3389,0.6695,0.6695,0.6695,0,1.3389,0,0,1.3389,0,0,0,0,0.0001,0,0,0,0,0,0.0002,0.0001,0,0,0,0,0.0001,0,0,0.0001,0,0,0,0.1502,0.1803,0.1502,0.1803,
1.2254,0.8169,0,0.4085,0.4085,0,1.6338,0.4085,1.2254,1.2254,0.8169,0.4085,0.8169,0.8169,0.4085,0.8169,1.2254,0.8169,0.4085,1.6338,0.0001,0.0001,0,0,0,0,0.0001,0,0.0001,0.0001,0.0001,0,0.0001,0.0001,0,0.0001,0.0001,0.0001,0,0.0001,0.3124,0.2792,0.3124,0.2792,
0,1.1137,0.3712,0.3712,0,0.7425,0.3712,0.7425,2.97,0,0.7425,0.3712,0.7425,0.7425,1.8562,0.3712,0,2.2275,0,0,0,0.0001,0,0,0,0,0,0,0.0002,0,0,0,0,0,0.0001,0,0,0.0001,0,0,0.3123,0.3164,0.3123,0.3164,
0.7234,0,0,0.3617,0,1.085,0,0.3617,2.5318,1.085,0.3617,0.7234,0.3617,0.7234,2.5318,1.085,0.3617,1.4467,0.3617,0.3617,0.0001,0,0,0,0,0.0001,0,0,0.0002,0.0001,0,0.0001,0,0.0001,0.0002,0.0001,0,0.0001,0,0,0.3506,0.2877,0.3506,0.2877,
0.8651,0,1.7301,0.8651,0.4325,0.8651,0.8651,0,1.2976,1.7301,0.8651,0,1.2976,1.2976,0,0.4325,0.4325,0,0.8651,0.4325,0.0001,0,0.0001,0.0001,0,0.0001,0.0001,0,0.0001,0.0001,0.0001,0,0.0001,0.0001,0,0,0,0,0.0001,0,0.2704,0.297,0.2704,0.297,
0,0,0.5981,0.5981,1.1962,0.5981,0,0,0.5981,0,0,0.5981,1.1962,0,1.1962,0.5981,0.5981,1.1962,0,0,0,0,0.0001,0.0001,0.0002,0.0001,0,0,0.0001,0,0,0.0001,0.0002,0,0.0002,0.0001,0.0001,0.0002,0,0,0.2027,0.1992,0.2027,0.1992,
0,0,0,0.7014,0.7014,4.9099,0,0,0,0.7014,0.7014,0,0.7014,0,0.7014,1.4028,0.7014,0,0.7014,0,0,0,0,0.0001,0.0001,0.0006,0,0,0,0.0001,0.0001,0,0.0001,0,0.0001,0.0002,0.0001,0,0.0001,0,0.146,0.1526,0.146,0.1526,
1.3121,0.328,0.984,1.9681,0.656,0.656,1.3121,0.656,1.3121,0.328,0.328,0.656,0.656,0.656,0.328,0.656,0,0.328,1.3121,0.328,0.0001,0,0.0001,0.0001,0,0,0.0001,0,0.0001,0,0,0,0,0,0,0,0,0,0.0001,0,0.3518,0.3202,0.3518,0.3202,
0.8707,0,0.4353,1.7414,0.8707,2.612,0,0.4353,0.8707,3.4827,0,0.8707,1.306,0.8707,0.4353,1.306,0.4353,2.612,0,0,0.0001,0,0,0.0001,0.0001,0.0002,0,0,0.0001,0.0002,0,0.0001,0.0001,0.0001,0,0.0001,0,0.0002,0,0,0.2461,0.3186,0.2461,0.3186,
1.6085,0,1.2064,2.0106,0.8042,2.8149,1.2064,2.0106,0,0.4021,0,1.2064,0,0,0,0.4021,1.2064,1.6085,0.4021,0.4021,0.0001,0,0.0001,0.0001,0,0.0002,0.0001,0.0001,0,0,0,0.0001,0,0,0,0,0.0001,0.0001,0,0,0.3014,0.2965,0.3014,0.2965,
2.0487,0,0.5122,4.0975,0.5122,1.0244,0,0.5122,2.0487,1.0244,0,0.5122,1.5366,0,0.5122,0,0,1.0244,0,0.5122,0.0002,0,0,0.0004,0,0.0001,0,0,0.0002,0.0001,0,0,0.0001,0,0,0,0,0.0001,0,0,0.2252,0.2626,0.2252,0.2626,
0,0.3787,0.7574,0.7574,1.136,0.3787,0.7574,1.5147,0.3787,0.3787,1.8934,0,0.3787,0.7574,1.136,1.136,0.7574,0.3787,0.3787,0.7574,0,0,0.0001,0.0001,0.0001,0,0.0001,0.0001,0,0,0.0001,0,0,0.0001,0.0001,0.0001,0.0001,0,0,0.0001,0.3222,0.2991,0.3222,0.2991,
1.1026,0,0.5513,0,0.5513,0,0,1.6539,1.6539,1.1026,0.5513,2.2052,0,1.1026,1.1026,0.5513,0.5513,1.1026,0,0,0.0001,0,0,0,0,0,0,0.0001,0.0001,0.0001,0,0.0002,0,0.0001,0.0001,0,0,0.0001,0,0,0.2582,0.1905,0.2582,0.1905,
0,0.4427,0.4427,0.4427,0.4427,0.4427,2.2133,0,0.8853,0.8853,0.8853,0,0.8853,1.7706,1.328,1.7706,0.8853,1.7706,0.4427,0,0,0,0,0,0,0,0.0001,0,0.0001,0.0001,0.0001,0,0.0001,0.0001,0.0001,0.0001,0.0001,0.0001,0,0,0.2829,0.2745,0.2829,0.2745,
0.395,0.79,1.975,0.79,1.185,0.395,0.79,1.58,0.79,0.395,1.185,0.79,0,1.58,0.395,0.79,0.79,1.58,0.395,0.79,0,0,0.0001,0,0.0001,0,0,0.0001,0,0,0.0001,0,0,0.0001,0,0,0,0.0001,0,0,0.2927,0.3123,0.2927,0.3123,
0,0.4734,0.9469,0.4734,1.4203,1.8938,0.9469,0.9469,0,1.4203,0,0,1.4203,0.4734,0.4734,0.9469,0.4734,0.4734,0.9469,0.4734,0,0,0.0001,0,0.0001,0.0001,0.0001,0.0001,0,0.0001,0,0,0.0001,0,0,0.0001,0,0,0.0001,0,0.2705,0.2561,0.2705,0.2561,
1.5078,1.5078,0.7539,0,0,0,0,0,0.7539,0,0.7539,0,0,0.7539,0.7539,0,0.7539,0.7539,0,0,0.0002,0.0002,0.0001,0,0,0,0,0,0.0001,0,0.0001,0,0,0.0001,0.0001,0,0.0001,0.0001,0,0,0.1333,0.1128,0.1333,0.1128,
1.0496,0.6997,1.0496,1.3995,0.3499,0.3499,0.6997,1.0496,1.0496,0.6997,0.6997,0,0.3499,1.0496,1.0496,1.0496,1.3995,1.0496,0.3499,1.3995,0.0001,0,0.0001,0.0001,0,0,0,0.0001,0.0001,0,0,0,0,0.0001,0.0001,0.0001,0.0001,0.0001,0,0.0001,0.3163,0.3338,0.3163,0.3338,
0.7511,0.7511,0.7511,0.3756,0.3756,0.3756,0.7511,1.1267,1.5022,0,1.1267,0,0.3756,0.7511,1.8778,0,0.3756,0.3756,1.5022,1.1267,0,0,0,0,0,0,0,0.0001,0.0001,0,0.0001,0,0,0,0.0001,0,0,0,0.0001,0.0001,0.2981,0.3264,0.2981,0.3264,
1.9591,1.3061,0.3265,0.653,0.3265,0.653,0,0.3265,1.3061,0.9795,0.653,1.3061,0.653,1.3061,2.2856,0.9795,0.653,0,0,0.3265,0.0001,0.0001,0,0,0,0,0,0,0.0001,0,0,0.0001,0,0.0001,0.0001,0,0,0,0,0,0.3438,0.3297,0.3438,0.3297,
0.4677,0,0.4677,0.9354,0,0.4677,0.4677,0.4677,0.9354,1.403,1.403,1.403,0.4677,0,1.403,1.8707,1.403,0,0.4677,0.4677,0,0,0,0.0001,0,0,0,0,0.0001,0.0001,0.0001,0.0001,0,0,0.0001,0.0002,0.0001,0,0,0,0.2175,0.3148,0.2175,0.3148,
1.0525,0.5263,0,1.0525,0.5263,0,1.0525,1.0525,0.5263,1.0525,1.0525,0.5263,1.0525,0,0,2.6313,0.5263,0,1.0525,1.5788,0.0001,0,0,0.0001,0,0,0.0001,0.0001,0,0.0001,0.0001,0,0.0001,0,0,0.0002,0,0,0.0001,0.0001,0.2556,0.2181,0.2556,0.2181,
0.7725,0.3863,1.1588,1.545,0.7725,0.3863,0,0.7725,1.1588,0.3863,0.3863,0.3863,1.1588,0.7725,1.1588,1.1588,1.545,0,0.7725,0.3863,0,0,0.0001,0.0001,0,0,0,0,0.0001,0,0,0,0.0001,0,0.0001,0.0001,0.0001,0,0,0,0.3315,0.2822,0.3315,0.2822,
0,0.8394,0.4197,1.2591,0,1.6788,0.8394,0.4197,1.2591,0.8394,0.4197,0.4197,0.8394,1.2591,0.8394,0.8394,0.4197,0,0,0.8394,0,0.0001,0,0.0001,0,0.0001,0.0001,0,0.0001,0.0001,0,0,0.0001,0.0001,0.0001,0.0001,0,0,0,0.0001,0.3071,0.2732,0.3071,0.2732,
0.5787,0,0,0,1.1574,1.7361,0.5787,0,0,0.5787,0.5787,1.7361,1.1574,0,0.5787,0,1.1574,0.5787,2.3148,0.5787,0,0,0,0,0.0001,0.0001,0,0,0,0,0,0.0001,0.0001,0,0,0,0.0001,0,0.0002,0,0.2115,0.2098,0.2115,0.2098,
0.8299,0.415,0.415,0.415,1.6598,2.4897,0.8299,1.6598,0.8299,0.8299,1.2449,1.6598,1.2449,1.6598,0.415,0.8299,1.2449,0.8299,1.2449,0,0,0,0,0,0.0001,0.0001,0,0.0001,0,0,0.0001,0.0001,0.0001,0.0001,0,0,0.0001,0,0.0001,0,0.268,0.317,0.268,0.317,
1.7942,0.5981,0.5981,0.5981,1.1961,2.9904,0,2.3923,0,1.1961,0.5981,0,1.1961,0.5981,0,0.5981,0,2.3923,0.5981,1.1961,0.0001,0,0,0,0.0001,0.0002,0,0.0001,0,0.0001,0,0,0.0001,0,0,0,0,0.0001,0,0.0001,0.1789,0.223,0.1789,0.223,
0.712,0.712,1.78,0.356,0.712,1.424,0.356,0.356,0.712,1.068,2.4919,0.356,1.068,0.356,1.068,0,0.712,0.356,1.068,0.356,0,0,0.0001,0,0,0.0001,0,0,0,0.0001,0.0001,0,0.0001,0,0.0001,0,0,0,0.0001,0,0.3377,0.3063,0.3377,0.3063,
0,1.3427,0.4476,1.3427,0.4476,0.4476,0.4476,2.6854,0.4476,1.3427,0.4476,0,0.4476,0.8951,0.8951,0.8951,0.8951,0.4476,0.8951,0.8951,0,0.0001,0,0.0001,0,0,0,0.0001,0,0.0001,0,0,0,0,0,0,0,0,0,0,0.2852,0.2673,0.2852,0.2673,
1.0025,0.6683,0,0,0.6683,1.0025,0.3342,0.6683,1.6708,1.3367,0.6683,1.0025,0.3342,0.3342,3.6758,0.6683,0.6683,0,0,0,0.0001,0,0,0,0,0.0001,0,0,0.0001,0.0001,0,0.0001,0,0,0.0002,0,0,0,0,0,0.2983,0.3676,0.2983,0.3676,
0.7594,0,0,0,5.3161,0,0.7594,0.7594,0.7594,0,0.7594,0,1.5189,0,0,0,0.7594,0,0,0,0.0001,0,0,0,0.0008,0,0.0001,0.0001,0.0001,0,0.0001,0,0.0002,0,0,0,0.0001,0,0,0,0.1231,0.1175,0.1231,0.1175,
0.3687,1.1061,1.4748,1.1061,0.7374,0,0.3687,0.3687,0,1.1061,0.7374,0.7374,0.7374,0.3687,1.4748,0.3687,0.7374,1.1061,1.4748,0,0,0.0001,0.0001,0.0001,0,0,0,0,0,0.0001,0,0,0,0,0.0001,0,0,0.0001,0.0001,0,0.3404,0.2909,0.3404,0.2909,
0,0.6607,0,0,0.6607,0.6607,0.6607,0.6607,1.3213,0.6607,0.6607,0,0,0.6607,0,1.3213,0,0,0.6607,0,0,0.0001,0,0,0.0001,0.0001,0.0001,0.0001,0.0001,0.0001,0.0001,0,0,0.0001,0,0.0001,0,0,0.0001,0,0.1788,0.1606,0.1788,0.1606,
0.4915,1.9661,0,0.4915,0.983,0.983,0.983,3.4406,0,0.983,0.983,1.4746,0.983,0,0.4915,0.4915,0.4915,0,1.9661,1.9661,0,0.0001,0,0,0,0,0,0.0001,0,0,0,0.0001,0,0,0,0,0,0,0.0001,0.0001,0.2562,0.2523,0.2562,0.2523,
0,0.6388,1.2776,0,0,0.6388,0.6388,0,0,0.6388,1.2776,1.9164,0,0.6388,0.6388,1.2776,0.6388,0,0.6388,0.6388,0,0,0.0001,0,0,0,0,0,0,0,0.0001,0.0001,0,0,0,0.0001,0,0,0,0,0.1648,0.1964,0.1648,0.1964,
0.3467,0,0.6934,0,0.3467,0.6934,0.3467,1.0401,1.7336,0.6934,0.3467,1.3868,0,0.3467,3.8138,0.6934,0.6934,0.6934,0,0.3467,0,0,0.0001,0,0,0.0001,0,0.0001,0.0001,0.0001,0,0.0001,0,0,0.0003,0.0001,0.0001,0.0001,0,0,0.3561,0.2972,0.3561,0.2972,
1.1006,1.4674,1.1006,1.4674,0.3669,1.1006,0.7337,0.7337,0.7337,1.1006,0.3669,1.1006,0.3669,0,1.1006,0.7337,0.3669,0.7337,0.7337,0.3669,0.0001,0.0001,0.0001,0.0001,0,0.0001,0,0,0,0.0001,0,0.0001,0,0,0.0001,0,0,0,0,0,0.3368,0.2964,0.3368,0.2964,
0.7862,0,0.3931,1.1794,1.1794,1.5725,0,0.7862,0.7862,1.1794,0,2.3587,1.1794,0.3931,0.7862,2.3587,0,0.7862,0,0.7862,0,0,0,0.0001,0.0001,0.0001,0,0,0,0.0001,0,0.0001,0.0001,0,0,0.0001,0,0,0,0,0.3059,0.301,0.3059,0.301,
0.6859,1.3719,0.6859,1.3719,0.6859,1.0289,1.3719,0.6859,0.6859,1.3719,1.0289,0,0.6859,1.0289,1.0289,0.6859,0.343,0.343,0.6859,0.6859,0,0.0001,0,0.0001,0,0,0.0001,0,0,0.0001,0,0,0,0,0,0,0,0,0,0,0.3136,0.3434,0.3136,0.3434,
0.3909,0.7817,0.3909,1.5634,1.1726,0.7817,0,1.1726,1.9543,0.3909,0.3909,0.3909,0,0,1.1726,1.9543,0.7817,0.3909,0,1.9543,0,0,0,0.0001,0.0001,0,0,0.0001,0.0001,0,0,0,0,0,0.0001,0.0001,0,0,0,0.0001,0.3009,0.3082,0.3009,0.3082,
0,0,0.8431,0.8431,2.5292,2.5292,0,2.1077,1.6861,2.1077,0.4215,0.4215,0.8431,0,0,3.7938,1.6861,0.8431,0,0.4215,0,0,0,0,0.0001,0.0001,0,0.0001,0.0001,0.0001,0,0,0,0,0,0.0002,0.0001,0,0,0,0.3027,0.2757,0.3027,0.2757,
0,0,0.6222,0.6222,0.6222,0,0,0,0.6222,1.8666,0.6222,0,2.4889,0,2.4889,0,0.6222,0,0,0,0,0,0.0001,0.0001,0.0001,0,0,0,0.0001,0.0003,0.0001,0,0.0004,0,0.0004,0,0.0001,0,0,0,0.2181,0.1597,0.2181,0.1597,
0.7665,0.3833,0.7665,0,0.7665,0.7665,1.9163,0.3833,0.7665,2.6828,0.7665,1.9163,1.533,0.7665,0.3833,1.1498,0.7665,1.1498,1.533,0,0,0,0,0,0,0,0.0001,0,0,0.0001,0,0.0001,0.0001,0,0,0.0001,0,0.0001,0.0001,0,0.3168,0.2999,0.3168,0.2999,
0.57,0,0.57,0.57,0,0.57,1.1399,1.1399,0.57,0,0,0,0,0,0.57,1.1399,0,0,1.7099,1.1399,0,0,0,0,0,0,0.0001,0.0001,0,0,0,0,0,0,0,0.0001,0,0,0.0001,0.0001,0.2018,0.2282,0.2018,0.2282,
1.0151,0.6767,0.6767,1.0151,0.3384,0,1.0151,0.3384,1.6918,1.0151,0.3384,0,0.6767,1.6918,1.6918,1.3534,0.6767,0.3384,1.0151,0.3384,0.0001,0,0,0.0001,0,0,0.0001,0,0.0001,0.0001,0,0,0,0.0001,0.0001,0.0001,0,0,0.0001,0,0.3589,0.3028,0.3589,0.3028,
0.7802,0.7802,1.1703,0.3901,1.5604,0.7802,0.3901,1.5604,1.5604,0.3901,1.1703,0.7802,0.3901,1.1703,0.3901,2.3407,0,1.5604,0,1.5604,0,0,0.0001,0,0.0001,0,0,0.0001,0.0001,0,0.0001,0,0,0.0001,0,0.0001,0,0.0001,0,0.0001,0.3132,0.2967,0.3132,0.2967,
0.3293,1.3172,0.9879,0.9879,1.3172,0.9879,0.9879,0.6586,0.6586,0,0.3293,0.6586,0.3293,0.3293,0.9879,0.3293,0.3293,0.6586,0.9879,0.9879,0,0.0001,0,0,0.0001,0,0,0,0,0,0,0,0,0,0,0,0,0,0,0,0.3782,0.2925,0.3782,0.2925,
1.2236,0.8158,1.2236,1.2236,0.8158,1.2236,0.4079,0,0,0.8158,0.8158,0.8158,0.4079,1.2236,0.4079,1.2236,0,0.4079,1.6315,0.8158,0.0001,0,0.0001,0.0001,0,0.0001,0,0,0,0,0,0,0,0.0001,0,0.0001,0,0,0.0001,0,0.3206,0.2715,0.3206,0.2715,
0.8228,1.6457,0.8228,0.4114,1.2343,2.4685,0.4114,0.4114,1.2343,0.4114,0.4114,0.8228,0.8228,1.2343,0.8228,0.4114,0.8228,0.8228,0.8228,0.4114,0,0.0001,0,0,0.0001,0.0001,0,0,0.0001,0,0,0,0,0.0001,0,0,0,0,0,0,0.335,0.2535,0.335,0.2535,
0.8005,0.8005,0.4002,0,0.4002,0.4002,0.4002,0.8005,2.4014,0.8005,0.4002,0.4002,0.4002,1.6009,2.8016,1.2007,0.4002,1.6009,0,0.4002,0.0001,0.0001,0,0,0,0,0,0.0001,0.0002,0.0001,0,0,0,0.0001,0.0002,0.0001,0,0.0001,0,0,0.3454,0.2544,0.3454,0.2544,
1.0423,1.0423,1.0423,0.6948,0,1.3897,0,0.6948,1.3897,1.7371,0.6948,0.6948,0.3474,1.0423,1.3897,1.0423,1.0423,0.6948,1.0423,0.3474,0.0001,0.0001,0.0001,0,0,0.0001,0,0,0.0001,0.0001,0,0,0,0.0001,0.0001,0.0001,0.0001,0,0.0001,0,0.3126,0.3399,0.3126,0.3399,
0.8485,0,0.8485,0.8485,2.9697,0,0.8485,2.5454,0.8485,0.8485,0.4242,0,0.8485,0.8485,1.2727,1.2727,0.8485,0.8485,0,2.1212,0.0001,0,0.0001,0.0001,0.0002,0,0.0001,0.0002,0.0001,0.0001,0,0,0.0001,0.0001,0.0001,0.0001,0.0001,0.0001,0,0.0002,0.3156,0.2602,0.3156,0.2602,
0,0,0.6546,0.6546,0,1.3092,1.3092,1.3092,0.6546,0,0,0,0,0.6546,0,0.6546,1.3092,0.6546,0,0.6546,0,0,0.0001,0.0001,0,0.0002,0.0002,0.0002,0.0001,0,0,0,0,0.0001,0,0.0001,0.0002,0.0001,0,0.0001,0.1892,0.1562,0.1892,0.1562,
1.822,1.0932,1.4576,1.4576,1.4576,0.7288,0.7288,0.7288,0.7288,0,1.0932,1.4576,0.7288,0.7288,0.3644,1.0932,0.7288,0,0.3644,0.7288,0.0001,0.0001,0.0001,0.0001,0.0001,0,0,0,0,0,0.0001,0.0001,0,0,0,0.0001,0,0,0,0,0.3335,0.3022,0.3335,0.3022,
0,1.1345,0,0.3782,0,0.7563,0.7563,1.5127,3.0254,0,0.3782,0.3782,0.3782,0.7563,1.8909,1.1345,0,1.1345,0,0.7563,0,0.0001,0,0,0,0,0,0.0001,0.0002,0,0,0,0,0,0.0001,0.0001,0,0.0001,0,0,0.3048,0.3171,0.3048,0.3171,
1.1278,0.3759,1.5037,0.7518,0.7518,0.7518,0.3759,1.1278,0.3759,1.8796,0.3759,1.1278,2.6314,0.3759,0.7518,1.5037,0.7518,0.3759,0.3759,1.1278,0.0001,0,0.0001,0,0,0,0,0.0001,0,0.0001,0,0.0001,0.0001,0,0,0.0001,0,0,0,0.0001,0.2957,0.3284,0.2957,0.3284,
0.7174,0,1.7934,0.7174,0.3587,1.076,0.3587,0.3587,0.7174,2.1521,0,1.7934,0,0.7174,0,0.7174,0.7174,0,2.1521,1.4347,0,0,0.0001,0,0,0.0001,0,0,0,0.0001,0,0.0001,0,0,0,0,0,0,0.0001,0.0001,0.3418,0.2995,0.3418,0.2995,
1.0288,1.0288,2.0576,0.5144,1.0288,0.5144,0.5144,0,1.0288,1.0288,0,0,2.0576,1.5432,0.5144,0,0.5144,1.5432,0,0,0.0001,0.0001,0.0001,0,0.0001,0,0,0,0.0001,0.0001,0,0,0.0001,0.0001,0,0,0,0.0001,0,0,0.2889,0.1966,0.2889,0.1966,
0.941,0,0,0.941,0.941,0.4705,0.941,1.4115,0.941,0,0.4705,0.4705,0,0.4705,0,1.4115,1.882,0,1.4115,0.941,0.0001,0,0,0.0001,0.0001,0,0.0001,0.0001,0.0001,0,0,0,0,0,0,0.0001,0.0001,0,0.0001,0.0001,0.3031,0.2264,0.3031,0.2264,
0.3964,1.5858,0.7929,1.9822,1.1893,0.7929,0.7929,1.1893,1.1893,0.3964,0.3964,1.1893,0.7929,1.1893,0.7929,0.3964,1.1893,0.7929,0,0.3964,0,0.0001,0,0.0001,0.0001,0,0,0.0001,0.0001,0,0,0.0001,0,0.0001,0,0,0.0001,0,0,0,0.3301,0.2734,0.3301,0.2734,
2.3654,0,0.7885,1.577,1.577,0.7885,0,2.7597,0,0.7885,0,2.3654,0.7885,0,1.577,0,0.7885,1.1827,0,0.7885,0.0001,0,0,0.0001,0.0001,0,0,0.0002,0,0,0,0.0001,0,0,0.0001,0,0,0.0001,0,0,0.2738,0.332,0.2738,0.332,
0,0,0,1.327,0,1.327,0,0.6635,0,1.327,1.9905,0,0,0.6635,1.327,0,0,0,0,0.6635,0,0,0,0.0002,0,0.0002,0,0.0001,0,0.0002,0.0002,0,0,0.0001,0.0002,0,0,0,0,0.0001,0.1373,0.1992,0.1373,0.1992,
0.7097,0,0.7097,0.7097,0.7097,0.7097,0,0,0,0,0,0.7097,0.7097,0,0.7097,0.7097,0.7097,0.7097,0,0,0.0001,0,0.0001,0.0001,0.0001,0.0001,0,0,0,0,0,0.0001,0.0001,0,0.0001,0.0001,0.0001,0.0001,0,0,0.1214,0.1689,0.1214,0.1689,
0.9339,1.4008,0.4669,0.9339,0.4669,0.4669,0,0.9339,0.4669,0,2.3347,0.4669,1.4008,1.8678,0.9339,1.4008,1.8678,0.4669,0.4669,0.9339,0,0.0001,0,0,0,0,0,0,0,0,0.0001,0,0.0001,0.0001,0,0.0001,0.0001,0,0,0,0.2696,0.2635,0.2696,0.2635,
0,0.7622,0,0.7622,0,0,0.7622,0,0.7622,0,0,2.2865,0,0,0,1.5243,0,1.5243,0,0,0,0.0001,0,0.0001,0,0,0.0001,0,0.0001,0,0,0.0002,0,0,0,0.0002,0,0.0002,0,0,0.154,0.0838,0.154,0.0838,
0.3862,0,1.1586,0.7724,0,0.3862,0.7724,0.7724,0.3862,0,0.7724,1.1586,0,1.5447,1.5447,0.7724,0.7724,0.7724,1.5447,0.3862,0,0,0.0001,0.0001,0,0,0.0001,0.0001,0,0,0.0001,0.0001,0,0.0001,0.0001,0.0001,0.0001,0.0001,0.0001,0,0.2638,0.3501,0.2638,0.3501,
2.2278,0,1.3367,0.4456,2.2278,0.4456,0,1.3367,0.4456,4.0101,1.3367,0.4456,1.7822,0.4456,0.4456,0.8911,0,2.2278,0.4456,0.4456,0.0001,0,0.0001,0,0.0001,0,0,0.0001,0,0.0002,0.0001,0,0.0001,0,0,0,0,0.0001,0,0,0.3022,0.2523,0.3022,0.2523,
0,0,0.5668,1.1337,1.1337,0,0.5668,1.1337,2.2674,1.7005,0.5668,0.5668,0.5668,0.5668,0.5668,0,0,0,0,0.5668,0,0,0.0001,0.0001,0.0001,0,0.0001,0.0001,0.0003,0.0002,0.0001,0.0001,0.0001,0.0001,0.0001,0,0,0,0,0.0001,0.2841,0.1491,0.2841,0.1491,
0.9616,0,0.4808,1.9232,0.4808,1.4424,0.4808,1.9232,0.4808,0.9616,0.4808,0,0.9616,0,0.9616,0.9616,0,1.9232,0,0,0.0001,0,0,0.0001,0,0.0001,0,0.0001,0,0.0001,0,0,0.0001,0,0.0001,0.0001,0,0.0001,0,0,0.2495,0.2697,0.2495,0.2697,
0,0.7816,0,0.7816,1.5631,0,0,0,0.7816,0,0.7816,1.5631,0.7816,0,0,0.7816,0,0,0,1.5631,0,0.0001,0,0.0001,0.0001,0,0,0,0.0001,0,0.0001,0.0001,0.0001,0,0,0.0001,0,0,0,0.0001,0.0901,0.1283,0.0901,0.1283,
1.6536,0,0.3307,0.3307,0.3307,0.9922,0.6614,0.3307,1.9843,0.6614,0.6614,0.6614,0.3307,0.6614,3.3072,0.3307,1.3229,0.6614,0,0.3307,0.0001,0,0,0,0,0.0001,0.0001,0,0.0002,0.0001,0.0001,0.0001,0,0.0001,0.0003,0,0.0001,0.0001,0,0,0.383,0.2862,0.383,0.2862,
0,1.3094,0.8729,2.1823,0,1.3094,1.3094,0.4365,0.4365,0.4365,0.4365,0.8729,0,0,1.7458,0.8729,1.3094,0.8729,0.4365,0.4365,0,0.0001,0.0001,0.0001,0,0.0001,0.0001,0,0,0,0,0.0001,0,0,0.0001,0.0001,0.0001,0.0001,0,0,0.2754,0.2882,0.2754,0.2882,
1.4616,0.9744,1.4616,0.9744,0.4872,1.4616,0,0.4872,0,1.4616,1.4616,0,0.4872,0.9744,0,1.9488,0,0.4872,1.9488,1.9488,0.0001,0,0.0001,0,0,0.0001,0,0,0,0.0001,0.0001,0,0,0,0,0.0001,0,0,0.0001,0.0001,0.2657,0.2471,0.2657,0.2471,
0.9735,0,0.4868,0.4868,1.947,2.4338,0,0.9735,0.4868,1.947,0.4868,0.4868,0.9735,0.4868,0.9735,1.4603,0.4868,2.9205,0.4868,0,0.0001,0,0,0,0.0002,0.0002,0,0.0001,0,0.0002,0,0,0.0001,0,0.0001,0.0001,0,0.0002,0,0,0.2732,0.24,0.2732,0.24,
0.3264,1.6319,0.6528,1.3055,0.9792,0.9792,0.3264,0.6528,0.6528,1.3055,0.3264,0,0.3264,0,1.3055,0.6528,0.6528,0.6528,1.9583,0.6528,0,0.0001,0,0.0001,0,0,0,0,0,0.0001,0,0,0,0,0.0001,0,0,0,0.0001,0,0.2997,0.3739,0.2997,0.3739,
0,0,1.4698,0,0.7349,0.7349,0,0,2.2047,0.7349,0.7349,0.7349,0,0.7349,0.7349,0,0,0,0,0.7349,0,0,0.0002,0,0.0001,0.0001,0,0,0.0003,0.0001,0.0001,0.0001,0,0.0001,0.0001,0,0,0,0,0.0001,0.1352,0.1299,0.1352,0.1299,
0,0.4154,0.8309,0.4154,0,0.8309,0,1.2463,0.8309,0.4154,0.8309,0.8309,1.2463,0.4154,1.6617,0,0.8309,2.0772,1.2463,0,0,0,0.0001,0,0,0.0001,0,0.0001,0.0001,0,0.0001,0.0001,0.0001,0,0.0001,0,0.0001,0.0001,0.0001,0,0.3272,0.2574,0.3272,0.2574,
1.1626,0.5813,0.5813,0,0.5813,0.5813,1.1626,0,0.5813,0,0.5813,0,0.5813,0.5813,1.1626,0.5813,0.5813,0,0,0,0.0001,0.0001,0.0001,0,0.0001,0.0001,0.0001,0,0.0001,0,0.0001,0,0.0001,0.0001,0.0001,0.0001,0.0001,0,0,0,0.2422,0.1765,0.2422,0.1765,
0.475,0.9499,0.475,0.475,0.475,0,0.475,0,0.475,2.8497,0.475,0,0.9499,1.4249,1.4249,3.3247,0.475,1.4249,0,0.9499,0,0.0001,0,0,0,0,0,0,0,0.0002,0,0,0.0001,0.0001,0.0001,0.0002,0,0.0001,0,0.0001,0.2711,0.2539,0.2711,0.2539,
2.2039,0,0.551,0,1.1019,0.551,0,2.7548,0.551,2.2039,0.551,1.1019,1.1019,1.1019,0.551,2.2039,1.1019,3.3058,1.1019,0,0.0001,0,0,0,0.0001,0,0,0.0002,0,0.0001,0,0.0001,0.0001,0.0001,0,0.0001,0.0001,0.0002,0.0001,0,0.2138,0.2352,0.2138,0.2352,
0.8356,0.4178,1.2534,0,1.6712,0.4178,0.4178,1.6712,0.4178,1.2534,1.2534,0.8356,0.8356,2.5069,1.2534,0.4178,0.8356,0.8356,0,0.8356,0,0,0.0001,0,0.0001,0,0,0.0001,0,0.0001,0.0001,0,0,0.0001,0.0001,0,0,0,0,0,0.2982,0.284,0.2982,0.284,
1.1019,0.5509,1.6528,1.1019,0.5509,0.5509,1.1019,0,1.1019,0,1.6528,0.5509,1.1019,0,1.1019,0,0.5509,0.5509,0.5509,0,0.0001,0,0.0001,0.0001,0,0,0.0001,0,0.0001,0,0.0001,0,0.0001,0,0.0001,0,0,0,0,0,0.232,0.2171,0.232,0.2171,
0.5475,0,0.5475,0.5475,0.5475,0.5475,1.095,0.5475,0.5475,1.095,0.5475,0,1.095,0.5475,0,1.095,1.095,0,1.6425,0.5475,0,0,0,0,0,0,0.0001,0,0,0.0001,0,0,0.0001,0,0,0.0001,0.0001,0,0.0001,0,0.2234,0.2291,0.2234,0.2291,
0.3926,0.7851,1.1777,1.1777,0.3926,0.7851,1.5702,0.7851,1.5702,1.1777,0.3926,1.1777,1.5702,0.7851,0,0,0.7851,0.7851,1.1777,1.1777,0,0,0.0001,0.0001,0,0,0.0001,0,0.0001,0.0001,0,0.0001,0.0001,0,0,0,0,0,0.0001,0.0001,0.3129,0.2946,0.3129,0.2946,
0.7648,0,0,0.7648,0,0,0.7648,0,0.7648,0,1.5295,0.7648,0.7648,0.7648,0,0.7648,0,0,0,0,0.0002,0,0,0.0002,0,0,0.0002,0,0.0002,0,0.0003,0.0002,0.0002,0.0002,0,0.0002,0,0,0,0,0.1335,0.1018,0.1335,0.1018,
1.1187,0.3729,0.3729,0.7458,0.7458,0,0.3729,0.7458,0,1.1187,0,0.3729,2.2375,0.3729,2.2375,1.8646,1.1187,0.3729,0.7458,1.4917,0.0001,0,0,0,0,0,0,0,0,0.0001,0,0,0.0001,0,0.0001,0.0001,0.0001,0,0,0.0001,0.3063,0.3207,0.3063,0.3207,
0,3.4798,0,0.58,0.58,1.7399,0,2.8998,1.7399,0,0,0.58,1.1599,0,0,2.3198,0.58,1.7399,0,0.58,0,0.0001,0,0,0,0.0001,0,0.0001,0.0001,0,0,0,0,0,0,0.0001,0,0.0001,0,0,0.2281,0.1919,0.2281,0.1919,
0.7062,0,0.7062,0,0.7062,0,0,1.4123,1.4123,0.7062,0,1.4123,1.4123,0.7062,0,0.7062,0.7062,0.7062,0,0.7062,0.0001,0,0.0001,0,0.0001,0,0,0.0002,0.0002,0.0001,0,0.0002,0.0002,0.0001,0,0.0001,0.0001,0.0001,0,0.0001,0.135,0.1588,0.135,0.1588,
0.5358,0,0,1.0716,2.1432,0.5358,0,1.0716,0,3.7506,0.5358,2.679,0.5358,1.6074,0.5358,1.0716,1.6074,1.6074,0.5358,1.0716,0,0,0,0.0001,0.0001,0,0,0.0001,0,0.0003,0,0.0002,0,0.0001,0,0.0001,0.0001,0.0001,0,0.0001,0.2288,0.2354,0.2288,0.2354,
1.6548,0.5516,0.5516,0,0,1.1032,1.1032,0.5516,0.5516,2.2064,1.1032,0,0.5516,0,1.1032,0,2.2064,2.2064,0.5516,0.5516,0.0001,0,0,0,0,0.0001,0.0001,0,0,0.0002,0.0001,0,0,0,0.0001,0,0.0002,0.0002,0,0,0.2761,0.1723,0.2761,0.1723,
1.1341,0.7561,0,1.1341,0.7561,0.7561,0.7561,0.7561,1.1341,0.7561,1.5122,0,1.1341,1.8902,0.378,0.7561,1.5122,0,1.1341,0.378,0.0001,0,0,0.0001,0,0,0,0,0.0001,0,0.0001,0,0.0001,0.0001,0,0,0.0001,0,0.0001,0,0.2889,0.3331,0.2889,0.3331,
0.665,0,0,0.665,0,2.6599,0,1.33,0,0.665,0.665,0.665,0,0,1.33,0,0.665,0.665,0,0,0.0001,0,0,0.0001,0,0.0003,0,0.0001,0,0.0001,0.0001,0.0001,0,0,0.0001,0,0.0001,0.0001,0,0,0.1899,0.1452,0.1899,0.1452,
1.4195,1.4195,0,1.4195,0,1.0646,0.7098,0,2.1293,1.0646,0.3549,1.4195,0,0.7098,1.4195,0.3549,1.0646,1.4195,0,1.4195,0.0001,0.0001,0,0.0001,0,0.0001,0,0,0.0001,0.0001,0,0.0001,0,0,0.0001,0,0.0001,0.0001,0,0.0001,0.3321,0.313,0.3321,0.313,
1.3448,0.8965,0,0,0.8965,1.793,0.8965,0.4483,1.3448,2.2413,1.793,0.8965,0.8965,0.4483,0.4483,0.4483,0.4483,0.8965,0.4483,0.8965,0.0001,0,0,0,0,0.0001,0,0,0.0001,0.0001,0.0001,0,0,0,0,0,0,0,0,0,0.2671,0.2846,0.2671,0.2846,
1.2417,1.2417,0,0.4139,2.0695,1.2417,1.6556,0,1.6556,1.6556,0.4139,2.4834,0.4139,0.4139,0,0.4139,0.4139,0.8278,0,0,0.0001,0.0001,0,0,0.0001,0.0001,0.0001,0,0.0001,0.0001,0,0.0001,0,0,0,0,0,0,0,0,0.281,0.3051,0.281,0.3051,
2.3181,0,0.4636,0.4636,0.4636,0.9273,0,1.8545,0,1.8545,1.3909,0.4636,0.9273,0,1.3909,1.3909,1.8545,1.3909,0.9273,1.8545,0.0002,0,0,0,0,0.0001,0,0.0001,0,0.0001,0.0001,0,0.0001,0,0.0001,0.0001,0.0001,0.0001,0.0001,0.0001,0.256,0.2804,0.256,0.2804,
0,0,0.6412,0.6412,0.6412,0,0,0.6412,1.2823,0.6412,0,1.2823,0,1.2823,0,1.2823,0,0,0,1.2823,0,0,0.0001,0.0001,0.0001,0,0,0.0001,0.0001,0.0001,0,0.0001,0,0.0001,0,0.0001,0,0,0,0.0001,0.1821,0.1767,0.1821,0.1767,
1.7028,0,0.5676,0,1.7028,1.7028,0,0.5676,0,2.838,1.1352,0.5676,0,0,0.5676,2.2704,0.5676,1.1352,1.1352,0,0.0001,0,0,0,0.0001,0.0001,0,0,0,0.0002,0.0001,0,0,0,0,0.0001,0,0.0001,0.0001,0,0.2647,0.1676,0.2647,0.1676,
2.223,1.1115,0.741,0.3705,0,1.482,1.1115,1.1115,1.1115,0.741,0.3705,0.3705,0.741,1.1115,0.741,1.482,1.482,0.741,1.1115,0,0.0001,0.0001,0,0,0,0.0001,0.0001,0.0001,0.0001,0,0,0,0,0.0001,0,0.0001,0.0001,0,0.0001,0,0.339,0.2905,0.339,0.2905,
1.0072,0.6715,2.3502,0,0.6715,0.3357,0.6715,1.343,1.0072,0.6715,0.3357,0.3357,1.343,0.3357,1.343,0.6715,0,0.6715,1.343,0.3357,0,0,0.0001,0,0,0,0,0.0001,0,0,0,0,0.0001,0,0.0001,0,0,0,0.0001,0,0.3202,0.3441,0.3202,0.3441,
0.8526,0.4263,0.8526,0.8526,0,0.8526,0,0,2.1316,0,0,0.4263,0.4263,1.2789,1.7053,0.4263,0.8526,1.7053,0.4263,0,0.0001,0,0.0001,0.0001,0,0.0001,0,0,0.0002,0,0,0,0,0.0001,0.0001,0,0.0001,0.0001,0,0,0.2924,0.2813,0.2924,0.2813,
0.7141,0,1.0711,0,1.4281,0.7141,1.0711,0.7141,0.7141,1.0711,1.0711,0.7141,1.0711,2.1422,1.0711,0,0.7141,0.7141,0.7141,0.357,0.0001,0,0.0001,0,0.0001,0.0001,0.0001,0.0001,0.0001,0.0001,0.0001,0.0001,0.0001,0.0002,0.0001,0,0.0001,0.0001,0.0001,0,0.3485,0.2945,0.3485,0.2945,
0,1.9482,0.487,0,1.4611,0.9741,0.487,1.4611,0.487,0,0.9741,0.9741,1.4611,0.9741,1.4611,1.4611,0,1.4611,0.9741,0.487,0,0.0001,0,0,0.0001,0,0,0.0001,0,0,0,0,0.0001,0,0.0001,0.0001,0,0.0001,0,0,0.2866,0.2263,0.2866,0.2263,
0.8676,0.8676,0,0,1.7352,0,0,0,0,0,1.7352,0.8676,0.8676,0,0,0.8676,0.8676,0.8676,0,0.8676,0.0001,0.0001,0,0,0.0001,0,0,0,0,0,0.0001,0.0001,0.0001,0,0,0.0001,0.0001,0.0001,0,0.0001,0.0718,0.0606,0.0718,0.0606,
0.758,0.379,0,1.8949,0.758,0.379,0.758,0.758,0.379,1.137,1.5159,1.5159,0.379,0.758,1.5159,0,0.758,1.8949,1.8949,0.379,0.0001,0,0,0.0001,0.0001,0,0.0001,0.0001,0,0.0001,0.0001,0.0001,0,0.0001,0.0001,0,0.0001,0.0001,0.0001,0,0.3005,0.3205,0.3005,0.3205,
0.3432,0,0.3432,2.0592,0.6864,0.6864,0,1.3728,1.3728,1.0296,0.3432,0.6864,0.3432,0.6864,1.716,0.3432,1.0296,0.6864,0.3432,0,0,0,0,0.0002,0.0001,0.0001,0,0.0001,0.0001,0.0001,0,0.0001,0,0.0001,0.0001,0,0.0001,0.0001,0,0,0.3556,0.3012,0.3556,0.3012,
0,0,0,0.6168,0.6168,0.6168,0.6168,0,0.6168,0,0.6168,0,0.6168,0,1.2337,0,0,0,1.2337,0,0,0,0,0.0001,0.0001,0.0001,0.0001,0,0.0001,0,0.0001,0,0.0001,0,0.0002,0,0,0,0.0002,0,0.2374,0.1458,0.2374,0.1458,
2.3553,0.7851,0.7851,2.3553,1.9627,0.3925,0,0.7851,1.1776,0.3925,0.7851,1.1776,0.7851,1.1776,0.3925,0.7851,0.7851,0,0.3925,0.3925,0.0001,0,0,0.0001,0.0001,0,0,0,0.0001,0,0,0.0001,0,0.0001,0,0,0,0,0,0,0.3128,0.2946,0.3128,0.2946,
0.6292,0,0.6292,0.6292,1.2584,0,0,0.6292,0,0.6292,0,0,1.2584,1.2584,1.2584,0.6292,0,0,0.6292,0.6292,0.0001,0,0.0001,0.0001,0.0001,0,0,0.0001,0,0.0001,0,0,0.0001,0.0001,0.0001,0.0001,0,0,0.0001,0.0001,0.191,0.1798,0.191,0.1798,
1.3461,0,0,0,0.3365,1.0096,0.3365,0.3365,2.6922,1.0096,0.3365,0.3365,0.3365,0.3365,4.0383,0.3365,1.0096,0.6731,0,0.3365,0.0001,0,0,0,0,0.0001,0,0,0.0003,0.0001,0,0,0,0,0.0004,0,0.0001,0.0001,0,0,0.3683,0.2952,0.3683,0.2952,
1.7102,0.8551,1.2827,1.2827,0.4276,0.4276,0.4276,0.4276,0.4276,1.2827,0.8551,1.2827,1.2827,0.4276,0.4276,0.4276,0.4276,1.7102,0,0.8551,0.0001,0,0.0001,0.0001,0,0,0,0,0,0.0001,0,0.0001,0.0001,0,0,0,0,0.0001,0,0,0.2976,0.2748,0.2976,0.2748,
0,0.6695,0.6695,0,0.6695,0,1.3391,0,0,0,0,0.6695,2.0086,0,0,2.6782,0.6695,0.6695,0.6695,0.6695,0,0.0001,0.0001,0,0.0001,0,0.0001,0,0,0,0,0.0001,0.0002,0,0,0.0002,0.0001,0.0001,0.0001,0.0001,0.1664,0.1641,0.1664,0.1641,
1.2757,0,1.2757,1.2757,0,1.2757,0.4252,0.4252,0.4252,2.1262,0.4252,0.8505,1.701,0,0.8505,0.4252,1.701,1.701,0.4252,1.701,0.0001,0,0.0001,0.0001,0,0.0001,0,0,0,0.0001,0,0.0001,0.0001,0,0.0001,0,0.0001,0.0001,0,0.0001,0.3468,0.228,0.3468,0.228,
2.2964,0,0,0.7655,0.7655,0.7655,0,0,0,0.7655,0,0,0,0.7655,0.7655,0.7655,1.531,0,0,0,0.0003,0,0,0.0001,0.0001,0.0001,0,0,0,0.0001,0,0,0,0.0001,0.0001,0.0001,0.0002,0,0,0,0.123,0.1115,0.123,0.1115,
0.6507,1.3014,0.9761,0.3254,0.3254,0.6507,2.9282,0,0.9761,0,0.6507,0.3254,0.3254,0.3254,1.9521,0.6507,0.9761,0,1.6268,0.9761,0,0.0001,0.0001,0,0,0,0.0002,0,0.0001,0,0,0,0,0,0.0001,0,0.0001,0,0.0001,0.0001,0.3147,0.36,0.3147,0.36,
1.5696,0,0.7848,0.3924,0,0.3924,0.3924,0.7848,1.5696,0.3924,1.1772,1.1772,1.1772,1.1772,1.1772,0,0.7848,0.3924,0.3924,0.7848,0.0001,0,0.0001,0,0,0,0,0.0001,0.0001,0,0.0001,0.0001,0.0001,0.0001,0.0001,0,0.0001,0,0,0.0001,0.3123,0.2953,0.3123,0.2953,
2.3313,0.9325,0.4663,1.3988,0.9325,0.9325,1.3988,0.4663,0.9325,0.9325,0.4663,0.4663,0,0.4663,0,0.4663,1.8651,0.9325,0.4663,0.9325,0.0001,0.0001,0,0.0001,0.0001,0.0001,0.0001,0,0.0001,0.0001,0,0,0,0,0,0,0.0001,0.0001,0,0.0001,0.2845,0.2492,0.2845,0.2492,
0,0.9854,0.9854,1.9709,0,0.4927,0.4927,0.4927,0.9854,1.4781,0.9854,0.4927,0.9854,0.4927,0,0.4927,0.4927,1.9709,0,1.4781,0,0.0001,0.0001,0.0001,0,0,0,0,0.0001,0.0001,0.0001,0,0.0001,0,0,0,0,0.0001,0,0.0001,0.2866,0.2207,0.2866,0.2207,
0,0,0,0.4266,0.4266,0.8533,1.7066,0,0.4266,1.2799,1.7066,1.2799,1.7066,0.8533,0.4266,1.2799,1.2799,0.4266,1.7066,0.4266,0,0,0,0,0,0.0001,0.0001,0,0,0.0001,0.0001,0.0001,0.0001,0.0001,0,0.0001,0.0001,0,0.0001,0,0.2984,0.2749,0.2984,0.2749,
2.0124,0,0.6708,0,0,0,2.0124,2.0124,0.6708,0,0,0.6708,0.6708,0.6708,0,0.6708,0.6708,0.6708,0,0,0.0002,0,0.0001,0,0,0,0.0002,0.0002,0.0001,0,0,0.0001,0.0001,0.0001,0,0.0001,0.0001,0.0001,0,0,0.1503,0.1789,0.1503,0.1789,
0.5858,0.5858,0.5858,0.5858,1.7573,1.1715,0,0.5858,0,1.7573,0.5858,1.1715,0,0,1.1715,0,0,0.5858,0,0,0.0001,0.0001,0.0001,0.0001,0.0002,0.0001,0,0.0001,0,0.0002,0.0001,0.0001,0,0,0.0001,0,0,0.0001,0,0,0.179,0.2352,0.179,0.2352,
1.7359,0.8679,0,0,0.8679,0,0,0.8679,0,0,0.8679,1.7359,0,0.8679,0,0.8679,0.8679,0,0,0,0.0002,0.0001,0,0,0.0001,0,0,0.0001,0,0,0.0001,0.0002,0,0.0001,0,0.0001,0.0001,0,0,0,0.0735,0.0586,0.0735,0.0586,
0,0,0,0.5542,1.1084,1.1084,0,0.5542,1.1084,0,1.6626,0,1.1084,0.5542,0.5542,1.6626,0.5542,0.5542,1.6626,0.5542,0,0,0,0,0.0001,0.0001,0,0,0.0001,0,0.0001,0,0.0001,0,0,0.0001,0,0,0.0001,0,0.2052,0.2406,0.2052,0.2406,
1.3009,0.4336,0.8673,0.4336,0.4336,0.4336,0.4336,1.3009,0,1.7346,2.1682,1.3009,0.4336,2.1682,0.8673,1.3009,0.8673,0.8673,0.4336,1.3009,0.0001,0,0,0,0,0,0,0.0001,0,0.0001,0.0001,0.0001,0,0.0001,0,0.0001,0,0,0,0.0001,0.2917,0.2746,0.2917,0.2746,
0,1.2219,0.4073,1.2219,0.8146,1.2219,0,0.8146,0.8146,0,0,1.2219,0,1.2219,1.6291,0,0,0.8146,1.2219,0.8146,0,0.0001,0,0.0001,0,0.0001,0,0,0,0,0,0.0001,0,0.0001,0.0001,0,0,0,0.0001,0,0.2702,0.3225,0.2702,0.3225,
1.0907,0.7271,0,0.3636,1.4542,0.3636,0,0.3636,1.0907,0.7271,1.4542,1.0907,1.0907,0.3636,2.1813,1.0907,0.3636,0.7271,0.7271,0.3636,0.0001,0,0,0,0.0001,0,0,0,0.0001,0,0.0001,0.0001,0.0001,0,0.0001,0.0001,0,0,0,0,0.3042,0.3323,0.3042,0.3323,
2.2533,0,0.4507,1.352,0.4507,0.4507,0.4507,0.9013,0.4507,0.9013,0,0.4507,2.2533,0.9013,1.352,1.352,0.4507,0.4507,0,1.8027,0.0002,0,0,0.0001,0,0,0,0.0001,0,0.0001,0,0,0.0002,0.0001,0.0001,0.0001,0,0,0,0.0001,0.2815,0.2679,0.2815,0.2679,
2.145,0.858,0,0.858,0.858,0.429,0.858,0.858,0.858,0,0,0.858,0.858,0,1.287,0.858,0.858,0,0,0.858,0.0001,0.0001,0,0.0001,0.0001,0,0.0001,0.0001,0.0001,0,0,0.0001,0.0001,0,0.0001,0.0001,0.0001,0,0,0.0001,0.267,0.304,0.267,0.304,
0.9942,0,0,0,0.3314,0.9942,0.6628,0.3314,1.9884,0.3314,0.6628,0.9942,0.6628,0.3314,3.6454,0.3314,1.3256,0.6628,0,0.3314,0.0001,0,0,0,0,0.0001,0.0001,0,0.0002,0,0.0001,0.0001,0.0001,0,0.0003,0,0.0001,0.0001,0,0,0.3652,0.3034,0.3652,0.3034,
0,0,0,0,0.6719,0.6719,1.3437,0,1.3437,0,0,0,0,0.6719,0,0.6719,0.6719,0,0.6719,2.6875,0,0,0,0,0.0001,0.0001,0.0002,0,0.0002,0,0,0,0,0.0001,0,0.0001,0.0001,0,0.0001,0.0004,0.231,0.0971,0.231,0.0971,
0,0,0.7408,0,0,0,0.7408,1.4816,0,0,0.7408,0.7408,0,0.7408,0.7408,0,0.7408,0.7408,0,0.7408,0,0,0.0001,0,0,0,0.0001,0.0002,0,0,0.0001,0.0001,0,0.0001,0.0001,0,0.0001,0.0001,0,0.0001,0.1424,0.1168,0.1424,0.1168,
1.1019,0,0,0,1.1019,4.4078,0,2.2039,0,4.4078,0.551,0.551,0.551,0,0.551,2.2039,1.6529,1.1019,0.551,1.1019,0.0001,0,0,0,0.0001,0.0002,0,0.0001,0,0.0002,0,0,0,0,0,0.0001,0.0001,0.0001,0,0.0001,0.2084,0.2406,0.2084,0.2406,
0.7172,0,0,0,0.3586,1.0758,0.7172,0,2.1517,0.7172,0.7172,0.3586,0.3586,1.0758,3.9448,1.4345,0.7172,1.0758,0,0.3586,0.0001,0,0,0,0,0.0001,0.0001,0,0.0002,0.0001,0.0001,0,0,0.0001,0.0004,0.0001,0.0001,0.0001,0,0,0.3211,0.3203,0.3211,0.3203,
1.603,0,0,0.5343,0.5343,1.603,0,1.603,1.603,4.2748,0.5343,1.0687,0,0.5343,0.5343,0.5343,1.603,1.603,0,0.5343,0.0001,0,0,0,0,0.0001,0,0.0001,0.0001,0.0003,0,0.0001,0,0,0,0,0.0001,0.0001,0,0,0.208,0.2576,0.208,0.2576,
1.1485,0,1.1485,0.5743,1.7228,1.1485,0,2.297,1.1485,2.8713,0.5743,0.5743,0.5743,1.1485,0.5743,2.297,0.5743,2.8713,0,0.5743,0.0001,0,0.0001,0,0.0001,0.0001,0,0.0001,0.0001,0.0002,0,0,0,0.0001,0,0.0001,0,0.0002,0,0,0.1984,0.2274,0.1984,0.2274,
0.3229,0,0,0.6458,0.3229,1.6145,0.3229,0.6458,1.2916,0.6458,0.6458,0.3229,0,0.6458,4.1977,1.2916,1.6145,0.9687,0,0,0,0,0,0.0001,0,0.0001,0,0.0001,0.0001,0.0001,0.0001,0,0,0.0001,0.0004,0.0001,0.0001,0.0001,0,0,0.341,0.3361,0.341,0.3361,
0.8205,0,0.4102,0.8205,0.4102,2.0512,0.8205,0.8205,0.4102,1.2307,0,0.8205,0.8205,0.4102,1.2307,0.8205,1.2307,1.641,0,0.8205,0.0001,0,0,0.0001,0,0.0002,0.0001,0.0001,0,0.0001,0,0.0001,0.0001,0,0.0001,0.0001,0.0001,0.0001,0,0.0001,0.2918,0.298,0.2918,0.298,
1.1513,0.7675,0.3838,0,0.7675,0,1.1513,1.1513,0.7675,0.3838,1.9188,1.9188,0.3838,1.1513,2.3025,0,0.3838,0.7675,1.1513,1.1513,0.0001,0,0,0,0,0,0.0001,0.0001,0,0,0.0001,0.0001,0,0.0001,0.0001,0,0,0,0.0001,0.0001,0.335,0.2812,0.335,0.2812,
2.4164,0,0,1.2082,1.2082,0.6041,0,3.6247,0.6041,3.6247,0.6041,0.6041,0.6041,2.4164,0,1.2082,1.8123,1.8123,0,0.6041,0.0002,0,0,0.0001,0.0001,0,0,0.0003,0,0.0003,0,0,0,0.0002,0,0.0001,0.0001,0.0001,0,0,0.2102,0.1857,0.2102,0.1857,
0,0,0.4455,0,0.8909,0.8909,0.4455,0.4455,1.3364,0,0.4455,0.4455,0.8909,0.4455,1.7818,0,1.3364,0.8909,0.8909,1.3364,0,0,0,0,0.0001,0.0001,0,0,0.0001,0,0,0,0.0001,0,0.0002,0,0.0001,0.0001,0.0001,0.0001,0.2726,0.282,0.2726,0.282,
0.4816,0.9631,0.4816,0.9631,1.4447,0.4816,1.4447,0.4816,1.4447,0.9631,0.4816,0.4816,0.9631,0.4816,0,0,1.4447,0.9631,0.9631,0.4816,0,0.0001,0,0.0001,0.0001,0,0.0001,0,0.0001,0.0001,0,0,0.0001,0,0,0,0.0001,0.0001,0.0001,0,0.2515,0.2669,0.2515,0.2669,
2.1145,1.6916,0.8458,0.8458,0.4229,0.8458,0.8458,1.2687,0.8458,1.2687,0.8458,1.2687,0.8458,0.4229,0.4229,0.8458,0.8458,1.6916,0.4229,0.8458,0.0001,0.0001,0,0,0,0,0,0.0001,0,0.0001,0,0.0001,0,0,0,0,0,0.0001,0,0,0.321,0.2561,0.321,0.2561,
0,0,0,0.6415,0.6415,0.6415,0.6415,0.6415,1.2829,0,0,0.6415,0.6415,0.6415,0,0.6415,0.6415,1.9244,0,0,0,0,0,0.0001,0.0001,0.0001,0.0001,0.0001,0.0002,0,0,0.0001,0.0001,0.0001,0,0.0001,0.0001,0.0003,0,0,0.1671,0.1915,0.1671,0.1915,
1.9018,0.7607,0.7607,0.7607,1.1411,0.7607,2.2821,0.7607,0.7607,0.3804,1.1411,0.3804,0.3804,0.3804,1.5214,1.1411,1.1411,0,0,0.3804,0.0001,0,0,0,0.0001,0,0.0001,0,0,0,0.0001,0,0,0,0.0001,0.0001,0.0001,0,0,0,0.3347,0.285,0.3347,0.285,
2.4097,1.6064,0.4016,0.8032,1.2048,1.2048,1.6064,0.8032,0.4016,2.4097,0,0,0.8032,0,0.8032,2.0081,1.2048,0.8032,0,0.4016,0.0001,0.0001,0,0,0.0001,0.0001,0.0001,0,0,0.0001,0,0,0,0,0,0.0001,0.0001,0,0,0,0.3283,0.27,0.3283,0.27,
0,1.1939,0,0.796,0,0.796,0.398,1.5919,3.5818,0,0.796,0.398,1.1939,0.796,1.1939,0.398,0,1.5919,0,0,0,0.0001,0,0.0001,0,0.0001,0,0.0001,0.0002,0,0.0001,0,0.0001,0.0001,0.0001,0,0,0.0001,0,0,0.3285,0.2735,0.3285,0.2735,
0.8416,0.8416,0.8416,1.2624,1.2624,1.2624,1.2624,0,0.4208,1.2624,1.6832,0.4208,1.6832,1.2624,0.4208,0.4208,1.6832,0.4208,1.2624,1.2624,0,0,0,0.0001,0.0001,0.0001,0.0001,0,0,0.0001,0.0001,0,0.0001,0.0001,0,0,0.0001,0,0.0001,0.0001,0.2745,0.3047,0.2745,0.3047,
0.8913,0.8913,0,0.8913,0,0,1.3369,0.4456,0.8913,0.4456,0,0.4456,1.3369,0.4456,1.7825,1.3369,0.8913,0.4456,0,1.7825,0.0001,0.0001,0,0.0001,0,0,0.0001,0,0.0001,0,0,0,0.0001,0,0.0001,0.0001,0.0001,0,0,0.0001,0.2718,0.2825,0.2718,0.2825,
0.4052,0.8104,0,0.8104,0.8104,0.4052,0.8104,0.8104,0.8104,1.2156,1.2156,2.4311,0.4052,0.4052,2.026,1.2156,1.2156,0.8104,0.8104,0.8104,0,0,0,0,0,0,0,0,0,0.0001,0.0001,0.0001,0,0,0.0001,0.0001,0.0001,0,0,0,0.2744,0.3204,0.2744,0.3204,
0.447,1.341,0.447,2.235,0,0.447,0.447,0.447,0,0.894,1.788,0.447,0.447,0.894,0.447,0.894,1.788,1.341,1.341,0.447,0,0.0001,0,0.0001,0,0,0,0,0,0,0.0001,0,0,0,0,0,0.0001,0.0001,0.0001,0,0.2413,0.3117,0.2413,0.3117,
1.1797,0,0.5899,0,1.1797,1.7696,0,1.1797,0,2.3595,1.1797,0,0,0,0.5899,2.3595,1.1797,2.3595,1.1797,0,0.0001,0,0,0,0.0001,0.0001,0,0.0001,0,0.0001,0.0001,0,0,0,0,0.0001,0.0001,0.0001,0.0001,0,0.2547,0.1555,0.2547,0.1555,
0.7109,1.4219,0.3555,1.0664,0.3555,0.7109,1.0664,1.0664,2.1328,0.3555,1.0664,1.0664,0.7109,1.4219,0.3555,0.7109,0.7109,0,0.7109,1.4219,0,0.0001,0,0.0001,0,0,0.0001,0.0001,0.0001,0,0.0001,0.0001,0,0.0001,0,0,0,0,0,0.0001,0.2952,0.3493,0.2952,0.3493,
0,1.6469,1.2352,0.4117,0.8234,0.4117,1.6469,1.6469,1.2352,0,0.8234,0,1.6469,1.2352,0.4117,0.8234,0.4117,0.8234,1.2352,1.6469,0,0.0001,0.0001,0,0,0,0.0001,0.0001,0.0001,0,0,0,0.0001,0.0001,0,0,0,0,0.0001,0.0001,0.2821,0.3062,0.2821,0.3062,
1.085,0,0.5425,0.5425,0,0.5425,0,1.085,0.5425,0.5425,1.6275,1.085,0.5425,1.6275,1.085,0,1.6275,0,0,1.6275,0.0001,0,0,0,0,0,0,0.0001,0,0,0.0001,0.0001,0,0.0001,0.0001,0,0.0001,0,0,0.0001,0.2671,0.1904,0.2671,0.1904,
2.7907,0,0,1.1163,1.6744,0,0,1.6744,0.5581,1.6744,1.1163,0,1.1163,0.5581,1.1163,0.5581,0.5581,2.2326,0,0.5581,0.0003,0,0,0.0001,0.0002,0,0,0.0002,0.0001,0.0002,0.0001,0,0.0001,0.0001,0.0001,0.0001,0.0001,0.0002,0,0.0001,0.2169,0.225,0.2169,0.225,
0,0.3731,0,1.4925,0,0.7463,0.3731,0.3731,1.4925,0,0.7463,1.4925,0.3731,1.8657,1.8657,0.7463,0.7463,0,0.7463,0.3731,0,0,0,0.0001,0,0.0001,0,0,0.0001,0,0.0001,0.0001,0,0.0001,0.0001,0.0001,0.0001,0,0.0001,0,0.3355,0.2913,0.3355,0.2913,
1.2513,0.4171,1.6684,1.2513,0,1.2513,1.2513,0.4171,0.8342,0,1.6684,1.2513,0.8342,1.2513,0.4171,0,0.4171,2.0855,0,0,0.0001,0,0.0001,0.0001,0,0.0001,0.0001,0,0.0001,0,0.0001,0.0001,0.0001,0.0001,0,0,0,0.0001,0,0,0.2735,0.3094,0.2735,0.3094,
2.8721,0,0.9574,0.4787,0,2.3934,0,1.9147,0.9574,1.9147,1.4361,0,0.4787,0.9574,0.4787,2.3934,0.4787,0.9574,0,0.9574,0.0002,0,0.0001,0,0,0.0001,0,0.0001,0.0001,0.0001,0.0001,0,0,0.0001,0,0.0001,0,0.0001,0,0.0001,0.2533,0.2681,0.2533,0.2681,
0,0.4513,2.2563,0.4513,1.3538,1.3538,0,0.9025,0.4513,0,1.3538,0,1.3538,0.4513,1.8051,0.4513,0.4513,0.9025,0.9025,0.4513,0,0,0.0001,0,0.0001,0.0001,0,0.0001,0,0,0.0001,0,0.0001,0,0.0001,0,0,0.0001,0.0001,0,0.2892,0.2596,0.2892,0.2596,
1.8401,0,0,0,1.2268,1.2268,0,3.0669,0.6134,3.6803,0.6134,0.6134,1.2268,0,0.6134,1.2268,2.4535,0,0,0.6134,0.0001,0,0,0,0.0001,0.0001,0,0.0002,0,0.0002,0,0,0.0001,0,0,0.0001,0.0002,0,0,0,0.2125,0.1741,0.2125,0.1741,
1.5844,1.9805,1.1883,1.1883,0.7922,0.7922,0.7922,2.3766,0,0.7922,0.3961,1.1883,0.7922,0.3961,0.3961,0.3961,0.7922,0.7922,0.3961,1.9805,0.0001,0.0001,0,0,0,0,0,0.0001,0,0,0,0,0,0,0,0,0,0,0,0.0001,0.2781,0.3258,0.2781,0.3258,
0.3657,1.0972,0,1.4629,0.3657,0.7315,0.7315,1.4629,2.5602,0.7315,0.7315,1.0972,0.7315,0,1.0972,1.4629,1.4629,1.0972,0,0.3657,0,0.0001,0,0.0001,0,0,0,0.0001,0.0001,0,0,0.0001,0,0,0.0001,0.0001,0.0001,0.0001,0,0,0.3321,0.3021,0.3321,0.3021,
2.1471,1.7177,0.8588,0.8588,0,1.2882,1.2882,0.8588,0,0,0.4294,2.5765,1.7177,0.4294,0.4294,0.8588,0.4294,1.7177,0.4294,0.4294,0.0001,0.0001,0,0,0,0.0001,0.0001,0,0,0,0,0.0001,0.0001,0,0,0,0,0.0001,0,0,0.2868,0.2838,0.2868,0.2838,
1.6231,0,0.4058,0.4058,2.4347,0.4058,0.4058,2.0289,0.8116,2.0289,0.8116,0.8116,1.2174,0,0.8116,1.2174,0.8116,1.2174,0.4058,0,0.0001,0,0,0,0.0001,0,0,0.0001,0,0.0001,0,0,0.0001,0,0,0.0001,0,0.0001,0,0,0.283,0.3112,0.283,0.3112,
0,0.6942,1.0413,1.3883,0.3471,1.0413,1.0413,0.3471,0.3471,0,1.0413,1.3883,0.6942,1.0413,1.7354,0.3471,0.6942,0.6942,0.6942,0.6942,0,0,0.0001,0.0001,0,0.0001,0.0001,0,0,0,0.0001,0.0001,0,0.0001,0.0001,0,0,0,0,0,0.369,0.284,0.369,0.284,
1.767,0.7068,0.3534,0.3534,1.0602,0.7068,1.0602,0.7068,1.0602,0,0.7068,1.0602,0.7068,0,0.7068,1.0602,0.7068,0.3534,1.767,0.3534,0.0001,0,0,0,0,0,0,0,0,0,0,0,0,0,0,0,0,0,0.0001,0,0.3506,0.296,0.3506,0.296,
0.3473,0.3473,0.3473,0.6945,0.6945,2.4309,0.3473,0.6945,2.4309,0.6945,0.3473,0,0.3473,0,1.3891,0.6945,0.6945,1.7363,0,0,0,0,0,0,0,0.0002,0,0,0.0002,0,0,0,0,0,0.0001,0,0,0.0001,0,0,0.295,0.3577,0.295,0.3577,
0,0,0,0,0,0,0,0,1.5116,0.7558,1.5116,0,0.7558,0,1.5116,0,0.7558,0,0,0.7558,0,0,0,0,0,0,0,0,0.0005,0.0002,0.0005,0,0.0002,0,0.0005,0,0.0002,0,0,0.0002,0.145,0.0991,0.145,0.0991,
0.8942,1.3413,0.8942,0.4471,0,0.4471,2.2356,1.3413,0.8942,0,1.3413,0,1.3413,0.8942,0,0,0.8942,0.8942,1.3413,0.8942,0,0.0001,0,0,0,0,0.0001,0.0001,0,0,0.0001,0,0.0001,0,0,0,0,0,0.0001,0,0.2682,0.2846,0.2682,0.2846,
0.5024,3.0144,1.5072,0.5024,0,1.0048,0.5024,1.5072,0.5024,0,1.0048,0,0.5024,0.5024,1.5072,0.5024,0,0.5024,0.5024,0,0,0.0001,0.0001,0,0,0,0,0.0001,0,0,0,0,0,0,0.0001,0,0,0,0,0,0.2673,0.2303,0.2673,0.2303,
0,0,0.3322,1.329,0.3322,0.3322,0.6645,0.6645,2.658,1.9935,0.3322,0.9967,0.6645,0.3322,1.6612,0.9967,1.329,0.9967,0,0.6645,0,0,0,0.0001,0,0,0.0001,0.0001,0.0002,0.0002,0,0.0001,0.0001,0,0.0001,0.0001,0.0001,0.0001,0,0.0001,0.315,0.3527,0.315,0.3527,
0,0,0.7146,0,1.4292,0,0,0,0.7146,0,0.7146,1.4292,0,0,0.7146,0.7146,0.7146,0.7146,0,0,0,0,0.0001,0,0.0002,0,0,0,0.0001,0,0.0001,0.0002,0,0,0.0001,0.0001,0.0001,0.0001,0,0,0.1769,0.1085,0.1769,0.1085,
1.3084,0.4361,1.7445,0.8722,0,0.8722,0.4361,0,0.4361,0.4361,2.1806,0.8722,0,0,0.4361,0.4361,0.4361,0.4361,0.8722,0.4361,0.0001,0,0.0001,0.0001,0,0.0001,0,0,0,0,0.0001,0.0001,0,0,0,0,0,0,0.0001,0,0.2975,0.2664,0.2975,0.2664,
0.513,0,1.5391,1.5391,1.0261,0.513,0.513,0.513,1.0261,0,0,0.513,0,0.513,0.513,1.0261,1.0261,0.513,0.513,0.513,0,0,0.0001,0.0001,0.0001,0,0,0,0.0001,0,0,0,0,0,0,0.0001,0.0001,0,0,0,0.317,0.17,0.317,0.17,
1.0185,0,0.679,0.3395,0,0.679,1.358,0.679,2.716,0.679,0.3395,0.3395,1.358,0,1.6975,1.0185,1.6975,1.0185,0,1.0185,0.0001,0,0.0001,0,0,0.0001,0.0001,0.0001,0.0002,0.0001,0,0,0.0001,0,0.0001,0.0001,0.0001,0.0001,0,0.0001,0.3225,0.338,0.3225,0.338,
0.3978,0,0.7957,0.3978,0,2.3871,0.7957,0,0.3978,1.1935,0,1.1935,1.1935,1.5914,0.3978,1.9892,1.5914,0.7957,0,3.9785,0,0,0,0,0,0.0001,0,0,0,0.0001,0,0.0001,0.0001,0.0001,0,0.0001,0.0001,0,0,0.0002,0.3081,0.2941,0.3081,0.2941,
1.0256,0,0,1.0256,2.5641,0.5128,0,1.5384,2.0513,2.0513,1.0256,0,1.5384,0,0.5128,0.5128,1.5384,1.5384,0,0.5128,0.0001,0,0,0.0001,0.0002,0,0,0.0001,0.0002,0.0002,0.0001,0,0.0001,0,0,0,0.0001,0.0001,0,0,0.2324,0.2548,0.2324,0.2548,
0.4132,0.4132,1.6529,0.8265,0,0.4132,0,2.0662,1.2397,2.0662,0.4132,3.7191,1.2397,0,0,1.2397,1.2397,0.4132,0,1.6529,0,0,0.0001,0,0,0,0,0.0001,0.0001,0.0001,0,0.0002,0.0001,0,0,0.0001,0.0001,0,0,0.0001,0.2723,0.3145,0.2723,0.3145,
1.4878,1.1159,2.2318,1.1159,0.7439,0.372,0.7439,0.7439,0.372,1.1159,0.7439,0.7439,1.1159,0.372,0.372,0.372,0.372,0.372,1.4878,0.7439,0.0001,0,0.0001,0,0,0,0,0,0,0,0,0,0,0,0,0,0,0,0.0001,0,0.3028,0.3253,0.3028,0.3253,
1.4612,1.0959,0.7306,1.0959,1.0959,1.0959,0,0.3653,1.8265,1.0959,1.0959,1.0959,0.3653,0.3653,0.7306,0.3653,1.0959,0,0.3653,1.8265,0.0001,0.0001,0,0.0001,0.0001,0.0001,0,0,0.0001,0.0001,0.0001,0.0001,0,0,0,0,0.0001,0,0,0.0001,0.3085,0.3262,0.3085,0.3262,
0.4546,0,1.8185,0.4546,0.9092,0.9092,0.9092,0.9092,0.9092,0.4546,0.9092,0.9092,0.4546,0,0.4546,0.9092,0.9092,0,0.9092,0.9092,0,0,0.0001,0,0.0001,0.0001,0.0001,0.0001,0.0001,0,0.0001,0.0001,0,0,0,0.0001,0.0001,0,0.0001,0.0001,0.2419,0.3035,0.2419,0.3035,
0.4585,0.917,0,1.3755,0.917,0.4585,1.3755,1.3755,0.917,0,1.8341,0.4585,0.4585,0.4585,0.4585,0.4585,0,0.4585,0.4585,1.3755,0,0.0001,0,0.0001,0.0001,0,0.0001,0.0001,0.0001,0,0.0001,0,0,0,0,0,0,0,0,0.0001,0.3133,0.2282,0.3133,0.2282,
0.35,1.0501,1.0501,0.35,1.0501,1.4002,1.4002,0.7001,1.0501,0.7001,0.7001,0.35,0.7001,0.35,0.7001,1.4002,0.7001,0,1.4002,0.7001,0,0.0001,0.0001,0,0.0001,0.0001,0.0001,0,0.0001,0,0,0,0,0,0,0.0001,0,0,0.0001,0,0.333,0.3169,0.333,0.3169,
1.2887,0.8591,0.8591,0.8591,0.8591,0,0.4296,0.8591,0.4296,0,0.8591,0.4296,0.4296,0.4296,0.8591,0,2.1478,0.4296,3.0069,0.8591,0.0001,0,0,0,0,0,0,0,0,0,0,0,0,0,0,0,0.0001,0,0.0001,0,0.2629,0.3075,0.2629,0.3075,
0.7567,1.1351,0.3784,1.5134,2.2701,0.7567,2.6485,0.3784,0.3784,0,1.1351,0.3784,0.7567,0,0,1.5134,0.3784,0.3784,1.5134,0.3784,0,0.0001,0,0.0001,0.0001,0,0.0001,0,0,0,0.0001,0,0,0,0,0.0001,0,0,0.0001,0,0.3171,0.3045,0.3171,0.3045,
1.0985,1.0985,1.0985,0,0,0,1.0985,1.0985,0,0.5493,0.5493,2.197,1.0985,1.0985,1.0985,0,0,0.5493,1.6478,0.5493,0.0001,0.0001,0.0001,0,0,0,0.0001,0.0001,0,0,0,0.0001,0.0001,0.0001,0.0001,0,0,0,0.0001,0,0.2567,0.194,0.2567,0.194,
1.0324,0.3441,0,0.3441,0.3441,1.3766,0.3441,0.3441,1.0324,0.6883,0.6883,0.3441,0,0.3441,5.1621,0.3441,1.3766,1.3766,0,0.3441,0.0001,0,0,0,0,0.0001,0,0,0.0001,0.0001,0.0001,0,0,0,0.0004,0,0.0001,0.0001,0,0,0.3624,0.2934,0.3624,0.2934,
0.4762,0,1.4287,0,0.9525,0.4762,0.4762,0,0.4762,0.9525,0.4762,0,0,1.4287,0.9525,1.9049,1.9049,0.4762,0.4762,0.9525,0,0,0.0001,0,0.0001,0,0,0,0,0.0001,0,0,0,0.0001,0.0001,0.0001,0.0001,0,0,0.0001,0.252,0.2718,0.252,0.2718,
0.3286,0.3286,1.3145,0.6572,0.9859,0.6572,0.3286,1.6431,1.9717,0.9859,0.6572,0.9859,0,0,0.3286,0.6572,0.9859,0.3286,0.6572,0.3286,0,0,0.0001,0,0.0001,0,0,0.0001,0.0001,0.0001,0,0.0001,0,0,0,0,0.0001,0,0,0,0.3011,0.3703,0.3011,0.3703,
0,0,0.7459,0.7459,0,0,0,0,0,0.7459,0,0,0.7459,0,0.7459,2.2378,0.7459,0.7459,0,0.7459,0,0,0.0001,0.0001,0,0,0,0,0,0.0001,0,0,0.0001,0,0.0001,0.0003,0.0001,0.0001,0,0.0001,0.1216,0.1325,0.1216,0.1325,
0.9229,0.4615,0.9229,0.4615,1.3844,0.4615,1.3844,2.7688,0.4615,0.4615,0,0.4615,0.4615,0.4615,0.4615,0,1.3844,1.3844,1.3844,1.3844,0.0001,0,0.0001,0,0.0001,0,0.0001,0.0002,0,0,0,0,0,0,0,0,0.0001,0.0001,0.0001,0.0001,0.3052,0.2333,0.3052,0.2333,
0.4048,0.4048,0,0.8096,0.8096,0.4048,1.6193,1.2145,0.8096,1.2145,1.2145,0.8096,1.6193,0.8096,1.2145,0,0.8096,1.2145,1.2145,0.8096,0,0,0,0.0001,0.0001,0,0.0001,0.0001,0.0001,0.0001,0.0001,0.0001,0.0001,0.0001,0.0001,0,0.0001,0.0001,0.0001,0.0001,0.2851,0.31,0.2851,0.31,
1.1308,0,0.5654,0,1.6961,2.2615,0,1.1308,0,1.6961,1.6961,0.5654,0,0,0.5654,1.1308,1.1308,1.6961,1.1308,0,0.0001,0,0,0,0.0001,0.0001,0,0.0001,0,0.0001,0.0001,0,0,0,0,0.0001,0.0001,0.0001,0.0001,0,0.2605,0.1741,0.2605,0.1741,
0.3739,1.1218,0,0.3739,0,0.7478,0.3739,0.7478,2.9913,0.3739,0.3739,0.3739,0.3739,0.7478,1.8696,0.3739,0,2.6174,0,0,0,0.0001,0,0,0,0,0,0,0.0002,0,0,0,0,0,0.0001,0,0,0.0002,0,0,0.3251,0.3009,0.3251,0.3009,
1.6161,1.2121,0,1.2121,1.2121,1.6161,1.2121,0.404,1.2121,0.404,1.2121,0.808,0.404,0.808,0,0.404,0.404,0.404,0.404,0.404,0.0001,0.0001,0,0.0001,0.0001,0.0001,0.0001,0,0.0001,0,0.0001,0,0,0,0,0,0,0,0,0,0.306,0.29,0.306,0.29,
0,0,0.6929,0,0.6929,2.7715,0,2.0786,0,0,0,0,0,0.6929,0,0.6929,0,0,0.6929,0,0,0,0.0001,0,0.0001,0.0002,0,0.0002,0,0,0,0,0,0.0001,0,0.0001,0,0,0.0001,0,0.1341,0.173,0.1341,0.173,
0,0,0.5967,1.1934,0,0.5967,0,0,1.1934,0.5967,1.1934,0.5967,1.1934,0,1.1934,0.5967,0,0,1.1934,0,0,0,0.0001,0.0001,0,0.0001,0,0,0.0001,0.0001,0.0001,0.0001,0.0001,0,0.0001,0.0001,0,0,0.0001,0,0.221,0.1823,0.221,0.1823,
0,0,0.5097,2.039,1.0195,2.5487,0,1.0195,0,0.5097,0,0,0.5097,0.5097,1.0195,0.5097,1.0195,1.5292,0,0.5097,0,0,0,0.0002,0.0001,0.0002,0,0.0001,0,0,0,0,0,0,0.0001,0,0.0001,0.0001,0,0,0.2621,0.2282,0.2621,0.2282,
0.6924,0.6924,0,0.6924,0.6924,0.6924,0.6924,0,0,0,0,0,1.3848,0,0.6924,0.6924,0,0.6924,0.6924,0,0.0001,0.0001,0,0.0001,0.0001,0.0001,0.0001,0,0,0,0,0,0.0002,0,0.0001,0.0001,0,0.0001,0.0001,0,0.1626,0.145,0.1626,0.145,
1.3855,1.3855,0.9237,0.9237,0.9237,0.9237,1.3855,0.4618,0.4618,0.9237,0.4618,0.4618,0,0.4618,0.4618,0.9237,0.4618,0.9237,0,0.4618,0.0001,0.0001,0,0,0,0,0.0001,0,0,0,0,0,0,0,0,0,0,0,0,0,0.2691,0.269,0.2691,0.269,
0.4777,0,0,0,0.9555,0,0,0.4777,0.9555,0.9555,0.9555,1.911,0,0,1.4332,7.1661,1.911,1.4332,0,0.9555,0,0,0,0,0.0001,0,0,0,0.0001,0.0001,0.0001,0.0001,0,0,0.0001,0.0005,0.0001,0.0001,0,0.0001,0.2846,0.2377,0.2846,0.2377,
1.205,0.8034,0,1.205,0,1.205,0,0.8034,1.6067,0.4017,0,0.4017,1.205,1.205,0.8034,0.8034,0,1.205,2.0084,0,0.0001,0,0,0.0001,0,0.0001,0,0,0.0001,0,0,0,0.0001,0.0001,0,0,0,0.0001,0.0001,0,0.2848,0.3135,0.2848,0.3135,
1.3578,0,0.9052,0.4526,2.2631,0.9052,0.4526,1.3578,0.4526,3.1683,1.3578,0.4526,1.3578,0,0.4526,0.9052,1.3578,0.4526,0,0.4526,0.0001,0,0.0001,0,0.0001,0.0001,0,0.0001,0,0.0002,0.0001,0,0.0001,0,0,0.0001,0.0001,0,0,0,0.2733,0.2741,0.2733,0.2741,
2.0317,0,0,0,0.6772,1.0159,0.3386,0.3386,2.0317,0.6772,0.6772,1.0159,0.3386,0.3386,3.3862,0.6772,1.0159,0.3386,0,0,0.0002,0,0,0,0.0001,0.0001,0,0,0.0002,0.0001,0.0001,0.0001,0,0,0.0003,0.0001,0.0001,0,0,0,0.3582,0.3032,0.3582,0.3032,
2.2007,0.3668,0.3668,0.7336,1.1004,0.7336,1.8339,0.7336,0.3668,0.3668,0.3668,1.1004,0.3668,1.4671,1.1004,1.1004,0.3668,0.7336,0.7336,0.3668,0.0001,0,0,0,0.0001,0,0.0001,0,0,0,0,0.0001,0,0.0001,0.0001,0.0001,0,0,0,0,0.3432,0.29,0.3432,0.29,
1.1061,0,0.5531,0.5531,0.5531,1.6592,0,1.6592,0.5531,4.9776,0.5531,1.1061,0.5531,0.5531,0.5531,0.5531,1.6592,2.7653,0,0,0.0001,0,0,0,0,0.0001,0,0.0001,0,0.0003,0,0.0001,0,0,0,0,0.0001,0.0002,0,0,0.2315,0.2155,0.2315,0.2155,
1.3324,1.7766,0.4441,1.3324,0,0.8883,0.8883,0.4441,0.4441,0.8883,1.3324,1.3324,0,0.4441,0.8883,1.3324,0,0.4441,0,0.8883,0.0001,0.0001,0,0.0001,0,0,0,0,0,0,0.0001,0.0001,0,0,0,0.0001,0,0,0,0,0.2329,0.323,0.2329,0.323,
1.0552,0.7035,0.7035,0.3517,0.3517,2.1105,1.0552,1.0552,1.407,1.407,1.0552,0.7035,1.0552,0,0.3517,0.3517,0.3517,0.3517,1.407,0.7035,0,0,0,0,0,0.0001,0,0,0.0001,0.0001,0,0,0,0,0,0,0,0,0.0001,0,0.3237,0.3245,0.3237,0.3245,
0.716,0,0,0.716,0.716,0,0.716,0,0,0.716,0,0,0.716,0,0.716,0.716,0,1.4319,0,1.4319,0.0001,0,0,0.0001,0.0001,0,0.0001,0,0,0.0001,0,0,0.0001,0,0.0001,0.0001,0,0.0002,0,0.0002,0.1637,0.1203,0.1637,0.1203,
2.1971,0.8788,0.4394,0.8788,0,0.4394,0,1.3183,0.8788,0.4394,0.8788,1.7577,2.6365,1.3183,1.3183,0.4394,0.4394,0.4394,0.4394,1.7577,0.0001,0,0,0,0,0,0,0.0001,0,0,0,0.0001,0.0001,0.0001,0.0001,0,0,0,0,0.0001,0.2898,0.2708,0.2898,0.2708,
2.5979,0.866,0.866,0.433,0.433,0.866,0.433,1.2989,0.866,0.866,0.433,1.7319,0.433,1.2989,0.866,0.433,0,1.2989,1.2989,0.433,0.0001,0,0,0,0,0,0,0.0001,0,0,0,0.0001,0,0.0001,0,0,0,0.0001,0.0001,0,0.2677,0.2993,0.2677,0.2993,
1.1169,0,0.5585,0,1.1169,1.1169,0,2.7923,1.1169,2.7923,0.5585,0.5585,1.1169,1.1169,0.5585,2.2338,1.6754,2.2338,1.1169,0,0.0001,0,0,0,0.0001,0.0001,0,0.0002,0.0001,0.0002,0,0,0.0001,0.0001,0,0.0001,0.0001,0.0001,0.0001,0,0.219,0.2226,0.219,0.2226,
0.5304,0.5304,0,0,0.5304,1.0608,2.1216,1.5912,0,1.5912,1.0608,1.0608,1.0608,1.5912,0.5304,1.0608,0.5304,1.0608,1.5912,1.0608,0,0,0,0,0,0.0001,0.0001,0.0001,0,0.0001,0.0001,0.0001,0.0001,0.0001,0,0.0001,0,0.0001,0.0001,0.0001,0.2412,0.2284,0.2412,0.2284,
0.4698,0,0.4698,0.4698,0.4698,0.4698,1.4093,0.9395,0.4698,1.4093,1.879,1.4093,0.4698,0.4698,0.4698,1.4093,0,0.9395,0.4698,1.879,0,0,0,0,0,0,0.0001,0.0001,0,0.0001,0.0001,0.0001,0,0,0,0.0001,0,0.0001,0,0.0001,0.2957,0.2346,0.2957,0.2346,
2.3966,0,0,0,0.6848,1.3695,0.3424,0.3424,1.0271,0.6848,0.6848,0.6848,0.3424,0.3424,4.7933,0.3424,1.3695,0.6848,0,0,0.0002,0,0,0,0.0001,0.0001,0,0,0.0001,0.0001,0.0001,0.0001,0,0,0.0004,0,0.0001,0.0001,0,0,0.393,0.2647,0.393,0.2647,
0.9477,0.9477,0.4738,1.4215,0.4738,2.3692,0,1.4215,0,0,0,0.9477,0,2.8431,0.4738,0.4738,0,0.4738,0.4738,2.3692,0.0001,0.0001,0,0.0001,0,0.0001,0,0.0001,0,0,0,0.0001,0,0.0002,0,0,0,0,0,0.0001,0.2528,0.2733,0.2528,0.2733,
0,1.2507,0.8338,0,0,0.4169,0.8338,0.8338,1.6675,0,1.2507,0.4169,1.2507,0.8338,2.9182,0.4169,0,2.5013,0,0,0,0.0001,0.0001,0,0,0,0.0001,0.0001,0.0001,0,0.0001,0,0.0001,0.0001,0.0002,0,0,0.0002,0,0,0.3089,0.2742,0.3089,0.2742,
1.7369,0,0.6947,0.6947,1.7369,1.0421,0.6947,0.6947,2.779,1.7369,0.3474,1.0421,0.6947,0.6947,0,0.6947,0.6947,1.3895,0,0,0.0001,0,0,0,0.0001,0.0001,0,0,0.0002,0.0001,0,0.0001,0,0,0,0,0,0.0001,0,0,0.3278,0.3249,0.3278,0.3249,
2.4286,0.9714,0.9714,0,0.9714,0.4857,0,0.4857,1.4572,0,0.4857,1.9429,0,0.4857,0.4857,0.4857,0,1.4572,0.9714,0.9714,0.0001,0,0,0,0,0,0,0,0.0001,0,0,0.0001,0,0,0,0,0,0.0001,0,0,0.2884,0.2259,0.2884,0.2259,
0,0,0.7617,0,0.7617,0,0.7617,0,0,0.7617,0,0,0.7617,0,0.7617,0.7617,0,1.5234,0,0.7617,0,0,0.0001,0,0.0001,0,0.0001,0,0,0.0001,0,0,0.0001,0,0.0001,0.0001,0,0.0003,0,0.0001,0.1231,0.1152,0.1231,0.1152,
1.1718,0,0.5859,0,1.1718,1.1718,0,2.9294,0.5859,2.9294,0.5859,0,1.1718,0.5859,1.1718,2.3435,2.3435,3.5153,0.5859,0,0.0001,0,0,0,0.0001,0.0001,0,0.0002,0,0.0002,0,0,0.0001,0,0.0001,0.0001,0.0001,0.0002,0,0,0.2045,0.2096,0.2045,0.2096,
0,0,0.3774,1.8872,0.7549,1.1323,0.3774,0.3774,1.1323,0.3774,1.1323,0.7549,1.5098,0,1.5098,1.5098,0,0.7549,0.3774,0.7549,0,0,0,0.0001,0.0001,0.0001,0,0,0.0001,0,0.0001,0.0001,0.0001,0,0.0001,0.0001,0,0.0001,0,0.0001,0.3099,0.3127,0.3099,0.3127,
0.4404,0.4404,0.8807,2.6422,0.4404,0,0.8807,1.7615,0.8807,0.4404,0.4404,0.4404,0,0,0.4404,0.4404,1.7615,0.8807,0,0,0,0,0.0001,0.0002,0,0,0.0001,0.0001,0.0001,0,0,0,0,0,0,0,0.0001,0.0001,0,0,0.2599,0.2998,0.2599,0.2998,
0.5352,0.5352,1.0704,0.5352,0.5352,1.6056,0,0.5352,1.6056,1.6056,0.5352,0,0.5352,1.0704,0,0.5352,0.5352,0.5352,0,0.5352,0,0,0.0001,0,0,0.0001,0,0,0.0001,0.0001,0,0,0,0.0001,0,0,0,0,0,0,0.2582,0.2066,0.2582,0.2066,
0,0,0.631,0,0.631,1.2621,0,0.631,1.2621,0.631,0,1.8931,0.631,0,0,1.2621,0.631,0,0,0,0,0,0.0001,0,0.0001,0.0001,0,0.0001,0.0001,0.0001,0,0.0002,0.0001,0,0,0.0001,0.0001,0,0,0,0.1859,0.1831,0.1859,0.1831,
1.7067,0.4267,0,1.28,0.4267,0.4267,0.8534,0.4267,2.1334,0.8534,0.4267,1.28,0.4267,0.8534,0.4267,0,1.7067,1.28,0.4267,0,0.0001,0,0,0.0001,0,0,0.0001,0,0.0002,0.0001,0,0.0001,0,0.0001,0,0,0.0001,0.0001,0,0,0.2845,0.2888,0.2845,0.2888,
0.6549,0,0,0,0,0,1.3098,0.6549,1.3098,0,1.3098,0.6549,0,0.6549,0.6549,0.6549,0,0.6549,0,0,0.0001,0,0,0,0,0,0.0002,0.0001,0.0002,0,0.0002,0.0001,0,0.0001,0.0001,0.0001,0,0.0001,0,0,0.191,0.1541,0.191,0.1541,
1.0711,0,1.4282,0.7141,0.357,1.0711,1.7852,0.357,0.7141,0.7141,0.357,0.7141,1.0711,0,1.0711,0.7141,1.0711,1.4282,0.7141,0.357,0.0001,0,0.0001,0,0,0.0001,0.0001,0,0,0,0,0,0.0001,0,0.0001,0,0.0001,0.0001,0,0,0.345,0.298,0.345,0.298,
0.3743,1.8714,1.8714,1.1228,0.3743,1.1228,0.3743,1.1228,0.3743,0,2.2457,0.3743,0.7486,0,0.7486,0.7486,1.1228,0.3743,1.4971,0,0,0.0001,0.0001,0,0,0,0,0,0,0,0.0001,0,0,0,0,0,0,0,0.0001,0,0.2994,0.3263,0.2994,0.3263,
1.1328,0.5664,1.1328,0,1.6993,2.2657,0,0,0,0,0.5664,0.5664,1.1328,0,1.1328,0.5664,0.5664,0,0.5664,0.5664,0.0001,0,0.0001,0,0.0001,0.0002,0,0,0,0,0,0,0.0001,0,0.0001,0,0,0,0,0,0.2452,0.1883,0.2452,0.1883,
0.425,0.425,0.8499,0,0.425,0.8499,1.6998,1.2749,0.425,0.425,1.6998,0.8499,1.6998,0,0.8499,0,0.8499,0.8499,1.2749,0.8499,0,0,0.0001,0,0,0.0001,0.0001,0.0001,0,0,0.0001,0.0001,0.0001,0,0.0001,0,0.0001,0.0001,0.0001,0.0001,0.3066,0.2684,0.3066,0.2684,
0.4476,1.3428,0.4476,1.3428,0.4476,0,0.8952,0.8952,1.3428,0,0.4476,0.4476,0,0,1.3428,0,0.8952,0,0.4476,2.238,0,0.0001,0,0.0001,0,0,0.0001,0.0001,0.0001,0,0,0,0,0,0.0001,0,0.0001,0,0,0.0001,0.3024,0.25,0.3024,0.25,
0.9388,1.2517,0.6258,0.6258,0,0.6258,0,1.2517,1.8775,0.9388,0.3129,0,1.2517,0,2.1904,0.6258,0.3129,1.5646,0,0.9388,0,0.0001,0,0,0,0,0,0.0001,0.0001,0,0,0,0.0001,0,0.0001,0,0,0.0001,0,0,0.3722,0.3149,0.3722,0.3149,
2.1029,1.2618,0.8412,1.6824,0.8412,0.8412,0.4206,0.4206,1.6824,0.4206,1.2618,0.4206,1.2618,0.4206,0,0.8412,0.8412,1.2618,0,1.2618,0.0001,0.0001,0,0.0001,0,0,0,0,0.0001,0,0.0001,0,0.0001,0,0,0,0,0.0001,0,0.0001,0.2901,0.2893,0.2901,0.2893,
0.5243,0,0.5243,0.5243,0.5243,0.5243,2.0971,0.5243,0.5243,0,0,0.5243,1.0486,1.0486,0.5243,1.0486,0.5243,1.5728,0.5243,0,0.0001,0,0.0001,0.0001,0.0001,0.0001,0.0003,0.0001,0.0001,0,0,0.0001,0.0001,0.0001,0.0001,0.0001,0.0001,0.0002,0.0001,0,0.2475,0.2282,0.2475,0.2282,
2.8118,0,0.9373,0.4686,3.2804,0.4686,0,0.9373,0.4686,1.8745,0.4686,0.4686,1.4059,0,0.4686,0.9373,2.3431,0.9373,0.4686,0.4686,0.0002,0,0.0001,0,0.0002,0,0,0.0001,0,0.0001,0,0,0.0001,0,0,0.0001,0.0001,0.0001,0,0,0.255,0.2763,0.255,0.2763,
2.3214,0,0.5804,0.5804,0.5804,0,0,1.1607,0.5804,1.1607,0.5804,0,0.5804,0.5804,1.1607,0.5804,0.5804,1.1607,0,0,0.0002,0,0.0001,0.0001,0.0001,0,0,0.0001,0.0001,0.0001,0.0001,0,0.0001,0.0001,0.0001,0.0001,0.0001,0.0001,0,0,0.1755,0.2442,0.1755,0.2442,
0.9103,0,0.9103,0.9103,1.8206,0.4551,0,2.2757,0.4551,0.4551,1.3654,0.9103,1.8206,1.3654,0.9103,0.9103,0.4551,1.3654,0.4551,1.3654,0.0001,0,0.0001,0.0001,0.0001,0,0,0.0001,0,0,0.0001,0.0001,0.0001,0.0001,0.0001,0.0001,0,0.0001,0,0.0001,0.3413,0.2036,0.3413,0.2036,
0,0,0.5105,0.5105,0.5105,2.0418,0,0,1.0209,1.0209,0.5105,3.0627,1.5314,0.5105,1.0209,0.5105,0.5105,2.0418,0,1.0209,0,0,0,0,0,0.0002,0,0,0.0001,0.0001,0,0.0002,0.0001,0,0.0001,0,0,0.0002,0,0.0001,0.2686,0.2209,0.2686,0.2209,
1.4093,0.7047,1.4093,0.3523,1.4093,1.4093,0.7047,0.7047,1.057,0.7047,0,0,0.7047,0.3523,0.7047,1.057,0.3523,0.7047,1.057,0.7047,0.0001,0,0.0001,0,0.0001,0.0001,0,0,0.0001,0,0,0,0,0,0,0.0001,0,0,0.0001,0,0.2911,0.3565,0.2911,0.3565,
0.8339,0,0.8339,1.2508,0,0.4169,1.6678,0.4169,0.8339,0,1.2508,0.8339,0,1.2508,0.8339,0,0.4169,0.8339,0.8339,0.4169,0.0001,0,0.0001,0.0001,0,0,0.0001,0,0.0001,0,0.0001,0.0001,0,0.0001,0.0001,0,0,0.0001,0.0001,0,0.3216,0.2614,0.3216,0.2614,
0.5885,1.7654,0,0,2.3539,1.1769,1.1769,1.7654,0.5885,1.1769,0.5885,0.5885,0.5885,0.5885,1.1769,0.5885,0,0,0.5885,1.1769,0,0.0001,0,0,0.0001,0.0001,0.0001,0.0001,0,0.0001,0,0,0,0,0.0001,0,0,0,0,0.0001,0.2305,0.1811,0.2305,0.1811,
0.4492,0.8984,0.4492,0.4492,0.8984,2.2461,0.4492,1.3476,1.3476,1.7968,1.3476,0.4492,0.4492,0.4492,0,0,1.3476,1.3476,0.4492,2.2461,0,0,0,0,0,0.0001,0,0.0001,0.0001,0.0001,0.0001,0,0,0,0,0,0.0001,0.0001,0,0.0001,0.2847,0.2661,0.2847,0.2661,
1.5667,0.5222,0.5222,0,0.5222,1.0445,0.5222,0.5222,1.0445,1.0445,0.5222,0,0.5222,0.5222,0.5222,1.0445,0.5222,1.5667,1.5667,1.0445,0.0001,0,0,0,0,0.0001,0,0,0.0001,0.0001,0,0,0,0,0,0.0001,0,0.0001,0.0001,0.0001,0.2437,0.234,0.2437,0.234,
0,0,1.2701,0.635,1.2701,0.635,0.635,0,0,0,0.635,0,0,0.635,0.635,0,0,0,0,0.635,0,0,0.0002,0.0001,0.0002,0.0001,0.0001,0,0,0,0.0001,0,0,0.0001,0.0001,0,0,0,0,0.0001,0.2089,0.156,0.2089,0.156,
1.6229,0.8115,1.6229,0.4057,0.4057,0.4057,0,0.8115,0.8115,0,0.8115,0.4057,1.2172,0.4057,1.2172,0.4057,1.6229,0.4057,1.6229,2.8401,0.0001,0,0.0001,0,0,0,0,0,0,0,0,0,0.0001,0,0.0001,0,0.0001,0,0.0001,0.0002,0.2962,0.2981,0.2962,0.2981,
0.8841,0.8841,0.4421,0.4421,2.6524,0.8841,0.4421,0.8841,0.4421,0.4421,1.3262,0.4421,0.4421,1.3262,1.3262,1.3262,0.4421,0.8841,0.4421,0,0,0,0,0,0.0001,0,0,0,0,0,0.0001,0,0,0.0001,0.0001,0.0001,0,0,0,0,0.3215,0.2364,0.3215,0.2364,
1.0581,0.3527,1.7635,0.3527,0.3527,0,1.0581,0.3527,0,0.7054,1.0581,1.0581,0.7054,0,0.7054,1.7635,1.7635,1.0581,1.0581,1.0581,0.0001,0,0.0001,0,0,0,0.0001,0,0,0,0.0001,0.0001,0,0,0,0.0001,0.0001,0.0001,0.0001,0.0001,0.3285,0.3188,0.3285,0.3188,
1.9034,0,0.6345,0,0.6345,0,0.6345,2.5379,0.6345,1.9034,0,0,1.2689,0.6345,0,0.6345,0,0.6345,0,0.6345,0.0002,0,0.0001,0,0.0001,0,0.0001,0.0002,0.0001,0.0002,0,0,0.0001,0.0001,0,0.0001,0,0.0001,0,0.0001,0.1716,0.1939,0.1716,0.1939,
0,1.1859,0,0.3953,0,0.7906,0.7906,1.1859,3.5577,0,0.3953,0.7906,0.3953,1.1859,1.1859,0.7906,0,1.9765,0,0.3953,0,0.0001,0,0,0,0,0,0.0001,0.0002,0,0,0,0,0.0001,0.0001,0,0,0.0001,0,0,0.3028,0.3019,0.3028,0.3019,
2.528,0,0.7223,1.0834,1.0834,2.1669,0,0.3611,2.528,1.8057,0.7223,1.0834,0,0.7223,0.7223,1.0834,0.3611,0.3611,0.3611,0,0.0002,0,0,0.0001,0.0001,0.0001,0,0,0.0002,0.0001,0,0.0001,0,0,0,0.0001,0,0,0,0,0.3417,0.2972,0.3417,0.2972,
2.6935,0,0,0.5387,1.6161,4.8483,0,1.6161,0,2.1548,1.0774,0,0.5387,0,0.5387,1.0774,0,2.6935,0.5387,1.0774,0.0001,0,0,0,0.0001,0.0003,0,0.0001,0,0.0001,0.0001,0,0,0,0,0.0001,0,0.0001,0,0.0001,0.242,0.2193,0.242,0.2193,
1.0842,0,0.5421,1.0842,0,1.0842,0.5421,1.0842,0.5421,0.5421,0.5421,1.6263,0,0,1.0842,0.5421,0,0.5421,0,0.5421,0.0001,0,0,0.0001,0,0.0001,0,0.0001,0,0,0,0.0001,0,0,0.0001,0,0,0,0,0,0.2222,0.2357,0.2222,0.2357,
0,0.687,2.0609,0,0,0,1.3739,0,0,0,0.687,0.687,0.687,2.0609,1.3739,0.687,0.687,2.0609,0,0.687,0,0.0001,0.0002,0,0,0,0.0001,0,0,0,0.0001,0.0001,0.0001,0.0002,0.0001,0.0001,0.0001,0.0002,0,0.0001,0.1643,0.1487,0.1643,0.1487,
1.462,1.462,0.731,0,0.731,0.731,0,0,0.731,0,0,0,0,0,0,0,0.731,0.731,0.731,0.731,0.0001,0.0001,0.0001,0,0.0001,0.0001,0,0,0.0001,0,0,0,0,0,0,0,0.0001,0.0001,0.0001,0.0001,0.135,0.134,0.135,0.134,
0.458,0,1.3739,0.916,0,1.3739,0.458,2.2899,0.458,2.2899,0.458,0.458,0.916,0,0.916,0,1.3739,0.916,0.458,0.458,0,0,0.0001,0.0001,0,0.0001,0,0.0002,0,0.0002,0,0,0.0001,0,0.0001,0,0.0001,0.0001,0,0,0.304,0.238,0.304,0.238,
1.0604,1.0604,1.0604,0,0,0,0,1.0604,1.0604,1.5905,2.6509,1.5905,1.0604,2.1207,0,0,0.5302,2.1207,2.1207,1.0604,0.0001,0.0001,0.0001,0,0,0,0,0.0001,0.0001,0.0001,0.0001,0.0001,0.0001,0.0001,0,0,0,0.0001,0.0001,0.0001,0.2548,0.2151,0.2548,0.2151,
1.2548,0,0,0,0.6274,0.6274,0.6274,1.2548,0.6274,1.2548,1.2548,0.6274,0.6274,0.6274,0.6274,0,0.6274,0.6274,1.2548,0.6274,0.0001,0,0,0,0.0001,0.0001,0.0001,0.0001,0.0001,0.0001,0.0001,0.0001,0.0001,0.0001,0.0001,0,0.0001,0.0001,0.0001,0.0001,0.2126,0.16,0.2126,0.16,
0.7437,1.1155,0,0.7437,0,0.7437,0.3718,1.1155,1.8592,0.3718,0.3718,0.3718,0.3718,0.7437,2.6028,0.7437,0,1.8592,0,0,0,0.0001,0,0,0,0,0,0.0001,0.0001,0,0,0,0,0,0.0002,0,0,0.0001,0,0,0.3251,0.303,0.3251,0.303,
0,0,0.547,1.641,0.547,1.641,0,2.735,0.547,0.547,1.094,0.547,0,1.094,0,0,0,1.094,0,0.547,0,0,0,0.0001,0,0.0001,0,0.0002,0,0,0.0001,0,0,0.0001,0,0,0,0.0001,0,0,0.2148,0.2382,0.2148,0.2382,
1.2043,0,0.4014,0.8029,0.8029,1.2043,0.8029,2.0072,1.2043,0.4014,0.8029,1.2043,0,0.8029,0.4014,2.4087,0.4014,0.4014,1.2043,1.2043,0.0001,0,0,0,0,0.0001,0,0.0001,0.0001,0,0,0.0001,0,0,0,0.0001,0,0,0.0001,0.0001,0.3388,0.2597,0.3388,0.2597,
0.944,0,2.3601,0,0,0.472,0,0.944,0.944,0,0,0.472,0.944,0.944,1.8881,0.472,0.944,0.944,1.8881,0.472,0.0001,0,0.0002,0,0,0,0,0.0001,0.0001,0,0,0,0.0001,0.0001,0.0002,0,0.0001,0.0001,0.0002,0,0.2617,0.2662,0.2617,0.2662,
1.1204,1.4938,1.4938,0.3735,0.7469,0.7469,0.7469,1.1204,0.3735,0.7469,1.1204,1.4938,0.7469,0.7469,0.3735,0.7469,0.7469,0.7469,0.7469,1.1204,0,0.0001,0.0001,0,0,0,0,0,0,0,0,0.0001,0,0,0,0,0,0,0,0,0.3028,0.3238,0.3028,0.3238,
0,0,0.6936,0,0,1.3872,1.3872,0,0,0,0,2.7744,0,0.6936,0,1.3872,0.6936,2.0808,0.6936,0,0,0,0.0001,0,0,0.0002,0.0002,0,0,0,0,0.0004,0,0.0001,0,0.0002,0.0001,0.0003,0.0001,0,0.1774,0.129,0.1774,0.129,
1.0087,0,0,0,0.3362,1.6811,0.6724,0.3362,1.3449,0.6724,0.6724,0.6724,0,1.0087,3.6984,0.6724,1.6811,0.6724,0,0,0.0001,0,0,0,0,0.0002,0.0001,0,0.0001,0.0001,0.0001,0.0001,0,0.0001,0.0004,0.0001,0.0002,0.0001,0,0,0.3544,0.3094,0.3544,0.3094,
1.0128,0.5064,0,0,1.0128,0,0.5064,0.5064,0.5064,3.0385,2.0257,1.0128,0,0.5064,1.5193,0.5064,1.0128,0.5064,1.0128,0.5064,0.0001,0,0,0,0.0001,0,0,0,0,0.0002,0.0001,0.0001,0,0,0.0001,0,0.0001,0,0.0001,0,0.2534,0.2401,0.2534,0.2401,
0,2.629,0,0.6572,0,0.6572,1.9717,0,0.6572,0.6572,0,1.3145,0,0.6572,0,0,0,0.6572,0.6572,0.6572,0,0.0001,0,0,0,0,0.0001,0,0,0,0,0.0001,0,0,0,0,0,0,0,0,0.184,0.1588,0.184,0.1588,
0.7265,0.3633,1.0898,0.3633,1.0898,0,1.0898,0,1.8164,0.3633,1.0898,0.7265,1.4531,1.0898,1.0898,0.3633,1.4531,0.3633,0.7265,1.4531,0.0001,0,0.0001,0,0.0001,0,0.0001,0,0.0001,0,0.0001,0.0001,0.0001,0.0001,0.0001,0,0.0001,0,0.0001,0.0001,0.3025,0.3342,0.3025,0.3342,
0.5221,0,0,0.5221,2.6105,1.0442,0,1.0442,0.5221,3.6548,0.5221,2.0884,1.0442,0.5221,0.5221,2.0884,0.5221,1.5663,0.5221,0.5221,0,0,0,0,0.0001,0.0001,0,0.0001,0,0.0002,0,0.0001,0.0001,0,0,0.0001,0,0.0001,0,0,0.2338,0.2441,0.2338,0.2441,
0,0,0,0.4948,0.9897,1.9794,0,0,1.4845,1.4845,1.4845,0.9897,0,0,0.9897,2.4742,1.4845,1.4845,0,0.9897,0,0,0,0,0.0001,0.0001,0,0,0.0001,0.0001,0.0001,0.0001,0,0,0.0001,0.0002,0.0001,0.0001,0,0.0001,0.2655,0.2397,0.2655,0.2397,
0,0,0,0.7497,0.7497,0,0,0.7497,0,0,0,1.4993,0.7497,0,0,0,0.7497,2.249,0.7497,0.7497,0,0,0,0.0001,0.0001,0,0,0.0001,0,0,0,0.0002,0.0001,0,0,0,0.0001,0.0003,0.0001,0.0001,0.1506,0.0997,0.1506,0.0997,
0,1.3585,1.0189,1.3585,0,1.0189,0.3396,0,1.3585,1.0189,0.3396,0,0.3396,0.3396,2.0378,1.3585,0,2.0378,0,1.0189,0,0.0001,0,0.0001,0,0,0,0,0.0001,0,0,0,0,0,0.0001,0.0001,0,0.0001,0,0,0.3306,0.3298,0.3306,0.3298,
0,0,1.416,2.1239,1.416,0,0,0.708,0,0,0,0,0,0.708,0,0,0.708,0,0,0,0,0,0.0002,0.0003,0.0002,0,0,0.0001,0,0,0,0,0,0.0001,0,0,0.0001,0,0,0,0.1633,0.1287,0.1633,0.1287,
1.2478,0,0.4159,1.6638,0,0.4159,0.4159,0.8319,0.8319,1.2478,0,0.8319,1.6638,0.4159,1.2478,0,1.2478,0.4159,0,2.0797,0.0001,0,0,0.0001,0,0,0,0.0001,0.0001,0.0001,0,0.0001,0.0001,0,0.0001,0,0.0001,0,0,0.0002,0.2877,0.2964,0.2877,0.2964,
0,0,0,0,0.6707,0,0.6707,0,0,1.3415,1.3415,0.6707,0.6707,0.6707,1.3415,0.6707,1.3415,0,0,0,0,0,0,0,0.0001,0,0.0001,0,0,0.0002,0.0002,0.0001,0.0001,0.0001,0.0002,0.0001,0.0002,0,0,0,0.2033,0.1259,0.2033,0.1259,
0.7303,1.0954,1.4605,0.3651,0.7303,1.0954,1.0954,1.4605,1.4605,0,1.0954,0.3651,0.3651,0.3651,1.4605,1.4605,0.7303,1.0954,0.7303,0.3651,0,0.0001,0.0001,0,0,0.0001,0.0001,0.0001,0.0001,0,0.0001,0,0,0,0.0001,0.0001,0,0.0001,0,0,0.3044,0.3304,0.3044,0.3304,
9.2234,0,0,0,0,0,0,0,0,0,0,0,1.677,0,0.8385,0,4.1924,0,0,0,0.0022,0,0,0,0,0,0,0,0,0,0,0,0.0004,0,0.0002,0,0.001,0,0,0,0.1019,0.0597,0.1019,0.0597,
0.6383,0.6383,0,0.6383,0.6383,1.9149,0.6383,0,0,0,1.9149,0,2.5533,1.2766,1.2766,1.2766,0,1.2766,0,0,0.0001,0.0001,0,0.0001,0.0001,0.0002,0.0001,0,0,0,0.0002,0,0.0002,0.0001,0.0001,0.0001,0,0.0001,0,0,0.2109,0.1508,0.2109,0.1508,
0,1.1513,1.9188,0.7675,0.3838,1.535,0,0,0,1.1513,0.7675,0,0.7675,0.3838,1.535,0.7675,0.7675,0.7675,1.535,0.3838,0,0.0001,0.0001,0,0,0.0001,0,0,0,0.0001,0,0,0,0,0.0001,0,0,0,0.0001,0,0.2866,0.3296,0.2866,0.3296,
0.772,0,1.544,0.772,0,0.772,0,0,1.544,0,0,1.544,0,0.772,0,0,0,0,0,0,0.0002,0,0.0003,0.0002,0,0.0002,0,0,0.0003,0,0,0.0003,0,0.0002,0,0,0,0,0,0,0.1351,0.0929,0.1351,0.0929,
0,0.4355,1.3066,1.7422,0.4355,0,0.8711,0.4355,0.8711,1.3066,1.3066,0.8711,1.7422,0.4355,0.4355,0.4355,0.4355,1.3066,0,1.7422,0,0,0.0001,0.0001,0,0,0.0001,0,0.0001,0.0001,0.0001,0.0001,0.0001,0,0,0,0,0.0001,0,0.0001,0.2518,0.3127,0.2518,0.3127,
1.1587,0,0.7725,1.1587,0,1.5449,0.7725,0.3862,0.7725,1.1587,0.7725,0.3862,1.1587,0.7725,0.3862,0.3862,1.1587,1.1587,0.7725,0.7725,0.0001,0,0.0001,0.0001,0,0.0001,0.0001,0,0.0001,0.0001,0.0001,0,0.0001,0.0001,0,0,0.0001,0.0001,0.0001,0.0001,0.2885,0.3252,0.2885,0.3252,
1.3765,0,0,0,0.3441,1.3765,0.3441,0,2.0647,1.0324,0.3441,0,0.3441,0.6882,3.7853,1.0324,1.0324,1.0324,0,0.3441,0.0001,0,0,0,0,0.0001,0,0,0.0002,0.0001,0,0,0,0.0001,0.0003,0.0001,0.0001,0.0001,0,0,0.3107,0.3452,0.3107,0.3452,
0.5326,1.0651,1.0651,0.5326,0,2.1303,0,1.5977,0,0,0.5326,1.0651,2.6628,0,1.5977,1.0651,0.5326,0,0.5326,0,0,0.0001,0.0001,0,0,0.0001,0,0.0001,0,0,0,0.0001,0.0001,0,0.0001,0.0001,0,0,0,0,0.2259,0.2416,0.2259,0.2416,
0,0.3806,1.5223,1.1417,0,0.3806,0.7612,1.1417,1.1417,1.5223,1.5223,0.7612,0.3806,0.3806,0,0.7612,0.7612,1.1417,1.1417,1.9029,0,0,0.0001,0.0001,0,0,0,0.0001,0.0001,0.0001,0.0001,0,0,0,0,0,0,0.0001,0.0001,0.0001,0.2984,0.321,0.2984,0.321,
1.0188,1.5282,1.0188,0.5094,0.5094,0.5094,0,0.5094,0.5094,1.0188,0,1.0188,1.0188,0.5094,1.0188,1.0188,1.0188,0,0.5094,0.5094,0.0001,0.0001,0.0001,0,0,0,0,0,0,0.0001,0,0.0001,0.0001,0,0.0001,0.0001,0.0001,0,0,0,0.2453,0.2453,0.2453,0.2453,
0,0.3791,0.3791,1.1374,0.7582,1.1374,2.6538,0.7582,0.7582,0.7582,1.1374,0.3791,0.7582,1.8956,0.3791,0.3791,2.2747,0,0.3791,0,0,0,0,0.0001,0.0001,0.0001,0.0002,0.0001,0.0001,0.0001,0.0001,0,0.0001,0.0001,0,0,0.0002,0,0,0,0.3039,0.317,0.3039,0.317,
2.1929,1.0965,1.6447,0,0.5482,0.5482,0,1.0965,2.1929,0.5482,0,0,1.6447,0,0.5482,0.5482,0,0.5482,0,0.5482,0.0001,0.0001,0.0001,0,0,0,0,0.0001,0.0001,0,0,0,0.0001,0,0,0,0,0,0,0,0.2103,0.2415,0.2103,0.2415,
0,0.5237,1.0473,0,0,0,0,1.571,0.5237,5.2366,1.0473,0,0,0.5237,1.0473,1.571,0.5237,2.0946,0,0.5237,0,0,0.0001,0,0,0,0,0.0001,0,0.0003,0.0001,0,0,0,0.0001,0.0001,0,0.0001,0,0,0.2291,0.2473,0.2291,0.2473,
0.3785,0,0.757,1.1355,1.514,0.757,0.3785,0,0.757,1.1355,0.757,0.3785,0.3785,0.757,1.8925,0.757,0.3785,0.757,1.1355,0.3785,0,0,0.0001,0.0001,0.0001,0.0001,0,0,0.0001,0.0001,0.0001,0,0,0.0001,0.0001,0.0001,0,0.0001,0.0001,0,0.3001,0.3214,0.3001,0.3214,
1.7882,0,0.8941,1.7882,1.7882,1.7882,0.4471,0.8941,0,2.2353,0.4471,0,0.8941,0.8941,0.4471,1.3412,1.7882,0.8941,0,0.8941,0.0001,0,0.0001,0.0001,0.0001,0.0001,0,0.0001,0,0.0001,0,0,0.0001,0.0001,0,0.0001,0.0001,0.0001,0,0.0001,0.2616,0.2914,0.2616,0.2914,
2.4054,0,0,0,1.6036,2.4054,0,0,0,0,0.8018,0,0,0,0.8018,0,0,0,0,0,0.0003,0,0,0,0.0002,0.0003,0,0,0,0,0.0001,0,0,0,0.0001,0,0,0,0,0,0.103,0.0952,0.103,0.0952,
0,0.6524,1.3049,0.6524,0,0,0,0,0,0,0.6524,0.6524,0.6524,0,0.6524,0,0,1.3049,0.6524,1.3049,0,0.0001,0.0001,0.0001,0,0,0,0,0,0,0.0001,0.0001,0.0001,0,0.0001,0,0,0.0001,0.0001,0.0001,0.2016,0.146,0.2016,0.146,
0,0.6059,0.6059,0,1.2118,1.8177,0,0.6059,0,1.8177,0,0,0.6059,1.8177,0.6059,1.8177,1.8177,2.4236,0,1.8177,0,0,0,0,0.0001,0.0001,0,0,0,0.0001,0,0,0,0.0001,0,0.0001,0.0001,0.0002,0,0.0001,0.1919,0.2022,0.1919,0.2022,
0,0,1.4996,0,0,0.9997,0,0.9997,1.4996,0.4999,0,0.9997,0.9997,1.9995,0,0,0.9997,0.9997,1.4996,0.9997,0,0,0.0001,0,0,0.0001,0,0.0001,0.0001,0,0,0.0001,0.0001,0.0002,0,0,0.0001,0.0001,0.0001,0.0001,0.2744,0.2257,0.2744,0.2257,
2.1261,1.5946,0,0,0,0.5315,0.5315,2.1261,0,3.7207,0.5315,0,1.0631,0.5315,1.0631,3.1892,1.0631,2.1261,0.5315,3.1892,0.0001,0.0001,0,0,0,0,0,0.0001,0,0.0002,0,0,0,0,0,0.0001,0,0.0001,0,0.0001,0.2506,0.2179,0.2506,0.2179,
0,0.7168,0.7168,0.7168,0.7168,0,0,1.4336,2.1503,0.7168,1.4336,0.7168,0,0,0,0,1.4336,0,0,0,0,0.0001,0.0001,0.0001,0.0001,0,0,0.0001,0.0002,0.0001,0.0001,0.0001,0,0,0,0,0.0001,0,0,0,0.1189,0.1643,0.1189,0.1643,
2.8,0,1.12,0.56,2.8,0,0,0.56,1.12,2.24,0.56,0,1.12,0,1.12,0,1.12,2.24,0,0.56,0.0002,0,0.0001,0,0.0002,0,0,0,0.0001,0.0002,0,0,0.0001,0,0.0001,0,0.0001,0.0002,0,0,0.2269,0.2131,0.2269,0.2131,
0.7251,0,0.3625,0,0.7251,1.0876,0.3625,0.7251,3.2628,0.7251,0.3625,0.3625,0.7251,0.7251,2.1752,0.7251,0,1.4501,0,0,0.0001,0,0,0,0.0001,0.0001,0,0.0001,0.0003,0.0001,0,0,0.0001,0.0001,0.0002,0.0001,0,0.0001,0,0,0.3307,0.3068,0.3307,0.3068,
0.6566,0.6566,0.6566,0,1.3132,0,0,0.6566,0.6566,0.6566,0,0.6566,0.6566,0,1.3132,0.6566,1.3132,0,1.3132,0,0,0,0,0,0.0001,0,0,0,0,0,0,0,0,0,0.0001,0,0.0001,0,0.0001,0,0.1663,0.1771,0.1663,0.1771,
1.9516,0.7807,0.7807,0.3903,1.5613,1.9516,0,0.7807,0.3903,0.7807,0.3903,0.3903,1.171,0,1.9516,1.171,0.7807,0.3903,0.7807,0.7807,0.0001,0,0,0,0.0001,0.0001,0,0,0,0,0,0,0.0001,0,0.0001,0.0001,0,0,0,0,0.3088,0.3008,0.3088,0.3008,
0,0,0.4366,0.8732,1.3098,0.8732,1.3098,0.4366,1.3098,0,0.8732,0.8732,0.8732,0.8732,0.4366,0.8732,0,0.4366,0,1.7464,0,0,0,0.0001,0.0001,0.0001,0.0001,0,0.0001,0,0.0001,0.0001,0.0001,0.0001,0,0.0001,0,0,0,0.0001,0.2789,0.2845,0.2789,0.2845,
0,1.2056,0.4019,0.4019,1.6075,0,0.8037,2.4112,3.215,0.8037,0.4019,1.2056,0,2.0094,0.4019,0.4019,1.2056,0,0.4019,0,0,0.0001,0,0,0.0001,0,0,0.0001,0.0002,0,0,0.0001,0,0.0001,0,0,0.0001,0,0,0,0.2699,0.3282,0.2699,0.3282,
0.3528,0,0,0.3528,0.3528,0.7056,0.3528,1.0583,2.4695,1.0583,0.3528,1.4111,0.3528,0.3528,2.8222,1.0583,0.3528,0.7056,0,0.3528,0,0,0,0,0,0.0001,0,0.0001,0.0002,0.0001,0,0.0001,0,0,0.0002,0.0001,0,0.0001,0,0,0.3748,0.2724,0.3748,0.2724,
0,2.5244,1.2622,0.8415,0.8415,0,0,1.6829,0.4207,0.4207,0.4207,1.2622,1.6829,1.6829,0.8415,2.1036,0.4207,0.8415,0.4207,0.8415,0,0.0001,0,0,0,0,0,0.0001,0,0,0,0,0.0001,0.0001,0,0.0001,0,0,0,0,0.3172,0.262,0.3172,0.262,
0,0.433,1.2989,0.433,0.8659,1.2989,0.8659,0,1.7318,0.8659,0.433,1.2989,0.433,2.1648,0.8659,1.2989,2.1648,0.433,0,0,0,0,0.0001,0,0.0001,0.0001,0.0001,0,0.0001,0.0001,0,0.0001,0,0.0002,0.0001,0.0001,0.0002,0,0,0,0.2787,0.2883,0.2787,0.2883,
0.4559,0.4559,0,0.9119,0.4559,0.4559,0.4559,1.8238,1.3678,0.9119,0.4559,1.3678,1.3678,0,0.9119,0,0.4559,0.9119,0,1.3678,0,0,0,0.0001,0,0,0,0.0001,0.0001,0.0001,0,0.0001,0.0001,0,0.0001,0,0,0.0001,0,0.0001,0.2618,0.2822,0.2618,0.2822,
0.3954,2.3727,1.9772,0.3954,0,1.5818,0,0.7909,1.9772,0,0,1.1863,1.1863,0.7909,1.1863,0.3954,1.1863,0.7909,0,0,0,0.0001,0.0001,0,0,0.0001,0,0,0.0001,0,0,0.0001,0.0001,0,0.0001,0,0.0001,0,0,0,0.309,0.2955,0.309,0.2955,
1.5283,0,0.5094,1.0189,0.5094,1.5283,0,2.5472,1.0189,3.0567,0.5094,0.5094,0.5094,0.5094,0.5094,0.5094,0,1.0189,0,0,0.0001,0,0,0.0001,0,0.0001,0,0.0002,0.0001,0.0002,0,0,0,0,0,0,0,0.0001,0,0,0.214,0.2766,0.214,0.2766,
0.6502,0.6502,0,0.6502,0.6502,1.3003,1.9505,0,0.6502,0.6502,0,0,0,0,0,0,0,0,0.6502,1.3003,0.0001,0.0001,0,0.0001,0.0001,0.0001,0.0002,0,0.0001,0.0001,0,0,0,0,0,0,0,0,0.0001,0.0001,0.1868,0.163,0.1868,0.163,
0,0,0,2.363,0,0.7877,0,0,0,0,1.5753,0.7877,0.7877,1.5753,0,0,0,0,0,0,0,0,0,0.0005,0,0.0002,0,0,0,0,0.0003,0.0002,0.0002,0.0003,0,0,0,0,0,0,0.085,0.1273,0.085,0.1273,
0,0.6199,1.8598,0.6199,0,0,1.8598,0.6199,0,1.2399,0.6199,0,0.6199,1.2399,0,0,0,0,1.2399,0,0,0.0001,0.0002,0.0001,0,0,0.0002,0.0001,0,0.0001,0.0001,0,0.0001,0.0001,0,0,0,0,0.0001,0,0.2046,0.1754,0.2046,0.1754,
0,0.9144,0.9144,0.9144,0.4572,0.9144,1.3715,0,0.4572,1.3715,0.4572,0.4572,1.3715,2.2859,0.4572,0,0,0.9144,0.9144,0.4572,0,0.0001,0.0001,0.0001,0,0.0001,0.0001,0,0,0.0001,0,0,0.0001,0.0001,0,0,0,0.0001,0.0001,0,0.2663,0.2765,0.2663,0.2765,
0.737,0.3685,0.737,0.737,1.1054,1.4739,1.1054,0.3685,0.3685,0,0.737,0,1.1054,0.737,1.1054,0.737,1.1054,1.1054,0.737,1.4739,0,0,0,0,0.0001,0.0001,0.0001,0,0,0,0,0,0.0001,0,0.0001,0,0.0001,0.0001,0,0.0001,0.3045,0.327,0.3045,0.327,
0,0.5724,0,0.5724,1.1448,1.7172,0,0,0.5724,0,0,1.7172,0,0.5724,2.2896,0,0,0.5724,0,0,0,0.0001,0,0.0001,0.0001,0.0002,0,0,0.0001,0,0,0.0002,0,0.0001,0.0002,0,0,0.0001,0,0,0.2524,0.1752,0.2524,0.1752,
0.3708,0.7416,1.1123,0.7416,0.3708,1.8539,1.8539,0.3708,1.4831,0.3708,1.1123,0.7416,1.1123,0.7416,1.4831,1.1123,0,0.7416,0,0,0,0,0.0001,0,0,0.0001,0.0001,0,0.0001,0,0.0001,0,0.0001,0,0.0001,0.0001,0,0,0,0,0.3026,0.3266,0.3026,0.3266,
0,1.5247,0.7623,0.7623,0.7623,0.7623,1.1435,0.3812,1.1435,0.3812,0.7623,1.1435,0.3812,0.3812,1.1435,1.1435,0.3812,0.7623,1.9059,0.3812,0,0.0001,0,0,0,0,0.0001,0,0.0001,0,0,0.0001,0,0,0.0001,0.0001,0,0,0.0001,0,0.3345,0.2844,0.3345,0.2844,
0.6847,0,0.6847,0.6847,0,0,0,0.6847,0,0,0,0.6847,0.6847,0,0.6847,1.3693,0,0,1.3693,0,0.0001,0,0.0001,0.0001,0,0,0,0.0001,0,0,0,0.0001,0.0001,0,0.0001,0.0001,0,0,0.0001,0,0.1639,0.1514,0.1639,0.1514,
2.6685,0,1.6011,1.6011,1.6011,1.6011,0.5337,2.6685,0,2.1348,0.5337,0,2.1348,0.5337,0,2.1348,1.6011,1.0674,0,0.5337,0.0001,0,0.0001,0.0001,0.0001,0.0001,0,0.0001,0,0.0001,0,0,0.0001,0,0,0.0001,0.0001,0.0001,0,0,0.2408,0.2255,0.2408,0.2255,
1.8905,0.3781,0.7562,0.3781,1.1343,1.5124,0.7562,0.3781,0.7562,1.1343,0.7562,1.8905,0,0.7562,0.7562,0,1.5124,1.1343,0,0.7562,0.0001,0,0,0,0.0001,0.0001,0,0,0,0.0001,0,0.0001,0,0,0,0,0.0001,0.0001,0,0,0.3086,0.3133,0.3086,0.3133,
0.5259,1.0517,0,1.0517,1.0517,1.0517,0.5259,2.1034,0,0.5259,0.5259,2.1034,0.5259,2.1034,0,1.0517,1.0517,1.0517,1.0517,1.0517,0,0.0001,0,0.0001,0.0001,0.0001,0,0.0001,0,0,0,0.0001,0,0.0001,0,0.0001,0.0001,0.0001,0.0001,0.0001,0.2324,0.2418,0.2324,0.2418,
0.6721,0,0,0,0.3361,1.0082,0.6721,0.3361,2.0164,0.6721,0.6721,0.3361,0.3361,0.6721,4.0328,1.3443,0.6721,0.6721,0,0.3361,0.0001,0,0,0,0,0.0001,0.0001,0,0.0002,0.0001,0.0001,0,0,0.0001,0.0004,0.0001,0.0001,0.0001,0,0,0.296,0.3679,0.296,0.3679,
0,0,2.5039,1.252,0,0,0,0.626,1.252,0.626,0,1.252,0,0,0,0,0.626,0,0,1.252,0,0,0.0002,0.0001,0,0,0,0.0001,0.0001,0.0001,0,0.0001,0,0,0,0,0.0001,0,0,0.0001,0.1721,0.2019,0.1721,0.2019,
0,0,1.2917,0.6459,0,0,0,1.9376,0.6459,0,1.9376,0,0.6459,0,1.2917,0,0,0,0,1.2917,0,0,0.0002,0.0001,0,0,0,0.0003,0.0001,0,0.0003,0,0.0001,0,0.0002,0,0,0,0,0.0002,0.2297,0.1244,0.2297,0.1244,
0.6364,0.6364,1.9093,0.9547,0.3182,0.6364,0.3182,0.6364,0.9547,0.6364,0.6364,0.9547,0.6364,0.3182,1.2729,0.6364,0.6364,1.2729,0.9547,0.9547,0,0,0.0001,0,0,0,0,0,0,0,0,0,0,0,0.0001,0,0,0.0001,0,0,0.3805,0.3012,0.3805,0.3012,
0.777,0,0.3885,1.1654,0.777,0.777,1.1654,0,0.3885,0.777,0.777,1.9424,0,1.1654,1.9424,1.1654,0.3885,0,0.777,0.777,0.0001,0,0,0.0001,0.0001,0.0001,0.0001,0,0,0.0001,0.0001,0.0001,0,0.0001,0.0001,0.0001,0,0,0.0001,0.0001,0.3147,0.2968,0.3147,0.2968,
0.695,0,0,0,0.3475,1.0425,0.695,0.3475,2.7801,0.695,0.695,1.0425,0.695,0.3475,2.7801,0.3475,1.3901,1.0425,0,0.3475,0.0001,0,0,0,0,0.0001,0.0001,0,0.0002,0.0001,0.0001,0.0001,0.0001,0,0.0002,0,0.0001,0.0001,0,0,0.3424,0.3101,0.3424,0.3101,
0.5226,0,1.5678,0.5226,0.5226,0.5226,0.5226,0.5226,1.5678,1.0452,0,1.0452,1.0452,0,1.5678,0,0,0.5226,0,0.5226,0,0,0.0001,0,0,0,0,0,0.0001,0.0001,0,0.0001,0.0001,0,0.0001,0,0,0,0,0,0.2848,0.1925,0.2848,0.1925,
1.6951,0.4238,0.8476,0.8476,0,0.4238,0.4238,0.4238,0.4238,0.8476,0.8476,1.2713,0.8476,1.2713,0.8476,0,0.8476,1.6951,0.4238,0.8476,0.0001,0,0.0001,0.0001,0,0,0,0,0,0.0001,0.0001,0.0001,0.0001,0.0001,0.0001,0,0.0001,0.0001,0,0.0001,0.303,0.2733,0.303,0.2733,
1.0551,0,0,0.5275,2.1102,1.0551,0,0.5275,0.5275,3.6928,0.5275,2.1102,1.0551,0.5275,0.5275,1.5826,1.0551,1.5826,0.5275,1.0551,0.0001,0,0,0,0.0001,0.0001,0,0,0,0.0002,0,0.0001,0.0001,0,0,0.0001,0.0001,0.0001,0,0.0001,0.227,0.2454,0.227,0.2454,
0,0,0,0,1.4996,1.4996,0,0,0.7498,0.7498,0.7498,0,1.4996,0.7498,0.7498,0,0,0,0,0,0,0,0,0,0.0002,0.0002,0,0,0.0001,0.0001,0.0001,0,0.0002,0.0001,0.0001,0,0,0,0,0,0.1508,0.0994,0.1508,0.0994,
1.7291,1.7291,0.8645,0.4323,1.7291,0.4323,0,0,0.8645,0.8645,0.8645,2.1614,1.7291,0.4323,0.8645,0,0,0.4323,0,0.8645,0.0001,0.0001,0,0,0.0001,0,0,0,0,0,0,0.0001,0.0001,0,0,0,0,0,0,0,0.3059,0.2618,0.3059,0.2618,
0,1.2467,0.4156,1.2467,0.4156,1.2467,0.8311,0.4156,1.6623,0.4156,1.2467,0.4156,0.8311,1.2467,0.4156,0.4156,0.8311,0.8311,0.4156,0.4156,0,0.0001,0,0.0001,0,0.0001,0,0,0.0001,0,0.0001,0,0,0.0001,0,0,0,0,0,0,0.3137,0.2707,0.3137,0.2707,
0.3644,1.4577,0,0,0.7289,0.7289,2.1866,1.4577,1.4577,0,0.3644,0.3644,0.7289,1.0933,1.0933,0.7289,0.3644,0.3644,0.7289,0.7289,0,0.0001,0,0,0,0,0.0001,0.0001,0.0001,0,0,0,0,0.0001,0.0001,0,0,0,0,0,0.3425,0.2931,0.3425,0.2931,
0,0,1.3207,0.8804,0.8804,0,0.8804,0.8804,0.4402,0.8804,2.2011,0.8804,1.3207,0.4402,0.4402,0.8804,0.8804,0.4402,0.8804,0.4402,0,0,0.0001,0.0001,0.0001,0,0.0001,0.0001,0,0.0001,0.0002,0.0001,0.0001,0,0,0.0001,0.0001,0,0.0001,0,0.2714,0.2884,0.2714,0.2884,
1.2443,1.2443,1.2443,1.6591,0.4148,0.8296,1.2443,0.8296,0.8296,0.8296,1.2443,0.4148,0.4148,1.2443,0,1.2443,1.2443,1.2443,0.4148,0.8296,0.0001,0.0001,0.0001,0.0001,0,0,0.0001,0,0,0,0.0001,0,0,0.0001,0,0.0001,0.0001,0.0001,0,0,0.2465,0.3387,0.2465,0.3387,
1.8656,0,0,1.8656,3.1094,0.6219,0,1.8656,0,3.7312,1.2437,0,1.8656,0.6219,0,1.8656,1.2437,2.4875,0,0,0.0001,0,0,0.0001,0.0002,0,0,0.0001,0,0.0002,0.0001,0,0.0001,0,0,0.0001,0.0001,0.0002,0,0,0.1754,0.2027,0.1754,0.2027,
1.459,0,0,0.9726,0.9726,0.9726,0,0.9726,1.9453,1.9453,0.4863,0.9726,0.4863,0.9726,0.4863,0,0.4863,1.459,0,1.459,0.0001,0,0,0.0001,0.0001,0.0001,0,0.0001,0.0002,0.0002,0,0.0001,0,0.0001,0,0,0,0.0001,0,0.0001,0.223,0.2907,0.223,0.2907,
0,0.7681,0,0,0,2.3044,0,0.7681,0,2.3044,0,0.7681,0.7681,0,0.7681,0.7681,1.5363,0,0,0.7681,0,0.0001,0,0,0,0.0002,0,0.0001,0,0.0002,0,0.0001,0.0001,0,0.0001,0.0001,0.0001,0,0,0.0001,0.1236,0.1083,0.1236,0.1083,
0.3365,0.673,1.0095,0.3365,1.6825,0.673,0.3365,1.0095,1.0095,0.673,0.673,1.346,0.673,0.3365,1.346,0.673,1.0095,0.3365,1.0095,0.673,0,0,0.0001,0,0.0001,0,0,0.0001,0.0001,0,0,0.0001,0,0,0.0001,0,0.0001,0,0.0001,0,0.337,0.3265,0.337,0.3265,
1.6623,0,0,1.1082,2.7705,0.5541,0,1.6623,0.5541,2.2164,1.1082,0,1.1082,0,1.1082,0,1.1082,1.6623,0,0.5541,0.0002,0,0,0.0001,0.0003,0.0001,0,0.0002,0.0001,0.0002,0.0001,0,0.0001,0,0.0001,0,0.0001,0.0002,0,0.0001,0.1991,0.2468,0.1991,0.2468,
0.5088,0,1.5265,0,1.0177,0.5088,1.5265,0.5088,0.5088,0,0.5088,1.0177,1.0177,0,0.5088,1.5265,1.5265,1.0177,0,0,0,0,0.0001,0,0.0001,0,0.0001,0,0,0,0,0.0001,0.0001,0,0,0.0001,0.0001,0.0001,0,0,0.236,0.2551,0.236,0.2551,
1.0563,0,0.5281,0.5281,1.0563,0.5281,0,0.5281,0.5281,0.5281,1.0563,0,0.5281,0,1.0563,1.0563,1.5844,0.5281,0.5281,1.0563,0.0001,0,0,0,0.0001,0,0,0,0,0,0.0001,0,0,0,0.0001,0.0001,0.0001,0,0,0.0001,0.2755,0.1963,0.2755,0.1963,
1.7335,0.8668,0,0,0.8668,0.8668,0,0.8668,0,0,0,2.6003,0,0.8668,0,0,0,0,0,0,0.0002,0.0001,0,0,0.0001,0.0001,0,0.0001,0,0,0,0.0003,0,0.0001,0,0,0,0,0,0,0.0866,0.0467,0.0866,0.0467,
0,0,0,0,0.7948,2.3843,0,0.7948,0,0.7948,0,0,1.5895,0,0.7948,0.7948,0.7948,0,0,0,0,0,0,0,0.0001,0.0004,0,0.0001,0,0.0001,0,0,0.0003,0,0.0001,0.0001,0.0001,0,0,0,0.1268,0.0785,0.1268,0.0785,
0,0,0.8093,0,0,2.4279,0,0,0,1.6186,0,0.8093,0,0.8093,0,0,0.8093,0.8093,0,0,0,0,0.0001,0,0,0.0004,0,0,0,0.0003,0,0.0001,0,0.0001,0,0,0.0001,0.0001,0,0,0.1185,0.0722,0.1185,0.0722,
0.5434,0.5434,0.5434,0,1.0868,1.0868,0,1.0868,1.6302,0,0,2.1736,0.5434,0.5434,0,0,0.5434,2.1736,0,1.6302,0,0,0,0,0.0001,0.0001,0,0.0001,0.0001,0,0,0.0001,0,0,0,0,0,0.0001,0,0.0001,0.2371,0.2195,0.2371,0.2195,
2.122,0,0,0,2.122,1.061,0.5305,3.7134,0,0.5305,1.061,1.5915,2.122,1.5915,1.061,1.061,1.061,1.5915,0.5305,0.5305,0.0001,0,0,0,0.0001,0.0001,0,0.0002,0,0,0.0001,0.0001,0.0001,0.0001,0.0001,0.0001,0.0001,0.0001,0,0,0.2306,0.239,0.2306,0.239,
0.3478,0,1.7388,0,0.3478,0,0.3478,0.6955,1.0433,0.6955,1.7388,1.0433,1.0433,0,1.7388,0,0.3478,1.391,1.0433,0.6955,0,0,0.0001,0,0,0,0,0,0.0001,0,0.0001,0.0001,0.0001,0,0.0001,0,0,0.0001,0.0001,0,0.3228,0.3295,0.3228,0.3295,
0,0,0.7275,0,0,2.1825,0,2.1825,0,0,0,0,0,0.7275,0,0.7275,0,0,0.7275,0,0,0,0.0001,0,0,0.0002,0,0.0002,0,0,0,0,0,0.0001,0,0.0001,0,0,0.0001,0,0.1228,0.1497,0.1228,0.1497,
0.9392,1.4089,0.9392,0.4696,0.9392,0.9392,0.4696,0.9392,0.4696,1.4089,0.9392,1.8785,0.9392,0.9392,0.9392,0.9392,1.4089,0.9392,0.4696,0,0,0.0001,0,0,0,0,0,0,0,0.0001,0,0.0001,0,0,0,0,0.0001,0,0,0,0.2393,0.291,0.2393,0.291,
0,0,0.352,1.7602,1.0561,0.7041,0.7041,0.7041,1.0561,2.4642,0.7041,1.0561,0.7041,1.0561,0.7041,0.7041,1.0561,0,0.352,0.7041,0,0,0,0.0001,0.0001,0,0,0,0.0001,0.0002,0,0.0001,0,0.0001,0,0,0.0001,0,0,0,0.3268,0.3212,0.3268,0.3212,
1.3048,0,0,0,0.6524,0.6524,0.6524,0.6524,1.631,1.3048,0.3262,0.3262,0.3262,0.6524,3.9144,1.3048,1.3048,0.3262,0,0,0.0001,0,0,0,0.0001,0.0001,0.0001,0.0001,0.0001,0.0001,0,0,0,0.0001,0.0003,0.0001,0.0001,0,0,0,0.3463,0.3275,0.3463,0.3275,
0.3685,1.1056,1.1056,1.1056,1.1056,0.3685,0.3685,0,0.737,2.9482,0,0.737,1.1056,0.3685,1.1056,0.3685,1.4741,1.1056,1.8426,0.737,0,0.0001,0.0001,0.0001,0.0001,0,0,0,0,0.0001,0,0,0.0001,0,0.0001,0,0.0001,0.0001,0.0001,0,0.3397,0.2918,0.3397,0.2918,
0.687,0,0.687,0.687,0,0.687,0,2.0611,0,0,0.687,0,0,0.687,1.3741,0.687,0,0,0,0.687,0.0001,0,0.0001,0.0001,0,0.0001,0,0.0003,0,0,0.0001,0,0,0.0001,0.0002,0.0001,0,0,0,0.0001,0.1344,0.1785,0.1344,0.1785,
1.7045,1.1363,1.1363,1.7045,1.7045,0,0.5682,0.5682,0.5682,1.1363,0.5682,0,0.5682,0,1.1363,0,0,0.5682,0.5682,0.5682,0.0001,0.0001,0.0001,0.0001,0.0001,0,0,0,0,0.0001,0,0,0,0,0.0001,0,0,0,0,0,0.2124,0.2194,0.2124,0.2194,
1.0694,0,0.5347,0.5347,1.0694,0.5347,0,0.5347,0.5347,0.5347,1.0694,0.5347,0.5347,0,1.0694,0,1.6042,0.5347,0.5347,1.0694,0.0001,0,0,0,0.0001,0,0,0,0,0,0.0001,0,0,0,0.0001,0,0.0001,0,0,0.0001,0.2611,0.2042,0.2611,0.2042,
0.6806,0,0.6806,0,0,0,1.3612,0.6806,0.6806,0,0.6806,0,0.6806,1.3612,0.6806,0.6806,0,1.3612,0,0.6806,0.0001,0,0.0001,0,0,0,0.0002,0.0001,0.0001,0,0.0001,0,0.0001,0.0002,0.0001,0.0001,0,0.0002,0,0.0001,0.142,0.1774,0.142,0.1774,
0.4948,0.4948,0.4948,0.4948,0.4948,0.4948,0,0.4948,0.4948,0.4948,0.9895,0.4948,0.9895,0.9895,2.4738,4.4528,0.4948,0.4948,0,0.4948,0,0,0,0,0,0,0,0,0,0,0.0001,0,0.0001,0.0001,0.0001,0.0003,0,0,0,0,0.2802,0.2251,0.2802,0.2251,
0.3696,0.3696,1.4785,1.1088,1.1088,0.7392,1.4785,1.4785,0.7392,0.7392,0.3696,1.4785,0.3696,0.3696,0.3696,0.3696,1.1088,1.1088,0.3696,1.4785,0,0,0.0001,0.0001,0.0001,0,0.0001,0.0001,0,0,0,0.0001,0,0,0,0,0.0001,0.0001,0,0.0001,0.2963,0.3341,0.2963,0.3341,
1.8585,0,0,0.6195,0,1.239,0,2.478,0,5.5755,0.6195,1.8585,0.6195,0.6195,0.6195,1.239,0.6195,2.478,0,0,0.0001,0,0,0,0,0.0001,0,0.0002,0,0.0004,0,0.0001,0,0,0,0.0001,0,0.0002,0,0,0.1921,0.1885,0.1921,0.1885,
1.4794,0.7397,0.3698,0.7397,3.3286,0.7397,0.3698,1.1095,1.4794,0.3698,1.1095,0.3698,0.3698,0.7397,1.1095,1.4794,0.7397,0.7397,1.1095,0,0.0001,0,0,0,0.0002,0,0,0.0001,0.0001,0,0.0001,0,0,0,0.0001,0.0001,0,0,0.0001,0,0.3466,0.2836,0.3466,0.2836,
0.4193,0.8387,0.8387,0.8387,1.258,0.4193,0.8387,1.258,0.4193,0.8387,0,1.258,0.8387,2.516,0.8387,0,2.0967,0.4193,1.258,0.8387,0,0,0,0,0.0001,0,0,0.0001,0,0,0,0.0001,0,0.0001,0,0,0.0001,0,0.0001,0,0.2818,0.2988,0.2818,0.2988,
0.8035,0,0.8035,0,0.8035,0.8035,0,0,0,0.8035,0.8035,0,0.8035,0,0,0.8035,0.8035,0,0,0.8035,0.0001,0,0.0001,0,0.0001,0.0001,0,0,0,0.0001,0.0001,0,0.0001,0,0,0.0001,0.0001,0,0,0.0001,0.1204,0.076,0.1204,0.076,
0.6325,1.2649,1.2649,0,0.6325,1.2649,0.6325,0.6325,0.6325,0,0.6325,0.6325,0,0.6325,0.6325,0,0.6325,0.6325,0,0,0,0.0001,0.0001,0,0,0.0001,0,0,0,0,0,0,0,0,0,0,0,0,0,0,0.1883,0.1792,0.1883,0.1792,
0.6715,1.343,1.343,0.6715,1.0072,0.6715,0.6715,0.3357,1.343,0.3357,0,0.3357,0.3357,0,1.0072,0.3357,1.0072,0.6715,1.0072,1.0072,0,0.0001,0.0001,0,0,0,0,0,0.0001,0,0,0,0,0,0,0,0,0,0,0,0.3304,0.3339,0.3304,0.3339,
0.6386,1.2771,1.2771,0,0,0.6386,1.2771,0,0.6386,0,0,0,1.2771,0,0.6386,0,0,0,0,1.2771,0.0001,0.0001,0.0001,0,0,0.0001,0.0001,0,0.0001,0,0,0,0.0001,0,0.0001,0,0,0,0,0.0001,0.1742,0.1872,0.1742,0.1872,
1.2467,0.4156,0.4156,0.4156,0.8311,2.0778,0.4156,0.4156,0.8311,1.2467,0.4156,0.4156,0,0.8311,1.2467,1.2467,1.2467,0.4156,0.4156,0.4156,0.0001,0,0,0,0.0001,0.0001,0,0,0.0001,0.0001,0,0,0,0.0001,0.0001,0.0001,0.0001,0,0,0,0.3289,0.2556,0.3289,0.2556,
0,0.679,1.358,0.679,0.679,0.679,0,0,0,1.358,0,1.358,1.358,2.0371,0,0.679,0,1.358,0.679,0.679,0,0,0.0001,0,0,0,0,0,0,0.0001,0,0.0001,0.0001,0.0001,0,0,0,0.0001,0,0,0.2108,0.1101,0.2108,0.1101,
0,0.4271,2.1356,1.2814,0.4271,0,0.8542,0.8542,0,1.2814,0.8542,1.2814,0.4271,0.8542,0.8542,0.4271,0.4271,0.8542,0.4271,0.4271,0,0,0.0001,0.0001,0,0,0.0001,0.0001,0,0.0001,0.0001,0.0001,0,0.0001,0.0001,0,0,0.0001,0,0,0.2972,0.2757,0.2972,0.2757,
0.7223,0.3611,0.7223,0.3611,0.7223,1.0834,1.0834,0.3611,1.4446,0.7223,0.7223,0.7223,1.8057,1.0834,1.8057,0.3611,0.7223,0.7223,0.3611,0.7223,0,0,0,0,0,0.0001,0.0001,0,0.0001,0,0,0,0.0001,0.0001,0.0001,0,0,0,0,0,0.3323,0.3065,0.3323,0.3065,
0.4622,2.7733,1.3866,0.9244,0,0.9244,0.9244,0.9244,0.4622,0.9244,0.4622,0,0.4622,0.4622,1.3866,0.4622,0,0.4622,0,0.4622,0,0.0001,0.0001,0,0,0,0,0,0,0,0,0,0,0,0.0001,0,0,0,0,0,0.2657,0.2721,0.2657,0.2721,
0.4652,0,0.4652,0.9304,0.4652,0.9304,0.4652,0,0,2.7911,0,0,0,0.9304,1.8607,1.8607,0.9304,0.4652,0,0,0,0,0,0.0001,0,0.0001,0,0,0,0.0002,0,0,0,0.0001,0.0002,0.0002,0.0001,0,0,0,0.2693,0.2655,0.2693,0.2655,
0,3.2605,0.5434,0.5434,0.5434,1.0868,0,1.6303,2.7171,0,0,1.0868,1.0868,0,0.5434,1.0868,0,1.6303,0,0.5434,0,0.0001,0,0,0,0,0,0.0001,0.0001,0,0,0,0,0,0,0,0,0.0001,0,0,0.2089,0.2477,0.2089,0.2477,
1.7268,0,0,0,0.3454,1.0361,0.3454,0.3454,1.0361,0.3454,0.6907,0.6907,0.3454,0.3454,4.835,1.0361,1.3814,0.6907,0,0.3454,0.0001,0,0,0,0,0.0001,0,0,0.0001,0,0.0001,0.0001,0,0,0.0004,0.0001,0.0001,0.0001,0,0,0.3584,0.2963,0.3584,0.2963,
2.3267,0.4653,0.4653,0.4653,0.9307,1.396,0,0,1.396,1.8614,0.4653,0.4653,0.9307,0.4653,0.9307,1.396,3.7227,0.9307,0.9307,0.4653,0.0001,0,0,0,0.0001,0.0001,0,0,0.0001,0.0001,0,0,0.0001,0,0.0001,0.0001,0.0002,0.0001,0.0001,0,0.252,0.2826,0.252,0.2826,
0.308,0.308,0.616,0.9239,0.616,0.9239,0.9239,0.616,1.8479,0,0.616,0.308,0.308,1.8479,0.616,0.308,0.308,0.9239,1.5399,1.2319,0,0,0,0.0001,0,0.0001,0.0001,0,0.0001,0,0,0,0,0.0001,0,0,0,0.0001,0.0001,0.0001,0.364,0.328,0.364,0.328,
0.6858,0,1.3717,0.6858,0,0.6858,0,0.6858,0.6858,0,0,0,0.6858,0,1.3717,0.6858,0,1.3717,0,0.6858,0.0001,0,0.0002,0.0001,0,0.0001,0,0.0001,0.0001,0,0,0,0.0001,0,0.0002,0.0001,0,0.0002,0,0.0001,0.1268,0.1874,0.1268,0.1874,
0,0,0.6704,2.0112,0,0,0,0,0,0,0,0,0,1.3408,4.6928,0,0,0,0.6704,0,0,0,0.0002,0.0005,0,0,0,0,0,0,0,0,0,0.0004,0.0012,0,0,0,0.0002,0,0.1575,0.1721,0.1575,0.1721,
1.745,0,0,0,0.698,1.047,0.698,0,2.094,0.698,0.698,0.349,0.349,0.698,3.839,1.047,0.698,0.698,0,0,0.0002,0,0,0,0.0001,0.0001,0.0001,0,0.0002,0.0001,0.0001,0,0,0.0001,0.0003,0.0001,0.0001,0.0001,0,0,0.3451,0.3059,0.3451,0.3059,
0.3448,1.3793,0,1.3793,0.3448,0.6897,1.0345,0,2.7586,1.0345,0.3448,1.0345,0,0.3448,1.3793,1.3793,2.069,1.0345,0,0.3448,0,0.0001,0,0.0001,0,0,0.0001,0,0.0002,0.0001,0,0.0001,0,0,0.0001,0.0001,0.0001,0.0001,0,0,0.3135,0.3417,0.3135,0.3417,
0.8326,0.4163,0,1.2488,0.4163,0.8326,0.8326,0.8326,1.2488,0,0.8326,0.4163,0.4163,0.8326,0.8326,0.8326,0,0.4163,0.8326,0.8326,0.0001,0,0,0.0001,0,0.0001,0.0001,0.0001,0.0001,0,0.0001,0,0,0.0001,0.0001,0.0001,0,0,0.0001,0.0001,0.2903,0.2934,0.2903,0.2934,
0,1.1248,0.7499,0,0,0.7499,0.7499,1.1248,2.2496,0,0.7499,0.3749,0.7499,0.7499,2.2496,0.3749,0,1.8747,0,0,0,0.0001,0,0,0,0,0,0.0001,0.0001,0,0,0,0,0,0.0001,0,0,0.0001,0,0,0.3214,0.3037,0.3214,0.3037,
0,0.6455,0.6455,0,1.291,0.6455,0,0.6455,0.6455,0.6455,0.6455,0,0,0.6455,0.6455,1.291,0.6455,1.291,0.6455,0.6455,0,0,0,0,0.0001,0,0,0,0,0,0,0,0,0,0,0.0001,0,0.0001,0,0,0.177,0.1775,0.177,0.1775,
0,0.4151,1.2452,2.0754,0.8302,0.4151,0.4151,0.8302,0.4151,0.4151,0.8302,1.6603,1.6603,0.8302,0,0.4151,0,0.8302,0.8302,1.2452,0,0,0.0001,0.0001,0,0,0,0,0,0,0,0.0001,0.0001,0,0,0,0,0,0,0.0001,0.2954,0.2895,0.2954,0.2895,
0,0,0,1.1658,0,0.5829,0.5829,0.5829,1.1658,0,1.7487,0.5829,1.1658,0.5829,0.5829,0.5829,1.1658,0.5829,0,0.5829,0,0,0,0.0001,0,0.0001,0.0001,0.0001,0.0001,0,0.0002,0.0001,0.0001,0.0001,0.0001,0.0001,0.0001,0.0001,0,0.0001,0.2691,0.148,0.2691,0.148,
0,0,1.9164,0.6388,0,0,0,0,0.6388,0.6388,0,0.6388,0,0,0.6388,1.2776,1.2776,0,0.6388,0.6388,0,0,0.0002,0.0001,0,0,0,0,0.0001,0.0001,0,0.0001,0,0,0.0001,0.0002,0.0002,0,0.0001,0.0001,0.1796,0.1816,0.1796,0.1816,
0.5259,1.0519,0.5259,1.5778,0,2.1037,0.5259,0.5259,0,2.1037,0.5259,1.0519,1.0519,0.5259,0.5259,0,0,1.0519,0,0.5259,0,0.0001,0,0.0001,0,0.0001,0,0,0,0.0001,0,0.0001,0.0001,0,0,0,0,0.0001,0,0,0.2326,0.2414,0.2326,0.2414,
0,0.8814,1.3221,0.4407,0,0.4407,0.8814,1.3221,0.4407,1.3221,0.4407,1.7628,0.4407,0.4407,0.4407,1.3221,1.3221,1.3221,0.8814,0.4407,0,0,0.0001,0,0,0,0,0.0001,0,0.0001,0,0.0001,0,0,0,0.0001,0.0001,0.0001,0,0,0.2972,0.2621,0.2972,0.2621,
0,1.2325,0.6162,0.6162,0.6162,0,0.6162,0.6162,0.6162,0,0.6162,0,0,0.6162,1.2325,0,0,1.2325,0.6162,0,0,0.0001,0,0,0,0,0,0,0,0,0,0,0,0,0.0001,0,0,0.0001,0,0,0.2024,0.1813,0.2024,0.1813,
0,1.9245,0,0,0.4811,0.9623,0,0.9623,1.4434,0,0,0.9623,0,0.4811,1.4434,1.9245,0.4811,1.4434,0,0.4811,0,0.0001,0,0,0,0.0001,0,0.0001,0.0001,0,0,0.0001,0,0,0.0001,0.0001,0,0.0001,0,0,0.2734,0.2455,0.2734,0.2455,
0.3714,1.1142,0.3714,0,0,0.7428,0.3714,2.2283,2.5997,0,0.3714,0.3714,0,0.7428,2.2283,0.3714,0.3714,1.4856,0,0,0,0.0001,0,0,0,0,0,0.0001,0.0002,0,0,0,0,0,0.0001,0,0,0.0001,0,0,0.2941,0.3345,0.2941,0.3345,
0,1.8184,0,0.6061,0,1.2123,0,2.4245,0.6061,1.8184,1.2123,0,0,2.4245,0,0,1.2123,2.4245,1.8184,0,0,0.0001,0,0,0,0.0001,0,0.0001,0,0.0001,0.0001,0,0,0.0001,0,0,0.0001,0.0001,0.0001,0,0.2085,0.1853,0.2085,0.1853,
0.9813,0.4906,0.9813,0.4906,0.9813,1.4719,0,2.9438,0,0.4906,1.4719,0.4906,0.9813,0,0.4906,1.9625,4.4157,1.9625,0,1.4719,0,0,0,0,0,0.0001,0,0.0001,0,0,0.0001,0,0,0,0,0.0001,0.0002,0.0001,0,0.0001,0.2925,0.2169,0.2925,0.2169,
1.0545,0.5273,0,0,3.1636,9.4907,0,1.5818,0,2.6363,0.5273,0,0,0,0,1.0545,0.5273,2.109,0,3.1636,0,0,0,0,0.0001,0.0004,0,0.0001,0,0.0001,0,0,0,0,0,0,0,0.0001,0,0.0001,0.2574,0.2153,0.2574,0.2153,
1.1055,0.5528,0,1.6583,0,1.1055,0,1.1055,1.6583,0.5528,0.5528,1.1055,1.1055,0,0,0.5528,1.1055,1.1055,0.5528,0.5528,0.0001,0,0,0.0001,0,0.0001,0,0.0001,0.0001,0,0,0.0001,0.0001,0,0,0,0.0001,0.0001,0,0,0.2228,0.2245,0.2228,0.2245,
0.3978,0,0,0.3978,0.7956,1.1934,0.3978,0.3978,3.5801,0.7956,1.1934,0.3978,0.3978,1.5912,3.5801,0.7956,1.1934,0,0,0.3978,0,0,0,0,0.0001,0.0001,0,0,0.0003,0.0001,0.0001,0,0,0.0002,0.0003,0.0001,0.0001,0,0,0,0.2773,0.3249,0.2773,0.3249,
1.3166,0,0.8777,0.4389,2.6331,0.8777,0,1.3166,0.4389,3.5108,0.4389,0.4389,1.3166,0,0.8777,1.3166,1.7554,0.8777,0.4389,0.4389,0.0001,0,0,0,0.0001,0,0,0.0001,0,0.0002,0,0,0.0001,0,0,0.0001,0.0001,0,0,0,0.2755,0.2856,0.2755,0.2856,
1.4599,1.4599,0.4866,0.4866,0,0.9732,0,0.4866,0.4866,0.4866,1.4599,0.9732,0.9732,1.9465,0.9732,0.9732,0.9732,1.4599,0.9732,0.9732,0.0001,0.0001,0,0,0,0,0,0,0,0,0.0001,0,0,0.0001,0,0,0,0.0001,0,0,0.2551,0.2582,0.2551,0.2582,
0,0,1.0775,0,1.0775,3.7713,0,0,1.0775,0.5388,0,0,0.5388,1.0775,0.5388,0.5388,0.5388,0.5388,0,0.5388,0,0,0.0001,0,0.0001,0.0003,0,0,0.0001,0,0,0,0,0.0001,0,0,0,0,0,0,0.2409,0.2203,0.2409,0.2203,
1.1539,0.7693,1.1539,0.7693,1.9232,0,1.5386,0,1.1539,0.7693,0.3846,0.7693,0,0.7693,1.1539,0.7693,0.7693,0.7693,1.1539,1.1539,0.0001,0,0.0001,0,0.0001,0,0.0001,0,0.0001,0,0,0,0,0,0.0001,0,0,0,0.0001,0.0001,0.3031,0.3123,0.3031,0.3123,
0,0.3748,1.1244,0.3748,0.7496,0.7496,1.4992,0.3748,1.4992,1.4992,0,0.3748,0,0,1.4992,0.7496,2.2488,0.7496,0.3748,0,0,0,0.0001,0,0.0001,0.0001,0.0001,0,0.0001,0.0001,0,0,0,0,0.0001,0.0001,0.0002,0.0001,0,0,0.2842,0.341,0.2842,0.341,
2.2757,0,0.3793,0,1.5172,2.2757,0.3793,1.5172,1.1379,1.1379,0.3793,0,0,0.3793,1.5172,1.8964,0.3793,1.8964,0.3793,0.3793,0.0001,0,0,0,0.0001,0.0001,0,0.0001,0.0001,0.0001,0,0,0,0,0.0001,0.0001,0,0.0001,0,0,0.3124,0.3083,0.3124,0.3083,
0.4638,0.4638,0.9276,0.9276,0.9276,0,0.9276,0.9276,0.9276,0.9276,0.9276,0.4638,0.9276,0,0.4638,0.9276,0.9276,0.9276,1.8552,1.8552,0,0,0.0001,0.0001,0.0001,0,0.0001,0.0001,0.0001,0.0001,0.0001,0,0.0001,0,0,0.0001,0.0001,0.0001,0.0001,0.0001,0.2428,0.2934,0.2428,0.2934,
1.5219,0.3805,0.761,0.761,1.5219,1.1414,0.761,0.3805,0.3805,0.761,0.761,0.3805,1.5219,0.761,0.761,0.761,1.1414,0.761,0.761,1.1414,0.0001,0,0,0,0.0001,0.0001,0,0,0,0,0,0,0.0001,0,0,0,0.0001,0,0,0.0001,0.2885,0.331,0.2885,0.331,
0.5612,0,0.5612,0,0.5612,1.6837,0.5612,1.1225,0,2.245,1.6837,0,0,0,0.5612,1.1225,1.6837,2.245,1.1225,0.5612,0,0,0,0,0,0.0001,0,0.0001,0,0.0001,0.0001,0,0,0,0,0.0001,0.0001,0.0001,0.0001,0,0.2431,0.1956,0.2431,0.1956,
0.7748,2.3244,0.7748,1.5496,0.3874,1.5496,0,0.7748,1.1622,0.3874,0,2.3244,0.7748,0,0.7748,1.5496,0.7748,0.3874,0,1.1622,0,0.0001,0,0.0001,0,0.0001,0,0,0,0,0,0.0001,0,0,0,0.0001,0,0,0,0,0.3467,0.2659,0.3467,0.2659,
1.7424,0.4356,1.7424,0.8712,0.4356,0.8712,0.4356,0,0.8712,0.8712,1.3068,0.8712,0.4356,2.178,0.4356,1.7424,0.8712,0,0.8712,0.4356,0.0001,0,0.0001,0.0001,0,0.0001,0,0,0.0001,0.0001,0.0001,0.0001,0,0.0001,0,0.0001,0.0001,0,0.0001,0,0.2533,0.3111,0.2533,0.3111,
0.9966,0,0.4983,0.4983,0.4983,1.9931,0,0.9966,0.4983,3.9862,0.4983,0.4983,0.9966,0.4983,1.4948,0.4983,0.9966,1.9931,0,0.9966,0.0001,0,0,0,0,0.0001,0,0.0001,0,0.0002,0,0,0.0001,0,0.0001,0,0.0001,0.0001,0,0.0001,0.2205,0.2812,0.2205,0.2812,
2.5995,0,0.5199,0,1.5597,1.0398,0.5199,1.5597,1.5597,2.5995,0.5199,1.5597,0.5199,0.5199,0,1.0398,1.0398,2.5995,0,1.0398,0.0002,0,0,0,0.0001,0.0001,0,0.0001,0.0001,0.0002,0,0.0001,0,0,0,0.0001,0.0001,0.0002,0,0.0001,0.2587,0.2214,0.2587,0.2214,
0,3.7469,0.6245,0.6245,0,1.249,0,1.249,0.6245,0,0,1.249,1.249,1.249,0,2.4979,1.249,2.4979,0.6245,0.6245,0,0.0001,0,0,0,0,0,0,0,0,0,0,0,0,0,0.0001,0,0.0001,0,0,0.1682,0.2073,0.1682,0.2073,
1.4821,0.494,0.494,0.494,0.494,0,1.4821,0.988,1.4821,0.494,0.988,0.988,0.494,0.494,0.494,0.988,1.9761,0.988,0.494,0.494,0.0001,0,0,0,0,0,0.0001,0.0001,0.0001,0,0.0001,0.0001,0,0,0,0.0001,0.0002,0.0001,0,0,0.242,0.264,0.242,0.264,
0.8153,0.8153,0.4077,0.8153,0,1.223,0.4077,2.0383,0.8153,0.8153,0.8153,0.8153,0.8153,1.6307,0.8153,1.223,0.8153,0.8153,1.223,1.223,0,0,0,0,0,0.0001,0,0.0001,0,0,0,0,0,0.0001,0,0.0001,0,0,0.0001,0.0001,0.3206,0.2718,0.3206,0.2718,
0.4241,0.8483,0.8483,0.4241,0,0.8483,0.4241,0.4241,1.6965,0.4241,0,0.8483,0.4241,1.2724,0.8483,1.2724,1.6965,1.6965,0.8483,0.8483,0,0.0001,0.0001,0,0,0.0001,0,0,0.0001,0,0,0.0001,0,0.0001,0.0001,0.0001,0.0001,0.0001,0.0001,0.0001,0.3088,0.2671,0.3088,0.2671,
0.6273,2.509,0,0,0,0,0,0,0,0.3136,0.3136,0,0,0,8.468,1.5682,0,0,0,0.9409,0,0.0001,0,0,0,0,0,0,0,0,0,0,0,0,0.0005,0.0001,0,0,0,0.0001,0.3515,0.3348,0.3515,0.3348,
0,0,0.7194,0.7194,0,0.7194,0,1.4387,0,2.1581,0.7194,0.7194,1.4387,0.7194,0,0,0.7194,0.7194,1.4387,0,0,0,0.0001,0.0001,0,0.0001,0,0.0001,0,0.0002,0.0001,0.0001,0.0001,0.0001,0,0,0.0001,0.0001,0.0001,0,0.1478,0.1328,0.1478,0.1328,
0,1.0307,0.5154,0.5154,1.0307,0,0.5154,0,2.0615,2.5768,0.5154,1.5461,0,0,0,2.5768,0.5154,1.0307,0,0.5154,0,0.0001,0,0,0.0001,0,0,0,0.0001,0.0001,0,0.0001,0,0,0,0.0001,0,0.0001,0,0,0.2235,0.2611,0.2235,0.2611,
2.0224,0,0,0.3371,0.6741,1.3483,0.3371,0.3371,1.0112,0.6741,0.6741,0.6741,0.3371,0.3371,4.719,0.6741,1.0112,0.6741,0,0,0.0002,0,0,0,0.0001,0.0001,0,0,0.0001,0.0001,0.0001,0.0001,0,0,0.0004,0.0001,0.0001,0.0001,0,0,0.3816,0.2813,0.3816,0.2813,
1.3377,0.6688,1.6721,1.6721,0.6688,1.3377,0.6688,0.3344,0.3344,1.6721,0,0.3344,2.341,0.3344,1.0033,0,0,0.6688,0,1.3377,0.0001,0,0.0001,0.0001,0,0.0001,0,0,0,0.0001,0,0,0.0001,0,0.0001,0,0,0,0,0.0001,0.3038,0.3618,0.3038,0.3618,
1.1483,0.5742,0.5742,0.5742,0.5742,0.5742,0,0.5742,0.5742,2.2966,0.5742,0,1.1483,0,1.7225,1.7225,0.5742,0.5742,0,0,0.0001,0,0,0,0,0,0,0,0,0.0002,0,0,0.0001,0,0.0001,0.0001,0,0,0,0,0.2295,0.1963,0.2295,0.1963,
0,0.7571,0,0.7571,2.2712,0.7571,0,0,0,0,0.7571,0,1.5141,1.5141,0,0.7571,0,0,0,0,0,0.0001,0,0.0001,0.0002,0.0001,0,0,0,0,0.0001,0,0.0001,0.0001,0,0.0001,0,0,0,0,0.1267,0.1163,0.1267,0.1163,
0.5598,0.5598,0.5598,0.5598,1.1196,2.2391,0.5598,0.5598,0,1.6793,2.2391,1.1196,0.5598,2.2391,0,1.6793,0.5598,1.1196,0,0,0,0,0,0,0.0001,0.0001,0,0,0,0.0001,0.0001,0.0001,0,0.0001,0,0.0001,0,0.0001,0,0,0.2218,0.2184,0.2218,0.2184,
0.5278,0,0.5278,0,1.0556,3.6947,0,3.1669,0,3.1669,1.0556,0,0.5278,0,0.5278,2.6391,2.1113,0.5278,0.5278,1.0556,0,0,0,0,0.0001,0.0002,0,0.0002,0,0.0002,0.0001,0,0,0,0,0.0001,0.0001,0,0,0.0001,0.2199,0.2523,0.2199,0.2523,
0.7623,0,2.287,1.1435,1.1435,1.5247,0.3812,1.1435,0.3812,0,2.287,1.1435,0.3812,0.3812,0,0.7623,0.3812,1.9058,1.1435,0.3812,0,0,0.0001,0.0001,0.0001,0.0001,0,0.0001,0,0,0.0001,0.0001,0,0,0,0,0,0.0001,0.0001,0,0.306,0.3128,0.306,0.3128,
0.8065,0.8065,1.2097,0,0.8065,1.6129,0.4032,0.4032,0,0,1.2097,1.2097,1.2097,0.4032,1.2097,0,1.6129,0,1.2097,1.2097,0,0,0.0001,0,0,0.0001,0,0,0,0,0.0001,0.0001,0.0001,0,0.0001,0,0.0001,0,0.0001,0.0001,0.3427,0.2541,0.3427,0.2541,
0.5369,0,0.5369,0.5369,0.5369,2.1477,0,1.6108,0,4.2954,0.5369,0.5369,1.0738,0.5369,1.0738,1.0738,1.6108,2.1477,0,1.0738,0,0,0,0,0,0.0001,0,0.0001,0,0.0003,0,0,0.0001,0,0.0001,0.0001,0.0001,0.0001,0,0.0001,0.234,0.2291,0.234,0.2291,
0.8541,0.4271,0.8541,2.1353,0.8541,1.2812,0,1.7082,0,0.4271,0.8541,1.2812,0.8541,0.8541,0.8541,0.8541,0.8541,0.4271,0,0.4271,0.0001,0,0.0001,0.0001,0.0001,0.0001,0,0.0001,0,0,0.0001,0.0001,0.0001,0.0001,0.0001,0.0001,0.0001,0,0,0,0.2627,0.3103,0.2627,0.3103,
1.7283,0.4321,0.4321,0.4321,1.2962,2.5925,0,0.4321,1.7283,1.2962,0,0.4321,1.2962,0,0.8642,1.7283,2.1604,3.4567,0,0.4321,0.0001,0,0,0,0.0001,0.0001,0,0,0.0001,0.0001,0,0,0.0001,0,0,0.0001,0.0001,0.0002,0,0,0.2766,0.2913,0.2766,0.2913,
0.4196,1.2587,0.8391,0.8391,0.4196,2.0979,0,0.4196,1.2587,1.2587,0.8391,0.8391,2.0979,1.2587,0.4196,1.2587,0.4196,0.4196,1.2587,0.8391,0,0.0001,0,0,0,0.0001,0,0,0.0001,0.0001,0,0,0.0001,0.0001,0,0.0001,0,0,0.0001,0,0.3266,0.2538,0.3266,0.2538,
0.3642,0.7283,0.7283,0.3642,0,1.0925,0,0.3642,0.7283,1.8208,1.0925,0.3642,0.7283,1.8208,2.5491,0.7283,0.7283,0,1.0925,0.3642,0,0,0,0,0,0.0001,0,0,0,0.0001,0.0001,0,0,0.0001,0.0001,0,0,0,0.0001,0,0.344,0.2919,0.344,0.2919,
1.9875,0,0,0,0.6625,0.6625,0.6625,0.6625,0.6625,0,0,0.6625,0,0,0.6625,2.65,0.6625,0.6625,0,0,0.0002,0,0,0,0.0001,0.0001,0.0001,0.0001,0.0001,0,0,0.0001,0,0,0.0001,0.0003,0.0001,0.0001,0,0,0.1701,0.1674,0.1701,0.1674,
1.5124,0,0.5041,1.0083,0.5041,2.5207,0,1.5124,0.5041,4.5372,1.0083,0.5041,1.0083,0.5041,0.5041,0,0.5041,1.5124,0,1.0083,0.0001,0,0,0.0001,0,0.0002,0,0.0001,0,0.0003,0.0001,0,0.0001,0,0,0,0,0.0001,0,0.0001,0.2403,0.2555,0.2403,0.2555,
0.7674,1.151,1.151,0.7674,0.3837,1.151,0.7674,1.151,1.5347,1.151,0.3837,1.151,1.5347,1.151,0.3837,0.3837,0.3837,0,1.151,0.3837,0,0.0001,0.0001,0,0,0.0001,0,0.0001,0.0001,0.0001,0,0.0001,0.0001,0.0001,0,0,0,0,0.0001,0,0.2993,0.317,0.2993,0.317,
0.8144,0.4072,1.6289,0.8144,0,0,1.6289,0.4072,0.8144,1.2217,0.8144,0.4072,0.4072,0.4072,0.8144,0.4072,1.2217,0.8144,0.8144,0,0.0001,0,0.0001,0.0001,0,0,0.0001,0,0.0001,0.0001,0.0001,0,0,0,0.0001,0,0.0001,0.0001,0.0001,0,0.3267,0.2661,0.3267,0.2661,
1.2632,0,0.6316,0,0,0.6316,0,1.2632,1.2632,1.8949,0,0.6316,0,0,0,0,0,0.6316,0.6316,0,0.0001,0,0.0001,0,0,0.0001,0,0.0001,0.0001,0.0002,0,0.0001,0,0,0,0,0,0.0001,0.0001,0,0.1922,0.1762,0.1922,0.1762,
2.8659,0,0.5732,0,2.2927,1.7195,0,0.5732,0,2.2927,1.1463,1.1463,0,0,0.5732,2.2927,0.5732,1.7195,1.1463,0,0.0002,0,0,0,0.0001,0.0001,0,0,0,0.0001,0.0001,0.0001,0,0,0,0.0001,0,0.0001,0.0001,0,0.2521,0.1747,0.2521,0.1747,
0,1.3549,0,0.4516,1.3549,1.3549,0.4516,1.8065,1.3549,0.9033,0,0,0,1.3549,0.9033,0.4516,0,0.4516,0.9033,1.3549,0,0.0001,0,0,0.0001,0.0001,0,0.0001,0.0001,0,0,0,0,0.0001,0,0,0,0,0,0.0001,0.2775,0.2709,0.2775,0.2709,
0,2.5317,1.0127,1.519,1.0127,0,1.0127,0.5063,0.5063,1.519,1.0127,0.5063,0,1.519,0,0,0,1.0127,1.0127,0,0,0.0001,0,0.0001,0,0,0,0,0,0.0001,0,0,0,0.0001,0,0,0,0,0,0,0.2655,0.2281,0.2655,0.2281,
0.4883,1.4648,1.4648,0,0.9765,0.4883,0.9765,0.9765,0,0.9765,0.9765,0.9765,0.4883,0.4883,0.4883,0,0.4883,1.953,0.4883,1.953,0,0.0001,0.0001,0,0,0,0,0,0,0,0,0,0,0,0,0,0,0.0001,0,0.0001,0.2474,0.2643,0.2474,0.2643,
0,0,0.6561,1.3123,0,1.9684,0,0,0,2.6245,0.6561,1.3123,0,0,0.6561,1.9684,1.3123,0.6561,0,0,0,0,0.0001,0.0001,0,0.0002,0,0,0,0.0002,0.0001,0.0001,0,0,0.0001,0.0002,0.0001,0.0001,0,0,0.1664,0.1775,0.1664,0.1775,
0,0,0,0,0.5863,1.1726,0,0.5863,0.5863,2.3453,1.1726,0,0,0.5863,1.759,1.1726,0,0.5863,0,0,0,0,0,0,0.0001,0.0001,0,0.0001,0.0001,0.0003,0.0001,0,0,0.0001,0.0002,0.0001,0,0.0001,0,0,0.2404,0.1733,0.2404,0.1733,
0.3784,0.3784,0,0.3784,1.5138,0,0,1.8922,4.1629,2.6491,0.7569,1.1353,0.3784,0,0,1.5138,0.7569,0.3784,0,1.1353,0,0,0,0,0.0001,0,0,0.0001,0.0003,0.0002,0,0.0001,0,0,0,0.0001,0,0,0,0.0001,0.3457,0.2759,0.3457,0.2759,
0.7693,1.1539,0.3846,1.5385,0.7693,0,0.7693,0.7693,1.5385,1.1539,0.7693,0.7693,0.7693,0.7693,0,1.9232,0.7693,0.3846,0.7693,0.7693,0,0.0001,0,0.0001,0,0,0,0,0.0001,0.0001,0,0,0,0,0,0.0001,0,0,0,0,0.3159,0.2995,0.3159,0.2995,
0,0,0,0,0,0,0,0.7863,0,0.7863,0,0,3.1452,1.5726,0.7863,0,0,0,0.7863,0,0,0,0,0,0,0,0,0.0001,0,0.0001,0,0,0.0005,0.0003,0.0001,0,0,0,0.0001,0,0.1077,0.106,0.1077,0.106,
1.7141,0.3428,1.0285,1.3713,1.0285,1.0285,1.0285,1.0285,1.0285,0,1.0285,0.6856,0,0,0.6856,0.6856,1.0285,1.0285,1.0285,0.6856,0.0001,0,0.0001,0.0001,0.0001,0.0001,0.0001,0.0001,0.0001,0,0.0001,0,0,0,0,0,0.0001,0.0001,0.0001,0,0.3426,0.3146,0.3426,0.3146,
1.0498,1.3997,0.3499,1.3997,0.6998,1.7496,0.6998,0.6998,1.7496,0.6998,0.6998,0.3499,0.6998,0.3499,1.3997,0.6998,0.6998,0.6998,0,1.0498,0.0001,0.0001,0,0.0001,0,0.0001,0,0,0.0001,0,0,0,0,0,0.0001,0,0,0,0,0.0001,0.3103,0.3397,0.3103,0.3397,
1.9268,0,0.6423,0,0.6423,1.2845,0.6423,1.9268,0.6423,3.8536,0.6423,0,0,0,0,1.2845,2.569,2.569,0,0,0.0001,0,0,0,0,0.0001,0,0.0001,0,0.0003,0,0,0,0,0,0.0001,0.0002,0.0002,0,0,0.213,0.1447,0.213,0.1447,
0,0,0,0.7974,0,1.5948,0,1.5948,0,0.7974,0,0.7974,0.7974,0,0.7974,0.7974,1.5948,0,0,0,0,0,0,0.0001,0,0.0002,0,0.0002,0,0.0001,0,0.0001,0.0001,0,0.0001,0.0001,0.0002,0,0,0,0.1309,0.0717,0.1309,0.0717,
0.9541,1.4311,1.4311,1.4311,0,0.477,0,1.4311,0,0.477,0.477,0.9541,0.477,0.9541,1.4311,0,0.9541,0,0.477,0.477,0.0001,0.0001,0.0001,0.0001,0,0,0,0.0001,0,0,0,0.0001,0,0.0001,0.0001,0,0.0001,0,0,0,0.2494,0.2735,0.2494,0.2735,
0,0,1.0477,0.6985,0.3492,1.0477,1.3969,0,1.3969,0,0.6985,0.6985,1.3969,0.3492,1.0477,2.0954,0,0.3492,1.3969,0.3492,0,0,0.0001,0.0001,0,0.0001,0.0001,0,0.0001,0,0.0001,0.0001,0.0001,0,0.0001,0.0002,0,0,0.0001,0,0.2754,0.3754,0.2754,0.3754,
0.4902,0.4902,0,1.4706,0.9804,0.4902,0.9804,0.4902,0.9804,1.9608,0.9804,0,0.9804,0.9804,0,0.9804,0.4902,1.4706,0.4902,1.4706,0,0,0,0.0001,0.0001,0,0.0001,0,0.0001,0.0002,0.0001,0,0.0001,0.0001,0,0.0001,0,0.0001,0,0.0001,0.2397,0.2701,0.2397,0.2701,
1.671,0,0.557,0.557,0.557,1.114,0.557,1.671,0.557,0.557,2.2279,2.2279,0,0.557,0.557,0.557,1.114,0.557,0,0,0.0001,0,0,0,0,0.0001,0,0.0001,0,0,0.0002,0.0002,0,0,0,0,0.0001,0,0,0,0.2273,0.2157,0.2273,0.2157,
1.434,0.956,0.478,0.478,0,1.912,0.478,1.912,0,0.956,0.478,0.478,0.956,1.434,0.956,1.912,0.478,1.912,0.478,0.478,0.0001,0,0,0,0,0.0001,0,0.0001,0,0,0,0,0,0.0001,0,0.0001,0,0.0001,0,0,0.2793,0.2427,0.2793,0.2427,
0.7314,1.0971,0,0.3657,0,0.7314,0.3657,0.7314,1.8286,0,0.3657,0.3657,0,0.7314,2.9257,0.3657,0.7314,2.1943,0,0,0.0001,0.0001,0,0,0,0.0001,0,0.0001,0.0001,0,0,0,0,0.0001,0.0002,0,0.0001,0.0002,0,0,0.3279,0.3064,0.3279,0.3064,
0,0.9872,1.4808,0.4936,0,0.4936,0.9872,0,0.9872,0.4936,0.9872,0.4936,0.4936,0.9872,0.4936,0.4936,0.4936,0.4936,1.4808,0,0,0.0001,0.0001,0,0,0,0.0001,0,0.0001,0,0.0001,0,0,0.0001,0,0,0,0,0.0001,0,0.2143,0.2921,0.2143,0.2921,
0,0.7474,0,0,0,2.2423,0.7474,0,0.7474,0,0,0,1.4949,0.7474,0,0.7474,0,0.7474,0.7474,0,0,0.0001,0,0,0,0.0002,0.0001,0,0.0001,0,0,0,0.0002,0.0001,0,0.0001,0,0.0001,0.0001,0,0.1294,0.1231,0.1294,0.1231,
0.4384,0.8768,1.3152,0,0.8768,0,0.4384,0.8768,1.7536,0.8768,0.4384,0.8768,0.8768,0.4384,1.3152,0.4384,0.8768,0.4384,0,0.4384,0,0.0001,0.0001,0,0.0001,0,0,0.0001,0.0001,0.0001,0,0.0001,0.0001,0,0.0001,0,0.0001,0,0,0,0.2647,0.2969,0.2647,0.2969,
1.5717,1.1788,0.7859,0.3929,0.7859,1.1788,1.5717,0.3929,0.3929,0,1.5717,1.1788,0.3929,1.1788,0.7859,0.7859,0.7859,0.7859,0.7859,1.5717,0.0001,0.0001,0,0,0,0.0001,0.0001,0,0,0,0.0001,0.0001,0,0.0001,0,0,0,0,0,0.0001,0.2987,0.3083,0.2987,0.3083,
0,0,0.6552,0,0.6552,0,1.3103,0,0,0,0,0.6552,0,1.3103,0.6552,0,1.3103,0.6552,0.6552,0.6552,0,0,0.0001,0,0.0001,0,0.0002,0,0,0,0,0.0001,0,0.0002,0.0001,0,0.0002,0.0001,0.0001,0.0001,0.1752,0.1696,0.1752,0.1696,
0.9974,0,0.9974,0.4987,2.9923,0.9974,0,1.4961,0.9974,1.9949,0.4987,0.4987,0.9974,0,0.9974,1.4961,0.9974,1.9949,0,0.4987,0.0001,0,0.0001,0,0.0002,0.0001,0,0.0001,0.0001,0.0001,0,0,0.0001,0,0.0001,0.0001,0.0001,0.0001,0,0,0.2574,0.2438,0.2574,0.2438,
0.3257,0.3257,1.6285,0.3257,0,0.6514,0.9771,0.6514,1.3028,0.3257,0.6514,1.3028,0.6514,0.9771,0.9771,0,1.3028,0,1.3028,0.6514,0,0,0.0001,0,0,0,0.0001,0,0.0001,0,0,0.0001,0,0.0001,0.0001,0,0.0001,0,0.0001,0,0.3775,0.2968,0.3775,0.2968,
0.4486,0,1.3458,0,0.4486,0,0,0,2.243,0.8972,1.3458,0,0,1.3458,0.8972,0.8972,1.3458,1.3458,0,1.3458,0,0,0.0001,0,0,0,0,0,0.0002,0.0001,0.0001,0,0,0.0001,0.0001,0.0001,0.0001,0.0001,0,0.0001,0.2655,0.2859,0.2655,0.2859,
1.1701,0,0,1.9501,0.78,1.1701,0.39,0,1.5601,0,0.39,0.78,1.5601,0,1.1701,1.1701,0,1.9501,0.39,0.78,0.0001,0,0,0.0002,0.0001,0.0001,0,0,0.0001,0,0,0.0001,0.0001,0,0.0001,0.0001,0,0.0002,0,0.0001,0.3243,0.2857,0.3243,0.2857,
1.8045,0.9023,0.9023,0.4511,0.4511,0.4511,1.3534,0.9023,0,0.4511,0.9023,1.3534,0.9023,0.9023,0.4511,0.9023,0,0.9023,1.3534,0.4511,0.0001,0,0,0,0,0,0.0001,0,0,0,0,0.0001,0,0,0,0,0,0,0.0001,0,0.2966,0.2523,0.2966,0.2523,
1.0484,1.0484,1.0484,0.699,0.699,1.7474,0.3495,1.0484,2.0969,0.3495,0.3495,1.0484,1.0484,0.699,0.699,0,1.0484,1.0484,1.0484,0.3495,0.0001,0.0001,0.0001,0,0,0.0001,0,0.0001,0.0001,0,0,0.0001,0.0001,0,0,0,0.0001,0.0001,0.0001,0,0.3102,0.3403,0.3102,0.3403,
1.2391,0.6195,0,1.2391,0.6195,0.6195,0.6195,0.6195,0.6195,0.6195,0,0.6195,0,1.2391,0,1.2391,0,1.8586,0,1.2391,0.0001,0,0,0.0001,0,0,0,0,0,0,0,0,0,0.0001,0,0.0001,0,0.0001,0,0.0001,0.194,0.1865,0.194,0.1865,
2.7571,0.7877,1.1816,0,1.1816,0.3939,1.1816,0.7877,0,1.5755,0.3939,1.1816,1.1816,1.5755,0.7877,1.1816,1.1816,0.3939,0.3939,1.1816,0.0001,0,0.0001,0,0.0001,0,0.0001,0,0,0.0001,0,0.0001,0.0001,0.0001,0,0.0001,0.0001,0,0,0.0001,0.3143,0.2918,0.3143,0.2918,
1.2593,0.4198,0,0,0.4198,2.0988,0,0.8395,0.8395,2.5185,0.8395,1.679,1.679,0.4198,2.0988,2.9383,0.4198,0.8395,0,1.2593,0.0001,0,0,0,0,0.0001,0,0,0,0.0001,0,0.0001,0.0001,0,0.0001,0.0002,0,0,0,0.0001,0.3192,0.261,0.3192,0.261,
1.6349,0.8175,0.4087,1.6349,0.8175,0,1.2262,0.8175,0.8175,1.2262,0.8175,0.4087,1.2262,1.6349,1.6349,1.2262,0.4087,0.4087,0.4087,0.8175,0.0001,0,0,0.0001,0,0,0.0001,0,0,0.0001,0,0,0.0001,0.0001,0.0001,0.0001,0,0,0,0,0.3157,0.2755,0.3157,0.2755,
0.7468,0,1.4936,1.1202,0.3734,1.4936,0.3734,0.7468,2.6138,0.7468,0.7468,0.3734,0,1.1202,1.867,1.867,0.3734,0.3734,0,0.3734,0.0001,0,0.0001,0.0001,0,0.0001,0,0.0001,0.0002,0.0001,0.0001,0,0,0.0001,0.0001,0.0001,0,0,0,0,0.3381,0.2885,0.3381,0.2885,
0.876,0.438,0.876,0.876,0.438,0.876,0,0.876,0.438,3.5041,0.876,0.876,3.0661,1.314,0.876,1.752,0.876,1.752,0,0,0,0,0,0,0,0,0,0,0,0.0002,0,0,0.0001,0.0001,0,0.0001,0,0.0001,0,0,0.3098,0.2522,0.3098,0.2522,
0.4217,1.265,0.8433,0.4217,0.4217,0.4217,0.8433,0.8433,1.265,1.265,0.4217,0.8433,0.4217,1.265,0,0.4217,2.1083,1.6867,1.6867,1.6867,0,0.0001,0,0,0,0,0,0,0.0001,0.0001,0,0,0,0.0001,0,0,0.0001,0.0001,0.0001,0.0001,0.265,0.3133,0.265,0.3133,
1.7739,0,0,0,1.7739,0.5913,0.5913,2.3652,1.1826,2.9565,1.1826,1.1826,1.7739,0.5913,0,1.7739,1.1826,2.9565,0,0,0.0001,0,0,0,0.0001,0,0,0.0001,0.0001,0.0002,0.0001,0.0001,0.0001,0,0,0.0001,0.0001,0.0002,0,0,0.2203,0.1884,0.2203,0.1884,
0.3373,1.3492,0.3373,2.3611,0.3373,1.0119,0.3373,0.3373,1.3492,1.0119,0.3373,0,1.0119,0,1.6865,0.6746,0,1.6865,0,0.6746,0,0.0001,0,0.0001,0,0.0001,0,0,0.0001,0.0001,0,0,0.0001,0,0.0001,0,0,0.0001,0,0,0.3287,0.334,0.3287,0.334,
1.1886,0.3962,0.3962,0.7924,0.3962,0.7924,1.5848,0.7924,0.3962,0.7924,0.3962,0.7924,0.7924,0.3962,1.5848,0.3962,0.7924,0.7924,0,1.1886,0.0001,0,0,0.0001,0,0.0001,0.0001,0.0001,0,0.0001,0,0.0001,0.0001,0,0.0001,0,0.0001,0.0001,0,0.0001,0.2831,0.3207,0.2831,0.3207,
0.4939,0.4939,0.4939,0,1.4818,1.4818,0.9879,2.4697,0.4939,1.4818,0.9879,0.9879,0.4939,0.4939,0.9879,0,0.4939,0.9879,0.4939,0.9879,0,0,0,0,0.0001,0.0001,0.0001,0.0002,0,0.0001,0.0001,0.0001,0,0,0.0001,0,0,0.0001,0,0.0001,0.2689,0.2372,0.2689,0.2372,
0.7349,0.7349,0.3675,0.7349,1.8373,0.3675,0.3675,0.7349,0.7349,1.4699,0.7349,0.7349,0.7349,1.4699,1.1024,0,0,1.1024,1.1024,0.7349,0,0,0,0,0.0001,0,0,0,0,0.0001,0,0,0,0.0001,0.0001,0,0,0.0001,0.0001,0,0.3118,0.3207,0.3118,0.3207,
1.046,1.046,0,0.523,0.523,1.046,1.046,0.523,0.523,0,2.0921,1.5691,0.523,1.046,1.046,1.046,3.6611,2.0921,0,0.523,0.0001,0.0001,0,0,0,0.0001,0.0001,0,0,0,0.0001,0.0001,0,0.0001,0.0001,0.0001,0.0002,0.0001,0,0,0.2208,0.2562,0.2208,0.2562,
1.4084,0.939,0.939,0,0.4695,0.939,0.939,0,0.4695,0,0.939,0.939,0.939,1.8779,1.8779,0,0.939,0.4695,0,0.4695,0.0001,0.0001,0.0001,0,0,0.0001,0.0001,0,0,0,0.0001,0.0001,0.0001,0.0001,0.0001,0,0.0001,0,0,0,0.2856,0.2449,0.2856,0.2449,
0.9351,0.4676,0,1.4027,0.4676,0.4676,1.4027,0.4676,0.4676,0,0.4676,1.4027,0,1.8703,0,0.4676,0.9351,0.4676,0,2.3379,0.0001,0,0,0.0001,0,0,0.0001,0,0,0,0,0.0001,0,0.0001,0,0,0.0001,0,0,0.0002,0.2558,0.2766,0.2558,0.2766,
1.0421,0,0.5211,0.5211,0.5211,2.0843,0,0.5211,0,4.6896,1.0421,0.5211,0.5211,1.0421,1.0421,0.5211,2.0843,1.5632,0,1.0421,0.0001,0,0,0,0,0.0001,0,0,0,0.0003,0.0001,0,0,0.0001,0.0001,0,0.0001,0.0001,0,0.0001,0.2304,0.2486,0.2304,0.2486,
2.1436,0.4287,0.4287,0.8574,1.7149,1.2862,0.8574,0.8574,0.4287,0.8574,0.4287,0.4287,1.7149,2.1436,0,1.7149,1.2862,0.8574,0.4287,0.4287,0.0001,0,0,0,0.0001,0.0001,0,0,0,0,0,0,0.0001,0.0001,0,0.0001,0.0001,0,0,0,0.2731,0.2982,0.2731,0.2982,
0.7345,0.7345,1.4689,0.7345,1.4689,0.7345,0.7345,0,0.7345,0.7345,0,0.7345,0,0,0,0,0,1.4689,0,0,0.0001,0.0001,0.0001,0.0001,0.0001,0.0001,0.0001,0,0.0001,0.0001,0,0.0001,0,0,0,0,0,0.0001,0,0,0.1189,0.1467,0.1189,0.1467,
0,0,0.6623,1.3245,0,0,0,0,0,1.3245,0,0.6623,0,1.3245,0.6623,1.3245,0,0.6623,0,0,0,0,0.0001,0.0002,0,0,0,0,0,0.0002,0,0.0001,0,0.0002,0.0001,0.0002,0,0.0001,0,0,0.1592,0.1785,0.1592,0.1785,
1.3367,0.8911,0.8911,0,0,0,2.2278,1.7822,1.7822,0.8911,0,0.8911,0,0,0.4456,0,0.4456,0.4456,0.8911,0,0.0001,0.0001,0.0001,0,0,0,0.0001,0.0001,0.0001,0.0001,0,0.0001,0,0,0,0,0,0,0.0001,0,0.334,0.2204,0.334,0.2204,
0.4991,0.9982,0.4991,0.4991,0.9982,1.4972,0.4991,0,0.4991,1.4972,0.4991,1.4972,0.9982,0,0.4991,1.9963,0.9982,0.4991,0.4991,0.9982,0,0.0001,0,0,0.0001,0.0001,0,0,0,0.0001,0,0.0001,0.0001,0,0,0.0001,0.0001,0,0,0.0001,0.2295,0.2714,0.2295,0.2714,
1.232,1.232,0.4107,0.8214,2.8747,0.8214,0.8214,0.8214,0.4107,0.4107,0.8214,1.6427,1.232,0.4107,0.4107,0.4107,0.8214,0.8214,1.232,1.6427,0.0001,0.0001,0,0,0.0001,0,0,0,0,0,0,0.0001,0.0001,0,0,0,0,0,0.0001,0.0001,0.3287,0.2606,0.3287,0.2606,
0.4105,0.8209,0.4105,0.4105,1.2314,1.2314,1.2314,0.4105,0.8209,1.2314,0.8209,0.8209,0.4105,0.8209,0.4105,0,0.8209,0.4105,1.6418,0.8209,0,0,0,0,0.0001,0.0001,0.0001,0,0,0.0001,0,0,0,0,0,0,0,0,0.0001,0,0.3207,0.2689,0.3207,0.2689,
0.3642,1.0926,0.3642,0,0,1.0926,0.3642,1.0926,1.821,0,0.3642,0.7284,0,0.7284,2.5494,0.7284,0,2.1852,0,0,0,0.0001,0,0,0,0.0001,0,0.0001,0.0001,0,0,0,0,0,0.0002,0,0,0.0001,0,0,0.3254,0.3104,0.3254,0.3104,
0.5197,0,0.5197,0.5197,1.0395,0,1.5592,1.0395,1.0395,1.5592,1.0395,2.079,2.079,0.5197,0,1.0395,0,0.5197,0.5197,0.5197,0,0,0,0,0.0001,0,0.0001,0.0001,0.0001,0.0001,0.0001,0.0002,0.0002,0,0,0.0001,0,0,0,0,0.239,0.2412,0.239,0.2412,
1.2359,0,0,0,1.2359,1.2359,0,1.8539,1.2359,6.7976,0.618,0.618,0,0,0,1.2359,1.2359,1.2359,0,0.618,0.0001,0,0,0,0.0001,0.0001,0,0.0001,0.0001,0.0004,0,0,0,0,0,0.0001,0.0001,0.0001,0,0,0.2034,0.1787,0.2034,0.1787,
4.0524,1.3508,0.6754,0.6754,0,0,0,0.6754,0,2.0262,0,0.6754,0.6754,0.6754,0.6754,0.6754,0.6754,1.3508,0,0,0.0002,0.0001,0,0,0,0,0,0,0,0.0001,0,0,0,0,0,0,0,0.0001,0,0,0.1649,0.1597,0.1649,0.1597,
2.2665,1.1333,0,0.5666,1.6999,0.5666,0,0,1.6999,0.5666,0,1.1333,1.1333,0,1.1333,1.1333,1.1333,0,0.5666,0,0.0002,0.0001,0,0,0.0001,0,0,0,0.0001,0,0,0.0001,0.0001,0,0.0001,0.0001,0.0001,0,0,0,0.1889,0.2445,0.1889,0.2445,
1.452,0.484,0.484,0.484,0,1.936,0.968,0.484,0,0.484,1.936,2.4201,1.936,0.484,0.968,0,1.452,0.968,0.968,0,0.0001,0,0,0,0,0.0001,0.0001,0,0,0,0.0001,0.0001,0.0001,0,0.0001,0,0.0001,0.0001,0.0001,0,0.3117,0.2043,0.3117,0.2043,
1.2606,0,0,0,0,1.6808,0,0,2.9414,0,0.4202,0,2.101,0,1.6808,2.5212,0,0,0,0,0.0001,0,0,0,0,0.0002,0,0,0.0003,0,0,0,0.0002,0,0.0002,0.0002,0,0,0,0,0.2334,0.3464,0.2334,0.3464,
2.2638,0,0,0,1.1319,3.9617,0,1.1319,0,3.9617,0.566,0.566,0.566,0,0.566,2.8298,2.2638,2.2638,0.566,1.1319,0.0001,0,0,0,0.0001,0.0002,0,0.0001,0,0.0002,0,0,0,0,0,0.0001,0.0001,0.0001,0,0.0001,0.2042,0.2298,0.2042,0.2298,
1.1885,1.1885,0.5942,0.5942,1.1885,0.5942,0,2.377,0.5942,0.5942,1.1885,0,0.5942,2.9712,0,1.1885,0.5942,1.1885,0.5942,0,0.0001,0.0001,0,0,0.0001,0,0,0.0001,0,0,0.0001,0,0,0.0001,0,0.0001,0,0.0001,0,0,0.2181,0.1877,0.2181,0.1877,
1.8988,0.6329,1.2658,0.6329,0,0.6329,0,0,0.6329,1.2658,0,0.6329,0.6329,0,0.6329,1.2658,0.6329,1.8988,0,0,0.0001,0,0.0001,0,0,0,0,0,0,0.0001,0,0,0,0,0,0.0001,0,0.0001,0,0,0.2264,0.1407,0.2264,0.1407,
0.3989,0.3989,0.3989,1.5956,0.3989,1.1967,0.3989,0.7978,0.7978,1.1967,0.3989,0.3989,0.7978,0.7978,1.5956,1.1967,1.1967,0.7978,0,0,0,0,0,0.0001,0,0.0001,0,0.0001,0.0001,0.0001,0,0,0.0001,0.0001,0.0001,0.0001,0.0001,0.0001,0,0,0.2955,0.3056,0.2955,0.3056,
0.5135,0,0.5135,0.5135,0,0.5135,0.5135,2.0541,0,0.5135,0.5135,1.5405,0.5135,0.5135,1.5405,2.0541,1.027,1.5405,0,0,0,0,0,0,0,0,0,0.0002,0,0,0,0.0001,0,0,0.0001,0.0002,0.0001,0.0001,0,0,0.2317,0.2548,0.2317,0.2548,
1.155,0,0,0,0,2.8875,0,2.31,1.155,4.6199,0.5775,1.155,0.5775,1.155,0,0.5775,0.5775,2.31,0.5775,0,0.0001,0,0,0,0,0.0002,0,0.0001,0.0001,0.0003,0,0.0001,0,0.0001,0,0,0,0.0001,0,0,0.1939,0.2286,0.1939,0.2286,
2.3034,0,0,1.7275,0,1.7275,0,1.7275,1.7275,1.1517,0,0,2.3034,0,0,1.1517,1.7275,1.1517,0,0.5758,0.0002,0,0,0.0001,0,0.0001,0,0.0001,0.0001,0.0001,0,0,0.0002,0,0,0.0001,0.0001,0.0001,0,0,0.22,0.2041,0.22,0.2041,
0,0,0,0.8365,1.673,1.673,0.8365,0.4183,0.8365,0.4183,0.4183,2.0913,0.4183,0,1.673,0,0,0,1.2548,0,0,0,0,0.0001,0.0001,0.0001,0.0001,0,0.0001,0,0,0.0002,0,0,0.0001,0,0,0,0.0001,0,0.2604,0.3214,0.2604,0.3214,
0.8844,0.8844,0.8844,1.3265,1.7687,0.8844,0,0.4422,0.8844,0,0,1.7687,1.3265,1.3265,0.4422,0.8844,1.3265,0,0.4422,0.8844,0,0,0,0.0001,0.0001,0,0,0,0,0,0,0.0001,0.0001,0.0001,0,0,0.0001,0,0,0,0.286,0.2718,0.286,0.2718,
1.2971,0,0,0,0,0,0,0.4324,0,0,0.4324,0,0.8647,0,9.5119,0.8647,0.4324,1.2971,0,0,0.0002,0,0,0,0,0,0,0.0001,0,0,0.0001,0,0.0001,0,0.0012,0.0001,0.0001,0.0002,0,0,0.2188,0.3488,0.2188,0.3488,
1.2981,0.6491,0,0.6491,0.6491,1.9472,0,2.5962,0,0,0,1.9472,0,0,0.6491,2.5962,0.6491,1.9472,0,0.6491,0.0001,0,0,0,0,0.0001,0,0.0001,0,0,0,0.0001,0,0,0,0.0001,0,0.0001,0,0,0.1955,0.1554,0.1955,0.1554,
1.5159,0.758,1.1369,1.5159,1.8949,0.379,0.758,0.379,0.758,0.379,0.379,1.1369,1.1369,0.379,0.379,0.379,0.758,0.379,1.1369,0.758,0.0001,0,0.0001,0.0001,0.0001,0,0,0,0,0,0,0.0001,0.0001,0,0,0,0,0,0.0001,0,0.2943,0.3267,0.2943,0.3267,
1.1921,0,0,0.5961,0.5961,2.3842,0,0,1.1921,0.5961,0,0.5961,1.1921,0,1.1921,1.1921,0.5961,0,0,0,0.0001,0,0,0.0001,0.0001,0.0002,0,0,0.0001,0.0001,0,0.0001,0.0001,0,0.0001,0.0001,0.0001,0,0,0,0.1538,0.2502,0.1538,0.2502,
0.7662,0,0,0,0.7662,1.5325,0,0,0.7662,0,0,0.7662,2.2987,0,0,0,2.2987,0.7662,0,0.7662,0.0001,0,0,0,0.0001,0.0002,0,0,0.0001,0,0,0.0001,0.0003,0,0,0,0.0003,0.0001,0,0.0001,0.1315,0.1023,0.1315,0.1023,
1.3382,1.7843,0,1.3382,0,0.4461,0,0.4461,0,0.4461,0.8921,1.3382,0.4461,1.7843,1.3382,0.4461,1.7843,0.8921,0.4461,1.3382,0.0001,0.0001,0,0.0001,0,0,0,0,0,0,0,0.0001,0,0.0001,0.0001,0,0.0001,0,0,0.0001,0.2957,0.2582,0.2957,0.2582,
1.0154,0,1.0154,0.5077,2.0308,2.0308,0,2.0308,0,3.554,0.5077,0,0.5077,1.0154,1.0154,0,1.0154,1.5231,0,1.0154,0.0001,0,0.0001,0,0.0001,0.0001,0,0.0001,0,0.0002,0,0,0,0.0001,0.0001,0,0.0001,0.0001,0,0.0001,0.2611,0.2312,0.2611,0.2312,
1.4039,0,1.8718,0.468,0.468,0.9359,0.468,1.8718,1.4039,1.4039,1.4039,1.4039,1.4039,1.8718,0,0,1.4039,0.9359,0,0.468,0.0001,0,0.0001,0,0,0.0001,0,0.0001,0.0001,0.0001,0.0001,0.0001,0.0001,0.0001,0,0,0.0001,0.0001,0,0,0.2618,0.2703,0.2618,0.2703,
0,0.6806,0,0,0.6806,0.6806,0.6806,0.6806,1.3613,0,0,0.6806,0,0,0.6806,0,0.6806,0,0,0.6806,0,0.0001,0,0,0.0001,0.0001,0.0001,0.0001,0.0002,0,0,0.0001,0,0,0.0001,0,0.0001,0,0,0.0001,0.2125,0.1069,0.2125,0.1069,
1.4765,1.1074,0.3691,1.1074,0.7382,1.1074,0.7382,1.1074,1.8456,0,0,0.3691,1.1074,0.7382,1.4765,0.3691,1.4765,1.1074,0,0.3691,0.0001,0.0001,0,0.0001,0,0.0001,0,0.0001,0.0001,0,0,0,0.0001,0,0.0001,0,0.0001,0.0001,0,0,0.3016,0.3293,0.3016,0.3293,
1.1746,0.3915,0.783,0.783,0.783,2.3491,0,1.1746,1.5661,1.1746,0.783,1.1746,0,0.783,0.783,0.783,0.783,3.1321,0,0.3915,0.0001,0,0,0,0,0.0001,0,0.0001,0.0001,0.0001,0,0.0001,0,0,0,0,0,0.0002,0,0,0.3229,0.2855,0.3229,0.2855,
0.5609,3.3653,1.1218,0,0.5609,2.8044,0,0.5609,0.5609,1.1218,0.5609,0.5609,1.6827,0.5609,1.1218,1.1218,0,0.5609,0,0,0,0.0001,0,0,0,0.0001,0,0,0,0,0,0,0.0001,0,0,0,0,0,0,0,0.2528,0.1863,0.2528,0.1863,
0.4329,0.8658,0.4329,0.8658,1.2988,0.8658,0.8658,0.4329,0,0.4329,0.4329,0.8658,0.4329,0.8658,2.1646,0.4329,0.8658,0.4329,1.2988,0,0,0,0,0,0.0001,0,0,0,0,0,0,0,0,0,0.0001,0,0,0,0.0001,0,0.2959,0.2712,0.2959,0.2712,
1.7063,2.5594,0,0.8531,0.4266,0.8531,1.2797,1.2797,0.4266,0.4266,0.4266,0.8531,0,0.4266,1.7063,0.8531,0.8531,2.1329,0,0.4266,0.0001,0.0001,0,0,0,0,0,0,0,0,0,0,0,0,0.0001,0,0,0.0001,0,0,0.273,0.3004,0.273,0.3004,
0.6932,1.3863,0,0.6932,0.6932,1.3863,0,2.0795,0,0.6932,0,0,0.6932,1.3863,0.6932,0.6932,0.6932,0.6932,0,0.6932,0,0.0001,0,0,0,0.0001,0,0.0001,0,0,0,0,0,0.0001,0,0,0,0,0,0,0.1509,0.1559,0.1509,0.1559,
0,0.5499,1.0998,1.0998,1.0998,0.5499,0,2.7496,0,0.5499,0.5499,1.0998,1.0998,0.5499,0.5499,1.0998,1.0998,2.1997,1.0998,0,0,0,0.0001,0.0001,0.0001,0,0,0.0002,0,0,0,0.0001,0.0001,0,0,0.0001,0.0001,0.0001,0.0001,0,0.2269,0.2232,0.2269,0.2232,
0,0,0.7202,0,0.7202,0,0,0,1.4405,0.7202,0,0,0,2.1607,0,0.7202,0.7202,0,0,0,0,0,0.0001,0,0.0001,0,0,0,0.0003,0.0001,0,0,0,0.0004,0,0.0001,0.0001,0,0,0,0.15,0.1298,0.15,0.1298,
0.3676,0.7351,1.1027,0.7351,1.1027,0.7351,1.1027,0.7351,0.3676,0.7351,0.7351,1.1027,1.1027,0.3676,1.1027,0.3676,0.7351,0.7351,1.1027,1.8378,0,0,0.0001,0,0.0001,0,0.0001,0,0,0,0,0.0001,0.0001,0,0.0001,0,0,0,0.0001,0.0001,0.2785,0.3539,0.2785,0.3539,
1.9536,0.3907,0,1.1722,0.7814,1.1722,0.7814,0.7814,0.7814,0.7814,1.5629,1.1722,0,0.7814,0.7814,0.3907,1.5629,0.7814,0.7814,0.7814,0.0001,0,0,0.0001,0,0.0001,0,0,0,0,0.0001,0.0001,0,0,0,0,0.0001,0,0,0,0.3078,0.3014,0.3078,0.3014,
0.449,1.347,0.898,0.898,0.898,0.449,0,0.449,1.347,0.898,1.796,0,0.898,1.796,0.449,0.898,1.347,0.449,1.796,2.245,0,0.0001,0,0,0,0,0,0,0.0001,0,0.0001,0,0,0.0001,0,0,0.0001,0,0.0001,0.0001,0.272,0.279,0.272,0.279,
2.7905,0,0,1.5946,0.3986,1.9932,0.3986,0.3986,2.3919,0.3986,0.7973,3.1892,0.3986,1.5946,1.1959,0.7973,0.7973,0,0,0.3986,0.0002,0,0,0.0001,0,0.0001,0,0,0.0002,0,0.0001,0.0002,0,0.0001,0.0001,0.0001,0.0001,0,0,0,0.2571,0.3443,0.2571,0.3443,
0.394,0.394,1.182,0.394,0.394,0.788,0.788,0,0.394,1.576,0,0.394,0.788,1.182,0.788,0.394,0.788,0.788,1.576,0.394,0,0,0.0001,0,0,0,0,0,0,0.0001,0,0,0,0.0001,0,0,0,0,0.0001,0,0.3027,0.3033,0.3027,0.3033,
1.6925,0,0.8462,0.4231,2.1156,0.8462,0.4231,2.1156,0.4231,2.9618,0.4231,0.4231,1.2694,0,0.8462,0.8462,0.8462,0,0.4231,0.4231,0.0001,0,0,0,0.0001,0,0,0.0001,0,0.0002,0,0,0.0001,0,0,0,0,0,0,0,0.2566,0.3202,0.2566,0.3202,
2.2179,0.7393,0.3696,0.7393,0.3696,0.3696,0.3696,0.3696,1.1089,0,0.3696,0.7393,0.7393,1.4786,0.7393,1.1089,0.3696,1.1089,1.8482,1.8482,0.0001,0,0,0,0,0,0,0,0.0001,0,0,0,0,0.0001,0,0.0001,0,0.0001,0.0001,0.0001,0.3099,0.3204,0.3099,0.3204,
0.789,0,0,0,1.578,2.367,0,0,0,0.789,0,0.789,0.789,0,0.789,0.789,0.789,0.789,0,0,0.0001,0,0,0,0.0002,0.0003,0,0,0,0.0001,0,0.0001,0.0001,0,0.0001,0.0001,0.0001,0.0001,0,0,0.123,0.088,0.123,0.088,
0.5143,0,0,1.543,1.543,0.5143,0,1.543,0.5143,3.6004,0.5143,2.0574,1.0287,0.5143,0.5143,1.543,1.0287,1.0287,0.5143,1.0287,0,0,0,0.0001,0.0001,0,0,0.0001,0,0.0002,0,0.0001,0.0001,0,0,0.0001,0.0001,0.0001,0,0.0001,0.2711,0.2145,0.2711,0.2145,
0,0.5431,1.0863,0,0.5431,0,1.0863,1.0863,0.5431,0.5431,0.5431,0.5431,0,1.0863,0,3.2588,1.0863,0,0.5431,1.0863,0,0,0.0001,0,0,0,0.0001,0.0001,0,0,0,0,0,0.0001,0,0.0002,0.0001,0,0,0.0001,0.2051,0.2518,0.2051,0.2518,
0.8154,0.8154,0.4077,0.4077,0.4077,1.223,0.8154,1.6307,0.4077,0,0.4077,0.8154,0.4077,1.223,1.6307,1.223,0.4077,0.8154,0.8154,0.4077,0,0,0,0,0,0.0001,0,0.0001,0,0,0,0,0,0.0001,0.0001,0.0001,0,0,0,0,0.3122,0.2801,0.3122,0.2801,
1.4308,0,0,0,2.3846,0.9538,0.4769,2.8615,0.9538,1.4308,0.9538,0,1.4308,1.4308,0.9538,1.4308,1.4308,0.9538,0.4769,0.4769,0.0001,0,0,0,0.0001,0.0001,0,0.0002,0.0001,0.0001,0.0001,0,0.0001,0.0001,0.0001,0.0001,0.0001,0.0001,0,0,0.2777,0.2454,0.2777,0.2454,
1.623,0.8115,1.2173,0,1.2173,1.623,0.4058,1.623,0.8115,0.8115,0,1.2173,0,0.8115,0.4058,0,0.8115,1.2173,1.2173,0.4058,0.0001,0,0.0001,0,0.0001,0.0001,0,0.0001,0,0,0,0.0001,0,0,0,0,0,0.0001,0.0001,0,0.2858,0.3084,0.2858,0.3084,
0.7135,0.7135,0,0.7135,0,0.7135,0.7135,0,0,0,1.4271,0.7135,0,0.7135,0.7135,0,1.4271,0,0.7135,0,0.0001,0.0001,0,0.0001,0,0.0001,0.0001,0,0,0,0.0001,0.0001,0,0.0001,0.0001,0,0.0001,0,0.0001,0,0.1765,0.11,0.1765,0.11,
0.6863,1.0294,0.6863,1.3725,1.7157,0,0.6863,1.0294,0.3431,0.6863,0.6863,0.3431,0.6863,0.6863,1.3725,1.0294,0,1.3725,1.0294,0.6863,0,0,0,0.0001,0.0001,0,0,0,0,0,0,0,0,0,0.0001,0,0,0.0001,0,0,0.3433,0.3136,0.3433,0.3136,
3.0886,0,1.0295,0.5148,2.0591,0.5148,0,0.5148,0,6.1773,0.5148,0,2.5739,1.5443,0.5148,0,1.0295,2.5739,0.5148,1.0295,0.0002,0,0.0001,0,0.0001,0,0,0,0,0.0003,0,0,0.0001,0.0001,0,0,0.0001,0.0001,0,0.0001,0.2627,0.2225,0.2627,0.2225,
0.699,0,0,0.699,0,0.699,0.699,0.699,0.699,0,0,0,0,1.3979,0.699,0.699,0,0,0,0,0.0001,0,0,0.0001,0,0.0001,0.0001,0.0001,0.0001,0,0,0,0,0.0003,0.0001,0.0001,0,0,0,0,0.1644,0.1366,0.1644,0.1366,
0.9424,1.4137,0.4712,0,0,0.4712,0,0,1.4137,0.4712,0.4712,1.4137,0.4712,1.4137,0.9424,1.4137,2.3561,0.9424,0.4712,0.9424,0.0001,0.0001,0,0,0,0,0,0,0.0001,0,0,0.0001,0,0.0001,0.0001,0.0001,0.0001,0.0001,0,0.0001,0.2429,0.2859,0.2429,0.2859,
0.7277,0.7277,0,0.7277,0.7277,1.4555,0.7277,0,0,0,0.7277,1.4555,0,0,0,1.4555,0.7277,0,0,0.7277,0.0001,0.0001,0,0.0001,0.0001,0.0001,0.0001,0,0,0,0.0001,0.0001,0,0,0,0.0001,0.0001,0,0,0.0001,0.1574,0.1148,0.1574,0.1148,
2.2299,0.446,0,0,1.3379,0.892,1.7839,0.446,0.446,0.446,0.446,0.446,0,0.892,0,2.2299,0,0.446,1.7839,1.3379,0.0001,0,0,0,0.0001,0,0.0001,0,0,0,0,0,0,0,0,0.0001,0,0,0.0001,0.0001,0.2726,0.2814,0.2726,0.2814,
0,0,0.8991,0,0.4496,0.4496,0.4496,0.4496,0.8991,0.8991,0.4496,1.3487,0.8991,0.4496,1.3487,0.8991,0.8991,0.4496,0.4496,0,0,0,0.0001,0,0,0,0,0,0.0001,0.0001,0,0.0001,0.0001,0,0.0001,0.0001,0.0001,0,0,0,0.2557,0.2947,0.2557,0.2947,
1.688,0.844,0.844,0.422,1.266,1.688,0.844,0,0,1.266,0,0.844,0.422,1.688,1.266,0,0.422,0.422,0.422,0.422,0.0001,0,0,0,0.0001,0.0001,0,0,0,0.0001,0,0,0,0.0001,0.0001,0,0,0,0,0,0.293,0.285,0.293,0.285,
0.8467,0.8467,0.8467,1.6935,1.6935,1.2701,1.6935,0.4234,0.4234,2.5402,0.8467,0.4234,0,0.4234,0,0.8467,0,0.8467,0,1.2701,0,0,0,0.0001,0.0001,0.0001,0.0001,0,0,0.0001,0,0,0,0,0,0,0,0,0,0.0001,0.3088,0.2678,0.3088,0.2678,
1.0727,0.3576,0,1.0727,1.0727,0.7151,0.3576,0.3576,1.7878,1.0727,1.0727,0.3576,1.0727,1.0727,1.0727,0,0.7151,0.7151,1.4302,0.3576,0.0001,0,0,0.0001,0.0001,0,0,0,0.0001,0.0001,0.0001,0,0.0001,0.0001,0.0001,0,0,0,0.0001,0,0.3039,0.3386,0.3039,0.3386,
0,0,0,0.7241,0,0,0,0,0,0,0.7241,0,1.4481,1.4481,1.4481,0,0.7241,0.7241,0,0.7241,0,0,0,0.0001,0,0,0,0,0,0,0.0001,0,0.0003,0.0003,0.0003,0,0.0001,0.0001,0,0.0001,0.1927,0.0833,0.1927,0.0833,
0.3341,0.3341,0.3341,1.3364,0,0.3341,0.6682,1.0023,2.3386,1.3364,0.3341,1.3364,0.6682,0,2.0045,0.6682,2.3386,0.3341,0,0.6682,0,0,0,0.0001,0,0,0,0.0001,0.0002,0.0001,0,0.0001,0,0,0.0001,0,0.0002,0,0,0,0.335,0.3309,0.335,0.3309,
1.1311,0.5656,0.5656,1.6967,0.5656,0.5656,0,0.5656,0,0,0.5656,0.5656,0.5656,0,0.5656,0.5656,1.1311,0,0,1.6967,0.0001,0,0,0.0001,0,0,0,0,0,0,0,0,0,0,0,0,0.0001,0,0,0.0001,0.2626,0.1718,0.2626,0.1718,
0,1.9412,1.5529,0,0.7765,0,1.1647,0.7765,0.7765,0.7765,0,0.3882,2.3294,0,1.1647,1.9412,1.1647,0.3882,1.5529,0.7765,0,0.0001,0.0001,0,0,0,0,0,0,0,0,0,0.0001,0,0,0.0001,0,0,0.0001,0,0.3374,0.2744,0.3374,0.2744,
0.7386,0.3693,0.7386,0.3693,1.8464,0.3693,0.7386,1.4771,1.1079,0.7386,1.8464,1.1079,0.3693,0.7386,0.7386,0.7386,2.2157,1.1079,0,1.1079,0,0,0,0,0.0001,0,0,0.0001,0.0001,0,0.0001,0.0001,0,0,0,0,0.0001,0.0001,0,0.0001,0.3074,0.3233,0.3074,0.3233,
0.6813,0,0.6813,1.3627,0,1.3627,0.6813,0,0.6813,0.6813,0,0.6813,0,0,0.6813,2.044,0.6813,0.6813,0.6813,0,0.0001,0,0.0001,0.0001,0,0.0001,0.0001,0,0.0001,0.0001,0,0.0001,0,0,0.0001,0.0002,0.0001,0.0001,0.0001,0,0.1598,0.1589,0.1598,0.1589,
0.7917,0.7917,1.5834,0.7917,0.7917,2.771,0.7917,1.5834,1.1876,1.1876,1.9793,0.3959,0.3959,0,0.7917,0,0.3959,0.7917,0,0.7917,0,0,0.0001,0,0,0.0001,0,0.0001,0.0001,0.0001,0.0001,0,0,0,0,0,0,0,0,0,0.2982,0.3059,0.2982,0.3059,
0,0,0,0,0.805,1.61,0,0.805,0,0.805,0,0,0.805,0,0.805,1.61,1.61,0,0,0,0,0,0,0,0.0001,0.0002,0,0.0001,0,0.0001,0,0,0.0001,0,0.0001,0.0002,0.0002,0,0,0,0.1182,0.0768,0.1182,0.0768,
1.0529,0,0,0,0.351,1.0529,0.351,0,2.8078,0.702,0.702,0.702,0.351,0.351,3.8608,1.0529,0.702,1.0529,0,0.351,0.0001,0,0,0,0,0.0001,0,0,0.0002,0.0001,0.0001,0.0001,0,0,0.0003,0.0001,0.0001,0.0001,0,0,0.3197,0.3294,0.3197,0.3294,
1.3061,0,1.9591,1.3061,0.653,0,0,0.653,0,1.3061,0,0.653,0.653,0,0,0.653,0,0,0,0.653,0.0001,0,0.0002,0.0001,0.0001,0,0,0.0001,0,0.0001,0,0.0001,0.0001,0,0,0.0001,0,0,0,0.0001,0.1804,0.1666,0.1804,0.1666,
1.5407,0,0,0,0,1.5407,0,0.7704,0,0,0,0.7704,0.7704,0,0.7704,0,0.7704,0,0.7704,0.7704,0.0002,0,0,0,0,0.0002,0,0.0001,0,0,0,0.0001,0.0001,0,0.0001,0,0.0001,0,0.0001,0.0001,0.1141,0.1156,0.1141,0.1156,
0.4056,1.2167,0,0,0,0.4056,0.4056,1.6223,2.8389,0,0.4056,0.4056,0.4056,0.8111,2.0278,1.2167,0.8111,2.0278,0,0,0,0.0001,0,0,0,0,0,0.0001,0.0002,0,0,0,0,0.0001,0.0001,0.0001,0.0001,0.0001,0,0,0.2924,0.3021,0.2924,0.3021,
0.4423,0.8847,0.8847,0.4423,0.4423,0,0.8847,0.4423,0.4423,1.327,0.4423,0.4423,0.8847,0.4423,0.8847,0.4423,2.2117,1.327,0.8847,2.2117,0,0.0001,0.0001,0,0,0,0.0001,0,0,0.0001,0,0,0.0001,0,0.0001,0,0.0001,0.0001,0.0001,0.0001,0.2766,0.281,0.2766,0.281,
0,0,0,0.8249,0,0,0,0.8249,0,0,0,0.8249,1.6499,1.6499,0,0.8249,0,0.8249,0,0.8249,0,0,0,0.0001,0,0,0,0.0001,0,0,0,0.0001,0.0003,0.0003,0,0.0001,0,0.0001,0,0.0001,0.1075,0.0676,0.1075,0.0676,
1.0705,1.7841,0,0.3568,1.0705,1.0705,1.7841,0.7136,1.0705,1.0705,0,0.3568,1.4273,0.7136,1.0705,0.7136,1.7841,0,0.3568,0,0.0001,0.0001,0,0,0.0001,0.0001,0.0001,0,0.0001,0.0001,0,0,0.0001,0,0.0001,0,0.0001,0,0,0,0.328,0.3151,0.328,0.3151,
0.5018,1.5055,0,0.5018,1.0037,1.0037,1.5055,0,0,0.5018,1.0037,1.0037,2.0074,1.0037,0.5018,1.5055,1.5055,0.5018,1.5055,0.5018,0,0.0001,0,0,0.0001,0.0001,0.0001,0,0,0,0.0001,0.0001,0.0001,0.0001,0,0.0001,0.0001,0,0.0001,0,0.2405,0.2576,0.2405,0.2576,
0.8817,1.7633,1.3225,2.2041,0.4408,0.4408,0,0.8817,0,0.8817,1.3225,0.8817,1.7633,0.4408,1.3225,0.4408,0.8817,1.3225,0.8817,0.4408,0,0.0001,0.0001,0.0001,0,0,0,0,0,0,0.0001,0,0.0001,0,0.0001,0,0,0.0001,0,0,0.282,0.2771,0.282,0.2771,
0.4115,0.4115,0,0.8229,0.8229,0.8229,0.4115,0.4115,1.6458,1.6458,0.4115,1.2344,1.2344,2.8802,0,1.6458,0.8229,1.2344,0.4115,0.8229,0,0,0,0,0,0,0,0,0.0001,0.0001,0,0.0001,0.0001,0.0002,0,0.0001,0,0.0001,0,0,0.3232,0.2653,0.3232,0.2653,
1.2076,0.4025,0.8051,1.2076,1.2076,0.4025,0.4025,0.8051,1.2076,0.8051,1.2076,1.2076,1.2076,0,0.8051,0.4025,1.2076,0.8051,0.4025,2.8178,0.0001,0,0.0001,0.0001,0.0001,0,0,0.0001,0.0001,0.0001,0.0001,0.0001,0.0001,0,0.0001,0,0.0001,0.0001,0,0.0002,0.3409,0.2565,0.3409,0.2565,
0,0.49,1.47,0.98,0.49,0.98,0.49,1.9599,0.49,0.49,1.9599,0,0,0,0.49,0.98,0.49,1.47,0.49,0.49,0,0,0.0001,0.0001,0,0.0001,0,0.0001,0,0,0.0001,0,0,0,0,0.0001,0,0.0001,0,0,0.2437,0.2663,0.2437,0.2663,
0.4558,0.9116,0.4558,0.4558,0.4558,0,1.3674,0.4558,0.9116,0.9116,0.4558,1.3674,1.8232,1.3674,0.9116,0.4558,1.3674,0,0.9116,0,0,0.0001,0,0,0,0,0.0001,0,0.0001,0.0001,0,0.0001,0.0001,0.0001,0.0001,0,0.0001,0,0.0001,0,0.2558,0.2884,0.2558,0.2884,
0.4054,0.8107,0.4054,0.8107,0.8107,1.2161,0.8107,0.4054,0.4054,0.8107,0,1.2161,0.8107,0.8107,0.8107,0.8107,0.8107,0.4054,0.4054,2.0268,0,0,0,0,0,0.0001,0,0,0,0,0,0.0001,0,0,0,0,0,0,0,0.0001,0.3065,0.2882,0.3065,0.2882,
0.6799,0,0.34,0,0.34,0.6799,0.34,0.34,1.6998,1.0199,0.34,1.0199,0,0.6799,3.7395,0.6799,0.34,1.3598,0,0.34,0.0001,0,0,0,0,0.0001,0,0,0.0002,0.0001,0,0.0001,0,0.0001,0.0003,0.0001,0,0.0001,0,0,0.371,0.289,0.371,0.289,
0.5359,1.0718,0,0.5359,1.6077,1.0718,0.5359,0.5359,0,0,0.5359,0.5359,1.0718,2.1437,1.0718,0.5359,0.5359,0,1.0718,0.5359,0,0.0001,0,0,0.0001,0.0001,0,0,0,0,0,0,0.0001,0.0001,0.0001,0,0,0,0.0001,0,0.2228,0.2413,0.2228,0.2413,
2.8969,0,0.4828,0.9656,3.3797,0.4828,0,0.9656,0.9656,4.3453,0.4828,0.4828,1.9312,0.4828,0,0,0.9656,2.4141,0.4828,0.4828,0.0002,0,0,0.0001,0.0002,0,0,0.0001,0.0001,0.0003,0,0,0.0001,0,0,0,0.0001,0.0001,0,0,0.2674,0.2498,0.2674,0.2498,
0,0.6006,0,0.6006,0.6006,1.8018,0.6006,0,1.2012,0,1.2012,0.6006,0.6006,0,0.6006,0,0,0.6006,0,0,0,0.0001,0,0.0001,0.0001,0.0002,0.0001,0,0.0001,0,0.0001,0.0001,0.0001,0,0.0001,0,0,0.0001,0,0,0.172,0.2274,0.172,0.2274,
1.0826,0.3609,1.4435,0.7217,2.1652,0.3609,1.0826,0,1.8043,0.3609,0.3609,0,1.4435,1.0826,1.4435,0,0.3609,0.7217,1.0826,1.0826,0.0001,0,0.0001,0,0.0001,0,0.0001,0,0.0001,0,0,0,0.0001,0.0001,0.0001,0,0,0,0.0001,0.0001,0.3265,0.3126,0.3265,0.3126,
1.2984,0.4328,1.2984,0,0.4328,0.8656,2.5967,0,0.8656,1.2984,0.8656,1.2984,0.4328,0.4328,0,0.8656,0.8656,1.2984,0.4328,0.4328,0.0001,0,0.0001,0,0,0.0001,0.0002,0,0.0001,0.0001,0.0001,0.0001,0,0,0,0.0001,0.0001,0.0001,0,0,0.3074,0.2598,0.3074,0.2598,
0,0.5165,0.5165,0,1.5496,0,1.0331,0.5165,0,0.5165,0,0,1.5496,0,2.0662,0.5165,0,0.5165,1.0331,0,0,0,0,0,0.0001,0,0.0001,0,0,0,0,0,0.0001,0,0.0002,0,0,0,0.0001,0,0.2438,0.2397,0.2438,0.2397,
0.4514,0.4514,1.3542,0.9028,0,1.8056,0.9028,0,0.9028,1.3542,1.3542,0.9028,0.4514,0,0.4514,0.9028,0.9028,2.257,0.9028,0.4514,0,0,0.0001,0.0001,0,0.0001,0.0001,0,0.0001,0.0001,0.0001,0.0001,0,0,0,0.0001,0.0001,0.0002,0.0001,0,0.2675,0.2811,0.2675,0.2811,
0.7293,0.3646,0,0.3646,0.3646,0.7293,0.3646,0.7293,1.8231,0.7293,0.7293,0.7293,0.3646,0.3646,4.0109,1.8231,1.8231,0,0,0.3646,0.0001,0,0,0,0,0.0001,0,0.0001,0.0001,0.0001,0.0001,0.0001,0,0,0.0003,0.0001,0.0001,0,0,0,0.3059,0.3294,0.3059,0.3294,
0,1.206,0,0.804,0,0.804,1.206,1.206,3.216,0,0.804,0.402,1.206,0.804,0.804,0.402,0,2.01,0,0,0,0.0001,0,0.0001,0,0.0001,0.0001,0.0001,0.0002,0,0.0001,0,0.0001,0.0001,0.0001,0,0,0.0001,0,0,0.3287,0.2694,0.3287,0.2694,
1.2907,0.4302,0.8605,0.4302,0.4302,0.8605,0,0,0.8605,0.4302,0.4302,0,0.8605,2.5814,0.4302,0.4302,0.4302,1.7209,1.7209,1.7209,0.0001,0,0,0,0,0,0,0,0,0,0,0,0,0.0001,0,0,0,0.0001,0.0001,0.0001,0.2622,0.3075,0.2622,0.3075,
0,0,0,0.6991,0.6991,4.1945,0,0,0,0.6991,0.6991,0.6991,0.6991,0,0.6991,1.3982,0,0,0.6991,0,0,0,0,0.0001,0.0001,0.0005,0,0,0,0.0001,0.0001,0.0001,0.0001,0,0.0001,0.0002,0,0,0.0001,0,0.1471,0.1538,0.1471,0.1538,
1.0912,0,0,0,2.1824,1.0912,1.0912,0,0,0.5456,1.6368,2.1824,0.5456,2.1824,0,0.5456,1.0912,1.0912,1.0912,2.1824,0.0001,0,0,0,0.0001,0.0001,0.0001,0,0,0,0.0001,0.0001,0,0.0001,0,0,0.0001,0.0001,0.0001,0.0001,0.23,0.2244,0.23,0.2244,
0.3894,1.1681,0,0.3894,0,0.7788,0.3894,1.1681,1.5575,0,0.7788,0.3894,0.3894,0.7788,3.5044,0.3894,0.3894,1.9469,0,0,0,0.0001,0,0,0,0.0001,0,0.0001,0.0001,0,0.0001,0,0,0.0001,0.0002,0,0,0.0001,0,0,0.3181,0.2925,0.3181,0.2925,
1.6499,0,0,0,0.33,0.99,0.33,0.33,1.9799,0.66,0.66,0.66,0.33,0.33,3.9599,0.66,0.66,0.66,0,0.33,0.0001,0,0,0,0,0.0001,0,0,0.0002,0.0001,0.0001,0.0001,0,0,0.0003,0.0001,0.0001,0.0001,0,0,0.3099,0.3601,0.3099,0.3601,
1.7638,1.3229,0.441,0.8819,0.441,1.7638,0,1.3229,1.7638,1.3229,0.8819,0.441,0.8819,0.8819,0.441,0.441,1.3229,0.8819,0,1.7638,0.0001,0.0001,0,0,0,0.0001,0,0.0001,0.0001,0.0001,0,0,0,0,0,0,0.0001,0,0,0.0001,0.2749,0.2842,0.2749,0.2842,
1.5055,0.3764,1.1291,1.1291,0,1.1291,0.7527,1.1291,0,0,0.7527,0.7527,0.7527,0,1.8818,0.3764,0.7527,0.3764,0.3764,1.1291,0.0001,0,0.0001,0.0001,0,0.0001,0,0.0001,0,0,0,0,0,0,0.0001,0,0,0,0,0.0001,0.3022,0.3214,0.3022,0.3214,
0.6543,0,0,0.6543,0,1.9628,0,0.6543,0.6543,0,0,0.6543,0.6543,1.9628,0,1.9628,1.3085,1.9628,0.6543,0,0.0001,0,0,0.0001,0,0.0002,0,0.0001,0.0001,0,0,0.0001,0.0001,0.0002,0,0.0002,0.0001,0.0002,0.0001,0,0.1759,0.1699,0.1759,0.1699,
0.4919,0.9838,0.4919,0.4919,0.4919,0,0.4919,0.9838,0.9838,0.9838,1.4757,0.4919,0.9838,0.4919,0.9838,0,0.4919,0,1.4757,1.9676,0,0.0001,0,0,0,0,0,0.0001,0.0001,0.0001,0.0001,0,0.0001,0,0.0001,0,0,0,0.0001,0.0001,0.2484,0.2597,0.2484,0.2597,
3.4828,0,0,0,0,0,0,0.8707,0,0.8707,0,0,0,0,0.8707,1.7414,0.8707,0,0,0,0.0005,0,0,0,0,0,0,0.0001,0,0.0001,0,0,0,0,0.0001,0.0002,0.0001,0,0,0,0.0667,0.0626,0.0667,0.0626,
1.5194,0.7597,0.3798,0.7597,0,0.7597,0.3798,0.3798,1.1395,0,0,0.3798,0.3798,0,1.8992,0.7597,1.5194,0.7597,1.8992,1.1395,0.0001,0,0,0,0,0,0,0,0.0001,0,0,0,0,0,0.0001,0,0.0001,0,0.0001,0.0001,0.3447,0.2754,0.3447,0.2754,
0,1.8285,0.9142,1.3714,1.3714,0,0.4571,0.4571,0.4571,0.9142,0.4571,0.4571,0,0.4571,0.4571,1.3714,0.4571,0.9142,0,0.4571,0,0.0001,0,0.0001,0.0001,0,0,0,0,0,0,0,0,0,0,0.0001,0,0,0,0,0.2404,0.3025,0.2404,0.3025,
1.0449,0,0,0,0.6966,1.0449,0.3483,0.6966,2.4381,1.0449,0.6966,0.6966,0.3483,0.3483,3.483,1.3932,1.7415,1.0449,0,0,0.0001,0,0,0,0.0001,0.0001,0,0.0001,0.0002,0.0001,0.0001,0.0001,0,0,0.0003,0.0001,0.0001,0.0001,0,0,0.3244,0.3273,0.3244,0.3273,
1.7756,0.4439,0.4439,0,0.8878,0,0.4439,0,1.3317,1.3317,0.8878,1.7756,1.3317,0.4439,0.8878,0.4439,0.4439,2.2195,0.8878,0.4439,0.0001,0,0,0,0.0001,0,0,0,0.0001,0.0001,0.0001,0.0001,0.0001,0,0.0001,0,0,0.0001,0.0001,0,0.2707,0.2854,0.2707,0.2854,
0,1.2342,0,0.8228,0,0.8228,0.4114,1.6455,4.1139,0,0.8228,0.4114,1.2342,0.8228,0.4114,0.4114,0,2.0569,0,0,0,0.0001,0,0,0,0,0,0.0001,0.0002,0,0,0,0.0001,0,0,0,0,0.0001,0,0,0.311,0.2777,0.311,0.2777,
0.7835,0.7835,1.567,0.3917,0.3917,0.7835,0.7835,0,0.7835,0.7835,0.3917,1.1752,0.7835,0.3917,1.9587,1.567,0.3917,1.567,0.7835,0.3917,0,0,0.0001,0,0,0,0,0,0,0,0,0.0001,0,0,0.0001,0.0001,0,0.0001,0,0,0.3029,0.3053,0.3029,0.3053,
0.885,0,1.77,0.885,0.4425,0.4425,0,1.77,1.3275,0.885,1.3275,0,0,0.4425,0.885,0,0,1.3275,0.4425,0.4425,0.0001,0,0.0001,0.0001,0,0,0,0.0001,0.0001,0.0001,0.0001,0,0,0,0.0001,0,0,0.0001,0,0,0.2616,0.2959,0.2616,0.2959,
2.5547,1.0949,1.4598,1.0949,0,0.365,0,2.1897,0.7299,0.7299,1.4598,0,0.7299,0.365,1.4598,0,0.7299,0.7299,1.8248,0.365,0.0001,0.0001,0.0001,0.0001,0,0,0,0.0001,0,0,0.0001,0,0,0,0.0001,0,0,0,0.0001,0,0.3418,0.2932,0.3418,0.2932,
0.5646,1.6937,0,0,1.1291,0.5646,1.1291,1.1291,0,2.2582,2.2582,0.5646,0.5646,0.5646,1.1291,0,0,0.5646,0.5646,1.6937,0,0.0001,0,0,0.0001,0,0.0001,0.0001,0,0.0001,0.0001,0,0,0,0.0001,0,0,0,0,0.0001,0.1978,0.2376,0.1978,0.2376,
1.2665,0,0.8443,0.4222,1.2665,0.4222,0.4222,1.6887,0.8443,0.4222,0.8443,0.4222,1.6887,0,0.8443,0.4222,0.4222,0.8443,1.2665,2.1108,0.0001,0,0.0001,0,0.0001,0,0,0.0001,0.0001,0,0.0001,0,0.0001,0,0.0001,0,0,0.0001,0.0001,0.0001,0.2585,0.3194,0.2585,0.3194,
0.8989,0,0,0,0,0.4495,0,0.4495,0,0,0,0,0.8989,0,8.9891,1.3484,0.8989,0,0,0,0.0001,0,0,0,0,0.0001,0,0.0001,0,0,0,0,0.0001,0,0.0013,0.0002,0.0001,0,0,0,0.2188,0.3318,0.2188,0.3318,
1.1589,0.7726,0.3863,1.1589,0.3863,0.3863,2.3178,0,0,0,0.3863,0.7726,1.1589,0.7726,1.1589,0.7726,0.3863,1.5452,0.7726,0.3863,0.0001,0,0,0.0001,0,0,0.0001,0,0,0,0,0,0.0001,0,0.0001,0,0,0.0001,0,0,0.3243,0.2894,0.3243,0.2894,
0.9056,0,0.9056,0.6037,0,0.3019,0,0,2.4149,0.6037,0.9056,1.5093,0.6037,0.6037,2.7168,0.9056,0.6037,0.9056,0.6037,0,0.0001,0,0.0001,0.0001,0,0,0,0,0.0002,0.0001,0.0001,0.0001,0.0001,0.0001,0.0002,0.0001,0.0001,0.0001,0.0001,0,0.323,0.3751,0.323,0.3751,
0.9366,0.9366,0,0.9366,0.9366,0,0.9366,0.4683,0.4683,0.9366,0,0,0,0,1.8732,0.9366,0.4683,0.4683,0.9366,0.4683,0.0001,0.0001,0,0.0001,0.0001,0,0.0001,0,0,0.0001,0,0,0,0,0.0001,0.0001,0,0,0.0001,0,0.2524,0.2793,0.2524,0.2793,
0,0,0.4111,0.8221,0.8221,0.4111,0.4111,0.8221,0.8221,1.2332,0,0.4111,0.8221,0.8221,2.0553,2.0553,0,1.2332,0,1.6442,0,0,0,0.0001,0.0001,0,0,0.0001,0.0001,0.0001,0,0,0.0001,0.0001,0.0002,0.0002,0,0.0001,0,0.0001,0.3322,0.2567,0.3322,0.2567,
1.0384,1.5576,1.5576,0.5192,2.0768,0,0.5192,0.5192,1.0384,0.5192,1.5576,0.5192,1.0384,0.5192,0,0.5192,1.5576,0,0,1.0384,0.0001,0.0001,0.0001,0,0.0001,0,0,0,0.0001,0,0.0001,0,0.0001,0,0,0,0.0001,0,0,0.0001,0.2146,0.2662,0.2146,0.2662,
0.7983,0,1.1975,0,0.3992,0.7983,1.5967,0.7983,0.3992,1.1975,0.3992,1.1975,1.9958,1.5967,1.1975,0.7983,0.7983,0,0,0.3992,0.0001,0,0.0001,0,0,0.0001,0.0001,0.0001,0,0.0001,0,0.0001,0.0001,0.0001,0.0001,0.0001,0.0001,0,0,0,0.2958,0.3051,0.2958,0.3051,
0.5214,0,0.5214,0.5214,2.6068,1.0427,0,0.5214,0.5214,3.6496,0.5214,2.0855,1.5641,0,0.5214,2.0855,0.5214,1.5641,0.5214,0.5214,0,0,0,0,0.0002,0.0001,0,0,0,0.0002,0,0.0001,0.0001,0,0,0.0001,0,0.0001,0,0,0.2183,0.2604,0.2183,0.2604,
2.0381,0,0.4076,1.2229,1.6305,1.2229,0.4076,0.4076,0.8152,0.4076,0.8152,0.4076,0.4076,1.2229,0.4076,0,0.8152,0.4076,1.6305,0.4076,0.0001,0,0,0.0001,0.0001,0.0001,0,0,0.0001,0,0.0001,0,0,0.0001,0,0,0.0001,0,0.0001,0,0.2935,0.2989,0.2935,0.2989,
1.7525,0,0,0,1.7525,0.5842,0.5842,2.3367,1.1683,3.505,1.1683,1.7525,1.7525,0.5842,0,1.7525,0.5842,2.3367,0,0,0.0001,0,0,0,0.0001,0,0,0.0001,0.0001,0.0002,0.0001,0.0001,0.0001,0,0,0.0001,0,0.0001,0,0,0.2193,0.1965,0.2193,0.1965,
3.6686,0.4586,1.3757,0.4586,1.3757,2.2929,0.4586,0,0.4586,1.8343,0.9172,0,0.9172,0,1.3757,0.9172,0,4.1272,0,0.4586,0.0002,0,0.0001,0,0.0001,0.0001,0,0,0,0.0001,0.0001,0,0.0001,0,0.0001,0.0001,0,0.0002,0,0,0.2775,0.2639,0.2775,0.2639,
1.4555,0,0,0.9703,0.4852,2.4258,0,0.9703,0.9703,3.3961,0.4852,0.4852,0.9703,0.4852,0.4852,0.4852,0.4852,1.9406,0,1.4555,0.0001,0,0,0.0001,0,0.0002,0,0.0001,0.0001,0.0002,0,0,0.0001,0,0,0,0,0.0001,0,0.0001,0.227,0.2879,0.227,0.2879,
1.14,1.71,0.57,0.57,0.57,0.57,0.57,0.57,0.57,0.57,0,1.71,1.71,1.14,0.57,1.71,0.57,0.57,1.14,0,0.0001,0.0001,0,0,0,0,0,0,0,0,0,0.0001,0.0001,0.0001,0,0.0001,0,0,0.0001,0,0.2287,0.2013,0.2287,0.2013,
0.5255,0,0.5255,0,1.0509,4.2037,0,2.6273,0,2.6273,0.5255,0,0.5255,0,0.5255,2.1018,2.1018,2.1018,0.5255,1.0509,0,0,0,0,0.0001,0.0002,0,0.0001,0,0.0001,0,0,0,0,0,0.0001,0.0001,0.0001,0,0.0001,0.2203,0.2542,0.2203,0.2542,
3.3283,0,1.3313,0.6657,0.6657,0,0,0.6657,0,0.6657,0.6657,0,1.3313,0.6657,0,0.6657,0.6657,1.997,0,0.6657,0.0003,0,0.0001,0.0001,0.0001,0,0,0.0001,0,0.0001,0.0001,0,0.0001,0.0001,0,0.0001,0.0001,0.0002,0,0.0001,0.1529,0.1815,0.1529,0.1815,
0,1.5884,1.5884,1.5884,1.5884,0.7942,0.3971,0.3971,0,0,0.7942,0,0.7942,0.3971,1.5884,0.7942,0.7942,0,0.7942,0,0,0.0001,0.0001,0.0001,0.0001,0,0,0,0,0,0,0,0,0,0.0001,0,0,0,0,0,0.2593,0.3436,0.2593,0.3436,
0.5127,0,0,1.0254,2.0507,0.5127,0,0.5127,0.5127,0.5127,1.0254,0,1.0254,0,1.5381,2.0507,0,0.5127,1.0254,0.5127,0,0,0,0.0001,0.0002,0,0,0,0,0,0.0001,0,0.0001,0,0.0001,0.0002,0,0,0.0001,0,0.2297,0.2577,0.2297,0.2577,
2.3026,1.1513,0.3838,1.1513,0.3838,1.9189,1.1513,1.5351,0.3838,1.1513,0.3838,0.3838,0.3838,0.7675,0.3838,0.3838,1.1513,0.3838,0.7675,1.5351,0.0001,0.0001,0,0.0001,0,0.0001,0.0001,0.0001,0,0.0001,0,0,0,0,0,0,0.0001,0,0,0.0001,0.3061,0.3102,0.3061,0.3102,
2.6325,0,0,0.6581,1.3163,0,0,1.9744,0.6581,5.265,0.6581,1.9744,0.6581,0.6581,0,1.3163,1.9744,1.9744,0,0.6581,0.0002,0,0,0.0001,0.0001,0,0,0.0002,0.0001,0.0004,0.0001,0.0002,0.0001,0.0001,0,0.0001,0.0002,0.0002,0,0.0001,0.1857,0.1562,0.1857,0.1562,
0,2.7476,0,0,0.6869,0,0,1.3738,1.3738,0.6869,0,0,0.6869,0,0,0.6869,1.3738,1.3738,0.6869,0,0,0.0001,0,0,0,0,0,0.0001,0.0001,0,0,0,0,0,0,0,0.0001,0.0001,0,0,0.1559,0.1572,0.1559,0.1572,
0.4232,0.4232,0,1.6926,0.8463,1.2695,2.1158,0.8463,0.4232,0.8463,0.4232,1.2695,1.6926,0.8463,0,0.8463,0.8463,0.4232,1.2695,0.4232,0,0,0,0.0001,0,0.0001,0.0001,0,0,0,0,0.0001,0.0001,0,0,0,0,0,0.0001,0,0.3063,0.2705,0.3063,0.2705,
0.3226,0,0.6451,0.9677,1.2903,0.9677,0.6451,0,0.9677,1.2903,0.6451,0.6451,0.6451,0.3226,1.2903,0.9677,1.2903,0.9677,1.2903,0.6451,0,0,0,0.0001,0.0001,0.0001,0,0,0.0001,0.0001,0,0,0,0,0.0001,0.0001,0.0001,0.0001,0.0001,0,0.3529,0.3245,0.3529,0.3245,
1.1357,0,0,0,0,1.1357,2.2715,0,0.5679,0.5679,1.1357,0.5679,1.1357,0.5679,0,0.5679,1.1357,1.7036,0,1.1357,0.0001,0,0,0,0,0.0001,0.0002,0,0.0001,0.0001,0.0001,0.0001,0.0001,0.0001,0,0.0001,0.0001,0.0002,0,0.0001,0.2123,0.2198,0.2123,0.2198,
1.6408,0,0,1.0939,1.0939,2.7347,0,1.0939,1.0939,2.7347,1.0939,0,0,0.5469,0,0.5469,1.0939,2.1878,0.5469,0,0.0001,0,0,0.0001,0.0001,0.0002,0,0.0001,0.0001,0.0002,0.0001,0,0,0,0,0,0.0001,0.0002,0,0,0.2373,0.2158,0.2373,0.2158,
0.4329,0.4329,0.8659,1.2988,1.2988,2.1647,1.7317,0.4329,0,0.4329,0.4329,0.4329,0,1.7317,0,0.4329,0.8659,1.7317,0.8659,0.4329,0,0,0.0001,0.0001,0.0001,0.0001,0.0001,0,0,0,0,0,0,0.0001,0,0,0.0001,0.0001,0.0001,0,0.3128,0.2542,0.3128,0.2542,
0.6012,0,0,0,1.2023,1.2023,1.8035,1.8035,0,1.8035,0.6012,3.0058,0,0.6012,0,1.2023,1.8035,3.0058,0,0,0,0,0,0,0.0001,0.0001,0.0001,0.0001,0,0.0001,0,0.0002,0,0,0,0.0001,0.0001,0.0002,0,0,0.1618,0.2371,0.1618,0.2371,
0,1.4372,0.9581,1.4372,0.4791,0.9581,0,0.4791,0.9581,1.4372,0,0.4791,1.4372,0.4791,0.4791,0.4791,0.9581,0.9581,0.4791,0.4791,0,0.0001,0.0001,0.0001,0,0.0001,0,0,0.0001,0.0001,0,0,0.0001,0,0,0,0.0001,0.0001,0,0,0.2413,0.2796,0.2413,0.2796,
0.9128,0,0.4564,0.9128,1.8256,0.4564,0.9128,0.9128,0.4564,3.1948,0.4564,0,1.8256,1.3692,0.4564,1.3692,1.3692,1.8256,0.4564,0.9128,0.0001,0,0,0.0001,0.0001,0,0.0001,0.0001,0,0.0002,0,0,0.0001,0.0001,0,0.0001,0.0001,0.0001,0,0.0001,0.2916,0.252,0.2916,0.252,
1.6795,0.4199,0.8398,0.4199,0.8398,1.2597,0,0.8398,0.8398,1.6795,0.4199,1.2597,0.8398,0.8398,1.2597,1.2597,0.8398,0,0.4199,0.4199,0.0001,0,0.0001,0,0.0001,0.0001,0,0.0001,0.0001,0.0001,0,0.0001,0.0001,0.0001,0.0001,0.0001,0.0001,0,0,0,0.2895,0.2906,0.2895,0.2906,
0.8482,0,0,0.8482,0,3.3929,0,0,0,0.8482,0,0,0,1.6965,0,1.6965,0,0,0,0,0.0002,0,0,0.0002,0,0.0006,0,0,0,0.0002,0,0,0,0.0003,0,0.0003,0,0,0,0,0.0681,0.0836,0.0681,0.0836,
0.7346,0.7346,0,0,0,0.7346,0,0.7346,0,1.4692,1.4692,0.7346,0,0,0.7346,0.7346,0,1.4692,0.7346,0.7346,0.0001,0.0001,0,0,0,0.0001,0,0.0001,0,0.0001,0.0001,0.0001,0,0,0.0001,0.0001,0,0.0001,0.0001,0.0001,0.1375,0.1279,0.1375,0.1279,
0.7394,1.4789,0,0.7394,2.2183,1.8486,1.1092,0.7394,0,0.7394,0.7394,1.1092,0.7394,0.7394,1.1092,0,1.4789,0.3697,0.7394,0.3697,0,0.0001,0,0,0.0001,0.0001,0,0,0,0,0,0,0,0,0,0,0.0001,0,0,0,0.3104,0.3199,0.3104,0.3199,
0.558,0.558,1.6739,0,0.558,0,1.1159,0,1.6739,0.558,1.1159,0,0,0,0.558,0,1.1159,0.558,0.558,1.6739,0.0001,0.0001,0.0002,0,0.0001,0,0.0001,0,0.0002,0.0001,0.0001,0,0,0,0.0001,0,0.0001,0.0001,0.0001,0.0002,0.2541,0.1879,0.2541,0.1879,
2.0639,0,0,0,2.5799,0.516,0.516,1.5479,0.516,1.5479,1.032,0,1.032,1.032,1.032,1.032,2.0639,2.0639,0.516,0.516,0.0001,0,0,0,0.0002,0,0,0.0001,0,0.0001,0.0001,0,0.0001,0.0001,0.0001,0.0001,0.0001,0.0001,0,0,0.2418,0.2422,0.2418,0.2422,
1.5671,1.5671,1.1753,0.7836,0.7836,0.7836,1.9589,0.3918,0.3918,1.1753,0.3918,0.7836,0.3918,0.3918,0.3918,0,1.5671,1.1753,0.7836,0,0.0001,0.0001,0.0001,0,0,0,0.0001,0,0,0.0001,0,0,0,0,0,0,0.0001,0.0001,0,0,0.2749,0.3334,0.2749,0.3334,
0.6884,1.0326,0.6884,1.0326,0,0.3442,0.6884,0.3442,3.0977,1.0326,0.3442,1.3767,0.3442,0.3442,1.7209,0,2.0651,0.6884,0.3442,0.6884,0,0.0001,0,0.0001,0,0,0,0,0.0002,0.0001,0,0.0001,0,0,0.0001,0,0.0001,0,0,0,0.3278,0.328,0.3278,0.328,
1.1061,1.4749,0.7374,1.8436,0,1.1061,1.1061,0,1.1061,0.7374,0.3687,0,1.4749,1.1061,0.7374,0.3687,0.3687,1.8436,0.7374,0.7374,0.0001,0.0001,0,0.0001,0,0.0001,0.0001,0,0.0001,0,0,0,0.0001,0.0001,0,0,0,0.0001,0,0,0.3101,0.3212,0.3101,0.3212,
0.8325,0.8325,0,1.2488,0.8325,0.8325,0.4163,0.4163,0.4163,0.8325,0.4163,0.4163,1.2488,0.4163,1.2488,1.2488,0.8325,0.8325,1.6651,1.6651,0,0,0,0.0001,0,0,0,0,0,0,0,0,0.0001,0,0.0001,0.0001,0,0,0.0001,0.0001,0.2943,0.2895,0.2943,0.2895,
0.4743,0,0.9486,0.4743,1.4229,2.8458,0,0,1.4229,1.4229,0.9486,0.4743,0.9486,0.4743,0.4743,0.4743,0.9486,0,0,0,0,0,0.0001,0,0.0001,0.0002,0,0,0.0001,0.0001,0.0001,0,0.0001,0,0,0,0.0001,0,0,0,0.3089,0.2168,0.3089,0.2168,
1.1922,0.5961,0,0,0.5961,0,0.5961,0.5961,1.7883,1.1922,1.1922,0,2.9806,1.1922,0,1.7883,0,1.1922,0.5961,1.1922,0.0001,0,0,0,0,0,0,0,0.0001,0.0001,0.0001,0,0.0002,0.0001,0,0.0001,0,0.0001,0,0.0001,0.2164,0.1875,0.2164,0.1875,
0.5919,0,0.5919,0,0,0.5919,1.1838,0.5919,1.1838,0,0.5919,1.7757,0,0.5919,0.5919,0,0,0,0.5919,0.5919,0.0001,0,0.0001,0,0,0.0001,0.0001,0.0001,0.0001,0,0.0001,0.0002,0,0.0001,0.0001,0,0,0,0.0001,0.0001,0.2073,0.2008,0.2073,0.2008,
0.8762,0,0.8762,0.4381,1.3143,1.3143,0,0.8762,0.4381,3.9429,0.4381,0.4381,1.3143,0,0.8762,2.1905,1.3143,0.8762,0.4381,0.8762,0,0,0,0,0.0001,0.0001,0,0,0,0.0002,0,0,0.0001,0,0,0.0001,0.0001,0,0,0,0.2687,0.2932,0.2687,0.2932,
2.2205,0,0.8882,0.4441,1.7764,0.4441,0,1.7764,0.8882,1.3323,0.4441,0.8882,0.8882,0.8882,1.3323,0,0.4441,1.7764,0.4441,0,0.0002,0,0.0001,0,0.0001,0,0,0.0001,0.0001,0.0001,0,0.0001,0.0001,0.0001,0.0001,0,0,0.0001,0,0,0.2492,0.3067,0.2492,0.3067,
0.8221,0.4111,0.4111,1.2332,0.4111,1.2332,1.2332,0.8221,0,0,0.4111,1.2332,0.8221,0.4111,0.8221,0.4111,0.4111,0,1.2332,0.4111,0.0001,0,0,0.0001,0,0.0001,0.0001,0.0001,0,0,0,0.0001,0.0001,0,0.0001,0,0,0,0.0001,0,0.2928,0.2961,0.2928,0.2961,
1.5439,0.5146,0,0.5146,1.0292,2.0585,0.5146,2.0585,0.5146,0.5146,1.5439,1.5439,0.5146,1.5439,0,0.5146,1.0292,1.0292,0,2.0585,0.0001,0,0,0,0.0001,0.0001,0,0.0001,0,0,0.0001,0.0001,0,0.0001,0,0,0.0001,0.0001,0,0.0001,0.2672,0.2182,0.2672,0.2182,
0.319,0.319,0.6381,0.319,0.6381,0.9571,1.5952,0.9571,0.9571,0.6381,0.319,0.319,0.319,0.319,1.5952,0.319,0.6381,0.6381,1.2762,0.6381,0,0,0,0,0,0.0001,0.0001,0.0001,0.0001,0,0,0,0,0,0.0001,0,0,0,0.0001,0,0.3181,0.3629,0.3181,0.3629,
0,0,0.371,1.1131,0.371,0.7421,0,0.7421,2.5973,2.2263,1.1131,0.371,0,0.7421,2.2263,0.7421,1.8552,0.7421,0,0.7421,0,0,0,0.0001,0,0.0001,0,0.0001,0.0002,0.0002,0.0001,0,0,0.0001,0.0002,0.0001,0.0002,0.0001,0,0.0001,0.2828,0.3462,0.2828,0.3462,
0,0,0.6593,0,0.6593,0.6593,0.6593,0,0.6593,0,0,0.6593,0.6593,0.6593,0.6593,0.6593,0,0.6593,1.3187,0,0,0,0.0001,0,0.0001,0.0001,0.0001,0,0.0001,0,0,0.0001,0.0001,0.0001,0.0001,0.0001,0,0.0001,0.0001,0,0.1795,0.1612,0.1795,0.1612,
0.4565,1.3694,0,0.4565,2.7388,0.9129,0,1.8259,0,0.9129,0.4565,0.9129,0.4565,1.3694,1.3694,2.7388,3.1953,0.9129,0,0,0,0.0001,0,0,0.0001,0,0,0.0001,0,0,0,0,0,0.0001,0.0001,0.0001,0.0001,0,0,0,0.2849,0.2587,0.2849,0.2587,
0.5217,0,0.5217,0.5217,0,0,0.5217,1.0435,1.0435,2.0869,2.0869,0.5217,1.0435,0,1.5652,1.0435,1.0435,0.5217,0.5217,0.5217,0,0,0,0,0,0,0,0.0001,0.0001,0.0002,0.0002,0,0.0001,0,0.0001,0.0001,0.0001,0,0,0,0.2988,0.1794,0.2988,0.1794,
0.5657,0,0.5657,1.1314,0.5657,1.1314,0.5657,0,0.5657,1.1314,0,0.5657,1.6971,0,0,0.5657,0.5657,1.1314,0,0.5657,0.0001,0,0.0001,0.0001,0.0001,0.0001,0.0001,0,0.0001,0.0001,0,0.0001,0.0002,0,0,0.0001,0.0001,0.0001,0,0.0001,0.2014,0.2329,0.2014,0.2329,
2.2841,0,0.9137,0.4568,2.741,0.4568,0,0.9137,0.4568,3.6546,0.4568,0.4568,1.3705,0,0.9137,1.3705,1.3705,1.3705,0.4568,0.4568,0.0001,0,0,0,0.0001,0,0,0,0,0.0002,0,0,0.0001,0,0,0.0001,0.0001,0.0001,0,0,0.2741,0.269,0.2741,0.269,
0,0.3942,0.3942,1.5768,0.3942,0.7884,0.7884,0.7884,0.7884,0.7884,0.7884,1.1826,1.5768,0.7884,1.1826,0,0.3942,0.7884,0,1.1826,0,0,0,0.0001,0,0.0001,0.0001,0.0001,0.0001,0.0001,0.0001,0.0001,0.0001,0.0001,0.0001,0,0,0.0001,0,0.0001,0.3063,0.2995,0.3063,0.2995,
1.3609,1.3609,1.8145,0.9072,0.4536,1.3609,0.9072,0.4536,0.4536,0.4536,0.4536,0.4536,0.9072,0.4536,0.9072,0.9072,0.9072,1.8145,0.4536,1.3609,0.0001,0.0001,0.0001,0,0,0.0001,0,0,0,0,0,0,0,0,0,0,0,0.0001,0,0.0001,0.2626,0.2838,0.2626,0.2838,
1.4116,0,0,0.7058,0,1.4116,0.7058,0.7058,0,1.4116,0,0,0,0.7058,0.7058,0.7058,1.4116,0.7058,0,0,0.0002,0,0,0.0001,0,0.0002,0.0001,0.0001,0,0.0002,0,0,0,0.0001,0.0001,0.0001,0.0002,0.0001,0,0,0.1637,0.1305,0.1637,0.1305,
0.4447,0,0,0,0,0,0,0,0,0,0,0,0.8894,0,9.7833,1.3341,0.4447,1.7788,0,0.4447,0.0001,0,0,0,0,0,0,0,0,0,0,0,0.0001,0,0.0014,0.0002,0.0001,0.0003,0,0.0001,0.2193,0.336,0.2193,0.336,
0.9692,0,0.4846,0.4846,1.4537,0,0,2.4229,0.4846,1.9383,0.4846,0.4846,0.9692,0.4846,0.9692,1.4537,1.4537,0.4846,0,1.4537,0.0001,0,0,0,0.0001,0,0,0.0001,0,0.0001,0,0,0.0001,0,0.0001,0.0001,0.0001,0,0,0.0001,0.2624,0.253,0.2624,0.253,
1.5049,0,1.0033,0.5016,3.0098,1.0033,0,1.5049,1.0033,2.0065,0.5016,0.5016,1.0033,0,1.0033,1.0033,1.0033,2.0065,0,0.5016,0.0001,0,0.0001,0,0.0002,0.0001,0,0.0001,0.0001,0.0001,0,0,0.0001,0,0.0001,0.0001,0.0001,0.0001,0,0,0.2566,0.2418,0.2566,0.2418,
0.316,0,0,0,0.9481,1.2641,0.632,0,1.5801,1.8961,0.632,0.316,0.316,0.316,3.7922,0.9481,1.2641,0.632,0,0,0,0,0,0,0.0001,0.0001,0.0001,0,0.0001,0.0002,0.0001,0,0,0,0.0003,0.0001,0.0001,0.0001,0,0,0.3448,0.3391,0.3448,0.3391,
0.6187,0,0.6187,0,0.6187,3.0933,0,0.6187,0.6187,0.6187,0,2.4746,0,0.6187,1.2373,1.2373,0.6187,0,0,0,0.0001,0,0.0001,0,0.0001,0.0003,0,0.0001,0.0001,0.0001,0,0.0002,0,0.0001,0.0001,0.0001,0.0001,0,0,0,0.1699,0.2114,0.1699,0.2114,
2.2933,0,0,2.8667,0.5733,1.1467,0,1.1467,2.2933,0.5733,0.5733,0,0,0,0.5733,1.72,0,0.5733,0,0,0.0002,0,0,0.0003,0.0001,0.0001,0,0.0001,0.0002,0.0001,0.0001,0,0,0,0.0001,0.0002,0,0.0001,0,0,0.1846,0.242,0.1846,0.242,
1.4977,0,0.3744,0.3744,0.3744,0.7488,0.7488,0.3744,1.8721,0.7488,0.7488,1.1233,1.4977,0.3744,1.4977,0.3744,1.1233,0.3744,1.4977,0.3744,0.0001,0,0,0,0,0,0,0,0.0001,0,0,0.0001,0.0001,0,0.0001,0,0.0001,0,0.0001,0,0.3101,0.3155,0.3101,0.3155,
0.5012,1.0024,1.0024,0,1.0024,0,0.5012,1.5036,0.5012,1.0024,1.5036,1.5036,0.5012,0.5012,1.0024,1.0024,3.0072,1.5036,1.0024,0.5012,0,0.0001,0.0001,0,0.0001,0,0,0.0001,0,0.0001,0.0001,0.0001,0,0,0.0001,0.0001,0.0002,0.0001,0.0001,0,0.2238,0.275,0.2238,0.275,
0.7325,0.7325,0,0,0,0,0,2.1975,0.7325,0,0,0.7325,0.7325,0,0.7325,0,0,0.7325,1.465,1.465,0.0001,0.0001,0,0,0,0,0,0.0002,0.0001,0,0,0.0001,0.0001,0,0.0001,0,0,0.0001,0.0001,0.0001,0.1796,0.0879,0.1796,0.0879,
0,0.6954,0,0.6954,1.0431,0.6954,0.6954,1.3908,2.0862,0,0.6954,0,1.7385,1.3908,2.0862,1.0431,1.0431,0.6954,0.3477,0.6954,0,0.0001,0,0.0001,0.0001,0.0001,0.0001,0.0001,0.0002,0,0.0001,0,0.0001,0.0001,0.0002,0.0001,0.0001,0.0001,0,0.0001,0.3503,0.302,0.3503,0.302,
1.0453,0,0,1.0453,2.6132,0.5226,0,1.5679,1.5679,2.0906,0.5226,0.5226,1.5679,0,0.5226,0.5226,1.5679,1.5679,0,0.5226,0.0001,0,0,0.0001,0.0002,0,0,0.0001,0.0001,0.0002,0,0,0.0001,0,0,0,0.0001,0.0001,0,0,0.2173,0.26,0.2173,0.26,
1.0572,3.1715,0,0.5286,0.5286,2.1143,0,0.5286,2.1143,0.5286,0,0.5286,1.5857,0,0,1.5857,1.0572,0,0,1.0572,0,0.0001,0,0,0,0.0001,0,0,0.0001,0,0,0,0.0001,0,0,0.0001,0,0,0,0,0.258,0.2134,0.258,0.2134,
0.9156,0.4578,0.9156,0.4578,0,0.9156,0.9156,0.9156,0.9156,1.8313,0.4578,0.4578,2.7469,0,0.4578,0.9156,0.9156,1.3735,0.4578,0.9156,0.0001,0,0.0001,0,0,0.0001,0.0001,0.0001,0.0001,0.0001,0,0,0.0002,0,0,0.0001,0.0001,0.0001,0,0.0001,0.2435,0.2987,0.2435,0.2987,
1.5565,0,0,0,0,0,0.7783,0,0.7783,1.5565,0,2.3348,0.7783,0.7783,0,0,0,0,0,0,0.0002,0,0,0,0,0,0.0001,0,0.0001,0.0002,0,0.0004,0.0001,0.0001,0,0,0,0,0,0,0.1215,0.1002,0.1215,0.1002,
1.7365,0,1.1577,1.7365,2.3154,1.1577,0,2.8942,0,2.8942,1.1577,0,1.1577,0,0,1.1577,0.5788,1.7365,0,0.5788,0.0001,0,0.0001,0.0001,0.0001,0.0001,0,0.0002,0,0.0002,0.0001,0,0.0001,0,0,0.0001,0,0.0001,0,0,0.2232,0.198,0.2232,0.198,
1.7028,0.8514,0,0,1.7028,0,0,0.8514,0.8514,0.8514,0,0,0,0.8514,0,0.8514,0,0.8514,0,0,0.0002,0.0001,0,0,0.0002,0,0,0.0001,0.0001,0.0001,0,0,0,0.0001,0,0.0001,0,0.0001,0,0,0.0691,0.0795,0.0691,0.0795,
0.4055,2.0275,0.811,1.622,0.811,0.4055,0.811,0.4055,0.4055,0.4055,0,0.4055,1.2165,0.4055,0.811,1.2165,0.4055,0.811,0.4055,1.2165,0,0.0001,0,0.0001,0,0,0,0,0,0,0,0,0.0001,0,0,0.0001,0,0,0,0.0001,0.2893,0.3052,0.2893,0.3052,
0,0,0,1.275,0.6375,3.1876,0,0,0,0.6375,0.6375,0.6375,0.6375,0,0.6375,1.275,0.6375,0,0.6375,0,0,0,0,0.0001,0.0001,0.0004,0,0,0,0.0001,0.0001,0.0001,0.0001,0,0.0001,0.0001,0.0001,0,0.0001,0,0.1849,0.1776,0.1849,0.1776,
0.924,0.462,1.8481,0.924,0.924,0.924,0.924,0.462,0,0.462,1.3861,1.3861,0.462,1.3861,0,1.8481,0,1.3861,0,1.8481,0,0,0.0001,0,0,0,0,0,0,0,0.0001,0.0001,0,0.0001,0,0.0001,0,0.0001,0,0.0001,0.2894,0.2485,0.2894,0.2485,
0.6783,0,1.3566,0,1.3566,0,0,0.6783,0,0,0,0.6783,0.6783,0,0.6783,2.0349,0,0,0,0.6783,0.0001,0,0.0001,0,0.0001,0,0,0.0001,0,0,0,0.0001,0.0001,0,0.0001,0.0002,0,0,0,0.0001,0.1521,0.1696,0.1521,0.1696,
0,1.6647,0,0.4162,1.2485,0.8324,0,1.6647,1.6647,0.4162,1.6647,0,0.8324,0.8324,1.2485,0.8324,0.8324,0.4162,0.4162,0.4162,0,0.0001,0,0,0.0001,0,0,0.0001,0.0001,0,0.0001,0,0,0,0.0001,0,0,0,0,0,0.2882,0.2956,0.2882,0.2956,
0,0,0,0,0,0.8183,0.8183,0,0,0,1.6366,0.8183,1.6366,0,0,0.8183,0,2.4549,0,0,0,0,0,0,0,0.0001,0.0001,0,0,0,0.0002,0.0001,0.0002,0,0,0.0001,0,0.0004,0,0,0.0919,0.0898,0.0919,0.0898,
0,1.2634,0.4211,0.4211,1.2634,1.2634,0.4211,0.4211,2.5268,0.8423,0.4211,0.8423,1.2634,0.8423,0.8423,1.2634,0.4211,0.4211,0.4211,0.4211,0,0.0001,0,0,0.0001,0.0001,0,0,0.0001,0,0,0,0.0001,0,0,0.0001,0,0,0,0,0.3034,0.2754,0.3034,0.2754,
0,0,0,0.8124,0,0.8124,0,0,0,0.8124,2.4372,0.8124,0,0,0,0,0.8124,1.6248,0,0,0,0,0,0.0001,0,0.0001,0,0,0,0.0001,0.0004,0.0001,0,0,0,0,0.0001,0.0003,0,0,0.0905,0.0971,0.0905,0.0971,
0.4562,0.4562,0.4562,0.9124,1.3686,1.3686,0,0.4562,1.8248,1.3686,0,0.4562,0.4562,0.4562,0,0.9124,0,1.3686,1.3686,1.3686,0,0,0,0.0001,0.0001,0.0001,0,0,0.0001,0.0001,0,0,0,0,0,0.0001,0,0.0001,0.0001,0.0001,0.2835,0.2603,0.2835,0.2603,
0.4863,0.9727,0.4863,1.459,1.459,0.9727,0.4863,1.459,1.459,0.4863,0.9727,0,0.4863,0.4863,0,0.4863,0.4863,0.4863,0,0.4863,0,0.0001,0,0.0001,0.0001,0.0001,0,0.0001,0.0001,0,0.0001,0,0,0,0,0,0,0,0,0,0.2224,0.2912,0.2224,0.2912,
0,0,0.7157,0,0,2.1472,0.7157,0,0,2.1472,0,0.7157,1.4315,1.4315,0,0,2.1472,2.1472,0,0.7157,0,0,0.0001,0,0,0.0003,0.0001,0,0,0.0003,0,0.0001,0.0002,0.0002,0,0,0.0003,0.0003,0,0.0001,0.1357,0.1485,0.1357,0.1485,
0,0,0,0,0,0,0.6033,0,1.8098,0,0,1.2065,1.2065,0,0.6033,1.8098,0,0.6033,1.2065,0,0,0,0,0,0,0,0.0001,0,0.0002,0,0,0.0001,0.0001,0,0.0001,0.0002,0,0.0001,0.0001,0,0.2316,0.1651,0.2316,0.1651,
0.7194,0.3597,0.3597,1.0791,0.3597,0.3597,1.0791,0,0.7194,1.0791,1.0791,1.7985,0,0,1.0791,0,1.4388,0.3597,2.5179,0.3597,0,0,0,0.0001,0,0,0.0001,0,0,0.0001,0.0001,0.0001,0,0,0.0001,0,0.0001,0,0.0001,0,0.3745,0.2658,0.3745,0.2658,
1.8784,0,1.1271,0.7514,0.7514,1.5028,1.1271,1.5028,0.7514,1.1271,0.3757,0.7514,0.7514,0.3757,0.3757,1.5028,0,0.7514,0.7514,0.3757,0.0001,0,0.0001,0,0,0.0001,0.0001,0.0001,0,0.0001,0,0,0,0,0,0.0001,0,0,0,0,0.3149,0.3094,0.3149,0.3094,
1.2625,1.2625,1.8938,0,1.2625,0,0.6313,0.6313,0.6313,1.2625,0,0.6313,1.2625,0,0.6313,0,1.2625,0.6313,0,0,0.0001,0.0001,0.0001,0,0.0001,0,0,0,0,0.0001,0,0,0.0001,0,0,0,0.0001,0,0,0,0.226,0.1427,0.226,0.1427,
0.5645,0,1.1291,0.5645,0.5645,2.2581,0,2.2581,0,0.5645,0,0,0,0,1.1291,0.5645,0,0.5645,0,0,0,0,0.0001,0,0,0.0002,0,0.0002,0,0,0,0,0,0,0.0001,0,0,0,0,0,0.2447,0.1908,0.2447,0.1908,
0.392,0.7839,0.392,0.392,1.1759,1.9599,1.1759,1.1759,0.7839,1.1759,1.5679,1.1759,0.392,0,0.7839,0.7839,0.7839,0.392,0,1.5679,0,0,0,0,0.0001,0.0001,0.0001,0.0001,0,0.0001,0.0001,0.0001,0,0,0,0,0,0,0,0.0001,0.3669,0.2411,0.3669,0.2411,
1.8811,0.4703,0.9405,2.3513,1.8811,0.9405,0.4703,0.9405,0,2.3513,0.4703,0,0.9405,0.9405,0.4703,1.8811,1.8811,0.4703,0,0.9405,0.0001,0,0,0.0001,0.0001,0,0,0,0,0.0001,0,0,0,0,0,0.0001,0.0001,0,0,0,0.2622,0.2675,0.2622,0.2675,
1.5394,0.3848,1.1545,1.9242,0,1.1545,0.7697,0.7697,0.7697,0.7697,1.1545,0.7697,0.3848,0.7697,0.3848,0.7697,0.3848,1.5394,0,1.5394,0.0001,0,0.0001,0.0001,0,0.0001,0,0,0,0,0.0001,0,0,0,0,0,0,0.0001,0,0.0001,0.3168,0.2984,0.3168,0.2984,
1.7132,2.5698,0.4283,0,0.8566,2.1415,0,2.5698,1.2849,0.8566,0.4283,0,0.4283,0.4283,1.2849,1.7132,0.8566,0.4283,0.4283,0.4283,0.0001,0.0001,0,0,0,0.0001,0,0.0001,0,0,0,0,0,0,0,0.0001,0,0,0,0,0.2674,0.3043,0.2674,0.3043,
1.6796,0,0.8398,0.4199,0.8398,1.2597,0.8398,0.4199,0.8398,2.5194,1.2597,0.8398,1.2597,2.0995,1.2597,0.8398,0.4199,0.8398,0.4199,0.4199,0.0001,0,0.0001,0,0.0001,0.0001,0.0001,0,0.0001,0.0002,0.0001,0.0001,0.0001,0.0001,0.0001,0.0001,0,0.0001,0,0,0.3092,0.2709,0.3092,0.2709,
1.3246,2.6492,0,0.6623,0,2.6492,0,0,0,0.6623,0,1.3246,0.6623,1.9869,0.6623,0.6623,0.6623,0,0,1.3246,0.0001,0.0001,0,0,0,0.0001,0,0,0,0,0,0.0001,0,0.0001,0,0,0,0,0,0.0001,0.1691,0.1686,0.1691,0.1686,
0.7547,0.7547,0.3774,0,0.7547,0.3774,0.3774,0.7547,2.2642,1.1321,0.3774,0.3774,0.7547,0.7547,2.6416,1.8869,0,1.1321,0,0,0,0,0,0,0,0,0,0,0.0001,0.0001,0,0,0,0,0.0002,0.0001,0,0.0001,0,0,0.3656,0.257,0.3656,0.257,
1.8011,0,1.0807,0.7205,0.3602,1.8011,0.7205,0.3602,1.4409,1.8011,1.0807,0.7205,0.3602,0.3602,1.0807,1.0807,0.3602,0.3602,0,0.7205,0.0001,0,0.0001,0,0,0.0001,0,0,0.0001,0.0001,0.0001,0,0,0,0.0001,0.0001,0,0,0,0,0.2764,0.3634,0.2764,0.3634,
0.4826,1.4479,1.9306,0.4826,1.4479,0.9653,1.4479,0,0.4826,0,0.9653,1.9306,1.9306,0.9653,0,0,0,0.4826,0,0.4826,0,0.0001,0.0001,0,0.0001,0.0001,0.0001,0,0,0,0.0001,0.0001,0.0001,0.0001,0,0,0,0,0,0,0.3013,0.2161,0.3013,0.2161,
0.6612,1.3223,0,1.9835,0.6612,0.3306,0.6612,0.6612,4.2975,0.6612,0.9917,1.3223,0,0,0.6612,0.9917,0.6612,0.3306,0,0.3306,0,0.0001,0,0.0001,0,0,0,0,0.0002,0,0,0.0001,0,0,0,0,0,0,0,0,0.3249,0.3445,0.3249,0.3445,
0,0.8202,0.4101,0,0.4101,1.2304,1.2304,1.6405,0.4101,0,0.4101,0.8202,0.8202,0.8202,0.4101,1.2304,1.2304,0.8202,2.8708,1.2304,0,0,0,0,0,0.0001,0.0001,0.0001,0,0,0,0,0,0,0,0.0001,0.0001,0,0.0001,0.0001,0.314,0.2759,0.314,0.2759,
1.3935,0,0.6968,0,0.6968,0.6968,0.6968,0.6968,0,0,0,0,0,0.6968,0.6968,0,0,0.6968,0,1.3935,0.0002,0,0.0001,0,0.0001,0.0001,0.0001,0.0001,0,0,0,0,0,0.0001,0.0001,0,0,0.0001,0,0.0002,0.1605,0.1427,0.1605,0.1427,
1.0012,0,2.0024,2.503,0,0.5006,0,0.5006,2.0024,2.503,0,0.5006,0.5006,0.5006,2.0024,0,0,0.5006,0,0,0.0001,0,0.0002,0.0002,0,0,0,0,0.0002,0.0002,0,0,0,0,0.0002,0,0,0,0,0,0.2374,0.262,0.2374,0.262,
0.7528,1.1293,0.3764,1.5057,1.5057,0.3764,0.7528,1.1293,0.3764,0.7528,0.3764,1.1293,0.7528,0.7528,0.7528,0,1.1293,0.7528,0.7528,1.5057,0,0,0,0.0001,0.0001,0,0,0,0,0,0,0,0,0,0,0,0,0,0,0.0001,0.283,0.3405,0.283,0.3405,
0.514,0.514,1.5421,2.0562,0,1.5421,0.514,0,0,1.0281,0,1.0281,1.5421,1.0281,0.514,0.514,1.5421,2.0562,0,0.514,0,0,0.0001,0.0002,0,0.0001,0,0,0,0.0001,0,0.0001,0.0001,0.0001,0,0,0.0001,0.0002,0,0,0.2612,0.2247,0.2612,0.2247,
0.5213,1.0425,1.0425,0,0.5213,1.0425,1.0425,1.0425,1.0425,1.0425,0.5213,1.0425,1.0425,0.5213,0.5213,0.5213,2.0851,1.0425,0.5213,0.5213,0,0.0001,0.0001,0,0,0.0001,0.0001,0.0001,0.0001,0.0001,0,0.0001,0.0001,0,0,0,0.0001,0.0001,0,0,0.2391,0.2396,0.2391,0.2396,
0,0,0,0.6484,0,0,0,0.6484,0.6484,0,0.6484,0,1.9453,0.6484,1.2969,1.2969,0,0.6484,0,0.6484,0,0,0,0.0001,0,0,0,0.0001,0.0001,0,0.0001,0,0.0003,0.0001,0.0002,0.0002,0,0.0001,0,0.0001,0.1984,0.1531,0.1984,0.1531,
0,0.6153,0.6153,0,0.6153,0,0,0,0,2.4613,0,1.2307,0.6153,0,1.846,0.6153,0,0.6153,0.6153,1.846,0,0,0,0,0,0,0,0,0,0.0002,0,0.0001,0,0,0.0001,0,0,0,0,0.0001,0.2572,0.1275,0.2572,0.1275,
1.3809,0,1.3809,0.4603,2.7618,1.3809,0,0.4603,0.9206,2.3015,0.4603,0,1.3809,0.4603,0.9206,1.3809,0.9206,2.3015,0,0.4603,0.0001,0,0.0001,0,0.0002,0.0001,0,0,0.0001,0.0002,0,0,0.0001,0,0.0001,0.0001,0.0001,0.0002,0,0,0.2635,0.2762,0.2635,0.2762,
1.7814,0,0.5938,0.5938,0.5938,2.3752,0.5938,2.3752,0,2.969,0.5938,0,0,0,0.5938,1.1876,0.5938,2.3752,0,0,0.0001,0,0,0,0,0.0002,0,0.0002,0,0.0002,0,0,0,0,0,0.0001,0,0.0002,0,0,0.2088,0.1974,0.2088,0.1974,
0,0,0.6689,2.6756,0,0,0,0,0,1.3378,0,0,1.3378,0,0.6689,0.6689,0,1.3378,0,0,0,0,0.0001,0.0003,0,0,0,0,0,0.0002,0,0,0.0002,0,0.0001,0.0001,0,0.0002,0,0,0.1973,0.1338,0.1973,0.1338,
1.3321,0.444,0.444,2.2202,0.8881,0,0.444,1.3321,0.8881,0.444,0.444,0.8881,0.444,0.444,0.444,0.444,0.444,0,0.444,0,0.0001,0,0,0.0001,0.0001,0,0,0.0001,0.0001,0,0,0.0001,0,0,0,0,0,0,0,0,0.2683,0.2877,0.2683,0.2877,
1.2518,0,0.4173,1.6691,0,0.4173,0.4173,0.8345,0.8345,1.2518,0,0.8345,2.5036,0.4173,1.2518,0.4173,0.4173,0,0,2.0863,0.0001,0,0,0.0001,0,0,0,0.0001,0.0001,0.0001,0,0.0001,0.0002,0,0.0001,0,0,0,0,0.0002,0.2827,0.3001,0.2827,0.3001,
0.3778,0.7557,1.1335,0.3778,1.5114,1.1335,1.1335,0,1.1335,0.3778,0.7557,1.1335,0.7557,1.5114,0.3778,0,0.7557,0.7557,1.1335,0.7557,0,0,0.0001,0,0.0001,0.0001,0.0001,0,0.0001,0,0,0.0001,0,0.0001,0,0,0,0,0.0001,0,0.3144,0.3078,0.3144,0.3078,
0.5685,0,0.5685,0,1.1369,0,1.1369,0,0.5685,0.5685,0,0,1.7054,0,1.1369,0.5685,1.1369,0.5685,0,1.7054,0.0001,0,0.0001,0,0.0001,0,0.0001,0,0.0001,0.0001,0,0,0.0002,0,0.0001,0.0001,0.0001,0.0001,0,0.0002,0.2627,0.1688,0.2627,0.1688,
0.7851,0.3926,0.7851,1.1777,0.3926,1.1777,0,0.3926,1.1777,0,0.7851,0.7851,1.5702,0,0.3926,1.1777,0.3926,0.3926,1.9628,0.7851,0,0,0,0.0001,0,0.0001,0,0,0.0001,0,0,0,0.0001,0,0,0.0001,0,0,0.0001,0,0.2976,0.3099,0.2976,0.3099,
2.3798,1.1899,0,0,1.1899,0,0.5949,1.7848,1.1899,1.7848,1.1899,1.1899,1.1899,0,0.5949,1.1899,0.5949,0.5949,0,0,0.0001,0.0001,0,0,0.0001,0,0,0.0001,0.0001,0.0001,0.0001,0.0001,0.0001,0,0,0.0001,0,0,0,0,0.181,0.224,0.181,0.224,
0.3468,0.3468,1.0404,0.6936,1.0404,0.6936,1.0404,0.3468,1.0404,1.0404,1.0404,1.734,1.3872,0.3468,1.0404,0,0,0.3468,1.0404,1.3872,0,0,0.0001,0,0.0001,0,0.0001,0,0.0001,0.0001,0.0001,0.0001,0.0001,0,0.0001,0,0,0,0.0001,0.0001,0.3031,0.3501,0.3031,0.3501,
0.7477,1.1215,1.1215,0.7477,0.7477,0.7477,0.3738,1.1215,1.4953,0,0.7477,0.7477,1.1215,0.3738,0.7477,0.7477,1.1215,0.3738,1.4953,0.3738,0,0.0001,0.0001,0,0,0,0,0.0001,0.0001,0,0,0,0.0001,0,0,0,0.0001,0,0.0001,0,0.3243,0.3018,0.3243,0.3018,
0.7363,0.7363,1.4726,1.4726,1.1045,0.3682,0.7363,1.4726,0,0,0.3682,0.7363,1.4726,0,0.7363,1.1045,0.7363,0.7363,1.4726,0.7363,0,0,0.0001,0.0001,0.0001,0,0,0.0001,0,0,0,0,0.0001,0,0,0.0001,0,0,0.0001,0,0.3152,0.3166,0.3152,0.3166,
0.715,0,0,0,0,5.005,0,0,0,5.005,0,1.43,0,0,0,1.43,0.715,1.43,0,0,0,0,0,0,0,0.0003,0,0,0,0.0003,0,0.0001,0,0,0,0.0001,0,0.0001,0,0,0.1197,0.1653,0.1197,0.1653,
0.7869,0.7869,0.7869,0,2.3607,0.3935,0,1.1804,1.1804,1.1804,0.3935,1.5738,1.9673,0.3935,0.3935,3.1476,0.7869,0,1.5738,0.3935,0,0,0,0,0.0001,0,0,0,0,0,0,0.0001,0.0001,0,0,0.0001,0,0,0.0001,0,0.2975,0.3091,0.2975,0.3091,
1.6342,0,1.2257,0.8171,0,0.4086,0.4086,0.8171,0.4086,0.8171,0.4086,0.8171,1.6342,0.4086,1.6342,0.8171,0.4086,0,0,2.0428,0.0001,0,0.0001,0.0001,0,0,0,0.0001,0,0.0001,0,0.0001,0.0001,0,0.0001,0.0001,0,0,0,0.0002,0.2887,0.3027,0.2887,0.3027,
0,0,0,0.6924,1.3847,0.6924,0.6924,0,0,0,0.6924,0.6924,0,0.6924,0.6924,0,0,0,0,0.6924,0,0,0,0.0001,0.0002,0.0001,0.0001,0,0,0,0.0001,0.0001,0,0.0001,0.0001,0,0,0,0,0.0001,0.2008,0.1069,0.2008,0.1069,
0,0.704,0.704,1.4081,0.704,0,0,0,0.704,0.704,0.704,0,1.4081,0,0,0,0.704,0,0,0,0,0.0001,0.0001,0.0001,0.0001,0,0,0,0.0001,0.0001,0.0001,0,0.0001,0,0,0,0.0001,0,0,0,0.1812,0.1148,0.1812,0.1148,
0,0,0,0,2.4336,1.6224,0.8112,0.8112,0,0,0,0,0.8112,0,0,0,0,1.6224,0.8112,0,0,0,0,0,0.0005,0.0003,0.0002,0.0002,0,0,0,0,0.0002,0,0,0,0,0.0003,0.0002,0,0.0818,0.107,0.0818,0.107,
0.4484,0,0.8967,1.3451,2.6901,0.8967,0,0,0.4484,0,1.3451,0.4484,1.3451,0.4484,0,0.8967,0.4484,0.4484,1.3451,2.2418,0,0,0,0.0001,0.0001,0,0,0,0,0,0.0001,0,0.0001,0,0,0,0,0,0.0001,0.0001,0.2529,0.2988,0.2529,0.2988,
0.6922,0,0,0.3461,0,1.0383,0.3461,1.3844,2.0767,0.6922,0.6922,1.3844,0.3461,0.3461,3.115,0.6922,0,0.3461,0,0.6922,0.0001,0,0,0,0,0.0001,0,0.0001,0.0002,0.0001,0.0001,0.0001,0,0,0.0003,0.0001,0,0,0,0.0001,0.3718,0.2821,0.3718,0.2821,
0.4221,0,1.6884,1.2663,0,0.4221,1.2663,0.8442,0.4221,0,1.2663,0,0.4221,1.2663,0.4221,0.8442,0.8442,1.2663,0.4221,0,0,0,0.0001,0.0001,0,0,0.0001,0.0001,0,0,0.0001,0,0,0.0001,0,0.0001,0.0001,0.0001,0,0,0.2757,0.3022,0.2757,0.3022,
0.4109,0.8218,1.6436,2.0546,0.8218,1.2327,0,0,1.6436,2.0546,0.8218,0,0.8218,0,0,0,0.8218,2.4655,0,0.8218,0,0,0.0001,0.0001,0,0.0001,0,0,0.0001,0.0001,0,0,0,0,0,0,0,0.0001,0,0,0.2902,0.2989,0.2902,0.2989,
0.7473,0,1.1209,1.1209,0.7473,1.1209,2.6155,0,0,0.7473,0.7473,1.4946,0,1.1209,0.7473,1.1209,1.1209,1.4946,0.3736,0.7473,0.0001,0,0.0001,0.0001,0.0001,0.0001,0.0002,0,0,0.0001,0.0001,0.0001,0,0.0001,0.0001,0.0001,0.0001,0.0001,0,0.0001,0.3283,0.2981,0.3283,0.2981,
0.3495,0,0,0.3495,0.3495,0.699,0.3495,0.3495,1.7476,1.7476,0.3495,1.0485,0,0.699,3.4951,0.699,0.699,1.0485,0,0.3495,0,0,0,0,0,0.0001,0,0,0.0002,0.0002,0,0.0001,0,0.0001,0.0003,0.0001,0.0001,0.0001,0,0,0.3477,0.3028,0.3477,0.3028,
0.8243,0.8243,1.2364,0,0,1.6486,1.6486,2.0607,0.4121,2.0607,1.2364,1.2364,0.4121,0.4121,0.4121,0.4121,0,1.2364,1.2364,0.8243,0,0,0.0001,0,0,0.0001,0.0001,0.0001,0,0.0001,0.0001,0.0001,0,0,0,0,0,0.0001,0.0001,0,0.2857,0.3022,0.2857,0.3022,
1.1197,0.7464,1.8661,0.3732,0,0.3732,0.7464,1.4929,0.7464,0.7464,1.4929,0.7464,0.3732,0.3732,1.4929,0.7464,0.7464,1.1197,0.3732,0.7464,0.0001,0,0.0001,0,0,0,0,0.0001,0,0,0.0001,0,0,0,0.0001,0,0,0.0001,0,0,0.3101,0.3167,0.3101,0.3167,
0.7387,0.3693,1.4774,0.3693,1.4774,1.108,0.7387,0.3693,1.108,0.7387,1.4774,1.108,1.108,1.4774,1.108,1.108,1.108,0.3693,0,0.3693,0,0,0.0001,0,0.0001,0.0001,0,0,0.0001,0,0.0001,0.0001,0.0001,0.0001,0.0001,0.0001,0.0001,0,0,0,0.3453,0.2853,0.3453,0.2853,
0.3221,1.2883,0.3221,0.9662,0.3221,0.3221,0.9662,0.3221,1.6104,0.9662,0.6441,0.9662,0,0.6441,2.2545,0.9662,1.9324,0.6441,0,0.3221,0,0.0001,0,0.0001,0,0,0.0001,0,0.0001,0.0001,0,0.0001,0,0,0.0001,0.0001,0.0001,0,0,0,0.3512,0.3267,0.3512,0.3267,
0.4801,0,0.4801,0.9603,0.9603,0.9603,0.4801,0.4801,1.4404,2.8809,0.9603,0.4801,0.4801,0,0,0.4801,0.4801,1.4404,0,0.9603,0,0,0,0.0001,0.0001,0.0001,0,0,0.0001,0.0002,0.0001,0,0,0,0,0,0,0.0001,0,0.0001,0.2548,0.265,0.2548,0.265,
0,0,0.6165,0,0,0,0,1.233,0,1.233,0.6165,0.6165,0.6165,0,1.233,2.466,1.233,0,0.6165,0.6165,0,0,0.0001,0,0,0,0,0.0001,0,0.0001,0.0001,0.0001,0.0001,0,0.0001,0.0002,0.0001,0,0.0001,0.0001,0.1879,0.1956,0.1879,0.1956,
1.4931,0,1.8664,0.7466,0.3733,1.1199,0,1.4931,1.1199,0.3733,0.7466,0.7466,0.3733,0.3733,1.1199,0,0.7466,0.7466,0.7466,0.7466,0.0001,0,0.0001,0,0,0.0001,0,0.0001,0.0001,0,0,0,0,0,0.0001,0,0,0,0,0,0.3376,0.2891,0.3376,0.2891,
1.4477,0,1.4477,0.9651,0.9651,1.9303,0,1.9303,0.9651,0.4826,0,0.9651,0,0,0.4826,0.4826,0.9651,0,0,0,0.0001,0,0.0001,0.0001,0.0001,0.0001,0,0.0001,0.0001,0,0,0.0001,0,0,0,0,0.0001,0,0,0,0.2334,0.284,0.2334,0.284,
0.4275,0.4275,1.2824,0.8549,1.2824,1.2824,1.2824,0.4275,0.4275,0,0.8549,1.2824,0,0.4275,0.4275,0.8549,0.4275,0.4275,0,0.4275,0,0,0.0001,0.0001,0.0001,0.0001,0.0001,0,0,0,0.0001,0.0001,0,0,0,0.0001,0,0,0,0,0.2964,0.2761,0.2964,0.2761,
0.6239,0,0.6239,0,0.6239,1.2479,1.2479,0.6239,0,0,0.6239,1.2479,0.6239,0.6239,0.6239,0,0.6239,0.6239,0.6239,0.6239,0.0001,0,0.0001,0,0.0001,0.0001,0.0001,0.0001,0,0,0.0001,0.0001,0.0001,0.0001,0.0001,0,0.0001,0.0001,0.0001,0.0001,0.1975,0.1786,0.1975,0.1786,
3.8713,0,0,0,0,1.2904,0,0.6452,1.2904,1.2904,0,0,0.6452,0.6452,0.6452,0.6452,0.6452,1.2904,0,0.6452,0.0004,0,0,0,0,0.0001,0,0.0001,0.0001,0.0001,0,0,0.0001,0.0001,0.0001,0.0001,0.0001,0.0001,0,0.0001,0.1769,0.1779,0.1769,0.1779,
0.4044,0.4044,0,0.8088,0.8088,1.2131,0.4044,0.8088,1.6175,1.6175,0.8088,1.2131,0.8088,0.8088,0.8088,0.4044,0.4044,0.8088,1.6175,0.4044,0,0,0,0,0,0.0001,0,0,0.0001,0.0001,0,0.0001,0,0,0,0,0,0,0.0001,0,0.2946,0.301,0.2946,0.301,
0.3599,0.3599,2.1594,1.0797,1.0797,0.7198,0.3599,0.7198,1.4396,0.3599,0.7198,1.0797,0.3599,1.4396,0,0.3599,1.0797,1.0797,0.7198,0.3599,0,0,0.0001,0.0001,0.0001,0,0,0,0.0001,0,0,0.0001,0,0.0001,0,0,0.0001,0.0001,0,0,0.2994,0.3407,0.2994,0.3407,
0.6172,0,0.6172,1.2344,0,0,1.8517,3.0861,0.6172,0,0,1.2344,0.6172,0.6172,0,0,0,1.8517,0,0,0.0001,0,0.0001,0.0001,0,0,0.0002,0.0004,0.0001,0,0,0.0001,0.0001,0.0001,0,0,0,0.0002,0,0,0.1837,0.1991,0.1837,0.1991,
0.6959,0,0,0,0.348,1.7398,0.6959,0.348,1.7398,0.6959,0.6959,0.348,0,0.6959,3.8275,0.6959,2.0877,1.0439,0,0,0.0001,0,0,0,0,0.0002,0.0001,0,0.0002,0.0001,0.0001,0,0,0.0001,0.0004,0.0001,0.0002,0.0001,0,0,0.3493,0.3028,0.3493,0.3028,
1.2126,1.2126,1.2126,0.6063,1.2126,1.2126,0.6063,0,1.2126,0.6063,1.2126,0.6063,1.8188,0,0,2.4251,2.4251,0,0,0.6063,0.0001,0.0001,0.0001,0,0.0001,0.0001,0,0,0.0001,0,0.0001,0,0.0001,0,0,0.0001,0.0001,0,0,0,0.2182,0.1755,0.2182,0.1755,
0.7839,0.7839,0,0,0,0,0.7839,1.5678,0,1.5678,0.7839,0,0.7839,0,0,1.5678,0.7839,0,0.7839,0.7839,0.0001,0.0001,0,0,0,0,0.0001,0.0001,0,0.0001,0.0001,0,0.0001,0,0,0.0001,0.0001,0,0.0001,0.0001,0.1076,0.1085,0.1076,0.1085,
0.7162,1.0743,0,0.7162,0.3581,0.7162,1.4323,1.4323,2.1485,1.0743,0.3581,1.0743,0.3581,0.3581,0.7162,1.4323,1.0743,0,0,0.3581,0,0.0001,0,0,0,0,0.0001,0.0001,0.0001,0.0001,0,0.0001,0,0,0,0.0001,0.0001,0,0,0,0.3549,0.287,0.3549,0.287,
0.6893,1.7233,1.7233,0.6893,0,0.3447,1.034,1.034,0.6893,1.034,0.6893,1.034,1.034,0.3447,0.6893,1.034,0.3447,0.6893,1.034,0,0,0.0001,0.0001,0,0,0,0,0,0,0,0,0,0,0,0,0,0,0,0,0,0.375,0.2804,0.375,0.2804,
0.5226,0,0.5226,2.0902,0.5226,1.0451,0,0,2.0902,0.5226,0,0.5226,2.6128,0,0.5226,1.0451,2.6128,0.5226,0.5226,0,0.0001,0,0.0001,0.0002,0.0001,0.0001,0,0,0.0002,0.0001,0,0.0001,0.0003,0,0.0001,0.0001,0.0003,0.0001,0.0001,0,0.2901,0.1873,0.2901,0.1873,
1.3659,0.3415,1.0244,0.683,0.3415,1.0244,1.0244,2.7318,0.683,0.683,0.3415,0,0.683,0.683,1.0244,0,2.0489,0,0.683,1.3659,0.0001,0,0.0001,0,0,0.0001,0.0001,0.0002,0,0,0,0,0,0,0.0001,0,0.0001,0,0,0.0001,0.2971,0.3615,0.2971,0.3615,
1.9704,0.7882,0.3941,0,1.1823,0.7882,0.7882,0.7882,0.7882,1.1823,0.3941,1.1823,0.3941,0.3941,1.5763,0.7882,1.1823,0.3941,0.3941,1.1823,0.0001,0,0,0,0.0001,0,0,0,0,0.0001,0,0.0001,0,0,0.0001,0,0.0001,0,0,0.0001,0.287,0.3189,0.287,0.3189,
0,0.406,0.812,0.406,1.218,0.406,0,2.436,2.842,2.842,0.406,1.218,0,2.436,0,1.218,1.218,0.812,0,1.624,0,0,0,0,0.0001,0,0,0.0001,0.0002,0.0002,0,0.0001,0,0.0001,0,0.0001,0.0001,0,0,0.0001,0.2777,0.3163,0.2777,0.3163,
0,0,0,0.6734,0,0.6734,1.3468,0.6734,0,0.6734,0,0.6734,1.3468,0,0.6734,0,0.6734,0.6734,0,1.3468,0,0,0,0.0001,0,0.0001,0.0002,0.0001,0,0.0001,0,0.0001,0.0002,0,0.0001,0,0.0001,0.0001,0,0.0002,0.169,0.1576,0.169,0.1576,
0.5483,0,1.6448,0,0.5483,2.7413,0,1.6448,0.5483,1.0965,0,0.5483,0.5483,0,0.5483,1.0965,0.5483,0.5483,0,0,0,0,0.0001,0,0,0.0002,0,0.0001,0,0.0001,0,0,0,0,0,0.0001,0,0,0,0,0.2213,0.2304,0.2213,0.2304,
0,1.0425,0.695,0.3475,1.0425,1.0425,1.3901,0.695,1.3901,1.0425,1.0425,0.695,0.695,0.3475,1.0425,1.0425,0,0,0.695,1.0425,0,0.0001,0,0,0.0001,0.0001,0.0001,0,0.0001,0.0001,0.0001,0,0,0,0.0001,0.0001,0,0,0,0.0001,0.3608,0.2917,0.3608,0.2917,
0,0.3239,1.6193,0.3239,0.6477,1.6193,1.2955,0.3239,2.5909,0,1.2955,0.6477,0.6477,0.3239,0.9716,0.3239,0.3239,0.6477,0.6477,0.3239,0,0,0.0001,0,0,0.0001,0.0001,0,0.0002,0,0.0001,0,0,0,0.0001,0,0,0,0,0,0.3286,0.3475,0.3286,0.3475,
0,0,0,1.3715,0,1.3715,0,1.3715,0.6858,0.6858,0,0,0.6858,0,0,0.6858,0,0,0.6858,0,0,0,0,0.0002,0,0.0002,0,0.0002,0.0001,0.0001,0,0,0.0001,0,0,0.0001,0,0,0.0001,0,0.127,0.1872,0.127,0.1872,
1.7801,0,1.3351,1.3351,0,0.89,0,0.89,0,0.445,0.445,1.3351,0.89,0,0.89,1.7801,2.6701,1.3351,0.445,0,0.0001,0,0.0001,0.0001,0,0.0001,0,0.0001,0,0,0,0.0001,0.0001,0,0.0001,0.0001,0.0002,0.0001,0,0,0.2628,0.2922,0.2628,0.2922,
0.9822,0,0.4911,0.9822,2.4555,0.9822,0,1.4733,0.9822,1.9644,0.4911,0,1.4733,0,0.9822,0.9822,0.9822,1.4733,0,0.4911,0.0001,0,0,0.0001,0.0002,0.0001,0,0.0001,0.0001,0.0001,0,0,0.0001,0,0.0001,0.0001,0.0001,0.0001,0,0,0.2248,0.2841,0.2248,0.2841,
0.5704,0,1.1409,0.5704,0,0.5704,0.5704,1.1409,0.5704,0.5704,0,0,0.5704,0,0.5704,0.5704,0,0.5704,0.5704,1.1409,0.0001,0,0.0001,0.0001,0,0.0001,0.0001,0.0001,0.0001,0.0001,0,0,0.0001,0,0.0001,0.0001,0,0.0001,0.0001,0.0001,0.2116,0.2179,0.2116,0.2179,
0.9517,0.9517,0.9517,0.9517,0.9517,0,0.9517,0.9517,0,0.9517,0.4759,0.4759,0.4759,0,1.4276,0,1.9034,0.9517,2.3793,1.4276,0.0001,0.0001,0.0001,0.0001,0.0001,0,0.0001,0.0001,0,0.0001,0,0,0,0,0.0001,0,0.0001,0.0001,0.0001,0.0001,0.2411,0.2831,0.2411,0.2831,
0.3378,1.3511,2.0266,0.3378,0.6755,1.0133,0.3378,0.6755,0.6755,1.3511,0.6755,0,1.3511,1.0133,1.6888,0.3378,0.6755,1.0133,0,1.3511,0,0.0001,0.0001,0,0,0,0,0,0,0.0001,0,0,0.0001,0,0.0001,0,0,0,0,0.0001,0.3486,0.3136,0.3486,0.3136,
1.5332,0,0.5111,0.5111,3.5775,0.5111,0,1.5332,0,2.5554,0.5111,1.0221,1.5332,0,0.5111,1.0221,3.0664,1.5332,0.5111,0.5111,0.0001,0,0,0,0.0002,0,0,0.0001,0,0.0001,0,0.0001,0.0001,0,0,0.0001,0.0002,0.0001,0,0,0.2346,0.2543,0.2346,0.2543,
0.6885,0.6885,1.0328,0.6885,1.7213,0,0.6885,0.3443,2.0656,0.3443,1.7213,0.3443,0,0,0.3443,0.6885,0.3443,0.6885,1.0328,0,0,0,0.0001,0,0.0001,0,0,0,0.0001,0,0.0001,0,0,0,0,0,0,0,0.0001,0,0.3233,0.3325,0.3233,0.3325,
0.5996,0,1.1992,0.5996,1.1992,0,0,0,0,2.998,1.1992,1.1992,1.1992,1.1992,0,0.5996,0.5996,1.1992,0,0.5996,0,0,0.0001,0,0.0001,0,0,0,0,0.0002,0.0001,0.0001,0.0001,0.0001,0,0,0,0.0001,0,0,0.2039,0.1965,0.2039,0.1965,
0.8901,1.3351,0,0.445,2.2252,0.445,1.7802,0.8901,0.445,0.445,0.445,0.445,0,0.445,0.8901,0.445,1.3351,1.3351,0.445,1.7802,0.0001,0.0001,0,0,0.0001,0,0.0001,0.0001,0,0,0,0,0,0,0.0001,0,0.0001,0.0001,0,0.0001,0.3145,0.2404,0.3145,0.2404,
0.9534,0,0.9534,1.4301,1.9068,1.4301,0,0.9534,0.4767,0.9534,0.4767,0,1.9068,0.9534,0.4767,0.4767,1.4301,0.4767,0,0,0.0001,0,0.0001,0.0001,0.0001,0.0001,0,0.0001,0,0.0001,0,0,0.0001,0.0001,0,0,0.0001,0,0,0,0.2385,0.2848,0.2385,0.2848,
1.0514,1.7523,1.4018,0.7009,1.0514,1.4018,1.4018,0.7009,0.7009,0,0.7009,1.0514,0,0.7009,0.3505,1.0514,0.3505,0.3505,1.0514,0.7009,0,0.0001,0.0001,0,0,0.0001,0.0001,0,0,0,0,0,0,0,0,0,0,0,0,0,0.3444,0.3051,0.3444,0.3051,
1.2295,0.6148,0,0,1.8443,0,1.2295,0.6148,1.2295,0,0.6148,0,1.2295,0.6148,0.6148,0,1.2295,1.2295,0,0.6148,0.0002,0.0001,0,0,0.0002,0,0.0002,0.0001,0.0002,0,0.0001,0,0.0002,0.0001,0.0001,0,0.0002,0.0002,0,0.0001,0.2133,0.1719,0.2133,0.1719,
0.725,0.3625,0.725,0.725,1.45,1.0875,0.3625,0.725,1.0875,1.0875,0.3625,0.725,0.725,1.45,0.725,0.3625,1.45,1.45,1.8124,0.3625,0,0,0,0,0.0001,0.0001,0,0,0.0001,0.0001,0,0,0,0.0001,0,0,0.0001,0.0001,0.0001,0,0.3406,0.2969,0.3406,0.2969,
0,0,0,0,0.6757,0.6757,0.6757,0,0.6757,0.6757,0.6757,0,0.6757,0.6757,0.6757,0,1.3513,1.3513,1.3513,0,0,0,0,0,0.0001,0.0001,0.0001,0,0.0001,0.0001,0.0001,0,0.0001,0.0001,0.0001,0,0.0002,0.0002,0.0002,0,0.1685,0.1558,0.1685,0.1558,
0.9648,0.9648,1.4472,0,0.4824,0.4824,0,0.4824,1.4472,0.9648,0,0,1.4472,0.9648,0.9648,0.4824,0.9648,0.4824,0.4824,0.9648,0.0001,0.0001,0.0001,0,0,0,0,0,0.0001,0.0001,0,0,0.0001,0.0001,0.0001,0,0.0001,0,0,0.0001,0.2761,0.2415,0.2761,0.2415,
0.4062,0.8124,0,0,0.4062,0.8124,0.8124,1.2187,1.2187,0,0.4062,1.2187,0.4062,1.6249,1.2187,0.8124,0,1.2187,2.4373,0.8124,0,0,0,0,0,0,0,0.0001,0.0001,0,0,0.0001,0,0.0001,0.0001,0,0,0.0001,0.0001,0,0.3073,0.2865,0.3073,0.2865,
0.7754,0,0,0,0.7754,0.7754,0,1.5508,0.7754,3.1015,0,0,0.7754,0,0,0.7754,0,0.7754,0,0,0.0001,0,0,0,0.0001,0.0001,0,0.0002,0.0001,0.0004,0,0,0.0001,0,0,0.0001,0,0.0001,0,0,0.0974,0.1272,0.0974,0.1272,
0.415,0.415,0.415,0,0.415,1.6599,1.2449,1.2449,0.415,0,0.83,0,0.415,1.2449,1.2449,0.83,2.4899,1.2449,0.415,2.4899,0,0,0,0,0,0.0001,0.0001,0.0001,0,0,0.0001,0,0,0.0001,0.0001,0.0001,0.0002,0.0001,0,0.0002,0.305,0.28,0.305,0.28,
0.8379,0.8379,0,0.4189,0.4189,0.4189,1.6757,0.8379,1.2568,0.4189,0.8379,0.4189,0,1.2568,1.2568,0.8379,0.8379,0.8379,0,0.8379,0.0001,0.0001,0,0,0,0,0.0001,0.0001,0.0001,0,0.0001,0,0,0.0001,0.0001,0.0001,0.0001,0.0001,0,0.0001,0.3057,0.2754,0.3057,0.2754,
1.3046,0.8697,0.8697,1.3046,1.3046,1.7395,0.4349,0.8697,0,0.4349,1.3046,0.8697,0.4349,0.4349,0.4349,0.4349,1.3046,1.3046,1.3046,0.8697,0.0001,0,0,0.0001,0.0001,0.0001,0,0,0,0,0.0001,0,0,0,0,0,0.0001,0.0001,0.0001,0,0.2571,0.308,0.2571,0.308,
1.3795,0,0,0,0.3449,1.3795,0.6898,0.3449,1.3795,0.6898,0.6898,0,0.3449,0.3449,4.1385,0.3449,1.0346,1.7244,0,0.3449,0.0001,0,0,0,0,0.0001,0.0001,0,0.0001,0.0001,0.0001,0,0,0,0.0004,0,0.0001,0.0002,0,0,0.3675,0.2876,0.3675,0.2876,
1.9262,1.4447,0.9631,0,2.4078,0.4816,0,0.9631,0.9631,2.8893,1.4447,0.9631,0.4816,1.9262,0.4816,0.4816,0,3.3709,1.4447,0,0.0001,0.0001,0,0,0.0001,0,0,0,0,0.0001,0.0001,0,0,0.0001,0,0,0,0.0001,0.0001,0,0.2699,0.2485,0.2699,0.2485,
1.2484,0,0.8323,1.6646,1.2484,1.2484,0,2.4969,0.8323,0.4161,0,0,1.2484,0,0.4161,0.8323,2.4969,1.2484,0,1.2484,0.0001,0,0.0001,0.0001,0.0001,0.0001,0,0.0002,0.0001,0,0,0,0.0001,0,0,0.0001,0.0002,0.0001,0,0.0001,0.2693,0.3145,0.2693,0.3145,
1.3827,1.037,0.3457,1.037,0.3457,0.3457,1.037,0.6914,0.6914,1.037,0.6914,1.037,1.037,1.037,1.3827,0.3457,0.6914,1.037,1.3827,0.6914,0.0001,0,0,0,0,0,0,0,0,0,0,0,0,0,0.0001,0,0,0,0.0001,0,0.3295,0.3248,0.3295,0.3248,
2.3595,0,1.1797,0,0.5899,0.5899,0,2.9493,0.5899,4.129,0.5899,1.1797,1.1797,1.1797,0.5899,1.7696,1.7696,2.9493,0,0,0.0001,0,0.0001,0,0,0,0,0.0002,0,0.0002,0,0.0001,0.0001,0.0001,0,0.0001,0.0001,0.0002,0,0,0.188,0.2222,0.188,0.2222,
0,0,0,0,0,1.2639,0.6319,1.2639,2.5277,0.6319,0,1.2639,0.6319,1.8958,0,0.6319,0,1.8958,0,0.6319,0,0,0,0,0,0.0002,0.0001,0.0002,0.0003,0.0001,0,0.0002,0.0001,0.0002,0,0.0001,0,0.0002,0,0.0001,0.2192,0.1488,0.2192,0.1488,
1.8349,2.2019,1.101,1.8349,0.734,0,0,0,0.367,1.8349,0.734,0,0.367,0.367,1.101,0,0.734,0.734,1.101,1.101,0.0001,0.0001,0,0.0001,0,0,0,0,0,0.0001,0,0,0,0,0,0,0,0,0,0,0.3497,0.2833,0.3497,0.2833,
0.8603,0.4301,0,0.8603,0.4301,0,1.7206,0.8603,0.4301,0,1.7206,0.8603,1.2904,0.8603,0.8603,1.2904,1.7206,0,0.8603,0.8603,0.0001,0,0,0.0001,0,0,0.0001,0.0001,0,0,0.0001,0.0001,0.0001,0.0001,0.0001,0.0001,0.0001,0,0.0001,0.0001,0.2782,0.2917,0.2782,0.2917,
1.2488,0,0,0,2.4976,1.8732,0,3.7464,0.6244,4.9952,0.6244,0.6244,0,0.6244,0,0.6244,1.2488,0,0,0.6244,0.0001,0,0,0,0.0002,0.0001,0,0.0002,0,0.0003,0,0,0,0,0,0,0.0001,0,0,0,0.1948,0.1808,0.1948,0.1808,
0.3723,1.1169,0.7446,1.1169,0.7446,1.8614,1.8614,1.1169,1.1169,1.1169,0.7446,0.3723,0,0.7446,0,0.3723,0.3723,0.3723,0.3723,0.3723,0,0.0001,0,0.0001,0,0.0001,0.0001,0.0001,0.0001,0.0001,0,0,0,0,0,0,0,0,0,0,0.3157,0.312,0.3157,0.312,
1.5457,1.2365,0,0.9274,0.6183,0.6183,0.3091,0.3091,2.4731,0.6183,0.6183,0.6183,0.6183,0,1.8548,0.3091,0.9274,0.3091,0.3091,0.3091,0.0001,0.0001,0,0,0,0,0,0,0.0001,0,0,0,0,0,0.0001,0,0,0,0,0,0.3687,0.3221,0.3687,0.3221,
0,0,0,0.6836,0.6836,2.0509,0,0.6836,0,0.6836,0,0,1.3673,1.3673,0.6836,0.6836,0.6836,0,0,0.6836,0,0,0,0.0001,0.0001,0.0002,0,0.0001,0,0.0001,0,0,0.0001,0.0001,0.0001,0.0001,0.0001,0,0,0.0001,0.1713,0.145,0.1713,0.145,
0.7848,0,0,0,2.3545,0.7848,0,0,0.7848,0,0.7848,0,0,0.7848,0,0,0,0.7848,1.5697,0,0.0001,0,0,0,0.0004,0.0001,0,0,0.0001,0,0.0001,0,0,0.0001,0,0,0,0.0001,0.0002,0,0.1032,0.112,0.1032,0.112,
0.4053,0.4053,0.8105,0.8105,0.4053,0.4053,0.4053,1.2158,1.2158,0.8105,0.4053,0.4053,0.4053,1.2158,0.8105,2.4316,0,0.4053,0.8105,0,0,0,0,0,0,0,0,0.0001,0.0001,0,0,0,0,0.0001,0,0.0001,0,0,0,0,0.2709,0.3238,0.2709,0.3238,
1.6258,0,0,0,0.8129,1.6258,0,0.8129,0,0.8129,0,0,0.8129,0,0.8129,0.8129,0,0.8129,0,0,0.0002,0,0,0,0.0001,0.0002,0,0.0001,0,0.0001,0,0,0.0001,0,0.0001,0.0001,0,0.0001,0,0,0.112,0.0751,0.112,0.0751,
0.4479,0,0.4479,0.8958,0,0,0,0.4479,1.3438,0.8958,1.3438,0.8958,2.2396,1.3438,2.6875,0.4479,0.4479,0,0.4479,0.8958,0,0,0,0.0001,0,0,0,0,0.0001,0.0001,0.0001,0.0001,0.0002,0.0001,0.0002,0,0,0,0,0.0001,0.325,0.227,0.325,0.227,
0.7689,0.3844,0,1.1533,0.3844,1.1533,0.7689,0,0.3844,0.3844,0.7689,1.5377,0.3844,0.7689,1.1533,1.5377,0.3844,0.3844,1.9221,0.3844,0,0,0,0.0001,0,0.0001,0,0,0,0,0,0.0001,0,0,0.0001,0.0001,0,0,0.0001,0,0.3188,0.2968,0.3188,0.2968,
1.6549,0,0.8274,0,0,0.8274,0,0.8274,0,0.8274,0,0,0.8274,0,0,0.8274,3.3097,0.8274,0,0,0.0003,0,0.0001,0,0,0.0001,0,0.0001,0,0.0001,0,0,0.0001,0,0,0.0001,0.0005,0.0001,0,0,0.0803,0.0923,0.0803,0.0923,
1.1591,0,1.9318,0.3864,1.1591,0.3864,0,1.5455,0.7727,1.5455,0,1.1591,1.1591,0.3864,1.5455,0.3864,0,0.7727,0,0.7727,0.0001,0,0.0001,0,0.0001,0,0,0.0001,0,0.0001,0,0.0001,0.0001,0,0.0001,0,0,0,0,0,0.3089,0.3047,0.3089,0.3047,
0.8092,0.8092,0,1.2138,1.2138,0.8092,2.4277,0.4046,0,1.2138,0.8092,1.2138,0.4046,0.4046,0.8092,0.4046,1.6185,0.8092,0,0.8092,0.0001,0.0001,0,0.0001,0.0001,0.0001,0.0002,0,0,0.0001,0.0001,0.0001,0,0,0.0001,0,0.0001,0.0001,0,0.0001,0.3078,0.2876,0.3078,0.2876,
0,0,0.5118,1.0236,1.0236,0.5118,0,0.5118,0.5118,0,1.5354,1.0236,0.5118,0,1.5354,0.5118,0.5118,0.5118,0.5118,1.5354,0,0,0,0.0001,0.0001,0,0,0,0,0,0.0001,0.0001,0,0,0.0001,0,0,0,0,0.0001,0.2893,0.1989,0.2893,0.1989,
0,2.2469,0.5617,0.5617,1.6852,1.1235,0.5617,1.6852,0,0,1.1235,0.5617,0.5617,1.6852,1.1235,0.5617,0.5617,1.1235,0,0.5617,0,0.0001,0,0,0.0001,0.0001,0,0.0001,0,0,0.0001,0,0,0.0001,0.0001,0,0,0.0001,0,0,0.2401,0.1981,0.2401,0.1981,
1.4763,0,0,0,0.4921,0,0.4921,0,2.4605,0.4921,0.4921,0.4921,1.9684,1.4763,0.9842,0.4921,0.4921,0.4921,0,1.4763,0.0002,0,0,0,0.0001,0,0.0001,0,0.0003,0.0001,0.0001,0.0001,0.0002,0.0002,0.0001,0.0001,0.0001,0.0001,0,0.0002,0.2573,0.2506,0.2573,0.2506,
1.0099,0,0,1.0099,2.5248,1.5149,0,1.5149,1.5149,2.5248,0.505,0,1.5149,0,0.505,0.505,1.5149,1.0099,0,0.505,0.0001,0,0,0.0001,0.0002,0.0001,0,0.0001,0.0001,0.0002,0,0,0.0001,0,0,0,0.0001,0.0001,0,0,0.2325,0.2626,0.2325,0.2626,
2.3456,0,0,0,0.6702,1.0053,0.3351,0.3351,1.3404,0.6702,0.6702,0.3351,0.3351,0.3351,3.686,0.6702,1.3404,0.6702,0,0,0.0002,0,0,0,0.0001,0.0001,0,0,0.0001,0.0001,0.0001,0,0,0,0.0003,0.0001,0.0001,0.0001,0,0,0.3881,0.2768,0.3881,0.2768,
0.6805,2.0416,1.0208,0.6805,0.6805,1.3611,1.0208,0.6805,0.3403,1.7014,0,1.3611,1.0208,0.6805,1.0208,0.3403,0,1.3611,0,1.0208,0,0.0001,0,0,0,0.0001,0,0,0,0.0001,0,0.0001,0,0,0,0,0,0.0001,0,0,0.2984,0.3613,0.2984,0.3613,
0,0,1.4139,0,0.707,0.707,0.707,0,0.707,0,0,0.707,0,1.4139,0,0,0.707,0,0.707,0,0,0,0.0002,0,0.0001,0.0001,0.0001,0,0.0001,0,0,0.0001,0,0.0002,0,0,0.0001,0,0.0001,0,0.1712,0.1218,0.1712,0.1218,
1.4719,1.8398,0.7359,0.7359,1.1039,0.7359,0.7359,1.1039,1.4719,0.368,1.1039,0.7359,0.7359,1.1039,1.4719,0.368,1.1039,0.368,0,0.7359,0.0001,0.0001,0,0,0.0001,0,0,0.0001,0.0001,0,0.0001,0,0,0.0001,0.0001,0,0.0001,0,0,0,0.2974,0.3346,0.2974,0.3346,
0,3.277,0,1.0923,0.5462,1.6385,0,0.5462,0.5462,0.5462,0,1.0923,1.0923,0.5462,0.5462,1.0923,0.5462,1.0923,0,1.6385,0,0.0001,0,0,0,0.0001,0,0,0,0,0,0,0,0,0,0,0,0,0,0.0001,0.2246,0.2293,0.2246,0.2293,
1.6715,0.8358,1.2537,0.4179,0.4179,0.8358,0.4179,0.8358,1.6715,2.5073,0.4179,0,0.8358,0.8358,0.8358,0.8358,0.8358,1.2537,0,0,0.0001,0,0.0001,0,0,0,0,0,0.0001,0.0001,0,0,0,0,0,0,0,0.0001,0,0,0.3023,0.2798,0.3023,0.2798,
1.1713,0,0.7809,0.3904,1.5618,0.7809,0,1.5618,1.9522,1.9522,0.3904,1.1713,0.3904,0.7809,0.7809,2.3427,0,2.7331,0,0,0.0001,0,0,0,0.0001,0,0,0.0001,0.0001,0.0001,0,0.0001,0,0,0,0.0001,0,0.0001,0,0,0.2622,0.3473,0.2622,0.3473,
1.3914,0.4638,0.9276,2.7828,1.8552,0.9276,0.4638,0.9276,0,2.7828,0.4638,0,0.9276,0,0.4638,2.319,1.8552,0.4638,0,0.9276,0.0001,0,0,0.0001,0.0001,0,0,0,0,0.0001,0,0,0,0,0,0.0001,0.0001,0,0,0,0.2701,0.2661,0.2701,0.2661,
0.9361,0,0,0,0.468,2.3402,0,0.9361,0.468,1.8721,1.4041,2.3402,1.8721,0,1.8721,5.1484,1.8721,0.9361,0,0,0.0001,0,0,0,0,0.0001,0,0.0001,0,0.0001,0.0001,0.0001,0.0001,0,0.0001,0.0003,0.0001,0.0001,0,0,0.2468,0.2852,0.2468,0.2852,
0.3754,1.1263,0.7509,0,0,0.7509,0.3754,0.7509,3.7544,0,0.7509,0,0,0.7509,1.5017,0.3754,0,2.628,0,0,0,0.0001,0,0,0,0,0,0,0.0002,0,0,0,0,0,0.0001,0,0,0.0002,0,0,0.3222,0.3023,0.3222,0.3023,
0,1.0988,0.3663,0,0,0.3663,0.3663,1.0988,2.5638,0,0.3663,0,0.7325,1.0988,2.1976,0.7325,0.3663,2.1976,0,0,0,0.0001,0,0,0,0,0,0.0001,0.0002,0,0,0,0,0.0001,0.0001,0,0,0.0001,0,0,0.3414,0.2924,0.3414,0.2924,
0.4293,0.8586,0,0.4293,0.4293,1.288,0.8586,2.1466,0.8586,1.288,0.8586,1.7173,0,0.4293,0.8586,1.288,0,1.7173,1.288,0.8586,0,0,0,0,0,0.0001,0,0.0001,0,0.0001,0,0.0001,0,0,0,0.0001,0,0.0001,0.0001,0,0.3114,0.2593,0.3114,0.2593,
0.8608,0.4304,0.8608,0.8608,0,0.4304,1.2911,0.4304,0,1.7215,0.8608,0.8608,0.4304,2.1519,0.8608,1.2911,0.8608,1.2911,0.4304,0.4304,0.0001,0,0.0001,0.0001,0,0,0.0001,0,0,0.0001,0.0001,0.0001,0,0.0001,0.0001,0.0001,0.0001,0.0001,0,0,0.2842,0.2855,0.2842,0.2855,
0.8399,0.8399,1.2598,0.4199,1.6798,0.8399,0.8399,0,0.8399,0.4199,0.4199,0,1.2598,0.4199,0.8399,0.8399,0.8399,1.2598,0.8399,1.2598,0,0,0.0001,0,0.0001,0,0,0,0,0,0,0,0.0001,0,0,0,0,0.0001,0,0.0001,0.2775,0.3026,0.2775,0.3026,
0.74,0,0,0.74,2.2199,0,0,0,0.74,1.4799,0,0.74,1.4799,0,0,0.74,0.74,0,0,0,0.0001,0,0,0.0001,0.0002,0,0,0,0.0001,0.0002,0,0.0001,0.0002,0,0,0.0001,0.0001,0,0,0,0.1343,0.1257,0.1343,0.1257,
0.3864,1.1591,0,1.9318,0.7727,0.3864,1.1591,1.1591,0,0.3864,0.3864,0.3864,0.3864,0.3864,1.1591,0.3864,1.9318,1.1591,0.7727,1.1591,0,0.0001,0,0.0001,0,0,0.0001,0.0001,0,0,0,0,0,0,0.0001,0,0.0001,0.0001,0,0.0001,0.3637,0.25,0.3637,0.25,
0,1.2068,0,0.8045,0,0.8045,0.4023,1.2068,4.0227,0,0.8045,0.4023,1.2068,0.8045,0.8045,0.4023,0,2.0114,0,0,0,0.0001,0,0.0001,0,0.0001,0,0.0001,0.0003,0,0.0001,0,0.0001,0.0001,0.0001,0,0,0.0001,0,0,0.3274,0.2704,0.3274,0.2704,
2.4548,0,1.9639,0.491,1.9639,0.9819,0.491,2.4548,0.491,1.4729,0.491,0.491,0.491,0.491,0,0,0.9819,0.9819,0,1.4729,0.0002,0,0.0001,0,0.0001,0.0001,0,0.0002,0,0.0001,0,0,0,0,0,0,0.0001,0.0001,0,0.0001,0.2826,0.2264,0.2826,0.2264,
3.0704,3.0704,0,0.7676,0.7676,0.7676,0.7676,0.7676,0,0,0,0,0,0,0,0.7676,0.7676,0,0,0,0.0001,0.0001,0,0,0,0,0,0,0,0,0,0,0,0,0,0,0,0,0,0,0.1376,0.0948,0.1376,0.0948,
0,0,0,1.22,0.61,0.61,1.83,0,0.61,1.22,0,0.61,0.61,0.61,0,1.83,0,0.61,0,1.83,0,0,0,0.0001,0.0001,0.0001,0.0002,0,0.0001,0.0001,0,0.0001,0.0001,0.0001,0,0.0002,0,0.0001,0,0.0002,0.2298,0.1602,0.2298,0.1602,
1.2985,0.8657,1.7313,2.1641,0.4328,0.8657,1.2985,0,0,0,1.2985,0,0.8657,1.2985,0.4328,0,0.4328,1.2985,1.2985,0.8657,0.0001,0.0001,0.0001,0.0001,0,0.0001,0.0001,0,0,0,0.0001,0,0.0001,0.0001,0,0,0,0.0001,0.0001,0.0001,0.3368,0.2303,0.3368,0.2303,
0,0.3578,0,1.7891,0.3578,1.4312,0.7156,0.7156,1.7891,0.3578,0.3578,0.7156,0.3578,0.3578,1.0734,1.0734,0.7156,0.7156,0.3578,1.0734,0,0,0,0.0001,0,0.0001,0,0,0.0001,0,0,0,0,0,0.0001,0.0001,0,0,0,0.0001,0.3182,0.324,0.3182,0.324,
0.371,0.742,0.742,0.371,1.484,1.113,0.371,0.742,1.484,1.113,0.371,1.855,1.113,1.855,0.371,0.742,0.371,0.371,0.742,1.484,0,0,0,0,0.0001,0.0001,0,0,0.0001,0.0001,0,0.0001,0.0001,0.0001,0,0,0,0,0,0.0001,0.3105,0.3185,0.3105,0.3185,
0.495,0.9901,1.4851,0,0.9901,1.9802,0,1.9802,0,0.495,1.4851,0.495,0.9901,0,0.495,2.4752,5.4455,0.9901,0,1.4851,0,0,0.0001,0,0,0.0001,0,0.0001,0,0,0.0001,0,0,0,0,0.0001,0.0002,0,0,0.0001,0.2687,0.2363,0.2687,0.2363,
1.1101,1.4802,1.1101,0.37,0.7401,0,0,0.7401,2.2203,0.37,0,0.37,1.4802,1.1101,1.8502,0.7401,0,0.7401,0.37,0.7401,0.0001,0.0001,0.0001,0,0,0,0,0,0.0001,0,0,0,0.0001,0.0001,0.0001,0,0,0,0,0,0.2755,0.3545,0.2755,0.3545,
0.5366,0,0.5366,0.5366,3.2197,1.6099,0,1.6099,1.0732,2.6831,0.5366,1.0732,1.0732,0,1.0732,1.0732,0.5366,1.6099,0,0.5366,0,0,0,0,0.0002,0.0001,0,0.0001,0.0001,0.0002,0,0.0001,0.0001,0,0.0001,0.0001,0,0.0001,0,0,0.2284,0.235,0.2284,0.235,
5.5902,0.559,0,0,0.559,1.118,0,1.6771,0,0.559,1.118,0,1.6771,1.118,1.6771,2.2361,0,0.559,0.559,0,0.0003,0,0,0,0,0.0001,0,0.0001,0,0,0.0001,0,0.0001,0.0001,0.0001,0.0001,0,0,0,0,0.265,0.176,0.265,0.176,
0,0.4747,0,0.9494,0,1.8988,0.4747,0.9494,0.9494,0.9494,0.4747,0.9494,1.4241,0,0.4747,0.4747,0.9494,0.9494,0.9494,0.4747,0,0,0,0.0001,0,0.0001,0,0.0001,0.0001,0.0001,0,0.0001,0.0001,0,0,0,0.0001,0.0001,0.0001,0,0.2734,0.2519,0.2734,0.2519,
0.7574,0,0,0,0.7574,1.5147,0,1.5147,0.7574,3.7868,0,0,0.7574,0,0,0,0,0,0,0,0.0001,0,0,0,0.0001,0.0002,0,0.0002,0.0001,0.0004,0,0,0.0001,0,0,0,0,0,0,0,0.1023,0.1404,0.1023,0.1404,
0.8655,0.4327,0.4327,1.2982,0.4327,0.4327,0.8655,1.731,0,1.2982,0,1.2982,0,1.731,0.8655,0.4327,0.4327,0.8655,1.731,0.8655,0.0001,0,0,0.0001,0,0,0.0001,0.0001,0,0.0001,0,0.0001,0,0.0001,0.0001,0,0,0.0001,0.0001,0.0001,0.3066,0.2607,0.3066,0.2607,
1.652,1.239,0.826,1.239,0,3.304,0.413,0.413,0.413,1.239,0.826,0,0,1.239,1.239,0.413,0.413,1.652,0,0,0.0001,0.0001,0,0.0001,0,0.0002,0,0,0,0.0001,0,0,0,0.0001,0.0001,0,0,0.0001,0,0,0.2843,0.3027,0.2843,0.3027,
0.7958,0,1.5916,0.3979,1.9896,0.3979,0.3979,1.1937,0.3979,0.7958,1.1937,0.3979,0.7958,0.7958,0.7958,0.7958,0.3979,0.3979,1.5916,1.1937,0,0,0.0001,0,0.0001,0,0,0.0001,0,0,0.0001,0,0,0,0,0,0,0,0.0001,0.0001,0.2733,0.3288,0.2733,0.3288,
0.4418,0.4418,0.8837,1.3255,1.3255,0.8837,0.4418,0.8837,0.4418,1.3255,0.8837,0.8837,1.3255,0.4418,0.4418,1.3255,0,1.7673,0,1.3255,0,0,0,0.0001,0.0001,0,0,0,0,0.0001,0,0,0.0001,0,0,0.0001,0,0.0001,0,0.0001,0.2938,0.2644,0.2938,0.2644,
0.765,1.1476,0.765,0.765,1.9126,0.3825,1.5301,0.765,0.765,0.765,0,0.3825,1.1476,0.3825,0.765,0.765,0.3825,0.765,0.3825,0.765,0,0.0001,0,0,0.0001,0,0.0001,0,0,0,0,0,0.0001,0,0,0,0,0,0,0,0.2894,0.328,0.2894,0.328,
1.1032,0.3677,0,1.1032,0.3677,2.2065,1.1032,1.1032,0.3677,0,1.471,1.1032,0.3677,1.1032,0.7355,1.8387,0,0,1.8387,1.471,0.0001,0,0,0.0001,0,0.0001,0.0001,0.0001,0,0,0.0001,0.0001,0,0.0001,0,0.0001,0,0,0.0001,0.0001,0.3341,0.2981,0.3341,0.2981,
0.4248,1.699,0.4248,1.2743,1.699,0,1.2743,0.8495,0.8495,0.8495,1.2743,0.8495,0,0.8495,0.4248,0,0.8495,0.4248,0.8495,0.8495,0,0.0001,0,0.0001,0.0001,0,0.0001,0,0,0,0.0001,0,0,0,0,0,0,0,0,0,0.3011,0.2741,0.3011,0.2741,
0,0,0.5454,0,0.5454,1.0907,0.5454,1.0907,0.5454,1.6361,0.5454,0,1.6361,0.5454,1.0907,1.0907,1.0907,1.0907,0,0,0,0,0,0,0,0.0001,0,0.0001,0,0.0001,0,0,0.0001,0,0.0001,0.0001,0.0001,0.0001,0,0,0.227,0.2276,0.227,0.2276,
2.8161,0,0.5632,0,0.5632,2.2529,0,0.5632,0,3.3793,0.5632,0,0,0,0.5632,1.1264,1.1264,1.1264,1.1264,1.1264,0.0002,0,0,0,0,0.0001,0,0,0,0.0002,0,0,0,0,0,0.0001,0.0001,0.0001,0.0001,0.0001,0.2508,0.1859,0.2508,0.1859,
0.7401,0,0,0.7401,0.7401,0.7401,0,0.7401,0,2.2204,0.7401,0.7401,0.7401,0,0,0.7401,0,0.7401,0,1.4803,0.0001,0,0,0.0001,0.0001,0.0001,0,0.0001,0,0.0002,0.0001,0.0001,0.0001,0,0,0.0001,0,0.0001,0,0.0001,0.1366,0.1233,0.1366,0.1233,
0.9498,0,0,0.4749,0.4749,0.9498,0.9498,2.3744,0,0.9498,1.8995,1.8995,0,1.4246,0.4749,0.4749,0.9498,0,0.9498,1.4246,0.0001,0,0,0,0,0.0001,0.0001,0.0001,0,0.0001,0.0001,0.0001,0,0.0001,0,0,0.0001,0,0.0001,0.0001,0.2747,0.2504,0.2747,0.2504,
0.6639,0.6639,0,0.3319,0.9958,0.9958,0.3319,1.3278,2.6556,0.9958,0.9958,0.9958,0.3319,0,0.9958,1.3278,0.3319,0.9958,0.3319,1.3278,0,0,0,0,0.0001,0.0001,0,0.0001,0.0001,0.0001,0.0001,0.0001,0,0,0.0001,0.0001,0,0.0001,0,0.0001,0.3594,0.3087,0.3594,0.3087,
0.7347,0.7347,0.7347,0.7347,0.3674,1.1021,0.7347,0.3674,1.8368,0.7347,2.2042,0.7347,0.7347,0.3674,0.3674,0.7347,0.3674,1.8368,1.4695,0.3674,0,0,0,0,0,0.0001,0,0,0.0001,0,0.0001,0,0,0,0,0,0,0.0001,0.0001,0,0.2882,0.3444,0.2882,0.3444,
1.689,0.4223,1.2668,0.4223,0,0,1.689,0.8445,0,2.5335,0.8445,0.4223,0.4223,0.8445,1.2668,0.4223,0.8445,0.8445,0.4223,0.8445,0.0001,0,0.0001,0,0,0,0.0001,0.0001,0,0.0002,0.0001,0,0,0.0001,0.0001,0,0.0001,0.0001,0,0.0001,0.3135,0.2643,0.3135,0.2643,
1.4323,0,0,0.7161,0,0.7161,0.7161,0.7161,0,0.7161,0,0,0,0,0.7161,0.7161,0.7161,0,0,0,0.0003,0,0,0.0001,0,0.0001,0.0001,0.0001,0,0.0001,0,0,0,0,0.0001,0.0001,0.0001,0,0,0,0.1381,0.1457,0.1381,0.1457,
1.6186,2.0232,0.8093,0.8093,1.2139,0.4046,2.0232,0.8093,0.4046,0,0.8093,1.2139,0,0.8093,0,0,0.8093,0.4046,1.2139,1.6186,0.0001,0.0001,0,0,0.0001,0,0.0001,0,0,0,0,0.0001,0,0,0,0,0,0,0.0001,0.0001,0.3258,0.2696,0.3258,0.2696,
2.4075,0,0,0,0.3439,1.3757,0.3439,0.3439,1.7197,0.6879,0.6879,0,0.3439,0.3439,4.1272,0.6879,0.6879,0.6879,0,0.3439,0.0002,0,0,0,0,0.0001,0,0,0.0002,0.0001,0.0001,0,0,0,0.0004,0.0001,0.0001,0.0001,0,0,0.3122,0.3438,0.3122,0.3438,
1.4413,1.9217,1.4413,0.9608,0.4804,0.4804,0.9608,1.4413,0,1.4413,0.4804,0,1.4413,0,0.4804,0.4804,0.9608,0.9608,0.9608,1.4413,0.0001,0.0001,0.0001,0,0,0,0,0.0001,0,0.0001,0,0,0.0001,0,0,0,0,0,0,0.0001,0.2463,0.2733,0.2463,0.2733,
0,0.7388,0,1.4776,0,0.7388,0.7388,0,0,1.4776,0,0,0,0.7388,0,0,0.7388,0,0.7388,0,0,0.0001,0,0.0002,0,0.0001,0.0001,0,0,0.0002,0,0,0,0.0001,0,0,0.0001,0,0.0001,0,0.1563,0.1049,0.1563,0.1049,
0,0,0.6244,0,0,0.6244,0.6244,1.2487,0,1.2487,0,1.2487,0.6244,0,1.8731,0.6244,0.6244,0,0,0,0,0,0.0001,0,0,0.0001,0.0001,0.0001,0,0.0001,0,0.0001,0.0001,0,0.0002,0.0001,0.0001,0,0,0,0.1882,0.1874,0.1882,0.1874,
0,0,0.7756,0.7756,0,1.5512,0,0,0,0,0.7756,0,0.7756,1.5512,0,0.7756,0.7756,0.7756,0,0.7756,0,0,0.0002,0.0002,0,0.0003,0,0,0,0,0.0002,0,0.0002,0.0003,0,0.0002,0.0002,0.0002,0,0.0002,0.0826,0.1419,0.0826,0.1419,
0.803,1.2045,2.8106,0.4015,0,0.803,0.803,0,0.803,1.2045,1.606,0.803,0.803,0.803,0.803,1.2045,0,0.4015,0.4015,0.803,0,0.0001,0.0001,0,0,0,0,0,0,0.0001,0.0001,0,0,0,0,0.0001,0,0,0,0,0.302,0.2965,0.302,0.2965,
0.7798,0.7798,0,0.7798,0.7798,0.7798,0,0,0,0,0.7798,0.7798,0,0,0,1.5597,0,0.7798,0.7798,0,0.0001,0.0001,0,0.0001,0.0001,0.0001,0,0,0,0,0.0001,0.0001,0,0,0,0.0001,0,0.0001,0.0001,0,0.1299,0.0903,0.1299,0.0903,
0.7268,1.4535,0.7268,1.0901,1.8169,0.7268,0.7268,1.0901,1.8169,0,0.7268,1.0901,0.7268,0,0.3634,0.3634,0.7268,0.3634,0.7268,1.4535,0,0.0001,0,0,0.0001,0,0,0,0.0001,0,0,0,0,0,0,0,0,0,0,0.0001,0.306,0.3306,0.306,0.3306,
0,0,0,0.6703,0.6703,1.3406,0.6703,0,0.6703,0,0,0.6703,0,0.6703,0,0,0,0,1.3406,0,0,0,0,0.0001,0.0001,0.0001,0.0001,0,0.0001,0,0,0.0001,0,0.0001,0,0,0,0,0.0001,0,0.1533,0.1764,0.1533,0.1764,
0,1.3269,1.9904,0.6635,0,0.6635,0,0,0.6635,0.6635,0,0,0.6635,0,0,1.3269,0.6635,0,0,0.6635,0,0.0001,0.0002,0.0001,0,0.0001,0,0,0.0001,0.0001,0,0,0.0001,0,0,0.0001,0.0001,0,0,0.0001,0.2007,0.1358,0.2007,0.1358,
1.3098,0.8732,0.8732,0.4366,0.8732,2.1829,2.1829,0.8732,0,0.4366,0,0.4366,0.4366,0.8732,0.8732,2.1829,0,0.8732,0,0.4366,0.0001,0,0,0,0,0.0001,0.0001,0,0,0,0,0,0,0,0,0.0001,0,0,0,0,0.2859,0.2776,0.2859,0.2776,
1.1022,0,0,0,0.7348,1.1022,0.7348,0.7348,2.2043,1.1022,0.7348,0.3674,0.3674,0.3674,3.6738,1.1022,1.1022,0.7348,0,0,0.0001,0,0,0,0.0001,0.0001,0.0001,0.0001,0.0002,0.0001,0.0001,0,0,0,0.0003,0.0001,0.0001,0.0001,0,0,0.3221,0.3105,0.3221,0.3105,
0.3312,0.9936,0.3312,1.3248,0,0.3312,0.3312,0.6624,1.9872,0.9936,0.6624,1.9872,0.6624,0,1.9872,0,1.9872,0.6624,0,0.9936,0,0.0001,0,0.0001,0,0,0,0,0.0001,0.0001,0,0.0001,0,0,0.0001,0,0.0001,0,0,0.0001,0.3289,0.3399,0.3289,0.3399,
1.0455,1.0455,0.3485,1.7425,1.394,0.3485,1.0455,0.3485,0.697,1.0455,1.394,1.0455,0.697,0.697,0.697,1.394,0.697,0.3485,0.697,0.3485,0.0001,0.0001,0,0.0001,0.0001,0,0.0001,0,0,0.0001,0.0001,0.0001,0,0,0,0.0001,0,0,0,0,0.3463,0.3052,0.3463,0.3052,
0,0,0,1.2315,0.6158,3.0788,0,0,0.6158,0.6158,0.6158,0,0.6158,0,0.6158,0.6158,1.2315,0,0.6158,0,0,0,0,0.0001,0.0001,0.0004,0,0,0.0001,0.0001,0.0001,0,0.0001,0,0.0001,0.0001,0.0001,0,0.0001,0,0.2079,0.1764,0.2079,0.1764,
0,3.5071,0,0.5845,0.5845,2.9226,0,0.5845,0,0.5845,0,1.169,1.7535,0,1.169,0.5845,2.338,0.5845,0,0.5845,0,0.0001,0,0,0,0.0001,0,0,0,0,0,0,0.0001,0,0,0,0.0001,0,0,0,0.2254,0.1901,0.2254,0.1901,
1.7618,1.4094,0,0.7047,0.7047,0.7047,0.7047,0.7047,1.7618,1.0571,0.7047,0.3524,0,0.3524,2.1142,1.0571,2.1142,0.7047,0,0.3524,0.0001,0.0001,0,0,0,0,0,0,0.0001,0.0001,0,0,0,0,0.0001,0.0001,0.0001,0,0,0,0.3145,0.3332,0.3145,0.3332,
1.1979,0,1.1979,0,1.1979,1.7968,0.5989,0.5989,0.5989,0,0,0,0,0,0.5989,0.5989,0,0,0,0,0.0001,0,0.0001,0,0.0001,0.0002,0.0001,0.0001,0.0001,0,0,0,0,0,0.0001,0.0001,0,0,0,0,0.1727,0.2283,0.1727,0.2283,
0.8781,0,0.4391,2.1953,0.8781,1.3172,0.4391,1.7562,0.8781,0.8781,1.3172,0,0.8781,1.3172,0.4391,0,0,0.8781,0,0,0.0001,0,0,0.0002,0.0001,0.0001,0,0.0002,0.0001,0.0001,0.0001,0,0.0001,0.0001,0,0,0,0.0001,0,0,0.292,0.2689,0.292,0.2689,
0,1.0297,1.0297,0.5148,1.0297,0.5148,1.0297,0,0,0,0.5148,0,0.5148,1.0297,1.5445,0.5148,1.0297,0.5148,1.5445,1.0297,0,0.0001,0.0001,0,0.0001,0,0.0001,0,0,0,0,0,0,0.0001,0.0001,0,0.0001,0,0.0001,0.0001,0.259,0.2262,0.259,0.2262,
0.6557,0,0,0,0.3279,0.9836,0.3279,0.3279,1.6394,0.9836,0.3279,0.9836,0,0.6557,3.6066,0.6557,0,1.6394,0,0.3279,0.0001,0,0,0,0,0.0001,0,0,0.0001,0.0001,0,0.0001,0,0.0001,0.0003,0.0001,0,0.0001,0,0,0.3662,0.3059,0.3662,0.3059,
0.7829,0.3914,1.1743,0.7829,0.3914,0,0,0.3914,0.3914,1.9572,0.7829,0.3914,1.9572,0,1.5657,0.7829,1.1743,0,0.7829,0.7829,0,0,0.0001,0,0,0,0,0,0,0.0001,0,0,0.0001,0,0.0001,0,0.0001,0,0,0,0.2826,0.3259,0.2826,0.3259,
1.0483,1.5724,1.5724,0,0,2.6206,1.5724,0,0.5241,0,0.5241,1.0483,1.5724,0.5241,0.5241,1.5724,0.5241,1.0483,0,0.5241,0.0001,0.0001,0.0001,0,0,0.0002,0.0001,0,0,0,0,0.0001,0.0001,0,0,0.0001,0,0.0001,0,0,0.2324,0.2435,0.2324,0.2435,
0,0.7957,0.7957,1.1936,0,0,0.3979,1.5915,1.9893,1.1936,0,0.3979,1.1936,0.3979,0.7957,0.3979,1.5915,0.7957,0.7957,0.7957,0,0,0,0.0001,0,0,0,0.0001,0.0001,0.0001,0,0,0.0001,0,0,0,0.0001,0,0,0,0.3167,0.2854,0.3167,0.2854,
0.3911,1.9555,0.3911,1.1733,0.7822,0.7822,0.7822,0.3911,1.1733,1.5644,0.7822,0.3911,1.1733,2.7377,0.3911,1.5644,0,0.3911,0.7822,0,0,0.0001,0,0.0001,0,0,0,0,0.0001,0.0001,0,0,0.0001,0.0001,0,0.0001,0,0,0,0,0.3308,0.278,0.3308,0.278,
0.445,0,0,1.335,0.89,0.445,0,0.445,0.89,0.89,0.445,0.445,2.2249,1.7799,1.7799,0.445,0.445,0.445,1.335,0,0,0,0,0.0001,0.0001,0,0,0,0.0001,0.0001,0,0,0.0002,0.0002,0.0002,0,0,0,0.0001,0,0.3042,0.2509,0.3042,0.2509,
1.0026,1.0026,0,0,1.0026,0.5013,1.0026,1.5039,0,1.0026,2.0051,1.5039,0,1.0026,0.5013,1.0026,1.0026,1.0026,1.0026,2.5064,0,0,0,0,0,0,0,0.0001,0,0,0.0001,0.0001,0,0,0,0,0,0,0,0.0001,0.2317,0.267,0.2317,0.267,
1.0735,0.5367,0,0.5367,0,0.5367,0,5.9042,1.6102,5.3674,1.6102,0.5367,1.0735,0.5367,0,2.147,1.0735,1.6102,0.5367,1.6102,0.0001,0,0,0,0,0,0,0.0003,0.0001,0.0003,0.0001,0,0.0001,0,0,0.0001,0.0001,0.0001,0,0.0001,0.2889,0.1744,0.2889,0.1744,
0.7025,0,1.4049,0,0,1.4049,0,0.7025,0,0,0,0,0,0.7025,0.7025,1.4049,1.4049,0,0,0.7025,0.0001,0,0.0002,0,0,0.0002,0,0.0001,0,0,0,0,0,0.0001,0.0001,0.0002,0.0002,0,0,0.0001,0.1292,0.1683,0.1292,0.1683,
0.416,0.416,0.416,0.8319,0.8319,1.6639,1.2479,0.8319,0.416,0.416,0.416,0.416,0.416,0.8319,0.416,0.416,0.416,1.6639,1.2479,0.416,0,0,0,0,0,0.0001,0.0001,0,0,0,0,0,0,0,0,0,0,0.0001,0.0001,0,0.2781,0.3059,0.2781,0.3059,
0.9009,0.9009,0.9009,0,0.4504,0.9009,0.4504,0.4504,1.3513,0.9009,0.4504,1.8017,0.4504,0.9009,0,1.3513,1.3513,0,0.9009,1.3513,0,0,0,0,0,0,0,0,0.0001,0,0,0.0001,0,0,0,0.0001,0.0001,0,0,0.0001,0.2702,0.2794,0.2702,0.2794,
0,0,0,0.7194,1.4388,0.7194,0,0,0,1.4388,0.7194,0,0.7194,0.7194,0.7194,0,1.4388,0,0,0,0,0,0,0.0001,0.0002,0.0001,0,0,0,0.0002,0.0001,0,0.0001,0.0001,0.0001,0,0.0002,0,0,0,0.1401,0.1405,0.1401,0.1405,
1.7598,0,0.8799,2.1997,1.3198,0.8799,0.4399,0.8799,0,2.1997,0.4399,0,0.8799,0.8799,0.8799,1.7598,1.7598,0.8799,0,0.8799,0.0001,0,0.0001,0.0001,0.0001,0.0001,0,0.0001,0,0.0001,0,0,0.0001,0.0001,0.0001,0.0001,0.0001,0.0001,0,0.0001,0.2762,0.2839,0.2762,0.2839,
0.3272,0.9817,0.3272,1.3089,0.3272,0.3272,0.6544,0.9817,1.9633,1.3089,0.3272,1.6361,0.6544,0,1.9633,0.3272,1.6361,0.3272,0,0.6544,0,0.0001,0,0.0001,0,0,0,0.0001,0.0001,0.0001,0,0.0001,0,0,0.0001,0,0.0001,0,0,0,0.3454,0.3274,0.3454,0.3274,
0.6645,0,0.6645,0.6645,0,0,0,1.9934,1.3289,0.6645,0,0,0,0,0.6645,0.6645,0.6645,0,0,0,0.0001,0,0.0001,0.0001,0,0,0,0.0003,0.0002,0.0001,0,0,0,0,0.0001,0.0001,0.0001,0,0,0,0.192,0.1436,0.192,0.1436,
0.6414,0,1.2827,0,0,0,0.6414,0,0,1.2827,0.6414,0.6414,0.6414,0.6414,0,0.6414,0.6414,0.6414,1.2827,1.9241,0.0001,0,0.0001,0,0,0,0.0001,0,0,0.0001,0.0001,0.0001,0.0001,0.0001,0,0.0001,0.0001,0.0001,0.0001,0.0002,0.1594,0.1992,0.1594,0.1992,
0,0,0.5196,2.0785,1.0393,0.5196,0,0.5196,0.5196,0,1.5589,0,1.0393,1.0393,0.5196,0,1.5589,1.5589,1.5589,1.0393,0,0,0,0.0002,0.0001,0,0,0,0,0,0.0001,0,0.0001,0.0001,0,0,0.0001,0.0001,0.0001,0.0001,0.2854,0.195,0.2854,0.195,
0.8107,0,0,0.8107,0.8107,0.8107,0,0,0,0,0.8107,0.8107,0.8107,0.8107,0,2.4321,0,0,0,0,0.0001,0,0,0.0001,0.0001,0.0001,0,0,0,0,0.0001,0.0001,0.0001,0.0001,0,0.0003,0,0,0,0,0.0915,0.0978,0.0915,0.0978,
0.3263,2.9364,0,0,0,0,0,0,0,0,0.3263,0,0.3263,0.3263,8.8093,0.9788,0.6525,0.9788,0,0.6525,0,0.0002,0,0,0,0,0,0,0,0,0,0,0,0,0.0005,0.0001,0,0.0001,0,0,0.3758,0.2979,0.3758,0.2979,
0.3638,0.3638,0.7276,0,0.3638,1.0914,0.3638,1.0914,2.9104,0.7276,0.7276,0.3638,0.3638,0.3638,2.1828,1.0914,0.3638,1.0914,0,0.3638,0,0,0,0,0,0.0001,0,0.0001,0.0002,0,0,0,0,0,0.0001,0.0001,0,0.0001,0,0,0.3774,0.2589,0.3774,0.2589,
1.2919,1.7225,0,0,0,0.8613,0.4306,2.1532,0.8613,2.5838,0.8613,1.2919,1.7225,0.4306,1.2919,0.8613,0.4306,0.8613,0.8613,0.8613,0.0001,0.0001,0,0,0,0,0,0.0001,0,0.0001,0,0.0001,0.0001,0,0.0001,0,0,0,0,0,0.2765,0.2928,0.2765,0.2928,
0.8789,0,0,0,0,0.8789,0,0,0,1.7579,0,0,0,0.8789,0,0,1.7579,0.8789,0,1.7579,0.0002,0,0,0,0,0.0002,0,0,0,0.0004,0,0,0,0.0002,0,0,0.0004,0.0002,0,0.0004,0.0723,0.0487,0.0723,0.0487,
0.4,1.2,2,0.4,0.4,0,0.8,0.4,0.4,0.8,2,1.6,1.2,0.8,0.8,0,0.4,0.4,1.6,1.2,0,0.0001,0.0001,0,0,0,0,0,0,0,0.0001,0.0001,0.0001,0,0,0,0,0,0.0001,0.0001,0.2907,0.3093,0.2907,0.3093,
1.1827,0.7885,1.9712,0.3942,1.1827,0,0.7885,1.1827,0,2.7597,1.1827,0.7885,0.7885,1.1827,0.7885,0.7885,0,0,0.7885,1.1827,0,0,0.0001,0,0,0,0,0,0,0.0001,0,0,0,0,0,0,0,0,0,0,0.3116,0.2942,0.3116,0.2942,
0.8243,1.2364,1.6485,0.4121,0.4121,0.8243,0,0.4121,1.2364,0,0.4121,0.8243,0.8243,0.8243,0.8243,0,1.6485,1.6485,1.2364,0,0,0.0001,0.0001,0,0,0,0,0,0.0001,0,0,0,0,0,0,0,0.0001,0.0001,0.0001,0,0.2501,0.3378,0.2501,0.3378,
2.1043,0,0,0,2.1043,1.0521,0.5261,2.1043,0,1.5782,1.0521,1.5782,1.5782,1.5782,1.0521,1.0521,2.6303,2.6303,0.5261,0.5261,0.0001,0,0,0,0.0001,0.0001,0,0.0001,0,0.0001,0.0001,0.0001,0.0001,0.0001,0.0001,0.0001,0.0002,0.0002,0,0,0.2253,0.2486,0.2253,0.2486,
1.1376,0.7584,0.3792,0.3792,0.7584,1.1376,0.7584,2.2753,1.5169,0.7584,0.7584,0.3792,0.3792,0.3792,1.1376,0.7584,0.7584,1.1376,0.3792,0.7584,0.0001,0,0,0,0,0.0001,0,0.0001,0.0001,0,0,0,0,0,0.0001,0,0,0.0001,0,0,0.3481,0.2727,0.3481,0.2727,
1.389,0,0,0,0.3473,1.0418,0.6945,0,3.1253,0.6945,0.6945,0.3473,0.3473,0.3473,3.1253,1.0418,0.6945,1.0418,0,0.3473,0.0001,0,0,0,0,0.0001,0.0001,0,0.0003,0.0001,0.0001,0,0,0,0.0003,0.0001,0.0001,0.0001,0,0,0.3141,0.3387,0.3141,0.3387,
0,0,0.3725,1.8625,0.745,0.3725,0.745,0.745,1.1175,3.7249,0.745,1.1175,0.745,0.745,0.745,0.745,1.1175,0,0.3725,0.745,0,0,0,0.0001,0.0001,0,0.0001,0.0001,0.0001,0.0003,0.0001,0.0001,0.0001,0.0001,0.0001,0.0001,0.0001,0,0,0.0001,0.3181,0.3094,0.3181,0.3094,
1.3436,0,0,0,0.3359,1.0077,0.6718,0.3359,2.0154,0.6718,0.6718,0.3359,0.3359,0.6718,4.0308,0.6718,0.6718,0.6718,0,0.3359,0.0001,0,0,0,0,0.0001,0.0001,0,0.0002,0.0001,0.0001,0,0,0.0001,0.0004,0.0001,0.0001,0.0001,0,0,0.2963,0.3678,0.2963,0.3678,
0.3397,1.019,1.019,0,0,0.6793,1.019,1.6983,0.6793,1.019,0.3397,0.3397,0.6793,1.019,1.019,1.3586,0.6793,0.6793,1.019,2.0379,0,0,0,0,0,0,0,0.0001,0,0,0,0,0,0,0,0.0001,0,0,0,0.0001,0.3241,0.3363,0.3241,0.3363,
2.2359,0,0.8943,0.4472,2.683,0.8943,0,0.8943,0.4472,3.5774,0.4472,0.4472,1.3415,0,0.8943,0.8943,1.3415,0.4472,0.4472,0.4472,0.0001,0,0,0,0.0001,0,0,0,0,0.0002,0,0,0.0001,0,0,0,0.0001,0,0,0,0.2636,0.2893,0.2636,0.2893,
0,0,1.4338,0,0.9559,0,0.9559,2.3896,0.9559,1.9117,0.4779,0.9559,1.4338,0,0.4779,0.4779,0.4779,0.9559,0,0,0,0,0.0001,0,0.0001,0,0.0001,0.0002,0.0001,0.0001,0,0.0001,0.0001,0,0,0,0,0.0001,0,0,0.2718,0.2503,0.2718,0.2503,
2.4912,0,0,0.8304,0.8304,0.8304,0,0.8304,0,0,0,0,1.6608,0.8304,0,1.6608,1.6608,0,0,0,0.0003,0,0,0.0001,0.0001,0.0001,0,0.0001,0,0,0,0,0.0002,0.0001,0,0.0002,0.0002,0,0,0,0.075,0.0946,0.075,0.0946,
3.474,0,1.158,0,0,1.158,0,0,1.737,0.579,1.158,0.579,1.737,0,0,0,1.158,1.158,0,0,0.0004,0,0.0001,0,0,0.0001,0,0,0.0002,0.0001,0.0001,0.0001,0.0002,0,0,0,0.0001,0.0001,0,0,0.2323,0.1887,0.2323,0.1887,
0,1.4957,0.9971,0.4986,0.4986,0.9971,1.4957,2.4929,0,0.9971,0.4986,0.4986,1.4957,0.4986,0,1.4957,0.4986,0.9971,0.4986,0.9971,0,0.0001,0,0,0,0,0.0001,0.0001,0,0,0,0,0.0001,0,0,0.0001,0,0,0,0,0.2428,0.2586,0.2428,0.2586,
0.7009,0,0,3.5045,0,0,0.7009,0,0.7009,0.7009,0,1.4018,0.7009,0,0,0,0,0,0,0,0.0002,0,0,0.0008,0,0,0.0002,0,0.0002,0.0002,0,0.0003,0.0002,0,0,0,0,0,0,0,0.1778,0.1213,0.1778,0.1213,
0.4519,0,1.3556,0.4519,0.4519,2.2593,0,2.2593,0.4519,0.4519,0.4519,0,0.4519,0.4519,1.3556,0.4519,0,0.9037,0,0,0,0,0.0001,0,0,0.0002,0,0.0002,0,0,0,0,0,0,0.0001,0,0,0.0001,0,0,0.2974,0.2508,0.2974,0.2508,
1.5579,0,0.5193,0.5193,0,1.0386,0,2.5965,0,3.1158,0.5193,0,0,0.5193,1.5579,1.5579,1.0386,1.5579,0,0.5193,0.0001,0,0,0,0,0.0001,0,0.0002,0,0.0002,0,0,0,0,0.0001,0.0001,0.0001,0.0001,0,0,0.2138,0.2669,0.2138,0.2669,
1.2201,0,1.2201,1.2201,0.4067,1.6268,0.8134,0.8134,1.6268,0,0.4067,1.2201,0.8134,0.4067,0.8134,1.6268,0.8134,0.4067,0.4067,1.6268,0.0001,0,0.0001,0.0001,0,0.0001,0.0001,0.0001,0.0001,0,0,0.0001,0.0001,0,0.0001,0.0001,0.0001,0,0,0.0001,0.3717,0.2216,0.3717,0.2216,
0.8152,0,0.4076,0.8152,1.6304,2.4456,0,2.038,0.8152,2.038,1.6304,0.4076,0,0.4076,0.4076,1.6304,1.2228,1.2228,1.2228,0.4076,0,0,0,0,0.0001,0.0001,0,0.0001,0,0.0001,0.0001,0,0,0,0,0.0001,0.0001,0.0001,0.0001,0,0.2995,0.2929,0.2995,0.2929,
0.8521,1.2782,0,1.7043,0,0,0,0.4261,1.7043,0,0.8521,1.2782,1.7043,0,0.4261,0.8521,0,1.7043,1.2782,1.7043,0,0.0001,0,0.0001,0,0,0,0,0.0001,0,0,0.0001,0.0001,0,0,0,0,0.0001,0.0001,0.0001,0.268,0.3059,0.268,0.3059,
0.8542,0.8542,2.1354,1.2812,0.8542,0.4271,2.1354,0.4271,0,0.4271,0.4271,0.8542,1.2812,1.2812,0,0,0.4271,0,0.8542,1.2812,0,0,0.0001,0.0001,0,0,0.0001,0,0,0,0,0,0.0001,0.0001,0,0,0,0,0,0.0001,0.3255,0.2474,0.3255,0.2474,
1.5737,0.3934,1.1803,0.3934,1.1803,0,1.5737,1.1803,0.3934,0.7868,1.9671,1.9671,1.5737,0.3934,0.7868,1.5737,0.3934,0.3934,0,0.7868,0.0001,0,0.0001,0,0.0001,0,0.0001,0.0001,0,0,0.0001,0.0001,0.0001,0,0,0.0001,0,0,0,0,0.2796,0.327,0.2796,0.327,
0.5199,1.5596,1.0397,0.5199,0,1.0397,0,0.5199,0.5199,1.0397,0.5199,0,1.0397,1.0397,0.5199,2.0795,1.5596,0,1.0397,1.0397,0,0.0001,0.0001,0,0,0.0001,0,0,0,0.0001,0,0,0.0001,0.0001,0,0.0001,0.0001,0,0.0001,0.0001,0.26,0.2202,0.26,0.2202,
0.7439,0,0,0,0.7439,0.7439,0,0,1.4878,1.4878,0,0,0.7439,0.7439,0,1.4878,0,0,0,0,0.0001,0,0,0,0.0001,0.0001,0,0,0.0002,0.0002,0,0,0.0001,0.0001,0,0.0002,0,0,0,0,0.1209,0.1352,0.1209,0.1352,
0,1.1219,0.7479,0,0,0.7479,0.7479,1.1219,2.6177,0.374,0.7479,0.374,0.374,0.7479,1.8698,0.374,0,1.8698,0,0,0,0.0001,0,0,0,0,0,0.0001,0.0002,0,0,0,0,0,0.0001,0,0,0.0001,0,0,0.3223,0.3037,0.3223,0.3037,
0.5352,0.5352,0,0.5352,0,0.5352,0.5352,2.1409,1.0704,1.0704,1.6057,0.5352,0.5352,1.6057,0,0,0.5352,0,2.1409,0.5352,0,0,0,0,0,0,0,0.0001,0.0001,0.0001,0.0001,0,0,0.0001,0,0,0,0,0.0001,0,0.2568,0.208,0.2568,0.208,
0,1.1467,1.1467,0,0.5733,0.5733,0,0.5733,0,0,0.5733,0,1.1467,0.5733,1.72,0.5733,0.5733,0,0.5733,0,0,0.0001,0.0001,0,0,0,0,0,0,0,0,0,0.0001,0,0.0001,0,0,0,0,0,0.2014,0.2253,0.2014,0.2253,
1.8272,1.2181,0.3045,0.9136,0.6091,1.2181,0,0.6091,2.1318,0.6091,0.6091,0.9136,1.5227,0,1.8272,0,0.3045,0,0,0.3045,0.0001,0.0001,0,0,0,0.0001,0,0,0.0001,0,0,0,0.0001,0,0.0001,0,0,0,0,0,0.3843,0.3111,0.3843,0.3111,
1.4926,0,0,0.7463,0,0,0,1.4926,0,0.7463,0,0.7463,1.4926,1.4926,0.7463,0,0.7463,0,0,1.4926,0.0002,0,0,0.0001,0,0,0,0.0002,0,0.0001,0,0.0001,0.0002,0.0002,0.0001,0,0.0001,0,0,0.0002,0.158,0.0957,0.158,0.0957,
0.9277,0.4639,0.9277,0.4639,1.8554,0.4639,1.8554,0.9277,0.4639,0,0.4639,0.9277,0,1.3916,0.9277,0,0.4639,0.4639,1.3916,0.9277,0.0001,0,0.0001,0,0.0001,0,0.0001,0.0001,0,0,0,0.0001,0,0.0001,0.0001,0,0,0,0.0001,0.0001,0.259,0.2771,0.259,0.2771,
0.8276,0.4138,0.8276,1.2413,0,0,0.4138,0,1.2413,0.4138,0.8276,1.2413,0,1.2413,1.6551,1.6551,0.4138,0.8276,0.8276,0.4138,0.0001,0,0.0001,0.0001,0,0,0,0,0.0001,0,0.0001,0.0001,0,0.0001,0.0001,0.0001,0,0.0001,0.0001,0,0.2873,0.2989,0.2873,0.2989,
1.0375,0,1.0375,0,0,0.5188,1.5563,0,0.5188,3.1126,0,0.5188,0.5188,1.0375,0,2.075,0.5188,1.5563,0,1.5563,0.0001,0,0.0001,0,0,0,0.0001,0,0,0.0002,0,0,0,0.0001,0,0.0002,0,0.0001,0,0.0001,0.2313,0.2499,0.2313,0.2499,
2.7138,0,0,0.5428,1.0855,3.7993,0,1.6283,0,2.7138,1.0855,0,0.5428,0,0.5428,1.0855,1.6283,2.1711,0.5428,1.0855,0.0002,0,0,0,0.0001,0.0002,0,0.0001,0,0.0002,0.0001,0,0,0,0,0.0001,0.0001,0.0001,0,0.0001,0.2185,0.2387,0.2185,0.2387,
0.8527,0.4264,2.1318,0,1.2791,1.2791,0,0.8527,0.8527,0,0.4264,0.4264,0.4264,0.8527,1.7055,0.4264,0,0,0.8527,0.4264,0.0001,0,0.0001,0,0.0001,0.0001,0,0.0001,0.0001,0,0,0,0,0.0001,0.0001,0,0,0,0.0001,0,0.3025,0.2711,0.3025,0.2711,
0.4632,0.9265,0.4632,0.9265,0.9265,1.3897,0,0.9265,0.4632,0.4632,0.4632,0.4632,0.4632,1.3897,2.3162,0,0.4632,0.4632,0,1.3897,0,0.0001,0,0.0001,0.0001,0.0001,0,0.0001,0,0,0,0,0,0.0001,0.0001,0,0,0,0,0.0001,0.256,0.2808,0.256,0.2808,
0.3997,0.7995,0.7995,0,0.3997,1.5989,0.7995,0.3997,0.3997,0.3997,0.3997,0,1.1992,0,1.5989,0.3997,0.7995,0.7995,0.3997,0.7995,0,0,0,0,0,0.0001,0,0,0,0,0,0,0.0001,0,0.0001,0,0,0,0,0,0.2667,0.3336,0.2667,0.3336,
0.4136,1.2407,0,0.4136,0,0.8271,0.8271,0.8271,2.4814,0,1.2407,0.4136,1.6543,0.8271,2.0678,0.4136,0,2.0678,0,0,0,0.0001,0,0,0,0.0001,0.0001,0.0001,0.0002,0,0.0001,0,0.0001,0.0001,0.0001,0,0,0.0001,0,0,0.3238,0.2627,0.3238,0.2627,
1.4513,0,0,0,0.3628,1.4513,0.3628,0.7256,1.8141,0.3628,0.7256,0.3628,0.3628,0.3628,5.0794,0.7256,0.7256,0.7256,0,0.3628,0.0001,0,0,0,0,0.0001,0,0.0001,0.0002,0,0.0001,0,0,0,0.0005,0.0001,0.0001,0.0001,0,0,0.2872,0.3499,0.2872,0.3499,
1.1685,0.3895,2.3371,1.1685,1.1685,1.558,1.1685,1.9476,0.3895,0,1.1685,0,0.779,0,0.3895,0.779,0.3895,0.3895,0.3895,1.558,0.0001,0,0.0001,0.0001,0.0001,0.0001,0.0001,0.0001,0,0,0.0001,0,0,0,0,0,0,0,0,0.0001,0.2959,0.3146,0.2959,0.3146,
1.5115,0,0.7557,0.7557,0.3779,0.7557,1.1336,0.3779,1.1336,0.7557,0.7557,0.7557,0.7557,1.1336,0.3779,1.1336,0.7557,2.2672,0.7557,2.2672,0.0001,0,0,0,0,0,0.0001,0,0.0001,0,0,0,0,0.0001,0,0.0001,0,0.0001,0,0.0001,0.3055,0.3166,0.3055,0.3166,
0.7041,0,0,0.7041,0,0.7041,0.7041,0,0,2.1122,0.7041,0.7041,0.7041,0,0,1.4081,0.7041,0,0.7041,0.7041,0.0001,0,0,0.0001,0,0.0001,0.0001,0,0,0.0002,0.0001,0.0001,0.0001,0,0,0.0001,0.0001,0,0.0001,0.0001,0.1621,0.1338,0.1621,0.1338,
0,1.9001,0.6334,0,0.6334,0,0,1.2668,0.6334,0,0.6334,0,1.2668,1.9001,0,0.6334,1.2668,1.2668,2.5335,0.6334,0,0.0001,0,0,0,0,0,0.0001,0,0,0,0,0.0001,0.0001,0,0,0.0001,0.0001,0.0001,0,0.205,0.1616,0.205,0.1616,
0.9698,1.4547,0,0.9698,0.9698,1.4547,0.9698,1.4547,0,1.4547,0.4849,0.4849,0.4849,1.4547,0.9698,1.4547,0,0,1.9396,1.4547,0,0.0001,0,0,0,0.0001,0,0.0001,0,0.0001,0,0,0,0.0001,0,0.0001,0,0,0.0001,0.0001,0.2743,0.2408,0.2743,0.2408,
0.4716,0,1.4148,1.4148,0.9432,0,1.4148,0.4716,0,1.8864,0.9432,0,0.4716,0.9432,0.9432,0,0,0.4716,1.8864,0,0,0,0.0001,0.0001,0.0001,0,0.0001,0,0,0.0001,0.0001,0,0,0.0001,0.0001,0,0,0,0.0001,0,0.2441,0.2843,0.2441,0.2843,
0,0,0,1.8589,0,0.6196,0,1.8589,1.2393,0,1.2393,0,0,1.8589,0,0,0,0,0.6196,0,0,0,0,0.0003,0,0.0001,0,0.0003,0.0002,0,0.0002,0,0,0.0003,0,0,0,0,0.0001,0,0.1794,0.2009,0.1794,0.2009,
1.3403,1.3403,0.8935,0.4468,1.7871,0.4468,0,0.8935,0.4468,0.8935,1.3403,1.7871,0.4468,0.8935,0.8935,0.8935,0,0,0,0.4468,0.0001,0.0001,0,0,0.0001,0,0,0,0,0,0.0001,0.0001,0,0,0,0,0,0,0,0,0.2735,0.2797,0.2735,0.2797,
1.7603,0,0,1.7603,0.5868,0.5868,0,1.1736,0.5868,0,0,0,0,1.1736,1.7603,1.1736,0.5868,0,0,0.5868,0.0002,0,0,0.0002,0.0001,0.0001,0,0.0001,0.0001,0,0,0,0,0.0001,0.0002,0.0001,0.0001,0,0,0.0001,0.1753,0.2379,0.1753,0.2379,
0,0.4501,1.3504,0,0.9003,0.9003,1.3504,1.3504,0.9003,1.3504,0,0,0.9003,0.9003,0,0.4501,1.3504,1.3504,0.9003,1.3504,0,0,0.0001,0,0.0001,0.0001,0.0001,0.0001,0.0001,0.0001,0,0,0.0001,0.0001,0,0,0.0001,0.0001,0.0001,0.0001,0.2584,0.2915,0.2584,0.2915,
0,0.6688,0,0,0,0,0.6688,0,0.6688,0,0,0.6688,0,0.6688,1.3375,0,1.3375,0.6688,0,1.3375,0,0.0001,0,0,0,0,0.0001,0,0.0001,0,0,0.0001,0,0.0001,0.0002,0,0.0002,0.0001,0,0.0002,0.2135,0.1178,0.2135,0.1178,
0.6404,0,0,0.6404,1.2808,0.6404,0,0,1.2808,0,0,0.6404,0,0,0.6404,0,0.6404,0.6404,0.6404,0.6404,0.0001,0,0,0.0001,0.0002,0.0001,0,0,0.0002,0,0,0.0001,0,0,0.0001,0,0.0001,0.0001,0.0001,0.0001,0.1847,0.1749,0.1847,0.1749,
0.7463,0.3731,1.4926,1.1194,0,0.7463,0,0.3731,0.7463,0.3731,0.7463,1.8657,0.7463,0.7463,0.7463,1.1194,1.1194,0.3731,1.1194,1.1194,0,0,0.0001,0.0001,0,0,0,0,0,0,0,0.0001,0,0,0,0.0001,0.0001,0,0.0001,0.0001,0.2867,0.3401,0.2867,0.3401,
1.0607,1.4142,1.0607,0.3536,0.7071,0,0,0.3536,1.4142,0,0,1.4142,0.3536,0.7071,1.0607,0.7071,0.7071,0.3536,1.0607,2.1214,0.0001,0.0001,0.0001,0,0,0,0,0,0.0001,0,0,0.0001,0,0,0.0001,0,0,0,0.0001,0.0001,0.3528,0.2937,0.3528,0.2937,
0,0.8566,0.4283,0.8566,0.4283,1.285,0.8566,0.8566,0.4283,0.4283,0.8566,1.7133,0.4283,0.4283,1.285,0.4283,0.8566,1.285,0.8566,0.8566,0,0,0,0,0,0.0001,0,0,0,0,0,0.0001,0,0,0.0001,0,0,0.0001,0,0,0.2696,0.3021,0.2696,0.3021,
0.3873,1.162,0.3873,0.3873,0,0.7747,0.7747,1.162,2.7114,0,0.3873,0.3873,0.3873,0.7747,1.5494,0.3873,0.3873,2.3241,0,0,0,0.0001,0,0,0,0,0,0.0001,0.0002,0,0,0,0,0,0.0001,0,0,0.0001,0,0,0.3054,0.3072,0.3054,0.3072,
1.1342,0.5671,1.1342,1.1342,0,0.5671,0,0,0,1.1342,0,0,0,0.5671,0.5671,1.1342,0.5671,0,2.2684,0.5671,0.0001,0,0.0001,0.0001,0,0,0,0,0,0.0001,0,0,0,0,0,0.0001,0,0,0.0002,0,0.2424,0.1905,0.2424,0.1905,
0.4775,0.4775,0.9551,1.4326,0,1.4326,0.9551,0.9551,1.4326,1.9102,0,1.9102,0,1.9102,0,0,0.4775,0.4775,0.4775,0.9551,0,0,0.0001,0.0001,0,0.0001,0.0001,0.0001,0.0001,0.0001,0,0.0001,0,0.0001,0,0,0,0,0,0.0001,0.2199,0.3026,0.2199,0.3026,
0.53,0,0,0.53,2.1202,0.53,0,0.53,0.53,3.1803,0.53,2.6502,1.0601,1.0601,0.53,2.1202,1.0601,1.5901,0.53,1.0601,0,0,0,0,0.0001,0,0,0,0,0.0002,0,0.0002,0.0001,0.0001,0,0.0001,0.0001,0.0001,0,0.0001,0.2389,0.2311,0.2389,0.2311,
0.82,0,0,0,0.82,1.6399,0,0,0,0,2.4599,0,0.82,0,0.82,0.82,0,0,0,0,0.0001,0,0,0,0.0001,0.0002,0,0,0,0,0.0003,0,0.0001,0,0.0001,0.0001,0,0,0,0,0.1038,0.0762,0.1038,0.0762,
1.3809,0,0,0,0.3452,1.3809,0.3452,0.3452,2.0713,0.6904,0.6904,0.3452,0.3452,0.3452,3.7975,1.0357,0.6904,1.0357,0,0.3452,0.0001,0,0,0,0,0.0001,0,0,0.0002,0.0001,0.0001,0,0,0,0.0003,0.0001,0.0001,0.0001,0,0,0.3076,0.3472,0.3076,0.3472,
0,1.1861,0.3954,0,0,0.7907,0.7907,1.1861,3.1629,0,1.1861,0.3954,0.7907,0.7907,1.5815,0.7907,0,1.5815,0,0,0,0.0001,0,0,0,0.0001,0.0001,0.0001,0.0002,0,0.0001,0,0.0001,0.0001,0.0001,0.0001,0,0.0001,0,0,0.3122,0.2925,0.3122,0.2925,
1.2131,0.8087,0.4044,0.8087,1.2131,0.4044,0.8087,1.2131,0.4044,0.4044,1.2131,0,0.8087,0.8087,1.2131,0.8087,0,1.2131,0.8087,2.4262,0.0001,0,0,0,0.0001,0,0,0.0001,0,0,0.0001,0,0,0,0.0001,0,0,0.0001,0,0.0001,0.2854,0.3102,0.2854,0.3102,
1.0606,0,0,1.0606,2.6514,1.0606,0,2.6514,0,2.1211,0.5303,0,1.0606,0,1.5908,0,1.0606,1.0606,0,0.5303,0.0001,0,0,0.0001,0.0002,0.0001,0,0.0002,0,0.0002,0,0,0.0001,0,0.0001,0,0.0001,0.0001,0,0,0.2191,0.2506,0.2191,0.2506,
0.9106,0.9106,0,0.4553,0.4553,1.3658,0.4553,0.4553,1.3658,0.9106,0.4553,0.4553,0.4553,0.4553,1.3658,0,0,0.4553,1.3658,0.4553,0.0001,0.0001,0,0,0,0.0001,0,0,0.0001,0.0001,0,0,0,0,0.0001,0,0,0,0.0001,0,0.3131,0.2316,0.3131,0.2316,
0.6802,0,0.6802,0.6802,0.6802,0,0,0,1.3605,0,0,0,0,2.0407,0.6802,0.6802,0.6802,0.6802,0,0,0.0001,0,0.0001,0.0001,0.0001,0,0,0,0.0002,0,0,0,0,0.0004,0.0001,0.0001,0.0001,0.0001,0,0,0.1735,0.1462,0.1735,0.1462,
0.4983,2.9899,0.9966,0.4983,0,1.4949,0,0.9966,0.9966,0.9966,0.4983,0,0.4983,0.9966,1.4949,0.4983,0,0.4983,0,0.4983,0,0.0001,0,0,0,0.0001,0,0,0,0,0,0,0,0,0.0001,0,0,0,0,0,0.2435,0.2582,0.2435,0.2582,
0.4461,0,1.3383,0.4461,0.8922,0.8922,0.4461,0,0,1.3383,0,1.3383,1.7845,1.3383,1.7845,0.4461,0.4461,0.8922,0,2.2306,0,0,0.0001,0,0.0001,0.0001,0,0,0,0.0001,0,0.0001,0.0001,0.0001,0.0001,0,0,0.0001,0,0.0002,0.2888,0.2651,0.2888,0.2651,
2.2294,0,0.4459,1.3376,0,0.4459,0,0.4459,0,1.3376,0.8917,0.8917,2.2294,0.8917,1.7835,0,0.8917,0.4459,0,1.7835,0.0002,0,0,0.0001,0,0,0,0,0,0.0001,0.0001,0.0001,0.0002,0.0001,0.0001,0,0.0001,0,0,0.0001,0.2903,0.2638,0.2903,0.2638,
0.8017,0.8017,0,0.8017,0,0,0.8017,0,0,0.8017,0.8017,0,0,0,0,0.8017,0,1.6035,0,0.8017,0.0001,0.0001,0,0.0001,0,0,0.0001,0,0,0.0001,0.0001,0,0,0,0,0.0001,0,0.0002,0,0.0001,0.0913,0.107,0.0913,0.107,
0.3846,0,1.1537,0.7692,0.7692,1.9229,0.7692,0.3846,0.3846,3.0766,0,0,1.1537,3.0766,0.3846,1.1537,0.7692,1.1537,0,1.5383,0,0,0.0001,0,0,0.0001,0,0,0,0.0002,0,0,0.0001,0.0002,0,0.0001,0,0.0001,0,0.0001,0.311,0.3044,0.311,0.3044,
0.5787,3.4724,0,0.5787,1.1575,1.7362,0,1.1575,1.7362,0.5787,0,0.5787,1.1575,0,0,2.3149,1.1575,1.1575,0,0.5787,0,0.0001,0,0,0,0.0001,0,0,0.0001,0,0,0,0,0,0,0.0001,0,0,0,0,0.234,0.1873,0.234,0.1873,
0.4433,0,0,1.33,0.4433,0.8867,0.4433,1.33,0.8867,0.8867,1.33,0.8867,2.2166,1.33,0.4433,1.33,3.99,0,0.4433,2.2166,0,0,0,0.0001,0,0.0001,0,0.0001,0.0001,0.0001,0.0001,0.0001,0.0001,0.0001,0,0.0001,0.0003,0,0,0.0001,0.2789,0.2777,0.2789,0.2777,
0.853,0.853,0.4265,1.2795,1.2795,1.2795,0.4265,0,1.2795,0,0,0.4265,1.2795,0.853,1.706,0.4265,0.853,0.853,0.4265,0,0.0001,0.0001,0,0.0001,0.0001,0.0001,0,0,0.0001,0,0,0,0.0001,0.0001,0.0001,0,0.0001,0.0001,0,0,0.2731,0.3004,0.2731,0.3004,
1.0409,0,1.0409,0,0,1.0409,0,1.0409,3.4696,0.6939,0.347,0.6939,1.0409,0.6939,2.0818,1.0409,0,1.0409,0,0.347,0.0001,0,0.0001,0,0,0.0001,0,0.0001,0.0003,0.0001,0,0.0001,0.0001,0.0001,0.0002,0.0001,0,0.0001,0,0,0.3406,0.3125,0.3406,0.3125,
1.0725,0,0.5362,0.5362,1.0725,0.5362,0,0.5362,0.5362,0.5362,1.0725,0,0.5362,0,1.0725,0.5362,1.6087,0.5362,0.5362,1.0725,0.0001,0,0,0,0.0001,0,0,0,0,0,0.0001,0,0,0,0.0001,0,0.0001,0,0,0.0001,0.2644,0.1994,0.2644,0.1994,
0.6984,4.1904,1.0476,0.6984,0,1.0476,0.3492,0,3.1428,0,0.3492,0.3492,0.3492,1.3968,0,2.7936,0.6984,0.3492,0,0,0,0.0002,0,0,0,0,0,0,0.0001,0,0,0,0,0.0001,0,0.0001,0,0,0,0,0.3449,0.3059,0.3449,0.3059,
1.4377,0,0.9584,1.4377,0.4792,0,0.4792,0.4792,0.4792,1.4377,1.4377,0,0.4792,1.4377,0.4792,0.4792,1.4377,0.4792,0.9584,0.4792,0.0001,0,0.0001,0.0001,0,0,0,0,0,0.0001,0.0001,0,0,0.0001,0,0,0.0001,0,0.0001,0,0.2699,0.2508,0.2699,0.2508,
0.4985,0.4985,1.4954,1.4954,0,0.9969,0,1.4954,0,1.4954,1.4954,0.9969,0,0.4985,0.9969,0,0.9969,0.4985,0.4985,0.4985,0,0,0.0001,0.0001,0,0.0001,0,0.0001,0,0.0001,0.0001,0.0001,0,0,0.0001,0,0.0001,0,0,0,0.2572,0.2443,0.2572,0.2443,
1.2419,0,0.621,0,0,0.621,0,1.2419,0.621,0,0,1.2419,1.8629,0,0.621,0,0,1.2419,0.621,2.4838,0.0001,0,0.0001,0,0,0.0001,0,0.0001,0.0001,0,0,0.0001,0.0002,0,0.0001,0,0,0.0001,0.0001,0.0002,0.1983,0.1807,0.1983,0.1807,
0.4402,0.8805,0.8805,0.4402,0.8805,0.8805,0.8805,1.761,1.3207,1.3207,1.761,0.4402,0,0.8805,0.8805,1.761,1.3207,0.8805,0.4402,0.8805,0,0,0,0,0,0,0,0.0001,0.0001,0.0001,0.0001,0,0,0,0,0.0001,0.0001,0,0,0,0.2539,0.3058,0.2539,0.3058,
0.972,0.972,2.2679,0.972,0.648,1.6199,0.648,1.296,0.648,0.972,0.324,0.324,0.324,0.972,1.6199,0,0,0.324,0,0.324,0,0,0.0001,0,0,0.0001,0,0.0001,0,0,0,0,0,0,0.0001,0,0,0,0,0,0.3993,0.2767,0.3993,0.2767,
0,0.7141,0.7141,0,0,1.4281,2.1422,0.7141,0,0.7141,0.7141,2.1422,0.7141,1.4281,0,0,0,0,0,0.7141,0,0.0001,0.0001,0,0,0.0001,0.0002,0.0001,0,0.0001,0.0001,0.0002,0.0001,0.0001,0,0,0,0,0,0.0001,0.1583,0.1276,0.1583,0.1276,
1.047,0,0.5235,0,1.047,4.1882,0,3.1411,0,2.0941,0.5235,0,1.047,0,0.5235,2.0941,1.5706,1.5706,0.5235,1.047,0.0001,0,0,0,0.0001,0.0002,0,0.0002,0,0.0001,0,0,0.0001,0,0,0.0001,0.0001,0.0001,0,0.0001,0.2301,0.2463,0.2301,0.2463,
0,0,0.6509,1.3018,0,0.6509,0,0,0,3.2545,0.6509,1.3018,0,0.6509,0.6509,1.3018,0,0.6509,0,0,0,0,0.0001,0.0001,0,0.0001,0,0,0,0.0003,0.0001,0.0001,0,0.0001,0.0001,0.0001,0,0.0001,0,0,0.1784,0.1707,0.1784,0.1707,
0.7159,1.0739,1.4318,0.7159,1.0739,0.358,1.4318,0.358,0.7159,0.7159,0.7159,1.0739,0.7159,0.7159,0.7159,0.7159,1.4318,0.358,0.358,0.7159,0,0.0001,0.0001,0,0.0001,0,0.0001,0,0,0,0,0.0001,0,0,0,0,0.0001,0,0,0,0.3298,0.3122,0.3298,0.3122,
0.3988,1.5954,1.1965,0.7977,0.7977,1.5954,1.1965,0.3988,0.3988,0.3988,1.5954,0.7977,1.5954,0.7977,0.3988,0,1.1965,0.3988,0.3988,1.5954,0,0.0001,0.0001,0,0,0.0001,0.0001,0,0,0,0.0001,0,0.0001,0,0,0,0.0001,0,0,0.0001,0.273,0.3281,0.273,0.3281,
0.5875,0.5875,0.5875,0.5875,0.5875,1.175,0.5875,1.175,1.175,0.5875,0,0.5875,1.175,1.175,0,0.5875,0,0.5875,0.5875,0.5875,0,0,0,0,0,0.0001,0,0.0001,0.0001,0,0,0,0.0001,0.0001,0,0,0,0,0,0,0.2493,0.1632,0.2493,0.1632,
0.7413,1.4826,0,0.7413,1.4826,0.7413,0.7413,0,0,0.7413,0.7413,0,0.7413,0,0,1.4826,0.7413,0,0,0,0.0001,0.0001,0,0.0001,0.0001,0.0001,0.0001,0,0,0.0001,0.0001,0,0.0001,0,0,0.0001,0.0001,0,0,0,0.1483,0.1105,0.1483,0.1105,
0.873,0.4365,1.3095,0.873,0.873,0.4365,1.746,0.4365,1.3095,0.873,1.3095,0.4365,1.3095,0.4365,0,0.873,0.4365,0,0,0.873,0.0001,0,0.0001,0.0001,0.0001,0,0.0001,0,0.0001,0.0001,0.0001,0,0.0001,0,0,0.0001,0,0,0,0.0001,0.3007,0.2628,0.3007,0.2628,
1.5833,0,0,0,0,0.7916,0,0,0.7916,0,0.7916,0,0.7916,0,0,0,0,1.5833,1.5833,0.7916,0.0002,0,0,0,0,0.0001,0,0,0.0001,0,0.0001,0,0.0001,0,0,0,0,0.0002,0.0002,0.0001,0.1473,0.0611,0.1473,0.0611,
1.9566,0.7826,1.1739,0.3913,0.3913,1.1739,0,0.3913,1.5653,1.1739,0.7826,1.1739,0.7826,0.7826,0.7826,0.3913,0,1.1739,0.3913,0.3913,0.0001,0,0.0001,0,0,0.0001,0,0,0.0001,0.0001,0,0.0001,0,0,0,0,0,0.0001,0,0,0.3142,0.2945,0.3142,0.2945,
0,0.3999,1.1996,0.7997,1.1996,1.1996,0.7997,0.3999,0.3999,0.3999,0,0.3999,0.7997,1.5995,0.7997,0.3999,0,0.7997,0.7997,1.5995,0,0,0.0001,0,0.0001,0.0001,0,0,0,0,0,0,0,0.0001,0,0,0,0,0,0.0001,0.2753,0.3248,0.2753,0.3248,
1.0154,0,1.0154,0.5077,0.5077,2.0308,0,1.5231,0,4.5693,0.5077,0,1.0154,1.0154,1.0154,0.5077,1.0154,1.5231,0,1.0154,0.0001,0,0.0001,0,0,0.0001,0,0.0001,0,0.0003,0,0,0.0001,0.0001,0.0001,0,0.0001,0.0001,0,0.0001,0.2495,0.2428,0.2495,0.2428,
2.47,0,1.482,0.494,2.964,0.494,0,0.494,0.988,2.47,0.494,0,0.988,0,0.988,1.482,0.494,2.47,0,0.494,0.0002,0,0.0001,0,0.0002,0,0,0,0.0001,0.0002,0,0,0.0001,0,0.0001,0.0001,0,0.0002,0,0,0.253,0.253,0.253,0.253,
0.372,1.116,0.372,0,0,0.744,0.372,0.372,2.6041,0.372,0.372,0.372,0.372,1.116,1.8601,0.744,0,2.6041,0,0,0,0.0001,0,0,0,0.0001,0,0,0.0002,0,0,0,0,0.0001,0.0001,0.0001,0,0.0002,0,0,0.3265,0.3015,0.3265,0.3015,
0,0.4961,0.9921,1.4882,0.4961,0.9921,0.4961,0,0.4961,0.4961,0.9921,1.4882,0.4961,0,0.4961,0.9921,0.9921,0.4961,0.4961,1.9843,0,0,0.0001,0.0001,0,0.0001,0,0,0,0,0.0001,0.0001,0,0,0,0.0001,0.0001,0,0,0.0001,0.2534,0.2506,0.2534,0.2506,
0.596,0,0,0,0.596,0.596,1.1919,1.1919,1.1919,1.1919,0,0.596,0,0,2.3839,0,0,0,0,1.1919,0.0001,0,0,0,0.0001,0.0001,0.0002,0.0002,0.0002,0.0002,0,0.0001,0,0,0.0003,0,0,0,0,0.0002,0.1771,0.2269,0.1771,0.2269,
0.7112,1.778,0,1.0668,1.0668,0.3556,1.0668,1.0668,1.4224,0.3556,0.7112,0.3556,0.3556,1.4224,1.0668,0,0.7112,3.2004,0.7112,0.3556,0,0.0001,0,0.0001,0.0001,0,0.0001,0.0001,0.0001,0,0,0,0,0.0001,0.0001,0,0,0.0002,0,0,0.3431,0.3013,0.3431,0.3013,
0.9167,0.4583,0.9167,0.4583,0.9167,0.4583,0,1.375,0.9167,0.4583,0,0.9167,0.9167,0.9167,0.9167,0.4583,0,0.4583,1.8333,0,0.0001,0,0.0001,0,0.0001,0,0,0.0001,0.0001,0,0,0.0001,0.0001,0.0001,0.0001,0,0,0,0.0001,0,0.2709,0.2708,0.2709,0.2708,
0.3945,1.1836,2.3671,1.1836,0.789,1.1836,0,1.1836,0,1.9726,0,1.1836,0.3945,0.3945,0.789,0.3945,0,0.3945,0.789,0,0,0.0001,0.0001,0.0001,0,0.0001,0,0.0001,0,0.0001,0,0.0001,0,0,0,0,0,0,0,0,0.313,0.2925,0.313,0.2925,
1.2519,0,0,0,0.626,0.626,0,0,0.626,0.626,0,0,0,0,4.3818,0,0,0.626,0,0,0.0002,0,0,0,0.0001,0.0001,0,0,0.0001,0.0001,0,0,0,0,0.0008,0,0,0.0001,0,0,0.222,0.152,0.222,0.152,
1.0731,1.4308,1.0731,0,2.1462,1.4308,0.7154,0.3577,1.7885,0.3577,0.3577,0.3577,0,0.3577,1.0731,1.0731,0.3577,0.3577,0,1.4308,0,0.0001,0,0,0.0001,0.0001,0,0,0.0001,0,0,0,0,0,0,0,0,0,0,0.0001,0.3529,0.2894,0.3529,0.2894,
0.9559,0.9559,0,1.9117,0.9559,0,0,0.4779,0.4779,1.4338,0,0.4779,1.4338,0.9559,1.4338,1.9117,0.9559,0.9559,0.4779,0,0.0001,0.0001,0,0.0001,0.0001,0,0,0,0,0.0001,0,0,0.0001,0.0001,0.0001,0.0001,0.0001,0.0001,0,0,0.324,0.1981,0.324,0.1981,
0.9299,0,0.4649,0.9299,1.3948,0.9299,0.4649,0.9299,1.3948,0.9299,0.9299,0.4649,1.3948,0.9299,0,0.4649,0.4649,0.9299,1.8597,0.4649,0.0001,0,0,0.0001,0.0001,0.0001,0,0.0001,0.0001,0.0001,0.0001,0,0.0001,0.0001,0,0,0,0.0001,0.0001,0,0.2663,0.2688,0.2663,0.2688,
0.7214,1.0821,0.7214,0.7214,0.3607,1.4428,1.0821,0.3607,1.4428,0.7214,0,0.7214,0.7214,0.3607,0.7214,1.0821,1.4428,1.8034,0,0.7214,0,0.0001,0,0,0,0.0001,0.0001,0,0.0001,0,0,0,0,0,0,0.0001,0.0001,0.0001,0,0,0.3325,0.3068,0.3325,0.3068,
1.451,0,0.4837,0,1.451,0.9673,0.4837,2.4183,0,1.451,0.9673,0,0.9673,0.9673,1.451,1.451,1.9346,1.451,0.4837,0.4837,0.0001,0,0,0,0.0001,0.0001,0,0.0001,0,0.0001,0.0001,0,0.0001,0.0001,0.0001,0.0001,0.0001,0.0001,0,0,0.2465,0.2698,0.2465,0.2698,
0.421,0.421,0.421,1.6842,0.421,2.9473,0,0,0.8421,1.2631,0.421,1.6842,0.421,1.2631,0,0.421,0.421,0,1.6842,0.8421,0,0,0,0.0001,0,0.0002,0,0,0,0.0001,0,0.0001,0,0.0001,0,0,0,0,0.0001,0,0.3074,0.2716,0.3074,0.2716,
1.9603,0,0,0.6534,1.9603,0,0,3.9205,0.6534,3.2671,0.6534,1.9603,0.6534,0.6534,0,1.3068,1.9603,1.9603,0,0.6534,0.0002,0,0,0.0001,0.0002,0,0,0.0003,0.0001,0.0003,0.0001,0.0002,0.0001,0.0001,0,0.0001,0.0002,0.0002,0,0.0001,0.1783,0.1683,0.1783,0.1683,
0,0.6737,0,0.6737,0.6737,0,0.6737,1.3474,0.6737,0,2.6948,0.6737,0,0,0,0,0,1.3474,0.6737,0,0,0.0001,0,0.0001,0.0001,0,0.0001,0.0001,0.0001,0,0.0002,0.0001,0,0,0,0,0,0.0001,0.0001,0,0.1551,0.1712,0.1551,0.1712,
1.0804,0,0,0,0.3601,1.0804,0,1.0804,2.1609,0.7203,0.7203,1.0804,0.7203,0.7203,2.8811,0.3601,0.3601,1.0804,0,0,0.0001,0,0,0,0,0.0001,0,0.0001,0.0002,0.0001,0.0001,0.0001,0.0001,0.0001,0.0002,0,0,0.0001,0,0,0.3408,0.299,0.3408,0.299,
1.2912,0.4304,0,0.8608,0.4304,0.8608,0.8608,1.2912,0.4304,2.1521,0.4304,0.4304,0,0,1.7217,0,0.8608,2.1521,0,0.8608,0.0001,0,0,0.0001,0,0.0001,0.0001,0.0001,0,0.0002,0,0,0,0,0.0001,0,0.0001,0.0002,0,0.0001,0.2706,0.299,0.2706,0.299,
0,1.5598,0.5199,0,0.5199,1.5598,0,1.0399,1.0399,1.0399,0,0,1.0399,0.5199,1.5598,1.0399,0.5199,0.5199,1.0399,0,0,0.0001,0,0,0,0.0001,0,0.0001,0.0001,0.0001,0,0,0.0001,0,0.0001,0.0001,0,0,0.0001,0,0.2088,0.2712,0.2088,0.2712,
0,0,1.002,0.501,3.006,1.002,0,1.002,1.002,2.505,0.501,1.503,1.002,0,0.501,2.004,1.002,2.004,0,0.501,0,0,0.0001,0,0.0002,0.0001,0,0.0001,0.0001,0.0002,0,0.0001,0.0001,0,0,0.0001,0.0001,0.0001,0,0,0.2641,0.2349,0.2641,0.2349,
1.3618,0,0.6809,0.6809,0.6809,0.6809,0,0,0.6809,0.6809,0,0,0,0,0,0.6809,0.6809,0,0.6809,0.6809,0.0001,0,0.0001,0.0001,0.0001,0.0001,0,0,0.0001,0.0001,0,0,0,0,0,0.0001,0.0001,0,0.0001,0.0001,0.161,0.1581,0.161,0.1581,
0.6847,0.3423,0.6847,0.3423,1.7117,1.027,1.027,0.6847,0.6847,1.3694,1.027,0.6847,0,1.3694,1.3694,0.6847,1.3694,1.3694,0.3423,0,0,0,0,0,0.0001,0.0001,0.0001,0,0,0.0001,0.0001,0,0,0.0001,0.0001,0,0.0001,0.0001,0,0,0.3213,0.3363,0.3213,0.3363,
1.099,0,0,1.6485,1.099,0.5495,0.5495,0.5495,0.5495,0.5495,0,1.6485,0.5495,1.099,0,0.5495,1.099,1.6485,0,0.5495,0.0001,0,0,0.0001,0.0001,0,0,0,0,0,0,0.0001,0,0.0001,0,0,0.0001,0.0001,0,0,0.2426,0.208,0.2426,0.208,
0.5866,0.5866,1.1732,0.5866,0,1.7598,0,1.1732,1.1732,1.1732,0,0,2.3464,0,0,0.5866,1.1732,0,0.5866,0,0,0,0.0001,0,0,0.0001,0,0.0001,0.0001,0.0001,0,0,0.0002,0,0,0,0.0001,0,0,0,0.2048,0.2086,0.2048,0.2086,
0.7061,2.1183,1.4122,1.4122,0,0,0.7061,0,0,0.7061,0,0.7061,0.7061,0,0,0,0,0,0,2.1183,0,0.0001,0.0001,0.0001,0,0,0,0,0,0,0,0,0,0,0,0,0,0,0,0.0001,0.1262,0.1677,0.1262,0.1677,
0.3691,1.8457,0.7383,0.3691,0.7383,0.3691,0,2.2148,1.1074,1.4766,1.1074,0.3691,0,0.7383,2.2148,0.7383,0.3691,2.2148,0,1.4766,0,0.0001,0,0,0,0,0,0.0001,0.0001,0.0001,0.0001,0,0,0,0.0001,0,0,0.0001,0,0.0001,0.335,0.2959,0.335,0.2959,
1.7217,0,0,0,0.3443,1.3773,0.3443,0.3443,1.7217,0.6887,0.6887,0,0.3443,0.3443,4.132,0.6887,1.3773,0.6887,0,0.3443,0.0002,0,0,0,0,0.0001,0,0,0.0002,0.0001,0.0001,0,0,0,0.0004,0.0001,0.0001,0.0001,0,0,0.309,0.3467,0.309,0.3467,
0.8038,0,1.2057,0.4019,2.0095,1.2057,2.4114,1.2057,0.4019,0,0.4019,1.6076,0.4019,0.8038,0,1.2057,1.6076,1.2057,0.8038,0,0,0,0.0001,0,0.0001,0.0001,0.0001,0.0001,0,0,0,0.0001,0,0,0,0.0001,0.0001,0.0001,0,0,0.3048,0.2933,0.3048,0.2933,
1.2959,0.432,0,0.8639,0.432,0.8639,0.8639,1.2959,0.8639,0,0.432,1.7279,0.8639,1.2959,0.8639,0.432,0.432,0.8639,0.8639,1.7279,0.0001,0,0,0.0001,0,0.0001,0.0001,0.0001,0.0001,0,0,0.0001,0.0001,0.0001,0.0001,0,0,0.0001,0.0001,0.0001,0.2776,0.2904,0.2776,0.2904,
0,0,0,0,0,1.4636,0,0.7318,0.7318,0,0,0,0.7318,0.7318,0.7318,0,0,1.4636,0.7318,0,0,0,0,0,0,0.0002,0,0.0001,0.0001,0,0,0,0.0001,0.0001,0.0001,0,0,0.0002,0.0001,0,0.1215,0.1467,0.1215,0.1467,
0.9421,1.8841,1.4131,0.9421,0.471,2.3551,0.471,0.471,0.471,0,0.471,2.8262,2.3551,0.471,0,0.9421,0.471,0.9421,0,1.4131,0,0.0001,0.0001,0,0,0.0001,0,0,0,0,0,0.0001,0.0001,0,0,0,0,0,0,0.0001,0.2825,0.2465,0.2825,0.2465,
1.742,0.4355,0.4355,0.4355,1.742,1.3065,0.4355,0.871,1.742,1.3065,0.871,0,0,0.871,0.4355,0.871,0,0.871,0,0.871,0.0001,0,0,0,0.0001,0.0001,0,0.0001,0.0001,0.0001,0.0001,0,0,0.0001,0,0.0001,0,0.0001,0,0.0001,0.2922,0.2723,0.2922,0.2723,
0,0.9051,0.4526,0,0.9051,0,0,1.8102,2.2628,2.2628,1.3577,1.3577,0.9051,0.9051,0.9051,0.4526,0.4526,0.4526,1.3577,0,0,0,0,0,0,0,0,0.0001,0.0001,0.0001,0.0001,0.0001,0,0,0,0,0,0,0.0001,0,0.2776,0.2698,0.2776,0.2698,
0.4204,0.4204,0.4204,0.8408,0.8408,0.8408,0.8408,0.8408,0.4204,0.4204,0.4204,0.8408,1.2612,0.8408,1.6816,2.102,0.8408,1.2612,0.4204,0.8408,0,0,0,0.0001,0.0001,0.0001,0.0001,0.0001,0,0,0,0.0001,0.0001,0.0001,0.0001,0.0001,0.0001,0.0001,0,0.0001,0.2892,0.2904,0.2892,0.2904,
1.5441,0.772,0,0.772,1.5441,0,0.772,0,0,0,0.772,0.772,0,0.772,0,0,0,0,0,0,0.0002,0.0001,0,0.0001,0.0002,0,0.0001,0,0,0,0.0001,0.0001,0,0.0001,0,0,0,0,0,0,0.1251,0.1028,0.1251,0.1028,
1.4306,0,0.7153,0,1.4306,0,0,0,0.7153,0,0.7153,1.4306,0,0,0.7153,0.7153,0,0,0,0,0.0002,0,0.0001,0,0.0002,0,0,0,0.0001,0,0.0001,0.0002,0,0,0.0001,0.0001,0,0,0,0,0.1788,0.1059,0.1788,0.1059,
1.3096,0,0.4365,1.7461,1.7461,1.7461,0.4365,0,0.4365,3.4922,0.873,0.4365,0.873,1.3096,0.4365,1.3096,1.7461,0.873,0,0.873,0.0001,0,0,0.0001,0.0001,0.0001,0,0,0,0.0002,0,0,0,0.0001,0,0.0001,0.0001,0,0,0,0.2766,0.2869,0.2766,0.2869,
1.5175,0,1.0117,0.5058,0.5058,2.0233,0,1.5175,0,4.5525,0.5058,0,0.5058,1.0117,1.0117,0.5058,1.0117,1.5175,0,1.0117,0.0001,0,0.0001,0,0,0.0001,0,0.0001,0,0.0003,0,0,0,0.0001,0.0001,0,0.0001,0.0001,0,0.0001,0.2502,0.244,0.2502,0.244,
3.2379,1.0793,1.4391,1.4391,0.3598,0.3598,0,0.3598,1.0793,1.0793,0.3598,0.3598,0,1.0793,1.0793,0,0.3598,0,1.0793,0.7195,0.0002,0.0001,0.0001,0.0001,0,0,0,0,0.0001,0.0001,0,0,0,0.0001,0.0001,0,0,0,0.0001,0,0.2817,0.3585,0.2817,0.3585,
0.7061,1.4122,0,1.0592,0,0.7061,0.7061,0,2.8245,1.0592,0.3531,2.1183,1.0592,0,1.0592,0.7061,1.0592,1.0592,0,0.7061,0,0.0001,0,0.0001,0,0,0,0,0.0002,0.0001,0,0.0001,0.0001,0,0.0001,0,0.0001,0.0001,0,0,0.3022,0.3447,0.3022,0.3447,
0.7633,0.7633,0,0,0,0,0.7633,0.7633,0,0,0,0,0,0.7633,0.7633,0.7633,0.7633,0.7633,0.7633,0,0.0001,0.0001,0,0,0,0,0.0001,0.0001,0,0,0,0,0,0.0001,0.0001,0.0001,0.0001,0.0001,0.0001,0,0.1095,0.1272,0.1095,0.1272,
0.5668,0.5668,1.1337,1.1337,0.5668,1.1337,0.5668,0,0.5668,1.1337,0,0.5668,0,0,0.5668,0,0,0.5668,0.5668,0.5668,0,0,0.0001,0.0001,0,0.0001,0,0,0,0.0001,0,0,0,0,0,0,0,0,0,0,0.2051,0.2281,0.2051,0.2281,
0.3898,1.5592,0.3898,0.7796,0,0,0.7796,0.7796,1.5592,0.3898,0.7796,1.1694,0.3898,0.3898,1.949,0.7796,1.1694,0.3898,0.3898,0.7796,0,0.0001,0,0,0,0,0,0,0.0001,0,0,0.0001,0,0,0.0001,0,0.0001,0,0,0,0.3592,0.251,0.3592,0.251,
1.1078,0.5539,0.5539,0,1.6617,1.6617,0,2.2156,1.1078,2.7695,0.5539,0,0,0,0,1.1078,1.1078,1.6617,0.5539,0.5539,0.0001,0,0,0,0.0001,0.0001,0,0.0001,0.0001,0.0001,0,0,0,0,0,0.0001,0.0001,0.0001,0,0,0.2358,0.2103,0.2358,0.2103,
1.9337,0.3867,1.5469,0.3867,0.7735,0.3867,1.1602,0.3867,1.1602,1.5469,0,1.1602,0.7735,0.7735,0,1.9337,0.3867,0.7735,1.1602,1.1602,0.0001,0,0.0001,0,0,0,0.0001,0,0.0001,0.0001,0,0.0001,0,0,0,0.0001,0,0,0.0001,0.0001,0.2786,0.3346,0.2786,0.3346,
1.5896,0,0.3974,0,0.3974,0.7948,0,0.3974,0.7948,1.5896,3.1791,1.1922,0,0.3974,2.7817,1.1922,1.5896,0.3974,0,0.3974,0.0001,0,0,0,0,0.0001,0,0,0.0001,0.0001,0.0002,0.0001,0,0,0.0002,0.0001,0.0001,0,0,0,0.2808,0.3218,0.2808,0.3218,
0,0.5865,0,0.5865,1.173,0,1.173,0.5865,0.5865,1.7596,1.173,0.5865,0.5865,1.7596,0.5865,0,0,0.5865,0,0.5865,0,0,0,0,0.0001,0,0.0001,0,0,0.0001,0.0001,0,0,0.0001,0,0,0,0,0,0,0.1946,0.2189,0.1946,0.2189,
0.3864,0.3864,0.7729,0.3864,1.5458,1.5458,0.7729,0,0.3864,0.7729,0,0.3864,0.3864,1.1593,1.1593,0,1.1593,1.5458,1.1593,1.5458,0,0,0,0,0.0001,0.0001,0,0,0,0,0,0,0,0.0001,0.0001,0,0.0001,0.0001,0.0001,0.0001,0.3054,0.3081,0.3054,0.3081,
0,3.4762,0,0.5794,0.5794,1.7381,0,2.3174,1.1587,0,0,1.1587,1.1587,0,0.5794,2.3174,0,2.3174,0,0.5794,0,0.0001,0,0,0,0.0001,0,0.0001,0,0,0,0,0,0,0,0.0001,0,0.0001,0,0,0.2258,0.1949,0.2258,0.1949,
2.3375,0.3896,0.7792,1.5583,1.1687,0.3896,1.1687,1.1687,0.7792,0.7792,0,1.5583,0,0.3896,0.3896,0.3896,0.7792,1.5583,0.7792,0.3896,0.0001,0,0,0.0001,0.0001,0,0.0001,0.0001,0,0,0,0.0001,0,0,0,0,0,0.0001,0,0,0.353,0.2574,0.353,0.2574,
0.6269,1.2539,0.6269,0.6269,0,0.6269,0,0,1.2539,0,0.6269,1.2539,1.2539,0.6269,0.6269,0.6269,0,1.2539,0,0,0,0.0001,0,0,0,0,0,0,0.0001,0,0,0.0001,0.0001,0,0,0,0,0.0001,0,0,0.2087,0.1644,0.2087,0.1644,
0.4376,0,2.188,0.4376,0.8752,0.8752,0,1.3128,0.8752,1.7504,0.4376,0.4376,0.4376,1.3128,0.8752,0.4376,1.3128,1.3128,0,0.4376,0,0,0.0001,0,0.0001,0.0001,0,0.0001,0.0001,0.0001,0,0,0,0.0001,0.0001,0,0.0001,0.0001,0,0,0.2573,0.3051,0.2573,0.3051,
1.951,0.3902,1.1706,0,0.3902,2.7315,0.3902,1.5608,0.3902,0.3902,0.3902,1.1706,0.7804,0.3902,1.1706,1.5608,1.5608,1.1706,0.3902,0,0.0001,0,0.0001,0,0,0.0001,0,0.0001,0,0,0,0.0001,0,0,0.0001,0.0001,0.0001,0.0001,0,0,0.2837,0.326,0.2837,0.326,
0,0.8072,0,0,1.6145,0,0,0,0.8072,0,0,0.8072,1.6145,0.8072,0,0,0,0,0.8072,0.8072,0,0.0001,0,0,0.0002,0,0,0,0.0001,0,0,0.0001,0.0002,0.0001,0,0,0,0,0.0001,0.0001,0.1221,0.0706,0.1221,0.0706,
0.3861,1.5446,0.7723,0.7723,1.9307,1.1584,0.7723,0.7723,0.3861,0.7723,1.1584,0.7723,0.3861,0.7723,0.7723,0.3861,0.3861,0.7723,1.1584,0.7723,0,0.0001,0,0,0.0001,0.0001,0,0,0,0,0.0001,0,0,0,0,0,0,0,0.0001,0,0.3088,0.3051,0.3088,0.3051,
0.7127,1.4255,0,0.7127,0.3564,0.3564,0.7127,0.3564,2.8509,1.0691,0.3564,1.4255,0,0.3564,1.0691,2.1382,2.1382,1.0691,0,0.3564,0,0.0001,0,0,0,0,0,0,0.0001,0.0001,0,0.0001,0,0,0.0001,0.0001,0.0001,0.0001,0,0,0.3099,0.3337,0.3099,0.3337,
0.4576,0,0,0.4576,0.4576,1.8303,0,1.3727,0.4576,1.3727,0.9152,2.2879,0.4576,1.8303,1.8303,1.8303,4.5758,0.4576,0,0,0,0,0,0,0,0.0001,0,0.0001,0,0.0001,0.0001,0.0002,0,0.0001,0.0001,0.0001,0.0003,0,0,0,0.2765,0.2659,0.2765,0.2659,
0.7514,0.3757,0.3757,0.7514,1.1271,1.8785,1.5028,0.3757,1.1271,0.7514,0,0,0.7514,0.7514,0.7514,0.3757,1.1271,0.7514,1.1271,0.3757,0.0001,0,0,0.0001,0.0001,0.0001,0.0001,0,0.0001,0.0001,0,0,0.0001,0.0001,0.0001,0,0.0001,0.0001,0.0001,0,0.3405,0.2839,0.3405,0.2839,
0.8947,0.4473,0,0.8947,0.4473,0.8947,0.4473,1.342,1.342,3.1313,0.8947,0.8947,1.342,0.8947,0.4473,1.7893,0,1.7893,0.4473,0.8947,0.0001,0,0,0.0001,0,0.0001,0,0.0001,0.0001,0.0002,0.0001,0.0001,0.0001,0.0001,0,0.0001,0,0.0001,0,0.0001,0.2927,0.2599,0.2927,0.2599,
1.8983,0,0.9492,1.4238,1.4238,1.8983,0.4746,0.9492,0,1.8983,0.4746,0,0.9492,1.4238,0.4746,2.3729,1.8983,0.9492,0,0.9492,0.0001,0,0.0001,0.0001,0.0001,0.0001,0,0.0001,0,0.0001,0,0,0.0001,0.0001,0,0.0001,0.0001,0.0001,0,0.0001,0.2588,0.2666,0.2588,0.2666,
1.0177,0.6785,1.0177,1.0177,1.357,1.0177,0.6785,0.6785,1.357,0.3392,0,1.0177,0,2.3747,0.6785,0.3392,0.3392,0.3392,0.6785,1.6962,0.0001,0,0.0001,0.0001,0.0001,0.0001,0,0,0.0001,0,0,0.0001,0,0.0001,0,0,0,0,0,0.0001,0.3845,0.2762,0.3845,0.2762,
1.8371,0,0.9186,0.4593,1.8371,0.4593,0,2.2964,0.9186,3.215,0.9186,0.4593,1.3778,0.9186,0.4593,0.4593,0.9186,0.9186,0.4593,0.4593,0.0001,0,0.0001,0,0.0001,0,0,0.0001,0.0001,0.0002,0.0001,0,0.0001,0.0001,0,0,0.0001,0.0001,0,0,0.244,0.2967,0.244,0.2967,
0.4189,0.4189,0.4189,0.4189,0.4189,0.8379,0.4189,0,0,0.8379,1.2568,0.8379,1.2568,0.8379,2.0947,0.4189,2.0947,0.4189,0.4189,2.0947,0,0,0,0,0,0.0001,0,0,0,0.0001,0.0001,0.0001,0.0001,0.0001,0.0001,0,0.0001,0,0,0.0001,0.2813,0.2998,0.2813,0.2998,
1.5315,1.5315,0,0.5105,2.0421,0.5105,0.5105,1.5315,0.5105,1.021,1.021,1.021,1.021,0.5105,1.5315,0.5105,1.021,2.0421,0,0.5105,0.0001,0.0001,0,0,0.0001,0,0,0.0001,0,0,0,0,0,0,0.0001,0,0,0.0001,0,0,0.2742,0.2153,0.2742,0.2153,
0.3085,0.3085,1.8513,0,0.6171,1.2342,1.8513,0.6171,0.9256,0.3085,0.6171,0.3085,0.6171,0.9256,1.5427,0.3085,0.3085,0,0.9256,0.9256,0,0,0.0001,0,0,0.0001,0.0001,0,0.0001,0,0,0,0,0.0001,0.0001,0,0,0,0.0001,0.0001,0.3612,0.3303,0.3612,0.3303,
1.9975,0.4994,0.9987,0,0,1.9975,0.4994,0.4994,0,0.9987,0.4994,0,0.4994,0,0.9987,0.9987,0.4994,0,0.9987,2.4969,0.0001,0,0.0001,0,0,0.0001,0,0,0,0.0001,0,0,0,0,0.0001,0.0001,0,0,0.0001,0.0002,0.2234,0.2772,0.2234,0.2772,
0,1.3432,0.3358,1.6791,0.3358,0,0.6716,0.3358,3.3581,0.6716,0.6716,1.0074,0,0,1.0074,1.3432,1.6791,1.3432,0,0.3358,0,0.0001,0,0.0001,0,0,0,0,0.0002,0,0,0.0001,0,0,0.0001,0.0001,0.0001,0.0001,0,0,0.32,0.3442,0.32,0.3442,
1.7817,0,0.8909,0.4454,2.6726,0.4454,0,0.8909,0.4454,4.0089,0.4454,0.4454,1.3363,0,0.8909,1.7817,1.3363,0.8909,0.4454,0.4454,0.0001,0,0,0,0.0001,0,0,0,0,0.0002,0,0,0.0001,0,0,0.0001,0.0001,0,0,0,0.275,0.2796,0.275,0.2796,
1.0442,0.6961,0.3481,0.6961,1.0442,1.3922,1.3922,0.3481,1.3922,1.0442,0.6961,0.3481,1.0442,1.0442,0.3481,0.3481,0.6961,0.6961,0.6961,0.6961,0.0001,0,0,0,0.0001,0.0001,0.0001,0,0.0001,0.0001,0,0,0.0001,0.0001,0,0,0,0,0,0,0.3058,0.3461,0.3058,0.3461,
0.3364,0,0,0.3364,0.6728,1.682,0.3364,0.6728,1.682,0,0.6728,0,0,0.3364,4.3732,1.3456,1.3456,1.3456,0,0,0,0,0,0,0.0001,0.0002,0,0.0001,0.0002,0,0.0001,0,0,0,0.0004,0.0001,0.0001,0.0001,0,0,0.3483,0.3153,0.3483,0.3153,
0.4168,0.8337,1.2505,0.4168,0,0,1.2505,0.4168,1.2505,1.6673,0.4168,1.6673,1.2505,0.4168,0.8337,1.2505,0.8337,1.6673,0.8337,0,0,0,0.0001,0,0,0,0.0001,0,0.0001,0.0001,0,0.0001,0.0001,0,0,0.0001,0,0.0001,0,0,0.3029,0.2803,0.3029,0.2803,
0.8707,0.8707,1.306,0.8707,1.306,0,1.7414,0,1.306,0.4353,0.4353,0,0.4353,1.306,0.4353,0.8707,0,0.4353,0.4353,0,0.0001,0.0001,0.0001,0.0001,0.0001,0,0.0001,0,0.0001,0,0,0,0,0.0001,0,0.0001,0,0,0,0,0.3549,0.2097,0.3549,0.2097,
0.4036,0.8071,0,0.8071,1.6142,0.8071,0.8071,0,0.8071,2.0178,0.4036,0.4036,0.8071,2.0178,0.4036,1.2107,2.0178,0.4036,2.0178,0.4036,0,0,0,0,0.0001,0,0,0,0,0.0001,0,0,0,0.0001,0,0.0001,0.0001,0,0.0001,0,0.3078,0.2886,0.3078,0.2886,
0,1.7106,0.4277,0.8553,0.4277,0.4277,0.4277,1.283,1.7106,1.283,0.4277,0,0,0.4277,1.7106,0.4277,0.4277,0.4277,0.4277,0.4277,0,0.0001,0,0,0,0,0,0.0001,0.0001,0.0001,0,0,0,0,0.0001,0,0,0,0,0,0.2826,0.2897,0.2826,0.2897,
0,0,0,1.5727,0,0,0.5242,0.5242,1.5727,0.5242,0.5242,1.0485,1.0485,0.5242,0.5242,0,1.0485,1.0485,0,1.0485,0,0,0,0.0002,0,0,0.0001,0.0001,0.0002,0.0001,0.0001,0.0001,0.0001,0.0001,0.0001,0,0.0001,0.0001,0,0.0001,0.2136,0.2621,0.2136,0.2621,
0.4884,0.4884,0,0.9768,0,1.4651,0.4884,0.9768,0.4884,0.4884,0.4884,0.4884,0.4884,1.4651,0.4884,0.9768,0.4884,1.4651,1.9535,0.4884,0,0,0,0.0001,0,0.0001,0,0.0001,0,0,0,0,0,0.0001,0,0.0001,0,0.0001,0.0001,0,0.2643,0.2473,0.2643,0.2473,
0.4215,2.1074,0.4215,0.843,1.2644,0.4215,1.6859,0.843,0.843,1.6859,0,0.843,1.2644,1.6859,0,0.4215,0.843,0.843,0.4215,0.4215,0,0.0001,0,0,0.0001,0,0.0001,0,0,0.0001,0,0,0.0001,0.0001,0,0,0,0,0,0,0.2881,0.2904,0.2881,0.2904,
0.672,0,0,1.3441,2.0161,0,0,0,0,0,0,2.0161,0,1.3441,0.672,0,1.3441,0,0,0.672,0.0001,0,0,0.0002,0.0003,0,0,0,0,0,0,0.0003,0,0.0002,0.0001,0,0.0002,0,0,0.0001,0.1713,0.1567,0.1713,0.1567,
0,0.7149,0,0,0,1.4298,0,0,0,0,0,0.7149,1.4298,0,1.4298,0.7149,2.1447,0.7149,0,1.4298,0,0.0001,0,0,0,0.0002,0,0,0,0,0,0.0001,0.0002,0,0.0002,0.0001,0.0002,0.0001,0,0.0002,0.1262,0.1589,0.1262,0.1589,
1.1399,0,0.5699,0,0.5699,0.5699,0.5699,0.5699,0.5699,1.1399,0,0,0,0.5699,0.5699,1.1399,0,0,1.1399,1.7098,0.0001,0,0,0,0,0,0,0,0,0.0001,0,0,0,0,0,0.0001,0,0,0.0001,0.0001,0.2253,0.2047,0.2253,0.2047,
1.2313,1.2313,0.4104,0.4104,0.4104,2.0522,0.4104,0.4104,0,2.0522,0.4104,0,0.8209,0,1.6418,2.0522,0,2.8731,0.4104,0.4104,0.0001,0.0001,0,0,0,0.0001,0,0,0,0.0001,0,0,0,0,0.0001,0.0001,0,0.0001,0,0,0.3059,0.2837,0.3059,0.2837,
0.5346,0,0,0.5346,2.6731,0.5346,0,0.5346,0.5346,3.7424,0.5346,2.1385,1.0693,1.0693,0.5346,2.1385,1.0693,1.6039,0.5346,0.5346,0,0,0,0,0.0002,0,0,0,0,0.0002,0,0.0001,0.0001,0.0001,0,0.0001,0.0001,0.0001,0,0,0.2293,0.236,0.2293,0.236,
0.3974,0.3974,0,0.3974,1.1923,2.782,0.3974,1.1923,0.3974,1.1923,0.3974,0.3974,0.3974,0.3974,1.5897,0.3974,0.7949,0.7949,0.7949,0.3974,0,0,0,0,0.0001,0.0002,0,0.0001,0,0.0001,0,0,0,0,0.0001,0,0,0,0,0,0.3067,0.2959,0.3067,0.2959,
0,0.6899,1.0348,0,0.6899,0.6899,1.3797,0.6899,1.3797,1.3797,1.0348,0.6899,1.0348,0,1.3797,0,0.6899,0.6899,0.6899,1.0348,0,0,0.0001,0,0,0,0.0001,0,0.0001,0.0001,0.0001,0,0.0001,0,0.0001,0,0,0,0,0.0001,0.3655,0.2895,0.3655,0.2895,
0.3697,1.1091,0,0.3697,0,0.7394,0.3697,1.4788,2.9576,0,0.3697,0,0.3697,0.7394,1.4788,0.7394,0.3697,2.2182,0,0,0,0.0001,0,0,0,0,0,0.0001,0.0002,0,0,0,0,0,0.0001,0,0,0.0001,0,0,0.3116,0.3187,0.3116,0.3187,
0.6499,0.6499,0,0.6499,0,0,0.6499,0,0.6499,0.6499,0.6499,0,0.6499,0.6499,0.6499,0.6499,0,1.2999,0.6499,0.6499,0.0001,0.0001,0,0.0001,0,0,0.0001,0,0.0001,0.0001,0.0001,0,0.0001,0.0001,0.0001,0.0001,0,0.0002,0.0001,0.0001,0.1911,0.1589,0.1911,0.1589,
0.6532,0,0,0.6532,0,0,1.3064,0,0.6532,1.3064,1.3064,0,0.6532,0,0.6532,1.3064,0.6532,0,0,0,0.0001,0,0,0.0001,0,0,0.0002,0,0.0001,0.0002,0.0002,0,0.0001,0,0.0001,0.0002,0.0001,0,0,0,0.1566,0.1902,0.1566,0.1902,
0.5432,0,1.6296,0.5432,0,0.5432,0,2.1728,0.5432,0.5432,0,0,0,0,0.5432,0.5432,0.5432,1.0864,0,0.5432,0.0001,0,0.0002,0.0001,0,0.0001,0,0.0002,0.0001,0.0001,0,0,0,0,0.0001,0.0001,0.0001,0.0001,0,0.0001,0.2069,0.2499,0.2069,0.2499,
0.9869,1.4804,0.4935,0.4935,1.4804,0.4935,0.4935,3.9477,0,1.9739,0.4935,1.9739,0.9869,0,0.9869,1.9739,1.4804,0.4935,0,0.4935,0,0.0001,0,0,0.0001,0,0,0.0002,0,0.0001,0,0.0001,0,0,0,0.0001,0.0001,0,0,0,0.2799,0.2267,0.2799,0.2267,
1.8085,0.3617,1.0851,1.0851,1.0851,1.0851,1.8085,0.3617,0,0.7234,0.7234,0.3617,1.0851,0,1.0851,0.7234,2.1702,0.3617,1.4468,0.7234,0.0001,0,0.0001,0.0001,0.0001,0.0001,0.0001,0,0,0,0,0,0.0001,0,0.0001,0,0.0001,0,0.0001,0,0.3139,0.3244,0.3139,0.3244,
0,1.3917,0,0.9278,0.4639,0.4639,1.3917,0.9278,0.9278,0.4639,0,1.3917,0,0.9278,0.4639,0.9278,1.3917,0.4639,0.9278,0.9278,0,0.0001,0,0.0001,0,0,0.0001,0.0001,0.0001,0,0,0.0001,0,0.0001,0,0.0001,0.0001,0,0.0001,0.0001,0.3195,0.2166,0.3195,0.2166,
0.5714,0,0,0.5714,0.5714,0,2.2856,0,0,0.5714,0,0.5714,0.5714,0,0.5714,0,0.5714,0,1.7142,0,0.0001,0,0,0.0001,0.0001,0,0.0003,0,0,0.0001,0,0.0001,0.0001,0,0.0001,0,0.0001,0,0.0002,0,0.166,0.2626,0.166,0.2626,
0.5129,0.5129,1.0258,0.5129,1.5387,0,1.0258,3.0774,0,1.5387,0.5129,1.5387,1.0258,0,0,4.6161,1.5387,1.0258,0,1.5387,0,0,0,0,0.0001,0,0,0.0001,0,0.0001,0,0.0001,0,0,0,0.0002,0.0001,0,0,0.0001,0.2358,0.2513,0.2358,0.2513,
0,0.8137,0,0,0,0,0,0,0,1.6273,0,0,0,0.8137,0.8137,0.8137,0.8137,2.441,0.8137,0,0,0.0001,0,0,0,0,0,0,0,0.0002,0,0,0,0.0001,0.0001,0.0001,0.0001,0.0002,0.0001,0,0.112,0.0743,0.112,0.0743,
1.8906,0.9453,0.4727,0.4727,0,0,0.4727,1.418,0.9453,0,1.418,1.418,1.8906,1.8906,0.9453,0.4727,0,0.4727,0,2.3633,0.0001,0.0001,0,0,0,0,0,0.0001,0.0001,0,0.0001,0.0001,0.0001,0.0001,0.0001,0,0,0,0,0.0001,0.2879,0.2394,0.2879,0.2394,
0.9317,1.3975,0.9317,0.9317,1.8633,0.9317,0.4658,2.3292,0,0,2.3292,0.9317,0.9317,0.4658,0.4658,0.9317,0,0.9317,1.8633,0.4658,0,0.0001,0,0,0.0001,0,0,0.0001,0,0,0.0001,0,0,0,0,0,0,0,0.0001,0,0.281,0.2531,0.281,0.2531,
0,1.5757,0,0.7879,0,0.3939,0.3939,0.7879,1.5757,1.1818,0,1.1818,0.3939,0.7879,0.7879,1.1818,1.1818,1.1818,1.5757,1.1818,0,0.0001,0,0,0,0,0,0,0.0001,0.0001,0,0.0001,0,0,0,0.0001,0.0001,0.0001,0.0001,0.0001,0.3606,0.2455,0.3606,0.2455,
0,1.32,0.88,0.44,1.76,0.44,1.32,0.44,0.88,1.76,1.32,0.88,0,0.44,0.44,0.88,1.32,0,0.44,1.32,0,0.0001,0,0,0.0001,0,0.0001,0,0,0.0001,0.0001,0,0,0,0,0,0.0001,0,0,0.0001,0.2846,0.2754,0.2846,0.2754,
0,1.1089,0.5544,1.6633,0.5544,1.1089,0,0,0,2.2178,1.6633,0.5544,0,1.6633,0.5544,0.5544,0,0.5544,0.5544,0.5544,0,0.0001,0,0.0001,0,0.0001,0,0,0,0.0001,0.0001,0,0,0.0001,0,0,0,0,0,0,0.241,0.2045,0.241,0.2045,
0.9611,1.4417,0.9611,1.4417,0.4806,0.9611,0.4806,0.4806,0.4806,0.9611,0,1.4417,0.4806,1.9223,0.4806,0.9611,1.9223,0.9611,0,0.9611,0,0.0001,0,0.0001,0,0,0,0,0,0,0,0.0001,0,0.0001,0,0,0.0001,0,0,0,0.2977,0.2217,0.2977,0.2217,
0.376,1.128,0.376,0,0,0.752,0.376,1.504,1.504,0,0.376,0.376,0.376,1.128,3.008,0.376,0.376,1.88,0,0,0,0.0001,0,0,0,0.0001,0,0.0001,0.0001,0,0,0,0,0.0001,0.0002,0,0,0.0001,0,0,0.3098,0.3142,0.3098,0.3142,
0,1.2854,1.2854,0.6427,0,1.2854,0,0,0,0,0,0,0,0,1.2854,0,0.6427,0,1.2854,0.6427,0,0.0001,0.0001,0,0,0.0001,0,0,0,0,0,0,0,0,0.0001,0,0,0,0.0001,0,0.2468,0.1104,0.2468,0.1104,
1.0044,0.6696,0.3348,2.6785,1.0044,0.6696,0,1.674,1.0044,1.674,0.3348,0.3348,1.3392,1.3392,0.3348,1.0044,0,0,0.3348,0.6696,0.0001,0,0,0.0001,0.0001,0,0,0.0001,0.0001,0.0001,0,0,0.0001,0.0001,0,0.0001,0,0,0,0,0.3131,0.3521,0.3131,0.3521,
0,0.8071,0.8071,0,0,1.6142,0,0,0,0,0,0.8071,0.8071,0,0,0.8071,2.4213,0,0.8071,0,0,0.0001,0.0001,0,0,0.0002,0,0,0,0,0,0.0001,0.0001,0,0,0.0001,0.0003,0,0.0001,0,0.1139,0.079,0.1139,0.079,
1.0496,0.6997,0.6997,0.6997,0.6997,0,0.6997,2.0992,1.0496,0,0.3499,1.0496,1.0496,1.0496,0.6997,1.0496,1.3994,0.3499,0.6997,1.0496,0.0001,0,0,0,0,0,0,0.0001,0.0001,0,0,0.0001,0.0001,0.0001,0,0.0001,0.0001,0,0,0.0001,0.3281,0.322,0.3281,0.322,
0.3873,1.162,0,0.3873,0.7747,2.324,0.7747,0.7747,0.3873,0,1.5493,0,0.3873,1.5493,0.7747,1.162,1.162,0,1.5493,0.7747,0,0.0001,0,0,0,0.0001,0,0,0,0,0.0001,0,0,0.0001,0,0.0001,0.0001,0,0.0001,0,0.3167,0.2959,0.3167,0.2959,
1.3903,0,0,1.3903,1.3903,1.3903,0,1.3903,1.8537,2.3171,0,0,0.4634,0.4634,0,1.3903,0.4634,1.3903,0,0,0.0001,0,0,0.0001,0.0001,0.0001,0,0.0001,0.0001,0.0002,0,0,0,0,0,0.0001,0,0.0001,0,0,0.2435,0.293,0.2435,0.293,
0,0.6884,0.6884,0,2.0651,0.6884,0,0,0.6884,0.6884,0,0,0,0.6884,0.6884,1.3768,0.6884,0,0,0,0,0.0001,0.0001,0,0.0002,0.0001,0,0,0.0001,0.0001,0,0,0,0.0001,0.0001,0.0001,0.0001,0,0,0,0.1589,0.1527,0.1589,0.1527,
0,0,0,0.7047,0.7047,4.2283,0,0,0,0.7047,0.7047,0,0.7047,0,0.7047,1.4094,0,0,0.7047,0,0,0,0,0.0001,0.0001,0.0005,0,0,0,0.0001,0.0001,0,0.0001,0,0.0001,0.0002,0,0,0.0001,0,0.1454,0.1499,0.1454,0.1499,
3.1566,0,0.5261,0,0.5261,3.6827,0.5261,0,0.5261,2.6305,0.5261,0.5261,0.5261,0.5261,0.5261,1.5783,0,0,0,0.5261,0.0002,0,0,0,0,0.0002,0,0,0,0.0002,0,0,0,0,0,0.0001,0,0,0,0,0.2418,0.2321,0.2418,0.2321,
1.0948,1.0948,1.0948,0.5474,1.0948,1.0948,1.6422,0,0,0,0,0.5474,0,0,0,1.0948,1.0948,1.6422,0,1.6422,0.0001,0.0001,0.0001,0,0.0001,0.0001,0.0001,0,0,0,0,0,0,0,0,0.0001,0.0001,0.0001,0,0.0001,0.2503,0.2023,0.2503,0.2023,
1.5313,0.3828,1.1485,0.3828,1.1485,1.1485,0.3828,0.3828,0.7656,1.5313,0.7656,0,0.7656,1.1485,0.7656,2.2969,0.3828,1.1485,1.5313,1.5313,0.0001,0,0.0001,0,0.0001,0.0001,0,0,0,0.0001,0,0,0,0.0001,0,0.0001,0,0.0001,0.0001,0.0001,0.3499,0.2673,0.3499,0.2673,
2.5155,1.677,0.4192,0,0,0,0.8385,0,1.2577,0.8385,0.4192,1.2577,0.8385,1.677,0.4192,2.9347,2.5155,1.2577,0.4192,1.677,0.0001,0.0001,0,0,0,0,0,0,0.0001,0,0,0.0001,0,0.0001,0,0.0001,0.0001,0.0001,0,0.0001,0.27,0.3108,0.27,0.3108,
0.395,0.79,0.395,0.395,1.185,0.79,0,1.975,0.395,0,1.58,0.395,1.185,0.79,1.58,0,0.395,1.185,1.185,1.975,0,0,0,0,0.0001,0,0,0.0001,0,0,0.0001,0,0.0001,0,0.0001,0,0,0.0001,0.0001,0.0001,0.3295,0.2755,0.3295,0.2755,
1.198,1.198,0.3993,0,0.7986,0.3993,1.198,0,0.7986,0.7986,0.7986,1.5973,1.198,1.198,1.5973,1.198,1.198,0.7986,1.198,1.198,0.0001,0.0001,0,0,0,0,0.0001,0,0,0,0,0.0001,0.0001,0.0001,0.0001,0.0001,0.0001,0,0.0001,0.0001,0.3127,0.288,0.3127,0.288,
0.4047,0.4047,0.8095,0.4047,2.0237,0,0,1.6189,1.2142,0.8095,0.4047,1.6189,0.4047,0.4047,2.0237,1.6189,0.8095,2.4284,0.4047,0.4047,0,0,0,0,0.0001,0,0,0.0001,0.0001,0,0,0.0001,0,0,0.0001,0.0001,0,0.0001,0,0,0.3172,0.2781,0.3172,0.2781,
0,1.3774,0,0,2.0661,0,0,0.6887,0,0,0,0.6887,0.6887,1.3774,1.3774,0.6887,0,0.6887,0,0.6887,0,0.0001,0,0,0.0001,0,0,0,0,0,0,0,0,0.0001,0.0001,0,0,0,0,0,0.1874,0.1239,0.1874,0.1239,
0,0,0,1.3715,0,0.9144,0.4572,0,2.2859,0,0.9144,2.2859,2.2859,1.3715,1.3715,1.3715,0.4572,1.3715,0,0.4572,0,0,0,0.0002,0,0.0001,0.0001,0,0.0003,0,0.0001,0.0003,0.0003,0.0002,0.0002,0.0002,0.0001,0.0002,0,0.0001,0.2205,0.3224,0.2205,0.3224,
1.2627,2.5254,0.4209,0.4209,0,1.2627,1.2627,2.5254,1.2627,0.8418,0.4209,1.6836,0.4209,0.8418,0.4209,0.8418,0,0.4209,0,0.4209,0.0001,0.0001,0,0,0,0.0001,0.0001,0.0001,0.0001,0,0,0.0001,0,0,0,0,0,0,0,0,0.2943,0.2848,0.2943,0.2848,
0,1.1786,0,0,0,0,1.1786,1.1786,3.9288,1.1786,0.3929,1.5715,0,0.7858,1.1786,0.3929,1.1786,0.7858,0,0,0,0.0001,0,0,0,0,0.0001,0.0001,0.0002,0.0001,0,0.0001,0,0,0.0001,0,0.0001,0,0,0,0.3215,0.2856,0.3215,0.2856,
1.4105,0,0,0,0.3526,1.4105,0.3526,0.7053,2.1158,0.3526,0.7053,0.3526,0.3526,0.3526,3.879,0.3526,1.4105,1.0579,0,0.3526,0.0001,0,0,0,0,0.0001,0,0.0001,0.0002,0,0.0001,0,0,0,0.0004,0,0.0001,0.0001,0,0,0.3413,0.3061,0.3413,0.3061,
0,0.6529,0.6529,0.6529,0.6529,0,1.3057,0.6529,0,0.6529,0,0,0.6529,1.3057,0,0,0,0,0.6529,0.6529,0,0.0001,0.0001,0.0001,0.0001,0,0.0001,0.0001,0,0.0001,0,0,0.0001,0.0001,0,0,0,0,0.0001,0.0001,0.1962,0.151,0.1962,0.151,
0,0,0,0.6557,0.6557,1.3115,0,0,1.3115,1.3115,0.6557,0,0.6557,0.6557,0,1.3115,0,0.6557,0,1.3115,0,0,0,0.0001,0.0001,0.0001,0,0,0.0001,0.0001,0.0001,0,0.0001,0.0001,0,0.0001,0,0.0001,0,0.0001,0.2171,0.1271,0.2171,0.1271,
0.8542,0.4271,0.4271,0.8542,0.8542,0,1.2813,0.4271,0.4271,1.7084,0,0.4271,1.2813,0.4271,1.2813,0,0.8542,0.4271,1.2813,1.2813,0.0001,0,0,0.0001,0.0001,0,0.0001,0,0,0.0001,0,0,0.0001,0,0.0001,0,0.0001,0,0.0001,0.0001,0.2836,0.2893,0.2836,0.2893,
0,0,0,4.1142,0,0.5143,0,0.5143,0,0,0,0,0.5143,3.5999,3.0856,0,0.5143,1.0285,0,0,0,0,0,0.0008,0,0.0001,0,0.0001,0,0,0,0,0.0001,0.0007,0.0006,0,0.0001,0.0002,0,0,0.2899,0.1958,0.2899,0.1958,
1.546,0,0.5153,0.5153,0.5153,2.0614,1.546,0.5153,0,0,0.5153,0.5153,0.5153,1.0307,0,1.0307,1.0307,0,0.5153,2.0614,0.0001,0,0,0,0,0.0001,0.0001,0,0,0,0,0,0,0.0001,0,0.0001,0.0001,0,0,0.0001,0.2389,0.2458,0.2389,0.2458,
0.4454,0,0.4454,0.4454,1.3363,0.4454,0.8909,0.4454,0,2.6727,0.4454,0.8909,0,0.4454,1.3363,1.3363,2.2272,0.4454,0.4454,0,0,0,0,0,0.0001,0,0.0001,0,0,0.0002,0,0.0001,0,0,0.0001,0.0001,0.0002,0,0,0,0.2844,0.2702,0.2844,0.2702,
0,0,0,0.7338,0,0,0.7338,0.7338,0.7338,1.4676,0,0.7338,0,0.7338,1.4676,0,0,0,0,0.7338,0,0,0,0.0002,0,0,0.0002,0.0002,0.0002,0.0003,0,0.0002,0,0.0002,0.0003,0,0,0,0,0.0002,0.1462,0.12,0.1462,0.12,
0,2.0844,0.6948,1.3896,0,0.6948,0,0,0,1.3896,0,0.6948,0,0.6948,0,0.6948,1.3896,1.3896,0,0.6948,0,0.0001,0,0.0001,0,0,0,0,0,0.0001,0,0,0,0,0,0,0.0001,0.0001,0,0,0.1516,0.1536,0.1516,0.1536,
0.3817,1.145,0.7634,1.145,0.7634,0.7634,0.3817,1.145,0.3817,0,1.5267,0.3817,1.145,0.7634,1.5267,1.145,0.7634,0.7634,1.145,1.145,0,0.0001,0,0.0001,0,0,0,0.0001,0,0,0.0001,0,0.0001,0,0.0001,0.0001,0,0,0.0001,0.0001,0.3109,0.3074,0.3109,0.3074,
0.4081,0.8161,0.8161,2.4483,0,0.4081,0.8161,2.0403,0.8161,0.4081,0.8161,0.8161,0.4081,0.4081,0,0.4081,0.4081,1.6322,0.8161,0.4081,0,0.0001,0.0001,0.0002,0,0,0.0001,0.0001,0.0001,0,0.0001,0.0001,0,0,0,0,0,0.0001,0.0001,0,0.2687,0.3232,0.2687,0.3232,
1.6914,0.8457,0,0,0,0,0,0.8457,0.8457,0.8457,0.8457,0.8457,1.6914,0.8457,0,0,0,0,0,0,0.0002,0.0001,0,0,0,0,0,0.0001,0.0001,0.0001,0.0001,0.0001,0.0002,0.0001,0,0,0,0,0,0,0.0816,0.0727,0.0816,0.0727,
0,0,0.7406,0.7406,0.7406,0,0,0,0,0,0.7406,0,1.4811,0,0.7406,0.7406,0,0,0.7406,0.7406,0,0,0.0001,0.0001,0.0001,0,0,0,0,0,0.0001,0,0.0002,0,0.0001,0.0001,0,0,0.0001,0.0001,0.1264,0.133,0.1264,0.133,
0,0.7596,0,1.5192,0.7596,0.7596,0,0,0,0.7596,0,0.7596,2.2787,0,0,0,2.2787,0,0.7596,0,0,0.0001,0,0.0001,0.0001,0.0001,0,0,0,0.0001,0,0.0001,0.0002,0,0,0,0.0002,0,0.0001,0,0.1015,0.1389,0.1015,0.1389,
0.476,1.4281,0.476,1.9041,0.476,0.476,0.476,0.476,0.476,1.9041,0.9521,0,0.476,1.9041,0.9521,0,0.476,0,0.476,0.9521,0,0.0001,0,0.0001,0,0,0,0,0,0.0001,0.0001,0,0,0.0001,0.0001,0,0,0,0,0.0001,0.2724,0.2515,0.2724,0.2515,
0,0.6165,0.6165,0.6165,0,2.4658,0,0,0.6165,0,0.6165,2.4658,0.6165,0.6165,0,0,0,0,0.6165,1.2329,0,0,0,0,0,0.0002,0,0,0,0,0,0.0002,0,0,0,0,0,0,0,0.0001,0.1726,0.211,0.1726,0.211,
0,0.5877,0.5877,0.5877,0.5877,0.5877,0,0,0.5877,2.3507,0.5877,0,1.763,0,1.763,1.1753,2.3507,0.5877,0,0,0,0,0,0,0,0,0,0,0,0.0002,0,0,0.0001,0,0.0001,0.0001,0.0002,0,0,0,0.2191,0.1933,0.2191,0.1933,
1.4538,0.7269,1.4538,0.3634,1.4538,0.7269,1.4538,0,0.7269,0.3634,0.7269,0.3634,0,1.0903,0.3634,0.3634,0.7269,0,1.4538,0.3634,0.0001,0,0.0001,0,0.0001,0,0.0001,0,0,0,0,0,0,0.0001,0,0,0,0,0.0001,0,0.3178,0.3188,0.3178,0.3188,
2.086,0,0.5215,1.043,0,0,0,0.5215,1.5645,1.043,0.5215,1.043,0,2.086,0.5215,0,0,1.5645,0,0,0.0002,0,0.0001,0.0001,0,0,0,0.0001,0.0002,0.0001,0.0001,0.0001,0,0.0002,0.0001,0,0,0.0002,0,0,0.2042,0.2743,0.2042,0.2743,
0.4099,0,1.2296,0.4099,0.8197,1.2296,0,0.8197,0.4099,0.4099,0.4099,0.8197,0,2.0493,0.8197,0.4099,2.4592,0.4099,0.8197,1.2296,0,0,0.0001,0,0.0001,0.0001,0,0.0001,0,0,0,0.0001,0,0.0001,0.0001,0,0.0002,0,0.0001,0.0001,0.3002,0.29,0.3002,0.29,
0.7445,0.3723,0.7445,1.1168,1.8614,1.8614,0.3723,1.4891,0.7445,1.4891,0,0.3723,0.3723,0,0.7445,1.4891,1.1168,0.3723,0.7445,1.8614,0,0,0,0.0001,0.0001,0.0001,0,0.0001,0,0.0001,0,0,0,0,0,0.0001,0.0001,0,0,0.0001,0.3225,0.3052,0.3225,0.3052,
0.5802,3.4813,0,0.5802,0,1.7406,0,1.7406,1.1604,0.5802,0,1.1604,1.1604,0,0.5802,2.3208,0,1.7406,0,1.1604,0,0.0001,0,0,0,0.0001,0,0.0001,0,0,0,0,0,0,0,0.0001,0,0.0001,0,0,0.2271,0.1926,0.2271,0.1926,
0,3.9671,0,0.6612,0,3.3059,0,0,0,0.6612,0,1.3224,1.9835,0,0.6612,1.3224,2.6447,1.9835,0.6612,0,0,0.0002,0,0,0,0.0001,0,0,0,0,0,0.0001,0.0001,0,0,0.0001,0.0001,0.0001,0,0,0.1906,0.1482,0.1906,0.1482,
0,0.6687,0.6687,1.3374,0,0,0.6687,0.6687,0.6687,0,1.3374,0.6687,0,0,0.6687,0,0,1.3374,0,0,0,0.0001,0.0001,0.0001,0,0,0.0001,0.0001,0.0001,0,0.0001,0.0001,0,0,0.0001,0,0,0.0001,0,0,0.1906,0.1407,0.1906,0.1407,
0,0.4936,1.9744,0.9872,0,0.9872,0.4936,0.9872,0.4936,0,0,0.9872,0,0.9872,0.4936,1.4808,1.4808,0.9872,0,0.4936,0,0,0.0002,0.0001,0,0.0001,0,0.0001,0,0,0,0.0001,0,0.0001,0,0.0001,0.0001,0.0001,0,0,0.2531,0.2533,0.2531,0.2533,
3.274,0,0.5457,0,1.0913,1.637,0,2.1827,0,2.1827,0.5457,0.5457,0,0,1.637,1.637,1.637,1.637,1.0913,0,0.0002,0,0,0,0.0001,0.0001,0,0.0001,0,0.0001,0,0,0,0,0.0001,0.0001,0.0001,0.0001,0.0001,0,0.247,0.2073,0.247,0.2073,
1.0382,1.5573,0,0.5191,0.5191,1.0382,2.5955,1.0382,1.5573,2.5955,0,1.5573,0.5191,0,0,0,0.5191,1.0382,0,0.5191,0.0001,0.0001,0,0,0,0.0001,0.0001,0.0001,0.0001,0.0001,0,0.0001,0,0,0,0,0,0.0001,0,0,0.2561,0.2248,0.2561,0.2248,
0.5686,0.5686,0,1.1373,0,0.5686,1.1373,0.5686,1.1373,0.5686,0,1.7059,0.5686,1.7059,1.1373,1.1373,0.5686,0.5686,0,0,0.0001,0.0001,0,0.0001,0,0.0001,0.0001,0.0001,0.0001,0.0001,0,0.0002,0.0001,0.0002,0.0001,0.0001,0.0001,0.0001,0,0,0.2462,0.1852,0.2462,0.1852,
1.6671,0.3334,1.0003,1.3337,1.3337,1.0003,0.6668,1.0003,1.3337,0.6668,0.6668,0.6668,1.0003,0,0.3334,1.3337,0,0.6668,0.3334,1.0003,0.0001,0,0.0001,0.0001,0.0001,0.0001,0,0.0001,0.0001,0,0,0,0.0001,0,0,0.0001,0,0,0,0.0001,0.3938,0.2728,0.3938,0.2728,
1.0082,0,0,0,0,0,0,0,3.5288,0.5041,1.5124,0,0,0,5.0412,0.5041,0,0,0.5041,0,0.0001,0,0,0,0,0,0,0,0.0005,0.0001,0.0002,0,0,0,0.0007,0.0001,0,0,0.0001,0,0.335,0.1608,0.335,0.1608,
0.9468,0.4734,0.4734,0,1.8935,0.9468,1.8935,0.9468,1.4201,0.4734,1.4201,1.4201,0.9468,0.9468,0,0.9468,0.4734,0.4734,0.4734,0,0.0001,0,0,0,0.0001,0.0001,0.0001,0.0001,0.0001,0,0.0001,0.0001,0.0001,0.0001,0,0.0001,0,0,0,0,0.2559,0.2707,0.2559,0.2707,
0,0,0.3759,1.8795,0.7518,0,1.8795,1.5036,1.5036,0.7518,0.7518,0.7518,1.1277,0,0.3759,0.7518,0.7518,0.3759,1.1277,0.3759,0,0,0,0.0001,0.0001,0,0.0001,0.0001,0.0001,0.0001,0.0001,0.0001,0.0001,0,0,0.0001,0.0001,0,0.0001,0,0.3522,0.272,0.3522,0.272,
0,0,0,0.7214,1.4428,0.7214,0,1.4428,0,5.7712,0.7214,0.7214,0,0,0.7214,1.4428,0.7214,0.7214,0,0,0,0,0,0.0001,0.0001,0.0001,0,0.0001,0,0.0006,0.0001,0.0001,0,0,0.0001,0.0001,0.0001,0.0001,0,0,0.1364,0.1422,0.1364,0.1422,
0.5563,1.6689,0.5563,0,0,0.5563,1.6689,0.5563,1.6689,0,1.6689,0,0.5563,0,0.5563,0,0,0,0.5563,0,0,0.0001,0,0,0,0,0.0001,0,0.0001,0,0.0001,0,0,0,0,0,0,0,0,0,0.2768,0.1669,0.2768,0.1669,
0.3749,1.1247,0.3749,0,0,0.7498,0.3749,1.1247,1.4996,0.3749,0.3749,0.3749,0.3749,1.1247,2.9992,0.3749,0,2.2494,0,0,0,0.0001,0,0,0,0,0,0.0001,0.0001,0,0,0,0,0.0001,0.0002,0,0,0.0001,0,0,0.3146,0.3105,0.3146,0.3105,
1.3976,0,0,0,0.3494,1.3976,0.3494,0,1.747,0.6988,0.6988,0.3494,0.3494,0.3494,4.1929,0.3494,1.3976,1.3976,0,0.3494,0.0001,0,0,0,0,0.0001,0,0,0.0002,0.0001,0.0001,0,0,0,0.0004,0,0.0001,0.0001,0,0,0.3682,0.2824,0.3682,0.2824,
0,1.4902,2.6079,1.1177,0.7451,0.3726,0,1.8628,1.1177,0.3726,0.3726,1.4902,0.7451,0.3726,0.3726,1.8628,0.3726,0,0.7451,0,0,0.0001,0.0001,0,0,0,0,0.0001,0,0,0,0.0001,0,0,0,0.0001,0,0,0,0,0.3635,0.2639,0.3635,0.2639,
0.7652,0.7652,1.1478,0.7652,0.7652,1.5304,0,0.7652,1.1478,0.7652,0.3826,1.5304,0.7652,0.3826,0.7652,1.913,0.3826,0.3826,1.5304,0.7652,0,0,0.0001,0,0,0.0001,0,0,0.0001,0,0,0.0001,0,0,0,0.0001,0,0,0.0001,0,0.3076,0.3098,0.3076,0.3098,
0.5889,0.5889,0.5889,0.5889,1.1778,0.5889,0.5889,0,0.5889,1.1778,0.5889,1.7667,0,0,0.5889,0.5889,0.5889,0,0,0.5889,0,0,0,0,0.0001,0,0,0,0,0.0001,0,0.0001,0,0,0,0,0,0,0,0,0.2493,0.1618,0.2493,0.1618,
0.5357,0.5357,0,0.5357,0.5357,0,0,1.6072,1.6072,1.0715,0.5357,1.6072,0.5357,0,0.5357,2.6787,0,0.5357,1.0715,0,0,0,0,0,0,0,0,0.0001,0.0001,0.0001,0,0.0001,0,0,0,0.0002,0,0,0.0001,0,0.2523,0.2119,0.2523,0.2119,
0.5466,0,0.5466,0,0.5466,0,0.5466,0,0.5466,1.0932,1.6398,1.0932,1.0932,1.6398,1.0932,1.6398,0,0.5466,1.0932,2.1863,0,0,0,0,0,0,0,0,0,0.0001,0.0001,0.0001,0.0001,0.0001,0.0001,0.0001,0,0,0.0001,0.0002,0.2224,0.231,0.2224,0.231,
1.2706,1.2706,0,0.8471,2.1177,0.4235,2.5412,1.2706,0,2.5412,0.8471,0.8471,0.8471,0,0.4235,1.6942,1.2706,0.4235,0,0.8471,0.0001,0.0001,0,0,0.0001,0,0.0001,0.0001,0,0.0001,0,0,0,0,0,0.0001,0.0001,0,0,0,0.3345,0.242,0.3345,0.242,
0.8961,0.4481,0.8961,0.4481,0.4481,1.3442,0.4481,0.8961,1.3442,1.3442,0.8961,0.8961,0.4481,0.4481,1.3442,0.8961,0.4481,0,1.7923,0.4481,0,0,0,0,0,0.0001,0,0,0.0001,0.0001,0,0,0,0,0.0001,0,0,0,0.0001,0,0.2409,0.311,0.2409,0.311,
1.3332,1.3332,0.4444,0.8888,1.7776,0.4444,1.3332,0.8888,0.8888,0.8888,0,0.4444,1.3332,0,0.4444,0.8888,0.8888,0.8888,0.8888,0.8888,0.0001,0.0001,0,0,0.0001,0,0.0001,0,0,0,0,0,0.0001,0,0,0,0,0,0,0,0.2875,0.2681,0.2875,0.2681,
1.6543,0,0,0.3309,0.3309,1.3234,0,0.3309,1.6543,0.6617,0.6617,0.3309,0,0,4.3011,0.9926,1.6543,0.6617,0,0,0.0002,0,0,0,0,0.0001,0,0,0.0002,0.0001,0.0001,0,0,0,0.0004,0.0001,0.0002,0.0001,0,0,0.3663,0.3028,0.3663,0.3028,
0.3693,1.1079,0,0.3693,0,0.7386,0.3693,1.1079,2.5851,0,0.3693,0,0.7386,0.7386,2.2158,0.7386,0.3693,1.8465,0,0.3693,0,0.0001,0,0,0,0,0,0.0001,0.0002,0,0,0,0,0,0.0001,0,0,0.0001,0,0,0.3532,0.2775,0.3532,0.2775,
0.4199,0,1.2596,1.6794,1.2596,1.2596,0.4199,2.5191,0.8397,0.4199,0.4199,0.8397,0.4199,0,0,1.2596,0.4199,1.2596,0.4199,0.4199,0,0,0.0001,0.0001,0.0001,0.0001,0,0.0001,0,0,0,0,0,0,0,0.0001,0,0.0001,0,0,0.3064,0.2737,0.3064,0.2737,
1.3302,0,1.6627,0.6651,0.3325,0.6651,0,1.3302,1.6627,1.9953,0.9976,1.6627,0.6651,0.3325,0.9976,0.3325,0,0,0.3325,0.9976,0.0001,0,0.0001,0,0,0,0,0.0001,0.0001,0.0001,0.0001,0.0001,0,0,0.0001,0,0,0,0,0.0001,0.3388,0.3286,0.3388,0.3286,
0.7794,1.5589,0.7794,0,0,0.7794,0,0.7794,0,0,0,0,0.7794,0,0.7794,0,0,0.7794,0,0.7794,0.0001,0.0001,0.0001,0,0,0.0001,0,0.0001,0,0,0,0,0.0001,0,0.0001,0,0,0.0001,0,0.0001,0.1128,0.1078,0.1128,0.1078,
0.5498,0.5498,1.0995,0.5498,0,1.0995,0,0.5498,0.5498,0.5498,0,0,1.0995,1.0995,0.5498,0.5498,0.5498,1.0995,0.5498,0.5498,0,0,0.0001,0,0,0.0001,0,0,0,0,0,0,0.0001,0.0001,0,0,0,0.0001,0,0,0.2145,0.2357,0.2145,0.2357,
1.6236,0.5412,0,1.0824,3.7885,0,0,3.2473,1.0824,0.5412,0.5412,0,1.0824,0,1.0824,0,1.6236,0.5412,0,0.5412,0.0001,0,0,0.0001,0.0003,0,0,0.0002,0.0001,0,0,0,0.0001,0,0.0001,0,0.0001,0,0,0,0.2041,0.2547,0.2041,0.2547,
3.5947,0,1.1982,0,0,1.7973,0,2.3965,1.1982,1.7973,1.1982,0.5991,0,0.5991,0,0.5991,1.1982,0.5991,0,0.5991,0.0003,0,0.0001,0,0,0.0001,0,0.0002,0.0001,0.0001,0.0001,0,0,0,0,0,0.0001,0,0,0,0.1801,0.2208,0.1801,0.2208,
0,2.1088,1.4059,1.4059,0,1.4059,0,0,1.4059,0,0,1.4059,0.7029,2.1088,0,0.7029,2.1088,0,0,0,0,0.0002,0.0001,0.0001,0,0.0001,0,0,0.0001,0,0,0.0001,0.0001,0.0002,0,0.0001,0.0002,0,0,0,0.1337,0.1634,0.1337,0.1634,
0.5264,0,1.5791,0,0,1.5791,0.5264,0.5264,0.5264,0.5264,0.5264,1.0527,0,0,0.5264,0,0.5264,1.5791,0.5264,0,0,0,0.0001,0,0,0.0001,0,0,0,0,0,0.0001,0,0,0,0,0,0.0001,0,0,0.2406,0.233,0.2406,0.233,
0,0,0,0,0.5863,0,1.1726,0.5863,0.5863,0,0,0.5863,0.5863,1.7589,1.1726,0.5863,0,2.9315,0.5863,1.1726,0,0,0,0,0.0001,0,0.0001,0.0001,0.0001,0,0,0.0001,0.0001,0.0002,0.0001,0.0001,0,0.0003,0.0001,0.0001,0.2233,0.1904,0.2233,0.1904,
0,0.5897,0,1.1794,0.5897,0.5897,0,0,0,0.5897,0,1.1794,0,0,1.7691,0,1.1794,1.1794,1.1794,0,0,0.0001,0,0.0001,0.0001,0.0001,0,0,0,0.0001,0,0.0001,0,0,0.0002,0,0.0001,0.0001,0.0001,0,0.2191,0.1912,0.2191,0.1912,
0.3819,0,0.7639,0.7639,2.2916,0.7639,0,1.9096,3.0554,1.9096,1.5277,0.3819,0.3819,0,1.1458,1.1458,0.7639,0.3819,0,1.1458,0,0,0,0,0.0001,0,0,0.0001,0.0002,0.0001,0.0001,0,0,0,0.0001,0.0001,0,0,0,0.0001,0.3302,0.2878,0.3302,0.2878,
0.7217,0.7217,0.7217,1.0826,0.7217,1.0826,1.0826,0.3609,0.3609,0.7217,0.7217,1.4435,0.7217,1.4435,0.7217,1.0826,0.3609,0.3609,1.4435,0,0,0,0,0.0001,0,0.0001,0.0001,0,0,0,0,0.0001,0,0.0001,0,0.0001,0,0,0.0001,0,0.3025,0.3367,0.3025,0.3367,
1.6503,0,0.8251,1.2377,0,0.4126,0.4126,1.2377,0.8251,1.2377,0,0.8251,1.6503,0.4126,1.2377,0.4126,0.4126,0,0,2.0628,0.0001,0,0.0001,0.0001,0,0,0,0.0001,0.0001,0.0001,0,0.0001,0.0001,0,0.0001,0,0,0,0,0.0002,0.2886,0.2988,0.2886,0.2988,
1.1009,0,1.1009,0,0,1.1009,0,0.367,3.6696,0.7339,0.367,0.7339,1.1009,0.7339,2.2018,1.4678,0,1.4678,0,0.367,0.0001,0,0.0001,0,0,0.0001,0,0,0.0003,0.0001,0,0.0001,0.0001,0.0001,0.0002,0.0001,0,0.0001,0,0,0.3083,0.3247,0.3083,0.3247,
0.4694,2.8164,0.9388,0.9388,0.4694,1.8776,0.4694,0.9388,0.9388,0.4694,0.4694,0,0.9388,0.9388,0.9388,0.4694,0,0,0,0,0,0.0001,0,0,0,0.0001,0,0,0,0,0,0,0,0,0,0,0,0,0,0,0.2861,0.2445,0.2861,0.2445,
0,0,1.5877,0.3969,1.9846,1.1907,1.1907,1.5877,1.1907,0.3969,0.3969,0.3969,0.3969,0.3969,0.7938,1.1907,1.1907,0.3969,0.7938,0,0,0,0.0001,0,0.0001,0.0001,0.0001,0.0001,0.0001,0,0,0,0,0,0.0001,0.0001,0.0001,0,0.0001,0,0.3049,0.2982,0.3049,0.2982,
0,0,0.6952,0.6952,0,0,0.6952,0,0.6952,1.3903,0.6952,0,0.6952,0,0,0.6952,1.3903,1.3903,0,0,0,0,0.0001,0.0001,0,0,0.0001,0,0.0001,0.0002,0.0001,0,0.0001,0,0,0.0001,0.0002,0.0002,0,0,0.1596,0.1453,0.1596,0.1453,
1.6851,0,0,0,0.6741,1.0111,0.337,0.337,1.6851,0.6741,0.6741,0.337,0.337,0.337,3.7073,0.6741,1.6851,0.6741,0,0,0.0001,0,0,0,0.0001,0.0001,0,0,0.0001,0.0001,0.0001,0,0,0,0.0003,0.0001,0.0001,0.0001,0,0,0.361,0.302,0.361,0.302,
0.6948,0.3474,0.3474,1.0423,0.3474,0.3474,1.3897,1.7371,1.7371,1.3897,1.0423,1.0423,0.6948,0.3474,0,1.3897,0,1.0423,1.7371,0.6948,0,0,0,0.0001,0,0,0.0001,0.0001,0.0001,0.0001,0.0001,0.0001,0,0,0,0.0001,0,0.0001,0.0001,0,0.3574,0.2952,0.3574,0.2952,
0.9133,1.8265,0.4566,2.2831,1.3699,0.9133,0,1.8265,0.4566,0.4566,0.9133,0.9133,0,0.9133,0.4566,0.9133,0.9133,0,0.9133,0.4566,0,0.0001,0,0.0001,0.0001,0,0,0.0001,0,0,0,0,0,0,0,0,0,0,0,0,0.2593,0.284,0.2593,0.284,
2.6494,0.6624,0.6624,0,0,1.9871,0,1.3247,0.6624,1.3247,0.6624,0,0,0,0.6624,0.6624,0.6624,0,0,0.6624,0.0002,0,0,0,0,0.0001,0,0.0001,0,0.0001,0,0,0,0,0,0,0,0,0,0,0.1942,0.1434,0.1942,0.1434,
1.9803,0,0,0.6601,2.6403,0.6601,0,1.9803,0,4.6206,0.6601,0.6601,0,0,0.6601,0.6601,1.3202,0.6601,0,1.3202,0.0002,0,0,0.0001,0.0002,0.0001,0,0.0002,0,0.0004,0.0001,0.0001,0,0,0.0001,0.0001,0.0001,0.0001,0,0.0001,0.1937,0.1462,0.1937,0.1462,
1.8246,0.9123,0,0.9123,0.9123,0.4561,0.4561,0.9123,1.8246,2.2807,0.4561,1.3684,0.9123,1.8246,0.4561,0.9123,1.3684,1.3684,0,0.4561,0.0001,0,0,0,0,0,0,0,0.0001,0.0001,0,0.0001,0,0.0001,0,0,0.0001,0.0001,0,0,0.2649,0.279,0.2649,0.279,
1.0738,0,1.0738,1.6107,1.0738,0,0.5369,0,1.6107,0.5369,0,1.6107,0.5369,0,0,1.6107,0,1.0738,0,0,0.0001,0,0.0001,0.0001,0.0001,0,0,0,0.0001,0,0,0.0001,0,0,0,0.0001,0,0.0001,0,0,0.2765,0.1866,0.2765,0.1866,
0.5309,0,0,1.0619,2.6547,1.0619,0,1.5928,0.5309,3.1857,0.5309,0,1.0619,0,1.0619,0.5309,1.0619,1.0619,0,0.5309,0,0,0,0.0001,0.0002,0.0001,0,0.0001,0,0.0003,0,0,0.0001,0,0.0001,0,0.0001,0.0001,0,0,0.2182,0.2509,0.2182,0.2509,
0.629,3.7741,0.629,0.629,0,1.258,0,1.258,1.258,1.258,0,0.629,0.629,0,0,1.8871,1.8871,2.5161,0,1.258,0,0.0001,0,0,0,0,0,0,0,0,0,0,0,0,0,0.0001,0.0001,0.0001,0,0,0.1726,0.1984,0.1726,0.1984,
1.34,0,0,0,0.67,1.005,0.335,0.335,2.3449,0.67,0.67,1.005,0.335,0.335,3.3499,1.005,0.67,0.67,0,0,0.0001,0,0,0,0.0001,0.0001,0,0,0.0002,0.0001,0.0001,0.0001,0,0,0.0003,0.0001,0.0001,0.0001,0,0,0.3455,0.3195,0.3455,0.3195,
0.6721,2.0163,0,0,0.6721,0,1.3442,0,0.6721,0.6721,2.0163,0,0.6721,0,0,1.3442,0.6721,1.3442,0.6721,0.6721,0,0.0001,0,0,0,0,0.0001,0,0,0,0.0001,0,0,0,0,0.0001,0,0.0001,0,0,0.1743,0.1536,0.1743,0.1536,
0.81,1.215,1.215,0.81,0,0.81,0.405,1.62,0.81,1.215,0.81,1.215,0.81,0.81,0.81,1.215,0.405,0.405,0.405,0.405,0,0.0001,0.0001,0,0,0,0,0.0001,0,0.0001,0,0.0001,0,0,0,0.0001,0,0,0,0,0.2958,0.2993,0.2958,0.2993,
0,0,0.4054,0.4054,0.8109,1.2163,2.0272,0,0.8109,1.2163,0,0.8109,0.4054,0.4054,0.8109,0.8109,0.8109,0.8109,1.6218,1.6218,0,0,0,0,0.0001,0.0001,0.0001,0,0.0001,0.0001,0,0.0001,0,0,0.0001,0.0001,0.0001,0.0001,0.0001,0.0001,0.2749,0.3197,0.2749,0.3197,
0.3926,0.3926,0.3926,0.7851,0,1.5703,0.7851,1.1777,1.5703,0.3926,0.3926,0,1.5703,0.7851,1.1777,0.3926,0.3926,1.5703,0.3926,1.1777,0,0,0,0.0001,0,0.0001,0.0001,0.0001,0.0001,0,0,0,0.0001,0.0001,0.0001,0,0,0.0001,0,0.0001,0.3004,0.307,0.3004,0.307,
1.726,0,0,0,0.3452,1.0356,0.6904,0.3452,1.726,0.6904,0.6904,0.3452,0.3452,1.0356,3.452,0.6904,1.0356,0.6904,0,0.3452,0.0002,0,0,0,0,0.0001,0.0001,0,0.0002,0.0001,0.0001,0,0,0.0001,0.0003,0.0001,0.0001,0.0001,0,0,0.3416,0.3132,0.3416,0.3132,
0.7449,0,0.7449,2.6071,0.3724,0,0,0.3724,2.9795,1.1173,0.3724,0.7449,1.1173,1.1173,0,1.1173,1.8622,0.3724,0,0,0.0001,0,0.0001,0.0002,0,0,0,0,0.0002,0.0001,0,0.0001,0.0001,0.0001,0,0.0001,0.0001,0,0,0,0.2825,0.345,0.2825,0.345,
0,0,0,0.7449,0,0,0.7449,0.7449,0,0,0,0,0,1.4898,0,0,0.7449,0.7449,2.2347,0.7449,0,0,0,0.0002,0,0,0.0002,0.0002,0,0,0,0,0,0.0003,0,0,0.0002,0.0002,0.0005,0.0002,0.1246,0.1305,0.1246,0.1305,
0.5003,0.5003,1.0006,1.5008,0.5003,2.0011,0,0,0.5003,0.5003,1.5008,1.0006,3.0017,1.5008,0,0,1.5008,1.0006,1.5008,0.5003,0,0,0.0001,0.0001,0,0.0001,0,0,0,0,0.0001,0.0001,0.0002,0.0001,0,0,0.0001,0.0001,0.0001,0,0.2949,0.2048,0.2949,0.2048,
0.372,0.372,0.372,0.7439,2.6037,0.372,1.1159,0.7439,0.7439,1.1159,1.1159,1.4878,0.372,0.7439,0.7439,1.1159,1.1159,0.372,1.1159,0.7439,0,0,0,0,0.0001,0,0.0001,0,0,0.0001,0.0001,0.0001,0,0,0,0.0001,0.0001,0,0.0001,0,0.3194,0.3086,0.3194,0.3086,
1.7189,0.573,0,0,0,1.1459,1.1459,0.573,0.573,0,0,0.573,0.573,0,0.573,1.1459,0.573,0,1.1459,0,0.0001,0,0,0,0,0.0001,0.0001,0,0,0,0,0,0,0,0,0.0001,0,0,0.0001,0,0.2121,0.215,0.2121,0.215,
1.6001,1.2,1.2,1.2,0.8,0.4,0.4,1.2,0,2.0001,0.8,0.4,1.2,0,0.8,1.2,1.2,0,0.4,1.6001,0.0001,0.0001,0.0001,0.0001,0,0,0,0.0001,0,0.0001,0,0,0.0001,0,0,0.0001,0.0001,0,0,0.0001,0.2849,0.3151,0.2849,0.3151,
0.6807,0,0,0.6807,0.6807,1.021,0.3403,0.3403,1.7016,0.6807,0.6807,0.3403,0.3403,0.3403,4.0839,1.3613,1.021,1.021,0,0,0.0001,0,0,0.0001,0.0001,0.0001,0,0,0.0001,0.0001,0.0001,0,0,0,0.0003,0.0001,0.0001,0.0001,0,0,0.3004,0.3593,0.3004,0.3593,
0.3682,0.3682,0.7365,0.7365,0.7365,1.1047,2.2094,1.8412,1.1047,0,1.1047,1.1047,1.1047,1.1047,0.3682,1.1047,0,0.3682,1.1047,1.1047,0,0,0,0,0,0.0001,0.0001,0.0001,0.0001,0,0.0001,0.0001,0.0001,0.0001,0,0.0001,0,0,0.0001,0.0001,0.2753,0.3564,0.2753,0.3564,
0,0,0.8414,0,0,0,0,0.8414,0,0.8414,0.8414,0.8414,0,0.8414,0,1.6829,0,1.6829,0,0,0,0,0.0001,0,0,0,0,0.0001,0,0.0001,0.0001,0.0001,0,0.0001,0,0.0002,0,0.0002,0,0,0.0871,0.0715,0.0871,0.0715,
0.544,0,0.544,2.1758,0,0.544,1.6319,1.0879,0.544,1.0879,2.1758,0,1.0879,1.0879,0,0,0,0,0.544,0,0.0001,0,0.0001,0.0002,0,0.0001,0.0002,0.0001,0.0001,0.0001,0.0002,0,0.0001,0.0001,0,0,0,0,0.0001,0,0.2127,0.2434,0.2127,0.2434,
0.3635,0.727,0,1.8174,0.3635,0.3635,0.727,0.727,1.0904,0.727,1.0904,1.0904,1.0904,0.3635,0.3635,1.0904,1.4539,0.3635,1.8174,0,0,0,0,0.0001,0,0,0,0,0.0001,0,0.0001,0.0001,0.0001,0,0,0.0001,0.0001,0,0.0001,0,0.3367,0.2998,0.3367,0.2998,
0.8124,0,0.4062,1.6248,0.4062,0.8124,1.2186,0.8124,0.4062,0,0,1.2186,0.4062,0.8124,0.8124,1.2186,0.8124,0.4062,0.4062,1.2186,0.0001,0,0,0.0001,0,0.0001,0.0001,0.0001,0,0,0,0.0001,0,0.0001,0.0001,0.0001,0.0001,0,0,0.0001,0.2847,0.3091,0.2847,0.3091,
0.6671,0.3335,1.0006,1.0006,0.6671,0.6671,0.6671,1.3341,0.6671,0.6671,0.6671,1.6677,0.6671,0,2.0012,0,0.6671,0.3335,0,0.6671,0,0,0.0001,0.0001,0,0,0,0.0001,0,0,0,0.0001,0,0,0.0001,0,0,0,0,0,0.3612,0.3053,0.3612,0.3053,
0.5333,0,0,1.0665,2.1331,0.5333,0,0.5333,0,3.7329,0.5333,2.6663,0.5333,1.0665,0.5333,1.5998,1.5998,1.5998,0.5333,1.0665,0,0,0,0.0001,0.0001,0,0,0,0,0.0002,0,0.0002,0,0.0001,0,0.0001,0.0001,0.0001,0,0.0001,0.23,0.2367,0.23,0.2367,
0.8398,0.4199,0.4199,1.2597,0,1.2597,0.8398,0.8398,0.4199,0.8398,0.4199,0.8398,0,0.8398,0.4199,0.4199,0,0.8398,1.6796,0.4199,0,0,0,0.0001,0,0.0001,0,0,0,0,0,0,0,0,0,0,0,0,0.0001,0,0.3089,0.2712,0.3089,0.2712,
0.4649,2.3247,0.9299,0.9299,0.4649,1.3948,0.9299,0.9299,0,0,0.4649,0,1.3948,0,0.4649,1.8598,1.8598,1.3948,1.8598,0.9299,0,0.0001,0,0,0,0.0001,0,0,0,0,0,0,0.0001,0,0,0.0001,0.0001,0.0001,0.0001,0,0.2823,0.2527,0.2823,0.2527,
0,0,0.8217,0.4108,0.8217,0.4108,0.8217,0.4108,1.6433,0.4108,0,0,0.4108,0.4108,1.2325,0.8217,0.4108,0.8217,1.6433,0.4108,0,0,0.0001,0,0.0001,0,0.0001,0,0.0001,0,0,0,0,0,0.0001,0.0001,0,0.0001,0.0001,0,0.3107,0.2784,0.3107,0.2784,
1.4085,0,0.7042,1.7606,2.1127,2.4649,0.3521,0.7042,1.4085,0.3521,0,0.3521,0,1.4085,0.3521,0.7042,0.7042,1.4085,0,0,0.0001,0,0,0.0001,0.0001,0.0002,0,0,0.0001,0,0,0,0,0.0001,0,0,0,0.0001,0,0,0.3495,0.2984,0.3495,0.2984,
2.7756,0,0.9252,0.9252,2.313,0,0,1.8504,0.4626,3.2382,0.9252,0,2.313,0.4626,0.4626,0.9252,0,2.7756,0.4626,0.4626,0.0002,0,0.0001,0.0001,0.0001,0,0,0.0001,0,0.0002,0.0001,0,0.0001,0,0,0.0001,0,0.0002,0,0,0.2806,0.2568,0.2806,0.2568,
0,0,0.5829,1.1657,1.7486,0.5829,0,0.5829,1.7486,0,0.5829,0.5829,0.5829,2.3315,0.5829,0.5829,0.5829,0.5829,0,0,0,0,0.0001,0.0001,0.0002,0.0001,0,0.0001,0.0002,0,0.0001,0.0001,0.0001,0.0003,0.0001,0.0001,0.0001,0.0001,0,0,0.2077,0.2094,0.2077,0.2094,
1.4403,0,0,0.7201,0,2.1604,0,2.1604,0,0,0.7201,0,0,0,0.7201,0.7201,1.4403,0.7201,0,0,0.0002,0,0,0.0001,0,0.0003,0,0.0003,0,0,0.0001,0,0,0,0.0001,0.0001,0.0002,0.0001,0,0,0.1679,0.112,0.1679,0.112,
0.9347,0.9347,0.9347,0.4674,0.9347,0,0,0.9347,0.9347,0,0.4674,0,2.3368,1.4021,0.9347,0.9347,1.8694,0,1.4021,1.4021,0.0001,0.0001,0.0001,0,0.0001,0,0,0.0001,0.0001,0,0,0,0.0001,0.0001,0.0001,0.0001,0.0001,0,0.0001,0.0001,0.3204,0.2123,0.3204,0.2123,
0.4397,0.8794,0,1.319,0.4397,0.4397,0.8794,1.319,0.4397,1.7587,0.4397,0.8794,0,0.4397,0.8794,0.8794,0.4397,1.7587,0.8794,1.7587,0,0,0,0.0001,0,0,0,0.0001,0,0.0001,0,0,0,0,0,0,0,0.0001,0,0.0001,0.3026,0.2578,0.3026,0.2578,
1.1368,0.5684,0.5684,1.1368,1.1368,1.1368,1.1368,0.5684,0,0.5684,0.5684,0.5684,0.5684,0,0,1.1368,0.5684,0.5684,0.5684,1.7052,0.0001,0,0,0.0001,0.0001,0.0001,0.0001,0,0,0,0,0,0,0,0,0.0001,0,0,0,0.0001,0.219,0.2126,0.219,0.2126,
0.4606,2.3031,0.9213,0.4606,0.9213,1.3819,0,1.3819,0.9213,0.4606,0.4606,0.4606,1.3819,0.4606,0.4606,0.9213,0.4606,0.4606,2.3031,0,0,0.0001,0,0,0,0.0001,0,0.0001,0,0,0,0,0.0001,0,0,0,0,0,0.0001,0,0.3068,0.2326,0.3068,0.2326,
1.1818,1.1818,1.7727,0,0.5909,1.7727,0,0,0.5909,0,0,1.1818,0.5909,0,0.5909,0.5909,1.7727,1.1818,0.5909,0,0.0001,0.0001,0.0001,0,0,0.0001,0,0,0,0,0,0.0001,0,0,0,0,0.0001,0.0001,0,0,0.2497,0.1594,0.2497,0.1594,
2.8629,0,0.5726,0.5726,1.1452,1.7177,0,1.1452,0,5.1532,1.1452,0,0.5726,1.1452,0.5726,0,0,2.2903,0,1.1452,0.0002,0,0,0,0.0001,0.0001,0,0.0001,0,0.0004,0.0001,0,0,0.0001,0,0,0,0.0002,0,0.0001,0.2186,0.2088,0.2186,0.2088,
1.38,0,0.92,0.46,1.38,0.46,0,2.3,0.92,3.68,0.46,0.92,0.92,0,0.46,0.46,1.38,0.92,0.46,1.84,0.0001,0,0.0001,0,0.0001,0,0,0.0001,0.0001,0.0002,0,0.0001,0.0001,0,0,0,0.0001,0.0001,0,0.0001,0.2496,0.2904,0.2496,0.2904,
2.4404,0,0,0,0.6973,1.3945,0.3486,0,1.7432,1.0459,0.6973,0.3486,0.3486,0.3486,3.835,1.3945,0.6973,0.3486,0,0,0.0002,0,0,0,0.0001,0.0001,0,0,0.0001,0.0001,0.0001,0,0,0,0.0003,0.0001,0.0001,0,0,0,0.3489,0.3025,0.3489,0.3025,
2.4027,2.8833,0.4805,0.4805,0.4805,1.9222,0,1.9222,0,0.9611,0,1.4416,2.4027,0,0.9611,0.9611,2.8833,0.9611,0,0.9611,0.0001,0.0001,0,0,0,0.0001,0,0.0001,0,0,0,0,0.0001,0,0,0,0.0001,0,0,0,0.253,0.2665,0.253,0.2665,
0.6683,2.6734,0,0,0.6683,0,0,1.3367,1.3367,0.6683,0.6683,1.3367,0,1.3367,0,2.6734,0.6683,0.6683,0,0,0,0.0001,0,0,0,0,0,0.0001,0.0001,0,0,0.0001,0,0.0001,0,0.0001,0,0,0,0,0.1638,0.1678,0.1638,0.1678,
1.2883,1.2883,0.4294,0.4294,0,1.7178,0.8589,0.8589,0.8589,0.4294,0.8589,0.8589,0.8589,0.4294,0.8589,0.4294,0,1.2883,0.8589,1.2883,0.0001,0.0001,0,0,0,0.0001,0,0,0,0,0,0,0,0,0,0,0,0.0001,0,0.0001,0.3033,0.2673,0.3033,0.2673,
0.4235,0.4235,1.2706,1.2706,0,0.4235,0,0,0.4235,1.2706,0,0,0,2.9648,2.1177,0.8471,0,0.4235,0,0.8471,0,0,0.0001,0.0001,0,0,0,0,0,0.0001,0,0,0,0.0002,0.0002,0.0001,0,0,0,0.0001,0.2866,0.2898,0.2866,0.2898,
1.7823,1.3368,0,0.4456,0.8912,1.3368,0,0.4456,1.7823,0.4456,0.8912,1.7823,0,0.4456,0.8912,0.8912,0.8912,0,0.8912,0,0.0001,0.0001,0,0,0,0.0001,0,0,0.0001,0,0,0.0001,0,0,0,0,0,0,0,0,0.2762,0.2782,0.2762,0.2782,
0.574,0.574,0,0.574,1.1479,0.574,0,0.574,0.574,1.1479,0.574,1.7219,0.574,0.574,1.7219,0,0.574,0,0,0,0,0,0,0,0.0001,0,0,0,0,0.0001,0,0.0001,0,0,0.0001,0,0,0,0,0,0.2088,0.2173,0.2088,0.2173,
1.632,0.544,0.544,0.544,0.544,1.632,0,0,1.632,1.632,0.544,1.088,0.544,0,0.544,1.088,1.088,0,0,1.632,0.0001,0,0,0,0,0.0001,0,0,0.0001,0.0001,0,0.0001,0,0,0,0.0001,0.0001,0,0,0.0001,0.2219,0.2341,0.2219,0.2341,
2.7359,0.3908,1.1725,0.3908,0,0,1.1725,1.5634,0.7817,1.9542,0.7817,0,1.1725,0.3908,1.9542,1.1725,0.3908,1.1725,0.7817,0.3908,0.0002,0,0.0001,0,0,0,0.0001,0.0001,0.0001,0.0001,0.0001,0,0.0001,0,0.0001,0.0001,0,0.0001,0.0001,0,0.3079,0.3013,0.3079,0.3013,
0,0,0,1.1945,0,0.5972,1.7917,0,0.5972,1.1945,0.5972,1.1945,0.5972,0,0,0,0,0.5972,0.5972,1.1945,0,0,0,0.0001,0,0.0001,0.0002,0,0.0001,0.0001,0.0001,0.0001,0.0001,0,0,0,0,0.0001,0.0001,0.0001,0.1878,0.215,0.1878,0.215,
1.9039,0,0.6346,0.6346,1.2692,0.6346,0,3.1731,0.6346,3.1731,0.6346,0.6346,0.6346,0.6346,0,1.2692,3.1731,1.2692,0,1.2692,0.0002,0,0.0001,0.0001,0.0001,0.0001,0,0.0003,0.0001,0.0003,0.0001,0.0001,0.0001,0.0001,0,0.0001,0.0003,0.0001,0,0.0001,0.1957,0.1696,0.1957,0.1696,
0.7166,0,0.7166,0.7166,0.7166,0.7166,0,0,0,1.4333,0.7166,1.4333,0,0,0,0,0.7166,0.7166,0,0,0.0001,0,0.0001,0.0001,0.0001,0.0001,0,0,0,0.0001,0.0001,0.0001,0,0,0,0,0.0001,0.0001,0,0,0.1671,0.1163,0.1671,0.1163,
0.4117,0.4117,2.0584,0.8234,0.4117,1.235,0.4117,0.4117,1.6467,0,0.4117,2.0584,0.4117,0.4117,1.235,0.4117,0,1.235,1.235,0.4117,0,0,0.0001,0.0001,0,0.0001,0,0,0.0001,0,0,0.0001,0,0,0.0001,0,0,0.0001,0.0001,0,0.3055,0.2829,0.3055,0.2829,
0.4327,1.298,0,0,0,0.4327,0.4327,2.1634,2.5961,0.4327,0.8654,0.8654,0.4327,0.8654,3.0288,0.8654,0,1.298,0,0,0,0.0001,0,0,0,0,0,0.0001,0.0002,0,0.0001,0.0001,0,0.0001,0.0002,0.0001,0,0.0001,0,0,0.2863,0.281,0.2863,0.281,
0.9052,0.4526,0.4526,1.8104,0.9052,0.4526,0.4526,0,0.9052,0.9052,0,0.9052,0.9052,0.9052,0,0.4526,0.9052,0.4526,0.4526,1.3578,0.0001,0,0,0.0001,0.0001,0,0,0,0.0001,0.0001,0,0.0001,0.0001,0.0001,0,0,0.0001,0,0,0.0001,0.2649,0.2824,0.2649,0.2824,
0.7145,0,0,0,0,0.7145,0.7145,0,0,0,0,0.7145,1.429,0.7145,0,1.429,0.7145,0,1.429,0.7145,0.0001,0,0,0,0,0.0001,0.0001,0,0,0,0,0.0001,0.0001,0.0001,0,0.0001,0.0001,0,0.0001,0.0001,0.1679,0.1176,0.1679,0.1176,
0.4006,0.8011,1.2017,0.8011,0.4006,0.8011,0.4006,0.8011,1.2017,0.8011,0.4006,2.0028,1.6022,0.4006,0.8011,0.8011,1.6022,2.4033,0.4006,0.4006,0,0,0.0001,0,0,0,0,0,0.0001,0,0,0.0001,0.0001,0,0,0,0.0001,0.0001,0,0,0.3263,0.2731,0.3263,0.2731,
1.096,1.096,0.3653,1.4613,0.7307,0.3653,0.7307,0,1.8267,1.096,1.096,1.4613,1.096,1.096,1.4613,0,0.3653,1.096,0.7307,0.7307,0.0001,0.0001,0,0.0001,0,0,0,0,0.0001,0.0001,0.0001,0.0001,0.0001,0.0001,0.0001,0,0,0.0001,0,0,0.3106,0.324,0.3106,0.324,
0,0,1.3409,0,0,0,1.3409,0,0,1.3409,0,0,1.3409,0,0.6704,0.6704,0,0.6704,0,0.6704,0,0,0.0002,0,0,0,0.0002,0,0,0.0002,0,0,0.0002,0,0.0001,0.0001,0,0.0001,0,0.0001,0.1579,0.1717,0.1579,0.1717,
2.2813,0,0,0,0.6518,1.3036,0.3259,0.3259,0.9777,0.6518,0.6518,0.9777,0.3259,0.3259,4.5625,0.3259,0.9777,0.6518,0,0,0.0002,0,0,0,0.0001,0.0001,0,0,0.0001,0.0001,0.0001,0.0001,0,0,0.0004,0,0.0001,0.0001,0,0,0.3962,0.2779,0.3962,0.2779,
0.7115,0.7115,0.7115,0,0.7115,0,0,0,0,1.423,0.7115,0,0,0.7115,0.7115,0.7115,0,2.1345,0,0,0.0001,0.0001,0.0001,0,0.0001,0,0,0,0,0.0001,0.0001,0,0,0.0001,0.0001,0.0001,0,0.0002,0,0,0.1554,0.1331,0.1554,0.1331,
0,0.6751,0.6751,0.6751,0,0.6751,0,0,1.3502,0,0.6751,0,2.0253,0,0,0,0,0.6751,0,2.0253,0,0.0001,0.0001,0.0001,0,0.0001,0,0,0.0001,0,0.0001,0,0.0002,0,0,0,0,0.0001,0,0.0002,0.1846,0.1403,0.1846,0.1403,
0.3674,0.3674,0.7348,0,0.3674,0.7348,0.3674,0.7348,2.9392,1.1022,0.3674,0.3674,0.3674,0.3674,2.2044,1.4696,0.3674,1.4696,0,0.3674,0,0,0,0,0,0,0,0,0.0002,0.0001,0,0,0,0,0.0001,0.0001,0,0.0001,0,0,0.3795,0.2531,0.3795,0.2531,
0.8686,0.8686,0,0,0.8686,0.8686,0,0.8686,0,1.7371,0,0,0.8686,0.8686,0,0.8686,0.8686,1.7371,0.8686,0,0.0001,0.0001,0,0,0.0001,0.0001,0,0.0001,0,0.0001,0,0,0.0001,0.0001,0,0.0001,0.0001,0.0001,0.0001,0,0.0696,0.0618,0.0696,0.0618,
1.5404,0.5135,0.5135,1.5404,2.5673,0.5135,0,2.5673,1.5404,1.0269,0.5135,0,1.5404,0,1.0269,0.5135,1.0269,0.5135,0,0.5135,0.0001,0,0,0.0001,0.0002,0,0,0.0002,0.0001,0.0001,0,0,0.0001,0,0.0001,0,0.0001,0,0,0,0.2525,0.2341,0.2525,0.2341,
0.5767,1.7302,0.5767,1.1535,1.1535,0.5767,1.1535,0,0,1.1535,1.7302,0,1.1535,1.1535,0,0,0.5767,0.5767,0.5767,0,0,0.0001,0,0.0001,0.0001,0,0.0001,0,0,0.0001,0.0001,0,0.0001,0.0001,0,0,0,0,0,0,0.2169,0.2063,0.2169,0.2063,
0.4463,0.8926,1.3388,0,1.7851,2.2314,0.4463,1.3388,0.4463,0.4463,0.4463,0.4463,1.7851,0.8926,0.4463,0.8926,0.4463,0.4463,0.4463,1.7851,0,0,0.0001,0,0.0001,0.0001,0,0.0001,0,0,0,0,0.0001,0,0,0,0,0,0,0.0001,0.279,0.2747,0.279,0.2747,
1.4357,0.9571,0,0.9571,0.4786,0.4786,1.4357,1.4357,0.4786,0,0,0.4786,1.4357,0.4786,1.4357,0.4786,1.4357,0.9571,0,0.4786,0.0001,0.0001,0,0.0001,0,0,0.0001,0.0001,0,0,0,0,0.0001,0,0.0001,0,0.0001,0.0001,0,0,0.2647,0.2568,0.2647,0.2568,
1.3156,0.4385,0.877,0.877,1.7541,0.877,0.4385,2.6311,0,0.4385,1.7541,0.4385,1.7541,0.4385,0.877,0.877,0.877,0.4385,0.877,1.3156,0.0001,0,0,0,0.0001,0,0,0.0001,0,0,0.0001,0,0.0001,0,0,0,0,0,0,0.0001,0.3048,0.2567,0.3048,0.2567,
0.5944,0,0,1.7831,1.1887,0,0,0,0.5944,0,0,0.5944,0,0,0.5944,0.5944,0,0.5944,2.3774,0,0.0001,0,0,0.0002,0.0001,0,0,0,0.0001,0,0,0.0001,0,0,0.0001,0.0001,0,0.0001,0.0002,0,0.2602,0.1455,0.2602,0.1455,
0.6959,0,2.0878,0,0,1.3918,0.6959,0,0.6959,0.6959,0,0,0.6959,0,0,1.3918,0,0,0,0,0.0001,0,0.0004,0,0,0.0002,0.0001,0,0.0001,0.0001,0,0,0.0001,0,0,0.0002,0,0,0,0,0.1299,0.1742,0.1299,0.1742,
1.1853,1.1853,0,0.7902,0,2.3706,0,0.3951,0.3951,1.1853,0.7902,1.5804,0.3951,0,1.9755,0.3951,0.7902,0.7902,1.1853,0.3951,0.0001,0.0001,0,0,0,0.0001,0,0,0,0.0001,0,0.0001,0,0,0.0001,0,0,0,0.0001,0,0.2891,0.3158,0.2891,0.3158,
0,0,0,0,0,0,0.8275,0.8275,0,0,1.655,0,1.655,0,0,1.655,0.8275,0,0,0.8275,0,0,0,0,0,0,0.0001,0.0001,0,0,0.0003,0,0.0003,0,0,0.0003,0.0001,0,0,0.0001,0.0717,0.1008,0.0717,0.1008,
0.4564,0.4564,1.8256,0,1.3692,0.9128,0.4564,2.7383,0,0,2.282,0.4564,0.4564,0.9128,0.4564,0.4564,1.3692,0.9128,1.3692,0.9128,0,0,0.0001,0,0.0001,0,0,0.0001,0,0,0.0001,0,0,0,0,0,0.0001,0,0.0001,0,0.2818,0.2618,0.2818,0.2618,
1.9629,0,0,0.4907,1.4722,2.9443,0.4907,0.9814,0.4907,0,0.4907,1.4722,1.9629,0.4907,0.4907,0.9814,0.4907,2.4536,0.4907,0.9814,0.0001,0,0,0,0.0001,0.0002,0,0.0001,0,0,0,0.0001,0.0001,0,0,0.0001,0,0.0001,0,0.0001,0.2507,0.2585,0.2507,0.2585,
1.7696,0,0,0,0.7078,1.0617,0.7078,0,2.4774,0.7078,1.0617,0.3539,0.3539,0.3539,2.8313,1.7696,0.7078,0.7078,0,0,0.0001,0,0,0,0.0001,0.0001,0.0001,0,0.0002,0.0001,0.0001,0,0,0,0.0002,0.0001,0.0001,0.0001,0,0,0.3754,0.2707,0.3754,0.2707,
0,3.4877,0.5813,0.5813,0.5813,2.3251,0,0,0.5813,0.5813,0,1.1626,0.5813,0,0.5813,0.5813,3.4877,1.7438,0,1.1626,0,0.0001,0,0,0,0.0001,0,0,0,0,0,0,0,0,0,0,0.0001,0.0001,0,0,0.1992,0.2196,0.1992,0.2196,
1.6171,0.4043,0.8085,2.0213,0.8085,0,0.4043,0.8085,1.2128,0.8085,0.8085,0.8085,0,1.6171,0.4043,0,1.2128,1.2128,0.8085,0.8085,0.0001,0,0.0001,0.0001,0.0001,0,0,0.0001,0.0001,0.0001,0.0001,0.0001,0,0.0001,0,0,0.0001,0.0001,0.0001,0.0001,0.3011,0.2946,0.3011,0.2946,
0.5529,1.6587,0.5529,1.1058,1.1058,0.5529,0,0,2.2116,0,1.6587,1.6587,0,1.6587,0,1.1058,1.1058,1.1058,0,0,0,0.0001,0,0.0001,0.0001,0,0,0,0.0001,0,0.0001,0.0001,0,0.0001,0,0.0001,0.0001,0.0001,0,0,0.2006,0.2465,0.2006,0.2465,
0.3869,0,0,1.5475,1.1606,1.5475,0,1.1606,1.5475,1.1606,0.7738,0.3869,1.5475,1.5475,1.5475,0.3869,1.1606,0.7738,0.3869,1.9344,0,0,0,0.0001,0.0001,0.0001,0,0.0001,0.0001,0.0001,0.0001,0,0.0001,0.0001,0.0001,0,0.0001,0.0001,0,0.0001,0.2827,0.3304,0.2827,0.3304,
0.8347,0.8347,0.4173,1.252,2.0867,0.8347,0.8347,0.8347,0.4173,1.252,1.252,0.8347,0.4173,1.252,0.4173,0.8347,0.8347,0.8347,0.8347,1.252,0,0,0,0.0001,0.0001,0,0,0,0,0.0001,0.0001,0,0,0.0001,0,0,0,0,0,0.0001,0.2975,0.2852,0.2975,0.2852,
0.5395,0,0,1.0789,2.1578,0.5395,0,0,0,4.3157,0.5395,3.2368,1.6184,0.5395,0.5395,1.6184,1.6184,1.6184,0,1.0789,0,0,0,0.0001,0.0001,0,0,0,0,0.0003,0,0.0002,0.0001,0,0,0.0001,0.0001,0.0001,0,0.0001,0.2209,0.2397,0.2209,0.2397,
0.338,0,1.0139,1.6898,0.6759,0,0.338,0.6759,1.0139,1.3518,0.6759,1.3518,0.6759,0.6759,1.0139,0.338,0,0.338,2.3657,0,0,0,0.0001,0.0001,0,0,0,0,0.0001,0.0001,0,0.0001,0,0,0.0001,0,0,0,0.0001,0,0.3574,0.3046,0.3574,0.3046,
0,0,1.1408,1.1408,0.5704,1.1408,0.5704,0,1.1408,0,0.5704,0,1.1408,0,1.1408,0.5704,0,0,0.5704,0.5704,0,0,0.0001,0.0001,0.0001,0.0001,0.0001,0,0.0001,0,0.0001,0,0.0001,0,0.0001,0.0001,0,0,0.0001,0.0001,0.2129,0.2167,0.2129,0.2167,
1.1209,3.3628,0.5605,1.1209,1.1209,2.2419,0.5605,1.6814,0.5605,0.5605,0,0,2.8024,1.1209,0.5605,2.2419,0,1.1209,0,0,0,0.0001,0,0,0,0.0001,0,0.0001,0,0,0,0,0.0001,0,0,0.0001,0,0,0,0,0.2076,0.2319,0.2076,0.2319,
1.6102,0,0.4026,0.4026,0.4026,0.4026,0.8051,2.4154,1.2077,3.6231,0.8051,0.4026,0,0.4026,1.6102,1.2077,0,0.8051,0.4026,0,0.0001,0,0,0,0,0,0.0001,0.0002,0.0001,0.0002,0.0001,0,0,0,0.0001,0.0001,0,0.0001,0,0,0.2831,0.3143,0.2831,0.3143,
1.5477,0.7738,0.7738,1.5477,0.7738,1.1607,1.1607,0.3869,0.7738,0,0.7738,0.3869,0.3869,0.3869,0.7738,1.1607,0.7738,0,0.3869,0.7738,0.0001,0,0,0.0001,0,0.0001,0.0001,0,0,0,0,0,0,0,0,0.0001,0,0,0,0,0.2919,0.3212,0.2919,0.3212,
1.3786,0.4595,0.919,0,0,0,0.4595,1.8381,1.3786,0,0.919,3.2166,1.3786,0.4595,0,1.8381,2.2976,2.2976,0,1.3786,0.0001,0,0,0,0,0,0,0.0001,0.0001,0,0,0.0002,0.0001,0,0,0.0001,0.0001,0.0001,0,0.0001,0.2746,0.2658,0.2746,0.2658,
0.4403,1.321,1.321,0.4403,0.4403,0.8807,0.8807,0.8807,2.642,0.8807,0,2.642,0,0,1.321,0,1.321,0.4403,0,0,0,0.0001,0.0001,0,0,0.0001,0.0001,0.0001,0.0002,0.0001,0,0.0002,0,0,0.0001,0,0.0001,0,0,0,0.2939,0.2657,0.2939,0.2657,
0,1.1543,1.7314,0,0.5771,0,0.5771,0,1.1543,1.1543,2.8857,0,0,0.5771,0,0.5771,0,0.5771,0.5771,0.5771,0,0.0001,0.0001,0,0,0,0,0,0.0001,0.0001,0.0002,0,0,0,0,0,0,0,0,0,0.215,0.2078,0.215,0.2078,
1.57,0.3925,0.785,1.57,1.57,0.785,0.3925,0.785,0.3925,0.785,1.1775,1.1775,1.9625,0.785,0.785,0.785,1.9625,0,1.1775,0.785,0.0001,0,0,0.0001,0.0001,0,0,0,0,0,0.0001,0.0001,0.0001,0,0,0,0.0001,0,0.0001,0,0.3888,0.2187,0.3888,0.2187,
0.5247,0,0.5247,3.1481,0,1.0494,0.5247,1.0494,1.0494,1.0494,0,0,1.0494,1.0494,0,0,0,0.5247,0,0,0.0001,0,0.0001,0.0003,0,0.0001,0.0001,0.0001,0.0001,0.0001,0,0,0.0001,0.0001,0,0,0,0.0001,0,0,0.2211,0.2542,0.2211,0.2542,
0,0,2.1978,0.7326,0,0.7326,0,0,0,1.4652,0,0.7326,0,0.7326,1.4652,0,0,0,0,0.7326,0,0,0.0003,0.0001,0,0.0001,0,0,0,0.0002,0,0.0001,0,0.0001,0.0002,0,0,0,0,0.0001,0.1446,0.1228,0.1446,0.1228,
3.1781,0,0,1.5891,0.3973,1.9863,0.3973,0.3973,2.3836,0.3973,0.7945,3.1781,0,1.5891,1.1918,0.7945,0.7945,0,0,0.3973,0.0002,0,0,0.0001,0,0.0001,0,0,0.0002,0,0.0001,0.0002,0,0.0001,0.0001,0.0001,0.0001,0,0,0,0.2559,0.3468,0.2559,0.3468,
1.7009,0.8504,1.2757,0.8504,1.7009,0,0,2.5513,0.8504,0.8504,0,0,0.8504,0.8504,0.4252,0,0.4252,1.2757,1.7009,0.4252,0.0001,0,0.0001,0,0.0001,0,0,0.0001,0,0,0,0,0,0,0,0,0,0.0001,0.0001,0,0.3185,0.2563,0.3185,0.2563,
1.2705,0,0.847,1.694,1.2705,2.541,1.2705,0.847,0.847,0.847,0.4235,0.4235,0,0.4235,0.4235,0.847,0,2.541,0,0.4235,0.0001,0,0.0001,0.0001,0.0001,0.0002,0.0001,0.0001,0.0001,0.0001,0,0,0,0,0,0.0001,0,0.0002,0,0,0.2918,0.2847,0.2918,0.2847,
2.0336,0.8134,0.4067,1.6269,1.2202,0.8134,0,0.8134,1.6269,3.6605,0.4067,0.4067,0.4067,0,0.8134,0.4067,1.6269,2.4403,0,0.8134,0.0001,0,0,0.0001,0.0001,0,0,0,0.0001,0.0002,0,0,0,0,0,0,0.0001,0.0001,0,0,0.3221,0.2712,0.3221,0.2712,
0,0,0,0.6996,0.6996,1.3992,0,0,0.6996,0,0.6996,1.3992,0,0.6996,0,1.3992,0.6996,0.6996,0.6996,0.6996,0,0,0,0.0001,0.0001,0.0002,0,0,0.0001,0,0.0001,0.0002,0,0.0001,0,0.0002,0.0001,0.0001,0.0001,0.0001,0.1542,0.1462,0.1542,0.1462,
1.4762,2.2143,0.7381,0.7381,1.1072,1.4762,1.1072,0.7381,1.1072,1.8453,0,1.4762,0.7381,1.1072,0,0.3691,0,1.1072,0,1.1072,0.0001,0.0001,0,0,0,0.0001,0,0,0,0.0001,0,0.0001,0,0,0,0,0,0,0,0,0.2728,0.3582,0.2728,0.3582,
0.7391,0.7391,0,0,0,0,0,0.7391,0.7391,0.7391,0,0,0.7391,0,0.7391,0,0,0,2.2173,0,0.0001,0.0001,0,0,0,0,0,0.0001,0.0001,0.0001,0,0,0.0001,0,0.0001,0,0,0,0.0002,0,0.1581,0.1028,0.1581,0.1028,
0,1.3632,1.0224,1.0224,0,1.0224,0.3408,0.3408,1.3632,1.0224,0.3408,0.6816,0.6816,0,1.704,1.0224,0.3408,1.704,0,1.0224,0,0.0001,0,0,0,0,0,0,0.0001,0,0,0,0,0,0.0001,0,0,0.0001,0,0,0.3118,0.3474,0.3118,0.3474,
1.3389,1.7852,0.4463,1.3389,0.4463,0.4463,0,1.3389,0.8926,2.2315,0.8926,0.4463,0.8926,0.4463,0.4463,0.8926,0.8926,0,0.8926,0.4463,0.0001,0.0001,0,0.0001,0,0,0,0.0001,0,0.0001,0,0,0,0,0,0,0,0,0,0,0.2432,0.3105,0.2432,0.3105,
0.422,0.422,0.422,0.8439,0,1.6878,0.422,0,1.6878,1.2659,1.2659,2.5317,0,0.8439,0.8439,0.8439,2.1098,0.422,0.422,0,0,0,0,0.0001,0,0.0001,0,0,0.0001,0.0001,0.0001,0.0002,0,0.0001,0.0001,0.0001,0.0001,0,0,0,0.2711,0.307,0.2711,0.307,
1.5621,0.5207,0,1.0414,0.5207,2.6035,0,1.5621,1.0414,3.645,0.5207,0,1.0414,1.0414,0.5207,0,0.5207,2.0828,0,1.0414,0.0001,0,0,0.0001,0,0.0001,0,0.0001,0.0001,0.0002,0,0,0.0001,0.0001,0,0,0,0.0001,0,0.0001,0.229,0.2503,0.229,0.2503,
0.4294,0.8587,0.8587,0.8587,0.4294,1.2881,0,0.4294,1.2881,0.4294,0.4294,0.8587,1.7174,0.4294,0.4294,0,0.8587,1.2881,0.8587,2.1468,0,0,0,0,0,0.0001,0,0,0.0001,0,0,0,0.0001,0,0,0,0,0.0001,0,0.0001,0.3209,0.2498,0.3209,0.2498,
0,1.3223,0.6612,0,0.6612,0,0.3306,1.3223,2.6447,1.3223,0.3306,0.9918,0.3306,1.6529,1.3223,0.6612,0.6612,0.6612,0.3306,0.6612,0,0.0001,0,0,0,0,0,0.0001,0.0001,0.0001,0,0.0001,0,0.0001,0.0001,0,0,0,0,0,0.3124,0.357,0.3124,0.357,
0,0.3937,0.3937,0.3937,0.3937,1.5749,1.1812,0,1.1812,0,1.5749,0.7875,1.1812,0.7875,1.1812,0,1.1812,1.5749,0.3937,0.7875,0,0,0,0,0,0.0001,0.0001,0,0.0001,0,0.0001,0.0001,0.0001,0.0001,0.0001,0,0.0001,0.0001,0,0.0001,0.3341,0.2722,0.3341,0.2722,
1.3761,0,0,0.9174,0.9174,0.4587,0.4587,0.4587,0.4587,0,0.4587,1.8347,1.8347,0.9174,0.4587,0.4587,0.4587,0,1.8347,0.4587,0.0001,0,0,0.0001,0.0001,0,0,0,0,0,0,0.0001,0.0001,0.0001,0,0,0,0,0.0001,0,0.2685,0.2728,0.2685,0.2728,
0,0.7547,0.3773,2.264,1.132,1.132,0,0.3773,0.7547,0.7547,0,1.132,0.3773,0.3773,0.7547,0.7547,0.3773,0.3773,2.264,0,0,0,0,0.0001,0.0001,0.0001,0,0,0,0,0,0.0001,0,0,0,0,0,0,0.0001,0,0.3017,0.3209,0.3017,0.3209,
0.4706,0,0,0.4706,0,0.9411,0.4706,0.9411,1.8823,0.9411,1.4117,0.4706,0.4706,0.4706,0.4706,2.3529,0.9411,0.9411,0.9411,0.4706,0,0,0,0,0,0.0001,0,0.0001,0.0002,0.0001,0.0001,0,0,0,0,0.0002,0.0001,0.0001,0.0001,0,0.2569,0.2726,0.2569,0.2726,
0.4233,0.4233,0,0.8466,0.4233,0.4233,0.4233,0.4233,0.4233,1.6932,2.9631,1.6932,0.8466,0,0.8466,0.4233,0.4233,1.2699,0.8466,2.1165,0,0,0,0,0,0,0,0,0,0.0001,0.0002,0.0001,0,0,0,0,0,0.0001,0,0.0001,0.2774,0.2993,0.2774,0.2993,
0.3685,0.7371,0.7371,1.4741,2.5797,0.7371,0.7371,0.7371,0.7371,0,1.1056,1.1056,1.8427,1.1056,0.3685,1.1056,0.7371,0.7371,1.4741,0,0,0,0,0.0001,0.0001,0,0,0,0,0,0.0001,0.0001,0.0001,0.0001,0,0.0001,0,0,0.0001,0,0.3302,0.3013,0.3302,0.3013,
1.3772,0,0,0,0.3443,1.3772,0.3443,0.3443,2.0658,1.0329,0.6886,0.3443,0.6886,0.3443,4.1317,0.3443,1.7215,0.3443,0,0.3443,0.0001,0,0,0,0,0.0001,0,0,0.0002,0.0001,0.0001,0,0.0001,0,0.0004,0,0.0002,0,0,0,0.3372,0.3184,0.3372,0.3184,
0.945,0,1.4175,0.945,0,0.4725,0.945,0.945,0,0,1.8901,1.4175,0.4725,1.4175,0,0.945,0.945,0,0.945,0.945,0.0001,0,0.0001,0.0001,0,0,0.0001,0.0001,0,0,0.0001,0.0001,0,0.0001,0,0.0001,0.0001,0,0.0001,0.0001,0.2695,0.258,0.2695,0.258,
0.819,0.819,0.819,1.2285,0.819,0.819,0.819,0,1.638,0.819,1.638,2.0474,2.4569,1.638,0.4095,0,0,0.4095,0.4095,0.4095,0,0,0,0.0001,0,0,0,0,0.0001,0,0.0001,0.0001,0.0001,0.0001,0,0,0,0,0,0,0.2766,0.3139,0.2766,0.3139,
0.3582,1.0747,0.3582,0.3582,0,0.3582,0.7164,0.7164,2.1493,0.3582,0.3582,0.3582,0.3582,0.7164,2.1493,0.3582,0.3582,2.1493,0,0.3582,0,0.0001,0,0,0,0,0,0,0.0001,0,0,0,0,0,0.0001,0,0,0.0001,0,0,0.3436,0.2982,0.3436,0.2982,
0.4457,0.4457,1.3371,0.4457,0.4457,0.8914,0.8914,0,0,1.3371,0,0.4457,0.4457,0.8914,1.3371,0.4457,1.3371,0,0.8914,0.8914,0,0,0.0001,0,0,0.0001,0.0001,0,0,0.0001,0,0,0,0.0001,0.0001,0,0.0001,0,0.0001,0.0001,0.3199,0.2344,0.3199,0.2344,
1.7588,0.4397,0.4397,0.4397,0.4397,1.7588,0.4397,1.3191,0.8794,3.0779,0.8794,0.8794,0,0,1.3191,1.7588,1.3191,0.8794,0,0,0.0001,0,0,0,0,0.0001,0,0.0001,0.0001,0.0002,0.0001,0.0001,0,0,0.0001,0.0001,0.0001,0.0001,0,0,0.2574,0.3029,0.2574,0.3029,
2.1762,0.8705,2.1762,0.8705,0.4352,0,0,0,0.4352,0.4352,0.8705,0.8705,1.7409,0.4352,0,1.3057,0,1.3057,1.3057,0.8705,0.0001,0,0.0001,0,0,0,0,0,0,0,0,0,0.0001,0,0,0.0001,0,0.0001,0.0001,0,0.265,0.2998,0.265,0.2998,
1.8074,1.0844,0.7229,0,0.7229,0.7229,1.0844,1.0844,0.3615,0.3615,0.3615,0.3615,0,1.8074,1.8074,0,0.3615,0.7229,1.0844,0.3615,0.0001,0.0001,0,0,0,0,0.0001,0.0001,0,0,0,0,0,0.0001,0.0001,0,0,0,0.0001,0,0.3303,0.3083,0.3303,0.3083,
0.6418,0.6418,0,1.2836,1.2836,1.2836,0.6418,4.4927,0.6418,2.5672,0.6418,0,1.2836,0,0,1.2836,0.6418,3.209,0.6418,0.6418,0,0,0,0.0001,0.0001,0.0001,0,0.0003,0,0.0002,0,0,0.0001,0,0,0.0001,0,0.0002,0,0,0.1429,0.2153,0.1429,0.2153,
0,0.4372,0.8743,1.3115,0.8743,1.3115,1.3115,0.8743,1.3115,0.4372,0.4372,1.3115,1.7486,0,0.4372,1.3115,0.4372,1.7486,0.8743,0,0,0,0.0001,0.0001,0.0001,0.0001,0.0001,0.0001,0.0001,0,0,0.0001,0.0001,0,0,0.0001,0,0.0001,0.0001,0,0.3136,0.2493,0.3136,0.2493,
1.9018,1.4263,0.4754,0.4754,1.4263,0.4754,0,1.4263,0,2.8527,0,0.4754,1.4263,2.3772,0.4754,2.3772,1.9018,0.4754,1.4263,0.4754,0.0001,0.0001,0,0,0.0001,0,0,0.0001,0,0.0001,0,0,0.0001,0.0001,0,0.0001,0.0001,0,0.0001,0,0.2499,0.2746,0.2499,0.2746,
0.3723,0,0,0.3723,0.3723,1.1169,0.3723,0.7446,3.3508,0.7446,1.1169,0.7446,0.3723,1.1169,3.7231,0.3723,1.1169,0,0,0.3723,0,0,0,0,0,0.0001,0,0.0001,0.0003,0.0001,0.0001,0.0001,0,0.0001,0.0004,0,0.0001,0,0,0,0.3408,0.2869,0.3408,0.2869,
0.7884,0.7884,1.1827,0,0.7884,1.1827,2.3653,1.1827,0.7884,1.1827,1.5769,0.7884,0.3942,0.7884,0,0.7884,0.7884,1.1827,0.7884,1.1827,0,0,0.0001,0,0,0.0001,0.0001,0.0001,0,0.0001,0.0001,0,0,0,0,0,0,0.0001,0,0.0001,0.3285,0.2772,0.3285,0.2772,
2.8591,0,0.5718,0,2.2873,1.7155,0,0.5718,0,2.2873,1.1437,1.1437,0,0,0.5718,1.7155,1.1437,1.7155,1.1437,0,0.0002,0,0,0,0.0001,0.0001,0,0,0,0.0001,0.0001,0.0001,0,0,0,0.0001,0.0001,0.0001,0.0001,0,0.2524,0.1758,0.2524,0.1758,
1.4859,0,0.743,0.743,0.743,0,0.743,0,0,0,0,0,2.2289,0.743,0,0,0,0,0,0,0.0003,0,0.0001,0.0001,0.0001,0,0.0001,0,0,0,0,0,0.0004,0.0001,0,0,0,0,0,0,0.1117,0.1453,0.1117,0.1453,
0.6506,0.6506,0,0.6506,0.6506,0.6506,0,1.3013,0.6506,0,0.6506,0.6506,0.6506,0.6506,0.6506,1.9519,1.3013,0.6506,0,1.3013,0.0001,0.0001,0,0.0001,0.0001,0.0001,0,0.0001,0.0001,0,0.0001,0.0001,0.0001,0.0001,0.0001,0.0002,0.0001,0.0001,0,0.0001,0.2089,0.1405,0.2089,0.1405,
1.0046,0,0,0,0.6698,1.3395,0.3349,0.3349,1.0046,0.6698,0.6698,0.6698,0.3349,0.3349,5.0232,1.3395,1.3395,0.6698,0,0,0.0001,0,0,0,0.0001,0.0001,0,0,0.0001,0.0001,0.0001,0.0001,0,0,0.0004,0.0001,0.0001,0.0001,0,0,0.3784,0.2868,0.3784,0.2868,
0,0.4871,0.9742,0.9742,0.9742,0.4871,0.9742,0.4871,1.9484,0.4871,0.4871,0,1.9484,0,0.4871,0.4871,0.4871,0.9742,0,0.4871,0,0,0.0001,0.0001,0.0001,0,0.0001,0,0.0002,0,0,0,0.0002,0,0,0,0,0.0001,0,0,0.2467,0.2662,0.2467,0.2662,
1.3191,1.3191,0,0.6595,0.3298,0.9893,0.6595,0.6595,2.3083,1.3191,0.3298,0.9893,0.3298,0,1.3191,1.3191,1.3191,0.6595,0,0.6595,0.0001,0.0001,0,0,0,0,0,0,0.0001,0.0001,0,0,0,0,0.0001,0.0001,0.0001,0,0,0,0.3257,0.3445,0.3257,0.3445,
1.55,0,0,1.0333,1.55,2.0666,0,1.55,0,3.6166,0.5167,0.5167,0.5167,1.0333,1.0333,1.0333,0.5167,2.0666,0,0.5167,0.0001,0,0,0.0001,0.0001,0.0001,0,0.0001,0,0.0002,0,0,0,0.0001,0.0001,0.0001,0,0.0001,0,0,0.2297,0.2536,0.2297,0.2536,
0.3457,0.3457,0,0.6915,1.3829,0.6915,1.0372,2.4201,1.7287,0.6915,0.6915,2.4201,1.0372,0.6915,0.3457,1.3829,0.3457,0.3457,0.3457,0.3457,0,0,0,0,0.0001,0,0.0001,0.0001,0.0001,0,0,0.0001,0.0001,0,0,0.0001,0,0,0,0,0.3427,0.3116,0.3427,0.3116,
1.0133,0,1.0133,0.5067,1.0133,2.0267,0,1.52,0,4.0533,0.5067,0,1.0133,1.0133,1.0133,0.5067,1.0133,1.52,0,1.0133,0.0001,0,0.0001,0,0.0001,0.0001,0,0.0001,0,0.0002,0,0,0.0001,0.0001,0.0001,0,0.0001,0.0001,0,0.0001,0.2506,0.2427,0.2506,0.2427,
1.6067,0.8033,0.4017,0.8033,1.205,0.4017,0.4017,0.8033,2.0083,1.205,1.6067,0.8033,0.4017,0.4017,0.8033,0.4017,0.4017,2.0083,0.4017,1.6067,0.0001,0,0,0,0.0001,0,0,0,0.0001,0.0001,0.0001,0,0,0,0,0,0,0.0001,0,0.0001,0.2758,0.3225,0.2758,0.3225,
0.3492,0.3492,0.6984,1.746,1.3968,0.6984,0.6984,0.3492,1.0476,0,0.3492,0.3492,0.3492,0,1.0476,1.0476,0.6984,0.6984,0.6984,0.3492,0,0,0,0.0001,0.0001,0,0,0,0.0001,0,0,0,0,0,0.0001,0.0001,0,0,0,0,0.3314,0.3194,0.3314,0.3194,
1.0877,1.0877,1.0877,1.8129,1.0877,1.0877,0.7252,0,1.4503,0.7252,1.0877,0.7252,1.0877,0.7252,0,0.7252,1.0877,1.0877,1.0877,0,0.0001,0.0001,0.0001,0.0001,0.0001,0.0001,0,0,0.0001,0,0.0001,0,0.0001,0,0,0,0.0001,0.0001,0.0001,0,0.3029,0.3345,0.3029,0.3345,
0.4315,1.7259,0,0.4315,0.4315,1.2945,1.7259,0.4315,0.863,0.4315,0,0,0.4315,0.4315,0.863,0,1.2945,0,0.863,2.1574,0,0.0001,0,0,0,0.0001,0.0001,0,0.0001,0,0,0,0,0,0.0001,0,0.0001,0,0.0001,0.0001,0.2911,0.2774,0.2911,0.2774,
0,1.4222,0,3.1999,0.3555,0,0.3555,0,1.7777,0.3555,0.7111,0.3555,0.3555,1.7777,1.7777,0.7111,0.3555,0.7111,0.3555,0,0,0.0001,0,0.0002,0,0,0,0,0.0001,0,0,0,0,0.0001,0.0001,0,0,0,0,0,0.3038,0.3407,0.3038,0.3407,
0.902,0,0.451,0.451,2.2551,0.451,0,0.451,1.353,0.902,0.451,0,0.451,0,1.353,1.353,0.451,0.902,0,0.902,0.0001,0,0,0,0.0002,0,0,0,0.0001,0.0001,0,0,0,0,0.0001,0.0001,0,0.0001,0,0.0001,0.2954,0.2536,0.2954,0.2536,
1.4722,1.4722,0.368,1.1041,0.7361,0.7361,0.368,0.7361,2.2082,0.7361,0.368,0.368,0.7361,1.8402,0.368,1.8402,0.7361,0.7361,0.7361,0.7361,0.0001,0.0001,0,0.0001,0,0,0,0,0.0001,0,0,0,0,0.0001,0,0.0001,0,0,0,0,0.3631,0.2689,0.3631,0.2689,
0.9904,0,1.4856,0,0.9904,0.9904,0.4952,1.4856,0.9904,0.9904,1.4856,0,0,0,0.4952,0.4952,0.9904,0,0,0,0.0001,0,0.0001,0,0.0001,0.0001,0,0.0001,0.0001,0.0001,0.0001,0,0,0,0,0,0.0001,0,0,0,0.2428,0.262,0.2428,0.262,
0.4827,0.4827,0,0.9653,0,1.448,0.9653,0.9653,0.9653,0.4827,1.448,0,0.4827,0.4827,0.4827,0.9653,0,0.4827,0.9653,0.9653,0,0,0,0.0001,0,0.0001,0.0001,0.0001,0.0001,0,0.0001,0,0,0,0,0.0001,0,0,0.0001,0.0001,0.2339,0.2835,0.2339,0.2835,
0,0.8151,0.8151,0,0,0.4076,1.2227,1.2227,2.0378,0,1.2227,0.4076,0.8151,0.4076,0.8151,1.2227,0,1.2227,1.2227,1.2227,0,0,0,0,0,0,0.0001,0.0001,0.0001,0,0.0001,0,0,0,0,0.0001,0,0.0001,0.0001,0.0001,0.2651,0.3273,0.2651,0.3273,
0,0,0,0.5793,0,1.7379,1.1586,0.5793,0,6.9517,1.1586,0,0,0.5793,0.5793,1.1586,0,2.3172,0,0.5793,0,0,0,0,0,0.0001,0.0001,0,0,0.0006,0.0001,0,0,0,0,0.0001,0,0.0002,0,0,0.2074,0.2133,0.2074,0.2133,
0.6436,0.6436,1.9308,0,1.2872,0,0,0,0,0.6436,0,0.6436,1.9308,3.218,0.6436,0.6436,0.6436,0.6436,0,0.6436,0.0001,0.0001,0.0002,0,0.0001,0,0,0,0,0.0001,0,0.0001,0.0002,0.0003,0.0001,0.0001,0.0001,0.0001,0,0.0001,0.2243,0.1321,0.2243,0.1321,
0.4811,1.9243,0,0.9622,0.9622,0.9622,0.9622,0.4811,0.4811,0.9622,0.4811,0.9622,1.4432,1.4432,0.4811,1.4432,0.9622,0.9622,0.4811,0,0,0.0001,0,0,0,0,0,0,0,0,0,0,0.0001,0.0001,0,0.0001,0,0,0,0,0.2788,0.2402,0.2788,0.2402,
0,0.6454,0,1.2908,0,0.6454,1.2908,0.6454,0.6454,0.6454,1.2908,0,0.6454,0,0,0.6454,0.6454,0,1.2908,0,0,0.0001,0,0.0001,0,0.0001,0.0001,0.0001,0.0001,0.0001,0.0001,0,0.0001,0,0,0.0001,0.0001,0,0.0001,0,0.2008,0.1538,0.2008,0.1538,
0.9866,0.4933,0,0.4933,0,0.4933,0.9866,0,0.9866,0.9866,1.4799,0.4933,0.4933,0.9866,1.4799,1.4799,1.4799,0.4933,0.9866,0.4933,0.0001,0,0,0,0,0,0.0001,0,0.0001,0.0001,0.0001,0,0,0.0001,0.0001,0.0001,0.0001,0,0.0001,0,0.251,0.2557,0.251,0.2557,
3.0593,0,0,1.7481,0,2.1852,0.437,0.8741,0.437,3.0593,0.437,0.437,0,0.8741,2.1852,0.437,1.3111,2.1852,0,0.8741,0.0002,0,0,0.0001,0,0.0001,0,0.0001,0,0.0002,0,0,0,0.0001,0.0001,0,0.0001,0.0001,0,0.0001,0.2743,0.2886,0.2743,0.2886,
1.1297,0,0,1.6946,0.5649,2.2595,0,1.1297,0.5649,3.9541,0.5649,0,0,0.5649,0,1.6946,0,3.9541,0,0,0.0001,0,0,0.0001,0,0.0001,0,0.0001,0,0.0003,0,0,0,0,0,0.0001,0,0.0003,0,0,0.222,0.2132,0.222,0.2132,
0,0,0,0,0,0,0,1.5951,0,0,1.5951,2.3926,0,0,0.7975,0.7975,0.7975,0,0,0,0,0,0,0,0,0,0,0.0002,0,0,0.0002,0.0003,0,0,0.0001,0.0001,0.0001,0,0,0,0.1309,0.0716,0.1309,0.0716,
2.3203,0,0,0.7734,0.7734,0.7734,0,0,0,1.5468,0,0,0.7734,0,0.7734,0,0.7734,0,0,0,0.0004,0,0,0.0001,0.0001,0.0001,0,0,0,0.0003,0,0,0.0001,0,0.0001,0,0.0001,0,0,0,0.1316,0.095,0.1316,0.095,
0.8849,0,0,0.8849,0.8849,0.4424,0.4424,0.4424,0.4424,2.2122,0,0.8849,0,0,1.7698,1.3273,0.8849,1.3273,0.4424,0.8849,0.0001,0,0,0.0001,0.0001,0,0,0,0,0.0002,0,0.0001,0,0,0.0001,0.0001,0.0001,0.0001,0,0.0001,0.2802,0.2773,0.2802,0.2773,
1.0812,0.5406,0.5406,0.5406,1.6217,0,0.5406,0,0.5406,1.0812,0.5406,1.0812,0,0.5406,1.0812,0,0,0,0,0,0.0001,0,0,0,0.0001,0,0,0,0,0.0001,0,0.0001,0,0,0.0001,0,0,0,0,0,0.2408,0.2186,0.2408,0.2186,
1.2713,0.8475,0.4238,0.4238,0.4238,2.9663,0.8475,0,0.8475,0.8475,0.4238,2.5425,0,0.8475,0,2.5425,0.8475,1.2713,0.8475,1.2713,0.0001,0,0,0,0,0.0001,0,0,0,0,0,0.0001,0,0,0,0.0001,0,0.0001,0,0.0001,0.297,0.2793,0.297,0.2793,
0,0,0.6975,0,0.6975,0,1.395,0.6975,0,1.395,0,0,0.6975,0,0.6975,0.6975,0,1.395,0,1.395,0,0,0.0001,0,0.0001,0,0.0002,0.0001,0,0.0002,0,0,0.0001,0,0.0001,0.0001,0,0.0002,0,0.0002,0.1527,0.1498,0.1527,0.1498,
3.166,0,1.583,1.0553,0,1.0553,0,1.0553,0,2.6383,0,0,0.5277,0.5277,0,1.583,3.166,1.583,0,0.5277,0.0002,0,0.0001,0.0001,0,0.0001,0,0.0001,0,0.0002,0,0,0,0,0,0.0001,0.0002,0.0001,0,0,0.2435,0.2289,0.2435,0.2289,
1.8987,0,0,0.9494,2.3734,1.424,0,0.9494,1.424,2.3734,0,0.9494,0,0.4747,0,1.424,1.424,0.9494,0,0.4747,0.0001,0,0,0.0001,0.0001,0.0001,0,0.0001,0.0001,0.0001,0,0.0001,0,0,0,0.0001,0.0001,0.0001,0,0,0.2427,0.2826,0.2427,0.2826,
1.6054,0,1.0702,1.0702,1.0702,0,0.5351,0.5351,0.5351,0.5351,0.5351,0,0.5351,0,0.5351,0,1.0702,0,0.5351,0.5351,0.0002,0,0.0001,0.0001,0.0001,0,0.0001,0.0001,0.0001,0.0001,0.0001,0,0.0001,0,0.0001,0,0.0001,0,0.0001,0.0001,0.2281,0.2368,0.2281,0.2368,
1.3267,0.4422,0,0.8845,0.4422,1.3267,0,1.769,1.3267,0,0.8845,0.4422,0.8845,0.8845,1.769,0,0.8845,0,0,0,0.0001,0,0,0.0001,0,0.0001,0,0.0002,0.0001,0,0.0001,0,0.0001,0.0001,0.0002,0,0.0001,0,0,0,0.2646,0.2931,0.2646,0.2931,
0,0.6359,0.6359,0.6359,0.6359,0,0.6359,0,0,1.2718,0.6359,1.2718,0,0,1.9077,0,0,1.2718,1.2718,0,0,0,0,0,0,0,0,0,0,0.0001,0,0.0001,0,0,0.0001,0,0,0.0001,0.0001,0,0.1682,0.1959,0.1682,0.1959,
1.6144,0.8072,0.4036,0.4036,2.018,1.2108,1.6144,1.2108,0.8072,1.2108,0.4036,0.8072,1.6144,1.2108,1.2108,0.4036,0.4036,0.8072,0.8072,1.2108,0.0001,0,0,0,0.0001,0.0001,0.0001,0.0001,0,0.0001,0,0,0.0001,0.0001,0.0001,0,0,0,0,0.0001,0.293,0.3034,0.293,0.3034,
0.3674,1.1021,0,0.3674,0,0.7347,0.3674,0.7347,1.8368,0.3674,0.3674,0.7347,0.3674,0.7347,2.5715,0.3674,0,2.5715,0,0,0,0.0001,0,0,0,0,0,0,0.0001,0,0,0,0,0,0.0002,0,0,0.0002,0,0,0.3298,0.3028,0.3298,0.3028,
0.6983,0,1.7458,0,0.6983,0.3492,0.6983,1.3967,1.0475,0.6983,1.0475,1.3967,0,1.0475,1.0475,0.6983,1.0475,0.6983,1.3967,0,0,0,0.0001,0,0,0,0,0.0001,0.0001,0,0.0001,0.0001,0,0.0001,0.0001,0,0.0001,0,0.0001,0,0.3338,0.317,0.3338,0.317,
0.458,0.9159,0.458,0,0.9159,0,0.9159,1.3739,1.3739,0.9159,0.458,0.458,1.3739,1.8318,0.9159,1.3739,1.3739,0.458,1.8318,0,0,0,0,0,0,0,0,0.0001,0.0001,0,0,0,0.0001,0.0001,0,0.0001,0.0001,0,0.0001,0,0.285,0.257,0.285,0.257,
0.7622,1.1432,0.7622,0.7622,0.7622,1.1432,0.3811,0,1.1432,0.7622,1.1432,1.9054,1.5243,0.3811,0.7622,0,0.3811,0,1.5243,0.7622,0,0,0,0,0,0,0,0,0,0,0,0.0001,0.0001,0,0,0,0,0,0.0001,0,0.3271,0.2918,0.3271,0.2918,
2.8105,0,0.4684,0,0.4684,1.8737,0,1.4053,0.4684,3.7474,0.9368,0.4684,0.4684,0.9368,1.8737,0.9368,0,1.4053,0.4684,0,0.0002,0,0,0,0,0.0001,0,0.0001,0,0.0002,0.0001,0,0,0.0001,0.0001,0.0001,0,0.0001,0,0,0.3269,0.2047,0.3269,0.2047,
0.7083,0,1.4167,1.0625,0.7083,0.3542,1.0625,0,1.7709,1.0625,1.4167,1.7709,1.0625,0.3542,0.7083,0,0.7083,0.3542,1.0625,1.7709,0,0,0.0001,0.0001,0,0,0.0001,0,0.0001,0.0001,0.0001,0.0001,0.0001,0,0,0,0,0,0.0001,0.0001,0.3742,0.2716,0.3742,0.2716,
0,0.4597,0.4597,0.9193,1.379,1.379,0.4597,0.4597,0.9193,0.4597,0.9193,0,0.9193,0,0.4597,0,0.9193,1.379,1.8387,1.8387,0,0,0,0.0001,0.0001,0.0001,0,0,0.0001,0,0.0001,0,0.0001,0,0,0,0.0001,0.0001,0.0001,0.0001,0.2756,0.2647,0.2756,0.2647,
0.4087,0.4087,0,0.8175,2.0436,0.8175,0.4087,1.2262,0.8175,1.2262,0.4087,0.4087,1.6349,0.8175,1.2262,1.6349,0,0.4087,0.8175,0.4087,0,0,0,0,0.0001,0,0,0.0001,0,0.0001,0,0,0.0001,0,0.0001,0.0001,0,0,0,0,0.3176,0.2737,0.3176,0.2737,
1.327,0.8847,1.327,0.4423,1.7694,0,0,2.2117,0,0.8847,0.8847,1.327,1.327,1.327,0.8847,0.8847,0.8847,1.7694,0.8847,0.8847,0.0001,0,0.0001,0,0.0001,0,0,0.0001,0,0,0,0.0001,0.0001,0.0001,0,0,0,0.0001,0,0,0.2692,0.2885,0.2692,0.2885,
0.457,0.457,0.457,0.914,0,1.8279,0.914,0,0.457,0.914,0,1.3709,0.914,0.914,0.914,0,0.457,1.3709,0.914,0,0,0,0,0.0001,0,0.0001,0.0001,0,0,0.0001,0,0.0001,0.0001,0.0001,0.0001,0,0,0.0001,0.0001,0,0.2912,0.2518,0.2912,0.2518,
0,0,0,0,1.3805,6.4425,0,0,0,0.4602,0.4602,0.4602,3.2212,0,0,0.9204,0,0,1.8407,3.2212,0,0,0,0,0.0001,0.0003,0,0,0,0,0,0,0.0001,0,0,0,0,0,0.0001,0.0001,0.2742,0.2656,0.2742,0.2656,
1.1895,1.1895,0,0.3965,1.586,0.793,0.3965,1.1895,1.586,1.1895,0,0.793,1.586,1.1895,0.793,0.3965,0.793,0.3965,1.586,0.3965,0.0001,0.0001,0,0,0.0001,0,0,0.0001,0.0001,0.0001,0,0,0.0001,0.0001,0,0,0,0,0.0001,0,0.2948,0.3087,0.2948,0.3087,
0,1.3095,0.6547,0.9821,0.6547,0.6547,0.6547,0.6547,3.2737,0.6547,0.3274,0.6547,0.3274,0.6547,1.3095,0.9821,1.9642,0.3274,0,0.3274,0,0.0001,0,0.0001,0,0,0,0,0.0002,0,0,0,0,0,0.0001,0.0001,0.0001,0,0,0,0.3285,0.3442,0.3285,0.3442,
0.348,0,0.348,0,0,1.0441,0.348,1.0441,2.0881,0.696,0.348,1.0441,0,1.0441,3.1322,0.696,0.348,1.0441,0,0.696,0,0,0,0,0,0.0001,0,0.0001,0.0002,0.0001,0,0.0001,0,0.0001,0.0003,0.0001,0,0.0001,0,0.0001,0.3542,0.2978,0.3542,0.2978,
0.3496,0,0,0,0.6992,1.0488,0.3496,0,2.7969,1.0488,0.6992,1.0488,0.3496,0.3496,3.4961,2.0977,0.3496,0.6992,0,0,0,0,0,0,0.0001,0.0001,0,0,0.0002,0.0001,0.0001,0.0001,0,0,0.0003,0.0002,0,0.0001,0,0,0.349,0.3014,0.349,0.3014,
1.0485,0.699,1.3979,1.0485,0.3495,0.3495,1.3979,0.3495,0,1.0485,1.3979,0.3495,0.699,0.3495,0.699,0.3495,0,1.0485,1.0485,2.4464,0.0001,0,0.0001,0.0001,0,0,0.0001,0,0,0.0001,0.0001,0,0,0,0,0,0,0.0001,0.0001,0.0001,0.3029,0.3476,0.3029,0.3476,
1.3294,0,0.4431,0.4431,1.3294,1.3294,0.4431,0.4431,0.8863,0,0.8863,0.4431,1.7726,0.4431,1.3294,1.3294,1.7726,0.4431,0.8863,0,0.0001,0,0,0,0.0001,0.0001,0,0,0.0001,0,0.0001,0,0.0001,0,0.0001,0.0001,0.0001,0,0.0001,0,0.2781,0.2788,0.2781,0.2788,
1.7747,0,0.5916,0,1.1831,1.1831,0,2.3663,0,2.3663,1.1831,0.5916,0,0,0.5916,1.7747,0.5916,1.7747,1.1831,0,0.0001,0,0,0,0.0001,0.0001,0,0.0001,0,0.0001,0.0001,0,0,0,0,0.0001,0,0.0001,0.0001,0,0.2488,0.1597,0.2488,0.1597,
1.513,0.5043,2.0173,0.5043,0.5043,0.5043,1.0087,0.5043,1.0087,1.0087,0.5043,0.5043,0.5043,0,0.5043,1.0087,1.513,0,1.0087,0,0.0001,0,0.0001,0,0,0,0.0001,0,0.0001,0.0001,0,0,0,0,0,0.0001,0.0001,0,0.0001,0,0.2339,0.2618,0.2339,0.2618,
3.1966,0,0.9133,0.4567,0.9133,0.9133,0,2.2833,0.4567,2.2833,0.4567,0.9133,0.4567,0.9133,1.37,0.4567,0,1.8267,0.9133,0,0.0002,0,0.0001,0,0.0001,0.0001,0,0.0001,0,0.0001,0,0.0001,0,0.0001,0.0001,0,0,0.0001,0.0001,0,0.2779,0.2654,0.2779,0.2654,
0.4839,1.4517,0.9678,0.4839,0.4839,1.4517,0.9678,0.9678,0,2.4196,0.4839,1.9357,0,1.4517,0.4839,0.4839,0,0.9678,0.9678,0,0,0.0001,0,0,0,0.0001,0,0,0,0.0001,0,0.0001,0,0.0001,0,0,0,0,0,0,0.2493,0.2668,0.2493,0.2668,
2.0695,1.2417,1.2417,0.8278,2.4833,0,0.4139,0.8278,0.4139,1.6556,1.2417,1.6556,0,0,0.8278,2.0695,1.6556,0.4139,0.8278,0.8278,0.0001,0.0001,0.0001,0,0.0001,0,0,0,0,0.0001,0.0001,0.0001,0,0,0,0.0001,0.0001,0,0,0,0.3094,0.2767,0.3094,0.2767,
0.8687,1.3031,2.1718,0.4344,2.1718,0.8687,0.4344,0.4344,0,1.3031,0.8687,0,0.4344,0,0.4344,1.3031,0.8687,1.3031,0.8687,0.8687,0,0.0001,0.0001,0,0.0001,0,0,0,0,0.0001,0,0,0,0,0,0.0001,0,0.0001,0,0,0.3067,0.2589,0.3067,0.2589,
0.8499,0.8499,0.4249,2.1247,0,0,0.8499,0.4249,0.8499,1.2748,0.8499,0.4249,0.8499,1.2748,0.4249,1.2748,1.6998,0.4249,0.4249,0.4249,0,0,0,0.0001,0,0,0,0,0,0.0001,0,0,0,0.0001,0,0.0001,0.0001,0,0,0,0.2834,0.2917,0.2834,0.2917,
0.3191,0.6381,0.3191,0.9572,1.5954,0.3191,1.5954,0,1.2763,0.3191,0.9572,0.3191,0,0.6381,1.5954,0.3191,0.9572,0.9572,0.3191,1.2763,0,0,0,0.0001,0.0001,0,0.0001,0,0.0001,0,0.0001,0,0,0,0.0001,0,0.0001,0.0001,0,0.0001,0.3559,0.325,0.3559,0.325,
0.4255,0.851,0,1.2765,1.702,0.851,0.4255,0.851,1.2765,0.851,0.851,1.2765,0,0,0.4255,0.4255,0.4255,1.2765,1.2765,1.2765,0,0,0,0.0001,0.0001,0,0,0,0.0001,0,0,0.0001,0,0,0,0,0,0.0001,0.0001,0.0001,0.2747,0.2998,0.2747,0.2998,
0.4137,0,1.655,0,0.8275,0.8275,0.4137,0.4137,1.2412,1.2412,0,1.2412,0,0.4137,1.2412,1.655,1.655,0.4137,0.4137,0.8275,0,0,0.0001,0,0.0001,0.0001,0,0,0.0001,0.0001,0,0.0001,0,0,0.0001,0.0001,0.0001,0,0,0.0001,0.2726,0.3137,0.2726,0.3137,
1.525,1.525,0.3812,0,0.7625,2.2875,1.9062,0.7625,0.3812,0.7625,0.3812,0.3812,0.7625,0.7625,0.7625,1.525,0.3812,0.7625,0.3812,1.9062,0.0001,0.0001,0,0,0,0.0001,0.0001,0,0,0,0,0,0,0,0,0.0001,0,0,0,0.0001,0.2628,0.356,0.2628,0.356,
0.3351,0.3351,0.6702,0.6702,0,0.6702,1.0052,0.3351,1.0052,1.6754,1.0052,0.3351,0,1.6754,1.0052,0.3351,1.3403,0.3351,0.6702,2.0105,0,0,0,0,0,0,0.0001,0,0.0001,0.0001,0.0001,0,0,0.0001,0.0001,0,0.0001,0,0,0.0001,0.3525,0.3124,0.3525,0.3124,
2.8909,0.826,0,0.826,0,0.413,2.0649,0.413,0,1.2389,2.8909,1.6519,0.413,1.2389,0.826,1.6519,0.413,0,0,0.413,0.0001,0,0,0,0,0,0.0001,0,0,0.0001,0.0001,0.0001,0,0.0001,0,0.0001,0,0,0,0,0.3125,0.2745,0.3125,0.2745,
1.7012,0,0,0,0.6805,1.7012,0.3402,0.3402,1.0207,0.6805,0.6805,1.0207,0.3402,0.3402,4.7635,1.0207,0.3402,0.6805,0,0,0.0001,0,0,0,0.0001,0.0001,0,0,0.0001,0.0001,0.0001,0.0001,0,0,0.0004,0.0001,0,0.0001,0,0,0.3628,0.297,0.3628,0.297,
1.6047,0.4012,1.6047,0.8024,0,0.8024,1.2035,1.2035,0.4012,0,0.4012,0.8024,2.0059,2.0059,0.8024,0.8024,0.8024,0.4012,1.2035,0.4012,0.0001,0,0.0001,0,0,0,0.0001,0.0001,0,0,0,0,0.0001,0.0001,0,0,0,0,0.0001,0,0.2826,0.3162,0.2826,0.3162,
1.6696,0.4174,1.2522,0.8348,0.4174,0.4174,0.4174,0,0.4174,0,0.8348,0.4174,0.4174,1.6696,0.8348,0.4174,1.2522,1.2522,0.8348,1.6696,0.0001,0,0.0001,0.0001,0,0,0,0,0,0,0.0001,0,0,0.0001,0.0001,0,0.0001,0.0001,0.0001,0.0001,0.2847,0.2979,0.2847,0.2979,
0,0,0.4971,0.9941,0.4971,0.4971,0.4971,0,0.9941,0.9941,0,1.4912,0.4971,0,0.9941,0.9941,0.4971,1.9883,0,0.4971,0,0,0,0.0001,0,0,0,0,0.0001,0.0001,0,0.0001,0,0,0.0001,0.0001,0,0.0002,0,0,0.2499,0.253,0.2499,0.253,
1.4906,0,0,0.7453,0,0,0,1.4906,0,1.4906,0,0.7453,0,0.7453,1.4906,0,0,0,0,0,0.0002,0,0,0.0001,0,0,0,0.0002,0,0.0002,0,0.0001,0,0.0001,0.0002,0,0,0,0,0,0.1166,0.1381,0.1166,0.1381,
1.4683,0,0.7341,0.7341,0,0,0,0,0,0,0.7341,0,0,0,0.7341,0,0,1.4683,0.7341,0.7341,0.0002,0,0.0001,0.0001,0,0,0,0,0,0,0.0001,0,0,0,0.0001,0,0,0.0002,0.0001,0.0001,0.1831,0.0828,0.1831,0.0828,
0,0.9213,0.9213,0.9213,0.4607,0.9213,1.8426,1.382,0.9213,0.4607,0.4607,0.4607,0,0.9213,0,0.9213,0.4607,0,0.9213,0.9213,0,0.0001,0.0001,0.0001,0,0.0001,0.0001,0.0001,0.0001,0,0,0,0,0.0001,0,0.0001,0,0,0.0001,0.0001,0.2581,0.2812,0.2581,0.2812,
1.2924,0,0,0.6462,0.6462,1.2924,1.2924,1.2924,0,0.6462,0,0,0.6462,1.2924,0,0,1.2924,1.9386,0.6462,0,0.0002,0,0,0.0001,0.0001,0.0002,0.0002,0.0002,0,0.0001,0,0,0.0001,0.0002,0,0,0.0002,0.0003,0.0001,0,0.1688,0.185,0.1688,0.185,
0,0,0.6902,0,1.3805,2.0707,0,0,0.6902,1.3805,0,1.3805,0.6902,0,0,0,0.6902,0.6902,0,0,0,0,0.0001,0,0.0001,0.0002,0,0,0.0001,0.0001,0,0.0001,0.0001,0,0,0,0.0001,0.0001,0,0,0.1458,0.1639,0.1458,0.1639,
3.5606,0,0,0,1.1869,5.3408,0,1.1869,0,2.9671,0.5934,0,0.5934,0,0.5934,1.1869,1.1869,2.9671,0.5934,1.1869,0.0002,0,0,0,0.0001,0.0003,0,0.0001,0,0.0002,0,0,0,0,0,0.0001,0.0001,0.0002,0,0.0001,0.18,0.2265,0.18,0.2265,
0.3932,1.1797,0.7865,0.7865,0,0.7865,0.3932,0,1.5729,0,0.3932,1.5729,0.3932,1.5729,1.5729,0,0.3932,1.9662,0.3932,0.3932,0,0.0001,0.0001,0.0001,0,0.0001,0,0,0.0001,0,0,0.0001,0,0.0001,0.0001,0,0,0.0001,0,0,0.2977,0.309,0.2977,0.309,
0,0.5116,2.0466,1.0233,0.5116,0.5116,0,1.0233,0,1.5349,1.0233,0,1.5349,1.0233,0,1.0233,0.5116,0,0.5116,2.0466,0,0,0.0001,0.0001,0,0,0,0.0001,0,0.0001,0.0001,0,0.0001,0.0001,0,0.0001,0,0,0,0.0001,0.2322,0.2561,0.2322,0.2561,
0.6472,0.6472,0.6472,0,0,0,0.6472,1.9416,0.6472,0,0.6472,0,0.6472,1.2944,0.6472,0.6472,0,2.5888,0,0,0.0001,0.0001,0.0001,0,0,0,0.0001,0.0002,0.0001,0,0.0001,0,0.0001,0.0001,0.0001,0.0001,0,0.0002,0,0,0.2056,0.1472,0.2056,0.1472,
1.0496,1.7493,0.3499,0.6997,0.6997,1.0496,0.3499,0.3499,2.0991,1.7493,0.6997,0.6997,0.3499,1.0496,0.6997,0.3499,1.3994,1.0496,0.3499,0,0.0001,0.0001,0,0,0,0.0001,0,0,0.0001,0.0001,0,0,0,0.0001,0,0,0.0001,0.0001,0,0,0.3379,0.3122,0.3379,0.3122,
2.0473,0,0.6824,0,0.6824,2.0473,0.6824,1.3649,0.6824,4.777,0.6824,0,0,0,0,0,0.6824,0.6824,0,0.6824,0.0002,0,0.0001,0,0.0001,0.0002,0.0001,0.0001,0.0001,0.0005,0.0001,0,0,0,0,0,0.0001,0.0001,0,0.0001,0.1237,0.1939,0.1237,0.1939,
0.4301,0.8602,1.2902,0.8602,0.8602,0,0.8602,0.8602,0.4301,0.8602,0.8602,0.4301,0.4301,1.2902,1.2902,0,0.4301,0.8602,2.1504,1.2902,0,0.0001,0.0001,0.0001,0.0001,0,0.0001,0.0001,0,0.0001,0.0001,0,0,0.0001,0.0001,0,0,0.0001,0.0001,0.0001,0.2915,0.2784,0.2915,0.2784,
0.9553,0,0.9553,0.3184,0,0.9553,1.2737,0.6369,1.5922,0.6369,0.6369,0.9553,1.9106,0,1.2737,0.6369,0.3184,1.2737,0.9553,0.3184,0.0001,0,0.0001,0,0,0.0001,0.0001,0,0.0001,0,0,0.0001,0.0001,0,0.0001,0,0,0.0001,0.0001,0,0.3578,0.3237,0.3578,0.3237,
1.6837,0,1.1225,0.5612,0,1.6837,0,1.6837,1.6837,1.6837,0,1.6837,0,1.6837,0,0.5612,0,1.1225,0,0,0.0001,0,0.0001,0,0,0.0001,0,0.0001,0.0001,0.0001,0,0.0001,0,0.0001,0,0,0,0.0001,0,0,0.2155,0.2233,0.2155,0.2233,
0.9433,1.4149,0.4716,0.4716,0.9433,0,1.4149,0,1.4149,0.4716,0.9433,0,0.9433,0.4716,0.4716,0,0.9433,0.4716,2.3582,1.4149,0,0.0001,0,0,0,0,0.0001,0,0.0001,0,0,0,0,0,0,0,0,0,0.0001,0.0001,0.2596,0.2687,0.2596,0.2687,
0,1.253,0,0.4177,0,0.8354,0.4177,1.253,3.7591,0,0.8354,0.4177,1.253,0.8354,1.253,0.8354,0,2.0884,0,0,0,0.0001,0,0,0,0.0001,0,0.0001,0.0002,0,0.0001,0,0.0001,0.0001,0.0001,0.0001,0,0.0001,0,0,0.3213,0.261,0.3213,0.261,
2.364,0,0.9456,0.4728,2.8368,0.9456,0,1.8912,0.4728,3.7824,0.4728,0.4728,1.4184,0.4728,0.4728,0.9456,0.9456,0.4728,0,0.4728,0.0001,0,0,0,0.0001,0,0,0.0001,0,0.0002,0,0,0.0001,0,0,0,0,0,0,0,0.2682,0.259,0.2682,0.259,
0.4229,1.2686,0.4229,1.2686,0.8457,1.2686,0,0.8457,1.2686,1.6915,0.4229,1.2686,1.2686,0.4229,0.8457,0.8457,0.4229,0.4229,0,0.4229,0,0.0001,0,0.0001,0,0.0001,0,0,0.0001,0.0001,0,0.0001,0.0001,0,0,0,0,0,0,0,0.3162,0.261,0.3162,0.261,
0.5922,3.5533,0.5922,0,0.5922,1.7766,0.5922,2.9611,0.5922,2.3689,1.7766,0.5922,0,0.5922,0,0.5922,1.7766,1.1844,1.1844,0.5922,0,0.0001,0,0,0,0.0001,0,0.0001,0,0.0001,0.0001,0,0,0,0,0,0.0001,0,0,0,0.2328,0.1749,0.2328,0.1749,
1.0797,0.7198,1.7996,0.3599,0.3599,0.3599,0.3599,1.4396,1.4396,0,0.3599,0,0.7198,1.4396,1.0797,1.0797,1.0797,0.3599,0.7198,1.0797,0.0001,0,0.0001,0,0,0,0,0.0001,0.0001,0,0,0,0,0.0001,0.0001,0.0001,0.0001,0,0,0.0001,0.3691,0.271,0.3691,0.271,
0,0.3944,1.1833,1.9721,0,0.7889,1.1833,0.3944,1.1833,1.1833,0.7889,0.3944,0.7889,0.3944,0,0.3944,0.7889,0,1.1833,0.3944,0,0,0.0001,0.0002,0,0.0001,0.0001,0,0.0001,0.0001,0.0001,0,0.0001,0,0,0,0.0001,0,0.0001,0,0.3373,0.2682,0.3373,0.2682,
0.618,3.7083,0,0.618,0.618,2.4722,0,1.8541,1.2361,0.618,0,1.2361,1.2361,0,0,1.2361,1.2361,1.8541,0,0.618,0,0.0001,0,0,0,0.0001,0,0.0001,0,0,0,0,0,0,0,0,0,0.0001,0,0,0.2002,0.1817,0.2002,0.1817,
2.1408,0.5352,0.5352,0,0,1.0704,0,0.5352,1.0704,1.0704,0,0.5352,2.1408,0.5352,1.0704,1.6056,1.6056,0.5352,0.5352,0,0.0002,0,0,0,0,0.0001,0,0,0.0001,0.0001,0,0,0.0002,0,0.0001,0.0001,0.0001,0,0,0,0.2536,0.2112,0.2536,0.2112,
0.7371,1.1056,0.3685,0,0,0.7371,0.3685,1.4741,2.5797,0,0.3685,0.7371,0,0.7371,1.8426,0.3685,0.3685,1.8426,0,0,0,0.0001,0,0,0,0,0,0.0001,0.0002,0,0,0,0,0,0.0001,0,0,0.0001,0,0,0.3259,0.3056,0.3259,0.3056,
0.4208,0.4208,2.9455,0.8416,0,0.8416,0.4208,0.8416,1.2624,0.8416,0.4208,1.2624,0.8416,0.8416,0.4208,0,0.4208,1.2624,0.8416,0.4208,0,0,0.0002,0.0001,0,0.0001,0,0.0001,0.0001,0.0001,0,0.0001,0.0001,0.0001,0,0,0,0.0001,0.0001,0,0.3351,0.2441,0.3351,0.2441,
0.4384,1.3152,0.8768,1.3152,0.4384,1.3152,0.4384,0.4384,0.8768,1.7536,0.4384,0.4384,2.192,0.4384,0.4384,0,0,0.4384,0.8768,0.4384,0,0.0001,0,0.0001,0,0.0001,0,0,0,0.0001,0,0,0.0001,0,0,0,0,0,0,0,0.2859,0.2757,0.2859,0.2757,
0.7106,0.7106,0.7106,0,1.4212,0,0,0.7106,0.7106,0.7106,0.7106,0,0,0.7106,0,0,0,0,0.7106,0.7106,0.0001,0.0001,0.0001,0,0.0002,0,0,0.0001,0.0001,0.0001,0.0001,0,0,0.0001,0,0,0,0,0.0001,0.0001,0.1513,0.1382,0.1513,0.1382,
3.1598,0.4514,0.4514,1.8056,1.3542,0.4514,0,0.4514,0.4514,3.1598,0.9028,0,0.9028,0.9028,1.3542,1.3542,0.4514,1.3542,0.4514,0,0.0002,0,0,0.0001,0.0001,0,0,0,0,0.0002,0.0001,0,0.0001,0.0001,0.0001,0.0001,0,0.0001,0,0,0.2842,0.2644,0.2842,0.2644,
1.0038,3.0113,1.0038,1.5056,0.5019,1.0038,0,1.5056,0.5019,1.0038,0.5019,0,0.5019,0.5019,1.0038,1.0038,0,0,0,0,0,0.0001,0,0.0001,0,0,0,0.0001,0,0,0,0,0,0,0,0,0,0,0,0,0.2741,0.2241,0.2741,0.2241,
0.724,0,0.724,0.724,0,0,0,0,0,0.724,0,0.724,2.1721,0,0.724,0,0.724,0,0,0.724,0.0001,0,0.0001,0.0001,0,0,0,0,0,0.0001,0,0.0001,0.0004,0,0.0001,0,0.0001,0,0,0.0001,0.1201,0.1559,0.1201,0.1559,
0,1.457,0,0.9713,0,0,0.9713,1.9426,0.9713,0.4857,0.4857,1.457,1.9426,0.9713,0.9713,0.4857,0,1.457,0.4857,0.9713,0,0.0001,0,0.0001,0,0,0.0001,0.0001,0.0001,0,0,0.0001,0.0001,0.0001,0.0001,0,0,0.0001,0,0.0001,0.2839,0.2305,0.2839,0.2305,
0.4112,0,1.2335,1.6446,0,2.0558,0.4112,0,3.2893,1.2335,0.4112,1.2335,0.8223,0.4112,1.2335,0.4112,2.0558,0.4112,0,0,0,0,0.0001,0.0001,0,0.0002,0,0,0.0003,0.0001,0,0.0001,0.0001,0,0.0001,0,0.0002,0,0,0,0.3437,0.2451,0.3437,0.2451,
0.8172,1.2259,1.2259,0.4086,0.4086,0.4086,1.2259,1.2259,1.2259,2.0431,0.4086,1.6345,1.2259,1.6345,0.8172,0,0.4086,1.2259,0,0,0,0.0001,0.0001,0,0,0,0.0001,0.0001,0.0001,0.0001,0,0.0001,0.0001,0.0001,0,0,0,0.0001,0,0,0.2843,0.3071,0.2843,0.3071,
1.6531,0.4133,1.2398,1.6531,0,1.2398,0.4133,0.4133,0,2.4796,0,0.4133,0,1.6531,0.8265,0,0.4133,0.8265,0.4133,0.4133,0.0001,0,0.0001,0.0001,0,0.0001,0,0,0,0.0001,0,0,0,0.0001,0,0,0,0,0,0,0.2755,0.3113,0.2755,0.3113,
0,1.0523,2.1046,0,0.5262,0,0.5262,1.5785,0.5262,0,1.0523,0,0.5262,1.0523,0.5262,0,0,0.5262,0,1.0523,0,0.0001,0.0001,0,0,0,0,0.0001,0,0,0.0001,0,0,0.0001,0,0,0,0,0,0.0001,0.184,0.2899,0.184,0.2899,
1.4881,0.9921,0.496,0,0.496,0,0.496,0.9921,0.496,0.9921,0.496,0.496,0.9921,1.4881,0.9921,1.9842,0.9921,0,1.4881,0,0.0001,0.0001,0,0,0,0,0,0.0001,0,0.0001,0,0,0.0001,0.0001,0.0001,0.0001,0.0001,0,0.0001,0,0.2464,0.2575,0.2464,0.2575,
0.9861,0.493,0,0.493,1.4791,3.9443,0,0.9861,0.493,0,0.9861,1.9721,0.9861,0.9861,0,0.493,0.9861,0.493,1.9721,0.493,0,0,0,0,0.0001,0.0002,0,0,0,0,0,0.0001,0,0,0,0,0,0,0.0001,0,0.2916,0.2154,0.2916,0.2154,
2.0892,0,2.0892,0.5223,0.5223,0,0,0.5223,0.5223,0,0.5223,2.0892,0,0.5223,1.0446,0,0.5223,1.5669,0,0,0.0002,0,0.0002,0,0,0,0,0,0,0,0,0.0002,0,0,0.0001,0,0,0.0001,0,0,0.2328,0.2449,0.2328,0.2449,
0,0.8862,0.8862,0.4431,0.8862,0.8862,0.8862,0.8862,1.3293,0.4431,0.8862,0.4431,1.3293,1.3293,0.8862,1.3293,1.3293,0.4431,0.8862,0.4431,0,0.0001,0.0001,0,0.0001,0.0001,0.0001,0.0001,0.0001,0,0.0001,0,0.0001,0.0001,0.0001,0.0001,0.0001,0,0.0001,0,0.3352,0.2217,0.3352,0.2217,
1.5022,0.3755,0.3755,1.1266,0.3755,1.8777,0.3755,1.1266,1.5022,0.3755,0,1.1266,0.3755,2.6288,0,0,0.3755,0,2.2532,0.7511,0.0001,0,0,0.0001,0,0.0001,0,0.0001,0.0001,0,0,0.0001,0,0.0001,0,0,0,0,0.0001,0,0.3501,0.2744,0.3501,0.2744,
0,0.3603,0.7205,1.441,0.7205,1.441,0.3603,0.7205,0.7205,0,1.0808,0.7205,0.7205,0.3603,1.0808,0.7205,0,1.0808,0.7205,0.7205,0,0,0,0.0001,0,0.0001,0,0,0,0,0.0001,0,0,0,0.0001,0,0,0.0001,0,0,0.3352,0.3046,0.3352,0.3046,
0.5756,0,0.5756,0,1.7267,1.7267,0,0,0,3.4534,1.7267,0.5756,0,0,0.5756,2.8778,0,1.7267,1.1511,0,0,0,0,0,0.0001,0.0001,0,0,0,0.0002,0.0001,0,0,0,0,0.0002,0,0.0001,0.0001,0,0.2615,0.1629,0.2615,0.1629,
1.1705,0.7803,0.7803,0.7803,0.7803,1.1705,0.3902,0.3902,0.7803,0.3902,1.1705,0.3902,1.1705,1.5606,1.1705,0.7803,0.7803,0,1.1705,1.5606,0.0001,0,0,0,0,0.0001,0,0,0,0,0.0001,0,0.0001,0.0001,0.0001,0,0,0,0.0001,0.0001,0.3326,0.2772,0.3326,0.2772,
0,1.2476,1.2476,0,0.8317,1.2476,0.8317,0.8317,0.8317,2.4952,0.4159,0.4159,0.4159,1.6635,0.4159,0.4159,1.6635,0.8317,0.8317,0.8317,0,0.0001,0.0001,0,0,0.0001,0,0,0,0.0001,0,0,0,0.0001,0,0,0.0001,0,0,0,0.3056,0.2786,0.3056,0.2786,
1.523,0,0,0,0,0.7615,0,0.7615,2.2845,1.523,0.7615,0.7615,0.7615,0.3808,1.523,0.3808,0.3808,1.523,0.7615,0.3808,0.0001,0,0,0,0,0.0001,0,0.0001,0.0002,0.0001,0.0001,0.0001,0.0001,0,0.0001,0,0,0.0001,0.0001,0,0.3543,0.265,0.3543,0.265,
0,1.263,0.6315,0.6315,0.3157,0.6315,0.3157,0.6315,0.6315,0.6315,0.9472,0.3157,0.6315,0.9472,2.526,0.6315,0.6315,0.6315,0.6315,0.9472,0,0.0001,0,0,0,0,0,0,0,0,0.0001,0,0,0.0001,0.0001,0,0,0,0,0.0001,0.3758,0.3084,0.3758,0.3084,
4.2485,0,0,0.7081,2.1243,0,0,3.5404,0,4.2485,0.7081,2.1243,0.7081,1.4162,0,0,2.1243,1.4162,0,0.7081,0.0003,0,0,0.0001,0.0002,0,0,0.0003,0,0.0003,0.0001,0.0002,0.0001,0.0001,0,0,0.0002,0.0001,0,0.0001,0.1454,0.1465,0.1454,0.1465,
0.9431,0,1.4146,0.4715,2.8292,0.9431,0,1.4146,0.9431,2.3576,0.4715,0.4715,1.4146,0.4715,0.9431,1.4146,1.4146,1.4146,0,0.4715,0.0001,0,0.0001,0,0.0002,0.0001,0,0.0001,0.0001,0.0002,0,0,0.0001,0,0.0001,0.0001,0.0001,0.0001,0,0,0.2614,0.2671,0.2614,0.2671,
1.6849,6.7398,0,0,0,0.8425,0.8425,0,0,0,0,1.6849,0.8425,0,0,5.0548,2.5274,0,0,0,0.0001,0.0003,0,0,0,0,0,0,0,0,0,0.0001,0,0,0,0.0002,0.0001,0,0,0,0.0833,0.0742,0.0833,0.0742,
0.7049,0.7049,0,0,0.7049,0,1.4099,0.7049,1.4099,0,0.7049,0,0.7049,0,0,0,0,0,1.4099,0,0.0001,0.0001,0,0,0.0001,0,0.0001,0.0001,0.0001,0,0.0001,0,0.0001,0,0,0,0,0,0.0001,0,0.1471,0.148,0.1471,0.148,
0.8219,0.8219,0.4109,0.4109,1.2328,0.8219,0.8219,0,1.6437,2.4656,1.6437,2.0547,1.2328,0.4109,0.4109,0.8219,0.4109,0.8219,0,0.8219,0,0,0,0,0.0001,0,0,0,0.0001,0.0001,0.0001,0.0001,0.0001,0,0,0,0,0,0,0,0.306,0.2831,0.306,0.2831,
0,0.5986,0,1.7958,1.1972,0.5986,1.1972,0.5986,0,0,0.5986,0,0,1.7958,0.5986,0.5986,0,1.1972,0,1.7958,0,0,0,0.0001,0.0001,0,0.0001,0,0,0,0,0,0,0.0001,0,0,0,0.0001,0,0.0001,0.2579,0.1435,0.2579,0.1435,
2.2942,0,0.5736,0,1.7207,2.2942,0,2.8678,0.5736,2.8678,2.8678,0.5736,1.1471,0.5736,0.5736,0.5736,1.7207,1.7207,0.5736,0.5736,0.0001,0,0,0,0.0001,0.0001,0,0.0002,0,0.0002,0.0002,0,0.0001,0,0,0,0.0001,0.0001,0,0,0.2067,0.2197,0.2067,0.2197,
0.7051,0,0.7051,0,0.7051,0.7051,0.7051,1.4102,0,0,0.7051,0.7051,0,0,0.7051,0,0,0,0,0.7051,0.0001,0,0.0001,0,0.0001,0.0001,0.0001,0.0002,0,0,0.0001,0.0001,0,0,0.0001,0,0,0,0,0.0001,0.1368,0.1581,0.1368,0.1581,
0.3304,0.9911,0.3304,1.3215,0,0.3304,0.3304,0.9911,1.9822,0.9911,0.6607,1.9822,0.6607,0,1.9822,0,1.9822,0.3304,0,0.9911,0,0.0001,0,0.0001,0,0,0,0.0001,0.0001,0.0001,0,0.0001,0,0,0.0001,0,0.0001,0,0,0.0001,0.3306,0.339,0.3306,0.339,
0.6707,0,2.0121,0.6707,1.3414,0,0.6707,0,0,1.3414,0,1.3414,0.6707,0,0.6707,0.6707,0,0,0,0,0.0001,0,0.0002,0.0001,0.0002,0,0.0001,0,0,0.0002,0,0.0002,0.0001,0,0.0001,0.0001,0,0,0,0,0.1692,0.1601,0.1692,0.1601,
0.9054,0,0,0,3.6215,0,0,0,0,0,0,0,3.6215,0,0,0,0,0.9054,0,0,0.0002,0,0,0,0.0008,0,0,0,0,0,0,0,0.0008,0,0,0,0,0.0002,0,0,0.0313,0.0633,0.0313,0.0633,
0,0,0.7816,0,0.7816,0.7816,0,0,1.5632,1.5632,0.7816,0,0,0.7816,0.7816,0,0,0,0,0,0,0,0.0001,0,0.0001,0.0001,0,0,0.0002,0.0002,0.0001,0,0,0.0001,0.0001,0,0,0,0,0,0.0895,0.1289,0.0895,0.1289,
0.2775,1.1101,0.2775,1.3876,0.555,1.3876,0.555,0.8325,1.6651,0.555,0.555,0.2775,0,0.2775,1.6651,0.555,0.555,0.555,0,0.8325,0,0.0001,0,0.0001,0,0.0001,0,0,0.0001,0,0,0,0,0,0.0001,0,0,0,0,0,0.3124,0.4101,0.3124,0.4101,
1.3519,0.9013,1.8026,0.9013,0.4506,0.9013,0.9013,0.9013,0.4506,0.4506,0.9013,0,0.4506,0.4506,0.4506,1.3519,2.2532,0,0.9013,0.9013,0.0001,0.0001,0.0001,0.0001,0,0.0001,0.0001,0.0001,0,0,0.0001,0,0,0,0,0.0001,0.0001,0,0.0001,0.0001,0.2329,0.3165,0.2329,0.3165,
0,0,1.782,0.594,0,1.188,0,0,0,0.594,0,0.594,0.594,0,0.594,1.782,0,2.376,0,1.782,0,0,0.0002,0.0001,0,0.0001,0,0,0,0.0001,0,0.0001,0.0001,0,0.0001,0.0002,0,0.0002,0,0.0002,0.236,0.17,0.236,0.17,
1.4904,0.7452,0.7452,1.4904,1.1178,1.4904,0.7452,1.1178,0,1.863,0,1.1178,0.3726,1.4904,0.7452,0.7452,0.7452,0,0.7452,0,0.0001,0,0,0.0001,0.0001,0.0001,0,0.0001,0,0.0001,0,0.0001,0,0.0001,0,0,0,0,0,0,0.3054,0.322,0.3054,0.322,
0,0.8585,0.4292,1.2877,0.4292,0.4292,0,1.2877,1.2877,2.5755,2.1462,1.2877,0.8585,0.4292,0.4292,0,1.717,0.4292,1.2877,0.4292,0,0,0,0.0001,0,0,0,0.0001,0.0001,0.0001,0.0001,0.0001,0,0,0,0,0.0001,0,0.0001,0,0.3305,0.2402,0.3305,0.2402,
0.8546,0.8546,0.4273,1.2819,1.2819,0.8546,0,1.2819,1.2819,0.8546,0.8546,1.2819,0.4273,1.2819,1.2819,0,0,0.8546,0,0.8546,0,0,0,0.0001,0.0001,0,0,0.0001,0.0001,0,0,0.0001,0,0.0001,0.0001,0,0,0,0,0,0.296,0.2767,0.296,0.2767,
0,0,0.9433,0,1.415,0.4717,0.9433,0.9433,2.3584,1.415,0,0,0.9433,0.4717,0,0.4717,1.8867,1.8867,0,0.9433,0,0,0.0001,0,0.0001,0,0.0001,0.0001,0.0002,0.0001,0,0,0.0001,0,0,0,0.0002,0.0002,0,0.0001,0.285,0.2434,0.285,0.2434,
0.4245,0.4245,0.4245,0.8489,1.2734,0,0.8489,0,1.2734,0.4245,0.8489,0,0.8489,1.2734,0.8489,0.4245,1.2734,0.8489,0.8489,0.8489,0,0,0,0.0001,0.0001,0,0.0001,0,0.0001,0,0.0001,0,0.0001,0.0001,0.0001,0,0.0001,0.0001,0.0001,0.0001,0.2456,0.3299,0.2456,0.3299,
0,0,0,0,0.8318,0.8318,0,0,0,0.8318,0,0.8318,0.8318,0.8318,0,0,2.4953,0,0.8318,0,0,0,0,0,0.0001,0.0001,0,0,0,0.0001,0,0.0001,0.0001,0.0001,0,0,0.0003,0,0.0001,0,0.1,0.0682,0.1,0.0682,
0.789,0.789,1.1835,1.5781,1.1835,0,0.3945,0.789,0.3945,1.5781,1.1835,0.789,0.789,0.3945,0.3945,1.5781,0.3945,0.789,0,1.1835,0,0,0.0001,0.0001,0.0001,0,0,0,0,0.0001,0.0001,0,0,0,0,0.0001,0,0,0,0.0001,0.3238,0.2817,0.3238,0.2817,
1.2181,1.2181,0,0,1.2181,0,0,0,1.2181,0.6091,0,0,0.6091,1.2181,0.6091,1.2181,1.2181,0.6091,0.6091,0.6091,0.0001,0.0001,0,0,0.0001,0,0,0,0.0001,0,0,0,0,0.0001,0,0.0001,0.0001,0,0,0,0.2021,0.1888,0.2021,0.1888,
0.3858,0,1.5434,1.9292,0,1.9292,0.3858,0.3858,1.9292,1.1575,0,0.3858,0,0.3858,0,0.7717,0.3858,1.1575,0.3858,1.1575,0,0,0.0001,0.0001,0,0.0001,0,0,0.0001,0.0001,0,0,0,0,0,0.0001,0,0.0001,0,0.0001,0.3823,0.2319,0.3823,0.2319,
2.7591,0,0.5518,0.5518,1.6554,1.1036,0,2.2072,0,2.2072,0.5518,0,1.6554,0,0.5518,1.1036,2.2072,2.7591,0.5518,0.5518,0.0002,0,0,0,0.0001,0.0001,0,0.0001,0,0.0001,0,0,0.0001,0,0,0.0001,0.0001,0.0002,0,0,0.1947,0.2535,0.1947,0.2535,
2.4249,0,0,0,2.9099,0.97,0.485,2.9099,0.485,1.455,0.97,0.485,1.94,1.455,0.97,0.485,1.455,0.485,0.485,0.485,0.0001,0,0,0,0.0002,0.0001,0,0.0002,0,0.0001,0.0001,0,0.0001,0.0001,0.0001,0,0.0001,0,0,0,0.257,0.258,0.257,0.258,
0,1.1396,0.3799,0,0,0.7597,0.7597,1.5195,2.2792,0.3799,0.3799,0.3799,0.3799,0.7597,1.8994,1.1396,0.7597,1.5195,0,0,0,0.0001,0,0,0,0.0001,0.0001,0.0001,0.0002,0,0,0,0,0.0001,0.0001,0.0001,0.0001,0.0001,0,0,0.3366,0.2836,0.3366,0.2836,
0,0.7235,0.7235,0,0,0,3.6173,0,0,0,0.7235,0.7235,0.7235,0,0.7235,0,0.7235,0,0,0,0,0.0001,0.0001,0,0,0,0.0005,0,0,0,0.0001,0.0001,0.0001,0,0.0001,0,0.0001,0,0,0,0.1389,0.1376,0.1389,0.1376,
0.8815,1.763,0,0,0.4408,0.8815,0.4408,0.8815,2.2038,1.763,1.763,0,1.763,0.8815,0.4408,0.4408,1.3223,0.8815,0.4408,0,0,0.0001,0,0,0,0,0,0,0.0001,0.0001,0.0001,0,0.0001,0,0,0,0.0001,0,0,0,0.2861,0.2731,0.2861,0.2731,
0.6573,0.6573,0.6573,0,0,0.6573,1.3146,0.6573,0,1.3146,0.6573,0.6573,0.6573,0.6573,0,1.3146,1.3146,0,0.6573,1.3146,0.0001,0.0001,0.0001,0,0,0.0001,0.0001,0.0001,0,0.0001,0.0001,0.0001,0.0001,0.0001,0,0.0001,0.0001,0,0.0001,0.0001,0.1612,0.1815,0.1612,0.1815,
0.6711,0.6711,0.6711,1.3421,0,0.6711,0,0,1.3421,0,0.6711,0.6711,0,0,0,0,1.3421,0,0,0,0.0001,0.0001,0.0001,0.0002,0,0.0001,0,0,0.0002,0,0.0001,0.0001,0,0,0,0,0.0002,0,0,0,0.1825,0.1464,0.1825,0.1464,
0,0,0.7099,2.1296,0.7099,0.7099,1.4197,0,0,0,0,0,0,0,0,1.4197,0.7099,0,0,0,0,0,0.0002,0.0005,0.0002,0.0002,0.0003,0,0,0,0,0,0,0,0,0.0003,0.0002,0,0,0,0.1499,0.1403,0.1499,0.1403,
0.4902,0.4902,1.9608,0.4902,0,1.4706,0,0.4902,0.4902,0.4902,0.9804,1.9608,0.9804,0,0.4902,1.4706,0,0,0.4902,0.9804,0,0,0.0001,0,0,0.0001,0,0,0,0,0.0001,0.0001,0.0001,0,0,0.0001,0,0,0,0.0001,0.2844,0.2254,0.2844,0.2254,
0.7064,0.7064,0.3532,2.1193,1.0596,0.7064,1.0596,0.7064,1.0596,0.7064,1.0596,0.3532,0.3532,0,0,0.3532,0.7064,0.3532,1.4129,1.0596,0,0,0,0.0001,0.0001,0,0.0001,0,0.0001,0,0.0001,0,0,0,0,0,0,0,0.0001,0.0001,0.3439,0.3028,0.3439,0.3028,
0.3976,1.5906,1.5906,1.9882,0.3976,0.3976,0,0.3976,0.3976,0.7953,0.3976,0.7953,0.7953,0.3976,0.3976,0.7953,0.3976,0.7953,1.5906,0.7953,0,0.0001,0.0001,0.0001,0,0,0,0,0,0,0,0,0,0,0,0,0,0,0.0001,0,0.3223,0.2801,0.3223,0.2801,
0.882,2.352,0,0,0,0,0,0,0,0.294,0.294,0,0.294,0.294,7.938,1.176,0.294,0,0,0.882,0.0001,0.0001,0,0,0,0,0,0,0,0,0,0,0,0,0.0005,0.0001,0,0,0,0.0001,0.4004,0.3056,0.4004,0.3056,
2.0258,0,0,0,0.6753,1.0129,0.3376,0.3376,1.0129,1.0129,0.6753,0.6753,0.3376,0.3376,4.3893,1.0129,1.3506,0,0,0,0.0002,0,0,0,0.0001,0.0001,0,0,0.0001,0.0001,0.0001,0.0001,0,0,0.0004,0.0001,0.0001,0,0,0,0.4075,0.2548,0.4075,0.2548,
0.3961,1.1884,0,0.3961,0,0.7922,0.3961,1.1884,2.3767,0,0.7922,0.3961,0.3961,0.7922,2.7728,0.3961,0,2.3767,0,0,0,0.0001,0,0,0,0.0001,0,0.0001,0.0002,0,0.0001,0,0,0.0001,0.0002,0,0,0.0002,0,0,0.3199,0.2839,0.3199,0.2839,
1.184,0.7893,1.184,0.3947,1.184,0,0.7893,1.184,0.3947,0.3947,0.7893,1.184,0.7893,2.368,0.7893,1.5786,0.3947,0,1.184,0.7893,0.0001,0,0.0001,0,0.0001,0,0,0.0001,0,0,0,0.0001,0,0.0001,0,0.0001,0,0,0.0001,0,0.3052,0.3001,0.3052,0.3001,
0.4921,2.9524,0.9841,1.4762,0.4921,0.9841,0,1.4762,0,1.4762,0.4921,0.4921,0.4921,0,0.9841,1.4762,0,0,0,0,0,0.0001,0,0.0001,0,0,0,0.0001,0,0.0001,0,0,0,0,0,0.0001,0,0,0,0,0.2613,0.2467,0.2613,0.2467,
0.684,0,1.368,0,0,0.684,0.684,0,0.684,1.368,0,0,1.368,0,0,0.684,0,0,0,1.368,0.0001,0,0.0001,0,0,0.0001,0.0001,0,0.0001,0.0001,0,0,0.0001,0,0,0.0001,0,0,0,0.0001,0.1737,0.1423,0.1737,0.1423,
0.8665,1.2997,1.2997,0.8665,0.8665,1.2997,0,1.2997,0.4332,1.2997,0.4332,0,0,1.2997,0.8665,0.8665,0.8665,0.4332,1.2997,0.4332,0,0.0001,0.0001,0,0,0.0001,0,0.0001,0,0.0001,0,0,0,0.0001,0,0,0,0,0.0001,0,0.2807,0.286,0.2807,0.286,
0.6963,0,0.3482,0,0,0.6963,0.3482,1.3927,2.4372,1.3927,0.3482,1.3927,0.3482,0.3482,2.7853,0.6963,0,0.3482,0,0.6963,0.0001,0,0,0,0,0.0001,0,0.0001,0.0002,0.0001,0,0.0001,0,0,0.0002,0.0001,0,0,0,0.0001,0.3745,0.2773,0.3745,0.2773,
0.7618,0.7618,1.9045,2.2854,0.7618,0.3809,0.3809,0.7618,0.3809,0,0.7618,1.1427,0.7618,0,0.3809,1.1427,0.3809,0.7618,0.3809,0.3809,0,0,0.0001,0.0001,0,0,0,0,0,0,0,0.0001,0,0,0,0.0001,0,0,0,0,0.2795,0.3396,0.2795,0.3396,
0.7261,2.1783,0,0.7261,0,0,0,0,1.4522,0.7261,0,0,0,1.4522,0,0,0,0.7261,0,0,0.0001,0.0002,0,0.0001,0,0,0,0,0.0001,0.0001,0,0,0,0.0001,0,0,0,0.0001,0,0,0.108,0.1659,0.108,0.1659,
1.3689,0,0,0,0.6845,1.0267,0.6845,0.3422,2.0534,0.6845,0.6845,0,0.3422,0.6845,3.7645,0.3422,1.3689,1.0267,0,0,0.0001,0,0,0,0.0001,0.0001,0.0001,0,0.0002,0.0001,0.0001,0,0,0.0001,0.0004,0,0.0001,0.0001,0,0,0.3454,0.3124,0.3454,0.3124,
0,0.5403,0,0,0,0.5403,1.0806,0.5403,1.0806,0,0.5403,0,0,0.5403,0.5403,1.6209,0.5403,1.6209,1.0806,1.0806,0,0,0,0,0,0,0.0001,0,0.0001,0,0,0,0,0,0,0.0001,0,0.0001,0.0001,0.0001,0.2476,0.2121,0.2476,0.2121,
1.7279,0.8639,0.432,0.8639,0.8639,0.8639,1.2959,1.2959,0.432,0.432,0.8639,0.8639,0,0,0.8639,0.432,0.8639,0.432,1.2959,0,0.0001,0,0,0,0,0,0.0001,0.0001,0,0,0,0,0,0,0,0,0,0,0.0001,0,0.2861,0.2819,0.2861,0.2819,
0,0,0,0,0,0,0.6873,1.3745,0.6873,0.6873,0.6873,1.3745,0.6873,0.6873,0,1.3745,0,0,1.3745,0,0,0,0,0,0,0,0.0001,0.0001,0.0001,0.0001,0.0001,0.0001,0.0001,0.0001,0,0.0001,0,0,0.0001,0,0.1488,0.164,0.1488,0.164,
1.1969,0.5985,0.5985,1.1969,0,0,0.5985,1.7954,0.5985,0,0,1.1969,0,0,0.5985,0.5985,0.5985,0.5985,0.5985,0.5985,0.0001,0,0,0.0001,0,0,0,0.0001,0,0,0,0.0001,0,0,0,0,0,0,0,0,0.1944,0.2071,0.1944,0.2071,
0.5048,0,1.0096,0.5048,1.5145,1.0096,1.0096,0,1.0096,1.0096,1.0096,0.5048,0.5048,1.5145,1.0096,0.5048,0.5048,1.5145,1.0096,0,0,0,0.0001,0,0.0001,0.0001,0.0001,0,0.0001,0.0001,0.0001,0,0,0.0001,0.0001,0,0,0.0001,0.0001,0,0.2429,0.2523,0.2429,0.2523,
0.3827,0.3827,0.3827,2.2963,0.7654,0.3827,1.9136,0.3827,0.3827,0.3827,0.3827,0.3827,0.3827,0.3827,1.1481,1.5309,0.7654,0.7654,0.3827,0.7654,0,0,0,0.0002,0.0001,0,0.0001,0,0,0,0,0,0,0,0.0001,0.0001,0.0001,0.0001,0,0.0001,0.3299,0.2874,0.3299,0.2874,
0.5868,0.5868,0,0.5868,0,1.7603,0.5868,1.1735,1.1735,1.7603,1.1735,0,1.1735,0,0,5.2809,0.5868,1.1735,0,0.5868,0,0,0,0,0,0.0001,0,0.0001,0.0001,0.0001,0.0001,0,0.0001,0,0,0.0003,0,0.0001,0,0,0.1837,0.2295,0.1837,0.2295,
1.5523,0,0.5174,0.5174,0.5174,1.0349,0,1.5523,0,3.1046,0.5174,0,0,0.5174,1.5523,1.5523,1.0349,2.0697,0,0.5174,0.0001,0,0,0,0,0.0001,0,0.0001,0,0.0002,0,0,0,0,0.0001,0.0001,0.0001,0.0001,0,0,0.2145,0.2681,0.2145,0.2681,
0.7855,0.7855,0.3927,1.1782,1.9637,1.5709,0.3927,0,0.7855,1.5709,0.3927,0.3927,0,0.7855,1.1782,0.7855,0.7855,0.7855,0.3927,0,0,0,0,0.0001,0.0001,0.0001,0,0,0,0.0001,0,0,0,0,0.0001,0,0,0,0,0,0.3545,0.2527,0.3545,0.2527,
0.5219,2.0877,1.0439,1.0439,0.5219,0.5219,0.5219,0.5219,0.5219,0.5219,1.5658,0,0,2.0877,0.5219,0,0,1.5658,0,0.5219,0,0.0001,0.0001,0.0001,0,0,0,0,0,0,0.0001,0,0,0.0001,0,0,0,0.0001,0,0,0.225,0.2531,0.225,0.2531,
1.1672,1.1672,0.3891,1.9453,1.1672,1.1672,1.1672,1.5563,0.7781,0,0.3891,0.7781,1.9453,0.3891,0.7781,0.3891,0.7781,0.7781,1.5563,0,0.0001,0.0001,0,0.0001,0.0001,0.0001,0.0001,0.0001,0,0,0,0,0.0001,0,0,0,0,0,0.0001,0,0.3143,0.2966,0.3143,0.2966,
1.3096,0,1.7462,1.3096,0.4365,0,0,0.4365,0.4365,0.8731,0.8731,0.4365,1.7462,0.8731,1.3096,0.8731,0.4365,0.4365,0,0.8731,0.0001,0,0.0001,0.0001,0,0,0,0,0,0.0001,0.0001,0,0.0001,0.0001,0.0001,0.0001,0,0,0,0.0001,0.3344,0.229,0.3344,0.229,
0,0,0.5747,0,1.724,1.724,0,1.1493,0,2.8734,0.5747,0.5747,0,0,0.5747,2.8734,0.5747,2.2987,1.1493,0,0,0,0,0,0.0001,0.0001,0,0.0001,0,0.0002,0,0,0,0,0,0.0002,0,0.0001,0.0001,0,0.2622,0.1631,0.2622,0.1631,
0.4354,0.8708,0.4354,0.8708,1.3062,1.3062,0.4354,0,0.8708,0.4354,0.8708,1.3062,0,0,0,0,1.3062,0.4354,1.7416,0.8708,0,0,0,0,0.0001,0.0001,0,0,0,0,0,0.0001,0,0,0,0,0.0001,0,0.0001,0,0.2806,0.284,0.2806,0.284,
1.6757,0.6703,0.3351,1.6757,1.0054,0.6703,0.3351,0.6703,1.3406,0.6703,0.3351,1.0054,0.3351,1.0054,0.3351,0.3351,0.3351,1.6757,1.6757,0.6703,0.0001,0,0,0.0001,0.0001,0,0,0,0.0001,0,0,0.0001,0,0.0001,0,0,0,0.0001,0.0001,0,0.3147,0.3502,0.3147,0.3502,
2.3014,1.3808,0.4603,0,1.8411,0.4603,0.9205,1.8411,1.3808,0.9205,0.4603,1.3808,0,1.8411,0,0.4603,0.9205,0.9205,0.9205,0,0.0001,0.0001,0,0,0.0001,0,0,0.0001,0.0001,0,0,0.0001,0,0.0001,0,0,0,0,0,0,0.2921,0.2476,0.2921,0.2476,
2.4968,0.4994,0,0,0.4994,0.4994,1.4981,0.4994,0,0.4994,0.9987,1.4981,0.4994,0.4994,0.4994,1.4981,0.9987,2.4968,1.4981,1.4981,0.0001,0,0,0,0,0,0.0001,0,0,0,0.0001,0.0001,0,0,0,0.0001,0.0001,0.0001,0.0001,0.0001,0.2497,0.2509,0.2497,0.2509,
2.2591,0.5648,0.5648,1.1295,0.5648,2.8238,0,1.1295,0,0.5648,0.5648,1.6943,1.1295,1.6943,0,1.1295,0.5648,1.1295,0.5648,0.5648,0.0001,0,0,0.0001,0,0.0001,0,0.0001,0,0,0,0.0001,0.0001,0.0001,0,0.0001,0,0.0001,0,0,0.2435,0.1917,0.2435,0.1917,
0.8119,0.4059,1.2178,0.8119,0.8119,0.4059,1.6238,1.6238,0.8119,0.4059,0.4059,0.4059,0,0.4059,0.8119,0.8119,0.8119,0.4059,1.2178,1.2178,0.0001,0,0.0001,0.0001,0.0001,0,0.0001,0.0001,0.0001,0,0,0,0,0,0.0001,0.0001,0.0001,0,0.0001,0.0001,0.3286,0.2655,0.3286,0.2655,
0.3948,1.1845,0.3948,0,3.1586,1.1845,1.9742,0.7897,0.7897,0.3948,0.3948,1.9742,1.9742,1.1845,0.3948,0.3948,0.7897,0.3948,0.3948,1.1845,0,0.0001,0,0,0.0001,0.0001,0.0001,0,0,0,0,0.0001,0.0001,0.0001,0,0,0,0,0,0.0001,0.2679,0.3373,0.2679,0.3373,
0.8337,1.2506,0.4169,0.4169,0.8337,0.8337,1.2506,0.4169,0.8337,0,0.8337,0.8337,1.2506,0.4169,1.2506,0.8337,0,2.0843,0.4169,0,0,0.0001,0,0,0,0,0.0001,0,0,0,0,0,0.0001,0,0.0001,0,0,0.0001,0,0,0.2705,0.3126,0.2705,0.3126,
1.2351,0.8234,0.4117,1.2351,0,0.4117,0.8234,0.4117,1.6468,0.8234,0.4117,0.4117,0.4117,0.8234,0.8234,0,1.2351,0.8234,1.2351,0.8234,0.0001,0.0001,0,0.0001,0,0,0.0001,0,0.0001,0.0001,0,0,0,0.0001,0.0001,0,0.0001,0.0001,0.0001,0.0001,0.2985,0.2898,0.2985,0.2898,
0,0,0,0,0.741,0,0.741,1.482,0.741,0,0.741,0,0.741,0.741,0,0.741,0,0,0.741,0.741,0,0,0,0,0.0001,0,0.0001,0.0003,0.0001,0,0.0001,0,0.0001,0.0001,0,0.0001,0,0,0.0001,0.0001,0.1324,0.1266,0.1324,0.1266,
3.041,0.7602,0.7602,0.7602,0,0,0,0.7602,1.9006,1.1404,0.7602,0.7602,2.2807,1.5205,0.7602,0.7602,0.3801,0.7602,1.1404,0.7602,0.0002,0,0,0,0,0,0,0,0.0001,0.0001,0,0,0.0001,0.0001,0,0,0,0,0.0001,0,0.3105,0.3094,0.3105,0.3094,
1.0713,0,0.7142,2.1425,2.1425,2.1425,0.3571,0.7142,1.0713,0.3571,0,0.7142,0,1.4283,0.3571,0.7142,1.0713,1.0713,0,0,0.0001,0,0,0.0001,0.0001,0.0001,0,0,0.0001,0,0,0,0,0.0001,0,0,0.0001,0.0001,0,0,0.3174,0.3255,0.3174,0.3255,
2.3524,2.8229,0,0.941,1.4114,1.8819,0.4705,1.4114,0,0.4705,0.941,0,0.4705,0.941,0.941,0.941,0.4705,0.4705,0,0.4705,0.0001,0.0001,0,0,0.0001,0.0001,0,0.0001,0,0,0,0,0,0,0,0,0,0,0,0,0.2597,0.2698,0.2597,0.2698,
0.3826,0.7651,0.3826,1.1477,0.3826,0.7651,1.5302,0.7651,0.3826,0.7651,0.7651,1.1477,0.3826,1.9128,0.7651,0.3826,1.5302,1.5302,0.7651,0.7651,0,0,0,0.0001,0,0,0.0001,0,0,0,0,0.0001,0,0.0001,0,0,0.0001,0.0001,0,0,0.3003,0.3172,0.3003,0.3172,
0,0.605,1.21,0,0,1.815,0.605,2.42,0.605,0.605,0,1.21,0.605,0,0,0,0.605,0.605,0.605,0.605,0,0,0.0001,0,0,0.0001,0,0.0002,0,0,0,0.0001,0,0,0,0,0,0,0,0,0.2262,0.1688,0.2262,0.1688,
1.5404,1.0269,1.0269,0.5135,1.0269,1.0269,0,1.0269,0.5135,1.0269,0,0,1.5404,0.5135,1.0269,0.5135,0,0,0.5135,0,0.0001,0.0001,0.0001,0,0.0001,0.0001,0,0.0001,0,0.0001,0,0,0.0001,0,0.0001,0,0,0,0,0,0.2144,0.2721,0.2144,0.2721,
0.8143,0.4072,0,1.6286,2.0358,1.6286,0.4072,0.8143,0.4072,1.2215,0.4072,0.4072,0.4072,1.6286,0.8143,1.2215,0.8143,0,1.2215,1.6286,0,0,0,0.0001,0.0001,0.0001,0,0,0,0.0001,0,0,0,0.0001,0,0.0001,0,0,0.0001,0.0001,0.2699,0.323,0.2699,0.323,
1.646,0,0,0.823,0,0,0,0.823,0,0.823,0,0,2.4691,0.823,0,2.4691,0.823,0,0,0.823,0.0002,0,0,0.0001,0,0,0,0.0001,0,0.0001,0,0,0.0004,0.0001,0,0.0004,0.0001,0,0,0.0001,0.0844,0.0926,0.0844,0.0926,
0.9848,0,0,0,0.3283,0.9848,0.6565,0.3283,2.9543,0.3283,0.6565,0.6565,0.6565,0.3283,2.9543,0.3283,0.9848,0.9848,0,0.3283,0.0001,0,0,0,0,0.0001,0.0001,0,0.0003,0,0.0001,0.0001,0.0001,0,0.0003,0,0.0001,0.0001,0,0,0.3617,0.31,0.3617,0.31,
1.517,0.7585,1.1377,1.1377,0.7585,1.1377,1.1377,0,0.3792,0.3792,0,0.3792,1.1377,0.7585,1.1377,0.3792,0.7585,0.7585,0.7585,0.7585,0.0001,0,0.0001,0.0001,0,0.0001,0.0001,0,0,0,0,0,0.0001,0,0.0001,0,0,0,0,0,0.3357,0.2851,0.3357,0.2851,
1.4272,0,0.7136,0.7136,0.7136,0.7136,0,0,0,0,0,0,1.4272,0,1.4272,1.4272,0,0,0,0,0.0002,0,0.0001,0.0001,0.0001,0.0001,0,0,0,0,0,0,0.0002,0,0.0002,0.0002,0,0,0,0,0.1249,0.1615,0.1249,0.1615,
1.489,0,0.7445,3.7224,1.1167,0.7445,0.3722,2.2335,0,0.7445,0.3722,0.7445,0.7445,1.489,0.3722,1.1167,0,0.3722,0.3722,0.7445,0.0001,0,0,0.0002,0.0001,0,0,0.0001,0,0,0,0,0,0.0001,0,0.0001,0,0,0,0,0.2835,0.3443,0.2835,0.3443,
1.6278,2.1704,0,0.5426,0.5426,2.1704,1.0852,1.0852,0.5426,0,1.0852,0.5426,1.6278,1.0852,0,0,1.6278,1.0852,0,1.0852,0.0001,0.0001,0,0,0,0.0001,0,0,0,0,0,0,0.0001,0,0,0,0.0001,0,0,0,0.2264,0.231,0.2264,0.231,
2.6043,0,0,1.4882,0.372,1.4882,0.372,0.372,2.6043,0.372,1.1161,2.6043,0.7441,1.4882,1.1161,0.372,0.372,0.372,0,0.372,0.0002,0,0,0.0001,0,0.0001,0,0,0.0002,0,0.0001,0.0002,0.0001,0.0001,0.0001,0,0,0,0,0,0.2799,0.3481,0.2799,0.3481,
0.4955,1.4864,0,0.4955,1.9819,1.9819,1.4864,0.9909,0,0.9909,0.9909,0.9909,0.9909,1.4864,0.4955,1.4864,0.9909,0,0,0.4955,0,0.0001,0,0,0.0001,0.0001,0.0001,0,0,0,0,0,0,0.0001,0,0.0001,0,0,0,0,0.263,0.2416,0.263,0.2416,
0,0,1.4389,1.4389,0,0,0.7194,0.7194,0,0,0.7194,0,0,0.7194,0,0.7194,0,0.7194,0,0,0,0,0.0003,0.0003,0,0,0.0001,0.0001,0,0,0.0001,0,0,0.0001,0,0.0001,0,0.0001,0,0,0.1795,0.101,0.1795,0.101,
1.114,0,0,0,1.114,4.4562,0,1.6711,0,3.3421,1.114,0.557,0.557,0,0.557,1.6711,2.7851,1.6711,0.557,1.114,0.0001,0,0,0,0.0001,0.0002,0,0.0001,0,0.0002,0.0001,0,0,0,0,0.0001,0.0001,0.0001,0,0.0001,0.2055,0.2375,0.2055,0.2375,
0,0.3684,0.3684,0.3684,0.7368,0.3684,0.7368,1.842,1.1052,2.5788,0.3684,0.3684,1.4736,0.3684,1.4736,0.7368,1.1052,0.7368,0.3684,2.5788,0,0,0,0,0,0,0,0.0001,0.0001,0.0002,0,0,0.0001,0,0.0001,0,0.0001,0,0,0.0002,0.3193,0.3123,0.3193,0.3123,
0.9593,0,0,0.9593,0.9593,0,0.4797,0.4797,0.4797,0.9593,0.4797,2.3984,0.4797,0.9593,1.439,0.9593,0,1.9187,0,0.4797,0.0001,0,0,0.0001,0.0001,0,0,0,0,0.0001,0,0.0002,0,0.0001,0.0001,0.0001,0,0.0001,0,0,0.2461,0.2742,0.2461,0.2742,
1.3197,0,0.6599,0,0.6599,0.6599,0,0.6599,0,1.3197,0.6599,1.9796,1.3197,1.3197,0.6599,0.6599,1.3197,2.6395,0,0,0.0001,0,0.0001,0,0.0001,0.0001,0,0.0001,0,0.0001,0.0001,0.0002,0.0001,0.0001,0.0001,0.0001,0.0001,0.0002,0,0,0.1975,0.1426,0.1975,0.1426,
0,0.4766,0.9531,0,3.3359,0,0,2.3828,0.4766,2.8593,0.9531,1.4297,1.4297,1.4297,0.4766,2.3828,0.9531,0.4766,0,0.4766,0,0,0,0,0.0001,0,0,0.0001,0,0.0001,0,0.0001,0.0001,0.0001,0,0.0001,0,0,0,0,0.2124,0.311,0.2124,0.311,
0.3812,0.3812,0.3812,1.1435,1.1435,0.3812,0.3812,0,1.1435,0,1.1435,0.3812,0.3812,0.7623,1.1435,1.1435,0.3812,1.1435,3.0493,0.3812,0,0,0,0.0001,0.0001,0,0,0,0.0001,0,0.0001,0,0,0,0.0001,0.0001,0,0.0001,0.0002,0,0.3083,0.3105,0.3083,0.3105,
0,0.3514,0.7027,1.0541,1.0541,1.0541,0.7027,1.4055,0.7027,0.3514,0.7027,1.0541,0.3514,0.3514,1.7569,1.4055,0.3514,0.3514,1.4055,0.7027,0,0,0,0.0001,0.0001,0.0001,0,0.0001,0,0,0,0.0001,0,0,0.0001,0.0001,0,0,0.0001,0,0.3056,0.3431,0.3056,0.3431,
2.9794,0,0.8513,0.4256,0.4256,1.7025,0,1.7025,0.8513,2.5538,0.4256,0.8513,0.4256,0.8513,0.8513,0,0,1.2769,0.8513,0,0.0002,0,0.0001,0,0,0.0001,0,0.0001,0.0001,0.0002,0,0.0001,0,0.0001,0.0001,0,0,0.0001,0.0001,0,0.3231,0.2513,0.3231,0.2513,
1.1376,0,0.5688,0,0,0.5688,0.5688,0,1.7065,0.5688,0.5688,1.1376,0.5688,0,1.1376,0,0,1.1376,0,0,0.0002,0,0.0001,0,0,0.0001,0.0001,0,0.0002,0.0001,0.0001,0.0002,0.0001,0,0.0002,0,0,0.0002,0,0,0.2289,0.2023,0.2289,0.2023,
2.8468,0,0,0.7117,0.7117,0.7117,0,0.7117,0,0.7117,0.7117,0,0.7117,0,0.7117,0.7117,1.4234,0,0,0,0.0004,0,0,0.0001,0.0001,0.0001,0,0.0001,0,0.0001,0.0001,0,0.0001,0,0.0001,0.0001,0.0002,0,0,0,0.1455,0.1428,0.1455,0.1428,
2.8119,0,0,0,1.1248,3.9366,0,3.3743,0,2.2495,0.5624,0,0.5624,0,0.5624,2.2495,1.6871,1.1248,0.5624,1.1248,0.0001,0,0,0,0.0001,0.0002,0,0.0002,0,0.0001,0,0,0,0,0,0.0001,0.0001,0.0001,0,0.0001,0.2092,0.2284,0.2092,0.2284,
0.4428,0.8855,0.8855,0.8855,0.4428,0.8855,0,0.4428,3.5421,2.6566,0,0.8855,0,0,0,0.4428,0,0,0,0.4428,0,0,0,0,0,0,0,0,0.0002,0.0001,0,0,0,0,0,0,0,0,0,0,0.2347,0.3225,0.2347,0.3225,
0.7119,0.3559,1.4237,0.3559,1.0678,0.7119,0.3559,0,2.1356,1.0678,1.7797,0.3559,0,0.7119,1.4237,1.0678,0.7119,0,0.7119,0.7119,0,0,0.0001,0,0.0001,0,0,0,0.0001,0.0001,0.0001,0,0,0,0.0001,0.0001,0,0,0,0,0.3564,0.2877,0.3564,0.2877,
2.8763,0,0,0,1.9175,0.9588,0.4794,1.4381,0,2.3969,1.4381,0.4794,1.9175,0.9588,1.9175,0.4794,2.3969,0.9588,0.4794,0.4794,0.0002,0,0,0,0.0001,0.0001,0,0.0001,0,0.0002,0.0001,0,0.0001,0.0001,0.0001,0,0.0002,0.0001,0,0,0.2512,0.2694,0.2512,0.2694,
0.7247,0,0,1.4494,0.7247,0,0.7247,0,1.4494,1.4494,0,0,2.1741,0.7247,0,0.7247,0,0,0,0.7247,0.0001,0,0,0.0002,0.0001,0,0.0001,0,0.0002,0.0002,0,0,0.0003,0.0001,0,0.0001,0,0,0,0.0001,0.1653,0.11,0.1653,0.11,
0.6711,0,2.0133,0.6711,0.6711,0,0.6711,0,0,2.0133,0,1.3422,0.6711,0,0.6711,0.6711,0,0,0,0,0.0001,0,0.0002,0.0001,0.0001,0,0.0001,0,0,0.0002,0,0.0002,0.0001,0,0.0001,0.0001,0,0,0,0,0.1693,0.1596,0.1693,0.1596,
0.8185,1.6369,0.8185,0,0.8185,0.8185,0,0,0,0,0,1.6369,0.8185,0.8185,0,0,0,0.8185,0,0,0.0001,0.0001,0.0001,0,0.0001,0.0001,0,0,0,0,0,0.0001,0.0001,0.0001,0,0,0,0.0001,0,0,0.1018,0.0797,0.1018,0.0797,
0,2.8181,0.9394,0.4697,0,1.4091,0,0.4697,0.9394,0,0.4697,0.9394,1.8788,0,0.4697,0.9394,0.9394,0.4697,0.4697,1.4091,0,0.0001,0,0,0,0.0001,0,0,0,0,0,0,0.0001,0,0,0,0,0,0,0.0001,0.2706,0.2597,0.2706,0.2597,
0,0.667,0,0.667,0,0,0,0,0.667,0.667,0,0,0,0.667,1.3341,0,1.3341,1.3341,0,0,0,0.0001,0,0.0001,0,0,0,0,0.0001,0.0001,0,0,0,0.0001,0.0002,0,0.0002,0.0002,0,0,0.1781,0.1548,0.1781,0.1548,
0.8892,1.3337,0.8892,1.3337,0.4446,0,2.2229,0,0.8892,0,0.4446,0.8892,1.7783,0,0.8892,1.7783,0.4446,1.7783,0.4446,1.3337,0,0.0001,0,0.0001,0,0,0.0001,0,0,0,0,0,0.0001,0,0,0.0001,0,0.0001,0,0.0001,0.2762,0.2792,0.2762,0.2792,
0.322,1.2881,0.322,1.6101,0,0.322,1.2881,0.6441,4.1864,0.9661,0.6441,0.9661,0.322,0,0.9661,0,1.6101,0.322,0,0.322,0,0.0001,0,0.0001,0,0,0.0001,0,0.0002,0.0001,0,0.0001,0,0,0.0001,0,0.0001,0,0,0,0.346,0.332,0.346,0.332,
0,0,0,0,0.7032,0,0,0,0,1.4064,0.7032,0,1.4064,0.7032,2.1096,0,0,0,0.7032,0,0,0,0,0,0.0001,0,0,0,0,0.0003,0.0001,0,0.0003,0.0001,0.0004,0,0,0,0.0001,0,0.1102,0.1866,0.1102,0.1866,
0,0.856,1.284,0.428,0.428,0.428,1.712,1.284,0,0.856,0.856,0.856,0.428,0,0.856,0.856,0.856,0.856,1.284,0.428,0,0,0.0001,0,0,0,0.0001,0.0001,0,0,0,0,0,0,0,0,0,0,0.0001,0,0.2759,0.2961,0.2759,0.2961,
2.5915,0,0,0,2.0732,3.628,0,2.5915,0.5183,2.0732,1.5549,0,0,0,1.0366,0,0.5183,1.0366,0,0.5183,0.0002,0,0,0,0.0001,0.0003,0,0.0002,0,0.0001,0.0001,0,0,0,0.0001,0,0,0.0001,0,0,0.2535,0.2282,0.2535,0.2282,
2.4036,0,0,0.6009,0,1.2018,0,2.4036,0.6009,4.8071,0.6009,1.2018,0.6009,0.6009,0.6009,0.6009,1.2018,2.4036,0,0,0.0002,0,0,0,0,0.0001,0,0.0002,0,0.0003,0,0.0001,0,0,0,0,0.0001,0.0002,0,0,0.1857,0.2134,0.1857,0.2134,
0.4023,0.8046,0.4023,0.4023,0.4023,0.8046,0.4023,0.8046,0.4023,0.8046,1.2069,0.8046,0.8046,0,2.0115,1.2069,0.4023,0.8046,1.2069,0.8046,0,0.0001,0,0,0,0.0001,0,0.0001,0,0.0001,0.0001,0.0001,0.0001,0,0.0001,0.0001,0,0.0001,0.0001,0.0001,0.2886,0.3091,0.2886,0.3091,
0,0,0,0.6946,0,0,0,0.6946,0.6946,0.6946,0.6946,0,1.3892,0.6946,0,0.6946,0.6946,0.6946,1.3892,2.7783,0,0,0,0.0001,0,0,0,0.0001,0.0001,0.0001,0.0001,0,0.0002,0.0001,0,0.0001,0.0001,0.0001,0.0002,0.0003,0.1417,0.1637,0.1417,0.1637,
1.8663,0.4666,0.9332,2.3329,1.8663,0.9332,0.4666,0.9332,0,2.3329,0.4666,0,0.9332,0.4666,0.9332,1.3997,1.8663,0.9332,0,0.9332,0.0001,0,0,0.0001,0.0001,0,0,0,0,0.0001,0,0,0,0,0,0.0001,0.0001,0,0,0,0.2502,0.2832,0.2502,0.2832,
2.0055,0,0.6685,0,1.337,0,0,2.0055,1.337,0,0,1.337,0,0,0.6685,0,0,0,0,0.6685,0.0002,0,0.0001,0,0.0001,0,0,0.0002,0.0001,0,0,0.0001,0,0,0.0001,0,0,0,0,0.0001,0.1671,0.1644,0.1671,0.1644,
2.621,0,0.6552,0.6552,0,1.9657,0,0.6552,0,1.3105,0,0.6552,0,0,0.6552,0,1.3105,2.621,0,0,0.0003,0,0.0001,0.0001,0,0.0002,0,0.0001,0,0.0001,0,0.0001,0,0,0.0001,0,0.0001,0.0003,0,0,0.2097,0.135,0.2097,0.135,
1.2801,0,0,0.6401,0.6401,0,0,0.6401,0.6401,0,0.6401,0,0,1.2801,0.6401,1.9202,0,0,0.6401,0,0.0002,0,0,0.0001,0.0001,0,0,0.0001,0.0001,0,0.0001,0,0,0.0002,0.0001,0.0002,0,0,0.0001,0,0.1871,0.1728,0.1871,0.1728,
0,8.2376,0,0,0,16.4751,0,0,0,0,0.6337,0,0,0,1.2673,1.2673,1.2673,0,0,0.6337,0,0.0002,0,0,0,0.0004,0,0,0,0,0,0,0,0,0,0,0,0,0,0,0.1857,0.1807,0.1857,0.1807,
1.1796,0,0.7864,1.966,0,0.3932,0.7864,2.3592,0.3932,1.966,1.1796,1.1796,0.3932,0.7864,0.3932,1.1796,0,0.7864,0.7864,0.7864,0.0001,0,0.0001,0.0001,0,0,0.0001,0.0002,0,0.0001,0.0001,0.0001,0,0.0001,0,0.0001,0,0.0001,0.0001,0.0001,0.2968,0.31,0.2968,0.31,
0.327,0,0,0.327,0.327,1.308,0.327,0.327,2.943,1.308,0.654,0,0.327,0.327,2.943,1.962,0.654,0.654,0,0.327,0,0,0,0,0,0.0001,0,0,0.0003,0.0001,0.0001,0,0,0,0.0003,0.0002,0.0001,0.0001,0,0,0.2988,0.3742,0.2988,0.3742,
0,0.5618,0,0.5618,0,0,1.1235,0.5618,0.5618,0,0,1.1235,1.6853,1.1235,1.1235,1.1235,2.247,0.5618,0.5618,0,0,0.0001,0,0.0001,0,0,0.0001,0.0001,0.0001,0,0,0.0001,0.0002,0.0001,0.0001,0.0001,0.0002,0.0001,0.0001,0,0.2397,0.1986,0.2397,0.1986,
0.4005,0.4005,1.6022,0.4005,0.8011,1.2016,1.6022,1.2016,1.2016,1.2016,0.4005,0.4005,0,1.2016,0,0.8011,1.6022,1.2016,0.8011,0.8011,0,0,0.0001,0,0,0.0001,0.0001,0.0001,0.0001,0.0001,0,0,0,0.0001,0,0,0.0001,0.0001,0,0,0.3188,0.2807,0.3188,0.2807,
1.442,0,1.0815,0.721,0.3605,1.442,1.0815,0.3605,1.8025,1.0815,0.721,0,0.3605,1.442,0.3605,2.5235,0.721,0,0.721,0.3605,0.0001,0,0.0001,0,0,0.0001,0.0001,0,0.0001,0.0001,0,0,0,0.0001,0,0.0002,0,0,0,0,0.2924,0.3471,0.2924,0.3471,
0.3229,0.3229,0.6458,1.2917,0,1.2917,0.9688,0.9688,0.6458,0.6458,0,0.6458,1.6146,0.9688,0.9688,1.2917,0.3229,0.3229,1.2917,0.6458,0,0,0,0.0001,0,0.0001,0.0001,0.0001,0,0,0,0,0.0001,0.0001,0.0001,0.0001,0,0,0.0001,0,0.3281,0.3489,0.3281,0.3489,
0,0,0,0,0.7962,2.3885,0,0.7962,0,0.7962,0,0,0.7962,0,0.7962,0.7962,1.5923,0,0,0,0,0,0,0,0.0001,0.0004,0,0.0001,0,0.0001,0,0,0.0001,0,0.0001,0.0001,0.0003,0,0,0,0.127,0.0768,0.127,0.0768,
1.6428,0,0.8214,0.8214,0,0.8214,0.8214,1.6428,0,0,0.8214,0,0.8214,0.8214,0,0,0,0,0,0,0.0003,0,0.0002,0.0002,0,0.0002,0.0002,0.0003,0,0,0.0002,0,0.0002,0.0002,0,0,0,0,0,0,0.0693,0.1093,0.0693,0.1093,
0,0,1.2613,1.2613,0,1.2613,0,1.2613,0.6307,0.6307,0,0,0,0,1.892,0,0,0.6307,0.6307,0,0,0,0.0001,0.0001,0,0.0001,0,0.0001,0.0001,0.0001,0,0,0,0,0.0002,0,0,0.0001,0.0001,0,0.1798,0.1895,0.1798,0.1895,
2.2621,0.4524,0.9049,0.4524,0.9049,0,0,0,0.9049,0.4524,0,1.3573,1.3573,0.9049,1.3573,0,1.3573,0.9049,0.4524,1.3573,0.0002,0,0.0001,0,0.0001,0,0,0,0.0001,0,0,0.0001,0.0001,0.0001,0.0001,0,0.0001,0.0001,0,0.0001,0.265,0.2826,0.265,0.2826,
1.3802,0.4601,1.3802,0.9202,0,2.3004,0.4601,0.4601,0.4601,0.9202,0,1.3802,0.4601,0.4601,0.4601,0.9202,0.9202,0.4601,0,0.4601,0.0001,0,0.0001,0.0001,0,0.0002,0,0,0,0.0001,0,0.0001,0,0,0,0.0001,0.0001,0,0,0,0.2847,0.2552,0.2847,0.2552,
0.401,0,0.802,0.401,0.401,0.401,0,2.005,3.208,0.802,0.401,1.203,0,0.802,0.401,0.401,0.802,1.203,0,0.802,0,0,0.0001,0,0,0,0,0.0001,0.0002,0.0001,0,0.0001,0,0.0001,0,0,0.0001,0.0001,0,0.0001,0.2839,0.3151,0.2839,0.3151,
0.9481,0,0.474,0.9481,0,0.9481,0.9481,1.8962,0.474,2.3702,0.474,0.9481,0.9481,1.4221,0.474,1.8962,0.474,2.8443,0.474,0.474,0.0001,0,0,0.0001,0,0.0001,0.0001,0.0001,0,0.0001,0,0.0001,0.0001,0.0001,0,0.0001,0,0.0002,0,0,0.2596,0.2664,0.2596,0.2664,
0.3768,1.1304,0,0.3768,0,0.7536,0.3768,0.7536,2.2609,0.3768,0.3768,0,0.7536,1.5073,2.2609,0.7536,0,1.8841,0,0.3768,0,0.0001,0,0,0,0,0,0,0.0001,0,0,0,0,0.0001,0.0001,0,0,0.0001,0,0,0.3378,0.2854,0.3378,0.2854,
0,1.2424,0.8283,2.0707,0.8283,1.2424,0.4141,0.4141,1.2424,0.4141,1.2424,0.4141,0.8283,0.8283,0.4141,0.4141,0,0.4141,0.8283,1.2424,0,0.0001,0,0.0001,0,0.0001,0,0,0.0001,0,0.0001,0,0,0,0,0,0,0,0,0.0001,0.2866,0.2992,0.2866,0.2992,
0.438,0.438,0.438,0.876,2.1899,0,0.438,0.438,0.438,0.876,0.438,0.876,0.876,0.876,0.876,0.876,0,0,1.3139,1.7519,0,0,0,0,0.0001,0,0,0,0,0,0,0,0,0,0,0,0,0,0.0001,0.0001,0.3187,0.2433,0.3187,0.2433,
0,0.3217,1.2869,1.2869,0,1.6086,0,0.3217,0.9651,0.9651,0.6434,0.6434,0.6434,0.3217,0.9651,0.3217,1.2869,0.3217,1.2869,1.6086,0,0,0.0001,0.0001,0,0.0001,0,0,0.0001,0.0001,0,0,0,0,0.0001,0,0.0001,0,0.0001,0.0001,0.3563,0.322,0.3563,0.322,
0.3623,1.0869,0.3623,0.3623,0,0.7246,0.3623,1.8114,2.8983,0,0.3623,0,0.3623,0.7246,1.4491,0.3623,0.7246,1.4491,0,0,0,0.0001,0,0,0,0,0,0.0001,0.0002,0,0,0,0,0,0.0001,0,0,0.0001,0,0,0.3017,0.336,0.3017,0.336,
0,0,0,0.6725,1.3451,2.0176,0,0,1.3451,0.6725,0,0,1.3451,0,0,0,0,2.0176,0,0.6725,0,0,0,0.0001,0.0002,0.0002,0,0,0.0002,0.0001,0,0,0.0002,0,0,0,0,0.0002,0,0.0001,0.1752,0.1523,0.1752,0.1523,
2.4227,0.4845,0,0.4845,0.4845,2.4227,0.4845,1.4536,2.9072,1.4536,0.9691,0.4845,2.4227,1.4536,0,0,1.4536,1.4536,0,0,0.0002,0,0,0,0,0.0002,0,0.0001,0.0002,0.0001,0.0001,0,0.0002,0.0001,0,0,0.0001,0.0001,0,0,0.2507,0.2647,0.2507,0.2647,
0,0.4074,0.4074,0.4074,0.4074,0.8148,1.2221,0.4074,1.2221,1.6295,1.2221,0.4074,0.4074,1.2221,0.4074,1.6295,1.2221,2.0369,1.6295,0.8148,0,0,0,0,0,0.0001,0.0001,0,0.0001,0.0001,0.0001,0,0,0.0001,0,0.0001,0.0001,0.0001,0.0001,0.0001,0.3323,0.2603,0.3323,0.2603,
1.2485,0,0.4162,0.8323,0,0,0.4162,1.6646,0.8323,0,0,0,0,0.4162,7.0746,0,0.4162,0,0.8323,0,0.0002,0,0.0001,0.0001,0,0,0.0001,0.0002,0.0001,0,0,0,0,0.0001,0.0009,0,0.0001,0,0.0001,0,0.2863,0.2975,0.2863,0.2975,
0.4797,0.4797,0.4797,0.4797,0.4797,0.9594,0.4797,1.4391,1.4391,0.9594,0.4797,1.9188,0.9594,0.9594,0.4797,0.4797,0.4797,0.4797,0.4797,0.4797,0,0,0,0,0,0.0001,0,0.0001,0.0001,0.0001,0,0.0001,0.0001,0.0001,0,0,0,0,0,0,0.2587,0.2616,0.2587,0.2616,
0.4933,0.9866,1.4799,0.4933,0,0.4933,0.4933,0.9866,0.9866,1.4799,0,0,0.4933,0.9866,0,0.4933,0,1.4799,0.4933,0.9866,0,0.0001,0.0001,0,0,0,0,0.0001,0.0001,0.0001,0,0,0,0.0001,0,0,0,0.0001,0,0.0001,0.2397,0.267,0.2397,0.267,
0.4348,0,1.3044,0.4348,0.4348,1.7392,0.8696,1.3044,0.4348,0.8696,0.4348,0.8696,1.7392,0.8696,0.8696,0.8696,0.4348,0.4348,1.3044,0.4348,0,0,0.0001,0,0,0.0001,0.0001,0.0001,0,0.0001,0,0.0001,0.0001,0.0001,0.0001,0.0001,0,0,0.0001,0,0.3632,0.202,0.3632,0.202,
0.3771,1.1314,1.1314,1.1314,1.5085,1.5085,0,0.7542,0.3771,1.1314,1.1314,1.1314,1.1314,0.3771,0.7542,0.7542,1.5085,0.7542,0.7542,0.3771,0,0,0,0,0.0001,0.0001,0,0,0,0,0,0,0,0,0,0,0.0001,0,0,0,0.3178,0.3051,0.3178,0.3051,
1.8618,0.4655,1.8618,0.4655,0.4655,1.8618,0,0.9309,0,0.9309,0,0.9309,1.3964,1.3964,0.9309,1.3964,1.3964,1.8618,0.4655,0.9309,0.0001,0,0.0001,0,0,0.0001,0,0.0001,0,0.0001,0,0.0001,0.0001,0.0001,0.0001,0.0001,0.0001,0.0001,0,0.0001,0.2286,0.3059,0.2286,0.3059,
0,0.6765,1.3531,0.6765,0,0,0,0,0.6765,0.6765,0,0.6765,0,0,0,0.6765,0,2.0296,0,2.7061,0,0.0001,0.0001,0.0001,0,0,0,0,0.0001,0.0001,0,0.0001,0,0,0,0.0001,0,0.0002,0,0.0002,0.1619,0.1615,0.1619,0.1615,
1.2172,0.4057,0.8115,0,1.6229,1.2172,0.8115,0,1.6229,0.4057,0.8115,1.2172,0.4057,0,0.8115,1.6229,0,0.8115,0.8115,1.2172,0.0001,0,0,0,0.0001,0.0001,0,0,0.0001,0,0,0.0001,0,0,0,0.0001,0,0,0,0.0001,0.3128,0.2815,0.3128,0.2815,
1.1648,1.5531,1.1648,0.7765,0.7765,0,0.7765,0.3883,1.1648,0.7765,0,0.7765,0.7765,0.3883,0.3883,1.1648,0.3883,0.7765,0.7765,2.3296,0,0.0001,0,0,0,0,0,0,0,0,0,0,0,0,0,0,0,0,0,0.0001,0.3059,0.3058,0.3059,0.3058,
1.3677,0.4559,0.9118,0.9118,0.9118,0.4559,1.8236,1.8236,0,0,0.4559,0.9118,1.8236,0,0.4559,0.4559,1.8236,0,0.9118,0.9118,0.0001,0,0.0001,0.0001,0.0001,0,0.0001,0.0001,0,0,0,0.0001,0.0001,0,0,0,0.0001,0,0.0001,0.0001,0.2637,0.2804,0.2637,0.2804,
1.0031,0,0,0,0.6688,1.0031,0.6688,0.3344,2.0063,0.6688,0.6688,0.3344,0.3344,0.6688,4.0125,1.0031,0.6688,0.6688,0,0,0.0001,0,0,0,0.0001,0.0001,0.0001,0,0.0002,0.0001,0.0001,0,0,0.0001,0.0004,0.0001,0.0001,0.0001,0,0,0.2981,0.3676,0.2981,0.3676,
1.8128,0,0,0,0.3626,1.4503,0.3626,0.3626,1.8128,0.7251,0.7251,0,0.3626,0.3626,3.9882,0.3626,1.8128,1.0877,0,0.3626,0.0002,0,0,0,0,0.0001,0,0,0.0002,0.0001,0.0001,0,0,0,0.0004,0,0.0002,0.0001,0,0,0.3385,0.2989,0.3385,0.2989,
0.3454,3.1087,0,0,0,0,0,0,0,0,0.3454,0,0,0,10.0168,1.0362,0,0.3454,0,1.0362,0,0.0002,0,0,0,0,0,0,0,0,0,0,0,0,0.0005,0.0001,0,0,0,0.0001,0.3349,0.3197,0.3349,0.3197,
0.8332,0.4166,0,0.8332,1.6663,0.4166,0.8332,0.8332,1.2497,1.2497,0.8332,1.6663,0.4166,0.8332,0.4166,0.8332,0.4166,1.6663,1.2497,0.8332,0,0,0,0,0.0001,0,0,0,0.0001,0.0001,0,0.0001,0,0,0,0,0,0.0001,0.0001,0,0.2559,0.3275,0.2559,0.3275,
0.9593,0.4797,1.439,0.9593,0.4797,0.9593,0.4797,0.9593,0,1.439,0.9593,0.4797,0.9593,0.4797,0.9593,0.4797,2.3983,0.4797,1.439,1.439,0.0001,0,0.0001,0.0001,0,0.0001,0,0.0001,0,0.0001,0.0001,0,0.0001,0,0.0001,0,0.0002,0,0.0001,0.0001,0.2534,0.267,0.2534,0.267,
0.703,1.0545,0.3515,0,0,0.703,0.3515,1.406,2.109,0.3515,0.3515,0.703,0,0.703,2.4605,0.3515,0,1.406,0,0,0,0.0001,0,0,0,0,0,0.0001,0.0001,0,0,0,0,0,0.0002,0,0,0.0001,0,0,0.3267,0.3218,0.3267,0.3218,
0.4233,1.27,1.27,0.8467,0,1.27,0.8467,0.8467,0.4233,0,1.27,0.8467,0.8467,0,0,1.6933,0.4233,0.8467,0.4233,2.1166,0,0.0001,0.0001,0,0,0.0001,0,0,0,0,0.0001,0,0,0,0,0.0001,0,0,0,0.0001,0.278,0.2986,0.278,0.2986,
0.3709,0.3709,0.7418,0.7418,1.1127,0.3709,1.8545,0,1.4836,0.3709,1.1127,0.3709,0.3709,0,0.3709,0.3709,1.1127,0.3709,1.4836,0.7418,0,0,0.0001,0.0001,0.0001,0,0.0001,0,0.0001,0,0.0001,0,0,0,0,0,0.0001,0,0.0001,0.0001,0.3401,0.289,0.3401,0.289,
0.4856,0.9713,0.4856,0,0,0.4856,0.4856,0.4856,0.4856,0.4856,0.9713,0.9713,0.9713,0.4856,1.4569,0.4856,0.9713,0.9713,1.4569,0.4856,0,0.0001,0,0,0,0,0,0,0,0,0.0001,0.0001,0.0001,0,0.0001,0,0.0001,0.0001,0.0001,0,0.2441,0.2703,0.2441,0.2703,
0.3852,0.3852,0.3852,1.5409,0.7704,0.3852,1.1557,0.7704,1.9261,0.7704,1.5409,0.3852,0,0.3852,0,2.3113,1.1557,0.7704,1.5409,0.3852,0,0,0,0.0001,0,0,0.0001,0,0.0001,0,0.0001,0,0,0,0,0.0001,0.0001,0,0.0001,0,0.3206,0.2942,0.3206,0.2942,
2.0592,0,0,0,0,0,0,0.6864,2.0592,3.4319,0,0.6864,0,0,0,0,0,0.6864,0,0,0.0003,0,0,0,0,0,0,0.0001,0.0003,0.0005,0,0.0001,0,0,0,0,0,0.0001,0,0,0.1449,0.1687,0.1449,0.1687,
0.391,0.7819,1.1729,1.1729,0.391,0.391,1.1729,0,0.391,0.391,0.7819,0.7819,1.1729,0.391,1.1729,1.1729,0.391,0.7819,1.9548,1.1729,0,0,0.0001,0.0001,0,0,0.0001,0,0,0,0,0,0.0001,0,0.0001,0.0001,0,0,0.0001,0.0001,0.3247,0.2843,0.3247,0.2843,
3.9267,0,1.178,0.7853,0.7853,0.3927,1.178,0.7853,0.7853,1.9634,0.3927,0,0.7853,0.3927,0.3927,0.3927,0.7853,1.178,0.3927,0.7853,0.0003,0,0.0001,0.0001,0.0001,0,0.0001,0.0001,0.0001,0.0001,0,0,0.0001,0,0,0,0.0001,0.0001,0,0.0001,0.2903,0.3171,0.2903,0.3171,
0,0,0.7205,0,0.7205,0.7205,1.4409,0.7205,0,0,0,0.7205,1.4409,0.7205,0,0.7205,0.7205,0.7205,0.7205,0.7205,0,0,0.0001,0,0.0001,0.0001,0.0002,0.0001,0,0,0,0.0001,0.0002,0.0001,0,0.0001,0.0001,0.0001,0.0001,0.0001,0.182,0.0975,0.182,0.0975,
0.5976,0.5976,1.1951,0.5976,0,1.7927,0,0.5976,0.5976,0.5976,0,0,0,1.1951,0,1.1951,1.1951,2.3902,0,0.5976,0,0,0.0001,0,0,0.0001,0,0,0,0,0,0,0,0.0001,0,0.0001,0.0001,0.0002,0,0,0.2146,0.1878,0.2146,0.1878,
0,0,1.1728,1.1728,0,1.1728,0,0.5864,0,0.5864,1.7592,0,0.5864,0,0.5864,0.5864,1.7592,1.1728,0,0.5864,0,0,0.0001,0.0001,0,0.0001,0,0.0001,0,0.0001,0.0002,0,0.0001,0,0.0001,0.0001,0.0002,0.0001,0,0.0001,0.1715,0.2421,0.1715,0.2421,
2.6806,0,0.4468,0.4468,2.2339,0.4468,0.4468,1.3403,0.8935,1.3403,0.8935,0.4468,1.7871,0.8935,0.8935,0.4468,1.7871,2.6806,0.4468,0.4468,0.0002,0,0,0,0.0001,0,0,0.0001,0.0001,0.0001,0.0001,0,0.0001,0.0001,0.0001,0,0.0001,0.0002,0,0,0.2564,0.2968,0.2564,0.2968,
0.7743,1.1615,0.3872,0,0,0.7743,0.3872,0.7743,2.3229,0,0.7743,0.3872,0.3872,0.7743,2.3229,0.3872,0.3872,2.3229,0,0,0.0001,0.0001,0,0,0,0.0001,0,0.0001,0.0002,0,0.0001,0,0,0.0001,0.0002,0,0,0.0002,0,0,0.3036,0.3092,0.3036,0.3092,
0.4073,0.8146,0,1.2218,0,0,1.2218,0.4073,0.4073,1.6291,1.2218,1.2218,1.6291,0.4073,0.8146,0.8146,0.4073,0.8146,2.8509,0,0,0,0,0.0001,0,0,0.0001,0,0,0.0001,0.0001,0.0001,0.0001,0,0,0,0,0,0.0001,0,0.316,0.2767,0.316,0.2767,
0.489,0.9779,0.489,1.4669,0.489,0,0,1.9559,0.489,1.4669,0.489,0.9779,1.4669,0.489,0,1.9559,0.9779,1.4669,0.489,1.9559,0,0,0,0.0001,0,0,0,0.0001,0,0.0001,0,0,0.0001,0,0,0.0001,0,0.0001,0,0.0001,0.2717,0.2393,0.2717,0.2393,
3.8014,0,1.2671,0,2.5343,0.6336,0,3.1678,0,3.1678,1.2671,0,1.9007,0,0,2.5343,0,1.9007,0,0.6336,0.0002,0,0.0001,0,0.0001,0,0,0.0002,0,0.0002,0.0001,0,0.0001,0,0,0.0001,0,0.0001,0,0,0.1663,0.2002,0.1663,0.2002,
1.001,0,0,0.5005,2.002,0.5005,0,1.001,0.5005,3.5035,0.5005,2.002,1.001,0.5005,1.001,1.5015,0.5005,2.002,0,1.001,0.0001,0,0,0,0.0001,0,0,0.0001,0,0.0002,0,0.0001,0.0001,0,0.0001,0.0001,0,0.0001,0,0.0001,0.2456,0.2539,0.2456,0.2539,
1.0389,1.0389,1.0389,0.5194,1.0389,0,0.5194,2.0778,0.5194,1.5583,1.5583,2.0778,0.5194,1.0389,0,1.0389,1.5583,1.5583,1.5583,0,0.0001,0.0001,0.0001,0,0.0001,0,0,0.0001,0,0.0001,0.0001,0.0001,0,0.0001,0,0.0001,0.0001,0.0001,0.0001,0,0.2275,0.253,0.2275,0.253,
1.1092,3.3277,0,1.1092,0.5546,2.2185,0,1.6638,1.1092,0.5546,0,0.5546,1.1092,0,0,1.1092,0,0.5546,0,0.5546,0,0.0001,0,0,0,0.0001,0,0.0001,0,0,0,0,0,0,0,0,0,0,0,0,0.2219,0.2235,0.2219,0.2235,
1.6411,0,0.8205,0.8205,0.4103,0,0,0.8205,1.2308,2.8719,0.8205,1.2308,0.8205,0.8205,2.0513,1.6411,0,0.8205,0,0,0.0001,0,0,0,0,0,0,0,0.0001,0.0002,0,0.0001,0,0,0.0001,0.0001,0,0,0,0,0.3055,0.2842,0.3055,0.2842,
1.7064,1.1376,0.5688,0,1.1376,1.1376,0,0.5688,0.5688,1.1376,1.7064,0,1.1376,1.1376,0.5688,0,1.7064,1.1376,0,1.1376,0.0001,0.0001,0,0,0.0001,0.0001,0,0,0,0.0001,0.0001,0,0.0001,0.0001,0,0,0.0001,0.0001,0,0.0001,0.2096,0.2216,0.2096,0.2216,
1.8787,0,0.9394,0.4697,2.3484,0.4697,0,2.3484,0,3.2877,0.4697,0,2.3484,0.9394,0.9394,0.9394,0.4697,2.3484,0.4697,0.4697,0.0001,0,0.0001,0,0.0001,0,0,0.0001,0,0.0002,0,0,0.0001,0.0001,0.0001,0.0001,0,0.0001,0,0,0.2692,0.2611,0.2692,0.2611,
1.9316,1.5453,0.7726,0.7726,0.7726,1.5453,0,0.7726,0.3863,1.5453,1.9316,0,0,0.3863,1.1589,1.1589,0.7726,0.3863,0.7726,1.1589,0.0001,0.0001,0,0,0,0.0001,0,0,0,0.0001,0.0001,0,0,0,0.0001,0.0001,0,0,0,0.0001,0.286,0.3277,0.286,0.3277,
0.5338,0,1.0676,0,3.2027,1.6014,0,1.0676,1.0676,1.6014,0.5338,1.0676,2.1352,0,1.0676,1.0676,0.5338,2.1352,0,0.5338,0,0,0.0001,0,0.0002,0.0001,0,0.0001,0.0001,0.0001,0,0.0001,0.0002,0,0.0001,0.0001,0,0.0002,0,0,0.2303,0.236,0.2303,0.236,
0.4657,1.8629,1.3972,0,0.9314,0.4657,1.3972,0.4657,0.9314,0.4657,0,2.3286,0,0,0.4657,1.3972,0,0.4657,0,0.9314,0,0.0001,0.0001,0,0,0,0.0001,0,0,0,0,0.0001,0,0,0,0.0001,0,0,0,0,0.2505,0.2838,0.2505,0.2838,
0.5588,0.5588,0.5588,0.5588,1.6765,2.2353,0,2.2353,1.1176,3.3529,0.5588,0.5588,0,1.1176,0,0.5588,1.6765,1.1176,0,0,0,0,0,0,0.0001,0.0001,0,0.0001,0.0001,0.0002,0,0,0,0.0001,0,0,0.0001,0.0001,0,0,0.2422,0.199,0.2422,0.199,
0,2.4208,0,0,0,0.8069,0,0.8069,0,0,0.8069,0,0,0.8069,0.8069,0.8069,1.6139,0,0,0,0,0.0002,0,0,0,0.0001,0,0.0001,0,0,0.0001,0,0,0.0001,0.0001,0.0001,0.0001,0,0,0,0.0967,0.0963,0.0967,0.0963,
0,0,0.687,0.687,0,0,1.374,0,0,1.374,0.687,0,0,0,0,1.374,1.374,1.374,0.687,0,0,0,0.0001,0.0001,0,0,0.0002,0,0,0.0002,0.0001,0,0,0,0,0.0002,0.0002,0.0002,0.0001,0,0.1845,0.1285,0.1845,0.1285,
2.2795,0,0,0,0.6513,1.3026,0.3256,0.3256,1.3026,0.6513,0.6513,0.6513,0.3256,0.3256,4.2334,0.3256,1.3026,0.6513,0,0,0.0002,0,0,0,0.0001,0.0001,0,0,0.0001,0.0001,0.0001,0.0001,0,0,0.0004,0,0.0001,0.0001,0,0,0.3985,0.2758,0.3985,0.2758,
1.4046,1.4046,1.0535,2.1069,0.7023,0.3512,0.7023,0.3512,0.3512,1.0535,0.7023,0.7023,0.7023,0.3512,0.7023,0.3512,0.7023,1.4046,1.0535,0.7023,0.0001,0.0001,0,0.0001,0,0,0,0,0,0,0,0,0,0,0,0,0,0.0001,0,0,0.3216,0.3272,0.3216,0.3272,
0.4051,1.2153,0,0.4051,0,0.8102,0.4051,1.2153,2.0255,0.4051,0.8102,1.2153,0.4051,0.8102,2.4306,0.8102,0.4051,1.6204,0,0,0,0.0001,0,0,0,0.0001,0,0.0001,0.0001,0,0.0001,0.0001,0,0.0001,0.0002,0.0001,0,0.0001,0,0,0.2914,0.3034,0.2914,0.3034,
1.1696,3.5089,0,0.5848,1.1696,1.7544,0.5848,1.7544,0,0,0,1.7544,1.7544,0,0.5848,0.5848,1.7544,0.5848,0.5848,0,0,0.0001,0,0,0,0.0001,0,0.0001,0,0,0,0.0001,0.0001,0,0,0,0.0001,0,0,0,0.2172,0.198,0.2172,0.198,
0.359,0,0,0.359,0.359,1.0769,0.7179,0,2.5127,1.4358,0.7179,0.7179,0.359,0.359,3.5895,1.4358,0.7179,0.7179,0,0.359,0,0,0,0,0,0.0001,0.0001,0,0.0002,0.0001,0.0001,0.0001,0,0,0.0003,0.0001,0.0001,0.0001,0,0,0.3077,0.3334,0.3077,0.3334,
0.4048,1.6194,0.4048,2.0242,0.8097,0.8097,0.4048,1.6194,0.4048,1.2145,0.8097,0,0.8097,0,0.8097,2.4291,0,1.2145,0.4048,0,0,0.0001,0,0.0001,0,0,0,0.0001,0,0.0001,0,0,0,0,0,0.0001,0,0.0001,0,0,0.3149,0.2803,0.3149,0.2803,
0.7568,0,0,0,0.7568,0.7568,0,0,0.7568,3.7839,0.7568,0.7568,0,0,0,0.7568,0,0,0,0,0.0001,0,0,0,0.0001,0.0001,0,0,0.0001,0.0004,0.0001,0.0001,0,0,0,0.0001,0,0,0,0,0.1093,0.134,0.1093,0.134,
0.3963,1.1889,0,0.3963,0,0.7926,0.3963,0.7926,2.3777,0,1.1889,0.3963,0.3963,0.7926,2.774,0.7926,0,1.9814,0,0,0,0.0001,0,0,0,0.0001,0,0.0001,0.0002,0,0.0001,0,0,0.0001,0.0002,0.0001,0,0.0001,0,0,0.3172,0.2865,0.3172,0.2865,
0.4341,0.4341,1.3024,0.8683,0,2.6049,2.1707,0,0.4341,0.4341,1.3024,0.4341,1.3024,0.4341,0,2.1707,0.8683,0.4341,0,1.7366,0,0,0.0001,0.0001,0,0.0002,0.0001,0,0,0,0.0001,0,0.0001,0,0,0.0001,0.0001,0,0,0.0001,0.3286,0.2372,0.3286,0.2372,
0.3295,0,0,0,0.9885,0.659,0.659,0,3.2949,0.659,0.3295,0.659,0.9885,0.9885,4.2834,1.318,0.3295,0.3295,0,0,0,0,0,0,0.0001,0.0001,0.0001,0,0.0003,0.0001,0,0.0001,0.0001,0.0001,0.0004,0.0001,0,0,0,0,0.3199,0.3506,0.3199,0.3506,
0.7314,0.3657,0.3657,0.7314,1.0972,0.7314,0.7314,0,1.0972,0.7314,0.7314,0.3657,0.3657,1.0972,1.8286,2.1943,0.3657,0.7314,0.7314,0.7314,0,0,0,0,0.0001,0,0,0,0.0001,0,0,0,0,0.0001,0.0001,0.0001,0,0,0,0,0.2743,0.36,0.2743,0.36,
0.5718,0,0.5718,0,0,0.5718,0.5718,1.7155,1.7155,1.7155,0,0.5718,0,0,0,0,0,1.7155,0,0,0.0001,0,0.0001,0,0,0.0001,0.0001,0.0002,0.0002,0.0002,0,0.0001,0,0,0,0,0,0.0002,0,0,0.2136,0.2145,0.2136,0.2145,
1.929,0,0,0.4822,0.9645,0,0,0,1.4467,2.4112,0.9645,1.4467,0.4822,0.9645,1.4467,1.4467,0.9645,0.9645,0,0,0.0001,0,0,0,0.0001,0,0,0,0.0001,0.0002,0.0001,0.0001,0,0.0001,0.0001,0.0001,0.0001,0.0001,0,0,0.2217,0.2961,0.2217,0.2961,
1.4656,0.977,0,0,0.4885,1.4656,0.4885,0.977,0,1.4656,0,1.4656,0,0.977,1.4656,1.4656,0.4885,0.4885,1.4656,0,0.0001,0,0,0,0,0.0001,0,0,0,0.0001,0,0.0001,0,0,0.0001,0.0001,0,0,0.0001,0,0.267,0.2445,0.267,0.2445,
1.7198,0.4299,0.8599,0.8599,0.4299,0.4299,0,1.7198,1.7198,2.1497,0.4299,0.4299,0,0,0.8599,0.8599,0.4299,2.1497,0,1.2898,0.0001,0,0.0001,0.0001,0,0,0,0.0001,0.0001,0.0001,0,0,0,0,0.0001,0.0001,0,0.0001,0,0.0001,0.2741,0.2959,0.2741,0.2959,
0.3962,0.7924,0.7924,0.7924,1.5848,0.7924,1.1886,1.1886,0,0.3962,0.3962,0.3962,0.7924,0,1.5848,0,2.3772,0.3962,1.1886,1.1886,0,0,0,0,0.0001,0,0.0001,0.0001,0,0,0,0,0,0,0.0001,0,0.0001,0,0.0001,0.0001,0.3358,0.268,0.3358,0.268,
2.3199,0.58,0,0.58,0.58,0.58,0.58,2.3199,0.58,1.16,0.58,0.58,0,0.58,0,1.16,0,3.4799,1.16,1.74,0.0001,0,0,0,0,0,0,0.0001,0,0.0001,0,0,0,0,0,0.0001,0,0.0002,0.0001,0.0001,0.2026,0.2174,0.2026,0.2174,
0,0,0,0,0.7887,2.366,0,0.7887,0,0.7887,0,0,0,0,0.7887,1.5773,1.5773,0,0,0,0,0,0,0,0.0001,0.0003,0,0.0001,0,0.0001,0,0,0,0,0.0001,0.0002,0.0002,0,0,0,0.1345,0.0768,0.1345,0.0768,
1.3787,0.6893,0,1.3787,0,0,0.6893,0,0.6893,0,0.6893,0,0,0.6893,2.068,0,0,0.6893,0,1.3787,0.0002,0.0001,0,0.0002,0,0,0.0001,0,0.0001,0,0.0001,0,0,0.0001,0.0003,0,0,0.0001,0,0.0002,0.131,0.1797,0.131,0.1797,
1.8146,0,0,0.6049,0.6049,0,0,0.6049,0.6049,1.8146,0,0,2.4195,1.2097,1.8146,0.6049,1.8146,1.8146,0,0,0.0002,0,0,0.0001,0.0001,0,0,0.0001,0.0001,0.0002,0,0,0.0002,0.0001,0.0002,0.0001,0.0002,0.0002,0,0,0.2081,0.187,0.2081,0.187,
1.2384,1.2384,0.4128,1.6511,0.8256,1.2384,0.8256,1.6511,0.4128,0,0.8256,0,0.8256,1.6511,0.8256,1.6511,0.4128,0.8256,0,0.8256,0.0001,0.0001,0,0.0001,0,0.0001,0,0.0001,0,0,0,0,0,0.0001,0,0.0001,0,0,0,0,0.31,0.2772,0.31,0.2772,
1.5851,0,0,2.1135,1.0568,2.6419,0,1.0568,1.0568,4.2271,1.0568,0,0,0.5284,0,0.5284,0.5284,1.0568,0.5284,0.5284,0.0001,0,0,0.0001,0.0001,0.0002,0,0.0001,0.0001,0.0003,0.0001,0,0,0,0,0,0,0.0001,0,0,0.2356,0.236,0.2356,0.236,
0.4087,0.4087,0,2.4521,1.6347,0.4087,0,2.0434,1.6347,0.8174,0.8174,0,0.8174,2.0434,0.8174,1.2261,0.8174,0,0.4087,0,0,0,0,0.0002,0.0001,0,0,0.0001,0.0001,0.0001,0.0001,0,0.0001,0.0001,0.0001,0.0001,0.0001,0,0,0,0.2927,0.2986,0.2927,0.2986,
0,0.5386,0,1.6158,1.0772,0.5386,0,0,0.5386,0,2.1544,0.5386,0.5386,0,1.0772,0,1.6158,1.6158,0.5386,0.5386,0,0,0,0.0001,0.0001,0,0,0,0,0,0.0002,0,0,0,0.0001,0,0.0001,0.0001,0,0,0.2762,0.1852,0.2762,0.1852,
0,0,2.8065,1.1226,0.5613,0.5613,0,0.5613,2.2452,1.6839,1.1226,0,1.6839,0.5613,0,0.5613,1.1226,0.5613,0,0,0,0,0.0002,0.0001,0,0,0,0,0.0002,0.0001,0.0001,0,0.0001,0,0,0,0.0001,0,0,0,0.2178,0.2209,0.2178,0.2209,
0.7191,1.0786,0.3595,0.7191,0.3595,0.3595,1.4381,0.7191,0.7191,0.7191,0.3595,0.3595,0.7191,0.7191,1.4381,0.7191,0,0.3595,0.7191,1.0786,0,0.0001,0,0,0,0,0.0001,0,0,0,0,0,0,0,0.0001,0,0,0,0,0.0001,0.3017,0.3388,0.3017,0.3388,
1.0684,0,0,1.0684,0.5342,0,1.0684,0,0.5342,0.5342,0.5342,1.0684,1.6025,2.1367,0.5342,1.0684,2.6709,2.1367,0.5342,0,0.0001,0,0,0.0001,0,0,0.0001,0,0,0,0,0.0001,0.0001,0.0002,0,0.0001,0.0002,0.0002,0,0,0.2232,0.2427,0.2232,0.2427,
0,0,0.6976,0.6976,0.6976,1.3952,0,0.6976,0.6976,0,0.6976,0.6976,1.3952,0,0,0.6976,0.6976,0.6976,0,0.6976,0,0,0.0001,0.0001,0.0001,0.0002,0,0.0001,0.0001,0,0.0001,0.0001,0.0002,0,0,0.0001,0.0001,0.0001,0,0.0001,0.175,0.1274,0.175,0.1274,
0.6956,0,1.0434,2.7824,0.3478,0.3478,0,0.6956,3.1302,0.6956,0.6956,0.3478,1.0434,1.0434,0,1.3912,1.0434,0,0,0,0.0001,0,0.0001,0.0002,0,0,0,0.0001,0.0002,0.0001,0.0001,0,0.0001,0.0001,0,0.0001,0.0001,0,0,0,0.3307,0.3215,0.3307,0.3215,
1.477,2.4617,0.4923,0.4923,0.4923,1.9694,0.4923,0.9847,1.477,0.4923,0,1.477,0,0,0.4923,0.4923,0,0.9847,0,0,0.0001,0.0001,0,0,0,0.0001,0,0,0.0001,0,0,0.0001,0,0,0,0,0,0,0,0,0.2988,0.2089,0.2988,0.2089,
1.7996,0.5999,1.7996,0,0.5999,0,0,0.5999,0.5999,0.5999,0.5999,1.1997,0.5999,0.5999,0,1.1997,0.5999,2.9993,0,0.5999,0.0001,0,0.0001,0,0,0,0,0,0,0,0,0.0001,0,0,0,0.0001,0,0.0002,0,0,0.2076,0.1925,0.2076,0.1925,
0.6675,0.6675,0.6675,0,0.6675,0.6675,0.6675,0,0.6675,0,0.6675,0,0,0.6675,0,0.6675,1.3349,0.6675,0.6675,0,0.0001,0.0001,0.0001,0,0.0001,0.0001,0.0001,0,0.0001,0,0.0001,0,0,0.0001,0,0.0001,0.0001,0.0001,0.0001,0,0.1392,0.1933,0.1392,0.1933,
1.0704,0.7136,2.1409,0,0.7136,1.4272,0.7136,1.4272,1.0704,0.3568,1.0704,0.7136,0.7136,0.7136,0.7136,0.7136,1.0704,1.0704,0.3568,1.0704,0.0001,0,0.0001,0,0,0.0001,0,0.0001,0.0001,0,0.0001,0,0,0,0,0,0.0001,0.0001,0,0.0001,0.355,0.2882,0.355,0.2882,
0,0,0.6603,0,1.3206,0.6603,0,0,0.6603,0,0,0.6603,0.6603,0,0.6603,0,1.9808,1.3206,0,0.6603,0,0,0.0001,0,0.0002,0.0001,0,0,0.0001,0,0,0.0001,0.0001,0,0.0001,0,0.0002,0.0002,0,0.0001,0.1639,0.1758,0.1639,0.1758,
0,0.6244,0.6244,0.6244,0.6244,0.6244,0.6244,0.6244,0.6244,1.2488,0.6244,1.2488,0.6244,0,0.6244,0,0,0,0,0.6244,0,0.0001,0.0001,0.0001,0.0001,0.0001,0.0001,0.0001,0.0001,0.0001,0.0001,0.0001,0.0001,0,0.0001,0,0,0,0,0.0001,0.1698,0.2058,0.1698,0.2058,
1.98,1.188,0.792,0,0.792,0.396,0.792,0.792,0.792,0.792,1.584,0.792,1.98,1.188,1.188,1.188,0.396,0.396,0.792,1.188,0.0001,0.0001,0,0,0,0,0,0,0,0,0.0001,0,0.0001,0.0001,0.0001,0.0001,0,0,0,0.0001,0.3186,0.2854,0.3186,0.2854,
0.8215,0,1.2323,0,1.2323,1.2323,0.4108,0.8215,1.2323,0.4108,0.4108,0.4108,1.2323,0.8215,1.2323,0.4108,1.2323,0,1.2323,1.2323,0.0001,0,0.0001,0,0.0001,0.0001,0,0.0001,0.0001,0,0,0,0.0001,0.0001,0.0001,0,0.0001,0,0.0001,0.0001,0.2845,0.3047,0.2845,0.3047,
1.9096,1.5277,0.3819,1.5277,0.7638,1.1458,1.1458,0.3819,1.5277,0.3819,0.3819,0.7638,1.1458,0.3819,0.7638,0,0.3819,1.1458,0.3819,0.7638,0.0001,0.0001,0,0.0001,0,0.0001,0.0001,0,0.0001,0,0,0,0.0001,0,0,0,0,0.0001,0,0,0.3161,0.302,0.3161,0.302,
0.5628,0,1.1255,1.1255,1.1255,0.5628,1.1255,0,0,0.5628,0,0.5628,1.1255,0.5628,0,1.1255,0,1.1255,0,0,0.0001,0,0.0001,0.0001,0.0001,0.0001,0.0001,0,0,0.0001,0,0.0001,0.0001,0.0001,0,0.0001,0,0.0001,0,0,0.2022,0.235,0.2022,0.235,
1.2484,0.4161,0.4161,1.6645,0.4161,0,0,0.4161,1.2484,3.7452,0.8323,0.4161,0,0.8323,0.4161,2.0807,2.4968,0.8323,0,0,0.0001,0,0,0.0001,0,0,0,0,0.0001,0.0002,0,0,0,0,0,0.0001,0.0001,0,0,0,0.2689,0.315,0.2689,0.315,
2.4562,0.4912,1.4737,1.965,0.9825,0.9825,0,0,0.4912,0.4912,0.9825,0,0.9825,0.9825,0,0.9825,0.4912,0.4912,0,0.4912,0.0001,0,0.0001,0.0001,0.0001,0.0001,0,0,0,0,0.0001,0,0.0001,0.0001,0,0.0001,0,0,0,0,0.2725,0.2362,0.2725,0.2362,
2.6982,0,0.5396,0.5396,2.6982,0.5396,0,2.1586,1.0793,1.6189,0.5396,0,1.0793,0,0.5396,0.5396,1.0793,0.5396,0,0.5396,0.0002,0,0,0,0.0002,0,0,0.0002,0.0001,0.0001,0,0,0.0001,0,0,0,0.0001,0,0,0,0.2397,0.2206,0.2397,0.2206,
0,0,0,0.7427,0.7427,0.7427,0,0.7427,0.7427,0.7427,0.7427,0.7427,0,0.7427,0,0,0,0.7427,0,0,0,0,0,0.0001,0.0001,0.0001,0,0.0001,0.0001,0.0001,0.0001,0.0001,0,0.0001,0,0,0,0.0001,0,0,0.1304,0.1269,0.1304,0.1269,
1.736,0,0.434,0.868,0,0.868,0.868,0.868,0.868,0.434,0.868,0,0.434,0.434,0.434,0.868,1.736,1.736,1.302,1.302,0.0001,0,0,0.0001,0,0.0001,0.0001,0.0001,0.0001,0,0.0001,0,0,0,0,0.0001,0.0001,0.0001,0.0001,0.0001,0.2769,0.2891,0.2769,0.2891,
0.534,0,0,0.534,2.6699,0.534,0,0.534,0.534,3.7379,0.534,2.6699,1.068,0.534,0.534,1.602,1.602,1.602,0.534,0.534,0,0,0,0,0.0002,0,0,0,0,0.0002,0,0.0002,0.0001,0,0,0.0001,0.0001,0.0001,0,0,0.2248,0.2412,0.2248,0.2412,
0.4418,0.8836,0.8836,0.4418,1.7673,1.3255,0,0.8836,0.8836,0.8836,0.4418,0.8836,0.4418,0.4418,1.3255,1.3255,1.3255,0.8836,0.8836,0.4418,0,0,0,0,0.0001,0.0001,0,0,0,0,0,0,0,0,0.0001,0.0001,0.0001,0,0,0,0.2675,0.2906,0.2675,0.2906,
1.3806,1.3806,0.6903,0.6903,0.6903,0.6903,0,0.6903,0,0.6903,0,1.3806,0,0,0,0,0,1.3806,0,1.3806,0.0001,0.0001,0,0,0,0,0,0,0,0,0,0.0001,0,0,0,0,0,0.0001,0,0.0001,0.1184,0.1912,0.1184,0.1912,
0.9019,0,0.9019,0,1.3528,0.9019,0.9019,0,0.4509,2.2547,0,0.4509,1.8037,1.3528,0.9019,0.9019,0.4509,0.9019,0.4509,1.3528,0.0001,0,0.0001,0,0.0001,0.0001,0.0001,0,0,0.0002,0,0,0.0001,0.0001,0.0001,0.0001,0,0.0001,0,0.0001,0.2597,0.2894,0.2597,0.2894,
0.4261,0.8523,1.7046,1.2784,0.4261,0.4261,0.4261,2.1307,1.2784,0.8523,0.8523,0.4261,1.2784,0.8523,0.4261,0.8523,0,0.4261,1.2784,0.4261,0,0,0.0001,0.0001,0,0,0,0.0001,0.0001,0,0,0,0.0001,0,0,0,0,0,0.0001,0,0.2813,0.2925,0.2813,0.2925,
0.3628,0.3628,0.3628,1.4513,1.8142,0.3628,0.7257,0,1.0885,1.8142,1.0885,0.7257,0.3628,0.7257,1.0885,0.7257,0.7257,0.7257,1.0885,0.7257,0,0,0,0.0001,0.0001,0,0,0,0.0001,0.0001,0.0001,0,0,0,0.0001,0,0,0,0.0001,0,0.3204,0.3167,0.3204,0.3167,
0.4947,0.4947,0.4947,0.9895,0.9895,1.4842,0,0.9895,0.9895,2.9684,0,0.9895,1.9789,0.9895,0,3.4632,2.4737,1.4842,0.4947,0.9895,0,0,0,0,0,0.0001,0,0,0,0.0001,0,0,0.0001,0,0,0.0002,0.0001,0.0001,0,0,0.231,0.2743,0.231,0.2743,
0.5884,3.5305,0.5884,0.5884,0.5884,1.7652,0,1.1768,1.7652,1.1768,0,0.5884,1.1768,0,0,1.1768,1.1768,1.7652,0,0.5884,0,0.0001,0,0,0,0.0001,0,0,0.0001,0,0,0,0,0,0,0,0,0.0001,0,0,0.1952,0.2164,0.1952,0.2164,
1.3601,0.4534,1.3601,1.3601,1.3601,0.4534,0,1.3601,0.9068,0.4534,0,0.4534,0,0.9068,0.4534,0.9068,0.4534,1.8135,0.4534,0,0.0001,0,0.0001,0.0001,0.0001,0,0,0.0001,0.0001,0,0,0,0,0.0001,0,0.0001,0,0.0001,0,0,0.2464,0.3003,0.2464,0.3003,
1.7243,1.2932,0.8621,0.4311,0.8621,0.4311,1.2932,1.2932,0.4311,1.7243,0.4311,1.7243,0.8621,1.2932,0.4311,2.5864,0,0.4311,0,0.4311,0.0001,0.0001,0,0,0,0,0.0001,0.0001,0,0.0001,0,0.0001,0,0.0001,0,0.0001,0,0,0,0,0.2905,0.2785,0.2905,0.2785,
0.6309,0.9464,0.6309,0.9464,0.3155,1.8927,1.5773,0.3155,0.6309,0.3155,1.2618,0.6309,0.3155,1.2618,0.9464,0.3155,0.3155,0.9464,0.9464,0.3155,0,0.0001,0,0.0001,0,0.0001,0.0001,0,0,0,0.0001,0,0,0.0001,0.0001,0,0,0.0001,0.0001,0,0.3312,0.3533,0.3312,0.3533,
0.9591,0.4796,0.9591,0.4796,1.4387,1.4387,0.9591,0.9591,0.9591,0.9591,0.4796,0.9591,1.4387,0.9591,0,0.9591,0,0.4796,0.4796,0.9591,0.0001,0,0.0001,0,0.0001,0.0001,0.0001,0.0001,0.0001,0.0001,0,0.0001,0.0001,0.0001,0,0.0001,0,0,0,0.0001,0.263,0.2574,0.263,0.2574,
1.2417,3.7252,0,0.6209,0,1.2417,0,1.8626,1.2417,1.2417,0,1.2417,1.2417,0,0,1.2417,1.2417,1.2417,0,1.2417,0,0.0001,0,0,0,0,0,0.0001,0,0,0,0,0,0,0,0,0,0,0,0,0.2107,0.1685,0.2107,0.1685,
0.8003,0.8003,0.8003,0.4002,0.8003,1.6006,0.4002,0,0,0.4002,1.2005,1.2005,1.2005,1.6006,1.2005,0.4002,0,0.8003,2.0008,0.8003,0,0,0,0,0,0.0001,0,0,0,0,0.0001,0.0001,0.0001,0.0001,0.0001,0,0,0,0.0001,0,0.2919,0.3079,0.2919,0.3079,
0,0,0.6651,1.3302,0.6651,0,0,0,0,0,0,0,1.3302,0,0,2.6604,0.6651,0.6651,1.3302,0.6651,0,0,0.0001,0.0001,0.0001,0,0,0,0,0,0,0,0.0001,0,0,0.0003,0.0001,0.0001,0.0001,0.0001,0.1435,0.1914,0.1435,0.1914,
2.2222,0,0,1.1111,0.5556,3.3333,0,2.7778,0,2.7778,0.5556,0,0,0.5556,0.5556,1.1111,1.6667,1.6667,0,0.5556,0.0001,0,0,0.0001,0,0.0002,0,0.0002,0,0.0002,0,0,0,0,0,0.0001,0.0001,0.0001,0,0,0.2506,0.1939,0.2506,0.1939,
2.6357,0.5271,1.0543,0,2.1086,1.0543,0.5271,0.5271,0.5271,0.5271,0,0,0.5271,1.5814,0.5271,0,0,0,0.5271,1.0543,0.0002,0,0.0001,0,0.0002,0.0001,0,0,0,0,0,0,0,0.0001,0,0,0,0,0,0.0001,0.2119,0.2609,0.2119,0.2609,
0.7217,1.4434,0,0.7217,0.7217,0,0,1.4434,0,0,0.7217,0,0,0.7217,0.7217,0.7217,0,0,0,0,0.0001,0.0001,0,0.0001,0.0001,0,0,0.0001,0,0,0.0001,0,0,0.0001,0.0001,0.0001,0,0,0,0,0.1309,0.1474,0.1309,0.1474,
1.8122,0,0,0,1.8122,1.2081,0,3.0204,0.6041,4.2285,0.6041,0,0,0,0.6041,1.2081,3.0204,0,0,0.6041,0.0001,0,0,0,0.0001,0.0001,0,0.0002,0,0.0003,0,0,0,0,0,0.0001,0.0002,0,0,0,0.221,0.175,0.221,0.175,
1.0323,1.0323,0,0,2.0647,1.0323,0.5162,1.0323,1.0323,1.0323,1.0323,1.0323,1.5485,1.0323,1.0323,0.5162,0.5162,0,0,0.5162,0.0001,0.0001,0,0,0.0001,0.0001,0,0.0001,0.0001,0.0001,0.0001,0.0001,0.0001,0.0001,0.0001,0,0,0,0,0,0.2623,0.2215,0.2623,0.2215,
2.0122,0.8049,0.8049,1.2073,0.4024,0.4024,1.2073,0.4024,0.4024,1.2073,0.4024,0,0.4024,0.8049,0.8049,0,1.6097,0.4024,0.8049,0.4024,0.0001,0.0001,0.0001,0.0001,0,0,0.0001,0,0,0.0001,0,0,0,0.0001,0.0001,0,0.0001,0,0.0001,0,0.2849,0.3127,0.2849,0.3127,
0,0.6976,0.6976,0.6976,0,0,1.3952,0.6976,0.6976,0.6976,1.3952,0.6976,1.3952,0,0,0,0.6976,2.0928,0,0,0,0.0001,0.0001,0.0001,0,0,0.0001,0.0001,0.0001,0.0001,0.0001,0.0001,0.0001,0,0,0,0.0001,0.0002,0,0,0.1822,0.1202,0.1822,0.1202,
0.5482,3.289,0.5482,0.5482,1.6445,1.0963,0.5482,1.6445,1.0963,0,0,0.5482,1.0963,0,0,1.0963,1.6445,1.0963,0,0.5482,0,0.0001,0,0,0.0001,0,0,0.0001,0,0,0,0,0,0,0,0,0.0001,0,0,0,0.2366,0.2152,0.2366,0.2152,
0.7379,1.1069,0,0.369,0,0.7379,0.369,0.7379,2.2137,0.7379,0.7379,0.369,0.369,0.7379,2.5827,0.7379,0,1.4758,0,0,0,0.0001,0,0,0,0,0,0,0.0001,0,0,0,0,0,0.0002,0,0,0.0001,0,0,0.3269,0.3042,0.3269,0.3042,
0.345,0.345,1.035,0.345,1.035,0.345,0.69,1.7251,1.035,1.3801,0.345,0.69,0,0.69,1.3801,0.69,1.035,1.3801,0.345,1.035,0,0,0.0001,0,0.0001,0,0,0.0001,0.0001,0.0001,0,0,0,0,0.0001,0,0.0001,0.0001,0,0.0001,0.3826,0.2723,0.3826,0.2723,
0.4643,0.4643,0,0.4643,0,0.9287,0.4643,0.9287,2.786,0.9287,0.4643,0,0.4643,0.9287,0.9287,0,0.4643,1.8573,0.4643,0.4643,0,0,0,0,0,0.0001,0,0.0001,0.0002,0.0001,0,0,0,0.0001,0.0001,0,0,0.0002,0,0,0.2554,0.2803,0.2554,0.2803,
0.4193,0,0.4193,0.8386,1.6772,0.4193,0.8386,1.6772,0,5.0315,1.6772,0.8386,0.4193,0.4193,1.6772,0,0,0.4193,0.4193,2.0964,0,0,0,0.0001,0.0001,0,0.0001,0.0001,0,0.0003,0.0001,0.0001,0,0,0.0001,0,0,0,0,0.0001,0.2608,0.32,0.2608,0.32,
1.8079,0,0,0,0.3616,1.4463,0.3616,0,2.1695,1.0848,0.3616,0,0.3616,0.3616,3.6159,0.7232,1.4463,1.4463,0,0.3616,0.0002,0,0,0,0,0.0001,0,0,0.0002,0.0001,0,0,0,0,0.0003,0.0001,0.0001,0.0001,0,0,0.3386,0.2999,0.3386,0.2999,
0,0.7866,0.3933,1.5732,0.3933,1.1799,0,0.7866,0.3933,1.1799,1.5732,0.7866,0.7866,1.5732,0.7866,1.1799,1.5732,1.5732,1.1799,0.3933,0,0,0,0.0001,0,0.0001,0,0,0,0.0001,0.0001,0,0,0.0001,0,0.0001,0.0001,0.0001,0.0001,0,0.2811,0.3257,0.2811,0.3257,
0.6382,0.9572,0.6382,0.3191,0.6382,0.9572,0.9572,0.9572,1.5954,0.6382,0.9572,0.6382,0.3191,0.3191,1.9145,0.9572,0.3191,0.3191,0.9572,0.6382,0,0.0001,0,0,0,0.0001,0.0001,0.0001,0.0001,0,0.0001,0,0,0,0.0001,0.0001,0,0,0.0001,0,0.3827,0.2982,0.3827,0.2982,
1.246,2.492,1.6613,0,2.0767,0.4153,1.6613,0,0,1.246,0.4153,1.246,0.4153,0.4153,0.4153,0.8307,1.246,1.6613,0.4153,1.246,0,0.0001,0.0001,0,0.0001,0,0.0001,0,0,0,0,0,0,0,0,0,0,0.0001,0,0,0.2885,0.2961,0.2885,0.2961,
0.5968,1.1937,0.5968,0.5968,0,0,0,0,0.5968,0.5968,0,0,1.7905,0.5968,1.1937,0,0.5968,0.5968,1.7905,1.1937,0,0.0001,0,0,0,0,0,0,0,0,0,0,0.0001,0,0.0001,0,0,0,0.0001,0.0001,0.1777,0.2255,0.1777,0.2255,
0,0,0.7266,0,0,0.7266,0.7266,0.7266,0.7266,0.7266,1.4533,0,0.7266,0,0,0,0.7266,0,0,0,0,0,0.0001,0,0,0.0001,0.0001,0.0001,0.0001,0.0001,0.0002,0,0.0001,0,0,0,0.0001,0,0,0,0.1522,0.1212,0.1522,0.1212,
0,0,1.9426,0,0.6475,1.9426,0,0,0.6475,1.2951,0,0.6475,1.2951,0,0,1.9426,0,0,0.6475,0.6475,0,0,0.0001,0,0,0.0001,0,0,0,0.0001,0,0,0.0001,0,0,0.0001,0,0,0,0,0.1956,0.1568,0.1956,0.1568,
2.7464,0,0.5493,0,0.5493,3.2956,0,2.7464,2.1971,0,0.5493,0,0,0,0,0.5493,0.5493,1.0985,0,1.0985,0.0002,0,0,0,0,0.0002,0,0.0002,0.0002,0,0,0,0,0,0,0,0,0.0001,0,0.0001,0.2901,0.1607,0.2901,0.1607,
1.4451,0,0.9634,0.9634,0.9634,0.4817,0,0.9634,1.4451,0.9634,0,0,0,0,0,1.9269,1.9269,0.9634,0,0,0.0001,0,0.0001,0.0001,0.0001,0,0,0.0001,0.0001,0.0001,0,0,0,0,0,0.0001,0.0001,0.0001,0,0,0.2623,0.256,0.2623,0.256,
0.5139,0,1.0279,0.5139,1.0279,0,0.5139,2.0557,0,0.5139,1.5418,2.0557,2.0557,1.5418,0.5139,1.0279,0,1.5418,1.0279,0,0,0,0.0001,0,0.0001,0,0,0.0001,0,0,0.0001,0.0001,0.0001,0.0001,0,0.0001,0,0.0001,0.0001,0,0.2751,0.211,0.2751,0.211,
0.9721,0,0,0,1.9442,0,0,1.9442,0,1.4581,0.486,0.9721,0.486,0.486,1.4581,2.9163,0,1.9442,0.9721,1.9442,0.0001,0,0,0,0.0001,0,0,0.0001,0,0.0001,0,0.0001,0,0,0.0001,0.0002,0,0.0001,0.0001,0.0001,0.2777,0.2363,0.2777,0.2363,
0.8631,0.8631,0.8631,1.2947,0.8631,0,0.8631,0.8631,0,0.4316,0.8631,0.4316,0.8631,0.4316,1.7263,2.5894,0.8631,0.8631,0,0.8631,0.0001,0.0001,0.0001,0.0001,0.0001,0,0.0001,0.0001,0,0,0.0001,0,0.0001,0,0.0001,0.0002,0.0001,0.0001,0,0.0001,0.2875,0.2809,0.2875,0.2809,
0.8901,0.8901,1.3351,0.8901,0.445,1.7802,0,0.8901,0,0,1.3351,1.3351,0.445,1.3351,0.8901,1.3351,0.445,0.8901,0.8901,0.445,0.0001,0.0001,0.0001,0.0001,0,0.0001,0,0.0001,0,0,0.0001,0.0001,0,0.0001,0.0001,0.0001,0,0.0001,0.0001,0,0.2939,0.2611,0.2939,0.2611,
0.658,0,0.658,0,0.9869,0.658,0.329,0.658,3.9477,1.3159,0.658,0.9869,0.329,0,0.658,2.6318,0.329,0.9869,0.329,0.329,0,0,0,0,0.0001,0,0,0,0.0003,0.0001,0,0.0001,0,0,0,0.0002,0,0.0001,0,0,0.3111,0.3599,0.3111,0.3599,
0.9811,0,0.9811,0,0,2.9433,1.4717,0.4906,0.4906,2.4528,0,0.4906,0.4906,0,0.4906,0.9811,0.9811,0,0.4906,0.4906,0.0001,0,0.0001,0,0,0.0002,0.0001,0,0,0.0002,0,0,0,0,0,0.0001,0.0001,0,0,0,0.2601,0.2494,0.2601,0.2494,
0.7161,0.7161,1.7902,0.358,0.358,0.7161,0.7161,0.358,0.358,1.4322,2.1483,1.0741,1.0741,0.358,1.7902,0.358,1.7902,1.4322,0.358,0,0,0,0.0001,0,0,0,0,0,0,0.0001,0.0001,0.0001,0.0001,0,0.0001,0,0.0001,0.0001,0,0,0.296,0.3459,0.296,0.3459,
0.8284,0.4142,0.8284,1.6568,0.8284,0.8284,0.8284,1.2426,0.4142,1.2426,0.8284,1.2426,0.4142,1.2426,0.4142,1.2426,0.8284,1.2426,1.2426,0.4142,0,0,0,0.0001,0,0,0,0.0001,0,0.0001,0,0.0001,0,0.0001,0,0.0001,0,0.0001,0.0001,0,0.3227,0.2631,0.3227,0.2631,
0,1.4328,0,0.7164,1.4328,0,0.7164,0.7164,0,0.7164,0.7164,0.7164,0,0.7164,0,0.7164,0.7164,1.4328,0,0.7164,0,0.0001,0,0,0.0001,0,0,0,0,0,0,0,0,0,0,0,0,0.0001,0,0,0.1406,0.1431,0.1406,0.1431,
0.7563,0.3781,0.7563,0.7563,0,1.5125,0.3781,0.3781,0.7563,1.5125,0.3781,0,0.3781,0.7563,1.8906,0.3781,0.7563,1.8906,0.3781,0,0.0001,0,0.0001,0.0001,0,0.0001,0,0,0.0001,0.0001,0,0,0,0.0001,0.0001,0,0.0001,0.0001,0,0,0.2789,0.3429,0.2789,0.3429,
0.7124,1.781,0,0.7124,1.0686,0.7124,0.7124,1.4248,1.781,0.7124,1.4248,0,0.7124,0.7124,1.0686,0.3562,0,0,0.3562,0.3562,0,0.0001,0,0,0,0,0,0.0001,0.0001,0,0.0001,0,0,0,0,0,0,0,0,0,0.3408,0.303,0.3408,0.303,
0.8798,0.4399,0.4399,0.4399,0.4399,1.3197,0.4399,0.8798,1.3197,0.4399,1.7596,0.8798,0.4399,1.7596,0.4399,1.3197,0.4399,0.4399,1.3197,1.3197,0,0,0,0,0,0.0001,0,0,0.0001,0,0.0001,0,0,0.0001,0,0.0001,0,0,0.0001,0.0001,0.2739,0.2862,0.2739,0.2862,
1.3868,0,0.6934,0.6934,0,1.3868,0,0,1.3868,0,0,0.6934,1.3868,0,0,0,0,0.6934,0,0.6934,0.0002,0,0.0001,0.0001,0,0.0002,0,0,0.0002,0,0,0.0001,0.0002,0,0,0,0,0.0001,0,0.0001,0.1708,0.1358,0.1708,0.1358,
2.9051,0,0,0.581,1.1621,1.1621,0,1.1621,0.581,4.6482,0.581,1.1621,0.581,0.581,0.581,0.581,0.581,2.3241,0,0,0.0002,0,0,0,0.0001,0.0001,0,0.0001,0,0.0003,0,0.0001,0,0,0,0,0,0.0002,0,0,0.2011,0.2179,0.2011,0.2179,
0.7797,1.1695,0,0.3898,0,0.7797,0.7797,0.7797,2.3391,0,1.1695,0,0,1.1695,2.3391,0.3898,0.7797,1.9492,0,0,0.0001,0.0001,0,0,0,0.0001,0.0001,0.0001,0.0002,0,0.0001,0,0,0.0001,0.0002,0,0.0001,0.0001,0,0,0.3125,0.2976,0.3125,0.2976,
2.255,0,0,1.804,0.451,1.353,0,1.353,0,2.706,0,0.451,2.255,0,1.804,0.902,0.902,1.353,0,0.451,0.0002,0,0,0.0001,0,0.0001,0,0.0001,0,0.0002,0,0,0.0002,0,0.0001,0.0001,0.0001,0.0001,0,0,0.2787,0.2703,0.2787,0.2703,
1.3885,0,1.3885,0,0,2.7771,0.6943,0.6943,0,0.6943,0,0.6943,0,0,0,0.6943,0,1.3885,0,0,0.0001,0,0.0001,0,0,0.0003,0.0001,0.0001,0,0.0001,0,0.0001,0,0,0,0.0001,0,0.0001,0,0,0.1443,0.1614,0.1443,0.1614,
1.3736,0.4579,1.3736,0.9158,0.4579,0.4579,0.4579,1.8315,0.9158,0.9158,0.9158,0.4579,1.8315,0.9158,1.3736,0.9158,0.4579,0.4579,0.4579,1.3736,0.0001,0,0.0001,0.0001,0,0,0,0.0001,0.0001,0.0001,0.0001,0,0.0001,0.0001,0.0001,0.0001,0,0,0,0.0001,0.328,0.2141,0.328,0.2141,
1.7005,0,0.5668,0,1.1337,1.7005,0,1.1337,0,2.2673,1.1337,0.5668,0,0,0.5668,1.1337,0.5668,2.2673,1.7005,0,0.0001,0,0,0,0.0001,0.0001,0,0.0001,0,0.0001,0.0001,0,0,0,0,0.0001,0,0.0001,0.0001,0,0.2613,0.1719,0.2613,0.1719,
1.8801,0,0,0,0,2.8202,0,0,0,0,0.9401,0,0.9401,0,0,3.7602,1.8801,0,0,0,0.0004,0,0,0,0,0.0005,0,0,0,0,0.0002,0,0.0002,0,0,0.0007,0.0004,0,0,0,0.0268,0.0331,0.0268,0.0331,
0.4974,0.4974,0.9947,0,0.4974,0,0,0.9947,0.4974,1.9895,1.9895,0.9947,0.9947,0,0.9947,1.9895,0,0,3.4816,0,0,0,0,0,0,0,0,0,0,0.0001,0.0001,0,0,0,0,0.0001,0,0,0.0002,0,0.2444,0.2583,0.2444,0.2583,
2.2124,0,0.5531,0,1.1062,1.1062,0,2.2124,0,2.7655,0.5531,0.5531,0.5531,0,1.6593,2.2124,2.7655,2.7655,0,0,0.0001,0,0,0,0.0001,0.0001,0,0.0001,0,0.0002,0,0,0,0,0.0001,0.0001,0.0002,0.0002,0,0,0.23,0.2169,0.23,0.2169,
0.4247,0.4247,0,2.5481,1.2741,0,0,1.2741,0.8494,1.6987,1.2741,0.8494,0,0.4247,0.8494,0,0.4247,0.8494,0,0.8494,0,0,0,0.0002,0.0001,0,0,0.0001,0.0001,0.0001,0.0001,0.0001,0,0,0.0001,0,0,0.0001,0,0.0001,0.2834,0.2919,0.2834,0.2919,
2.0838,0,1.0419,0.6946,0.3473,0.3473,0.3473,1.0419,2.4311,1.0419,0.6946,0.6946,0.3473,1.0419,0.6946,0.6946,0.3473,1.0419,0,1.3892,0.0001,0,0.0001,0,0,0,0,0.0001,0.0002,0.0001,0,0,0,0.0001,0,0,0,0.0001,0,0.0001,0.3168,0.3359,0.3168,0.3359,
0.4596,1.3788,1.3788,0,0,0,0.9192,0.9192,0.4596,0,0.9192,0.4596,0.4596,2.7576,1.3788,0.4596,0.9192,0.9192,0.4596,0,0,0.0001,0.0001,0,0,0,0.0001,0.0001,0,0,0.0001,0,0,0.0002,0.0001,0,0.0001,0.0001,0,0,0.3064,0.2339,0.3064,0.2339,
1.5884,0,0.5295,0.5295,1.0589,0.5295,0,0.5295,0.5295,0.5295,1.0589,0,0.5295,0,1.0589,0.5295,1.5884,0.5295,0.5295,1.0589,0.0001,0,0,0,0.0001,0,0,0,0,0,0.0001,0,0,0,0.0001,0,0.0001,0,0,0.0001,0.2732,0.1974,0.2732,0.1974,
0.4007,4.8086,1.6029,0,0,1.6029,0,0,3.2057,0,0.4007,1.6029,0.4007,1.2022,0,0.4007,0.8014,0.8014,0,0,0,0.0002,0.0001,0,0,0.0001,0,0,0.0001,0,0,0.0001,0,0,0,0,0,0,0,0,0.3246,0.2747,0.3246,0.2747,
1.2913,0.8609,0,1.2913,0.8609,0,1.2913,0.4304,0.8609,1.7217,0.4304,0.8609,0.4304,0.8609,0.8609,2.1521,0,1.2913,0,0.4304,0.0001,0,0,0.0001,0,0,0.0001,0,0,0.0001,0,0,0,0,0,0.0001,0,0.0001,0,0,0.3167,0.2529,0.3167,0.2529,
1.0462,0,0.5231,0,1.0462,4.1849,0,2.6156,0,2.6156,0.5231,0,0.5231,0,0.5231,2.0925,2.0925,1.5693,0.5231,1.0462,0.0001,0,0,0,0.0001,0.0002,0,0.0001,0,0.0001,0,0,0,0,0,0.0001,0.0001,0.0001,0,0.0001,0.2283,0.2486,0.2283,0.2486,
0,0,1.5217,0.7609,0,3.0434,0,0,0,0.7609,0,0,0,0.7609,0,0,0,0.7609,0,0,0,0,0.0003,0.0001,0,0.0005,0,0,0,0.0001,0,0,0,0.0001,0,0,0,0.0001,0,0,0.108,0.1311,0.108,0.1311,
1.0484,0,0.5242,0,1.0484,4.1936,0,3.6694,0,2.621,0.5242,0,0.5242,0,0.5242,2.0968,1.5726,1.0484,0.5242,1.0484,0.0001,0,0,0,0.0001,0.0002,0,0.0002,0,0.0001,0,0,0,0,0,0.0001,0.0001,0.0001,0,0.0001,0.223,0.2528,0.223,0.2528,
0.7242,0.7242,0,0.7242,0.7242,0.7242,1.4485,0.7242,0,0,0,0,0,0.7242,0,0,0.7242,0,0,0.7242,0.0001,0.0001,0,0.0001,0.0001,0.0001,0.0002,0.0001,0,0,0,0,0,0.0001,0,0,0.0001,0,0,0.0001,0.13,0.1458,0.13,0.1458,
1.3146,0,0.6573,1.3146,0,0.6573,0,0.6573,0.6573,2.6293,0,1.9719,0.6573,0.6573,0,1.3146,0,0.6573,0,0.6573,0.0001,0,0,0.0001,0,0,0,0,0,0.0002,0,0.0001,0,0,0,0.0001,0,0,0,0,0.1594,0.1833,0.1594,0.1833,
1.1573,0.7716,0,0.7716,0.3858,1.1573,1.5431,0.3858,0.7716,1.1573,1.5431,0.7716,0.3858,1.1573,0.3858,1.1573,0.7716,0.7716,1.1573,0.7716,0.0001,0,0,0,0,0.0001,0.0001,0,0,0.0001,0.0001,0,0,0.0001,0,0.0001,0,0,0.0001,0,0.2646,0.3496,0.2646,0.3496,
0.4766,0,0,0.4766,0.4766,0.4766,0.9533,0.4766,1.4299,0.9533,0.4766,0.4766,0.9533,1.4299,0.4766,2.3832,0.9533,2.8599,0,0,0,0,0,0,0,0,0.0001,0,0.0001,0.0001,0,0,0.0001,0.0001,0,0.0002,0.0001,0.0002,0,0,0.2618,0.2616,0.2618,0.2616,
1.1849,1.1849,0,0,0,0.7899,1.9748,0.7899,0.7899,1.1849,1.1849,0.7899,1.9748,1.9748,0.7899,0.395,1.5799,1.1849,0.395,0.7899,0.0001,0.0001,0,0,0,0,0.0001,0,0,0.0001,0.0001,0,0.0001,0.0001,0,0,0.0001,0.0001,0,0,0.3016,0.3034,0.3016,0.3034,
0.6813,0.6813,0,1.7032,1.0219,1.3626,2.0439,0.3406,0.6813,0,0.3406,0.6813,0,0.3406,1.7032,0.6813,0.6813,2.0439,0,1.0219,0,0,0,0.0001,0.0001,0.0001,0.0001,0,0,0,0,0,0,0,0.0001,0,0,0.0001,0,0.0001,0.3288,0.3306,0.3288,0.3306,
0.8522,1.7044,1.2783,0.4261,1.2783,0.8522,0,0,1.7044,2.5566,1.2783,0.4261,0.8522,1.2783,0.8522,1.2783,0,1.2783,0,0.4261,0,0.0001,0.0001,0,0.0001,0,0,0,0.0001,0.0001,0.0001,0,0,0.0001,0,0.0001,0,0.0001,0,0,0.2898,0.2841,0.2898,0.2841,
1.9304,0,0.6435,0,0.6435,0.6435,0,0,1.287,2.5739,0,0.6435,0,0.6435,0,1.287,0,0.6435,0,0.6435,0.0001,0,0,0,0,0,0,0,0.0001,0.0002,0,0,0,0,0,0.0001,0,0,0,0,0.1654,0.1911,0.1654,0.1911,
1.4648,0,0,0,0,2.1973,0,0.7324,1.4648,1.4648,0,0.7324,0.7324,0,0,2.1973,0,0.7324,0,0,0.0002,0,0,0,0,0.0002,0,0.0001,0.0002,0.0002,0,0.0001,0.0001,0,0,0.0002,0,0.0001,0,0,0.1362,0.1314,0.1362,0.1314,
2.912,0.416,1.248,0.832,1.248,1.248,0,0.416,1.248,0.832,1.248,0.416,0.416,0,0.416,0,0.832,0.416,0,0.832,0.0002,0,0.0001,0.0001,0.0001,0.0001,0,0,0.0001,0.0001,0.0001,0,0,0,0,0,0.0001,0,0,0.0001,0.271,0.313,0.271,0.313,
0.6461,3.2305,0,0,0,0,0.323,0.323,0,0,0.323,0,0.6461,0,8.0762,0.9691,0.323,0.6461,0,0.6461,0,0.0002,0,0,0,0,0,0,0,0,0,0,0,0,0.0004,0,0,0,0,0,0.376,0.301,0.376,0.301,
1.0286,0.5143,0.5143,1.5429,0,1.0286,1.5429,1.5429,0,0,2.0572,0.5143,1.0286,1.0286,0,1.5429,0.5143,0,1.0286,0.5143,0.0001,0,0,0.0001,0,0.0001,0.0001,0.0001,0,0,0.0001,0,0.0001,0.0001,0,0.0001,0,0,0.0001,0,0.2687,0.217,0.2687,0.217,
0,1.5113,0.7557,0,0,0.7557,0,0,0,0,1.5113,0.7557,0.7557,0,0.7557,0,0,0.7557,0,0,0,0.0001,0.0001,0,0,0.0001,0,0,0,0,0.0001,0.0001,0.0001,0,0.0001,0,0,0.0001,0,0,0.1273,0.117,0.1273,0.117,
0.8146,0,0,0,0.8146,0,0.8146,0,0,0.8146,1.6293,0,0,0.8146,0,0,0,0.8146,0.8146,0.8146,0.0002,0,0,0,0.0002,0,0.0002,0,0,0.0002,0.0003,0,0,0.0002,0,0,0,0.0002,0.0002,0.0002,0.0933,0.092,0.0933,0.092,
2.087,2.087,0.4174,0.8348,0,1.6696,0.8348,1.6696,0.4174,1.6696,1.6696,0.4174,0.8348,0.4174,0.8348,0.4174,0.4174,1.2522,0.4174,1.2522,0.0001,0.0001,0,0,0,0.0001,0,0.0001,0,0.0001,0.0001,0,0,0,0,0,0,0.0001,0,0.0001,0.2989,0.2837,0.2989,0.2837,
0,0,0.6843,0.6843,0.6843,1.3686,0,0,0,0.6843,0.6843,0,2.053,0,0.6843,0.6843,0,0.6843,0.6843,0,0,0,0.0001,0.0001,0.0001,0.0002,0,0,0,0.0001,0.0001,0,0.0002,0,0.0001,0.0001,0,0.0001,0.0001,0,0.183,0.1327,0.183,0.1327,
1.3179,1.3179,0.6589,0.9884,0.6589,0.6589,0.6589,0.6589,2.9652,0.9884,0.3295,1.3179,0,0,1.3179,0.3295,0.9884,0.6589,0,0.6589,0.0001,0.0001,0,0.0001,0,0,0,0,0.0002,0.0001,0,0.0001,0,0,0.0001,0,0.0001,0,0,0,0.3356,0.335,0.3356,0.335,
0,0.7452,0.7452,1.1178,0.7452,1.1178,1.8629,0.3726,0.7452,0,1.1178,0.7452,0.3726,0.3726,0.7452,1.1178,0.7452,0.3726,0.3726,0.3726,0,0,0,0.0001,0,0.0001,0.0001,0,0,0,0.0001,0,0,0,0,0.0001,0,0,0,0,0.3258,0.3016,0.3258,0.3016,
1.6338,0.5446,1.0892,1.0892,1.0892,0.5446,0,1.0892,0,0.5446,0,0,0.5446,1.0892,1.0892,0.5446,0,1.6338,0,0,0.0001,0,0.0001,0.0001,0.0001,0,0,0.0001,0,0,0,0,0,0.0001,0.0001,0,0,0.0001,0,0,0.1757,0.2797,0.1757,0.2797,
0,1.1471,0,0,1.1471,0.5735,1.7206,1.1471,0.5735,0,0.5735,1.1471,0,1.1471,0.5735,0.5735,0.5735,0,0,0.5735,0,0.0001,0,0,0.0001,0,0.0001,0.0001,0,0,0,0.0001,0,0.0001,0,0,0,0,0,0,0.2144,0.212,0.2144,0.212,
0,0.7894,0.7894,0,0,0,0,2.3681,0,0,0.7894,0,1.5787,0.7894,0.7894,0,0.7894,0,0,0,0,0.0001,0.0001,0,0,0,0,0.0003,0,0,0.0001,0,0.0002,0.0001,0.0001,0,0.0001,0,0,0,0.1055,0.1052,0.1055,0.1052,
0.7737,1.9341,2.321,0.3868,0.3868,1.1605,1.5473,0.7737,0.3868,0.7737,0,0.3868,0,1.1605,0.7737,1.5473,0,1.1605,0.7737,0.3868,0,0.0001,0.0001,0,0,0.0001,0.0001,0,0,0,0,0,0,0.0001,0,0.0001,0,0.0001,0,0,0.2612,0.352,0.2612,0.352,
0.4858,0.9717,0.4858,0.9717,0,0.4858,1.4575,0,0.4858,0.4858,0.9717,1.4575,0.4858,0.4858,0.4858,0.4858,0.4858,1.4575,0,0,0,0.0001,0,0.0001,0,0,0.0001,0,0,0,0.0001,0.0001,0,0,0,0,0,0.0001,0,0,0.2575,0.2567,0.2575,0.2567,
1.0153,0,0,1.0153,2.5384,1.523,0,1.523,1.523,2.0307,0.5077,0,1.523,0,0.5077,0.5077,1.523,1.523,0,0.5077,0.0001,0,0,0.0001,0.0002,0.0001,0,0.0001,0.0001,0.0002,0,0,0.0001,0,0,0,0.0001,0.0001,0,0,0.2318,0.2605,0.2318,0.2605,
0.5793,0,1.1586,0.5793,0.5793,1.1586,1.1586,0.5793,1.1586,0.5793,0,0.5793,0,0,0.5793,0.5793,0.5793,1.7379,0,0,0.0001,0,0.0001,0.0001,0.0001,0.0001,0.0001,0.0001,0.0001,0.0001,0,0.0001,0,0,0.0001,0.0001,0.0001,0.0002,0,0,0.2534,0.1673,0.2534,0.1673,
0.9681,2.9044,0.4841,0,1.4522,2.4203,0,1.4522,0,0,0,1.4522,0,1.9362,1.4522,0.4841,0.4841,0,0,0,0,0.0001,0,0,0.0001,0.0001,0,0.0001,0,0,0,0.0001,0,0.0001,0.0001,0,0,0,0,0,0.2732,0.2427,0.2732,0.2427,
0.6423,0,1.2846,0,0.6423,0.6423,0,0,0.6423,0.6423,0.6423,0,0,0.6423,0.6423,1.2846,1.2846,1.9269,0,0,0.0001,0,0.0001,0,0.0001,0.0001,0,0,0.0001,0.0001,0.0001,0,0,0.0001,0.0001,0.0001,0.0001,0.0002,0,0,0.2252,0.1325,0.2252,0.1325,
0,0,1.5176,1.5176,0,1.897,0.3794,1.1382,1.1382,0,1.1382,0.3794,0.3794,0.3794,0.3794,0.3794,0,1.5176,0.7588,1.1382,0,0,0.0001,0.0001,0,0.0001,0,0.0001,0.0001,0,0.0001,0,0,0,0,0,0,0.0001,0,0.0001,0.3321,0.2885,0.3321,0.2885,
1.3618,0,0,0.6809,0,0,0,0.6809,0,1.3618,0,0,1.3618,0,1.3618,1.3618,0.6809,2.0427,0,0,0.0002,0,0,0.0001,0,0,0,0.0001,0,0.0002,0,0,0.0002,0,0.0002,0.0002,0.0001,0.0003,0,0,0.1625,0.1566,0.1625,0.1566,
1.02,0,1.02,0.51,1.02,2.0399,0,2.0399,0,4.5898,0.51,0,0.51,1.02,1.02,0,1.02,1.5299,0,1.02,0.0001,0,0.0001,0,0.0001,0.0001,0,0.0001,0,0.0003,0,0,0,0.0001,0.0001,0,0.0001,0.0001,0,0.0001,0.259,0.231,0.259,0.231,
0.4919,0,0.9838,0,2.4596,0.4919,0,1.9677,1.4758,1.9677,0.4919,0.4919,0.9838,0,1.4758,1.4758,0.9838,2.4596,0,0.4919,0,0,0.0001,0,0.0002,0,0,0.0001,0.0001,0.0001,0,0,0.0001,0,0.0001,0.0001,0.0001,0.0002,0,0,0.2386,0.2695,0.2386,0.2695,
1.2407,0,1.2407,1.6542,0.4136,0,0,2.4813,0.4136,1.2407,0.4136,0.8271,1.2407,0.4136,0.8271,0.4136,0.4136,0.4136,0.8271,0,0.0001,0,0.0001,0.0001,0,0,0,0.0002,0,0.0001,0,0.0001,0.0001,0,0.0001,0,0,0,0.0001,0,0.2996,0.2868,0.2996,0.2868,
0,0,0.4227,0.8454,0.8454,0.4227,0.8454,0.4227,1.2681,0.8454,1.2681,1.2681,0.4227,0.4227,1.6909,0.8454,0.4227,0.8454,0,1.2681,0,0,0,0.0001,0.0001,0,0.0001,0,0.0001,0.0001,0.0001,0.0001,0,0,0.0001,0.0001,0,0.0001,0,0.0001,0.2869,0.2904,0.2869,0.2904,
0.673,1.3461,0.3365,1.0096,0.3365,0,0.673,0.3365,3.0287,0.673,0.673,1.6826,0.3365,0.3365,1.3461,0.673,2.0191,0.3365,0,0.673,0,0.0001,0,0.0001,0,0,0,0,0.0002,0,0,0.0001,0,0,0.0001,0,0.0001,0,0,0,0.378,0.2855,0.378,0.2855,
1.8412,0,0.3682,1.473,0.7365,0.7365,0.3682,0,0.7365,1.1047,0.3682,0.7365,1.473,0.3682,2.946,0.7365,0.7365,1.1047,0.3682,0.7365,0.0001,0,0,0.0001,0.0001,0.0001,0,0,0.0001,0.0001,0,0.0001,0.0001,0,0.0002,0.0001,0.0001,0.0001,0,0.0001,0.3258,0.3059,0.3258,0.3059,
1.2981,0,0,0,0.3245,1.2981,0.649,0.3245,2.9207,0.3245,0.649,0.649,0.649,0.3245,2.9207,0,1.2981,0.3245,0,0.3245,0.0001,0,0,0,0,0.0001,0.0001,0,0.0003,0,0.0001,0.0001,0.0001,0,0.0003,0,0.0001,0,0,0,0.3546,0.3208,0.3546,0.3208,
0,0.6565,0,0.6565,0,0.6565,0,0,0,0,0,0.6565,0,0.6565,1.9695,0.6565,0,1.313,0.6565,0,0,0.0001,0,0.0001,0,0.0001,0,0,0,0,0,0.0001,0,0.0001,0.0002,0.0001,0,0.0001,0.0001,0,0.1804,0.1631,0.1804,0.1631,
1.7318,1.7318,0,0.8659,0.8659,1.7318,0.8659,1.2988,0.4329,0.4329,0,1.2988,0.4329,2.1647,0.8659,1.7318,0.4329,1.7318,0.8659,0.4329,0.0001,0.0001,0,0,0,0.0001,0,0.0001,0,0,0,0.0001,0,0.0001,0,0.0001,0,0.0001,0,0,0.2688,0.2983,0.2688,0.2983,
0.5009,0.5009,0.5009,0,1.5027,0.5009,0,0.5009,0.5009,1.0018,0,1.0018,0.5009,0,1.5027,0.5009,0.5009,0.5009,0.5009,1.5027,0,0,0,0,0.0001,0,0,0,0,0.0001,0,0.0001,0,0,0.0001,0,0,0,0,0.0001,0.2675,0.2316,0.2675,0.2316,
1.0827,0,1.0827,0.5414,0.5414,1.0827,0.5414,0.5414,0,1.0827,1.6241,1.6241,0.5414,1.0827,0.5414,0.5414,1.0827,1.0827,0.5414,1.6241,0.0001,0,0.0001,0,0,0.0001,0,0,0,0.0001,0.0001,0.0001,0,0.0001,0,0,0.0001,0.0001,0,0.0001,0.2136,0.2451,0.2136,0.2451,
0.7635,1.1453,0,0.3818,0,0.7635,0.7635,1.527,2.2905,0,0.3818,0.3818,0.3818,0.7635,1.9088,0.7635,0,1.9088,0,0,0.0001,0.0001,0,0,0,0.0001,0.0001,0.0001,0.0002,0,0,0,0,0.0001,0.0001,0.0001,0,0.0001,0,0,0.337,0.2813,0.337,0.2813,
1.1103,1.4804,0.7402,0,1.8505,1.1103,1.1103,0.7402,0.7402,1.8505,0.7402,0.7402,0.7402,0.3701,1.1103,0.3701,0.7402,0.3701,0.7402,0.7402,0,0.0001,0,0,0.0001,0,0,0,0,0.0001,0,0,0,0,0,0,0,0,0,0,0.3284,0.3015,0.3284,0.3015,
0,1.7465,0.8732,1.3099,0,2.6197,0.4366,0.8732,0,0.4366,0.4366,0,0.8732,0.4366,2.1831,0.4366,0,0,0.4366,1.3099,0,0.0001,0,0.0001,0,0.0001,0,0,0,0,0,0,0,0,0.0001,0,0,0,0,0.0001,0.2987,0.2647,0.2987,0.2647,
0.9917,0,0.4959,0.4959,0.4959,0.9917,0.9917,0.9917,1.4876,1.4876,0,0,0.9917,1.4876,0,0.4959,0.4959,0.4959,0,2.4793,0.0001,0,0,0,0,0.0001,0.0001,0.0001,0.0001,0.0001,0,0,0.0001,0.0001,0,0,0,0,0,0.0002,0.3078,0.1963,0.3078,0.1963,
0,0,0,1.1323,1.1323,0,0,1.1323,0,3.3968,1.1323,0.5661,0,1.1323,1.1323,1.1323,1.6984,2.2645,0.5661,1.1323,0,0,0,0.0001,0.0001,0,0,0.0001,0,0.0003,0.0001,0.0001,0,0.0001,0.0001,0.0001,0.0002,0.0002,0.0001,0.0001,0.2117,0.2221,0.2117,0.2221,
0.4238,0.8477,1.2715,0.8477,1.2715,0.8477,0.4238,1.6953,0.4238,1.2715,0.8477,1.2715,2.1192,0.4238,1.2715,0,1.2715,0.4238,0.8477,0.8477,0,0,0.0001,0,0.0001,0,0,0.0001,0,0.0001,0,0.0001,0.0001,0,0.0001,0,0.0001,0,0,0,0.2677,0.3085,0.2677,0.3085,
4.1556,0,0.4617,0,0.9235,1.3852,0,1.8469,0.4617,3.2321,0.4617,0.4617,0.4617,0.9235,1.8469,0.9235,0,1.8469,0.4617,0,0.0002,0,0,0,0.0001,0.0001,0,0.0001,0,0.0002,0,0,0,0.0001,0.0001,0.0001,0,0.0001,0,0,0.3159,0.2224,0.3159,0.2224,
0,0,0,0,0.7407,0,0,0.7407,0,0,2.222,0,0,0,1.4813,0.7407,0,0.7407,0.7407,0.7407,0,0,0,0,0.0002,0,0,0.0002,0,0,0.0005,0,0,0,0.0003,0.0002,0,0.0002,0.0002,0.0002,0.1363,0.1231,0.1363,0.1231,
1.1911,0,1.5882,0,1.1911,1.1911,1.5882,0.397,0.397,1.1911,1.1911,1.1911,0.397,1.1911,0.397,0.397,1.9852,0.397,1.1911,0.397,0.0001,0,0.0001,0,0.0001,0.0001,0.0001,0,0,0.0001,0.0001,0.0001,0,0.0001,0,0,0.0001,0,0.0001,0,0.2615,0.3414,0.2615,0.3414,
1.0647,0,0.5323,0.5323,0.5323,0,1.597,1.597,1.597,0,0.5323,1.0647,1.597,0.5323,0,0.5323,0,0.5323,0.5323,0,0.0001,0,0.0001,0.0001,0.0001,0,0.0002,0.0002,0.0002,0,0.0001,0.0001,0.0002,0.0001,0,0.0001,0,0.0001,0.0001,0,0.1977,0.27,0.1977,0.27,
1.3907,1.8542,0,2.3178,1.3907,1.3907,0.4636,1.3907,0.4636,0.9271,0.9271,0,0.9271,0.9271,0,0.4636,0.4636,1.3907,0.4636,0,0.0001,0.0001,0,0.0001,0.0001,0.0001,0,0.0001,0,0,0,0,0,0,0,0,0,0.0001,0,0,0.2668,0.2696,0.2668,0.2696,
1.64,0,0,0,0.328,1.312,0.328,0.328,1.968,0.656,0.656,0,0.328,0.656,3.608,0.984,0.656,0.656,0,0.328,0.0001,0,0,0,0,0.0001,0,0,0.0002,0.0001,0.0001,0,0,0.0001,0.0003,0.0001,0.0001,0.0001,0,0,0.2968,0.3752,0.2968,0.3752,
0.9917,0,0,0.3306,0.6611,1.3223,0.6611,0,2.314,0.9917,0.6611,1.3223,0.3306,0.3306,3.3057,0.6611,0.9917,0.9917,0,0,0.0001,0,0,0,0.0001,0.0001,0.0001,0,0.0002,0.0001,0.0001,0.0001,0,0,0.0003,0.0001,0.0001,0.0001,0,0,0.3808,0.2887,0.3808,0.2887,
1.1298,0.3766,0.7532,0.3766,0.7532,0,1.5063,0.7532,1.1298,0,0.3766,0.7532,1.1298,0,1.5063,0.7532,0.7532,0.7532,1.1298,0,0.0001,0,0.0001,0,0.0001,0,0.0001,0.0001,0.0001,0,0,0.0001,0.0001,0,0.0001,0.0001,0.0001,0.0001,0.0001,0,0.2981,0.3253,0.2981,0.3253,
0.3672,1.1015,0.3672,0.3672,0,0.7343,0.7343,1.4686,2.203,0,0.3672,0,0.7343,0.7343,2.5701,0.3672,0,1.4686,0,0,0,0.0001,0,0,0,0,0,0.0001,0.0001,0,0,0,0,0,0.0002,0,0,0.0001,0,0,0.3521,0.2808,0.3521,0.2808,
1.269,0,0,0,0,0,0.846,0,0,0,0,0,0.846,0,8.8829,0.846,0.423,1.269,0,0,0.0002,0,0,0,0,0,0.0001,0,0,0,0,0,0.0001,0,0.0013,0.0001,0.0001,0.0002,0,0,0.2447,0.3323,0.2447,0.3323,
1.523,0,0,0,0.7615,0,1.523,0,0.7615,0,0,0.7615,0,0.7615,0,0,2.2845,0,0,0,0.0004,0,0,0,0.0002,0,0.0004,0,0.0002,0,0,0.0002,0,0.0002,0,0,0.0005,0,0,0,0.1134,0.1251,0.1134,0.1251,
3.5,0.875,0.875,0,0.4375,1.75,0.4375,1.75,1.75,1.75,0,1.3125,0.4375,0.875,0,2.1875,1.3125,0.4375,0,0,0.0001,0,0,0,0,0.0001,0,0.0001,0.0001,0.0001,0,0.0001,0,0,0,0.0001,0.0001,0,0,0,0.2751,0.2874,0.2751,0.2874,
1.0636,1.0636,0.5318,0.5318,0.5318,1.0636,0,0.5318,1.5954,0.5318,0,1.0636,1.5954,0.5318,1.0636,1.5954,0.5318,0,0.5318,0.5318,0.0001,0.0001,0,0,0,0.0001,0,0,0.0001,0,0,0.0001,0.0001,0,0.0001,0.0001,0,0,0,0,0.2111,0.2571,0.2111,0.2571,
0,0,0,0,1.5112,0,0.7556,1.5112,0.7556,0,0,0,0.7556,0,0,0.7556,0,0,0.7556,0.7556,0,0,0,0,0.0003,0,0.0001,0.0003,0.0001,0,0,0,0.0001,0,0,0.0001,0,0,0.0001,0.0001,0.1468,0.0977,0.1468,0.0977,
0,0,0.6556,0.6556,0.6556,0,0,1.3112,0.6556,1.3112,0,1.9669,0.6556,0.6556,0,0,0.6556,1.3112,0,0,0,0,0.0001,0.0001,0.0001,0,0,0.0001,0.0001,0.0001,0,0.0002,0.0001,0.0001,0,0,0.0001,0.0001,0,0,0.1649,0.1795,0.1649,0.1795,
0,1.2049,1.6065,0.8033,0.8033,0.4016,0.4016,1.2049,0,0.8033,0.4016,0.4016,1.2049,0.4016,0.8033,1.6065,0.8033,0.4016,1.2049,1.2049,0,0.0001,0.0001,0,0,0,0,0.0001,0,0,0,0,0.0001,0,0,0.0001,0,0,0.0001,0.0001,0.2951,0.3033,0.2951,0.3033,
2.4334,0,1.2167,0.4056,2.0278,0.4056,0.4056,2.4334,0.8111,2.4334,0.4056,0.4056,1.6223,0.4056,0.4056,1.2167,1.6223,0.4056,0.4056,0.4056,0.0001,0,0.0001,0,0.0001,0,0,0.0001,0,0.0001,0,0,0.0001,0,0,0.0001,0.0001,0,0,0,0.2794,0.315,0.2794,0.315,
1.0479,1.3972,0,1.0479,0.3493,0.6986,0.3493,0.3493,2.4452,1.0479,0.3493,0.6986,0.6986,0.3493,1.0479,1.7465,1.7465,1.0479,0,1.0479,0,0.0001,0,0,0,0,0,0,0.0001,0,0,0,0,0,0,0.0001,0.0001,0,0,0,0.3389,0.3118,0.3389,0.3118,
0.546,0.546,0.546,2.184,0,0.546,0.546,1.638,0.546,0.546,0.546,1.092,0.546,1.092,0,0,2.184,1.092,1.092,0.546,0,0,0,0.0002,0,0,0,0.0001,0,0,0,0.0001,0,0.0001,0,0,0.0002,0.0001,0.0001,0,0.1967,0.2573,0.1967,0.2573,
1.5932,0.7966,0.7966,2.7881,0,0.3983,0.7966,1.1949,0.7966,1.5932,1.9915,1.1949,0.7966,0.7966,0.3983,1.1949,0,0,0.3983,0.7966,0.0001,0,0,0.0002,0,0,0,0.0001,0,0.0001,0.0001,0.0001,0,0,0,0.0001,0,0,0,0,0.3403,0.2614,0.3403,0.2614,
1.6195,0.5398,0,0.5398,1.6195,1.0797,1.0797,1.0797,0,0,1.0797,1.6195,0.5398,0,0,0.5398,0,0,1.6195,0.5398,0.0001,0,0,0,0.0001,0.0001,0.0001,0.0001,0,0,0.0001,0.0001,0,0,0,0,0,0,0.0001,0,0.2241,0.236,0.2241,0.236,
0.8769,1.7538,0.4384,0.4384,0.4384,0.8769,0.8769,1.7538,0.4384,0.8769,0.8769,1.7538,0.4384,0.4384,1.3153,0.8769,1.3153,0.4384,0,0.4384,0,0.0001,0,0,0,0,0,0.0001,0,0,0,0.0001,0,0,0.0001,0,0.0001,0,0,0,0.278,0.2836,0.278,0.2836,
0.6629,0,1.9888,0,0,0,0.6629,0.3315,3.3146,0.9944,0.3315,0.3315,2.3202,0.9944,1.3258,0.6629,0.6629,0.6629,0.3315,0.6629,0,0,0.0001,0,0,0,0,0,0.0002,0.0001,0,0,0.0002,0.0001,0.0001,0,0,0,0,0,0.378,0.2905,0.378,0.2905,
0,1.2063,0,0.8042,0,0.8042,0.4021,0.8042,3.619,0,1.2063,0.4021,1.2063,0.8042,1.2063,0.4021,0,2.0105,0,0,0,0.0001,0,0.0001,0,0.0001,0,0.0001,0.0002,0,0.0001,0,0.0001,0.0001,0.0001,0,0,0.0001,0,0,0.3273,0.2706,0.3273,0.2706,
0,0,1.0134,0.5067,4.0537,0.5067,0,1.0134,1.0134,2.0268,0.5067,1.5201,1.0134,0,1.0134,1.5201,1.5201,1.5201,0,0.5067,0,0,0.0001,0,0.0003,0,0,0.0001,0.0001,0.0001,0,0.0001,0.0001,0,0.0001,0.0001,0.0001,0.0001,0,0,0.2463,0.247,0.2463,0.247,
0,1.827,1.218,0,0,0,0,0,0.609,1.218,1.218,1.218,0,0.609,0.609,0.609,0.609,0,0.609,0,0,0.0001,0.0001,0,0,0,0,0,0,0.0001,0.0001,0.0001,0,0,0,0,0,0,0,0,0.2109,0.1801,0.2109,0.1801,
0,1.2121,0.8081,0,0,0.8081,0.8081,1.2121,1.6162,0,0.8081,0.404,1.2121,0.8081,2.4243,0.8081,0,2.0202,0,0,0,0.0001,0.0001,0,0,0.0001,0.0001,0.0001,0.0001,0,0.0001,0,0.0001,0.0001,0.0002,0.0001,0,0.0001,0,0,0.3207,0.2753,0.3207,0.2753,
0.6589,0,1.3177,1.3177,1.3177,0.6589,0.6589,0,0,1.3177,0,1.3177,0.6589,0,0.6589,0.6589,0,0,0,0,0.0001,0,0.0002,0.0002,0.0002,0.0001,0.0001,0,0,0.0002,0,0.0002,0.0001,0,0.0001,0.0001,0,0,0,0,0.1711,0.17,0.1711,0.17,
0.6212,3.7269,0.6212,0.6212,0.6212,3.1058,0,0,0,0.6212,0,0.6212,1.8635,0,0.6212,0,2.4846,1.8635,0.6212,0,0,0.0001,0,0,0,0.0001,0,0,0,0,0,0,0.0001,0,0,0,0.0001,0.0001,0,0,0.1915,0.1874,0.1915,0.1874,
0,1.2035,1.6047,0.4012,0.8024,1.2035,1.2035,1.2035,0,0.4012,0,1.6047,0.4012,0.4012,0.4012,0.4012,1.2035,0,1.6047,0.8024,0,0.0001,0.0001,0,0,0.0001,0.0001,0.0001,0,0,0,0.0001,0,0,0,0,0.0001,0,0.0001,0,0.3051,0.2937,0.3051,0.2937,
0,0,1.4043,0,0.7021,0,0,0.7021,1.4043,0.7021,0.7021,0,0,0.7021,0,0,0,0,0.7021,0.7021,0,0,0.0002,0,0.0001,0,0,0.0001,0.0002,0.0001,0.0001,0,0,0.0001,0,0,0,0,0.0001,0.0001,0.1376,0.1602,0.1376,0.1602,
2.1968,0,0,0.8787,1.3181,0,1.3181,2.6361,0.8787,0.4394,2.6361,0.8787,0.4394,0.8787,0,0.4394,0.8787,0.4394,1.3181,1.7574,0.0002,0,0,0.0001,0.0001,0,0.0001,0.0002,0.0001,0,0.0002,0.0001,0,0.0001,0,0,0.0001,0,0.0001,0.0001,0.2648,0.2958,0.2648,0.2958,
0.372,1.4879,0.372,1.8598,1.1159,0.7439,0,0.7439,0.7439,1.8598,0.372,0,1.8598,1.4879,0.7439,0.7439,0.372,1.4879,1.4879,0.372,0,0.0001,0,0.0001,0.0001,0,0,0,0,0.0001,0,0,0.0001,0.0001,0,0,0,0.0001,0.0001,0,0.3192,0.3089,0.3192,0.3089,
0,0.8294,0.8294,0,0.8294,0,0,0.8294,0,0.8294,0.8294,0.8294,0,0,0,0,1.6587,1.6587,0,0,0,0.0001,0.0001,0,0.0001,0,0,0.0001,0,0.0001,0.0001,0.0001,0,0,0,0,0.0001,0.0001,0,0,0.0922,0.0785,0.0922,0.0785,
1.0963,0,0,1.0963,1.0963,0.5482,0,3.289,1.6445,3.289,0.5482,0,0.5482,0.5482,0,1.6445,1.0963,0,0,0.5482,0.0001,0,0,0.0001,0.0001,0,0,0.0002,0.0001,0.0002,0,0,0,0,0,0.0001,0.0001,0,0,0,0.2232,0.2286,0.2232,0.2286,
0.7334,0.3667,0.3667,1.1001,0.3667,1.8335,0,1.1001,1.8335,0,2.2002,0.7334,0.7334,0.3667,1.8335,0.7334,1.1001,1.1001,1.4668,0,0,0,0,0.0001,0,0.0001,0,0.0001,0.0001,0,0.0001,0,0,0,0.0001,0,0.0001,0.0001,0.0001,0,0.2852,0.3481,0.2852,0.3481,
0,0.4953,0.4953,0,0,0,1.4858,0.4953,1.9811,0,0.9906,1.4858,1.4858,0.4953,0.9906,0,0,0.4953,0.4953,1.9811,0,0,0,0,0,0,0.0001,0,0.0002,0,0.0001,0.0001,0.0001,0,0.0001,0,0,0,0,0.0002,0.2319,0.2728,0.2319,0.2728,
0.4049,0,0,0.4049,0.4049,1.2147,0.4049,1.2147,2.0245,0.4049,0.4049,1.2147,0.8098,1.6196,0,1.6196,2.0245,0.4049,1.2147,0.4049,0,0,0,0,0,0.0001,0,0.0001,0.0001,0,0,0.0001,0.0001,0.0001,0,0.0001,0.0001,0,0.0001,0,0.2933,0.3018,0.2933,0.3018,
0.7392,0,0,0,0,2.2176,0,2.9568,0,0,0.7392,1.4784,0,0,0.7392,0.7392,5.9137,0,0,0,0.0001,0,0,0,0,0.0003,0,0.0003,0,0,0.0001,0.0002,0,0,0.0001,0.0001,0.0007,0,0,0,0.1383,0.1224,0.1383,0.1224,
0.9767,0,1.465,0.4883,2.93,0.9767,0,0.9767,0.9767,2.4417,0.4883,0,0.9767,0,0.9767,2.4417,0.4883,1.9534,0,0.4883,0.0001,0,0.0001,0,0.0002,0.0001,0,0.0001,0.0001,0.0001,0,0,0.0001,0,0.0001,0.0001,0,0.0001,0,0,0.255,0.2567,0.255,0.2567,
0.4045,0.809,1.2135,1.2135,0,0.809,0.4045,0.809,0.4045,1.2135,0,0.809,1.618,0.809,0.4045,0,0.809,0.809,1.618,0.809,0,0,0.0001,0.0001,0,0,0,0,0,0.0001,0,0,0.0001,0,0,0,0,0,0.0001,0,0.2826,0.3129,0.2826,0.3129,
0.3494,0.6988,0.6988,1.0482,0.6988,0,0.6988,0.3494,0.3494,0.6988,1.3976,2.0964,0.3494,1.0482,1.0482,0.3494,0.6988,0.6988,2.4458,1.0482,0,0,0,0.0001,0,0,0,0,0,0,0.0001,0.0001,0,0.0001,0.0001,0,0,0,0.0001,0.0001,0.3321,0.3185,0.3321,0.3185,
0.4819,1.4458,1.4458,0.4819,1.4458,0.9639,0,0,1.4458,0.4819,1.9278,2.8917,1.4458,0.4819,0,0.9639,0,0.9639,0,0.9639,0,0.0001,0.0001,0,0.0001,0,0,0,0.0001,0,0.0001,0.0001,0.0001,0,0,0,0,0,0,0,0.2449,0.2731,0.2449,0.2731,
0.345,1.3798,0.345,1.0349,0.345,0.345,0.6899,0.345,2.4147,0.6899,0.6899,1.3798,0.345,0.345,2.0698,0,2.7597,0.6899,0,0.6899,0,0.0001,0,0.0001,0,0,0,0,0.0001,0,0,0.0001,0,0,0.0001,0,0.0002,0,0,0,0.3587,0.2963,0.3587,0.2963,
1.2822,0,0,0,0,1.9233,0.6411,0.6411,0.6411,0.6411,0,0,0.6411,0.6411,0.6411,1.9233,0,0.6411,0.6411,0.6411,0.0001,0,0,0,0,0.0002,0.0001,0.0001,0.0001,0.0001,0,0,0.0001,0.0001,0.0001,0.0002,0,0.0001,0.0001,0.0001,0.1894,0.1695,0.1894,0.1695,
1.1541,3.4622,0,0.577,0,1.7311,0,2.3082,1.1541,0,0,1.1541,1.1541,0,0.577,1.7311,0,1.1541,0.577,0.577,0,0.0001,0,0,0,0.0001,0,0.0001,0,0,0,0,0,0,0,0.0001,0,0,0,0,0.2355,0.1875,0.2355,0.1875,
0.3975,1.1926,0,0,0,0.7951,0.3975,2.3853,1.5902,0.3975,0.3975,0.3975,0.3975,0.7951,3.5779,0.7951,0.3975,0.7951,0,0,0,0.0001,0,0,0,0.0001,0,0.0002,0.0001,0,0,0,0,0.0001,0.0002,0.0001,0,0.0001,0,0,0.325,0.2775,0.325,0.2775,
1.9566,0.7826,0,0.7826,0.3913,1.174,0.7826,0.7826,1.174,0.7826,0.3913,1.174,1.5653,0.7826,1.5653,1.5653,0.3913,1.174,0,1.9566,0.0001,0,0,0,0,0.0001,0,0,0.0001,0,0,0.0001,0.0001,0,0.0001,0.0001,0,0.0001,0,0.0001,0.2651,0.3436,0.2651,0.3436,
1.4785,0,0,0,0.7392,1.1088,0.3696,0.3696,1.8481,1.1088,0.7392,0.7392,0.7392,0.3696,4.0658,1.1088,1.1088,0.3696,0,0,0.0001,0,0,0,0.0001,0.0001,0,0,0.0001,0.0001,0.0001,0.0001,0.0001,0,0.0003,0.0001,0.0001,0,0,0,0.3366,0.2938,0.3366,0.2938,
1.3654,0.9102,1.3654,0.4551,1.3654,0,0.4551,2.2756,0.4551,0.9102,0,0.4551,0.4551,0.4551,0.4551,0,0.4551,1.3654,1.3654,0.4551,0.0001,0,0.0001,0,0.0001,0,0,0.0001,0,0,0,0,0,0,0,0,0,0.0001,0.0001,0,0.2778,0.267,0.2778,0.267,
0.4858,0.4858,1.4573,0.4858,0.9716,0.9716,0.4858,0.4858,1.4573,0.4858,0,1.4573,1.9431,0.9716,0,0,0.4858,0,0.9716,0,0,0,0.0001,0,0.0001,0.0001,0,0,0.0001,0,0,0.0001,0.0001,0.0001,0,0,0,0,0.0001,0,0.2538,0.2604,0.2538,0.2604,
1.0612,0.5306,0,0.5306,2.1223,0,0,1.5917,1.0612,2.1223,1.0612,0.5306,0.5306,0,1.0612,2.6529,0.5306,1.0612,0.5306,1.5917,0.0001,0,0,0,0.0001,0,0,0.0001,0.0001,0.0001,0.0001,0,0,0,0.0001,0.0001,0,0.0001,0,0.0001,0.2479,0.2215,0.2479,0.2215,
0.816,1.224,0.816,0.408,1.224,0.816,1.632,0.816,0.816,1.224,0.408,2.04,0.816,0,1.224,0.816,0,0,0,0,0,0.0001,0,0,0.0001,0,0.0001,0,0,0.0001,0,0.0001,0,0,0.0001,0,0,0,0,0,0.3087,0.2833,0.3087,0.2833,
0.4587,1.376,0.4587,0,1.376,0.4587,0.4587,1.376,0,0.4587,1.376,0.9174,0.9174,0,2.2934,0,0.9174,1.376,0.9174,2.2934,0,0.0001,0,0,0.0001,0,0,0.0001,0,0,0.0001,0,0,0,0.0001,0,0,0.0001,0,0.0001,0.2909,0.2504,0.2909,0.2504,
0,0,0,0.7001,0.7001,4.2005,0,0,0,0.7001,0.7001,0,0.7001,0,0.7001,2.1003,0.7001,0,0.7001,0,0,0,0,0.0001,0.0001,0.0005,0,0,0,0.0001,0.0001,0,0.0001,0,0.0001,0.0002,0.0001,0,0.0001,0,0.1476,0.1523,0.1476,0.1523,
1.9728,0.4932,1.4796,0.4932,0,0,0.9864,1.9728,0,1.9728,0,0.4932,0.4932,0.9864,0,0,0.4932,0.9864,1.4796,0,0.0001,0,0.0001,0,0,0,0.0001,0.0001,0,0.0001,0,0,0,0.0001,0,0,0,0.0001,0.0001,0,0.2192,0.2876,0.2192,0.2876,
3.3506,0,0,0,1.1169,3.909,0,3.3506,0,3.3506,1.6753,0,1.1169,1.1169,0.5584,2.2337,1.6753,3.909,0,0,0.0002,0,0,0,0.0001,0.0002,0,0.0002,0,0.0002,0.0001,0,0.0001,0.0001,0,0.0001,0.0001,0.0002,0,0,0.2121,0.2295,0.2121,0.2295,
0.4556,0.9113,0.4556,0.9113,2.2782,0.9113,0.4556,0.9113,0,1.8225,1.8225,1.8225,0.9113,0,0.4556,1.8225,0,0.9113,0.9113,0.4556,0,0,0,0,0.0001,0,0,0,0,0.0001,0.0001,0.0001,0,0,0,0.0001,0,0,0,0,0.2592,0.2852,0.2592,0.2852,
3.3486,0,0.4186,1.6743,0.8372,1.2557,0.4186,0.8372,0.4186,2.0929,0,0,0.4186,1.6743,0.8372,0.8372,1.2557,2.0929,1.2557,0.4186,0.0002,0,0,0.0001,0.0001,0.0001,0,0.0001,0,0.0001,0,0,0,0.0001,0.0001,0.0001,0.0001,0.0001,0.0001,0,0.3001,0.2813,0.3001,0.2813,
0.6673,1.0009,0,2.0018,1.3345,1.3345,1.6682,0.6673,1.0009,0.6673,0.3336,0.3336,0.6673,0,0.6673,1.3345,0.6673,0.3336,0.3336,0.6673,0,0.0001,0,0.0001,0.0001,0.0001,0.0001,0,0.0001,0,0,0,0,0,0,0.0001,0,0,0,0,0.353,0.3133,0.353,0.3133,
0,0,0,0.7232,0,0,0,0,0.7232,1.4463,2.8926,1.4463,0,0.7232,0,0,0.7232,0,0.7232,1.4463,0,0,0,0.0001,0,0,0,0,0.0001,0.0002,0.0003,0.0002,0,0.0001,0,0,0.0001,0,0.0001,0.0002,0.1273,0.1496,0.1273,0.1496,
0.7528,0.7528,0.3764,1.5056,0.7528,0.7528,0.3764,0.3764,0.3764,0.7528,1.1292,1.5056,0.3764,1.1292,1.1292,1.1292,0.7528,1.1292,1.1292,1.5056,0,0,0,0.0001,0,0,0,0,0,0,0.0001,0.0001,0,0.0001,0.0001,0.0001,0,0.0001,0.0001,0.0001,0.3124,0.3112,0.3124,0.3112,
0.8975,0.4488,0.8975,0.8975,0.4488,0,0,2.6925,2.6925,3.1413,0.4488,0.8975,0,2.2438,0.4488,1.3463,0.8975,0.4488,0,0,0,0,0,0,0,0,0,0.0001,0.0001,0.0002,0,0,0,0.0001,0,0.0001,0,0,0,0,0.2813,0.2699,0.2813,0.2699,
0.4089,1.2267,0.8178,0,0,0.4089,0.8178,1.2267,1.6357,2.0446,0,0.8178,0.8178,0.4089,0.8178,0.8178,0.4089,0,1.6357,0.4089,0,0.0001,0,0,0,0,0,0.0001,0.0001,0.0001,0,0,0,0,0,0,0,0,0.0001,0,0.3066,0.2845,0.3066,0.2845,
0.7888,1.5775,0,1.1832,0.7888,1.1832,0.7888,0.3944,0.7888,1.1832,1.5775,0.7888,0,1.9719,0.7888,0.7888,1.1832,0.7888,0.7888,0.3944,0,0.0001,0,0.0001,0,0.0001,0,0,0,0.0001,0.0001,0,0,0.0001,0,0,0.0001,0,0,0,0.2802,0.3254,0.2802,0.3254,
0.8886,0.8886,0,0,0,0.8886,0,0.8886,0,3.5543,0.8886,0,0,0,0,0,0.8886,0,0.8886,0,0.0001,0.0001,0,0,0,0.0001,0,0.0001,0,0.0004,0.0001,0,0,0,0,0,0.0001,0,0.0001,0,0.0409,0.0705,0.0409,0.0705,
1.1764,0,0.5882,1.1764,0,0,0,0,2.3528,0,0,0.5882,0,0,1.1764,0,0.5882,1.1764,0,0.5882,0.0002,0,0.0001,0.0002,0,0,0,0,0.0004,0,0,0.0001,0,0,0.0002,0,0.0001,0.0002,0,0.0001,0.2184,0.1934,0.2184,0.1934,
0,0,1.7813,0,1.1875,1.1875,0.5938,0,0.5938,0.5938,0,0,0.5938,0,0.5938,0.5938,0,0.5938,0.5938,0.5938,0,0,0.0002,0,0.0001,0.0001,0.0001,0,0.0001,0.0001,0,0,0.0001,0,0.0001,0.0001,0,0.0001,0.0001,0.0001,0.2501,0.1561,0.2501,0.1561,
0,1.2658,0.8439,0.8439,1.6877,0,0.4219,0,0.8439,1.2658,1.2658,0.4219,0,1.6877,0.4219,2.1096,0.8439,0.4219,1.2658,0,0,0.0001,0,0,0.0001,0,0,0,0,0.0001,0.0001,0,0,0.0001,0,0.0001,0,0,0.0001,0,0.2741,0.304,0.2741,0.304,
0.931,0.931,1.3965,0.931,0.931,0.4655,0.4655,0,0.4655,0.931,0.4655,1.3965,1.3965,1.862,0,0,0,0.4655,1.862,0.4655,0,0,0.0001,0,0,0,0,0,0,0,0,0.0001,0.0001,0.0001,0,0,0,0,0.0001,0,0.2238,0.3107,0.2238,0.3107,
0.4414,0.4414,0.4414,1.3242,2.207,2.207,0,0.8828,0.4414,0,1.7656,0.4414,1.3242,0.8828,0.8828,0.8828,0,1.7656,0.4414,0,0,0,0,0.0001,0.0001,0.0001,0,0,0,0,0.0001,0,0.0001,0,0,0,0,0.0001,0,0,0.2439,0.3147,0.2439,0.3147,
0,3.8816,0,0.6469,0,2.5877,0,0,0,0.6469,0,0.6469,1.9408,0,0.6469,1.2939,3.2346,1.9408,0.6469,0.6469,0,0.0001,0,0,0,0.0001,0,0,0,0,0,0,0.0001,0,0,0,0.0001,0.0001,0,0,0.1945,0.1586,0.1945,0.1586,
0.3565,1.4259,1.0694,0,0.7129,0.7129,0.3565,1.0694,0.7129,0.7129,0.7129,1.7824,0.7129,1.0694,1.7824,0.7129,1.0694,0.7129,0.3565,1.4259,0,0.0001,0.0001,0,0,0,0,0.0001,0,0,0,0.0001,0,0.0001,0.0001,0,0.0001,0,0,0.0001,0.304,0.3396,0.304,0.3396,
1.5403,1.9253,0,0.3851,0.7701,1.1552,2.3104,1.1552,0.7701,1.1552,0,0.3851,1.9253,0.7701,0.7701,0.7701,1.1552,0.3851,0.3851,0,0.0001,0.0001,0,0,0,0.0001,0.0001,0.0001,0,0.0001,0,0,0.0001,0,0,0,0.0001,0,0,0,0.3187,0.2963,0.3187,0.2963,
2.5494,0,2.1245,2.1245,0,0.8498,0.4249,0,0.8498,0,0.4249,2.5494,0,2.5494,1.2747,1.6996,0.4249,2.5494,0,0,0.0002,0,0.0002,0.0002,0,0.0001,0,0,0.0001,0,0,0.0002,0,0.0002,0.0001,0.0002,0,0.0002,0,0,0.3236,0.2515,0.3236,0.2515,
1.4399,0,0.48,0,0.96,1.4399,0,0,1.4399,1.9199,0.48,0,0,0,0.48,0.96,0.96,2.3999,1.4399,0,0.0001,0,0,0,0.0001,0.0001,0,0,0.0001,0.0001,0,0,0,0,0,0.0001,0.0001,0.0002,0.0001,0,0.2598,0.2602,0.2598,0.2602,
0.719,0,1.4379,0,0.719,0.719,0,0.719,0,2.1569,0,0.719,0,0,0,0,0.719,0,0.719,0.719,0.0001,0,0.0001,0,0.0001,0.0001,0,0.0001,0,0.0002,0,0.0001,0,0,0,0,0.0001,0,0.0001,0.0001,0.1316,0.1495,0.1316,0.1495,
0,0.5922,1.1844,0,0,0.5922,0.5922,0.5922,1.1844,0,3.5531,1.1844,0.5922,0,0,1.7766,1.1844,1.7766,0.5922,0,0,0,0.0001,0,0,0,0,0,0.0001,0,0.0002,0.0001,0,0,0,0.0001,0.0001,0.0001,0,0,0.2386,0.1693,0.2386,0.1693,
1.1658,0.7772,1.1658,0.7772,0.7772,0,1.1658,0.7772,0.7772,0.7772,0.3886,0.3886,0.7772,0.7772,0.7772,0.7772,1.1658,1.1658,0,1.5543,0.0001,0,0.0001,0,0,0,0.0001,0,0,0,0,0,0,0,0,0,0.0001,0.0001,0,0.0001,0.2909,0.3205,0.2909,0.3205,
0,0,0,0.7354,0,0,1.4708,0,0.7354,0,0.7354,0.7354,1.4708,0,0.7354,0,0.7354,0.7354,0,0,0,0,0,0.0002,0,0,0.0004,0,0.0002,0,0.0002,0.0002,0.0004,0,0.0002,0,0.0002,0.0002,0,0,0.1503,0.1144,0.1503,0.1144,
0,0.6655,0,0.6655,0,0,0.6655,0,0,0.6655,0.6655,1.3309,1.3309,0,1.9964,0.6655,0,0,0,1.3309,0,0.0001,0,0.0001,0,0,0.0001,0,0,0.0001,0.0001,0.0001,0.0001,0,0.0002,0.0001,0,0,0,0.0001,0.1629,0.1716,0.1629,0.1716,
1.7695,0,1.1797,0.5898,1.1797,0,0,0.5898,0.5898,1.1797,0,0,1.7695,0,1.1797,0.5898,1.1797,0,0,0,0.0002,0,0.0001,0.0001,0.0001,0,0,0.0001,0.0001,0.0001,0,0,0.0002,0,0.0001,0.0001,0.0001,0,0,0,0.1724,0.2377,0.1724,0.2377,
1.0701,0,0,0.535,1.0701,2.6752,0,1.0701,0,3.7453,0.535,0.535,0.535,1.0701,1.0701,0.535,1.0701,3.2102,0,1.0701,0.0001,0,0,0,0.0001,0.0002,0,0.0001,0,0.0002,0,0,0,0.0001,0.0001,0,0.0001,0.0002,0,0.0001,0.2126,0.2524,0.2126,0.2524,
0.4574,0.4574,1.3722,1.3722,1.3722,0,0,0.9148,0,0.9148,0.9148,0.9148,0.9148,0,0.4574,0.9148,1.8296,0.4574,0.9148,0.9148,0,0,0.0001,0.0001,0.0001,0,0,0,0,0,0,0,0,0,0,0,0.0001,0,0,0,0.3051,0.2375,0.3051,0.2375,
1.5735,2.7537,1.9669,0.3934,1.1802,1.5735,1.5735,0.7868,0,0.3934,0.7868,0.3934,0,0,0,1.1802,1.1802,1.5735,1.1802,0,0.0001,0.0001,0.0001,0,0,0.0001,0.0001,0,0,0,0,0,0,0,0,0,0,0.0001,0,0,0.3122,0.2944,0.3122,0.2944,
1.8771,0,0,1.2514,1.2514,0,0,0.6257,0.6257,0.6257,0,0.6257,0.6257,0.6257,0.6257,1.8771,0.6257,0.6257,0,0.6257,0.0002,0,0,0.0001,0.0001,0,0,0.0001,0.0001,0.0001,0,0.0001,0.0001,0.0001,0.0001,0.0002,0.0001,0.0001,0,0.0001,0.2054,0.1689,0.2054,0.1689,
1.4913,0,0.4971,0,1.4913,1.9885,0,2.4856,0.9942,3.4798,0.4971,0,0.4971,0.9942,0.4971,1.9885,1.4913,1.9885,0,0,0.0001,0,0,0,0.0001,0.0001,0,0.0001,0.0001,0.0002,0,0,0,0.0001,0,0.0001,0.0001,0.0001,0,0,0.2452,0.2577,0.2452,0.2577,
1.3215,0.4405,0.881,0.881,0.4405,0.881,0.4405,1.7619,1.3215,0.4405,0.4405,0.881,1.3215,2.2024,0,0,0,1.3215,0.4405,0.881,0.0001,0,0.0001,0.0001,0,0.0001,0,0.0001,0.0001,0,0,0.0001,0.0001,0.0001,0,0,0,0.0001,0,0.0001,0.2811,0.2784,0.2811,0.2784,
0,0.5755,0.5755,1.1511,0.5755,0,0.5755,0.5755,0.5755,0,1.7266,0,1.1511,0,0,1.1511,0,0.5755,0.5755,1.1511,0,0,0,0.0001,0,0,0,0,0,0,0.0001,0,0.0001,0,0,0.0001,0,0,0,0.0001,0.2135,0.211,0.2135,0.211,
0.4306,0,0.4306,0.8612,0.4306,0.8612,1.7224,1.2918,0.8612,1.7224,1.7224,1.7224,1.2918,1.2918,0,0,1.2918,1.2918,0.8612,0.8612,0,0,0,0.0001,0,0.0001,0.0001,0.0001,0.0001,0.0001,0.0001,0.0001,0.0001,0.0001,0,0,0.0001,0.0001,0.0001,0.0001,0.2861,0.2833,0.2861,0.2833,
1.2178,0.6089,0.6089,0,0,0.6089,1.2178,0,0,0,0.6089,1.8268,0,0.6089,1.2178,0,0,0,0.6089,1.2178,0.0001,0.0001,0.0001,0,0,0.0001,0.0001,0,0,0,0.0001,0.0002,0,0.0001,0.0001,0,0,0,0.0001,0.0001,0.2688,0.1222,0.2688,0.1222,
0,1.4761,0.738,0,0,0,0,0,0.738,0.738,0,0.738,0,0,0,0,1.4761,0.738,0.738,0.738,0,0.0001,0.0001,0,0,0,0,0,0.0001,0.0001,0,0.0001,0,0,0,0,0.0001,0.0001,0.0001,0.0001,0.1612,0.1007,0.1612,0.1007,
2.6782,0,0,0,0.6696,1.3391,0.3348,0.3348,2.0087,0.3348,0.6696,0.6696,0.3348,0.3348,4.0173,0.3348,1.3391,0.3348,0,0,0.0002,0,0,0,0.0001,0.0001,0,0,0.0002,0,0.0001,0.0001,0,0,0.0003,0,0.0001,0,0,0,0.3538,0.3115,0.3538,0.3115,
1.1335,0,0.5668,0.5668,2.267,0.5668,0.5668,1.1335,0,0.5668,1.1335,1.1335,0.5668,1.1335,0,0,0.5668,0,0.5668,1.7003,0.0001,0,0,0,0.0002,0,0,0.0001,0,0,0.0001,0.0001,0,0.0001,0,0,0,0,0,0.0001,0.2272,0.2061,0.2272,0.2061,
2.157,0,1.0785,0.5392,1.0785,0.5392,0,1.6177,0.5392,3.2355,0.5392,0,0,1.0785,0.5392,1.0785,0,1.6177,0,0.5392,0.0002,0,0.0001,0,0.0001,0,0,0.0001,0,0.0002,0,0,0,0.0001,0,0.0001,0,0.0001,0,0,0.1953,0.2654,0.1953,0.2654,
0,1.242,0.621,1.5525,0.621,0,0.621,0.621,3.1051,0.9315,0.3105,1.242,0,0.621,1.5525,0.621,0.9315,0,0,0.621,0,0.0001,0,0.0001,0,0,0,0,0.0002,0.0001,0,0.0001,0,0,0.0001,0,0.0001,0,0,0,0.3656,0.3239,0.3656,0.3239,
0,1.0374,1.0374,0,0.5187,1.0374,1.0374,1.0374,0.5187,0.5187,0,0,0.5187,0.5187,0.5187,1.0374,0,1.0374,0.5187,0.5187,0,0.0001,0.0001,0,0,0.0001,0.0001,0.0001,0,0,0,0,0,0,0,0.0001,0,0.0001,0,0,0.2538,0.2275,0.2538,0.2275,
0.7876,1.9691,1.1814,0,1.1814,0,0.7876,0.3938,1.5753,1.5753,1.1814,0.7876,1.1814,0.7876,0.7876,1.5753,0.3938,0.7876,0.3938,1.5753,0,0.0001,0,0,0,0,0,0,0.0001,0.0001,0,0,0,0,0,0.0001,0,0,0,0.0001,0.3093,0.2969,0.3093,0.2969,
0.7122,0,0,0,0.7122,1.0683,0.3561,0,2.1366,1.0683,0.7122,1.0683,0.3561,0.3561,3.9172,1.7805,0.3561,1.0683,0,0,0.0001,0,0,0,0.0001,0.0001,0,0,0.0002,0.0001,0.0001,0.0001,0,0,0.0003,0.0001,0,0.0001,0,0,0.3296,0.3143,0.3296,0.3143,
0.8046,0.8046,1.2069,0.8046,1.2069,1.2069,0.8046,0.4023,1.6093,0.4023,0.4023,0,0,0.8046,0.8046,1.2069,0.4023,0.8046,0.4023,1.2069,0,0,0.0001,0,0.0001,0.0001,0,0,0.0001,0,0,0,0,0,0,0.0001,0,0,0,0.0001,0.3076,0.2901,0.3076,0.2901,
0,0.397,1.1909,0.397,1.5878,0.397,1.9848,0.7939,0.7939,0.7939,0.7939,0.397,1.1909,1.1909,0.397,1.1909,1.1909,2.3818,0,1.1909,0,0,0.0001,0,0.0001,0,0.0001,0,0,0,0,0,0.0001,0.0001,0,0.0001,0.0001,0.0001,0,0.0001,0.3562,0.2469,0.3562,0.2469,
0.8007,1.201,0.4003,0,0,0.8007,0.4003,0.8007,3.2028,0,1.201,0.8007,0,0.8007,1.6014,0.8007,0,2.0017,0,0,0.0001,0.0001,0,0,0,0.0001,0,0.0001,0.0002,0,0.0001,0.0001,0,0.0001,0.0001,0.0001,0,0.0001,0,0,0.3148,0.2848,0.3148,0.2848,
0.7406,1.1109,0.3703,0.3703,0,1.4812,1.4812,0.7406,1.1109,0.3703,0.3703,0.3703,0.3703,0,1.1109,0.7406,1.1109,0.3703,1.4812,0,0,0.0001,0,0,0,0.0001,0.0001,0,0.0001,0,0,0,0,0,0.0001,0,0.0001,0,0.0001,0,0.3396,0.2901,0.3396,0.2901,
1.8905,0.6302,0.6302,1.2603,0,1.2603,0.6302,0.6302,0,0,0,1.8905,1.2603,0.6302,0,0.6302,1.2603,0,0,1.2603,0.0002,0.0001,0.0001,0.0001,0,0.0001,0.0001,0.0001,0,0,0,0.0002,0.0001,0.0001,0,0.0001,0.0001,0,0,0.0001,0.2181,0.1517,0.2181,0.1517,
0.4846,1.4538,0.4846,0,0.4846,1.4538,0.4846,2.9075,0.4846,0.4846,0.9692,0.4846,1.4538,0,1.4538,0.9692,1.4538,0,0.4846,1.4538,0,0.0001,0,0,0,0.0001,0,0.0002,0,0,0.0001,0,0.0001,0,0.0001,0.0001,0.0001,0,0,0.0001,0.2616,0.2538,0.2616,0.2538,
1.9366,0,0.6455,0.6455,1.2911,0.6455,0.6455,0.6455,0.6455,0,0.6455,0.6455,0,0.6455,0,0,1.2911,1.9366,0,0.6455,0.0002,0,0.0001,0.0001,0.0001,0.0001,0.0001,0.0001,0.0001,0,0.0001,0.0001,0,0.0001,0,0,0.0001,0.0002,0,0.0001,0.1632,0.1913,0.1632,0.1913,
0.4687,0,0.4687,0.9373,0.9373,0,0.4687,0.4687,1.406,1.406,0,1.406,0.9373,1.406,1.8747,0.4687,0.4687,0,0,0.4687,0,0,0,0.0001,0.0001,0,0,0,0.0001,0.0001,0,0.0001,0.0001,0.0001,0.0002,0,0,0,0,0,0.3102,0.2212,0.3102,0.2212,
0.4315,0.8631,0.8631,0.8631,1.7262,0.4315,0.8631,1.2946,0.8631,0.4315,0,0.4315,1.2946,0.4315,0.4315,0.4315,1.2946,0.4315,0.8631,3.0208,0,0,0,0,0.0001,0,0,0.0001,0,0,0,0,0.0001,0,0,0,0.0001,0,0,0.0002,0.3202,0.2482,0.3202,0.2482,
0.6158,0,0.6158,1.2316,2.4632,1.2316,0,1.8474,0.6158,3.6948,0.6158,1.2316,0.6158,0.6158,0,1.2316,1.8474,2.4632,0,0,0,0,0,0.0001,0.0002,0.0001,0,0.0001,0,0.0003,0,0.0001,0,0,0,0.0001,0.0001,0.0002,0,0,0.1923,0.1919,0.1923,0.1919,
1.4605,1.4605,0.7302,0.3651,0.3651,0.3651,0.7302,0,1.8256,1.0953,0,1.0953,1.4605,1.4605,0.3651,0.3651,0.3651,0.7302,0.7302,1.0953,0.0001,0.0001,0,0,0,0,0,0,0.0001,0.0001,0,0.0001,0.0001,0.0001,0,0,0,0,0,0.0001,0.2967,0.3382,0.2967,0.3382,
0.3886,1.1658,0.3886,0,0,0.7772,0.3886,2.3316,1.5544,0.3886,0.3886,0.3886,0.3886,0.7772,3.4974,0.7772,0,0.7772,0,0,0,0.0001,0,0,0,0,0,0.0001,0.0001,0,0,0,0,0,0.0002,0,0,0,0,0,0.3174,0.294,0.3174,0.294,
2.0441,0.511,0,0.511,0,1.5331,0.511,0,0.511,4.0882,1.0221,0,1.5331,0,1.5331,1.5331,0.511,1.5331,0,0.511,0.0001,0,0,0,0,0.0001,0,0,0,0.0003,0.0001,0,0.0001,0,0.0001,0.0001,0,0.0001,0,0,0.2507,0.2382,0.2507,0.2382,
1.3914,0.4638,1.3914,0.9276,0,0.4638,0,0.4638,0.4638,0.9276,1.3914,0.9276,0.4638,0,0.9276,0.4638,0.4638,0.9276,0.4638,1.8552,0.0001,0,0.0001,0.0001,0,0,0,0,0,0.0001,0.0001,0.0001,0,0,0.0001,0,0,0.0001,0,0.0001,0.2876,0.2486,0.2876,0.2486,
0.9239,0,0.9239,1.3858,0.9239,0.9239,0.4619,0.9239,1.3858,0.9239,0.9239,0,0.4619,1.3858,0.4619,0,0.4619,0.9239,0.4619,1.3858,0.0001,0,0.0001,0.0001,0.0001,0.0001,0,0.0001,0.0001,0.0001,0.0001,0,0,0.0001,0,0,0,0.0001,0,0.0001,0.3196,0.2185,0.3196,0.2185,
0.9764,0,0.9764,0.9764,2.9293,0.9764,0,1.4646,0.9764,1.9528,0.9764,0,0.9764,0,0.9764,2.4411,0.4882,1.4646,0,0.4882,0.0001,0,0.0001,0.0001,0.0002,0.0001,0,0.0001,0.0001,0.0001,0.0001,0,0.0001,0,0.0001,0.0001,0,0.0001,0,0,0.2527,0.2591,0.2527,0.2591,
2.7037,0,0,0,0.6759,1.0139,0.338,0.338,2.3657,1.0139,0.6759,0.338,0.338,0.338,3.3796,0.338,0.6759,0.338,0,0,0.0002,0,0,0,0.0001,0.0001,0,0,0.0002,0.0001,0.0001,0,0,0,0.0003,0,0.0001,0,0,0,0.3259,0.3362,0.3259,0.3362,
0.7892,1.5784,1.1838,1.5784,1.1838,0.7892,0.7892,0.7892,0.7892,1.1838,0.7892,0,0.3946,0,0.7892,1.5784,0.3946,0.3946,0.3946,0.7892,0,0.0001,0.0001,0.0001,0.0001,0,0,0,0,0.0001,0,0,0,0,0,0.0001,0,0,0,0,0.327,0.2784,0.327,0.2784,
1.1705,3.5114,0,0.5852,0.5852,1.7557,0,2.3409,1.1705,0,0,0.5852,1.1705,0,0.5852,1.7557,0.5852,1.1705,0,0.5852,0,0.0001,0,0,0,0.0001,0,0.0001,0,0,0,0,0,0,0,0.0001,0,0,0,0,0.2398,0.175,0.2398,0.175,
1.184,0.3947,0.3947,0.3947,1.184,0.3947,0.3947,1.5786,1.184,1.184,0.7893,0.3947,0.3947,0.3947,1.5786,0.7893,0.7893,0.3947,0.3947,0.7893,0.0001,0,0,0,0.0001,0,0,0.0001,0.0001,0.0001,0.0001,0,0,0,0.0001,0.0001,0.0001,0,0,0.0001,0.2825,0.3229,0.2825,0.3229,
0.5464,0,0,0.5464,0.5464,0,1.0928,1.0928,0.5464,1.0928,0,1.0928,1.6392,1.6392,0.5464,1.6392,0.5464,0.5464,0,0.5464,0,0,0,0,0,0,0.0001,0.0001,0,0.0001,0,0.0001,0.0001,0.0001,0,0.0001,0,0,0,0,0.2467,0.2069,0.2467,0.2069,
0,0.4441,0.4441,0.8883,3.109,0.8883,0.4441,0.8883,1.3324,0.4441,0.4441,0,1.7766,0.4441,0.4441,0.4441,1.3324,0.4441,0.8883,1.3324,0,0,0,0.0001,0.0002,0.0001,0,0.0001,0.0001,0,0,0,0.0001,0,0,0,0.0001,0,0.0001,0.0001,0.2613,0.2945,0.2613,0.2945,
0.6793,1.3586,0,0,2.0379,0.6793,0,0,1.3586,0,0,0.6793,0,0,0,0.6793,1.3586,0,0.6793,0,0.0001,0.0001,0,0,0.0002,0.0001,0,0,0.0001,0,0,0.0001,0,0,0,0.0001,0.0001,0,0.0001,0,0.1513,0.1694,0.1513,0.1694,
1.8709,0,0,0,0.6236,1.2472,0,3.1181,0,4.989,0.6236,1.2472,1.2472,1.2472,1.2472,1.2472,1.2472,1.2472,0,0,0.0001,0,0,0,0,0.0001,0,0.0002,0,0.0003,0,0.0001,0.0001,0.0001,0.0001,0.0001,0.0001,0.0001,0,0,0.1579,0.2184,0.1579,0.2184,
1.993,1.3287,0.6643,1.993,0,0.6643,0,0,1.3287,1.3287,0,0,1.993,0,0,0,0,0,0,0,0.0001,0.0001,0,0.0001,0,0,0,0,0.0001,0.0001,0,0,0.0001,0,0,0,0,0,0,0,0.1695,0.1662,0.1695,0.1662,
3.134,0,0.5223,0.5223,1.0447,1.0447,0.5223,1.567,1.0447,2.0893,1.567,1.0447,0.5223,0,0.5223,0.5223,0.5223,1.0447,1.0447,0,0.0002,0,0,0,0.0001,0.0001,0,0.0001,0.0001,0.0001,0.0001,0.0001,0,0,0,0,0,0.0001,0.0001,0,0.2116,0.2661,0.2116,0.2661,
1.5974,1.198,1.5974,0,0.7987,0.7987,1.5974,0.7987,0.7987,0.3993,0.7987,1.198,1.198,1.198,1.198,0.7987,0.3993,0.3993,0.3993,0.7987,0.0001,0.0001,0.0001,0,0,0,0.0001,0,0,0,0,0.0001,0.0001,0.0001,0.0001,0,0,0,0,0,0.3084,0.2922,0.3084,0.2922,
0,0.6817,0.6817,1.3633,0.6817,0,1.3633,0.6817,0.6817,0.6817,0,0.6817,0,1.3633,0,0,0,0,0,0,0,0.0001,0.0001,0.0002,0.0001,0,0.0002,0.0001,0.0001,0.0001,0,0.0001,0,0.0002,0,0,0,0,0,0,0.1698,0.1485,0.1698,0.1485,
0.8849,2.2122,0,0.4424,1.7698,0.8849,0.8849,0.4424,0,0,0.8849,0.8849,1.3273,0.8849,1.7698,0.8849,0.4424,0.4424,1.3273,0.4424,0,0.0001,0,0,0.0001,0,0,0,0,0,0,0,0.0001,0,0.0001,0,0,0,0.0001,0,0.2876,0.27,0.2876,0.27,
0.5178,0,1.0356,0.5178,2.5891,1.0356,0,1.5534,0.5178,3.1069,1.0356,1.5534,1.0356,0,1.0356,1.0356,0.5178,2.5891,0,0,0,0,0.0001,0,0.0002,0.0001,0,0.0001,0,0.0002,0.0001,0.0001,0.0001,0,0.0001,0.0001,0,0.0002,0,0,0.2472,0.235,0.2472,0.235,
0.7309,0,0.3654,0.7309,0,2.1926,0.7309,0.7309,2.9235,0.3654,1.0963,1.4617,1.4617,1.4617,0.3654,0.7309,1.0963,0.3654,0,0.7309,0.0001,0,0,0.0001,0,0.0002,0.0001,0.0001,0.0002,0,0.0001,0.0001,0.0001,0.0001,0,0.0001,0.0001,0,0,0.0001,0.3275,0.3071,0.3275,0.3071,
0,0,2.2262,0,0,0,0,0.7421,0,0,0,0,0,0,0.7421,1.4842,0,1.4842,0,0.7421,0,0,0.0003,0,0,0,0,0.0001,0,0,0,0,0,0,0.0001,0.0002,0,0.0002,0,0.0001,0.1024,0.1555,0.1024,0.1555,
2.2762,1.821,0.4552,0.9105,0,0.9105,0.4552,0.9105,1.3657,1.821,0.9105,0.9105,0,1.821,0.9105,0,0.4552,0.9105,0,0,0.0001,0.0001,0,0,0,0,0,0,0.0001,0.0001,0,0,0,0.0001,0,0,0,0,0,0,0.2666,0.2781,0.2666,0.2781,
1.9213,0,0,0,0,1.2809,1.2809,0,0.6404,0.6404,0,1.9213,0.6404,0,0.6404,0.6404,0,1.2809,1.2809,0.6404,0.0002,0,0,0,0,0.0001,0.0001,0,0.0001,0.0001,0,0.0002,0.0001,0,0.0001,0.0001,0,0.0001,0.0001,0.0001,0.1767,0.1829,0.1767,0.1829,
3.639,0,0.5199,0,1.0397,1.0397,0.5199,2.0794,0.5199,1.5596,1.0397,0.5199,0.5199,0.5199,1.0397,0,1.5596,0.5199,1.5596,0,0.0002,0,0,0,0.0001,0.0001,0,0.0001,0,0.0001,0.0001,0,0,0,0.0001,0,0.0001,0,0.0001,0,0.2234,0.2567,0.2234,0.2567,
0,1.6651,1.6651,0.4163,0,0.8326,0.8326,0.4163,0.4163,0.4163,0.8326,1.2488,0.8326,1.6651,0.4163,0.4163,0.8326,0.8326,1.6651,0,0,0.0001,0.0001,0,0,0,0,0,0,0,0,0.0001,0,0.0001,0,0,0,0,0.0001,0,0.2745,0.3092,0.2745,0.3092,
1.2078,0,1.2078,0,0,1.8116,0,0.6039,1.8116,1.8116,0,1.2078,1.2078,1.2078,0,0.6039,0,1.2078,0,1.2078,0.0001,0,0.0001,0,0,0.0001,0,0,0.0001,0.0001,0,0.0001,0.0001,0.0001,0,0,0,0.0001,0,0.0001,0.1951,0.201,0.1951,0.201,
0.6642,0.6642,0.6642,0.6642,0,0,0.6642,0.6642,0.6642,0,1.3284,1.3284,1.9927,0.6642,0,0.6642,0.6642,0.6642,0,1.3284,0.0001,0.0001,0.0001,0.0001,0,0,0.0001,0.0001,0.0001,0,0.0001,0.0001,0.0002,0.0001,0,0.0001,0.0001,0.0001,0,0.0001,0.149,0.1868,0.149,0.1868,
0.3586,1.4343,1.7929,2.1515,0,1.4343,1.0757,0,0.7172,0.7172,0.3586,0.7172,0.7172,0.3586,1.0757,0,1.0757,0.3586,0.3586,1.0757,0,0.0001,0.0001,0.0001,0,0.0001,0.0001,0,0,0,0,0,0,0,0.0001,0,0.0001,0,0,0.0001,0.328,0.3135,0.328,0.3135,
1.3164,0.8776,0.4388,0.4388,0.8776,0.8776,0.8776,0.8776,0.8776,1.7552,0.8776,0.8776,0.4388,0.4388,0.4388,1.3164,0.8776,0.8776,0.8776,0.4388,0.0001,0,0,0,0,0,0,0,0,0.0001,0,0,0,0,0,0.0001,0,0,0,0,0.2984,0.2628,0.2984,0.2628,
0,0,0.6732,0,0.6732,0,4.0393,0,0.6732,0,0.6732,0,0.6732,1.3464,0.6732,0,0.6732,0.6732,0,0,0,0,0.0002,0,0.0002,0,0.001,0,0.0002,0,0.0002,0,0.0002,0.0003,0.0002,0,0.0002,0.0002,0,0,0.1805,0.1463,0.1805,0.1463,
0.9079,1.8158,0.4539,0.9079,0.9079,0.4539,0.4539,0,1.8158,1.3618,1.3618,0,1.8158,0,0.4539,1.3618,0.9079,0.4539,0.9079,1.3618,0,0.0001,0,0,0,0,0,0,0.0001,0.0001,0.0001,0,0.0001,0,0,0.0001,0,0,0,0.0001,0.2553,0.2907,0.2553,0.2907,
0,0.5059,1.0118,1.0118,0.5059,1.0118,0.5059,0.5059,0.5059,0.5059,0.5059,0.5059,2.5296,1.5178,1.0118,0,0.5059,1.0118,0,0,0,0,0.0001,0.0001,0,0.0001,0,0,0,0,0,0,0.0002,0.0001,0.0001,0,0,0.0001,0,0,0.2742,0.2199,0.2742,0.2199,
0,1.6977,1.1318,0.5659,0.5659,0.5659,1.1318,1.6977,0,1.1318,0.5659,1.1318,0.5659,0.5659,0.5659,0,0.5659,1.1318,0.5659,0,0,0.0001,0.0001,0,0,0,0.0001,0.0001,0,0.0001,0,0.0001,0,0,0,0,0,0.0001,0,0,0.2525,0.1816,0.2525,0.1816,
0.8756,0,0,0,0,0,0,0.8756,0.8756,0,0,0,1.7512,0,0,1.7512,0,1.7512,0,0.8756,0.0002,0,0,0,0,0,0,0.0002,0.0002,0,0,0,0.0003,0,0,0.0003,0,0.0003,0,0.0002,0.0668,0.0576,0.0668,0.0576,
1.0905,0,0,1.0905,2.7264,0.5453,0,1.6358,1.6358,2.1811,0.5453,0,1.6358,0,0.5453,0.5453,1.6358,1.6358,0,0.5453,0.0001,0,0,0.0001,0.0002,0,0,0.0001,0.0001,0.0002,0,0,0.0001,0,0,0,0.0001,0.0001,0,0,0.2051,0.2496,0.2051,0.2496,
0,1.1393,0.5696,1.7089,1.1393,0,0.5696,0.5696,0,0.5696,0,0,0,0.5696,0.5696,1.7089,1.1393,1.1393,0,1.1393,0,0.0001,0,0.0001,0.0001,0,0,0,0,0,0,0,0,0,0,0.0001,0.0001,0.0001,0,0.0001,0.2407,0.1897,0.2407,0.1897,
0.8805,0.8805,1.3208,1.761,0.4403,1.3208,0,0.4403,0.4403,2.6415,1.3208,0.8805,0.4403,0.4403,0.4403,2.6415,1.761,0.4403,0,0,0,0,0.0001,0.0001,0,0.0001,0,0,0,0.0001,0.0001,0,0,0,0,0.0001,0.0001,0,0,0,0.2872,0.2725,0.2872,0.2725,
0.71,0.71,0.71,0.71,0,0.71,1.4199,0,0,0.71,2.1299,0,0,0.71,0,0,0,0,0,0.71,0.0001,0.0001,0.0001,0.0001,0,0.0001,0.0001,0,0,0.0001,0.0002,0,0,0.0001,0,0,0,0,0,0.0001,0.1722,0.1178,0.1722,0.1178,
1.4385,0,0.4795,0.4795,1.4385,0.4795,0.4795,1.918,0.4795,1.918,0.4795,0.4795,0.959,0.4795,1.4385,0.4795,1.4385,0.959,0.959,0.4795,0.0001,0,0,0,0.0001,0,0,0.0002,0,0.0002,0,0,0.0001,0,0.0001,0,0.0001,0.0001,0.0001,0,0.2483,0.2722,0.2483,0.2722,
1.408,0,0.704,0,1.408,0,0,0.704,0,1.408,0,0.704,1.408,0.704,0.704,1.408,0.704,0.704,0.704,0,0.0001,0,0.0001,0,0.0001,0,0,0.0001,0,0.0001,0,0.0001,0.0001,0.0001,0.0001,0.0001,0.0001,0.0001,0.0001,0,0.1477,0.1483,0.1477,0.1483,
0.7985,0,0,0.7985,1.597,0.7985,0,0,0,10.3807,0.7985,0,0,0,0,0.7985,0,0,0,0,0.0001,0,0,0.0001,0.0002,0.0001,0,0,0,0.0012,0.0001,0,0,0,0,0.0001,0,0,0,0,0.1195,0.082,0.1195,0.082,
0.8217,0,0,0,0,1.6435,0,0.8217,0,0.8217,0.8217,0,0.8217,0,0.8217,2.4652,0,0.8217,0,0,0.0001,0,0,0,0,0.0002,0,0.0001,0,0.0001,0.0001,0,0.0001,0,0.0001,0.0003,0,0.0001,0,0,0.1056,0.0727,0.1056,0.0727,
1.7995,0,0,1.7995,1.1997,0.5998,0,3.5991,0.5998,2.9992,0.5998,0.5998,0.5998,1.7995,0,1.1997,1.7995,1.7995,0,0.5998,0.0001,0,0,0.0001,0.0001,0,0,0.0003,0,0.0002,0,0,0,0.0001,0,0.0001,0.0001,0.0001,0,0,0.2284,0.1718,0.2284,0.1718,
1.9485,0.7794,1.1691,0.3897,1.1691,0.7794,2.3382,1.1691,0,0.3897,0.7794,1.1691,1.5588,0.3897,0.3897,0.3897,0.7794,0.3897,1.5588,0.3897,0.0001,0,0.0001,0,0.0001,0,0.0001,0.0001,0,0,0,0.0001,0.0001,0,0,0,0,0,0.0001,0,0.2784,0.3319,0.2784,0.3319,
0,1.1894,0,0.3965,0,0.7929,0.3965,0.7929,2.3788,0,1.1894,0.3965,0.7929,0.7929,2.7753,0.7929,0,1.9823,0,0,0,0.0001,0,0,0,0.0001,0,0.0001,0.0002,0,0.0001,0,0.0001,0.0001,0.0002,0.0001,0,0.0001,0,0,0.3178,0.2858,0.3178,0.2858,
0.8064,2.4193,1.2097,1.6129,0,0,0.4032,1.2097,0.4032,1.2097,0.8064,2.4193,1.6129,1.2097,0.4032,1.2097,1.6129,0.8064,0,0.8064,0,0.0001,0,0.0001,0,0,0,0,0,0,0,0.0001,0.0001,0,0,0,0.0001,0,0,0,0.2833,0.3135,0.2833,0.3135,
0.3872,0.3872,0,0.7744,1.1616,1.5488,1.936,0.3872,1.5488,0,1.1616,1.1616,0.7744,0.7744,0,0,0.7744,0,0.7744,1.1616,0,0,0,0.0001,0.0001,0.0001,0.0001,0,0.0001,0,0.0001,0.0001,0.0001,0.0001,0,0,0.0001,0,0.0001,0.0001,0.2928,0.32,0.2928,0.32,
0.7702,0.3851,1.5403,0.3851,0.3851,0.3851,0,1.1552,1.1552,1.9254,0.7702,0.7702,0.3851,0.7702,0,0,1.1552,0,1.5403,1.1552,0,0,0.0001,0,0,0,0,0.0001,0.0001,0.0001,0,0,0,0,0,0,0.0001,0,0.0001,0.0001,0.3124,0.3025,0.3124,0.3025,
1.7303,0.4326,0.4326,0.4326,1.2977,0.4326,0.4326,0.4326,1.2977,0.8651,1.2977,1.2977,2.1628,0,0.4326,0.8651,0,1.2977,0,0.8651,0.0001,0,0,0,0.0001,0,0,0,0.0001,0.0001,0.0001,0.0001,0.0001,0,0,0.0001,0,0.0001,0,0.0001,0.3003,0.2671,0.3003,0.2671,
0.9873,0.9873,0.6582,0.9873,0.3291,0.3291,1.6456,0.6582,0,0.9873,0.9873,0.6582,0.3291,1.3165,0.6582,0.6582,0.9873,0,1.3165,1.3165,0,0,0,0,0,0,0.0001,0,0,0,0,0,0,0.0001,0,0,0,0,0.0001,0.0001,0.3165,0.3544,0.3165,0.3544,
0,1.5909,0.7955,2.3864,0.7955,0,0.3977,0.3977,0.3977,1.1932,0.3977,0,1.9887,1.1932,0.3977,1.5909,1.1932,0.7955,0.7955,1.5909,0,0.0001,0,0.0001,0,0,0,0,0,0.0001,0,0,0.0001,0.0001,0,0.0001,0.0001,0,0,0.0001,0.2921,0.3102,0.2921,0.3102,
0.4049,2.0247,1.2148,0,0.4049,0.8099,0.8099,0.8099,0.4049,0.8099,0.4049,1.2148,0.4049,0,1.6197,0,0.8099,2.0247,1.2148,0.4049,0,0.0001,0.0001,0,0,0,0,0,0,0,0,0.0001,0,0,0.0001,0,0,0.0001,0.0001,0,0.3182,0.2769,0.3182,0.2769,
0,1.0872,0.7248,0.3624,0.3624,0.3624,1.0872,0.7248,0.7248,0.7248,1.4496,1.0872,1.0872,2.5368,1.0872,1.4496,0.3624,0.7248,1.0872,1.0872,0,0.0001,0,0,0,0,0.0001,0,0,0,0.0001,0.0001,0.0001,0.0001,0.0001,0.0001,0,0,0.0001,0.0001,0.3033,0.3343,0.3033,0.3343,
0.4998,0.9997,0.4998,0.4998,0.4998,0.4998,0.9997,0.4998,0.4998,1.4995,0.9997,1.4995,0.4998,0.9997,0,0.4998,0,1.9994,0.9997,1.4995,0,0,0,0,0,0,0,0,0,0.0001,0,0.0001,0,0,0,0,0,0.0001,0,0.0001,0.2641,0.236,0.2641,0.236,
0,0.4855,1.4566,0.4855,0.9711,1.4566,0.4855,0.4855,0,0.4855,0.9711,1.4566,0.4855,0.9711,0.4855,1.4566,0.9711,0.4855,0.4855,0.9711,0,0,0.0001,0,0.0001,0.0001,0,0,0,0,0.0001,0.0001,0,0.0001,0,0.0001,0.0001,0,0,0.0001,0.2669,0.2475,0.2669,0.2475,
0,0,1.2658,0,0.8439,0,1.2658,0.4219,0.4219,1.2658,0.8439,0.8439,1.2658,0.8439,1.2658,1.6878,0.4219,0,0.4219,1.6878,0,0,0.0001,0,0.0001,0,0.0001,0,0,0.0001,0.0001,0.0001,0.0001,0.0001,0.0001,0.0001,0,0,0,0.0001,0.2316,0.3465,0.2316,0.3465,
0,0,0.4347,0,0,0.4347,1.304,0.4347,0.4347,1.304,2.1734,0.4347,0.4347,0.8693,2.1734,2.608,1.304,0,0,0.8693,0,0,0,0,0,0,0.0001,0,0,0.0001,0.0002,0,0,0.0001,0.0002,0.0002,0.0001,0,0,0.0001,0.3145,0.2508,0.3145,0.2508,
0,0,2.0358,0.6786,0.6786,0,0,0,0,1.3572,0,1.3572,0.6786,0,1.3572,1.3572,0,0.6786,0,0,0,0,0.0002,0.0001,0.0001,0,0,0,0,0.0002,0,0.0002,0.0001,0,0.0002,0.0002,0,0.0001,0,0,0.1784,0.143,0.1784,0.143,
0,1.2783,0,0.8522,0.8522,1.7044,1.2783,1.7044,0,0.8522,0.4261,3.835,0.8522,0.8522,0.4261,0.8522,0.4261,0,0.8522,2.1305,0,0.0001,0,0,0,0.0001,0.0001,0.0001,0,0,0,0.0002,0,0,0,0,0,0,0,0.0001,0.3069,0.267,0.3069,0.267,
0.4583,1.3749,0.4583,0.4583,0,0.9166,1.3749,1.3749,0.9166,0.4583,1.3749,0.9166,0,0.4583,0,1.8333,0.4583,0.4583,0.9166,1.8333,0,0.0001,0,0,0,0,0.0001,0.0001,0,0,0.0001,0,0,0,0,0.0001,0,0,0,0.0001,0.2636,0.2781,0.2636,0.2781,
0,0,0.423,0.8461,0.8461,0.423,1.2691,0,1.2691,0.8461,2.1152,0.423,0,0.423,1.2691,0.423,0.423,0,1.2691,0,0,0,0,0.0001,0.0001,0,0.0001,0,0.0001,0.0001,0.0002,0,0,0,0.0001,0,0,0,0.0001,0,0.2902,0.2868,0.2902,0.2868,
0,0.7274,0.3637,0.3637,0.3637,1.0911,0.3637,0.3637,1.0911,0.7274,1.0911,0.3637,0.3637,0,2.1822,0.7274,0.7274,0.7274,1.0911,0.7274,0,0,0,0,0,0.0001,0,0,0.0001,0,0.0001,0,0,0,0.0001,0,0,0,0.0001,0,0.3113,0.325,0.3113,0.325,
2.3136,1.7352,0,0,0,3.4704,0,1.1568,1.1568,2.3136,0,1.7352,1.1568,0.5784,0,4.0488,0.5784,1.1568,0,0.5784,0.0001,0.0001,0,0,0,0.0001,0,0,0,0.0001,0,0.0001,0,0,0,0.0002,0,0,0,0,0.2163,0.2053,0.2163,0.2053,
3.3881,0,0,0.6776,1.3552,0,0,3.3881,0.6776,4.0657,0.6776,0.6776,0.6776,0,0,0.6776,2.0328,2.0328,0,0.6776,0.0003,0,0,0.0001,0.0001,0,0,0.0003,0.0001,0.0004,0.0001,0.0001,0.0001,0,0,0.0001,0.0002,0.0002,0,0.0001,0.1677,0.1547,0.1677,0.1547,
0.5315,0,0.5315,0,1.063,2.126,0,1.5945,1.5945,3.189,2.126,2.6575,2.126,0,0,2.126,1.063,1.5945,0,0.5315,0,0,0,0,0.0001,0.0001,0,0.0001,0.0001,0.0002,0.0001,0.0002,0.0001,0,0,0.0001,0.0001,0.0001,0,0,0.2033,0.2652,0.2033,0.2652,
1.0294,1.0294,0.5147,1.0294,7.7202,0,0,1.544,1.0294,2.0587,0.5147,1.544,0,0,0.5147,0.5147,0,2.0587,0,0.5147,0.0001,0.0001,0,0.0001,0.0005,0,0,0.0001,0.0001,0.0001,0,0.0001,0,0,0,0,0,0.0001,0,0,0.2481,0.2372,0.2481,0.2372,
0.788,0.788,0.394,1.1819,0.788,0.788,1.1819,1.9699,0.788,2.3639,1.5759,0.788,0.394,1.5759,0.394,0.788,0.394,0,0.788,1.5759,0,0,0,0.0001,0,0,0.0001,0.0001,0,0.0001,0.0001,0,0,0.0001,0,0,0,0,0,0.0001,0.2782,0.3279,0.2782,0.3279,
1.5922,0,1.1941,0.7961,0,1.1941,1.5922,0.398,0.7961,0.398,0.7961,0.398,1.1941,0.398,0,0.398,0.7961,0,1.1941,0.398,0.0001,0,0.0001,0.0001,0,0.0001,0.0001,0,0.0001,0,0.0001,0,0.0001,0,0,0,0.0001,0,0.0001,0,0.2913,0.3106,0.2913,0.3106,
0,0.4463,1.339,0.8926,0.4463,0.4463,1.339,0.8926,0.4463,0.8926,0.4463,0.4463,1.339,0.4463,0.4463,0,1.339,0.4463,0.8926,0.4463,0,0,0.0001,0.0001,0,0,0.0001,0.0001,0,0.0001,0,0,0.0001,0,0,0,0.0001,0,0.0001,0,0.246,0.3076,0.246,0.3076,
1.5877,0,0,1.0584,0.5292,2.1169,0,2.1169,0.5292,5.2922,0.5292,1.0584,1.0584,1.0584,0.5292,0,0.5292,1.0584,0,1.0584,0.0001,0,0,0.0001,0,0.0001,0,0.0001,0,0.0003,0,0.0001,0.0001,0.0001,0,0,0,0.0001,0,0.0001,0.227,0.2438,0.227,0.2438,
0.4831,0.9662,0.9662,0,1.9324,1.4493,1.4493,1.4493,0.4831,0.9662,0,0.9662,0,0.9662,0.4831,0,0,1.4493,0.4831,0.9662,0,0.0001,0.0001,0,0.0001,0.0001,0.0001,0.0001,0,0.0001,0,0.0001,0,0.0001,0,0,0,0.0001,0,0.0001,0.2991,0.2178,0.2991,0.2178,
0,0.8633,0,0.4317,0.8633,0.4317,0.8633,0.4317,0.4317,3.0216,0.8633,1.7266,0,1.7266,1.295,1.295,0.8633,0.8633,0,0,0,0.0001,0,0,0.0001,0,0.0001,0,0,0.0002,0.0001,0.0001,0,0.0001,0.0001,0.0001,0.0001,0.0001,0,0,0.2635,0.3048,0.2635,0.3048,
1.1747,0.7831,1.1747,0,1.1747,1.1747,0.3916,0.3916,1.5662,0.7831,1.1747,0,0.3916,1.1747,1.1747,2.3493,0.7831,1.1747,0.3916,0.3916,0.0001,0,0.0001,0,0.0001,0.0001,0,0,0.0001,0,0.0001,0,0,0.0001,0.0001,0.0001,0,0.0001,0,0,0.3013,0.3072,0.3013,0.3072,
2.0021,1.3348,0.6674,0.6674,0,0.6674,0.6674,0,0,0.6674,2.0021,0,0.6674,1.3348,0,2.0021,0.6674,0,0.6674,0,0.0001,0.0001,0,0,0,0,0,0,0,0,0.0001,0,0,0.0001,0,0.0001,0,0,0,0,0.1777,0.155,0.1777,0.155,
0.4509,0.9018,0,0.9018,0.4509,0,1.3526,0.9018,0.4509,0,0,1.3526,0.4509,0.9018,2.2544,0,0.9018,1.3526,0.9018,0.4509,0,0.0001,0,0.0001,0,0,0.0001,0.0001,0,0,0,0.0001,0,0.0001,0.0002,0,0.0001,0.0001,0.0001,0,0.2891,0.2601,0.2891,0.2601,
0,1.1127,0,1.1127,1.1127,0.7418,0.7418,1.1127,1.1127,0,0,0.3709,0.3709,1.8545,1.4836,0.3709,0,0.3709,0.7418,1.1127,0,0.0001,0,0.0001,0.0001,0,0,0.0001,0.0001,0,0,0,0,0.0001,0.0001,0,0,0,0,0.0001,0.3667,0.2623,0.3667,0.2623,
0.7493,0.7493,0.3747,0,0.7493,0.3747,0.3747,1.124,2.6227,1.124,0.3747,0.3747,0.3747,0.3747,2.6227,1.4987,0.3747,1.124,0,0,0,0,0,0,0,0,0,0.0001,0.0002,0.0001,0,0,0,0,0.0002,0.0001,0,0.0001,0,0,0.3724,0.253,0.3724,0.253,
0.5107,0.5107,0.5107,0.5107,2.0429,2.0429,0,0.5107,0.5107,4.0858,0.5107,1.0215,0,1.5322,0.5107,1.0215,1.5322,1.0215,0,0.5107,0,0,0,0,0.0001,0.0001,0,0,0,0.0002,0,0.0001,0,0.0001,0,0.0001,0.0001,0.0001,0,0,0.2253,0.2639,0.2253,0.2639,
0,0.7241,0.7241,0,0,0,0.7241,2.1724,0,0.7241,0,0,0,0.7241,0.7241,0,0.7241,1.4483,0,0,0,0.0001,0.0001,0,0,0,0.0001,0.0002,0,0.0001,0,0,0,0.0001,0.0001,0,0.0001,0.0001,0,0,0.1873,0.0886,0.1873,0.0886,
0.7414,0,0.7414,0.7414,0.7414,0.7414,0.7414,0.3707,0.7414,0.7414,1.112,0.3707,0.7414,1.4827,1.112,1.112,1.4827,0.7414,1.4827,0.3707,0.0001,0,0.0001,0.0001,0.0001,0.0001,0.0001,0,0.0001,0.0001,0.0001,0,0.0001,0.0001,0.0001,0.0001,0.0001,0.0001,0.0001,0,0.3634,0.2659,0.3634,0.2659,
0,0.5397,1.0794,1.0794,0,1.6191,0.5397,2.1588,0.5397,0,0.5397,0,1.6191,1.0794,0,1.0794,1.6191,0,0.5397,1.6191,0,0,0.0001,0.0001,0,0.0001,0,0.0002,0,0,0,0,0.0001,0.0001,0,0.0001,0.0001,0,0,0.0001,0.2552,0.2051,0.2552,0.2051,
2.126,0,0.7087,0.7087,1.4173,0,0.7087,0,0,0.7087,0.7087,0,0,0.7087,0,0,0.7087,0,0,0,0.0003,0,0.0001,0.0001,0.0002,0,0.0001,0,0,0.0001,0.0001,0,0,0.0001,0,0,0.0001,0,0,0,0.1207,0.1707,0.1207,0.1707,
0.8766,0,0,0,0.8766,0.8766,0,0.8766,0,0.8766,0,1.7533,1.7533,0,0,2.6299,0.8766,0,0,0,0.0001,0,0,0,0.0001,0.0001,0,0.0001,0,0.0001,0,0.0002,0.0002,0,0,0.0003,0.0001,0,0,0,0.0542,0.0691,0.0542,0.0691,
0.4701,0.4701,0.9403,0,0.4701,1.4104,0.4701,0.9403,0,0.4701,0,0.4701,1.4104,0.9403,0.9403,0.4701,1.8806,0.4701,1.8806,0,0,0,0.0001,0,0,0.0001,0,0.0001,0,0,0,0,0.0001,0.0001,0.0001,0,0.0001,0,0.0001,0,0.2619,0.2679,0.2619,0.2679,
0.7578,0,0.7578,0,0.7578,0.7578,0,0.7578,0.7578,0.7578,0.7578,0,0.7578,0.7578,0,0.7578,0,0,0,0,0.0001,0,0.0001,0,0.0001,0.0001,0,0.0001,0.0001,0.0001,0.0001,0,0.0001,0.0001,0,0.0001,0,0,0,0,0.0941,0.1481,0.0941,0.1481,
0.9096,0.9096,0.4548,1.8193,0.4548,0.4548,0.4548,0,1.3645,1.3645,0,0.4548,0.4548,0.4548,0.4548,0.9096,1.3645,0.4548,0.9096,0,0.0001,0.0001,0,0.0001,0,0,0,0,0.0001,0.0001,0,0,0,0,0,0.0001,0.0001,0,0.0001,0,0.2804,0.2648,0.2804,0.2648,
0,0,1.5423,1.5423,0.5141,1.0282,0,0,2.5705,0,0,0,2.5705,1.0282,0.5141,1.0282,2.0564,0.5141,0,0,0,0,0.0002,0.0002,0.0001,0.0001,0,0,0.0003,0,0,0,0.0003,0.0001,0.0001,0.0001,0.0002,0.0001,0,0,0.2494,0.2365,0.2494,0.2365,
0.7262,0,0,0.7262,0.7262,0,0.7262,0,0.7262,1.4525,0,0.7262,1.4525,2.1787,0,0,0,0,0,0.7262,0.0001,0,0,0.0001,0.0001,0,0.0001,0,0.0001,0.0002,0,0.0001,0.0002,0.0003,0,0,0,0,0,0.0001,0.1584,0.1153,0.1584,0.1153,
1.4594,0.7297,0.7297,0.7297,0,0,0,0,0,0.7297,0,0,0.7297,0.7297,0.7297,0,0,0,0,2.1892,0.0001,0.0001,0.0001,0.0001,0,0,0,0,0,0.0001,0,0,0.0001,0.0001,0.0001,0,0,0,0,0.0002,0.1279,0.1424,0.1279,0.1424,
2.4612,0.4102,0.8204,2.051,0,0,0.4102,1.2306,1.6408,0.8204,0,0.4102,0.8204,0.8204,1.2306,0.8204,1.2306,1.6408,0,0.4102,0.0002,0,0.0001,0.0001,0,0,0,0.0001,0.0001,0.0001,0,0,0.0001,0.0001,0.0001,0.0001,0.0001,0.0001,0,0,0.2702,0.3196,0.2702,0.3196,
2.7832,0,0,0,0,0,2.2266,1.1133,0.5566,0.5566,0,0,2.2266,0,0,1.6699,1.6699,3.3398,0,2.7832,0.0002,0,0,0,0,0,0.0002,0.0001,0,0,0,0,0.0002,0,0,0.0001,0.0001,0.0003,0,0.0002,0.2571,0.1862,0.2571,0.1862,
1.2832,0.4277,1.711,0.4277,0.4277,0.4277,0.4277,2.5665,1.2832,0.8555,0,1.2832,0.8555,0,2.1387,0.8555,1.2832,0.8555,0.8555,0.4277,0.0001,0,0.0001,0,0,0,0,0.0001,0.0001,0,0,0.0001,0,0,0.0001,0,0.0001,0,0,0,0.2793,0.2929,0.2793,0.2929,
0.4083,0.8167,1.6334,0.8167,0.4083,0.8167,1.225,0.4083,0.8167,0.4083,0.8167,0.8167,0.4083,1.225,0,0.4083,1.225,1.225,1.225,0.4083,0,0,0.0001,0,0,0,0.0001,0,0,0,0,0,0,0.0001,0,0,0.0001,0.0001,0.0001,0,0.2936,0.298,0.2936,0.298,
1.0421,1.5632,1.5632,0,0.5211,0.5211,0,0,1.5632,0,0,1.0421,0.5211,0,0.5211,0.5211,1.5632,1.5632,1.0421,1.0421,0,0.0001,0.0001,0,0,0,0,0,0.0001,0,0,0,0,0,0,0,0.0001,0.0001,0,0,0.254,0.2249,0.254,0.2249,
0.4395,0.4395,0.8789,1.7578,0,0.8789,0.4395,0.4395,1.7578,0,0,0.4395,0.4395,0.8789,0.8789,0.8789,2.6368,0.8789,0.4395,2.6368,0,0,0.0001,0.0001,0,0.0001,0,0,0.0001,0,0,0,0,0.0001,0.0001,0.0001,0.0002,0.0001,0,0.0002,0.2868,0.2737,0.2868,0.2737,
0.489,0,0,0,1.467,0,0,2.4449,0,0,1.467,0.489,0.489,1.467,2.4449,0.489,0.489,1.956,2.4449,1.956,0,0,0,0,0.0001,0,0,0.0002,0,0,0.0001,0,0,0.0001,0.0002,0,0,0.0002,0.0002,0.0002,0.2496,0.2614,0.2496,0.2614,
0,1.0214,0.5107,0.5107,1.5321,0,1.0214,0,0,0,0,0,0.5107,1.0214,1.0214,2.0428,0,0,1.0214,0.5107,0,0.0001,0,0,0.0001,0,0.0001,0,0,0,0,0,0,0.0001,0.0001,0.0001,0,0,0.0001,0,0.2702,0.2191,0.2702,0.2191,
3.2546,0,0,0.4649,1.8598,0.4649,0.4649,1.8598,0,1.8598,0.9299,0.4649,1.3948,0.9299,1.8598,1.3948,1.8598,2.3247,0.4649,0.4649,0.0002,0,0,0,0.0001,0,0,0.0001,0,0.0001,0.0001,0,0.0001,0.0001,0.0001,0.0001,0.0001,0.0002,0,0,0.2724,0.2626,0.2724,0.2626,
2.5658,0,0.6414,0.6414,1.9243,0,0,3.8487,0.6414,3.2072,0.6414,1.2829,0.6414,0.6414,0,0.6414,1.9243,1.9243,0,0.6414,0.0002,0,0.0001,0.0001,0.0002,0,0,0.0003,0.0001,0.0003,0.0001,0.0001,0.0001,0.0001,0,0.0001,0.0002,0.0002,0,0.0001,0.1843,0.1742,0.1843,0.1742,
0,0.5969,0.5969,0,0,2.3877,0,0,1.7907,0.5969,0.5969,0,1.1938,0,1.1938,0.5969,0,0,0,0.5969,0,0.0001,0.0001,0,0,0.0002,0,0,0.0002,0.0001,0.0001,0,0.0001,0,0.0001,0.0001,0,0,0,0.0001,0.2191,0.184,0.2191,0.184,
2.0756,0,1.0378,0,0,0,1.0378,1.5567,1.0378,1.5567,0.5189,1.0378,0.5189,1.0378,0.5189,0,0,1.0378,1.0378,1.0378,0.0002,0,0.0001,0,0,0,0.0001,0.0001,0.0001,0.0001,0,0.0001,0,0.0001,0,0,0,0.0001,0.0001,0.0001,0.257,0.2241,0.257,0.2241,
0.8139,0,0.8139,0.8139,0,0,0,0,1.6279,0,0,0.8139,0,0.8139,1.6279,0,0,0.8139,0,0,0.0002,0,0.0002,0.0002,0,0,0,0,0.0004,0,0,0.0002,0,0.0002,0.0004,0,0,0.0002,0,0,0.0916,0.0945,0.0916,0.0945,
0.4611,0.9223,0.4611,0.9223,0.9223,0.9223,0.9223,2.3057,0.9223,0.9223,1.3834,0.4611,0,1.8446,1.3834,0.4611,2.3057,1.3834,0.4611,0.9223,0,0.0001,0,0.0001,0.0001,0.0001,0.0001,0.0001,0.0001,0.0001,0.0001,0,0,0.0001,0.0001,0,0.0001,0.0001,0,0.0001,0.2878,0.2511,0.2878,0.2511,
1.6992,0.5664,0.5664,0.5664,0.5664,0.5664,0,0.5664,0.5664,2.2655,1.1328,0,1.6992,0,1.6992,1.6992,0.5664,0.5664,0,0,0.0001,0,0,0,0,0,0,0,0,0.0001,0.0001,0,0.0001,0,0.0001,0.0001,0,0,0,0,0.2342,0.1994,0.2342,0.1994,
0.796,0,1.194,1.194,1.99,1.194,1.194,0,0.398,0.398,0,0,0.796,0,0.398,1.194,0.796,0.796,1.592,0.796,0.0001,0,0.0001,0.0001,0.0001,0.0001,0.0001,0,0,0,0,0,0.0001,0,0,0.0001,0.0001,0.0001,0.0001,0.0001,0.3407,0.2613,0.3407,0.2613,
0,0,0.5348,0.5348,3.2086,1.6043,0,0.5348,1.0695,2.6739,0.5348,1.0695,1.0695,0,1.0695,1.0695,1.0695,2.6739,0,0.5348,0,0,0,0,0.0002,0.0001,0,0,0.0001,0.0002,0,0.0001,0.0001,0,0.0001,0.0001,0.0001,0.0002,0,0,0.2306,0.2346,0.2306,0.2346,
0,0.737,0,0,0,0,0.737,0,0,1.4741,0.737,0.737,0,0.737,0,0.737,0.737,0.737,2.9481,0,0,0,0,0,0,0,0,0,0,0.0001,0,0,0,0,0,0,0,0,0.0002,0,0.1303,0.1327,0.1303,0.1327,
0.6118,0,1.2235,0.9177,1.2235,0.3059,0,1.2235,2.753,2.1412,0.6118,0,0.3059,0.3059,1.5294,0.3059,0.3059,0.9177,0,0.6118,0,0,0.0001,0.0001,0.0001,0,0,0.0001,0.0002,0.0001,0,0,0,0,0.0001,0,0,0.0001,0,0,0.3083,0.3858,0.3083,0.3858,
0,0.8956,0,0.4478,0.4478,1.3435,1.7913,0.4478,1.3435,0.4478,0.4478,0.4478,1.3435,1.3435,0,0.8956,1.7913,1.3435,0.4478,0.4478,0,0.0001,0,0,0,0.0001,0.0001,0,0.0001,0,0,0,0.0001,0.0001,0,0.0001,0.0001,0.0001,0,0,0.2761,0.2761,0.2761,0.2761,
2.0192,0,3.0288,2.0192,0,1.0096,1.0096,0.5048,0,0.5048,0.5048,0,0.5048,0,1.5144,1.0096,0.5048,0.5048,0,0.5048,0.0002,0,0.0003,0.0002,0,0.0001,0.0001,0,0,0,0,0,0,0,0.0001,0.0001,0,0,0,0,0.289,0.2061,0.289,0.2061,
0.489,1.9559,0.9779,0,0.489,0,0,0.489,1.4669,0.489,0.489,0,0.489,0.9779,0.9779,0,0,0.489,1.4669,1.9559,0,0.0001,0,0,0,0,0,0,0.0001,0,0,0,0,0,0,0,0,0,0.0001,0.0001,0.3197,0.1913,0.3197,0.1913,
1.1056,1.1056,1.6585,0,1.1056,0,0,0,0.5528,2.2113,1.1056,1.6585,2.2113,0.5528,0,1.1056,0.5528,0,0.5528,0.5528,0.0001,0.0001,0.0001,0,0.0001,0,0,0,0,0.0001,0.0001,0.0001,0.0001,0,0,0.0001,0,0,0,0,0.2167,0.2305,0.2167,0.2305,
0.718,0.718,0.718,0.718,1.0769,0.718,0,1.7949,1.4359,1.0769,0.359,0.718,1.4359,0.718,1.0769,0,0.359,1.0769,1.0769,0,0,0,0,0,0.0001,0,0,0.0001,0.0001,0.0001,0,0,0.0001,0,0.0001,0,0,0.0001,0.0001,0,0.3484,0.2926,0.3484,0.2926,
0.4385,0.4385,1.7541,0.4385,0.877,0,0.4385,0,0.4385,0.877,2.1926,2.1926,0.4385,0.877,0.877,1.3155,1.7541,1.7541,0.877,0,0,0,0.0001,0,0.0001,0,0,0,0,0.0001,0.0002,0.0002,0,0.0001,0.0001,0.0001,0.0001,0.0001,0.0001,0,0.2809,0.2806,0.2809,0.2806,
2.2594,0,0.9038,0.4519,2.7113,0.4519,0,1.3557,0.4519,3.6151,0.4519,0.4519,1.3557,0,0.9038,1.3557,0.9038,1.3557,0.4519,0.4519,0.0001,0,0,0,0.0001,0,0,0.0001,0,0.0002,0,0,0.0001,0,0,0.0001,0,0.0001,0,0,0.2653,0.2828,0.2653,0.2828,
1.3562,0,1.3562,2.2604,2.2604,0.9042,0.4521,0.4521,0.4521,0.9042,0,0.9042,1.3562,0.9042,0.4521,1.3562,0.4521,0.4521,0,0.4521,0.0001,0,0.0001,0.0001,0.0001,0.0001,0,0,0,0.0001,0,0.0001,0.0001,0.0001,0,0.0001,0,0,0,0,0.3274,0.2205,0.3274,0.2205,
1.0412,0.3471,1.7353,1.0412,0.6941,0,0.6941,0.3471,1.3882,0.6941,1.3882,0.3471,1.0412,0.3471,1.0412,0.6941,0.3471,0.6941,0.3471,1.0412,0.0001,0,0.0001,0.0001,0,0,0,0,0.0001,0,0.0001,0,0.0001,0,0.0001,0,0,0,0,0.0001,0.3114,0.3415,0.3114,0.3415,
1.3687,0,1.3687,0,0,0.6844,0,1.3687,0,1.3687,0,0,0,0,0.6844,2.0531,0.6844,0.6844,0,0,0.0001,0,0.0001,0,0,0.0001,0,0.0001,0,0.0001,0,0,0,0,0.0001,0.0002,0.0001,0.0001,0,0,0.1373,0.1783,0.1373,0.1783,
0.4336,1.7343,0.4336,0.8671,0.4336,0.4336,0.4336,0.4336,1.3007,0.8671,0,0.4336,1.7343,0.8671,0.4336,0.8671,1.7343,0.8671,1.3007,1.3007,0,0.0001,0,0,0,0,0,0,0.0001,0,0,0,0.0001,0,0,0,0.0001,0,0.0001,0.0001,0.2674,0.2991,0.2674,0.2991,
0,0.4029,0.8058,1.6116,0.4029,0.4029,0.4029,0,1.2087,0.4029,0.8058,1.2087,0.8058,1.2087,0.4029,1.2087,0.8058,0.8058,1.6116,0.4029,0,0,0,0.0001,0,0,0,0,0.0001,0,0,0.0001,0,0.0001,0,0.0001,0,0,0.0001,0,0.2728,0.3243,0.2728,0.3243,
1.5687,0.5229,0.5229,0,1.0458,1.0458,0.5229,0.5229,0.5229,1.5687,0.5229,2.0916,0.5229,0.5229,1.0458,1.5687,2.0916,0.5229,0,0,0.0001,0,0,0,0.0001,0.0001,0,0,0,0.0001,0,0.0001,0,0,0.0001,0.0001,0.0001,0,0,0,0.2277,0.2494,0.2277,0.2494,
0,0.6875,1.3749,0,0.6875,0,0.6875,1.3749,0.6875,0,0.6875,0.6875,0.6875,0,0,0.6875,0,0,0,0,0,0.0001,0.0001,0,0.0001,0,0.0001,0.0001,0.0001,0,0.0001,0.0001,0.0001,0,0,0.0001,0,0,0,0,0.1668,0.1457,0.1668,0.1457,
0,1.0146,0,0.5073,0.5073,2.0292,1.0146,1.0146,1.5219,0,0,0.5073,0.5073,0,0.5073,0,1.0146,0.5073,0,0.5073,0,0.0001,0,0,0,0.0001,0.0001,0.0001,0.0001,0,0,0,0,0,0,0,0.0001,0,0,0,0.2358,0.2569,0.2358,0.2569,
0.6474,0,0,0,0.6474,0,0.6474,0.6474,1.2948,0,0,0.6474,0,0.6474,0,0.6474,0.6474,1.2948,0,2.5897,0.0001,0,0,0,0.0001,0,0.0001,0.0001,0.0002,0,0,0.0001,0,0.0001,0,0.0001,0.0001,0.0002,0,0.0003,0.1874,0.1652,0.1874,0.1652,
0.6724,0,1.3447,0,0,0,0,2.6894,0,0,0,0,0,0.6724,0.6724,0.6724,0,0.6724,0.6724,0,0.0001,0,0.0002,0,0,0,0,0.0003,0,0,0,0,0,0.0001,0.0001,0.0001,0,0.0001,0.0001,0,0.1625,0.1652,0.1625,0.1652,
0.8647,0.8647,1.2971,0.8647,0.8647,0.8647,0,1.2971,0.8647,1.7294,0.4324,1.2971,0.8647,1.2971,0,0.8647,0.8647,0,1.2971,0.4324,0,0,0.0001,0,0,0,0,0.0001,0,0.0001,0,0.0001,0,0.0001,0,0,0,0,0.0001,0,0.2416,0.326,0.2416,0.326,
0.8042,0.8042,0.4021,0.8042,1.2062,0.8042,0.8042,0.4021,1.6083,0.8042,0,1.2062,0.8042,0.8042,2.4125,0,0.8042,0.8042,0,1.2062,0.0001,0.0001,0,0.0001,0.0001,0.0001,0.0001,0,0.0001,0.0001,0,0.0001,0.0001,0.0001,0.0002,0,0.0001,0.0001,0,0.0001,0.2754,0.3225,0.2754,0.3225,
0.6645,2.6578,0,0,0.6645,0.6645,0.6645,1.3289,0.6645,3.9868,0.6645,0,0.6645,1.3289,0,1.9934,0.6645,0.6645,0.6645,0,0,0.0001,0,0,0,0,0,0.0001,0,0.0002,0,0,0,0.0001,0,0.0001,0,0,0,0,0.1824,0.1532,0.1824,0.1532,
3.2424,0,0,0.6485,1.297,0,0,3.2424,1.297,3.8909,0.6485,0.6485,0.6485,0,0,0,1.9454,1.9454,0,0.6485,0.0003,0,0,0.0001,0.0001,0,0,0.0003,0.0001,0.0004,0.0001,0.0001,0.0001,0,0,0,0.0002,0.0002,0,0.0001,0.1858,0.1658,0.1858,0.1658,
0,2.941,0.8403,0.4201,0.8403,0.8403,0.4201,1.2604,0.4201,2.1007,0,1.6806,0.4201,0,1.2604,1.2604,0.4201,0.4201,0.4201,0.4201,0,0.0001,0,0,0,0,0,0,0,0.0001,0,0.0001,0,0,0,0,0,0,0,0,0.3193,0.2605,0.3193,0.2605,
0,1.3904,0.9269,0.9269,0.9269,1.8539,0,1.3904,0.9269,0,0.9269,1.3904,0.4635,2.7808,0.4635,0.4635,1.8539,1.3904,0.4635,0.4635,0,0.0001,0,0,0,0.0001,0,0.0001,0,0,0,0.0001,0,0.0001,0,0,0.0001,0.0001,0,0,0.2636,0.2729,0.2636,0.2729,
0.4354,0.8708,1.3062,1.3062,0.8708,0.8708,0,1.3062,0.8708,0.8708,0,0.4354,0.4354,0,0.8708,1.7416,0.8708,0,0.4354,0.4354,0,0,0.0001,0.0001,0,0,0,0.0001,0,0,0,0,0,0,0,0.0001,0,0,0,0,0.2645,0.3001,0.2645,0.3001,
0.6583,1.9748,0,0.6583,0,0.6583,0.6583,0,0.6583,0,0.6583,0.6583,0.6583,0.6583,0.6583,0.6583,1.3166,1.3166,0,0,0.0001,0.0002,0,0.0001,0,0.0001,0.0001,0,0.0001,0,0.0001,0.0001,0.0001,0.0001,0.0001,0.0001,0.0001,0.0001,0,0,0.1899,0.1518,0.1899,0.1518,
1.0151,0.5076,0,0.5076,0,0.5076,0.5076,1.5227,1.0151,1.5227,1.5227,2.0303,1.5227,1.5227,1.0151,1.0151,1.0151,1.5227,0.5076,0,0.0001,0,0,0,0,0,0,0.0001,0.0001,0.0001,0.0001,0.0001,0.0001,0.0001,0.0001,0.0001,0.0001,0.0001,0,0,0.2504,0.2421,0.2504,0.2421,
0,0,0,0,0,0,0,0,0,0.9185,1.8369,0,1.8369,0,0,0.9185,2.7554,0.9185,0,0,0,0,0,0,0,0,0,0,0,0.0002,0.0004,0,0.0004,0,0,0.0002,0.0005,0.0002,0,0,0.0352,0.0463,0.0352,0.0463,
0,1.1635,0.3878,0,0,0.7757,0.7757,1.1635,1.9392,0,0.7757,0.3878,0.7757,0.7757,2.7148,0.3878,0.3878,1.9392,0,0,0,0.0001,0,0,0,0.0001,0.0001,0.0001,0.0001,0,0.0001,0,0.0001,0.0001,0.0002,0,0,0.0001,0,0,0.335,0.2772,0.335,0.2772,
1.8376,0,0.4594,0.4594,2.2971,0.9188,0.4594,1.3782,0.9188,2.2971,0.9188,0.4594,1.3782,0,0.4594,0,1.8376,0.9188,0.9188,0,0.0001,0,0,0,0.0002,0.0001,0,0.0001,0.0001,0.0002,0.0001,0,0.0001,0,0,0,0.0001,0.0001,0.0001,0,0.2472,0.2934,0.2472,0.2934,
0.7045,1.4091,0.7045,0.7045,0.7045,3.5227,0.7045,0.3523,0.7045,0,0.3523,0.3523,1.4091,0.7045,2.1136,1.0568,0.3523,0.3523,0.3523,0.3523,0,0.0001,0,0,0,0.0002,0,0,0,0,0,0,0.0001,0,0.0001,0.0001,0,0,0,0,0.3275,0.3203,0.3275,0.3203,
0.7359,0,0,0.7359,0.7359,0,0,0,0.7359,0,0.7359,0.7359,2.2077,0,0.7359,0,0,0,0,0.7359,0.0001,0,0,0.0001,0.0001,0,0,0,0.0001,0,0.0001,0.0001,0.0004,0,0.0001,0,0,0,0,0.0001,0.1063,0.1578,0.1063,0.1578,
0.6788,0,0,2.0365,1.3577,0.6788,0,0,2.0365,0.6788,0,0,0,0.6788,0.6788,0,0,0,0,0.6788,0.0001,0,0,0.0003,0.0002,0.0001,0,0,0.0003,0.0001,0,0,0,0.0001,0.0001,0,0,0,0,0.0001,0.1332,0.1879,0.1332,0.1879,
0,0,2.0203,0.6734,0.6734,0,0.6734,0,0,1.3468,0,1.3468,0.6734,0,0.6734,0.6734,0.6734,0.6734,0,0,0,0,0.0003,0.0001,0.0001,0,0.0001,0,0,0.0002,0,0.0002,0.0001,0,0.0001,0.0001,0.0001,0.0001,0,0,0.1707,0.1559,0.1707,0.1559,
2.0971,1.5728,1.0485,0,0.5243,0.5243,0,0.5243,0,1.0485,1.0485,1.0485,0,1.0485,0.5243,1.5728,0,0,2.6214,1.0485,0.0001,0.0001,0,0,0,0,0,0,0,0,0,0,0,0,0,0.0001,0,0,0.0001,0,0.2941,0.1816,0.2941,0.1816,
1.1064,0.7376,0.3688,0.3688,0.7376,1.4751,1.1064,0.7376,1.1064,1.1064,0.3688,0.3688,0,1.1064,1.4751,0,0.3688,0.3688,1.4751,0,0.0001,0,0,0,0,0.0001,0.0001,0,0.0001,0.0001,0,0,0,0.0001,0.0001,0,0,0,0.0001,0,0.3307,0.3006,0.3307,0.3006,
0.4274,0.4274,1.2823,2.5647,0.8549,0.4274,1.2823,1.7098,0.8549,0.4274,0.4274,0.8549,1.7098,1.2823,0.4274,0.4274,0,1.2823,0,0,0,0,0.0001,0.0002,0.0001,0,0.0001,0.0001,0.0001,0,0,0.0001,0.0001,0.0001,0,0,0,0.0001,0,0,0.3075,0.265,0.3075,0.265,
0.721,1.0815,0.3605,0.721,0.721,1.0815,0.721,1.8025,2.5234,0.721,1.0815,0.3605,1.0815,0,0.721,0.721,0.721,0,0.3605,0.3605,0,0.0001,0,0,0,0.0001,0,0.0001,0.0001,0,0.0001,0,0.0001,0,0,0,0,0,0,0,0.3615,0.278,0.3615,0.278,
0,0,1.2187,1.2187,0,0,0,1.2187,0.6094,0,2.4374,1.8281,0.6094,0,0,0,1.2187,0,0,0,0,0,0.0001,0.0001,0,0,0,0.0001,0.0001,0,0.0002,0.0002,0.0001,0,0,0,0.0001,0,0,0,0.2125,0.1781,0.2125,0.1781,
0.8478,0,0.8478,0,0.8478,0,0,0,0,0,0.8478,0,0,1.6957,0,0,1.6957,1.6957,0,0.8478,0.0002,0,0.0002,0,0.0002,0,0,0,0,0,0.0002,0,0,0.0004,0,0,0.0004,0.0004,0,0.0002,0.0888,0.0634,0.0888,0.0634,
1.1178,1.1178,0,2.2356,0.5589,0.5589,0,0,1.6767,0,0,0.5589,3.3533,0,0,0,0,1.6767,0,1.1178,0.0001,0.0001,0,0.0001,0,0,0,0,0.0001,0,0,0,0.0002,0,0,0,0,0.0001,0,0.0001,0.269,0.1721,0.269,0.1721,
0,0,0,0,0,1.3799,0,0.6899,1.3799,0.6899,0.6899,0,0,1.3799,0,0,0,0,1.3799,0.6899,0,0,0,0,0,0.0002,0,0.0001,0.0002,0.0001,0.0001,0,0,0.0002,0,0,0,0,0.0002,0.0001,0.1378,0.1723,0.1378,0.1723,
0,0.397,0.794,0.794,0.794,1.1911,0.397,0.397,0.794,0.794,0.794,1.9851,0.794,1.1911,1.9851,0.794,1.1911,1.1911,0,1.1911,0,0,0,0,0,0.0001,0,0,0,0,0,0.0001,0,0.0001,0.0001,0,0.0001,0.0001,0,0.0001,0.2915,0.3115,0.2915,0.3115,
0.7062,0,2.1187,0.7062,1.7655,2.1187,0.3531,1.0593,1.7655,0.3531,0,0.3531,0.3531,0.7062,0,1.7655,0.7062,1.0593,0,0.3531,0,0,0.0001,0,0.0001,0.0001,0,0.0001,0.0001,0,0,0,0,0,0,0.0001,0,0.0001,0,0,0.2962,0.3507,0.2962,0.3507,
1.6579,0,0,0,0,2.7632,1.1053,0,0.5526,1.1053,1.1053,0.5526,1.1053,0,0.5526,0.5526,0.5526,2.2106,0.5526,0.5526,0.0001,0,0,0,0,0.0002,0.0001,0,0,0.0001,0.0001,0,0.0001,0,0,0,0,0.0002,0,0,0.2202,0.2272,0.2202,0.2272,
0,0.7086,0,0,0,0,1.4173,0.7086,0.7086,0,0.7086,0,0.7086,0,0.7086,0,0.7086,0,0.7086,0.7086,0,0.0001,0,0,0,0,0.0002,0.0001,0.0001,0,0.0001,0,0.0001,0,0.0001,0,0.0001,0,0.0001,0.0001,0.1065,0.1849,0.1065,0.1849,
1.3595,0,0,0,1.3595,1.3595,0,0,0.6798,0.6798,0,0.6798,0,0,0.6798,0.6798,0.6798,0.6798,0,0,0.0002,0,0,0,0.0002,0.0002,0,0,0.0001,0.0001,0,0.0001,0,0,0.0001,0.0001,0.0001,0.0001,0,0,0.1766,0.1436,0.1766,0.1436,
1.0111,0,0,1.0111,2.5278,1.5167,0,2.0223,1.5167,2.0223,0.5056,0,1.5167,0,0.5056,0.5056,1.5167,1.0111,0,0.5056,0.0001,0,0,0.0001,0.0002,0.0001,0,0.0002,0.0001,0.0002,0,0,0.0001,0,0,0,0.0001,0.0001,0,0,0.2332,0.2612,0.2332,0.2612,
2.0078,0,0,0.3346,0.6693,1.6732,0.3346,0.6693,1.0039,0.6693,0.6693,0.6693,0.3346,0.3346,5.0196,0,1.3386,0,0,0,0.0002,0,0,0,0.0001,0.0001,0,0.0001,0.0001,0.0001,0.0001,0.0001,0,0,0.0004,0,0.0001,0,0,0,0.3793,0.286,0.3793,0.286,
0,0.3643,1.8215,0,1.0929,1.0929,1.0929,1.4572,0.7286,0.7286,0,0.7286,2.1858,0.3643,0,0.7286,1.8215,0.3643,1.0929,1.0929,0,0,0.0001,0,0.0001,0.0001,0.0001,0.0001,0,0,0,0,0.0001,0,0,0,0.0001,0,0.0001,0.0001,0.305,0.3306,0.305,0.3306,
1.2056,0.8038,0,1.2056,1.2056,1.2056,0.4019,0.8038,1.2056,0.8038,0.4019,1.6075,0.4019,0.4019,0.4019,0.8038,1.2056,0.4019,0.8038,0.4019,0.0001,0,0,0.0001,0.0001,0.0001,0,0,0.0001,0,0,0.0001,0,0,0,0,0.0001,0,0,0,0.266,0.3322,0.266,0.3322,
0.7516,0,0.7516,0,0,1.1273,1.1273,0.7516,0.7516,0.3758,1.8789,1.1273,0.3758,0.3758,1.1273,0.3758,1.1273,0.7516,1.8789,1.5031,0.0001,0,0.0001,0,0,0.0001,0.0001,0.0001,0.0001,0,0.0001,0.0001,0,0,0.0001,0,0.0001,0.0001,0.0001,0.0001,0.3542,0.27,0.3542,0.27,
0.9301,0.9301,0,0,0.9301,2.7902,0,0.465,0,0.9301,0.465,0.465,2.3252,1.3951,0.9301,0,2.7902,1.8602,2.3252,0.9301,0,0,0,0,0,0.0001,0,0,0,0,0,0,0.0001,0.0001,0,0,0.0001,0.0001,0.0001,0,0.282,0.2529,0.282,0.2529,
0.702,0.351,2.8081,0.351,1.053,0.351,0.351,0.351,0.702,0.702,1.404,1.053,0.702,1.755,0,0.702,0,0.702,2.106,0.351,0,0,0.0001,0,0,0,0,0,0,0,0.0001,0,0,0.0001,0,0,0,0,0.0001,0,0.3207,0.3283,0.3207,0.3283,
0.47,0,0.9399,0,0.47,0.47,1.4099,0.9399,0.9399,1.8799,1.4099,1.4099,1.4099,1.4099,0,0.9399,0.47,0,0.9399,0.47,0,0,0.0001,0,0,0,0.0001,0.0001,0.0001,0.0001,0.0001,0.0001,0.0001,0.0001,0,0.0001,0,0,0.0001,0,0.2478,0.2822,0.2478,0.2822,
0,0.6238,0,1.2475,1.2475,0,0.6238,0.6238,0.6238,0,0,1.2475,0.6238,0.6238,0.6238,0,0.6238,0,1.2475,0,0,0.0001,0,0.0001,0.0001,0,0.0001,0.0001,0.0001,0,0,0.0001,0.0001,0.0001,0.0001,0,0.0001,0,0.0001,0,0.1587,0.2176,0.1587,0.2176,
0,0.6015,0,0,0,0,1.2029,1.2029,2.4059,0.6015,0.6015,1.8044,0.6015,0,0,0.6015,0,0.6015,0,2.4059,0,0,0,0,0,0,0.0001,0.0001,0.0002,0,0,0.0001,0,0,0,0,0,0,0,0.0002,0.2894,0.1091,0.2894,0.1091,
0.3749,0,0.7498,0.3749,1.1247,1.4996,1.1247,1.8745,0.7498,0,1.1247,1.1247,0.3749,0.7498,1.4996,2.6243,0,0.3749,0,0,0,0,0,0,0.0001,0.0001,0.0001,0.0001,0,0,0.0001,0.0001,0,0,0.0001,0.0002,0,0,0,0,0.3222,0.3029,0.3222,0.3029,
0.3671,1.4684,1.1013,2.2026,0.3671,0.7342,1.1013,0.3671,1.4684,0.7342,0.7342,0,1.1013,0.7342,1.1013,0.7342,0.7342,0.7342,0.7342,0.7342,0,0.0001,0.0001,0.0001,0,0,0.0001,0,0.0001,0,0,0,0.0001,0,0.0001,0,0,0,0,0,0.3181,0.3148,0.3181,0.3148,
0,0,0.6871,0.6871,0.6871,1.3741,0,0,0,0.6871,0.6871,0.6871,2.0612,0,0.6871,0,0,0.6871,0.6871,0,0,0,0.0001,0.0001,0.0001,0.0002,0,0,0,0.0001,0.0001,0.0001,0.0002,0,0.0001,0,0,0.0001,0.0001,0,0.1792,0.1337,0.1792,0.1337,
0,0.9125,0.4562,1.825,0,0,1.3687,1.3687,1.825,1.3687,0.4562,0,0,0.9125,0.9125,1.3687,1.825,0.9125,0.9125,0.4562,0,0.0001,0,0.0001,0,0,0.0001,0.0001,0.0001,0.0001,0,0,0,0.0001,0.0001,0.0001,0.0001,0.0001,0.0001,0,0.2547,0.2891,0.2547,0.2891,
2.7628,0.4605,1.8418,4.1442,0.9209,0.9209,0,0,0,1.8418,0.4605,0,3.2232,0.4605,0,0.9209,0.9209,0.9209,0.4605,0,0.0002,0,0.0001,0.0002,0.0001,0.0001,0,0,0,0.0001,0,0,0.0002,0,0,0.0001,0.0001,0.0001,0,0,0.2586,0.281,0.2586,0.281,
1.2539,1.6718,1.2539,0.8359,0.8359,0.8359,0.8359,1.2539,0.8359,0.8359,0.418,1.2539,0.418,0.8359,0,0.418,0.8359,0,0.418,0.8359,0.0001,0.0001,0.0001,0,0,0,0,0.0001,0,0,0,0.0001,0,0,0,0,0,0,0,0,0.2775,0.3045,0.2775,0.3045,
0.7981,0,0,0,0.7981,1.5962,0,0,0,0,1.5962,0,0.7981,0.7981,0.7981,0,0,0.7981,0,0,0.0001,0,0,0,0.0001,0.0002,0,0,0,0,0.0002,0,0.0001,0.0001,0.0001,0,0,0.0001,0,0,0.1082,0.0937,0.1082,0.0937,
0.9549,0.4774,0,0,0.9549,0.4774,0,0,0.9549,0.4774,0.9549,1.4323,0.4774,0.4774,1.4323,2.3872,0.4774,0.4774,0.9549,0,0.0001,0,0,0,0.0001,0,0,0,0.0001,0,0.0001,0.0001,0,0,0.0001,0.0002,0,0,0.0001,0,0.2852,0.2374,0.2852,0.2374,
2.1645,0.8658,0.8658,1.7316,1.7316,0,2.1645,1.2987,0.8658,0,0,0,0.4329,0.8658,0,0.8658,0,0,0.8658,1.7316,0.0001,0,0,0.0001,0.0001,0,0.0001,0.0001,0,0,0,0,0,0,0,0,0,0,0,0.0001,0.2799,0.2872,0.2799,0.2872,
2.7915,0,0.4652,0.9305,0.9305,0.9305,0,1.3957,0,1.861,0.4652,0.4652,0.4652,0.9305,1.861,1.3957,0,2.3262,0.9305,0,0.0002,0,0,0.0001,0.0001,0.0001,0,0.0001,0,0.0001,0,0,0,0.0001,0.0001,0.0001,0,0.0001,0.0001,0,0.3193,0.2154,0.3193,0.2154,
1.1622,1.5495,1.5495,1.5495,1.1622,0.7748,0.7748,0,0.3874,0.3874,1.5495,0.7748,1.1622,0.3874,0.3874,0.7748,0.7748,0.7748,1.1622,0.3874,0.0001,0.0001,0.0001,0.0001,0.0001,0,0,0,0,0,0.0001,0,0.0001,0,0,0,0,0,0.0001,0,0.3069,0.3057,0.3069,0.3057,
0.4041,1.2123,0.8082,0.8082,1.2123,0.4041,1.2123,0.4041,0,1.2123,0,0.4041,0.4041,0.8082,0.8082,0.8082,1.2123,1.2123,1.2123,0.8082,0,0.0001,0,0,0.0001,0,0.0001,0,0,0.0001,0,0,0,0,0,0,0.0001,0.0001,0.0001,0,0.273,0.3229,0.273,0.3229,
0,0,0.9834,0.4917,0.4917,0,0.9834,0.4917,0.4917,0.4917,0.9834,0.9834,0.4917,0,0.9834,1.4751,0,0.4917,1.4751,0,0,0,0.0001,0,0,0,0.0001,0,0,0,0.0001,0.0001,0,0,0.0001,0.0001,0,0,0.0001,0,0.2847,0.2236,0.2847,0.2236,
0.535,0,0,1.07,2.14,0.535,0,1.07,0,3.7449,0.535,3.2099,0.535,1.07,0.535,1.605,1.07,1.07,0.535,1.07,0,0,0,0.0001,0.0001,0,0,0.0001,0,0.0002,0,0.0002,0,0.0001,0,0.0001,0.0001,0.0001,0,0.0001,0.2316,0.2334,0.2316,0.2334,
0.9238,0,0.4619,0.4619,0.4619,0,0.9238,0.4619,1.3857,0.9238,1.3857,0.9238,0.9238,0,0.9238,0.4619,0.9238,0,0.9238,0.4619,0.0001,0,0,0,0,0,0.0001,0,0.0001,0.0001,0.0001,0.0001,0.0001,0,0.0001,0,0.0001,0,0.0001,0,0.2683,0.2699,0.2683,0.2699,
0.39,0.39,0.78,0,0.78,0.78,0,1.1699,4.2898,0.78,0.39,0.78,0,0.78,1.9499,1.1699,0,1.5599,0,0,0,0,0.0001,0,0.0001,0.0001,0,0.0001,0.0003,0.0001,0,0.0001,0,0.0001,0.0001,0.0001,0,0.0001,0,0,0.314,0.296,0.314,0.296,
0,1.1948,0,0.7965,0,0.7965,0.3983,1.1948,3.5844,0,0.7965,0.3983,1.1948,0.7965,1.1948,0.3983,0,1.9914,0,0,0,0.0001,0,0.0001,0,0.0001,0,0.0001,0.0002,0,0.0001,0,0.0001,0.0001,0.0001,0,0,0.0001,0,0,0.3293,0.2724,0.3293,0.2724,
2.3969,0,0.9588,1.9175,1.4382,0.9588,0.4794,2.3969,0.4794,1.9175,0.4794,0.4794,0.9588,0,0.4794,1.4382,1.9175,0.9588,0,0.9588,0.0001,0,0.0001,0.0001,0.0001,0.0001,0,0.0001,0,0.0001,0,0,0.0001,0,0,0.0001,0.0001,0.0001,0,0.0001,0.2474,0.2732,0.2474,0.2732,
0.4775,0.955,0.4775,0.4775,0.4775,0.4775,0.4775,0.955,0,0.4775,1.91,1.91,0.955,1.4325,0.955,0.955,0.955,0.4775,0.955,1.4325,0,0,0,0,0,0,0,0,0,0,0.0001,0.0001,0,0.0001,0,0,0,0,0,0.0001,0.2514,0.2711,0.2514,0.2711,
1.6004,1.0669,0.5335,0.5335,0.5335,0.5335,0,0.5335,0.5335,3.7343,1.0669,0,0.5335,0.5335,1.0669,2.1339,1.6004,2.6673,0.5335,1.0669,0.0001,0,0,0,0,0,0,0,0,0.0002,0,0,0,0,0,0.0001,0.0001,0.0001,0,0,0.2597,0.2069,0.2597,0.2069,
2.0189,0,0.8075,0.8075,0,1.6151,0.4038,0.8075,2.8264,0.8075,0.8075,2.8264,0,2.0189,1.2113,0.4038,0.8075,0.8075,0,0.4038,0.0001,0,0.0001,0.0001,0,0.0001,0,0.0001,0.0002,0.0001,0.0001,0.0002,0,0.0001,0.0001,0,0.0001,0.0001,0,0,0.2698,0.3264,0.2698,0.3264,
0,1.1294,1.1294,1.1294,0.5647,0.5647,0,0,1.1294,0,1.1294,1.1294,2.8235,0.5647,0,1.6941,0,1.6941,0.5647,1.1294,0,0.0001,0.0001,0.0001,0,0,0,0,0.0001,0,0.0001,0.0001,0.0001,0,0,0.0001,0,0.0001,0,0.0001,0.2056,0.2297,0.2056,0.2297,
1.4597,0.9731,0.9731,0.4866,0.9731,0.4866,1.4597,0,0,0,0.4866,1.4597,0,0,0.4866,0.9731,0.4866,0.4866,1.4597,0,0.0001,0.0001,0.0001,0,0.0001,0,0.0001,0,0,0,0,0.0001,0,0,0,0.0001,0,0,0.0001,0,0.2625,0.251,0.2625,0.251,
0.5832,3.4992,0.5832,0.5832,0.5832,1.7496,0,1.7496,1.7496,1.1664,0,0.5832,1.1664,0,0,1.1664,1.1664,1.1664,0,0.5832,0,0.0001,0,0,0,0.0001,0,0.0001,0.0001,0,0,0,0,0,0,0,0,0,0,0,0.1979,0.2189,0.1979,0.2189,
0.7699,3.0797,1.5398,1.5398,0,1.5398,1.5398,0.7699,0.7699,0,0,0.385,0.7699,0,1.1549,1.5398,0,0.7699,0,0,0,0.0001,0.0001,0.0001,0,0.0001,0.0001,0,0,0,0,0,0,0,0.0001,0.0001,0,0,0,0,0.342,0.273,0.342,0.273,
0,0,0,0.4825,1.4476,0.965,0.965,0,0.965,0.4825,0.965,1.9301,0,0.965,0.965,0.4825,0.4825,0.965,0,0.4825,0,0,0,0,0.0001,0.0001,0.0001,0,0.0001,0,0.0001,0.0002,0,0.0001,0.0001,0,0,0.0001,0,0,0.2699,0.2476,0.2699,0.2476,
0.4601,0.4601,0.4601,0,2.3006,0,0,1.8405,1.8405,5.5215,1.3804,0.9203,0,0.4601,1.3804,1.8405,0.4601,1.8405,0.4601,0.9203,0,0,0,0,0.0001,0,0,0.0001,0.0001,0.0003,0.0001,0,0,0,0.0001,0.0001,0,0.0001,0,0,0.2485,0.2914,0.2485,0.2914,
1.8306,0.9153,0.4576,0.9153,0.4576,0,0.4576,1.3729,2.7459,0.4576,0.4576,1.8306,0.4576,0,0.4576,0.4576,0,0.9153,0.4576,0.9153,0.0001,0.0001,0,0.0001,0,0,0,0.0001,0.0002,0,0,0.0001,0,0,0,0,0,0.0001,0,0.0001,0.2517,0.2906,0.2517,0.2906,
1.0655,0.5328,0.5328,0,1.0655,4.2621,0,2.1311,0,2.6638,0.5328,0,0.5328,0,0.5328,2.6638,1.5983,2.1311,0,1.0655,0,0,0,0,0,0.0002,0,0.0001,0,0.0001,0,0,0,0,0,0.0001,0.0001,0.0001,0,0,0.2255,0.2417,0.2255,0.2417,
1.4447,0.9631,0.4816,1.9263,0.9631,0,0.4816,0.4816,1.4447,0.4816,0.4816,1.4447,1.9263,2.4078,0.4816,0.4816,0,0.9631,0.4816,0.9631,0.0001,0.0001,0,0.0001,0.0001,0,0,0,0.0001,0,0,0.0001,0.0001,0.0001,0,0,0,0.0001,0,0.0001,0.275,0.2435,0.275,0.2435,
0.4563,0.4563,0.4563,1.3688,0.4563,2.2813,0.9125,0.9125,0.4563,1.825,0,0.9125,0.4563,1.3688,0.4563,1.3688,0.9125,0.9125,0.4563,0.4563,0,0,0,0.0001,0,0.0001,0.0001,0.0001,0,0.0001,0,0.0001,0,0.0001,0,0.0001,0.0001,0.0001,0,0,0.2679,0.2759,0.2679,0.2759,
1.0814,0,0,1.0814,2.1628,0.5407,0,0,0,4.3256,0.5407,3.2442,1.6221,0.5407,0.5407,1.0814,1.6221,1.6221,0,1.0814,0.0001,0,0,0.0001,0.0001,0,0,0,0,0.0003,0,0.0002,0.0001,0,0,0.0001,0.0001,0.0001,0,0.0001,0.2211,0.2382,0.2211,0.2382,
0.3598,1.0793,0.3598,0.7195,0.3598,1.0793,0,0,0.7195,1.0793,0.7195,0.3598,0,0.3598,2.1585,0.3598,0,3.5975,0.7195,0.7195,0,0.0001,0,0,0,0.0001,0,0,0,0.0001,0,0,0,0,0.0001,0,0,0.0002,0,0,0.308,0.3323,0.308,0.3323,
1.9697,0.3939,0.7879,0.7879,1.9697,1.1818,0.3939,0,0.3939,0.3939,0.3939,2.3636,0.7879,0.3939,0.7879,0.3939,0.3939,0.7879,1.5757,1.1818,0.0001,0,0,0,0.0001,0.0001,0,0,0,0,0,0.0001,0,0,0,0,0,0,0.0001,0.0001,0.2883,0.3178,0.2883,0.3178,
0.4603,0.4603,0.9206,0.9206,0.9206,0.4603,1.3809,0.4603,0,0.9206,1.3809,0.4603,0.9206,0,0.4603,1.3809,0.4603,0.4603,0.4603,1.3809,0,0,0.0001,0.0001,0.0001,0,0.0001,0,0,0.0001,0.0001,0,0.0001,0,0,0.0001,0,0,0,0.0001,0.281,0.2587,0.281,0.2587,
0.7403,1.4806,0,1.4806,0,0.7403,0,0,0,0,0,0,0,0.7403,0,0,0,0.7403,0.7403,1.4806,0.0001,0.0001,0,0.0001,0,0.0001,0,0,0,0,0,0,0,0.0001,0,0,0,0.0001,0.0001,0.0001,0.1331,0.1265,0.1331,0.1265,
1.3509,0,0.9006,0.4503,1.3509,0.4503,0,1.3509,0.9006,3.1521,1.3509,0,0.9006,0.4503,0.4503,2.2515,1.3509,0.4503,0.4503,0.4503,0.0001,0,0.0001,0,0.0001,0,0,0.0001,0.0001,0.0002,0.0001,0,0.0001,0,0,0.0001,0.0001,0,0,0,0.2494,0.3003,0.2494,0.3003,
0.7559,2.2677,1.5118,0.7559,2.2677,0,1.1338,1.1338,0.7559,0.7559,1.5118,1.1338,0.7559,0.3779,0,0.3779,0.7559,0.7559,1.1338,0.7559,0,0.0001,0.0001,0,0.0001,0,0,0,0,0,0.0001,0,0,0,0,0,0,0,0,0,0.3079,0.3142,0.3079,0.3142,
2.2572,0,0,0,1.1286,4.5145,0,3.3858,0,2.2572,0.5643,0,0.5643,0,0.5643,2.2572,1.1286,1.6929,0.5643,1.1286,0.0001,0,0,0,0.0001,0.0002,0,0.0002,0,0.0001,0,0,0,0,0,0.0001,0.0001,0.0001,0,0.0001,0.2117,0.224,0.2117,0.224,
0.4829,0,1.4486,0,1.4486,0.9658,1.4486,1.9315,0.4829,0,0.4829,0.4829,0,0.9658,0.4829,0.9658,0.4829,0,0,0.9658,0,0,0.0001,0,0.0001,0.0001,0.0001,0.0001,0,0,0,0,0,0.0001,0,0.0001,0,0,0,0.0001,0.2522,0.265,0.2522,0.265,
0.7989,1.1984,0,1.1984,0,0.7989,0.3995,0.3995,0.3995,1.1984,2.3968,1.1984,0,0.3995,1.5979,1.5979,1.5979,0,1.1984,0.7989,0,0.0001,0,0.0001,0,0,0,0,0,0.0001,0.0001,0.0001,0,0,0.0001,0.0001,0.0001,0,0.0001,0,0.2897,0.3109,0.2897,0.3109,
2.3259,0,0.3877,1.163,0,1.5506,0,1.163,1.163,3.8766,0,1.5506,0,0.3877,1.9383,1.9383,0,0.7753,0,0,0.0001,0,0,0.0001,0,0.0001,0,0.0001,0.0001,0.0002,0,0.0001,0,0,0.0001,0.0001,0,0,0,0,0.3203,0.292,0.3203,0.292,
1.7665,0,0.5888,0,2.3553,0.5888,0,1.7665,1.1777,2.9441,1.7665,1.1777,1.7665,0.5888,0,1.1777,0,2.9441,0,0.5888,0.0001,0,0,0,0.0001,0,0,0.0001,0.0001,0.0002,0.0001,0.0001,0.0001,0,0,0.0001,0,0.0002,0,0,0.2258,0.1854,0.2258,0.1854,
0,0,0.7949,0,0.3975,0.7949,0.7949,1.1924,0.3975,1.1924,0.7949,1.1924,0.3975,2.3848,1.1924,0.3975,0.7949,1.9873,0.7949,1.5899,0,0,0.0001,0,0,0.0001,0.0001,0.0001,0,0.0001,0.0001,0.0001,0,0.0002,0.0001,0,0.0001,0.0001,0.0001,0.0001,0.2946,0.308,0.2946,0.308,
1.4591,0,0.4864,0,1.4591,0.9727,0.4864,1.9454,0,1.4591,0.9727,0,0.9727,0.9727,1.4591,1.4591,1.9454,1.9454,0.4864,0.4864,0.0001,0,0,0,0.0001,0.0001,0,0.0001,0,0.0001,0.0001,0,0.0001,0.0001,0.0001,0.0001,0.0001,0.0001,0,0,0.244,0.2696,0.244,0.2696,
1.2195,0.4065,0.4065,1.626,0,0.4065,0.4065,0,0.4065,0.4065,0.813,0.813,1.2195,0,1.626,0.4065,0.4065,1.2195,0.813,0.4065,0.0001,0,0,0.0001,0,0,0,0,0,0,0.0001,0.0001,0.0001,0,0.0001,0,0,0.0001,0.0001,0,0.2619,0.3316,0.2619,0.3316,
1.0474,0.5237,2.6185,1.0474,1.0474,0,0.5237,0.5237,1.5711,0,0.5237,0,1.0474,0,0.5237,0,0.5237,0,0,0.5237,0.0001,0,0.0002,0.0001,0.0001,0,0,0,0.0001,0,0,0,0.0001,0,0,0,0,0,0,0,0.2383,0.238,0.2383,0.238,
0.7635,1.1452,0.7635,0.7635,0.7635,1.5269,0.3817,0.3817,1.5269,0.3817,0.3817,0.3817,0.3817,0.7635,0.7635,0,1.1452,0.3817,1.1452,0,0,0.0001,0,0,0,0.0001,0,0,0.0001,0,0,0,0,0,0,0,0.0001,0,0.0001,0,0.28,0.3383,0.28,0.3383,
0.3871,0,0.7742,0.3871,0.7742,1.1614,0.3871,1.1614,0.7742,0.3871,1.5485,0.3871,0.7742,1.9356,1.1614,1.9356,0.7742,0.7742,0.3871,1.5485,0,0,0,0,0,0.0001,0,0.0001,0,0,0.0001,0,0,0.0001,0.0001,0.0001,0,0,0,0.0001,0.3207,0.2921,0.3207,0.2921,
1.3473,0.8982,0.4491,0.4491,0.8982,0.8982,1.7963,0.4491,0.8982,0.4491,1.3473,2.2454,2.2454,0.4491,0.8982,0,0,0,1.3473,0,0.0001,0,0,0,0,0,0.0001,0,0,0,0.0001,0.0001,0.0001,0,0,0,0,0,0.0001,0,0.2586,0.2923,0.2586,0.2923,
1.3012,1.7349,0.8675,0.8675,0.8675,0.4337,1.3012,0.4337,0.4337,0.4337,2.1687,0.8675,1.3012,0.4337,0.4337,0.8675,0.8675,1.3012,0,0.4337,0.0001,0.0001,0,0,0,0,0.0001,0,0,0,0.0001,0,0.0001,0,0,0,0,0.0001,0,0,0.2676,0.2987,0.2676,0.2987,
0.4752,0,1.4257,0,0.9505,0.4752,0.4752,0,0.4752,0.4752,0.4752,0.9505,0,1.9009,0.9505,1.4257,1.4257,0.4752,0.4752,0.9505,0,0,0.0001,0,0.0001,0,0,0,0,0,0,0.0001,0,0.0001,0.0001,0.0001,0.0001,0,0,0.0001,0.2478,0.277,0.2478,0.277,
3.0627,0,1.5314,0,0,0,0,0.7657,0,0,0,1.5314,1.5314,0.7657,0,0,0,1.5314,0.7657,0,0.0003,0,0.0002,0,0,0,0,0.0001,0,0,0,0.0002,0.0002,0.0001,0,0,0,0.0002,0.0001,0,0.1452,0.0891,0.1452,0.0891,
1.4035,0.4678,0,0.9356,1.4035,1.4035,1.4035,0.4678,0.4678,0.4678,0.9356,0.4678,0.4678,0.9356,0.4678,0.9356,0.4678,0.9356,0.4678,0.9356,0.0001,0,0,0.0001,0.0001,0.0001,0.0001,0,0,0,0.0001,0,0,0.0001,0,0.0001,0,0.0001,0,0.0001,0.2366,0.2955,0.2366,0.2955,
0.7981,1.1971,0,1.5961,0.399,0.399,0.7981,0.7981,0.7981,2.7932,0,0.399,2.3942,0,1.1971,0.399,1.9952,1.1971,0,0.399,0,0.0001,0,0.0001,0,0,0,0,0,0.0002,0,0,0.0001,0,0.0001,0,0.0001,0.0001,0,0,0.3038,0.2971,0.3038,0.2971,
1.2249,1.6332,0,2.0415,1.2249,0.4083,0.4083,1.6332,0,0.8166,0,0.4083,0.4083,0.8166,1.2249,2.0415,1.6332,0.8166,0.4083,0.8166,0.0001,0.0001,0,0.0001,0.0001,0,0,0.0001,0,0,0,0,0,0,0.0001,0.0001,0.0001,0,0,0,0.2932,0.2985,0.2932,0.2985,
0.3506,1.0519,1.0519,1.4025,0.3506,1.0519,1.7531,0.3506,0,1.7531,0.3506,0.7013,0,1.7531,1.0519,1.7531,0.3506,0.7013,0.3506,0.3506,0,0.0001,0.0001,0.0001,0,0.0001,0.0001,0,0,0.0001,0,0,0,0.0001,0.0001,0.0001,0,0,0,0,0.3256,0.3238,0.3256,0.3238,
0,0.3874,1.1621,0.3874,0,0.3874,0,0,1.1621,1.1621,0.3874,0,1.1621,0.3874,1.9368,0,0.3874,1.1621,1.5494,1.1621,0,0,0.0001,0,0,0,0,0,0.0001,0.0001,0,0,0.0001,0,0.0001,0,0,0.0001,0.0001,0.0001,0.2828,0.3298,0.2828,0.3298,
0,0,0,0,0.7138,0,0.7138,0.7138,1.4276,0,1.4276,0.7138,0,0,0.7138,0.7138,0.7138,0.7138,1.4276,0,0,0,0,0,0.0001,0,0.0001,0.0001,0.0002,0,0.0002,0.0001,0,0,0.0001,0.0001,0.0001,0.0001,0.0002,0,0.19,0.0962,0.19,0.0962,
2.3915,0,0,0,0,2.3915,0,0,0,0.7972,0,0,0.7972,0.7972,0,0,1.5943,0,0.7972,0.7972,0.0003,0,0,0,0,0.0003,0,0,0,0.0001,0,0,0.0001,0.0001,0,0,0.0002,0,0.0001,0.0001,0.1253,0.0776,0.1253,0.0776,
0.4427,0.4427,0.4427,0.8855,0,1.3282,1.3282,2.2136,0.8855,1.7709,0.8855,0.8855,0,0.8855,0.4427,0.4427,0.8855,1.3282,0.8855,0.4427,0,0,0,0.0001,0,0.0001,0.0001,0.0001,0.0001,0.0001,0.0001,0.0001,0,0.0001,0,0,0.0001,0.0001,0.0001,0,0.3111,0.2462,0.3111,0.2462,
0.7063,1.0594,0.7063,0.3531,0,1.4125,0,0.7063,2.1188,0.3531,0.3531,0.7063,0,0.7063,1.7657,1.0594,1.4125,0.3531,0.3531,1.0594,0,0.0001,0,0,0,0.0001,0,0,0.0001,0,0,0,0,0,0.0001,0.0001,0.0001,0,0,0.0001,0.32,0.3269,0.32,0.3269,
1.4859,0,0.4953,0,1.9811,0.9906,0.4953,1.4859,0,1.4859,1.4859,0,0.9906,0.9906,1.4859,1.4859,1.9811,1.9811,0.4953,0,0.0001,0,0,0,0.0001,0.0001,0,0.0001,0,0.0001,0.0001,0,0.0001,0.0001,0.0001,0.0001,0.0001,0.0001,0,0,0.2262,0.2785,0.2262,0.2785,
1.6213,0,0.5404,1.6213,0.5404,1.6213,0.5404,0,0.5404,0,0,0.5404,1.0809,0,1.0809,1.0809,0.5404,0.5404,0,0,0.0002,0,0.0001,0.0002,0.0001,0.0002,0.0001,0,0.0001,0,0,0.0001,0.0001,0,0.0001,0.0001,0.0001,0.0001,0,0,0.2822,0.1774,0.2822,0.1774,
0,1.1256,1.6885,2.2513,0,1.1256,0,0,0,0,0,0.5628,0,0,1.1256,0,0,0.5628,0.5628,0.5628,0,0.0001,0.0001,0.0002,0,0.0001,0,0,0,0,0,0,0,0,0.0001,0,0,0,0,0,0.2371,0.2001,0.2371,0.2001,
0.7762,0,0.7762,0.7762,0,0.7762,0,1.5524,0,0.7762,0,0,0.7762,0.7762,0,0,1.5524,1.5524,0,0,0.0001,0,0.0001,0.0001,0,0.0001,0,0.0002,0,0.0001,0,0,0.0001,0.0001,0,0,0.0002,0.0002,0,0,0.1189,0.1049,0.1189,0.1049,
1.3452,1.7937,0.4484,0.4484,1.3452,2.6905,0.8968,0.4484,1.3452,0.8968,0.4484,0,0.8968,0.8968,0.4484,3.5873,2.6905,0,0,0.4484,0.0001,0.0001,0,0,0.0001,0.0001,0,0,0.0001,0,0,0,0,0,0,0.0002,0.0001,0,0,0,0.2858,0.2657,0.2858,0.2657,
0,0,0,0,0.6517,0,0.6517,0.6517,0.6517,0.6517,0,1.9552,2.607,0,0,0.6517,2.607,0,1.3035,0.6517,0,0,0,0,0.0001,0,0.0001,0.0001,0.0001,0.0001,0,0.0002,0.0002,0,0,0.0001,0.0002,0,0.0001,0.0001,0.1867,0.1616,0.1867,0.1616,
0.6754,0.3377,2.0261,1.013,0,1.013,1.6884,0,0.6754,1.013,0.3377,0.3377,1.3507,0.3377,1.3507,0.6754,1.013,1.013,1.013,0.3377,0,0,0.0001,0.0001,0,0.0001,0.0001,0,0,0.0001,0,0,0.0001,0,0.0001,0,0.0001,0.0001,0.0001,0,0.2991,0.3632,0.2991,0.3632,
0.781,1.9526,0.3905,2.3431,0.3905,1.1716,0.3905,0,0.781,0.3905,0.3905,1.1716,0,0.781,0.781,1.5621,0,0.3905,1.1716,0,0,0.0001,0,0.0001,0,0.0001,0,0,0,0,0,0.0001,0,0,0,0.0001,0,0,0.0001,0,0.2898,0.3197,0.2898,0.3197,
1.6927,0.4232,0,0.8464,1.6927,0.8464,0,1.2695,1.6927,0.4232,1.6927,1.2695,0.4232,0.4232,0,0.4232,1.2695,0.8464,1.6927,0.8464,0.0001,0,0,0,0.0001,0,0,0.0001,0.0001,0,0.0001,0.0001,0,0,0,0,0.0001,0,0.0001,0,0.3025,0.2743,0.3025,0.2743,
0.8374,0,0,0,0.8374,0,0,1.6748,0,0,0.8374,0,0,1.6748,0.8374,1.6748,0,0,0,0,0.0001,0,0,0,0.0001,0,0,0.0002,0,0,0.0001,0,0,0.0002,0.0001,0.0002,0,0,0,0,0.0751,0.0875,0.0751,0.0875,
0.4219,1.6877,0.4219,0.8439,2.1097,0.4219,1.6877,0.8439,0.4219,0.8439,1.2658,0.4219,0.8439,0.8439,0.8439,0.4219,0.4219,2.1097,0.4219,0.4219,0,0.0001,0,0,0.0001,0,0.0001,0,0,0,0.0001,0,0,0,0,0,0,0.0001,0,0,0.285,0.293,0.285,0.293,
0,0,0.7177,0.7177,0,1.4355,0,0.7177,0.7177,1.4355,0.7177,1.4355,0.7177,0,0,1.4355,0,1.4355,0,0,0,0,0.0001,0.0001,0,0.0001,0,0.0001,0.0001,0.0001,0.0001,0.0001,0.0001,0,0,0.0001,0,0.0001,0,0,0.1757,0.1065,0.1757,0.1065,
2.0534,0,2.0534,2.0534,1.5401,1.5401,0.5134,2.0534,0,1.0267,0.5134,0,1.5401,0,0,2.0534,1.5401,3.0801,0,0.5134,0.0001,0,0.0001,0.0001,0.0001,0.0001,0,0.0001,0,0.0001,0,0,0.0001,0,0,0.0001,0.0001,0.0002,0,0,0.2688,0.2179,0.2688,0.2179,
0.7405,0.7405,0.3702,0,1.4809,1.1107,1.4809,0.3702,2.2214,0.3702,2.2214,0.3702,1.1107,0,1.1107,1.4809,1.1107,0.7405,0.3702,0.7405,0,0,0,0,0.0001,0.0001,0.0001,0,0.0001,0,0.0001,0,0.0001,0,0.0001,0.0001,0.0001,0,0,0,0.373,0.2567,0.373,0.2567,
0.5028,1.0055,1.0055,0.5028,3.5193,0.5028,0,1.0055,1.0055,2.011,0.5028,1.5083,1.0055,0,1.0055,2.011,0.5028,1.0055,0,0.5028,0,0,0,0,0.0002,0,0,0,0,0.0001,0,0.0001,0,0,0,0.0001,0,0,0,0,0.2533,0.2439,0.2533,0.2439,
0,1.3157,1.6446,0.9868,0.9868,0.3289,0.6579,0.6579,1.6446,0.6579,0.6579,0.3289,0.6579,0.6579,0.6579,1.3157,0.3289,0.6579,0.9868,0.6579,0,0.0001,0.0001,0,0,0,0,0,0.0001,0,0,0,0,0,0,0.0001,0,0,0,0,0.3046,0.3665,0.3046,0.3665,
1.4654,0,0.4885,0,0,1.9539,0.4885,0.9769,0,1.4654,0.4885,0.9769,0.4885,0.9769,1.4654,2.4423,0.9769,0.4885,0.4885,0.9769,0.0001,0,0,0,0,0.0001,0,0.0001,0,0.0001,0,0.0001,0,0.0001,0.0001,0.0002,0.0001,0,0,0.0001,0.2645,0.2471,0.2645,0.2471,
0.4287,2.1434,0,0,1.286,3.0007,0.4287,1.286,1.286,1.7147,0,0.8573,0.4287,1.286,0.8573,1.286,0,0.8573,0,0.4287,0,0.0001,0,0,0.0001,0.0001,0,0.0001,0.0001,0.0001,0,0,0,0.0001,0,0.0001,0,0,0,0,0.2924,0.2789,0.2924,0.2789,
0.9963,0,0,0,0.3321,0.9963,0.3321,0,1.9927,0.9963,0.6642,0.9963,0.3321,0.6642,3.6533,0.3321,1.3285,0.6642,0,0.3321,0.0001,0,0,0,0,0.0001,0,0,0.0002,0.0001,0.0001,0.0001,0,0.0001,0.0003,0,0.0001,0.0001,0,0,0.3674,0.3005,0.3674,0.3005,
1.8977,0.4744,0.9488,2.3721,1.4233,0.9488,0.4744,0.9488,0,2.3721,0.4744,0,0.9488,0.9488,0.4744,1.8977,1.8977,0.9488,0,0.9488,0.0001,0,0,0.0001,0.0001,0,0,0,0,0.0001,0,0,0,0,0,0.0001,0.0001,0,0,0,0.2594,0.2662,0.2594,0.2662,
0.7862,0.3931,0.3931,1.5724,1.1793,0.7862,0.3931,1.1793,0.3931,1.5724,0.7862,0.7862,0.3931,1.1793,1.5724,0.7862,0.3931,0.7862,0.7862,0,0,0,0,0.0001,0.0001,0,0,0.0001,0,0.0001,0,0,0,0.0001,0.0001,0,0,0,0,0,0.2977,0.3092,0.2977,0.3092,
0.5671,2.2685,0.5671,0,0,1.7014,0,1.1343,0.5671,0,0,0.5671,2.8356,1.1343,1.1343,0.5671,0.5671,0.5671,0,1.1343,0,0.0001,0,0,0,0.0001,0,0.0001,0,0,0,0,0.0001,0.0001,0.0001,0,0,0,0,0.0001,0.192,0.2409,0.192,0.2409,
0.3731,0.7462,1.1193,0.3731,1.1193,0.3731,1.8656,0.3731,0.3731,0,0.7462,1.1193,1.4925,0.3731,0.3731,1.4925,1.1193,0.7462,0.7462,1.1193,0,0,0.0001,0,0.0001,0,0.0001,0,0,0,0,0.0001,0.0001,0,0,0.0001,0.0001,0,0,0.0001,0.3256,0.3013,0.3256,0.3013,
0,0.8829,1.3244,1.3244,0.8829,1.3244,0.4415,0.4415,0.4415,1.3244,0.8829,1.7658,0.4415,0,0.4415,0.8829,0.8829,0.8829,1.7658,0.8829,0,0,0.0001,0.0001,0,0.0001,0,0,0,0.0001,0,0.0001,0,0,0,0,0,0,0.0001,0,0.2846,0.2739,0.2846,0.2739,
0,1.5729,0,1.0486,1.5729,0.5243,0.5243,0.5243,0.5243,0.5243,0,0.5243,2.0973,1.5729,0,1.0486,0,0.5243,1.5729,0.5243,0,0.0001,0,0,0.0001,0,0,0,0,0,0,0,0.0001,0.0001,0,0,0,0,0.0001,0,0.2329,0.2428,0.2329,0.2428,
1.6532,0,0,1.1021,2.7553,1.1021,0,1.6532,0.5511,1.6532,0.5511,0,1.1021,0,1.1021,0.5511,0,2.7553,0,0.5511,0.0001,0,0,0.0001,0.0002,0.0001,0,0.0001,0,0.0001,0,0,0.0001,0,0.0001,0,0,0.0002,0,0,0.2247,0.2242,0.2247,0.2242,
1.0416,0.5208,0,0.5208,1.0416,0,1.5624,0.5208,0.5208,0.5208,0.5208,0.5208,1.0416,2.0833,0.5208,2.0833,0.5208,0.5208,0.5208,0.5208,0.0001,0,0,0,0.0001,0,0.0001,0,0,0,0,0,0.0001,0.0002,0,0.0002,0,0,0,0,0.2229,0.2563,0.2229,0.2563,
0,0,0,0,0,0.7847,0,1.5693,0,0.7847,0.7847,0,0.7847,0.7847,0.7847,1.5693,0,1.5693,0,0,0,0,0,0,0,0.0001,0,0.0003,0,0.0001,0.0001,0,0.0001,0.0001,0.0001,0.0003,0,0.0003,0,0,0.1048,0.1105,0.1048,0.1105,
1.2843,1.2843,0.8562,0.4281,0.8562,0.8562,0.4281,1.2843,1.2843,1.2843,0.8562,2.1405,0.4281,0.8562,0.4281,0.8562,0.4281,1.7124,1.2843,1.7124,0.0001,0.0001,0,0,0,0,0,0.0001,0.0001,0.0001,0,0.0001,0,0,0,0,0,0.0001,0.0001,0.0001,0.2736,0.2983,0.2736,0.2983,
1.8735,0,0,0.6245,1.249,0.6245,0.6245,0,1.249,0.6245,1.249,0,0,2.498,0,0.6245,1.249,0,0,0,0.0002,0,0,0.0001,0.0002,0.0001,0.0001,0,0.0002,0.0001,0.0002,0,0,0.0003,0,0.0001,0.0002,0,0,0,0.1934,0.1821,0.1934,0.1821,
0.3405,0,0.3405,0,0.3405,0.6811,0.3405,0.3405,1.7027,1.0216,0.3405,1.0216,0,0.6811,3.7458,1.0216,0.3405,1.3621,0,0.3405,0,0,0,0,0,0.0001,0,0,0.0002,0.0001,0,0.0001,0,0.0001,0.0003,0.0001,0,0.0001,0,0,0.3699,0.2896,0.3699,0.2896,
0.3919,0.3919,0.7837,0,0.7837,0.7837,0,1.1756,4.7022,0.7837,0.3919,0.7837,0,0.7837,1.5674,1.1756,0,1.5674,0,0,0,0,0.0001,0,0.0001,0.0001,0,0.0001,0.0003,0.0001,0,0.0001,0,0.0001,0.0001,0.0001,0,0.0001,0,0,0.3107,0.2974,0.3107,0.2974,
0.4916,0.4916,0.9833,0.4916,0.4916,2.4582,0,1.4749,0,3.9331,1.4749,0.4916,0.9833,0.4916,0.9833,0.9833,0.4916,1.4749,0.4916,0.4916,0,0,0,0,0,0.0001,0,0.0001,0,0.0002,0.0001,0,0,0,0,0,0,0.0001,0,0,0.2496,0.2588,0.2496,0.2588,
0.3842,0.3842,1.5369,0.3842,0.3842,1.9211,0.3842,0.7684,0.3842,0,0.3842,0.7684,0.3842,1.9211,0,0.3842,1.1527,1.5369,1.9211,0.7684,0,0,0.0001,0,0,0.0001,0,0,0,0,0,0,0,0.0001,0,0,0.0001,0.0001,0.0001,0,0.2747,0.341,0.2747,0.341,
0,0,0.5283,0,0.5283,1.5848,0.5283,2.6413,0,1.0565,0,1.5848,0.5283,0,1.5848,0.5283,1.0565,0.5283,0,0.5283,0,0,0,0,0,0.0001,0,0.0002,0,0.0001,0,0.0001,0,0,0.0001,0,0.0001,0,0,0,0.2237,0.248,0.2237,0.248,
0.6959,0,0.6959,0,0,2.7838,0,0.6959,0.6959,2.0878,0,0.6959,0.6959,1.3919,0,0.6959,2.0878,0.6959,0,0.6959,0.0001,0,0.0001,0,0,0.0003,0,0.0001,0.0001,0.0002,0,0.0001,0.0001,0.0001,0,0.0001,0.0002,0.0001,0,0.0001,0.1394,0.1647,0.1394,0.1647,
1.4926,0.7463,0,1.1194,0.7463,0.3731,1.4926,0.3731,1.1194,0.3731,0.7463,0.7463,1.1194,1.4926,0.3731,0.7463,0.7463,1.1194,1.8657,0.7463,0.0001,0,0,0.0001,0,0,0.0001,0,0.0001,0,0,0,0.0001,0.0001,0,0,0,0.0001,0.0001,0,0.3307,0.2962,0.3307,0.2962,
1.08,0,0.72,0.36,0.36,1.8,0.72,0.36,2.8801,0.36,1.08,1.44,1.8,1.08,0.72,0.72,0.72,0,0,0.36,0.0001,0,0.0001,0,0,0.0001,0.0001,0,0.0002,0,0.0001,0.0001,0.0001,0.0001,0.0001,0.0001,0.0001,0,0,0,0.3294,0.3106,0.3294,0.3106,
0.4278,3.4221,0.8555,0.4278,0,3.4221,0,0,1.2833,0.8555,0,1.711,0.8555,1.711,0.4278,2.5666,0,0,0.4278,0.8555,0,0.0001,0,0,0,0.0001,0,0,0,0,0,0.0001,0,0.0001,0,0.0001,0,0,0,0,0.2722,0.3,0.2722,0.3,
0.8886,0.4443,0.4443,1.7772,1.3329,0.4443,0,0.8886,0.8886,0.4443,0.4443,0.4443,0.4443,2.6659,0,0,0.8886,0,2.2215,0.8886,0.0001,0,0,0.0001,0.0001,0,0,0.0001,0.0001,0,0,0,0,0.0002,0,0,0.0001,0,0.0001,0.0001,0.2591,0.2966,0.2591,0.2966,
0.4443,0,0.4443,0.4443,0,0.8886,0.4443,0.4443,0.8886,0.4443,0.4443,0.4443,0,2.2215,1.3329,0.4443,1.7772,1.3329,0.8886,0.8886,0,0,0,0,0,0.0001,0,0,0.0001,0,0,0,0,0.0002,0.0001,0,0.0002,0.0001,0.0001,0.0001,0.3157,0.24,0.3157,0.24,
0.712,0.356,0.712,0.712,1.424,1.068,1.424,0.356,0.712,0.356,0,0.356,0.356,1.068,2.136,0.356,0.712,1.424,0.356,0.356,0.0001,0,0.0001,0.0001,0.0001,0.0001,0.0001,0,0.0001,0,0,0,0,0.0001,0.0002,0,0.0001,0.0001,0,0,0.3284,0.3156,0.3284,0.3156,
0,0,2.3235,0,0,2.3235,1.1617,0.5809,0,0,0,0,0,0,0.5809,0.5809,0.5809,0.5809,0,1.1617,0,0,0.0003,0,0,0.0003,0.0001,0.0001,0,0,0,0,0,0,0.0001,0.0001,0.0001,0.0001,0,0.0001,0.2249,0.1942,0.2249,0.1942,
1.1656,0,0.7771,1.9427,0.3885,0.7771,0.3885,0,1.9427,3.4969,0,0.7771,0.7771,1.1656,0.7771,0.7771,1.1656,1.9427,0,0.7771,0.0001,0,0,0.0001,0,0,0,0,0.0001,0.0002,0,0,0,0.0001,0,0,0.0001,0.0001,0,0,0.2835,0.328,0.2835,0.328,
2.4188,1.4513,0,0,0.9675,1.4513,1.4513,0,1.4513,0,0.4838,1.4513,0.4838,0.9675,0.4838,0,0.4838,0.4838,0.9675,0,0.0001,0.0001,0,0,0.0001,0.0001,0.0001,0,0.0001,0,0,0.0001,0,0.0001,0,0,0,0,0.0001,0,0.2951,0.2211,0.2951,0.2211,
1.7999,0.9,0,0.9,0.9,0.45,0.45,1.35,1.7999,2.6999,0.45,1.35,0.9,1.7999,0.45,0.9,0.45,1.35,0,0.45,0.0001,0,0,0,0,0,0,0.0001,0.0001,0.0001,0,0.0001,0,0.0001,0,0,0,0.0001,0,0,0.2669,0.2831,0.2669,0.2831,
0.7418,0.7418,1.1127,2.9673,1.1127,0.3709,0.7418,0.3709,1.1127,1.4836,0.7418,0.3709,1.1127,0,0,1.1127,0.3709,1.4836,0.3709,0,0,0,0.0001,0.0002,0.0001,0,0,0,0.0001,0.0001,0,0,0.0001,0,0,0.0001,0,0.0001,0,0,0.3257,0.3034,0.3257,0.3034,
0.8706,0,0,0,0,0,0,0,0,0,0,0,1.306,0,8.7065,0.8706,0.4353,0.8706,0,0,0.0001,0,0,0,0,0,0,0,0,0,0,0,0.0002,0,0.0012,0.0001,0.0001,0.0001,0,0,0.2449,0.3198,0.2449,0.3198,
0,0.4054,0,0,0.4054,1.2162,0,1.6216,2.8379,0.4054,0.4054,0.8108,0.4054,1.2162,2.4325,1.6216,0,1.2162,0,0.4054,0,0,0,0,0,0.0001,0,0.0001,0.0002,0,0,0.0001,0,0.0001,0.0002,0.0001,0,0.0001,0,0,0.2973,0.2973,0.2973,0.2973,
3.1957,0,0,0.5326,0,1.0652,1.0652,0.5326,2.1305,1.0652,0,0.5326,0,0.5326,0.5326,1.0652,0.5326,1.0652,0,0.5326,0.0003,0,0,0.0001,0,0.0001,0.0001,0.0001,0.0002,0.0001,0,0.0001,0,0.0001,0.0001,0.0001,0.0001,0.0001,0,0.0001,0.2108,0.2566,0.2108,0.2566,
1.0015,0.3338,0.3338,1.3354,0,2.3369,1.0015,0.6677,1.6692,0,1.0015,2.0031,0.6677,0.3338,0.6677,0.3338,0.6677,0.3338,1.0015,1.0015,0.0001,0,0,0.0001,0,0.0001,0.0001,0,0.0001,0,0.0001,0.0001,0,0,0,0,0,0,0.0001,0.0001,0.3452,0.3209,0.3452,0.3209,
0.4827,0.4827,1.4482,0.4827,0,1.4482,0.4827,0.9654,0.4827,0,0,0.4827,0.9654,1.4482,0.4827,0.4827,0.9654,0.4827,0,2.4136,0,0,0.0001,0,0,0.0001,0,0.0001,0,0,0,0,0.0001,0.0001,0,0,0.0001,0,0,0.0002,0.2383,0.2789,0.2383,0.2789,
1.3428,0.3357,0.6714,1.3428,0.6714,1.0071,1.0071,0.3357,1.0071,0.6714,0.6714,1.3428,0.3357,0.3357,1.0071,0.6714,0.6714,1.0071,0.6714,0,0.0001,0,0,0.0001,0,0.0001,0.0001,0,0.0001,0,0,0.0001,0,0,0.0001,0,0,0.0001,0,0,0.3492,0.3151,0.3492,0.3151,
0.819,1.2285,0,0,2.457,0.819,0,1.2285,1.638,0.819,0.819,1.2285,0.4095,2.0475,1.638,2.0475,0.4095,1.638,0,0.4095,0,0.0001,0,0,0.0001,0,0,0.0001,0.0001,0,0,0.0001,0,0.0001,0.0001,0.0001,0,0.0001,0,0,0.3436,0.2469,0.3436,0.2469,
3.2694,1.226,0.8174,1.6347,1.6347,0.8174,0,0.4087,1.226,0.8174,0.8174,0.4087,1.226,1.6347,0.4087,0.8174,2.4521,0.4087,0,0,0.0002,0.0001,0,0.0001,0.0001,0,0,0,0.0001,0,0,0,0.0001,0.0001,0,0,0.0001,0,0,0,0.2806,0.3107,0.2806,0.3107,
0,0.6998,0.6998,1.3996,0,0,0,0.6998,0.6998,0,0.6998,0,0.6998,1.3996,0,1.3996,0.6998,0.6998,0,0.6998,0,0.0001,0.0001,0.0001,0,0,0,0.0001,0.0001,0,0.0001,0,0.0001,0.0001,0,0.0001,0.0001,0.0001,0,0.0001,0.1435,0.1567,0.1435,0.1567,
0.5401,0.5401,0,0,1.0802,0.5401,1.6203,2.1604,0.5401,1.6203,1.6203,2.7005,0.5401,0,0.5401,0,0.5401,0,0.5401,1.0802,0,0,0,0,0.0001,0,0.0001,0.0001,0,0.0001,0.0001,0.0002,0,0,0,0,0,0,0,0.0001,0.2371,0.2228,0.2371,0.2228,
0.4988,0,0.4988,0.4988,0,1.9951,1.9951,0.4988,1.4963,0.4988,1.4963,0.9975,0.9975,0,0,1.4963,0.9975,0.4988,0,0,0,0,0,0,0,0.0002,0.0002,0,0.0001,0,0.0001,0.0001,0.0001,0,0,0.0001,0.0001,0,0,0,0.2725,0.2287,0.2725,0.2287,
0,3.4916,0,0.5819,0,1.7458,0,2.3277,1.7458,0,0,0.5819,1.1639,0,0,2.9096,0.5819,1.7458,0,1.1639,0,0.0001,0,0,0,0.0001,0,0.0001,0.0001,0,0,0,0,0,0,0.0001,0,0.0001,0,0,0.2273,0.1907,0.2273,0.1907,
1.4089,0,0.4696,0.4696,0,0.9393,0.4696,0.9393,0.4696,0,1.4089,0,1.8786,0,0.4696,0,3.2875,0.4696,1.8786,1.8786,0.0001,0,0,0,0,0.0001,0,0.0001,0,0,0.0001,0,0.0001,0,0,0,0.0002,0,0.0001,0.0001,0.269,0.2614,0.269,0.2614,
0.4878,2.9265,1.4633,0,0,3.4143,0,0.9755,0.4878,0.4878,0,0.4878,0.9755,0.4878,1.951,1.4633,0,0.4878,0,0.4878,0,0.0001,0.0001,0,0,0.0001,0,0,0,0,0,0,0,0,0.0001,0.0001,0,0,0,0,0.2608,0.2515,0.2608,0.2515,
1.3379,0,0,0.6689,0.6689,0,0,0.6689,1.3379,1.3379,1.3379,0,1.3379,0.6689,0,2.0068,0.6689,0.6689,0,0,0.0001,0,0,0.0001,0.0001,0,0,0.0001,0.0001,0.0001,0.0001,0,0.0001,0.0001,0,0.0002,0.0001,0.0001,0,0,0.1933,0.1378,0.1933,0.1378,
0.5238,0,0.5238,0,1.0477,4.1906,0,3.143,0,3.143,0.5238,0,0.5238,0,0.5238,2.0953,2.0953,1.0477,0.5238,1.0477,0,0,0,0,0.0001,0.0002,0,0.0002,0,0.0002,0,0,0,0,0,0.0001,0.0001,0.0001,0,0.0001,0.225,0.2512,0.225,0.2512,
3.0607,0,0.5101,0,0.5101,0.5101,0,2.5506,0.5101,2.5506,0.5101,0.5101,0.5101,1.5304,2.0405,0.5101,0.5101,1.5304,0.5101,0,0.0002,0,0,0,0,0,0,0.0002,0,0.0002,0,0,0,0.0001,0.0001,0,0,0.0001,0,0,0.279,0.2109,0.279,0.2109,
1.2489,0.8326,0.4163,0.8326,1.2489,0.8326,0.8326,0.8326,0.8326,0.8326,0,2.4977,0.4163,2.0814,0.8326,0,0.4163,0.4163,0.4163,1.2489,0.0001,0,0,0,0.0001,0,0,0,0,0,0,0.0001,0,0.0001,0,0,0,0,0,0.0001,0.2843,0.2994,0.2843,0.2994,
1.1398,0,0.5699,0,1.1398,1.1398,0,1.7097,0,5.129,0.5699,1.1398,1.1398,0.5699,1.1398,2.8494,1.7097,2.2795,0,0,0.0001,0,0,0,0.0001,0.0001,0,0.0001,0,0.0003,0,0.0001,0.0001,0,0.0001,0.0002,0.0001,0.0001,0,0,0.2003,0.2298,0.2003,0.2298,
1.8407,0,0.3681,1.4726,0,1.1044,1.1044,1.4726,2.9451,0,0.3681,1.1044,0.7363,0.3681,1.1044,0.3681,0.3681,0,0,0.3681,0.0002,0,0,0.0001,0,0.0001,0.0001,0.0001,0.0002,0,0,0.0001,0.0001,0,0.0001,0,0,0,0,0,0.2796,0.3522,0.2796,0.3522,
3.2234,0.7163,1.7908,1.7908,1.0745,0.7163,0,0.3582,0,1.4326,0.3582,0.3582,1.4326,0,1.4326,0.3582,0.7163,1.7908,0.3582,0,0.0002,0,0.0001,0.0001,0.0001,0,0,0,0,0.0001,0,0,0.0001,0,0.0001,0,0,0.0001,0,0,0.2911,0.3507,0.2911,0.3507,
0.7816,0,0,0,0.7816,1.5631,0,0.7816,0.7816,0.7816,0,0.7816,1.5631,0.7816,0,0.7816,1.5631,0.7816,0,0,0.0001,0,0,0,0.0001,0.0002,0,0.0001,0.0001,0.0001,0,0.0001,0.0002,0.0001,0,0.0001,0.0002,0.0001,0,0,0.1046,0.1138,0.1046,0.1138,
0.3777,1.1332,0.3777,0,0,0.7555,0.3777,1.5109,1.8887,0.3777,0.3777,0.7555,0.3777,0.7555,2.2664,1.1332,0,1.8887,0,0,0,0.0001,0,0,0,0,0,0.0001,0.0001,0,0,0,0,0,0.0001,0.0001,0,0.0001,0,0,0.3081,0.3142,0.3081,0.3142,
0.7182,0,0.7182,0,0,0,0,0.7182,0.7182,0.7182,0,0,1.4363,0,1.4363,0,0,1.4363,0,0,0.0001,0,0.0001,0,0,0,0,0.0001,0.0001,0.0001,0,0,0.0002,0,0.0002,0,0,0.0002,0,0,0.1461,0.1357,0.1461,0.1357,
0.5794,0,0,0.5794,0.5794,1.7381,0,1.1588,0,2.8969,1.1588,0.5794,0,0,0.5794,1.1588,1.1588,2.8969,1.7381,0,0,0,0,0,0,0.0001,0,0.0001,0,0.0002,0.0001,0,0,0,0,0.0001,0.0001,0.0002,0.0001,0,0.2569,0.1638,0.2569,0.1638,
2.5346,0,2.0277,2.0277,0.5069,1.0138,0.5069,0.5069,1.0138,1.5208,0,0,0,0,0.5069,0.5069,0,0,0,0,0.0002,0,0.0002,0.0002,0,0.0001,0,0,0.0001,0.0001,0,0,0,0,0,0,0,0,0,0,0.2481,0.2449,0.2481,0.2449,
1.2023,0,0,0.6012,1.2023,1.8035,0,2.4046,0.6012,2.4046,0,3.0058,0,0,0,1.2023,0.6012,2.4046,1.2023,0.6012,0.0001,0,0,0,0.0001,0.0001,0,0.0001,0,0.0001,0,0.0002,0,0,0,0.0001,0,0.0001,0.0001,0,0.2263,0.1726,0.2263,0.1726,
1.5741,0,0,1.0494,2.6236,1.0494,0,1.5741,1.0494,2.0989,0.5247,0.5247,1.5741,0,1.0494,0,1.0494,1.5741,0,0.5247,0.0001,0,0,0.0001,0.0002,0.0001,0,0.0001,0.0001,0.0002,0,0,0.0001,0,0.0001,0,0.0001,0.0001,0,0,0.2431,0.2322,0.2431,0.2322,
0.4237,1.2711,0.8474,0.8474,2.1185,1.2711,0.4237,2.1185,0.8474,0.8474,1.6948,0.8474,1.2711,1.2711,0.4237,0,1.2711,0.4237,0,1.6948,0,0.0001,0,0,0.0001,0.0001,0,0.0001,0,0,0.0001,0,0.0001,0.0001,0,0,0.0001,0,0,0.0001,0.2767,0.2996,0.2767,0.2996,
0.417,2.5023,1.2511,0.8341,1.6682,1.6682,0.417,0,0.417,0.417,0.417,0.417,1.2511,0.417,0.8341,0.417,1.6682,0.8341,1.2511,0.417,0,0.0001,0.0001,0,0.0001,0.0001,0,0,0,0,0,0,0.0001,0,0,0,0.0001,0,0.0001,0,0.2761,0.3069,0.2761,0.3069,
0.337,1.0111,1.3482,1.0111,0.6741,0,0.337,1.3482,1.3482,0.6741,0.337,0,0.337,0.337,0.6741,0.337,1.3482,2.0222,1.3482,1.6852,0,0.0001,0.0001,0.0001,0,0,0,0.0001,0.0001,0,0,0,0,0,0,0,0.0001,0.0001,0.0001,0.0001,0.3114,0.3516,0.3114,0.3516,
0.894,1.3409,1.7879,0.894,0.447,0.447,0,0.894,0,0.894,0.894,0.447,0.447,1.3409,1.3409,0,1.3409,1.3409,0.894,0.894,0,0.0001,0.0001,0,0,0,0,0,0,0,0,0,0,0.0001,0.0001,0,0.0001,0.0001,0,0,0.2828,0.2702,0.2828,0.2702,
0,1.1506,0,0,0.767,0.767,0.767,1.1506,2.6846,0,0,1.1506,0,0,0.767,0.3835,0.767,1.5341,0.767,0.767,0,0.0001,0,0,0,0,0,0.0001,0.0002,0,0,0.0001,0,0,0,0,0,0.0001,0,0,0.3381,0.2784,0.3381,0.2784,
0,0,0.6703,0,0.6703,0.6703,0.6703,0,0.6703,0,0,0,0.6703,0.6703,0,0.6703,0,0,0.6703,0.6703,0,0,0.0001,0,0.0001,0.0001,0.0001,0,0.0001,0,0,0,0.0001,0.0001,0,0.0001,0,0,0.0001,0.0001,0.1649,0.1648,0.1649,0.1648,
1.3196,0,1.3196,1.7595,0.4399,1.3196,0.4399,0,0.8797,1.3196,0.8797,0,1.3196,1.3196,0,0.4399,0,0.8797,0.8797,0.4399,0.0001,0,0.0001,0.0001,0,0.0001,0,0,0.0001,0.0001,0.0001,0,0.0001,0.0001,0,0,0,0.0001,0.0001,0,0.2637,0.2964,0.2637,0.2964,
0,0.5839,1.1679,0,0.5839,1.7518,0.5839,0,0,0.5839,1.7518,1.1679,0,1.1679,0.5839,1.7518,1.7518,0,0.5839,0,0,0,0.0001,0,0,0.0001,0,0,0,0,0.0001,0.0001,0,0.0001,0,0.0001,0.0001,0,0,0,0.1805,0.2356,0.1805,0.2356,
1.9703,0,0.7881,1.1822,1.9703,1.5762,0.7881,0.3941,0.7881,1.1822,0.3941,0,0.3941,0.7881,0.7881,0.7881,0.7881,2.7584,1.5762,0,0.0001,0,0,0.0001,0.0001,0.0001,0,0,0,0.0001,0,0,0,0,0,0,0,0.0002,0.0001,0,0.2762,0.3297,0.2762,0.3297,
1.1094,0.3698,0.7396,1.1094,1.4792,1.1094,1.1094,0,0.7396,1.1094,0,1.1094,0.3698,0.3698,1.1094,0.3698,0.3698,0.3698,0.7396,0,0.0001,0,0,0.0001,0.0001,0.0001,0.0001,0,0,0.0001,0,0.0001,0,0,0.0001,0,0,0,0,0,0.3319,0.2983,0.3319,0.2983,
0.8846,0,0.8846,3.0963,1.327,1.7693,0.4423,0.8846,0.4423,2.2116,0.8846,0.4423,1.327,0,0,2.2116,2.2116,0.4423,0,1.327,0.0001,0,0.0001,0.0002,0.0001,0.0001,0,0.0001,0,0.0001,0.0001,0,0.0001,0,0,0.0001,0.0001,0,0,0.0001,0.2911,0.2666,0.2911,0.2666,
0,0.375,1.5002,1.1251,0.375,2.2503,0.375,0.375,1.1251,0.7501,0.7501,0.375,0,1.8752,1.1251,1.5002,1.1251,0,0.7501,1.1251,0,0,0.0001,0.0001,0,0.0001,0,0,0.0001,0,0,0,0,0.0001,0.0001,0.0001,0.0001,0,0,0.0001,0.2844,0.3406,0.2844,0.3406,
1.0659,0.7106,0.7106,1.0659,0.3553,1.4213,0.3553,0.7106,0.7106,0.7106,1.0659,1.0659,0.3553,0.3553,0.7106,1.0659,1.4213,0,2.1319,0.3553,0,0,0,0,0,0.0001,0,0,0,0,0,0,0,0,0,0,0.0001,0,0.0001,0,0.3691,0.2756,0.3691,0.2756,
2.5613,0,0,0,0.5123,0.5123,0,3.0735,0,5.1226,1.0245,1.0245,1.5368,0.5123,1.5368,1.0245,1.5368,3.0735,0.5123,1.0245,0.0001,0,0,0,0,0,0,0.0002,0,0.0003,0.0001,0.0001,0.0001,0,0.0001,0.0001,0.0001,0.0002,0,0.0001,0.2369,0.2509,0.2369,0.2509,
0.8715,1.3072,0.8715,0.8715,0.4357,0.8715,0.4357,0.4357,1.3072,1.743,0,0.8715,0.8715,0.4357,0.8715,0,0.4357,0.4357,0.8715,0.8715,0,0.0001,0,0,0,0,0,0,0.0001,0.0001,0,0,0,0,0,0,0,0,0,0,0.3362,0.228,0.3362,0.228,
1.7866,0.8933,0.8933,0,1.34,1.7866,0.8933,1.34,0,0.8933,0.8933,0.4467,0.4467,0.8933,0.8933,0.8933,0.4467,0.4467,0.8933,1.34,0.0001,0,0,0,0.0001,0.0001,0,0.0001,0,0,0,0,0,0,0,0,0,0,0,0.0001,0.2755,0.2779,0.2755,0.2779,
1.2064,0.8043,0.4021,1.2064,0,0.8043,1.6086,0.4021,0.8043,0.8043,0.4021,1.6086,1.2064,1.2064,1.2064,0.8043,1.2064,0.4021,0.4021,0.8043,0.0001,0.0001,0,0.0001,0,0.0001,0.0001,0,0.0001,0.0001,0,0.0001,0.0001,0.0001,0.0001,0.0001,0.0001,0,0,0.0001,0.2727,0.3251,0.2727,0.3251,
1.8104,0,0.6035,0,1.207,1.207,0,0,0,3.0174,1.8104,0,0,0,0.6035,2.4139,0.6035,3.0174,1.207,0,0.0001,0,0,0,0.0001,0.0001,0,0,0,0.0002,0.0001,0,0,0,0,0.0001,0,0.0002,0.0001,0,0.2462,0.1503,0.2462,0.1503,
0.8695,1.3042,0.4347,0.4347,0.8695,0.8695,0.8695,0.4347,0.8695,0.4347,0.4347,1.3042,0.4347,0.8695,1.3042,0.4347,1.3042,0.8695,0.4347,0,0.0001,0.0001,0,0,0.0001,0.0001,0.0001,0,0.0001,0,0,0.0001,0,0.0001,0.0001,0,0.0001,0.0001,0,0,0.2746,0.2907,0.2746,0.2907,
1.2045,0.803,0.4015,0.803,0,1.2045,0.803,0,1.2045,0.4015,1.2045,2.0075,0,0,0.4015,0.4015,0,0.803,1.2045,0.803,0.0001,0,0,0,0,0.0001,0,0,0.0001,0,0.0001,0.0001,0,0,0,0,0,0,0.0001,0,0.2893,0.3092,0.2893,0.3092,
0.7773,0.7773,0.3887,0.7773,0,1.9433,0.7773,1.166,0.7773,1.166,1.5546,0.7773,1.166,1.166,0.7773,1.166,1.166,0,0,0.7773,0,0,0,0,0,0.0001,0,0.0001,0,0.0001,0.0001,0,0.0001,0.0001,0,0.0001,0.0001,0,0,0,0.3048,0.3065,0.3048,0.3065,
0,0,1.3417,0.6709,0.6709,0,0,0,0.6709,0.6709,0,1.3417,0.6709,0,0,0,0.6709,0,0,1.3417,0,0,0.0002,0.0001,0.0001,0,0,0,0.0001,0.0001,0,0.0002,0.0001,0,0,0,0.0001,0,0,0.0002,0.1293,0.1998,0.1293,0.1998,
0,0.657,1.3141,0.657,0.657,0,0.657,1.3141,0,0,1.3141,0,0,0.657,0,0,0,0,1.3141,0,0,0.0001,0.0001,0.0001,0.0001,0,0.0001,0.0001,0,0,0.0001,0,0,0.0001,0,0,0,0,0.0001,0,0.1968,0.1461,0.1968,0.1461,
0.4293,0,1.717,2.1463,1.2878,0.4293,0,1.717,0.4293,0.4293,0.4293,0,0.4293,0,0.8585,2.1463,0,1.717,0.4293,0.4293,0,0,0.0001,0.0001,0.0001,0,0,0.0001,0,0,0,0,0,0,0.0001,0.0001,0,0.0001,0,0,0.2868,0.284,0.2868,0.284,
1.1626,3.4877,0,0.5813,1.1626,1.7439,0,1.7439,1.1626,0,0,1.1626,1.1626,0,0.5813,1.7439,0,1.1626,0,0.5813,0,0.0001,0,0,0,0.0001,0,0.0001,0,0,0,0,0,0,0,0.0001,0,0,0,0,0.2387,0.18,0.2387,0.18,
0.3819,0.3819,0.7638,1.9094,1.1457,0.3819,0.7638,0.7638,1.5275,0.3819,0.3819,0.3819,0.3819,1.1457,0.7638,1.5275,0.7638,0.7638,1.1457,0.7638,0,0,0.0001,0.0001,0.0001,0,0.0001,0.0001,0.0001,0,0,0,0,0.0001,0.0001,0.0001,0.0001,0.0001,0.0001,0.0001,0.3003,0.3178,0.3003,0.3178,
0.6818,0.3409,0.3409,0.3409,2.0455,1.7046,1.3636,0.6818,1.0227,0.6818,0.3409,0.3409,0.3409,0.3409,1.3636,1.0227,0.3409,0.6818,0.6818,0.6818,0,0,0,0,0.0001,0.0001,0.0001,0,0.0001,0,0,0,0,0,0.0001,0.0001,0,0,0,0,0.2818,0.3773,0.2818,0.3773,
0,1.6793,0.4198,0.4198,0.8396,0.8396,0.8396,2.0991,1.2595,0.4198,0.4198,0.8396,0,1.2595,1.6793,0.4198,1.2595,0.8396,0,1.6793,0,0.0001,0,0,0,0,0,0.0001,0.0001,0,0,0,0,0.0001,0.0001,0,0.0001,0,0,0.0001,0.2923,0.2879,0.2923,0.2879,
0.8016,0,0,0,0.8016,1.6032,0,0,0,0,1.6032,0,0.8016,0.8016,0.8016,0.8016,0,0,0,0,0.0001,0,0,0,0.0001,0.0002,0,0,0,0,0.0002,0,0.0001,0.0001,0.0001,0.0001,0,0,0,0,0.1145,0.0839,0.1145,0.0839,
0.5891,0,0.5891,0,0.5891,0.5891,0.5891,2.3563,0,2.9454,1.7673,0.5891,0.5891,1.7673,0.5891,1.1782,1.7673,1.1782,0,1.1782,0,0,0,0,0,0,0,0.0002,0,0.0002,0.0001,0,0,0.0001,0,0.0001,0.0001,0.0001,0,0.0001,0.2159,0.195,0.2159,0.195,
1.0911,1.0911,1.4548,1.4548,0.7274,0.3637,0.3637,0.3637,0.7274,2.1822,0.3637,1.0911,0,0,0.7274,1.8185,1.0911,0.7274,0.3637,0,0,0,0.0001,0.0001,0,0,0,0,0,0.0001,0,0,0,0,0,0.0001,0,0,0,0,0.313,0.3233,0.313,0.3233,
0,0.3147,1.2589,0.9442,0.9442,1.2589,0.6295,0.6295,0.3147,0.3147,1.8884,1.2589,0.6295,0,1.2589,1.5737,0.3147,0.6295,1.2589,0.3147,0,0,0.0001,0.0001,0.0001,0.0001,0,0,0,0,0.0001,0.0001,0,0,0.0001,0.0001,0,0,0.0001,0,0.2959,0.3893,0.2959,0.3893,
0,0.7579,0.7579,0.7579,1.1368,1.5157,1.1368,0.7579,1.1368,1.8946,0.3789,0.3789,0,0.7579,2.2736,0,0.3789,1.5157,0,1.5157,0,0,0,0,0.0001,0.0001,0.0001,0,0.0001,0.0001,0,0,0,0,0.0001,0,0,0.0001,0,0.0001,0.2959,0.3251,0.2959,0.3251,
0,0.9602,0.9602,1.9205,0.4801,0,0.4801,0,0.4801,0.9602,0.4801,0.4801,1.4403,0.4801,0.9602,0.9602,0.4801,1.9205,0,0.9602,0,0.0001,0.0001,0.0001,0,0,0,0,0,0.0001,0,0,0.0001,0,0.0001,0.0001,0,0.0001,0,0.0001,0.27,0.2499,0.27,0.2499,
0,1.2022,0.6011,0.6011,0.6011,1.2022,0,0,0,0.6011,1.2022,1.2022,0.6011,0,0.6011,1.2022,0,1.2022,1.2022,0.6011,0,0.0001,0,0,0,0.0001,0,0,0,0,0.0001,0.0001,0,0,0,0.0001,0,0.0001,0.0001,0,0.2011,0.1978,0.2011,0.1978,
0.7311,0.7311,1.4621,0.3655,0.3655,0.7311,1.0966,0,0.7311,1.0966,1.0966,1.0966,0.3655,0.7311,2.1932,0.3655,0.7311,0,0,1.0966,0,0,0.0001,0,0,0,0.0001,0,0,0.0001,0.0001,0.0001,0,0,0.0001,0,0,0,0,0.0001,0.3206,0.3139,0.3206,0.3139,
0,0.8324,1.2486,1.2486,1.2486,0.8324,0.8324,0.8324,0.4162,1.2486,0.8324,0.8324,1.6648,0.8324,0.4162,0.4162,1.6648,0.8324,0.4162,0.4162,0,0,0.0001,0.0001,0.0001,0,0,0,0,0.0001,0,0,0.0001,0,0,0,0.0001,0,0,0,0.2869,0.2969,0.2869,0.2969,
0.3541,1.4163,1.7703,1.0622,1.0622,0.7081,0.7081,0,0,0,0.3541,0.7081,0.7081,1.0622,1.0622,0.7081,1.0622,0.7081,1.0622,0.7081,0,0.0001,0.0001,0.0001,0.0001,0,0,0,0,0,0,0,0,0.0001,0.0001,0,0.0001,0,0.0001,0,0.3105,0.3354,0.3105,0.3354,
0,0.6128,1.2257,0.6128,0,0.6128,1.2257,0.6128,1.2257,0,0.6128,0.6128,1.2257,0.6128,0,1.2257,0.6128,0.6128,0,1.2257,0,0.0001,0.0001,0.0001,0,0.0001,0.0001,0.0001,0.0001,0,0.0001,0.0001,0.0001,0.0001,0,0.0001,0.0001,0.0001,0,0.0001,0.1862,0.2009,0.1862,0.2009,
0,0,1.6983,0.8491,0.8491,2.1228,1.6983,0.8491,0,0.8491,0.8491,0.4246,1.2737,0.4246,0,0.4246,0.8491,0.8491,0,0.8491,0,0,0.0001,0.0001,0.0001,0.0002,0.0001,0.0001,0,0.0001,0.0001,0,0.0001,0,0,0,0.0001,0.0001,0,0.0001,0.2905,0.285,0.2905,0.285,
1.523,0.7615,0.7615,1.1422,0,1.523,0.7615,0.7615,1.1422,0.3807,0.3807,0.3807,1.523,0.3807,0.7615,0.7615,0.3807,1.1422,0.7615,1.1422,0.0001,0,0,0.0001,0,0.0001,0,0,0.0001,0,0,0,0.0001,0,0,0,0,0.0001,0,0.0001,0.3069,0.3124,0.3069,0.3124,
0.6429,0,0,0,1.9288,1.2859,0,3.2147,0.6429,5.1435,0.6429,0,0,0.6429,0,1.2859,2.5718,1.2859,0,0.6429,0,0,0,0,0.0001,0.0001,0,0.0002,0,0.0003,0,0,0,0,0,0.0001,0.0002,0.0001,0,0,0.1951,0.162,0.1951,0.162,
0.4556,0,0,0,0,0.9112,0,0,0,0,0.4556,0,0.9112,0,9.568,0.9112,0,0.9112,0,0,0.0001,0,0,0,0,0.0001,0,0,0,0,0.0001,0,0.0001,0,0.0012,0.0001,0,0.0001,0,0,0.2204,0.3239,0.2204,0.3239,
0.4057,0.8113,1.217,0.4057,0,0.8113,0.8113,1.6226,0,2.8396,1.217,0,0.8113,0.8113,0.8113,2.434,0.4057,0.8113,1.217,0.4057,0,0,0.0001,0,0,0,0,0.0001,0,0.0001,0.0001,0,0,0,0,0.0001,0,0,0.0001,0,0.3031,0.2912,0.3031,0.2912,
0.7744,0.7744,1.5488,1.5488,0.7744,0.3872,1.5488,0.3872,0.3872,1.1616,1.1616,0.7744,0.7744,0.7744,0.3872,1.1616,0.7744,0.3872,1.1616,1.5488,0,0,0.0001,0.0001,0,0,0.0001,0,0,0.0001,0.0001,0,0,0,0,0.0001,0,0,0.0001,0.0001,0.274,0.3388,0.274,0.3388,
1.0512,0,0,0,0.3504,1.0512,0.3504,0,2.4527,0.7008,0.7008,0.7008,0.3504,0.3504,4.2047,1.0512,0.7008,1.0512,0,0.3504,0.0001,0,0,0,0,0.0001,0,0,0.0002,0.0001,0.0001,0.0001,0,0,0.0003,0.0001,0.0001,0.0001,0,0,0.3193,0.3303,0.3193,0.3303,
0.4151,0.8303,0,0.4151,0.4151,0.8303,1.6606,0.8303,0.4151,0.8303,1.2454,0,1.2454,1.6606,1.2454,0,0,1.2454,0.8303,2.0757,0,0.0001,0,0,0,0.0001,0.0001,0.0001,0,0.0001,0.0001,0,0.0001,0.0001,0.0001,0,0,0.0001,0.0001,0.0001,0.3079,0.277,0.3079,0.277,
0,0.4842,0.9684,1.4527,0,0.9684,0.4842,0.9684,0.9684,0.4842,1.4527,0.9684,0.4842,0,0.4842,0.9684,0.4842,0.4842,1.4527,0.9684,0,0,0.0001,0.0001,0,0.0001,0,0.0001,0.0001,0,0.0001,0.0001,0,0,0,0.0001,0,0,0.0001,0.0001,0.2416,0.2742,0.2416,0.2742,
1.1107,2.2214,0,1.4809,0.3702,1.1107,1.8511,1.4809,1.8511,0.7405,0.3702,0,0,0,0.7405,0.3702,0.7405,0.3702,0.3702,0.7405,0.0001,0.0001,0,0.0001,0,0.0001,0.0001,0.0001,0.0001,0,0,0,0,0,0,0,0,0,0,0,0.298,0.3318,0.298,0.3318,
4.1385,0,0.4598,0.4598,0.9197,0,0,0.9197,0,3.2188,1.3795,0.4598,3.2188,0,1.3795,3.6787,0.4598,1.3795,0.9197,0,0.0002,0,0,0,0,0,0,0,0,0.0002,0.0001,0,0.0002,0,0.0001,0.0002,0,0.0001,0,0,0.2847,0.2555,0.2847,0.2555,
0,0.7342,0,0,0,1.4684,0.7342,0,0,0,0,1.4684,0,0,0.7342,0.7342,0,0.7342,0,0.7342,0,0.0001,0,0,0,0.0002,0.0001,0,0,0,0,0.0002,0,0,0.0001,0.0001,0,0.0001,0,0.0001,0.1606,0.1052,0.1606,0.1052,
0.5934,0.5934,0,0.5934,0.5934,1.7803,1.1868,0.5934,0.5934,0.5934,1.7803,0.5934,0.5934,0,0,0,0,0,1.1868,0.5934,0,0,0,0,0,0.0001,0.0001,0,0,0,0.0001,0,0,0,0,0,0,0,0.0001,0,0.2325,0.1741,0.2325,0.1741,
0,1.2047,0,0.4016,0,0.4016,0.8032,1.2047,2.4095,0,1.2047,0.4016,0.8032,0.8032,2.8111,0.4016,0.4016,1.6063,0,0,0,0.0001,0,0,0,0,0.0001,0.0001,0.0002,0,0.0001,0,0.0001,0.0001,0.0002,0,0,0.0001,0,0,0.2976,0.3009,0.2976,0.3009,
2.0296,0,0.6765,0,2.0296,2.0296,0,1.3531,0.6765,0,0,1.3531,0.6765,0,0,1.3531,0.6765,0,0,0,0.0001,0,0,0,0.0001,0.0001,0,0.0001,0,0,0,0.0001,0,0,0,0.0001,0,0,0,0,0.1535,0.17,0.1535,0.17,
3.7614,0,0.5373,0,1.0747,0.5373,0.5373,2.6867,0.5373,1.612,1.0747,0.5373,0.5373,0.5373,1.0747,0.5373,1.0747,0.5373,1.612,0,0.0002,0,0,0,0.0001,0,0,0.0002,0,0.0001,0.0001,0,0,0,0.0001,0,0.0001,0,0.0001,0,0.212,0.2506,0.212,0.2506,
3.1113,0,0,1.2445,0,1.8668,0,0.6223,0.6223,1.2445,0,0,1.2445,0.6223,0,0.6223,0,0,1.2445,0,0.0002,0,0,0.0001,0,0.0001,0,0,0,0.0001,0,0,0.0001,0,0,0,0,0,0.0001,0,0.1551,0.2227,0.1551,0.2227,
0.5261,0,0,1.0522,2.6305,1.0522,0,2.6305,0.5261,2.1044,0.5261,0,1.0522,0,1.0522,0.5261,1.0522,1.0522,0,0.5261,0,0,0,0.0001,0.0002,0.0001,0,0.0002,0,0.0002,0,0,0.0001,0,0.0001,0,0.0001,0.0001,0,0,0.2222,0.2517,0.2222,0.2517,
2.033,0,0,0,0.6777,1.0165,0.3388,0.3388,1.6942,1.0165,0.6777,0.6777,0.3388,0.3388,3.7272,1.0165,0.6777,0.3388,0,0,0.0002,0,0,0,0.0001,0.0001,0,0,0.0001,0.0001,0.0001,0.0001,0,0,0.0003,0.0001,0.0001,0,0,0,0.3167,0.3444,0.3167,0.3444,
0.6006,0,0,0.6006,0.6006,0.6006,0,1.2012,0.6006,0.6006,0,0,0,0,1.2012,0.6006,0,0.6006,1.2012,0.6006,0.0001,0,0,0.0001,0.0001,0.0001,0,0.0001,0.0001,0.0001,0,0,0,0,0.0001,0.0001,0,0.0001,0.0001,0.0001,0.2569,0.1425,0.2569,0.1425,
1.2448,0.8299,0,1.6598,1.2448,1.6598,0.4149,0.4149,0,0.8299,0,0.8299,1.2448,0.8299,0.8299,1.2448,1.2448,0.4149,0.8299,1.6598,0.0001,0,0,0.0001,0.0001,0.0001,0,0,0,0,0,0,0.0001,0,0,0.0001,0.0001,0,0,0.0001,0.3161,0.2689,0.3161,0.2689,
0,1.5499,0.775,1.5499,0.775,0.3875,0.775,1.5499,0.3875,0.775,0.3875,1.5499,0.3875,0.3875,0.3875,0.3875,0.3875,0.775,1.9374,1.9374,0,0.0001,0,0.0001,0,0,0,0.0001,0,0,0,0.0001,0,0,0,0,0,0,0.0001,0.0001,0.2795,0.333,0.2795,0.333,
1.0644,1.0644,0,0.5322,2.661,1.5966,0.5322,0.5322,0,0.5322,0.5322,0,1.0644,2.1288,0.5322,0.5322,1.0644,0.5322,0.5322,1.0644,0.0001,0.0001,0,0,0.0001,0.0001,0,0,0,0,0,0,0.0001,0.0001,0,0,0.0001,0,0,0.0001,0.2719,0.1959,0.2719,0.1959,
0.4314,1.7254,0.8627,1.2941,0.8627,1.2941,1.2941,0.8627,0,0,0,0.4314,0,0,0.8627,0,0.8627,0.4314,0.4314,0.8627,0,0.0001,0,0.0001,0,0.0001,0.0001,0,0,0,0,0,0,0,0,0,0,0,0,0,0.299,0.2697,0.299,0.2697,
0.915,0,0.4575,0,0.915,2.7451,0.4575,2.2875,0.915,0.915,0,0.4575,0.915,0.915,0.4575,1.3725,1.3725,0.4575,1.83,0.4575,0.0001,0,0,0,0.0001,0.0002,0,0.0001,0.0001,0.0001,0,0,0.0001,0.0001,0,0.0001,0.0001,0,0.0001,0,0.2842,0.2583,0.2842,0.2583,
1.1542,0,1.7313,0,0,1.1542,1.7313,0.5771,0.5771,1.1542,0,1.1542,0,1.1542,0,0.5771,0,0,0,0,0.0001,0,0.0002,0,0,0.0001,0.0002,0.0001,0.0001,0.0001,0,0.0001,0,0.0001,0,0.0001,0,0,0,0,0.2182,0.2047,0.2182,0.2047,
0,1.3674,0.9116,0,0.9116,1.3674,1.8232,1.8232,0.4558,1.8232,1.3674,0.9116,0.9116,0,0.4558,0.4558,0,1.3674,0.9116,0.9116,0,0.0001,0,0,0,0.0001,0.0001,0.0001,0,0.0001,0.0001,0,0,0,0,0,0,0.0001,0,0,0.2878,0.2564,0.2878,0.2564,
0.4556,0.4556,1.3669,0.9113,0.4556,0.4556,1.3669,0.4556,0.4556,1.8226,0.4556,1.8226,0,0,0,2.2782,0.4556,0.9113,2.2782,0,0,0,0.0001,0,0,0,0.0001,0,0,0.0001,0,0.0001,0,0,0,0.0001,0,0,0.0001,0,0.2708,0.2736,0.2708,0.2736,
0,0.7246,1.4491,0.7246,0,0,0.7246,1.4491,0,0,0.7246,0,0.7246,0,0,0,0,1.4491,0,0,0,0.0001,0.0001,0.0001,0,0,0.0001,0.0001,0,0,0.0001,0,0.0001,0,0,0,0,0.0001,0,0,0.1851,0.0903,0.1851,0.0903,
0.7107,0.7107,0,0,1.4213,0,1.4213,0,0.7107,0,0,0,0,0,0.7107,0,1.4213,0.7107,0,0,0.0001,0.0001,0,0,0.0002,0,0.0002,0,0.0001,0,0,0,0,0,0.0001,0,0.0002,0.0001,0,0,0.1513,0.138,0.1513,0.138,
0.5842,0,0,1.1685,0,1.1685,0.5842,1.7527,0,0.5842,0.5842,0,1.1685,0,1.1685,1.1685,1.1685,0.5842,0,0.5842,0.0001,0,0,0.0001,0,0.0001,0.0001,0.0002,0,0.0001,0.0001,0,0.0001,0,0.0001,0.0001,0.0001,0.0001,0,0.0001,0.259,0.1568,0.259,0.1568,
0.8389,2.5167,1.6778,1.2584,0.4195,1.6778,0.4195,0.4195,0.4195,1.2584,0.4195,0,0,0.8389,0,0.8389,1.2584,1.6778,1.6778,0.8389,0,0.0001,0.0001,0,0,0.0001,0,0,0,0,0,0,0,0,0,0,0,0.0001,0.0001,0,0.2722,0.3084,0.2722,0.3084,
1.0712,0.5356,0,1.0712,0,0,0,1.0712,0.5356,3.2137,1.6068,0.5356,0.5356,0.5356,1.0712,0.5356,0.5356,2.1424,0,0.5356,0.0001,0,0,0.0001,0,0,0,0.0001,0,0.0002,0.0001,0,0,0,0.0001,0,0,0.0002,0,0,0.2434,0.221,0.2434,0.221,
0.4218,0,0.8436,0.8436,2.5309,2.9528,0,1.2655,1.6873,2.1091,0.4218,0.4218,0.8436,0.4218,0.4218,2.5309,1.6873,1.2655,0,0.4218,0,0,0,0,0.0001,0.0002,0,0.0001,0.0001,0.0001,0,0,0,0,0,0.0001,0.0001,0.0001,0,0,0.2863,0.2918,0.2863,0.2918,
1.2845,0,1.2845,0,0.4282,0,1.7127,0,0.8563,1.7127,0.8563,0,1.2845,0.8563,1.2845,0.8563,0.8563,0.4282,0.8563,1.2845,0.0001,0,0.0001,0,0,0,0.0001,0,0.0001,0.0001,0.0001,0,0.0001,0.0001,0.0001,0.0001,0.0001,0,0.0001,0.0001,0.246,0.3259,0.246,0.3259,
1.8691,0,0.7476,0.3738,0.7476,0.3738,0.3738,1.1214,0,1.1214,1.1214,1.8691,1.1214,1.4953,1.4953,0.7476,0.3738,1.1214,1.8691,0.7476,0.0001,0,0,0,0,0,0,0.0001,0,0.0001,0.0001,0.0001,0.0001,0.0001,0.0001,0,0,0.0001,0.0001,0,0.3036,0.3225,0.3036,0.3225,
2.4092,0,0,0,0,2.4092,0,2.4092,1.2046,4.2162,1.2046,1.2046,0.6023,1.2046,0,0,1.2046,1.8069,0.6023,0,0.0002,0,0,0,0,0.0002,0,0.0002,0.0001,0.0003,0.0001,0.0001,0,0.0001,0,0,0.0001,0.0001,0,0,0.1802,0.2175,0.1802,0.2175,
1.3797,0,0.9198,1.8395,1.8395,1.3797,0.4599,2.2994,0.4599,1.8395,0.4599,0.4599,1.3797,0,0.4599,2.2994,1.3797,0,0,0.9198,0.0001,0,0,0.0001,0.0001,0.0001,0,0.0001,0,0.0001,0,0,0.0001,0,0,0.0001,0.0001,0,0,0,0.2602,0.2799,0.2602,0.2799,
1.3543,0.4514,0.9029,0.4514,0.4514,0.9029,0.4514,0.4514,0.9029,1.3543,3.16,0.4514,2.2572,1.3543,0.4514,0.9029,0.9029,0.9029,0.9029,0.4514,0.0001,0,0,0,0,0,0,0,0,0.0001,0.0002,0,0.0001,0.0001,0,0,0,0,0,0,0.2918,0.2568,0.2918,0.2568,
0,1.1883,0,0.7922,0,0.7922,0.3961,1.1883,2.7726,0,0.7922,0.3961,1.1883,0.7922,1.9805,0.3961,0,1.9805,0,0,0,0.0001,0,0.0001,0,0.0001,0,0.0001,0.0002,0,0.0001,0,0.0001,0.0001,0.0001,0,0,0.0001,0,0,0.3317,0.2722,0.3317,0.2722,
0,0,0,0,1.1868,0,0,2.967,0.5934,1.1868,2.967,2.967,0.5934,1.1868,0.5934,0.5934,0.5934,2.3736,0,2.3736,0,0,0,0,0.0001,0,0,0.0002,0,0.0001,0.0002,0.0002,0,0.0001,0,0,0,0.0001,0,0.0001,0.2242,0.1824,0.2242,0.1824,
1.1519,0,0.576,2.8798,0,1.1519,0.576,1.1519,1.1519,0.576,0,0,1.1519,1.1519,0,1.1519,0,0,0,0,0.0001,0,0.0001,0.0003,0,0.0001,0.0001,0.0001,0.0001,0.0001,0,0,0.0001,0.0001,0,0.0001,0,0,0,0,0.1961,0.2279,0.1961,0.2279,
0.7667,0,0.7667,0,1.5334,0,0,0,0,0,0.7667,0,0.7667,0.7667,0.7667,1.5334,0,0,0,0,0.0001,0,0.0001,0,0.0003,0,0,0,0,0,0.0001,0,0.0001,0.0001,0.0001,0.0003,0,0,0,0,0.1325,0.1008,0.1325,0.1008,
0.4769,0,0.9538,0.9538,0.9538,0.4769,0,1.4307,1.4307,1.4307,0,0,0.9538,0.9538,0.4769,0.9538,0.9538,0,0.9538,0.9538,0,0,0.0001,0.0001,0.0001,0,0,0.0001,0.0001,0.0001,0,0,0.0001,0.0001,0,0.0001,0.0001,0,0.0001,0.0001,0.266,0.2571,0.266,0.2571,
0.6641,0.6641,1.6603,1.6603,0.3321,1.6603,0.6641,0.3321,0.3321,0.3321,1.9923,0.6641,0.9962,0.6641,0.3321,0.3321,0.3321,0.6641,0.6641,0.9962,0,0,0.0001,0.0001,0,0.0001,0,0,0,0,0.0001,0,0,0,0,0,0,0,0,0,0.3317,0.3362,0.3317,0.3362,
0.3538,0.3538,1.4154,0.7077,0.7077,0,2.123,1.0615,0.3538,1.7692,0.7077,0,0.7077,0.7077,1.0615,1.0615,0.7077,1.0615,0,0.7077,0,0,0.0001,0,0,0,0.0001,0.0001,0,0.0001,0,0,0,0,0.0001,0.0001,0,0.0001,0,0,0.3666,0.2796,0.3666,0.2796,
0.6316,0,1.2632,0.6316,0,1.8947,0,0.6316,1.2632,0.6316,0.6316,0.6316,0,0,0,0.6316,1.2632,1.2632,0,1.2632,0.0001,0,0.0001,0.0001,0,0.0002,0,0.0001,0.0001,0.0001,0.0001,0.0001,0,0,0,0.0001,0.0001,0.0001,0,0.0001,0.1722,0.1962,0.1722,0.1962,
0.669,0,0.669,0,0,0.669,1.3381,0,0,0,0,0.669,0,0,1.3381,0,0.669,0.669,0.669,0,0.0001,0,0.0001,0,0,0.0001,0.0002,0,0,0,0,0.0001,0,0,0.0002,0,0.0001,0.0001,0.0001,0,0.1631,0.1678,0.1631,0.1678,
0,0,0,0,0.843,1.686,0,0.843,0.843,0.843,0,0,1.686,0.843,0,0.843,0,0.843,0,0,0,0,0,0,0.0002,0.0004,0,0.0002,0.0002,0.0002,0,0,0.0004,0.0002,0,0.0002,0,0.0002,0,0,0.0713,0.0857,0.0713,0.0857,
1.0816,1.4421,1.0816,1.0816,0.7211,0.7211,0.3605,0.3605,0.3605,1.0816,0,0.3605,0.3605,1.0816,1.4421,0,0.3605,0,1.4421,0.7211,0.0001,0.0001,0.0001,0.0001,0,0,0,0,0,0.0001,0,0,0,0.0001,0.0001,0,0,0,0.0001,0,0.3089,0.3306,0.3089,0.3306,
3.6888,0,0.527,0,0.527,0.527,0,2.1079,1.0539,1.5809,1.0539,1.5809,0.527,1.0539,1.0539,0.527,0.527,2.6349,1.0539,0,0.0002,0,0,0,0,0,0,0.0001,0.0001,0.0001,0.0001,0.0001,0,0.0001,0.0001,0,0,0.0002,0.0001,0,0.2647,0.2084,0.2647,0.2084,
0.3278,0,0.6556,0.3278,0.6556,0.6556,0.6556,1.3111,0.9834,0,0.3278,1.3111,0.3278,1.6389,2.2945,0.6556,1.3111,0,0.9834,0,0,0,0.0001,0,0.0001,0.0001,0.0001,0.0001,0.0001,0,0,0.0001,0,0.0001,0.0002,0.0001,0.0001,0,0.0001,0,0.3473,0.3249,0.3473,0.3249,
0.6972,0.3486,1.0458,1.0458,1.0458,1.3945,0.3486,0,1.7431,1.7431,0,0,1.0458,0.6972,0,1.7431,1.7431,0,1.7431,1.0458,0,0,0.0001,0.0001,0.0001,0.0001,0,0,0.0001,0.0001,0,0,0.0001,0,0,0.0001,0.0001,0,0.0001,0.0001,0.3856,0.2658,0.3856,0.2658,
0,0,0.6171,3.0857,0,0,0.6171,0.6171,0,1.8514,0,0,0,0,0.6171,0.6171,0,0.6171,0,0,0,0,0.0001,0.0004,0,0,0.0001,0.0001,0,0.0002,0,0,0,0,0.0001,0.0001,0,0.0001,0,0,0.1884,0.1945,0.1884,0.1945,
2.4263,0,0,1.2132,1.2132,0,0,4.8527,0.6066,2.4263,0.6066,1.8198,0.6066,0,0,1.2132,1.2132,1.8198,0,0.6066,0.0002,0,0,0.0001,0.0001,0,0,0.0004,0,0.0002,0,0.0001,0,0,0,0.0001,0.0001,0.0001,0,0,0.2109,0.1825,0.2109,0.1825,
0.5215,1.043,0.5215,0,0.5215,1.5645,0.5215,0,1.043,2.6075,0,1.043,1.043,1.043,0.5215,1.5645,2.086,1.043,0,0,0,0.0001,0,0,0,0.0001,0,0,0.0001,0.0002,0,0.0001,0.0001,0.0001,0,0.0001,0.0001,0.0001,0,0,0.2411,0.2374,0.2411,0.2374,
0.7285,0,0,0.7285,1.4571,0,0,0,0,1.4571,0,0.7285,0,0.7285,0,0.7285,0.7285,0,1.4571,0,0.0001,0,0,0.0001,0.0001,0,0,0,0,0.0001,0,0.0001,0,0.0001,0,0.0001,0.0001,0,0.0001,0,0.1516,0.1199,0.1516,0.1199,
0.4168,0.4168,0.4168,0,0,0.8336,2.084,0,1.2504,1.6672,1.2504,1.2504,2.084,0,0.8336,0,2.5009,0,0,0.8336,0,0,0,0,0,0.0001,0.0001,0,0.0001,0.0001,0.0001,0.0001,0.0001,0,0.0001,0,0.0002,0,0,0.0001,0.3455,0.2377,0.3455,0.2377,
0,0,0,0,0,2.4767,0,0.8256,0,0.8256,0,0,0.8256,0,0.8256,2.4767,0,1.6511,0,0,0,0,0,0,0,0.0003,0,0.0001,0,0.0001,0,0,0.0001,0,0.0001,0.0003,0,0.0002,0,0,0.1005,0.0739,0.1005,0.0739,
0.7793,0.3896,0.7793,0.7793,0.3896,0,0.7793,0.3896,0.3896,1.1689,0.3896,1.1689,1.1689,1.5586,1.1689,0.7793,1.1689,0.7793,0.7793,0.7793,0.0001,0,0.0001,0.0001,0,0,0.0001,0,0,0.0001,0,0.0001,0.0001,0.0001,0.0001,0.0001,0.0001,0.0001,0.0001,0.0001,0.3138,0.2966,0.3138,0.2966,
0,0,0,0,0,1.4394,0,0,0.7197,0.7197,0,0.7197,0.7197,0,0,0,0,1.4394,1.4394,0,0,0,0,0,0,0.0002,0,0,0.0001,0.0001,0,0.0001,0.0001,0,0,0,0,0.0002,0.0002,0,0.1433,0.137,0.1433,0.137,
0.3351,1.0054,1.3405,0.3351,1.0054,0.3351,1.0054,1.3405,0.6703,0.3351,0.3351,0.6703,0.6703,1.0054,1.0054,0,1.3405,0.6703,1.6757,1.6757,0,0,0.0001,0,0,0,0,0.0001,0,0,0,0,0,0,0,0,0.0001,0,0.0001,0.0001,0.3328,0.3321,0.3328,0.3321,
0.7645,1.1467,0.3822,0.7645,1.1467,0.7645,0.7645,0.3822,1.1467,0.3822,0.3822,1.1467,0.7645,0.7645,0.3822,0.7645,1.5289,1.1467,1.5289,0.3822,0,0.0001,0,0,0.0001,0,0,0,0.0001,0,0,0.0001,0,0,0,0,0.0001,0.0001,0.0001,0,0.3174,0.3003,0.3174,0.3003,
0.8786,2.3429,0,0,0,0,0,0,0,0.2929,0.2929,0,0.2929,0.2929,7.6144,1.4643,0.2929,0,0,0.8786,0.0001,0.0001,0,0,0,0,0,0,0,0,0,0,0,0,0.0004,0.0001,0,0,0,0.0001,0.374,0.3332,0.374,0.3332,
0,0.4599,0.4599,1.3797,0,0.4599,0.9198,0.4599,0.9198,0.9198,0.9198,0.4599,0.9198,1.8396,0.4599,0.4599,0.9198,0.4599,0.9198,0,0,0,0,0.0001,0,0,0.0001,0,0.0001,0.0001,0.0001,0,0.0001,0.0001,0,0,0.0001,0,0.0001,0,0.2537,0.2864,0.2537,0.2864,
0.6462,0,0.6462,0,1.9386,0,0,1.9386,1.2924,0,0,0.6462,0,1.9386,0,1.2924,1.2924,1.2924,1.2924,0,0.0001,0,0.0001,0,0.0002,0,0,0.0002,0.0001,0,0,0.0001,0,0.0002,0,0.0001,0.0001,0.0001,0.0001,0,0.1739,0.1799,0.1739,0.1799,
0.7245,1.0868,0.7245,0.7245,0.7245,0,1.449,1.0868,1.0868,0.3623,0,0,1.449,0.3623,1.0868,0.3623,1.449,0,1.449,2.1736,0,0.0001,0,0,0,0,0.0001,0.0001,0.0001,0,0,0,0.0001,0,0.0001,0,0.0001,0,0.0001,0.0001,0.3385,0.2992,0.3385,0.2992,
0.8859,0.4429,1.7718,0.4429,1.7718,0.4429,0.8859,1.3288,0.4429,2.2147,1.3288,0.4429,0.4429,0.8859,0,0.4429,0.4429,0.8859,0.8859,0,0,0,0.0001,0,0.0001,0,0,0.0001,0,0.0001,0.0001,0,0,0,0,0,0,0,0,0,0.2773,0.2798,0.2773,0.2798,
0.3988,1.9938,0.7975,1.1963,0.7975,0.3988,1.1963,0.7975,0.3988,1.5951,1.1963,0.3988,0,0.3988,0.3988,0,0,0.7975,1.9938,1.1963,0,0.0001,0,0,0,0,0,0,0,0.0001,0,0,0,0,0,0,0,0,0.0001,0,0.2925,0.3087,0.2925,0.3087,
0.933,0.933,0.4665,0.4665,0.933,1.866,1.3995,0.4665,0,1.3995,1.3995,0,0.933,0,1.3995,0,1.3995,0.933,0.933,1.3995,0,0,0,0,0,0.0001,0.0001,0,0,0.0001,0.0001,0,0,0,0.0001,0,0.0001,0,0,0.0001,0.2941,0.2394,0.2941,0.2394,
0,0.4935,0.4935,0.4935,1.4804,0.9869,0.9869,0,0,0.9869,0.9869,2.4674,1.4804,0.4935,0.9869,1.9739,0.9869,0,0.4935,0,0,0,0,0,0.0001,0.0001,0.0001,0,0,0.0001,0.0001,0.0002,0.0001,0,0.0001,0.0001,0.0001,0,0,0,0.2432,0.2633,0.2432,0.2633,
0,0.96,0.48,1.44,0.48,1.44,0,0,0.48,0.96,1.44,1.92,0.48,0,0,0.48,0.48,0.48,2.4,0.48,0,0,0,0.0001,0,0.0001,0,0,0,0,0.0001,0.0001,0,0,0,0,0,0,0.0001,0,0.2568,0.2632,0.2568,0.2632,
1.5053,0.3763,0.7527,1.129,1.8817,1.129,0.3763,0,0,0.7527,0.3763,0.3763,0.3763,0,0.7527,1.5053,0,0.7527,1.129,1.5053,0.0001,0,0,0.0001,0.0001,0.0001,0,0,0,0,0,0,0,0,0,0.0001,0,0,0.0001,0.0001,0.3009,0.3228,0.3009,0.3228,
0.7756,1.1634,0.7756,0.7756,1.5512,1.9391,1.1634,0.3878,0,0.3878,0,0.3878,0.7756,1.1634,1.1634,1.1634,1.5512,0,0.7756,1.1634,0,0.0001,0,0,0.0001,0.0001,0.0001,0,0,0,0,0,0,0.0001,0.0001,0.0001,0.0001,0,0,0.0001,0.3416,0.2706,0.3416,0.2706,
1.4455,0.3614,0,1.0842,1.0842,0.3614,0,0,1.8069,0.3614,1.8069,1.4455,0.3614,1.4455,1.0842,0,0.7228,1.4455,1.4455,0.3614,0.0001,0,0,0.0001,0.0001,0,0,0,0.0001,0,0.0001,0.0001,0,0.0001,0.0001,0,0,0.0001,0.0001,0,0.3354,0.3032,0.3354,0.3032,
1.3419,0,0.4473,0.8946,0.4473,1.7891,0.4473,0.4473,0.8946,0.4473,0.8946,0.4473,0,2.2364,0.4473,0.8946,0,1.7891,0.4473,0,0.0001,0,0,0.0001,0,0.0001,0,0,0.0001,0,0.0001,0,0,0.0002,0,0.0001,0,0.0001,0,0,0.2866,0.2662,0.2866,0.2662,
1.7036,0.6814,1.7036,1.7036,0.6814,1.3628,0.3407,0.6814,0.3407,1.7036,0,0.3407,2.385,0.3407,1.0221,0,0,0.3407,0,1.3628,0.0001,0,0.0001,0.0001,0,0.0001,0,0,0,0.0001,0,0,0.0001,0,0.0001,0,0,0,0,0.0001,0.3124,0.3468,0.3124,0.3468,
2.5577,0,0.6394,0.6394,1.9183,0,0,3.8366,0.6394,3.1971,0.6394,0.6394,0.6394,0.6394,0,1.2789,1.9183,1.9183,0,0.6394,0.0002,0,0.0001,0.0001,0.0002,0,0,0.0003,0.0001,0.0003,0.0001,0.0001,0.0001,0.0001,0,0.0001,0.0002,0.0002,0,0.0001,0.191,0.1695,0.191,0.1695,
0.8882,0,0.4441,0.8882,1.7763,0.4441,1.3322,0.8882,0,0.8882,2.2204,1.7763,1.7763,0.8882,0.4441,1.7763,0.8882,1.3322,0.8882,1.3322,0,0,0,0,0.0001,0,0.0001,0,0,0,0.0001,0.0001,0.0001,0,0,0.0001,0,0.0001,0,0.0001,0.2716,0.2843,0.2716,0.2843,
0,0,0,1.4794,0.7397,0,0,0,0,0,0,0.7397,0.7397,5.1778,2.2191,0,0,0,0,0,0,0,0,0.0004,0.0002,0,0,0,0,0,0,0.0002,0.0002,0.0014,0.0006,0,0,0,0,0,0.1251,0.1352,0.1251,0.1352,
1.4333,0,0.3583,1.4333,1.4333,2.8666,0.7166,0.3583,0,0.7166,1.075,1.075,1.075,2.5083,2.1499,0,0.3583,0.3583,0,0,0.0001,0,0,0.0001,0.0001,0.0002,0.0001,0,0,0.0001,0.0001,0.0001,0.0001,0.0002,0.0002,0,0,0,0,0,0.3634,0.2783,0.3634,0.2783,
1.2113,0,0.4038,0.4038,0.4038,0.4038,0.4038,0,1.6151,0,2.0189,2.0189,0.4038,0.4038,0.4038,1.2113,1.6151,1.6151,1.2113,1.2113,0.0001,0,0,0,0,0,0,0,0.0001,0,0.0001,0.0001,0,0,0,0.0001,0.0001,0.0001,0.0001,0.0001,0.296,0.3002,0.296,0.3002,
0.4265,1.2796,1.2796,0.8531,0.8531,0.8531,0,0.8531,1.2796,0,1.2796,1.7062,1.2796,0,1.7062,0.8531,0.4265,0.8531,0,0,0,0.0001,0.0001,0,0,0,0,0,0.0001,0,0.0001,0.0001,0.0001,0,0.0001,0,0,0,0,0,0.2846,0.2888,0.2846,0.2888,
0.7604,0,0,0,0.7604,0.7604,0,0,0,0.7604,0,0.7604,0,1.5207,0.7604,0.7604,0,0.7604,0,0.7604,0.0001,0,0,0,0.0001,0.0001,0,0,0,0.0001,0,0.0001,0,0.0002,0.0001,0.0001,0,0.0001,0,0.0001,0.1049,0.1348,0.1049,0.1348,
1.337,2.2284,0.4457,0.8914,0.8914,0.8914,0.4457,0.8914,0.4457,0.4457,0.8914,0.4457,0.8914,0.4457,0.8914,0.8914,1.337,1.337,0.8914,0,0.0001,0.0001,0,0,0,0,0,0,0,0,0,0,0,0,0,0,0.0001,0.0001,0,0,0.2617,0.2926,0.2617,0.2926,
0.3957,0.7914,1.5829,1.9786,0.3957,0.7914,1.1872,0.3957,1.1872,1.1872,0.3957,0,1.1872,0.3957,0.3957,0.7914,0.3957,1.1872,0.7914,1.5829,0,0,0.0001,0.0001,0,0,0.0001,0,0.0001,0.0001,0,0,0.0001,0,0,0,0,0.0001,0,0.0001,0.3061,0.2982,0.3061,0.2982,
2.9408,0,0,0.7352,0.7352,1.4704,0,0,0.7352,0,0,0.7352,0.7352,0,0,0,0,0.7352,0,0.7352,0.0003,0,0,0.0001,0.0001,0.0002,0,0,0.0001,0,0,0.0001,0.0001,0,0,0,0,0.0001,0,0.0001,0.1377,0.1271,0.1377,0.1271,
1.3728,0,1.3728,1.3728,0.4576,0.9152,0.9152,0.4576,0,0.4576,0.9152,1.8304,0,0.4576,0.4576,1.3728,0.4576,0,0.4576,1.3728,0.0001,0,0.0001,0.0001,0,0.0001,0.0001,0,0,0,0.0001,0.0001,0,0,0,0.0001,0,0,0,0.0001,0.3505,0.1919,0.3505,0.1919,
0.8242,2.0606,0.4121,0.8242,0,0.4121,0,2.0606,1.2363,0,1.2363,0.8242,1.2363,0.4121,0.8242,0.8242,2.8848,0.4121,0.8242,0.8242,0,0.0001,0,0,0,0,0,0.0001,0.0001,0,0.0001,0,0.0001,0,0,0,0.0001,0,0,0,0.3186,0.2693,0.3186,0.2693,
0,1.6462,0,0,1.6462,0,0,1.0975,2.195,1.0975,1.6462,1.0975,0,2.195,0,0,1.6462,1.0975,0.5487,1.0975,0,0.0001,0,0,0.0001,0,0,0.0001,0.0001,0.0001,0.0001,0.0001,0,0.0001,0,0,0.0001,0.0001,0,0.0001,0.2068,0.2445,0.2068,0.2445,
4.5739,0,0.6534,0,0.6534,0.6534,0,1.3068,0,3.9205,1.3068,0,0.6534,0.6534,0.6534,1.3068,1.3068,1.9602,0,0,0.0003,0,0,0,0,0,0,0.0001,0,0.0003,0.0001,0,0,0,0,0.0001,0.0001,0.0001,0,0,0.1943,0.1523,0.1943,0.1523,
0.3668,1.8342,1.4674,0.7337,0.3668,1.8342,0.7337,0.7337,1.1005,1.4674,1.4674,1.4674,1.1005,0.7337,0.3668,1.1005,1.1005,0,0,0.3668,0,0.0001,0.0001,0,0,0.0001,0,0,0,0.0001,0.0001,0.0001,0,0,0,0,0,0,0,0,0.3609,0.2722,0.3609,0.2722,
0,1.3445,0.4482,1.3445,1.3445,0.4482,1.3445,1.7926,0.8963,0.4482,1.3445,0.4482,0.8963,0.4482,0.4482,0.8963,0.8963,0.8963,0,1.7926,0,0.0001,0,0.0001,0.0001,0,0.0001,0.0001,0,0,0.0001,0,0,0,0,0,0,0,0,0.0001,0.285,0.2669,0.285,0.2669,
1.1441,1.1441,0.7628,0.3814,1.1441,0.7628,0.3814,1.1441,1.1441,0.7628,0.3814,1.9069,0.7628,1.1441,0.3814,0.3814,0.7628,0.7628,0.7628,0.7628,0.0001,0.0001,0,0,0.0001,0,0,0.0001,0.0001,0,0,0.0001,0,0.0001,0,0,0,0,0,0,0.2978,0.3208,0.2978,0.3208,
0.8845,0.4422,1.3267,1.7689,1.3267,0.8845,0.4422,1.3267,0,1.7689,0.4422,0,0.8845,0.4422,0.8845,2.2112,2.2112,0.8845,0,0.8845,0,0,0.0001,0.0001,0.0001,0,0,0.0001,0,0.0001,0,0,0,0,0,0.0001,0.0001,0,0,0,0.2764,0.2813,0.2764,0.2813,
1.4331,0.3583,1.0748,0.7165,0,0.7165,0.7165,0.3583,1.0748,0.3583,0.3583,0.3583,1.4331,0.7165,0.7165,0.7165,0.7165,0.3583,1.7913,0.7165,0.0001,0,0.0001,0,0,0,0,0,0.0001,0,0,0,0.0001,0,0,0,0,0,0.0001,0,0.3299,0.3118,0.3299,0.3118,
0.4093,1.228,0.4093,1.6373,0.8187,0.4093,1.228,0.8187,1.228,1.228,1.228,0.4093,0,0.8187,0.8187,0.4093,1.228,1.228,0,0.4093,0,0.0001,0,0.0001,0,0,0.0001,0,0.0001,0.0001,0.0001,0,0,0,0,0,0.0001,0.0001,0,0,0.2926,0.2981,0.2926,0.2981,
0.3367,1.0101,0.3367,1.3468,0.6734,1.3468,0.6734,1.0101,0.6734,0.3367,0.6734,0.6734,0.3367,0.6734,1.3468,0.6734,1.3468,0.3367,1.0101,1.6836,0,0.0001,0,0.0001,0,0.0001,0,0.0001,0,0,0,0,0,0,0.0001,0,0.0001,0,0.0001,0.0001,0.3249,0.3384,0.3249,0.3384,
1.6954,0,0.5651,0.5651,0.5651,0.5651,0,2.8257,0.5651,5.0863,0.5651,0.5651,0,0.5651,0.5651,0,0,0.5651,0,0,0.0001,0,0,0,0,0,0,0.0002,0,0.0004,0,0,0,0,0,0,0,0,0,0,0.1938,0.2411,0.1938,0.2411,
2.4704,2.4704,0.4117,0.8235,0.4117,0.4117,0.4117,0,0.8235,0.8235,2.4704,1.2352,2.0587,0.8235,0.8235,0,0.8235,0,1.6469,0.8235,0.0001,0.0001,0,0,0,0,0,0,0,0,0.0001,0,0.0001,0,0,0,0,0,0.0001,0,0.2567,0.3315,0.2567,0.3315,
0,0.7133,0,0.7133,0,0,0.7133,0,0.7133,0.7133,0.7133,0.7133,0,0.7133,0.7133,0,0,0.7133,0,0.7133,0,0.0001,0,0.0001,0,0,0.0001,0,0.0001,0.0001,0.0001,0.0001,0,0.0001,0.0001,0,0,0.0001,0,0.0001,0.1457,0.141,0.1457,0.141,
0,0,0.6907,0,0,2.0721,0.6907,0,0,0.6907,1.3814,0,0,0.6907,0,0.6907,0.6907,0.6907,0.6907,1.3814,0,0,0.0001,0,0,0.0002,0.0001,0,0,0.0001,0.0001,0,0,0.0001,0,0.0001,0.0001,0.0001,0.0001,0.0001,0.1779,0.1314,0.1779,0.1314,
0,0.5447,0,0,1.6341,0.5447,0,3.2682,3.8129,0,1.0894,2.7235,0.5447,0,0.5447,0,1.0894,1.6341,0,0,0,0,0,0,0.0001,0,0,0.0002,0.0002,0,0.0001,0.0002,0,0,0,0,0.0001,0.0001,0,0,0.2423,0.213,0.2423,0.213,
0.6925,0.3463,1.0388,0.6925,0.6925,0.6925,0.3463,1.385,0.6925,0.6925,0.6925,0.6925,0,1.0388,1.385,1.0388,1.0388,1.385,1.0388,1.7313,0,0,0.0001,0,0,0,0,0.0001,0,0,0,0,0,0.0001,0.0001,0.0001,0.0001,0.0001,0.0001,0.0001,0.3269,0.3268,0.3269,0.3268,
0,0.6515,0,0,2.6059,0,0.6515,0,0,0.6515,0,0.6515,0.6515,0.6515,0.6515,0.6515,0,0.6515,2.6059,0.6515,0,0.0001,0,0,0.0002,0,0.0001,0,0,0.0001,0,0.0001,0.0001,0.0001,0.0001,0.0001,0,0.0001,0.0002,0.0001,0.1709,0.1777,0.1709,0.1777,
0.6465,0.6465,1.6163,0.9698,0,1.293,0,1.9396,0.6465,0.9698,0.3233,0.6465,1.293,0.9698,1.293,0.3233,0.9698,0,1.293,0.3233,0,0,0.0001,0,0,0.0001,0,0.0001,0,0,0,0,0.0001,0,0.0001,0,0,0,0.0001,0,0.3266,0.3501,0.3266,0.3501,
1.1317,0.3772,1.1317,1.509,0,1.509,0.3772,1.8862,0,1.1317,0.7545,2.2635,1.1317,0,0.7545,0.3772,0.3772,0.7545,0.3772,0.7545,0.0001,0,0.0001,0.0001,0,0.0001,0,0.0001,0,0.0001,0,0.0001,0.0001,0,0,0,0,0,0,0,0.3051,0.3177,0.3051,0.3177,
1.2053,0,1.2053,0.8035,1.2053,0,1.2053,3.2142,0.8035,1.6071,0.8035,0.4018,1.6071,0,0.4018,0,1.6071,1.6071,0,0,0.0001,0,0.0001,0.0001,0.0001,0,0.0001,0.0002,0.0001,0.0001,0.0001,0,0.0001,0,0,0,0.0001,0.0001,0,0,0.2997,0.2985,0.2997,0.2985,
2.0866,0,0.4173,1.2519,0.4173,2.9212,0.4173,2.0866,0.4173,2.0866,0,0.4173,1.6692,0.4173,0.4173,2.9212,1.2519,1.2519,0,0.4173,0.0001,0,0,0.0001,0,0.0002,0,0.0001,0,0.0001,0,0,0.0001,0,0,0.0002,0.0001,0.0001,0,0,0.2833,0.2994,0.2833,0.2994,
0,0.5205,0.5205,0,1.5616,0.5205,0.5205,0,0.5205,2.6026,0.5205,0,0.5205,0,1.041,2.6026,1.041,0,0,1.041,0,0,0,0,0.0001,0,0,0,0,0.0002,0,0,0,0,0.0001,0.0002,0.0001,0,0,0.0001,0.2276,0.2519,0.2276,0.2519,
0.7521,0.7521,0.376,0,0.7521,0.376,0.376,0.376,2.6323,0.7521,0.376,0.376,0.376,0.376,3.0084,1.5042,0.376,1.8802,0,0,0,0,0,0,0,0,0,0,0.0002,0,0,0,0,0,0.0002,0.0001,0,0.0001,0,0,0.374,0.25,0.374,0.25,
1.2762,0.4254,0.8508,0.4254,2.1269,1.2762,0.8508,0,0.8508,0,0.8508,0.4254,0.4254,0,0.8508,1.2762,0.8508,1.7015,0,0,0.0001,0,0.0001,0,0.0001,0.0001,0.0001,0,0.0001,0,0.0001,0,0,0,0.0001,0.0001,0.0001,0.0001,0,0,0.2757,0.2989,0.2757,0.2989,
0,0,0.336,1.0079,0.336,0.6719,0,1.0079,2.3517,1.6798,0.336,2.0157,0.6719,0.336,2.0157,0.6719,1.3438,1.0079,0,0.6719,0,0,0,0.0001,0,0.0001,0,0.0001,0.0002,0.0001,0,0.0002,0.0001,0,0.0002,0.0001,0.0001,0.0001,0,0.0001,0.3097,0.3544,0.3097,0.3544,
0,0.8444,0.8444,0.8444,2.1109,0.8444,1.2665,2.5331,0.4222,0,0.4222,0.8444,0.8444,0,0.4222,0.8444,1.2665,0.4222,0.4222,0.4222,0,0,0,0,0.0001,0,0.0001,0.0001,0,0,0,0,0,0,0,0,0.0001,0,0,0,0.2991,0.2788,0.2991,0.2788,
1.1384,0.3795,0.3795,0.7589,0,0.3795,1.8974,0.7589,1.1384,0.3795,0,0,0.7589,0.3795,0.3795,1.5179,0.3795,1.5179,1.8974,1.1384,0.0001,0,0,0,0,0,0.0001,0,0.0001,0,0,0,0,0,0,0.0001,0,0.0001,0.0001,0.0001,0.2975,0.323,0.2975,0.323,
0,0.858,1.287,0.858,0.858,0.858,0.429,0.858,0,0.858,0.858,0.429,0.429,0.429,0.858,1.716,0,0.429,0.858,0.858,0,0,0.0001,0,0,0,0,0,0,0,0,0,0,0,0,0.0001,0,0,0,0,0.2949,0.2761,0.2949,0.2761,
0.409,1.227,0.409,1.6359,0,0.409,2.4539,0,0.818,0.409,1.6359,0,0,0.409,0,0.409,0.818,0,1.6359,0.409,0,0.0001,0,0.0001,0,0,0.0001,0,0,0,0.0001,0,0,0,0,0,0,0,0.0001,0,0.312,0.279,0.312,0.279,
0.3972,0.7944,1.1915,1.5887,0.7944,0.7944,0.3972,1.1915,0,0.7944,0.7944,0.3972,0.7944,0.3972,0.7944,0.7944,0.3972,0.7944,1.1915,0.7944,0,0,0.0001,0.0001,0,0,0,0.0001,0,0,0,0,0,0,0,0,0,0,0.0001,0,0.3041,0.2987,0.3041,0.2987,
0.7435,0.7435,0,0,0.7435,0,0,1.487,0,0,0,0,0,0,0.7435,0.7435,1.487,0,0.7435,0.7435,0.0001,0.0001,0,0,0.0001,0,0,0.0002,0,0,0,0,0,0,0.0001,0.0001,0.0002,0,0.0001,0.0001,0.1315,0.125,0.1315,0.125,
0.9816,0.9816,0.9816,0.4908,0.9816,0,0.4908,0.4908,0.4908,0.9816,1.4724,0.9816,0.4908,0.9816,0.9816,0.9816,0.9816,1.4724,0,0.9816,0.0001,0.0001,0.0001,0,0.0001,0,0,0,0,0.0001,0.0001,0.0001,0,0.0001,0.0001,0.0001,0.0001,0.0001,0,0.0001,0.2572,0.2521,0.2572,0.2521,
1.0562,0,0.5281,0,1.0562,4.2247,0,2.6404,0,2.6404,0.5281,0,0.5281,0,0.5281,2.1123,1.5843,2.1123,0.5281,1.0562,0.0001,0,0,0,0.0001,0.0002,0,0.0001,0,0.0001,0,0,0,0,0,0.0001,0.0001,0.0001,0,0.0001,0.2194,0.2525,0.2194,0.2525,
0.467,0.9341,0,0.9341,0.467,0.9341,0.9341,0.9341,0,1.4011,1.4011,0.9341,1.4011,0.467,1.8682,0.467,1.8682,1.4011,0,0.467,0,0.0001,0,0.0001,0,0.0001,0.0001,0.0001,0,0.0001,0.0001,0.0001,0.0001,0,0.0001,0,0.0001,0.0001,0,0,0.259,0.2739,0.259,0.2739,
1.0559,0,1.0559,0,1.5838,0,0.5279,0.5279,0.5279,2.1117,1.0559,1.5838,1.0559,1.5838,0.5279,1.0559,0.5279,2.1117,0.5279,1.0559,0.0001,0,0.0001,0,0.0001,0,0,0,0,0.0002,0.0001,0.0001,0.0001,0.0001,0,0.0001,0,0.0002,0,0.0001,0.211,0.2611,0.211,0.2611,
1.2396,0.4132,1.6528,0.8264,1.2396,1.2396,0.8264,0.8264,0.4132,0.8264,1.6528,1.2396,0.8264,1.6528,0.4132,1.2396,1.2396,0,0.4132,0,0.0001,0,0.0001,0,0.0001,0.0001,0,0,0,0,0.0001,0.0001,0,0.0001,0,0.0001,0.0001,0,0,0,0.2936,0.2932,0.2936,0.2932,
0.6585,0,1.9754,0.6585,0,0,1.3169,0.6585,0.6585,0.6585,0,0.6585,0.6585,0,0,0.6585,0,0,0.6585,0.6585,0.0001,0,0.0003,0.0001,0,0,0.0002,0.0001,0.0001,0.0001,0,0.0001,0.0001,0,0,0.0001,0,0,0.0001,0.0001,0.1513,0.1902,0.1513,0.1902,
0,1.1789,0.786,0,0,0.786,0.786,1.1789,1.5719,0.393,0.393,0.393,0.393,1.9649,2.3579,0.393,0,1.9649,0,0,0,0.0001,0.0001,0,0,0.0001,0.0001,0.0001,0.0001,0,0,0,0,0.0001,0.0002,0,0,0.0001,0,0,0.283,0.324,0.283,0.324,
2.0229,0,0,0,0.6743,1.0114,0.6743,0.6743,1.6857,0.6743,0.6743,0.6743,0.3371,0.3371,3.3714,1.0114,0.6743,0.3371,0,0,0.0002,0,0,0,0.0001,0.0001,0.0001,0.0001,0.0001,0.0001,0.0001,0.0001,0,0,0.0003,0.0001,0.0001,0,0,0,0.3078,0.3551,0.3078,0.3551,
1.2258,0.4086,1.2258,0.8172,0.4086,0.4086,0,1.2258,0.4086,1.6344,1.2258,0.8172,2.043,0.8172,1.2258,1.2258,1.6344,0.8172,1.6344,0.8172,0.0001,0,0.0001,0,0,0,0,0.0001,0,0.0001,0.0001,0,0.0001,0,0.0001,0.0001,0.0001,0,0.0001,0,0.2969,0.2945,0.2969,0.2945,
0.7586,0,0.7586,1.5172,0,0.7586,0,0,2.2759,0,0,0,0,0,0,0,0.7586,0.7586,0,0,0.0002,0,0.0002,0.0003,0,0.0002,0,0,0.0005,0,0,0,0,0,0,0,0.0002,0.0002,0,0,0.1037,0.1377,0.1037,0.1377,
3.2694,0,0.4671,0.4671,2.8024,0.4671,0,1.8682,0.9341,3.2694,0.4671,0.4671,1.8682,0.4671,0.4671,0.4671,0,2.3353,0.4671,0.4671,0.0002,0,0,0,0.0002,0,0,0.0001,0.0001,0.0002,0,0,0.0001,0,0,0,0,0.0001,0,0,0.2727,0.2603,0.2727,0.2603,
0.6935,0,0.6935,0.6935,0,0.6935,0.6935,0,0,0.6935,2.0804,0,0,0.6935,0,0,0.6935,0.6935,0.6935,2.7739,0.0001,0,0.0001,0.0001,0,0.0001,0.0001,0,0,0.0001,0.0002,0,0,0.0001,0,0,0.0001,0.0001,0.0001,0.0003,0.1666,0.14,0.1666,0.14,
0.7134,0.7134,0,0,0.7134,0,0.7134,0.7134,0.7134,0,0.7134,0.7134,0.7134,0.7134,1.4269,0.7134,0,0.7134,0,0,0.0001,0.0001,0,0,0.0001,0,0.0001,0.0001,0.0001,0,0.0001,0.0001,0.0001,0.0001,0.0001,0.0001,0,0.0001,0,0,0.1292,0.1573,0.1292,0.1573,
0.4241,0,0.8481,1.2722,0.8481,2.5443,0,0.4241,1.6962,2.9684,0,0.8481,1.2722,0.8481,0,1.2722,0.4241,2.5443,0,0.4241,0,0,0.0001,0.0001,0.0001,0.0002,0,0,0.0001,0.0002,0,0.0001,0.0001,0.0001,0,0.0001,0,0.0002,0,0,0.2478,0.3282,0.2478,0.3282,
1.0547,0,0.5274,0,1.0547,4.2189,0,3.1642,0,2.6368,0.5274,0,0.5274,0,0.5274,2.1094,1.5821,1.5821,0.5274,1.0547,0.0001,0,0,0,0.0001,0.0002,0,0.0002,0,0.0001,0,0,0,0,0,0.0001,0.0001,0.0001,0,0.0001,0.2212,0.2514,0.2212,0.2514,
1.2768,0.6384,1.2768,0.6384,0,0,0.6384,1.2768,0,0,1.9152,0.6384,1.9152,0,0.6384,0.6384,0.6384,0,0,0.6384,0.0001,0.0001,0.0001,0.0001,0,0,0.0001,0.0001,0,0,0.0002,0.0001,0.0002,0,0.0001,0.0001,0.0001,0,0,0.0001,0.1771,0.1845,0.1771,0.1845,
1.4326,0.9551,0,0.4775,0.4775,0,0,1.4326,1.4326,2.3877,0.4775,0,0.9551,1.4326,1.9102,0.9551,1.4326,0.4775,0,0,0.0001,0.0001,0,0,0,0,0,0.0001,0.0001,0.0002,0,0,0.0001,0.0001,0.0001,0.0001,0.0001,0,0,0,0.307,0.2155,0.307,0.2155,
1.9459,0,0.6486,0.6486,1.9459,0,0,3.2431,0.6486,3.2431,0.6486,1.2972,0.6486,0.6486,0,0.6486,1.9459,3.2431,0,0.6486,0.0002,0,0.0001,0.0001,0.0002,0,0,0.0003,0.0001,0.0003,0.0001,0.0001,0.0001,0.0001,0,0.0001,0.0002,0.0003,0,0.0001,0.1813,0.1701,0.1813,0.1701,
0.6271,0,0,0,0.6271,1.2542,1.8812,0,0.6271,0.6271,0.6271,0.6271,0.6271,0.6271,0,0,2.5083,0,1.2542,0,0.0001,0,0,0,0.0001,0.0001,0.0002,0,0.0001,0.0001,0.0001,0.0001,0.0001,0.0001,0,0,0.0003,0,0.0001,0,0.2093,0.1636,0.2093,0.1636,
1.5489,0,0.3872,0.3872,0.3872,2.3233,1.1617,0.7744,1.5489,0,0.7744,1.5489,1.5489,2.7105,0.7744,1.1617,0.7744,0.3872,0,0,0.0001,0,0,0,0,0.0002,0.0001,0.0001,0.0001,0,0.0001,0.0001,0.0001,0.0002,0.0001,0.0001,0.0001,0,0,0,0.3058,0.307,0.3058,0.307,
0,1.3795,0,1.3795,0,1.3795,0,0.6897,0,2.0692,0.6897,0.6897,0.6897,2.0692,0,0.6897,0,0.6897,0.6897,0,0,0.0001,0,0.0001,0,0.0001,0,0.0001,0,0.0002,0.0001,0.0001,0.0001,0.0002,0,0.0001,0,0.0001,0.0001,0,0.1409,0.1694,0.1409,0.1694,
1.2734,0,0.4245,0.8489,2.1224,0.8489,0,0,0,0.8489,0.8489,1.6979,0.4245,1.2734,1.2734,1.2734,1.6979,0,0.8489,0.8489,0.0001,0,0,0.0001,0.0001,0.0001,0,0,0,0.0001,0.0001,0.0001,0,0.0001,0.0001,0.0001,0.0001,0,0.0001,0.0001,0.3131,0.2624,0.3131,0.2624,
1.3759,0,0,0.6879,0.6879,0.6879,0,0.6879,0,0.6879,0,0.6879,0.6879,0,0.6879,0.6879,2.0638,2.0638,0,0.6879,0.0002,0,0,0.0001,0.0001,0.0001,0,0.0001,0,0.0001,0,0.0001,0.0001,0,0.0001,0.0001,0.0002,0.0002,0,0.0001,0.1573,0.1548,0.1573,0.1548,
1.6744,1.2558,2.5117,1.2558,0.4186,0.8372,1.2558,0.4186,0.4186,0.4186,0,0.8372,0.8372,1.2558,0,2.093,1.2558,0.8372,0.4186,1.2558,0.0001,0.0001,0.0001,0.0001,0,0,0.0001,0,0,0,0,0,0,0.0001,0,0.0001,0.0001,0,0,0.0001,0.2713,0.3101,0.2713,0.3101,
1.9318,0,0.9659,1.9318,1.4489,0.9659,0.483,1.9318,0.483,1.4489,0.483,0.483,0.9659,0,0.483,1.9318,1.9318,1.9318,0,0.9659,0.0001,0,0.0001,0.0001,0.0001,0.0001,0,0.0001,0,0.0001,0,0,0.0001,0,0,0.0001,0.0001,0.0001,0,0.0001,0.2431,0.2739,0.2431,0.2739,
1.5664,0.5221,0,1.0443,0,0.5221,1.0443,0.5221,0.5221,0,0.5221,0.5221,0.5221,2.6106,0.5221,0,1.5664,0.5221,1.0443,1.5664,0.0001,0,0,0.0001,0,0,0.0001,0,0,0,0,0,0,0.0002,0,0,0.0001,0,0.0001,0.0001,0.2489,0.229,0.2489,0.229,
0.3764,1.1291,0.3764,0,0,0.3764,0.3764,2.6346,3.3873,0.3764,0.3764,0.3764,0,0.7527,1.8818,0.7527,0,0.7527,0,0,0,0.0001,0,0,0,0,0,0.0002,0.0002,0,0,0,0,0,0.0001,0,0,0,0,0,0.3052,0.3185,0.3052,0.3185,
0,0.725,1.4499,0,0.725,0,0,0,0.725,0,0.725,1.4499,0,0,0,0.725,0,0.725,0,0,0,0.0001,0.0002,0,0.0001,0,0,0,0.0001,0,0.0001,0.0002,0,0,0,0.0001,0,0.0001,0,0,0.1224,0.1527,0.1224,0.1527,
0,0.4511,0,0.4511,0,0.4511,1.8044,1.3533,0.9022,0.9022,0.9022,0.4511,1.3533,0.9022,1.8044,0.4511,0.4511,0.4511,0,1.8044,0,0,0,0,0,0,0.0002,0.0001,0.0001,0.0001,0.0001,0,0.0001,0.0001,0.0002,0,0,0,0,0.0002,0.267,0.2819,0.267,0.2819,
0.4107,1.2322,0,0.4107,0,0.8215,0.4107,1.2322,2.8752,0,0.8215,0.4107,0.4107,0.8215,2.0537,0.8215,0,2.4645,0,0,0,0.0001,0,0,0,0,0,0.0001,0.0002,0,0,0,0,0,0.0001,0,0,0.0001,0,0,0.2965,0.2928,0.2965,0.2928,
0.3989,0,1.9947,0,0.7979,0,0,1.5957,0.7979,1.1968,0,0.3989,1.1968,1.1968,1.1968,1.1968,0.3989,0,0.3989,0.7979,0,0,0.0001,0,0.0001,0,0,0.0001,0.0001,0.0001,0,0,0.0001,0.0001,0.0001,0.0001,0,0,0,0.0001,0.3168,0.2842,0.3168,0.2842,
0.7918,1.9795,1.1877,2.3754,0.3959,0.7918,0,0.3959,0.3959,1.1877,0.7918,1.5836,1.1877,0,0.3959,1.5836,1.1877,0.3959,0.3959,0.3959,0,0.0001,0.0001,0.0001,0,0,0,0,0,0.0001,0,0.0001,0.0001,0,0,0.0001,0.0001,0,0,0,0.3324,0.2717,0.3324,0.2717,
0.7723,0.3861,0.7723,0.7723,0,0.7723,1.1584,1.5446,1.5446,1.1584,1.1584,1.1584,0.7723,0.7723,1.1584,0,1.5446,0.3861,0,1.5446,0.0001,0,0.0001,0.0001,0,0.0001,0.0001,0.0001,0.0001,0.0001,0.0001,0.0001,0.0001,0.0001,0.0001,0,0.0001,0,0,0.0001,0.3317,0.2821,0.3317,0.2821,
2.0502,0,0.6834,0.6834,0,2.7336,0,0,0,0,0,0,0.6834,0,0,0.6834,0,0,0.6834,2.0502,0.0002,0,0.0001,0.0001,0,0.0003,0,0,0,0,0,0,0.0001,0,0,0.0001,0,0,0.0001,0.0002,0.1598,0.1568,0.1598,0.1568,
0,0.7134,0,0,0,0.7134,0.7134,1.4268,0.7134,0.7134,0,0.7134,1.4268,0.7134,0,0,0,1.4268,0.7134,0.7134,0,0.0001,0,0,0,0.0001,0.0001,0.0002,0.0001,0.0001,0,0.0001,0.0002,0.0001,0,0,0,0.0002,0.0001,0.0001,0.152,0.1346,0.152,0.1346,
0.8463,1.2694,0.4231,0.4231,2.1157,0.4231,0,0.8463,0.8463,0.8463,0,2.1157,0,0.4231,0.4231,0.8463,1.6926,0.4231,1.6926,0.4231,0,0.0001,0,0,0.0001,0,0,0,0,0,0,0.0001,0,0,0,0,0.0001,0,0.0001,0,0.3107,0.2662,0.3107,0.2662,
0.8083,0,1.6166,0,0,0.8083,0,0,0,0.8083,0,0,0.8083,0.8083,0,0,0.8083,0.8083,0,0.8083,0.0002,0,0.0003,0,0,0.0002,0,0,0,0.0002,0,0,0.0002,0.0002,0,0,0.0002,0.0002,0,0.0002,0.0709,0.1208,0.0709,0.1208,
0,0,0,0,1.5285,2.2927,0,0,0,0,0,0.7642,0,0,0.7642,0,0.7642,0.7642,0.7642,0,0,0,0,0,0.0002,0.0003,0,0,0,0,0,0.0001,0,0,0.0001,0,0.0001,0.0001,0.0001,0,0.1169,0.1189,0.1169,0.1189,
0,0,0,1.4127,0.7064,0,1.4127,0.7064,0.7064,0,0,1.4127,0,0,0.7064,0.7064,0,0,0,0.7064,0,0,0,0.0002,0.0001,0,0.0002,0.0001,0.0001,0,0,0.0002,0,0,0.0001,0.0001,0,0,0,0.0001,0.126,0.1676,0.126,0.1676,
1.5738,0,1.0492,0,0.5246,1.0492,0.5246,0.5246,1.5738,1.0492,0,0,1.5738,0,0,0.5246,0.5246,2.623,0,1.0492,0.0001,0,0.0001,0,0,0.0001,0,0,0.0001,0.0001,0,0,0.0001,0,0,0,0,0.0002,0,0.0001,0.2714,0.204,0.2714,0.204,
0.3693,0.3693,0.3693,1.4773,2.9546,0,1.108,0.3693,0.7387,2.5853,1.108,0.7387,1.108,0,1.4773,1.8466,0.3693,0,0.7387,0,0,0,0,0.0001,0.0001,0,0.0001,0,0,0.0001,0.0001,0,0.0001,0,0.0001,0.0001,0,0,0,0,0.3535,0.2772,0.3535,0.2772,
0,1.0496,0.5248,1.0496,0.5248,0.5248,0.5248,0,2.0991,0.5248,0,0,0.5248,0.5248,0.5248,0,0.5248,1.0496,1.0496,0.5248,0,0.0001,0,0.0001,0,0,0,0,0.0002,0,0,0,0,0,0,0,0,0.0001,0.0001,0,0.2307,0.2445,0.2307,0.2445,
2.0906,0,0.5226,1.0453,2.0906,2.0906,0,1.5679,0,4.7037,1.0453,0.5226,1.0453,0.5226,0.5226,0,0.5226,2.0906,0,0,0.0001,0,0,0.0001,0.0001,0.0001,0,0.0001,0,0.0003,0.0001,0,0.0001,0,0,0,0,0.0001,0,0,0.2543,0.223,0.2543,0.223,
1.1502,0.3834,0.7668,0.7668,1.1502,3.0673,1.1502,0.3834,1.5337,0.3834,0.3834,1.5337,0,1.1502,0,0.7668,0.7668,0.7668,0,0.7668,0.0001,0,0,0,0.0001,0.0002,0.0001,0,0.0001,0,0,0.0001,0,0.0001,0,0,0,0,0,0,0.3321,0.2845,0.3321,0.2845,
0.3825,1.1474,0.3825,0,0,0.7649,0.3825,0.3825,3.4421,0,0.3825,0.3825,0,0.7649,1.5298,1.1474,0,2.6772,0,0.3825,0,0.0001,0,0,0,0.0001,0,0,0.0002,0,0,0,0,0.0001,0.0001,0.0001,0,0.0002,0,0,0.3325,0.2851,0.3325,0.2851,
0,2.3005,0.4601,0.4601,0.9202,0,0,3.6807,2.3005,0.4601,0,3.6807,0,0,0,0.4601,0.4601,1.3803,0,0.4601,0,0.0001,0,0,0,0,0,0.0001,0.0001,0,0,0.0001,0,0,0,0,0,0,0,0,0.2633,0.2766,0.2633,0.2766,
1.6724,0,0.8362,1.2543,0,0.4181,0.4181,0.8362,0.8362,1.2543,0,0.8362,2.0905,0.4181,1.2543,0.4181,0.4181,0,0,2.0905,0.0001,0,0.0001,0.0001,0,0,0,0.0001,0.0001,0.0001,0,0.0001,0.0002,0,0.0001,0,0,0,0,0.0002,0.2804,0.3015,0.2804,0.3015,
1.7801,0,0.8901,0.445,2.6702,0.8901,0,1.3351,0.445,3.1152,0.445,0.445,1.3351,0,0.8901,1.3351,0.8901,1.7801,0.445,0.445,0.0001,0,0,0,0.0001,0,0,0.0001,0,0.0002,0,0,0.0001,0,0,0.0001,0,0.0001,0,0,0.2689,0.286,0.2689,0.286,
0.7131,0.7131,1.0696,0.3565,0.7131,1.4262,1.0696,0.3565,0.7131,0.7131,0.7131,1.0696,1.0696,0.3565,0.7131,1.0696,1.0696,0.7131,2.1392,0,0,0,0.0001,0,0,0.0001,0.0001,0,0,0,0,0.0001,0.0001,0,0,0.0001,0.0001,0,0.0001,0,0.3653,0.2782,0.3653,0.2782,
0,0.4885,0.9771,0.4885,0,0.9771,0.9771,0.9771,0.9771,2.9313,0.4885,0.4885,0.9771,0,0.4885,0.4885,0,0.4885,0.9771,0.4885,0,0,0.0001,0,0,0.0001,0.0001,0.0001,0.0001,0.0002,0,0,0.0001,0,0,0,0,0,0.0001,0,0.2715,0.2399,0.2715,0.2399,
1.4414,1.4414,0,1.9219,0.4805,0.4805,0,0.4805,0,0.4805,0,0.4805,0.4805,0.961,1.4414,0.4805,0.4805,0.961,0,0.961,0.0001,0.0001,0,0.0001,0,0,0,0,0,0,0,0,0,0.0001,0.0001,0,0,0.0001,0,0.0001,0.2468,0.2727,0.2468,0.2727,
0.3686,1.1059,1.4745,0.3686,1.8431,0,0.7373,0.3686,1.1059,1.1059,0.7373,1.1059,0.3686,0.7373,1.1059,1.1059,0.7373,1.1059,0.7373,0,0,0.0001,0.0001,0,0.0001,0,0,0,0.0001,0.0001,0,0.0001,0,0,0.0001,0.0001,0,0.0001,0,0,0.3197,0.3116,0.3197,0.3116,
0.4234,0,0.4234,0.4234,0,0,0.4234,1.6934,1.6934,0.8467,0,1.6934,0,0,1.6934,2.1168,1.2701,0.4234,0,0.8467,0,0,0,0,0,0,0,0.0001,0.0001,0.0001,0,0.0001,0,0,0.0001,0.0002,0.0001,0,0,0.0001,0.248,0.3287,0.248,0.3287,
1.3237,2.6474,0.4412,0.4412,0.4412,0,1.3237,0,1.3237,0.8825,0,1.3237,1.3237,0.8825,0.4412,0.8825,0.4412,1.7649,1.3237,0,0,0.0001,0,0,0,0,0,0,0,0,0,0,0,0,0,0,0,0.0001,0,0,0.2711,0.2877,0.2711,0.2877,
0,0.4604,0.4604,1.3811,1.3811,0.9207,0,0.9207,0.4604,0,0.4604,0,0.4604,0,1.8414,0,0,0.9207,0.9207,0.9207,0,0,0,0.0001,0.0001,0.0001,0,0.0001,0,0,0,0,0,0,0.0001,0,0,0.0001,0.0001,0.0001,0.2963,0.2433,0.2963,0.2433,
0.3617,0.3617,0.3617,0.7234,1.0851,0.7234,1.8085,0.7234,0.7234,0,0.7234,2.1702,0.3617,0.7234,0.7234,0.3617,0.3617,2.5319,1.4468,1.4468,0,0,0,0,0.0001,0,0.0001,0,0,0,0,0.0001,0,0,0,0,0,0.0002,0.0001,0.0001,0.3299,0.3084,0.3299,0.3084,
0.8457,0.4229,0.8457,0.8457,0,0,1.2686,1.6914,0.4229,0.8457,0,0.4229,1.2686,0.4229,1.6914,0.8457,0.4229,0,0.4229,1.2686,0.0001,0,0.0001,0.0001,0,0,0.0001,0.0001,0,0.0001,0,0,0.0001,0,0.0001,0.0001,0,0,0,0.0001,0.3005,0.2767,0.3005,0.2767,
0.5599,0.5599,1.1197,0.5599,1.1197,0,0,0.5599,1.1197,0.5599,1.6796,0,0.5599,0,0.5599,0,0,1.1197,0,0.5599,0,0,0.0001,0,0.0001,0,0,0,0.0001,0,0.0001,0,0,0,0,0,0,0.0001,0,0,0.2113,0.2288,0.2113,0.2288,
0,1.1653,0.3884,0.3884,0,0.7769,0.7769,1.1653,2.3307,0,0.7769,0.3884,1.1653,0.7769,1.9422,0.3884,0,1.9422,0,0,0,0.0001,0,0,0,0.0001,0.0001,0.0001,0.0002,0,0.0001,0,0.0001,0.0001,0.0001,0,0,0.0001,0,0,0.3303,0.2812,0.3303,0.2812,
1.031,0.5155,0.5155,1.031,1.5465,2.062,0,1.5465,0.5155,0,1.5465,0.5155,0.5155,0.5155,0,0.5155,0.5155,2.5775,2.062,0.5155,0.0001,0,0,0.0001,0.0001,0.0001,0,0.0001,0,0,0.0001,0,0,0,0,0,0,0.0001,0.0001,0,0.2481,0.2364,0.2481,0.2364,
1.3341,0.4447,0.8894,1.3341,0,0,0.4447,0.4447,1.7789,0.8894,0.4447,1.7789,1.3341,0.4447,1.3341,0.8894,1.3341,0.8894,0,0.4447,0.0001,0,0.0001,0.0001,0,0,0,0,0.0001,0.0001,0,0.0001,0.0001,0,0.0001,0.0001,0.0001,0.0001,0,0,0.2785,0.2768,0.2785,0.2768,
1.1342,0,0.5671,0,0,0.5671,0.5671,1.7013,1.7013,1.7013,0.5671,0,0,0,0,0,0,1.1342,0,0,0.0001,0,0.0001,0,0,0.0001,0.0001,0.0002,0.0002,0.0002,0.0001,0,0,0,0,0,0,0.0001,0,0,0.2346,0.1983,0.2346,0.1983,
0,1.3624,0,1.703,0.6812,0,0.6812,0.6812,2.7247,1.3624,0.6812,1.3624,0.3406,0.3406,1.3624,1.3624,1.703,0.3406,0,0,0,0.0001,0,0.0001,0,0,0,0,0.0001,0.0001,0,0.0001,0,0,0.0001,0.0001,0.0001,0,0,0,0.3247,0.3347,0.3247,0.3347,
0.5105,0.5105,1.0209,0.5105,1.5314,0.5105,0,0.5105,1.0209,0.5105,1.0209,1.0209,0.5105,1.0209,0.5105,1.0209,2.0418,2.5523,0.5105,1.5314,0,0,0.0001,0,0.0001,0,0,0,0.0001,0,0.0001,0.0001,0,0.0001,0,0.0001,0.0001,0.0002,0,0.0001,0.2399,0.2496,0.2399,0.2496,
0.4356,0,0.8712,0,0.8712,1.3068,2.6137,1.3068,0.4356,2.1781,0.8712,0.8712,0.4356,0.8712,0.4356,0,0.4356,1.7424,0.4356,0,0,0,0.0001,0,0.0001,0.0001,0.0002,0.0001,0,0.0002,0.0001,0.0001,0,0.0001,0,0,0,0.0001,0,0,0.2614,0.303,0.2614,0.303,
1.0807,1.0807,0.3602,1.0807,0.7204,1.0807,1.4409,0.7204,0.7204,0.3602,1.0807,0.7204,0.7204,0,1.0807,1.0807,1.0807,0.3602,0.3602,1.0807,0.0001,0.0001,0,0.0001,0,0.0001,0.0001,0,0,0,0.0001,0,0,0,0.0001,0.0001,0.0001,0,0,0.0001,0.3038,0.336,0.3038,0.336,
0.7375,0,0.7375,0.7375,0,0.7375,0,1.475,0.7375,0.7375,0,0,0.7375,0,0,0,0.7375,0,0,0.7375,0.0001,0,0.0001,0.0001,0,0.0001,0,0.0002,0.0001,0.0001,0,0,0.0001,0,0,0,0.0001,0,0,0.0001,0.1231,0.1393,0.1231,0.1393,
1.5475,5.4162,0.7737,0,0,4.6424,0,0,0.7737,0,0,0,0,0.7737,0,3.8687,1.5475,0,0,0,0.0001,0.0002,0,0,0,0.0002,0,0,0,0,0,0,0,0,0,0.0002,0.0001,0,0,0,0.1332,0.093,0.1332,0.093,
1.6787,0,0,0,0,0,0,0,2.9378,0,0,0,3.3575,0.4197,2.5181,3.3575,0,0,0,0,0.0002,0,0,0,0,0,0,0,0.0003,0,0,0,0.0003,0,0.0002,0.0003,0,0,0,0,0.1951,0.3852,0.1951,0.3852,
2.2189,0,0.317,1.2679,0.634,1.5849,0,0.9509,1.5849,0.9509,0.317,0.634,0.317,1.2679,1.2679,0.317,0.317,0.9509,0.317,0.317,0.0001,0,0,0.0001,0,0.0001,0,0.0001,0.0001,0.0001,0,0,0,0.0001,0.0001,0,0,0.0001,0,0,0.3508,0.3323,0.3508,0.3323,
1.2002,0.4001,2.4005,0.4001,0.8002,0.8002,0.8002,0.4001,1.2002,1.2002,0,0,0.4001,0.8002,0.8002,1.2002,0.8002,0.4001,0,0.8002,0.0001,0,0.0001,0,0,0,0,0,0.0001,0.0001,0,0,0,0,0,0.0001,0,0,0,0,0.2794,0.3205,0.2794,0.3205,
0.4309,0.8617,0.4309,0.8617,0.8617,3.016,0,1.2926,0.4309,2.1543,0,0.4309,1.2926,0.8617,1.2926,0,0.8617,0,0.4309,1.2926,0,0,0,0,0,0.0002,0,0.0001,0,0.0001,0,0,0.0001,0,0.0001,0,0,0,0,0.0001,0.2941,0.2751,0.2941,0.2751,
0.8298,0.8298,0.4149,1.6597,1.6597,0.8298,1.6597,0.4149,0.4149,0,0.4149,0.4149,0.4149,1.2448,0.8298,1.2448,0.8298,0,1.2448,0,0.0001,0.0001,0,0.0001,0.0001,0.0001,0.0001,0,0,0,0,0,0,0.0001,0.0001,0.0001,0.0001,0,0.0001,0,0.2916,0.2935,0.2916,0.2935,
0,1.7859,1.1906,0.5953,1.1906,0,0,0,1.1906,0.5953,0,1.1906,0.5953,0.5953,0.5953,0,1.1906,0.5953,0.5953,1.1906,0,0.0001,0.0001,0,0.0001,0,0,0,0.0001,0,0,0.0001,0,0,0,0,0.0001,0,0,0.0001,0.1922,0.2125,0.1922,0.2125,
0,0,1.0265,2.0529,0.5132,1.0265,0.5132,0,2.5662,1.0265,0,1.0265,0.5132,0.5132,0,1.0265,0,0.5132,0.5132,0,0,0,0.0001,0.0002,0.0001,0.0001,0.0001,0,0.0003,0.0001,0,0.0001,0.0001,0.0001,0,0.0001,0,0.0001,0.0001,0,0.2315,0.2553,0.2315,0.2553,
0,0.7727,0.7727,0.7727,1.5453,0,0,0,0,0,0,0.7727,0.7727,0,0,0.7727,1.5453,0.7727,0,0,0,0.0001,0.0001,0.0001,0.0002,0,0,0,0,0,0,0.0001,0.0001,0,0,0.0001,0.0002,0.0001,0,0,0.1326,0.0947,0.1326,0.0947,
0,0,1.4402,0,1.4402,0,0.7201,0,0,0.7201,0.7201,0,0,0.7201,0.7201,0,0,0.7201,0,0,0,0,0.0002,0,0.0002,0,0.0001,0,0,0.0001,0.0001,0,0,0.0001,0.0001,0,0,0.0001,0,0,0.1684,0.1115,0.1684,0.1115,
0.5845,0,1.169,2.0458,1.4613,0.2923,0,0.2923,2.6303,0.8768,0.2923,0.8768,0.8768,0,1.7535,0,0.2923,0.2923,0,0.5845,0,0,0.0001,0.0001,0.0001,0,0,0,0.0002,0.0001,0,0.0001,0.0001,0,0.0001,0,0,0,0,0,0.3204,0.3874,0.3204,0.3874,
0.5125,1.0251,0,1.0251,0.5125,0.5125,0,2.5627,3.0752,0,0,0,1.5376,0,0,0.5125,0,0,0,0,0,0.0001,0,0.0001,0,0,0,0.0002,0.0002,0,0,0,0.0001,0,0,0,0,0,0,0,0.2261,0.2613,0.2261,0.2613,
0.5805,0,1.7415,0.5805,0.5805,0,0,0,1.7415,1.161,0,0.5805,0,0,0,0.5805,0.5805,0,0,0.5805,0.0001,0,0.0002,0.0001,0.0001,0,0,0,0.0002,0.0001,0,0.0001,0,0,0,0.0001,0.0001,0,0,0.0001,0.211,0.2085,0.211,0.2085,
1.2619,1.2619,0.4206,1.6826,0.4206,0,0.4206,0.4206,0.4206,1.2619,0.8413,0.8413,0.4206,0.8413,0.4206,1.2619,1.2619,0.4206,1.2619,0.4206,0.0001,0.0001,0,0.0001,0,0,0,0,0,0.0001,0,0,0,0,0,0.0001,0.0001,0,0.0001,0,0.2805,0.2988,0.2805,0.2988,
0,0,0.7131,0,0,2.8523,0,0,0,0.7131,0,0.7131,2.1392,0,0,0,0,1.4262,1.4262,0.7131,0,0,0.0001,0,0,0.0002,0,0,0,0.0001,0,0.0001,0.0002,0,0,0,0,0.0001,0.0001,0.0001,0.1725,0.1144,0.1725,0.1144,
0.6955,0.6955,0.6955,0.3477,0,1.3909,1.0432,1.0432,0.6955,0.3477,0.6955,0.3477,1.3909,0.3477,1.0432,0.6955,1.0432,1.0432,1.3909,0.3477,0,0,0,0,0,0.0001,0.0001,0.0001,0,0,0,0,0.0001,0,0.0001,0,0.0001,0.0001,0.0001,0,0.3446,0.3076,0.3446,0.3076,
1.2454,0,0.4151,1.6606,1.2454,1.2454,0,1.2454,2.906,1.2454,1.2454,1.2454,1.2454,0.8303,0,0.4151,0.4151,1.6606,0,0.8303,0.0001,0,0,0.0001,0.0001,0.0001,0,0.0001,0.0002,0.0001,0.0001,0.0001,0.0001,0,0,0,0,0.0001,0,0,0.2972,0.2877,0.2972,0.2877,
0.4754,0.4754,0.9508,0.9508,2.8523,0.4754,0.4754,1.4261,0.4754,1.4261,1.4261,1.4261,0.9508,0.4754,0,0.4754,0.9508,0.4754,1.4261,0,0,0,0,0,0.0001,0,0,0.0001,0,0.0001,0.0001,0.0001,0,0,0,0,0,0,0.0001,0,0.2543,0.2704,0.2543,0.2704,
0.7176,1.0763,0.7176,0,0.7176,0.3588,0.7176,0,0.7176,2.1527,1.4351,0.3588,0.3588,0.7176,1.4351,1.4351,1.0763,0.3588,1.4351,0.7176,0,0,0,0,0,0,0,0,0,0.0001,0.0001,0,0,0,0.0001,0.0001,0,0,0.0001,0,0.3373,0.3039,0.3373,0.3039,
0,1.3345,1.3345,0,0.6672,1.3345,0,0,0.6672,0.6672,0.6672,0.6672,2.0017,0,0,2.0017,0,0.6672,0,0,0,0.0001,0.0001,0,0,0.0001,0,0,0,0,0,0,0.0001,0,0,0.0001,0,0,0,0,0.1641,0.1687,0.1641,0.1687,
0.9595,1.4392,0,1.4392,0.9595,0.9595,0.9595,1.4392,0,0.9595,0.9595,0,0.9595,0,0.4797,1.4392,0.9595,0.4797,0.9595,0.4797,0,0.0001,0,0.0001,0,0,0,0.0001,0,0,0,0,0,0,0,0.0001,0,0,0,0,0.2439,0.2764,0.2439,0.2764,
0,0,0,2.3774,0.7925,0,0,0,0.7925,0,0,0,0.7925,1.5849,1.5849,0,0.7925,0,0,0,0,0,0,0.001,0.0003,0,0,0,0.0003,0,0,0,0.0003,0.0006,0.0006,0,0.0003,0,0,0,0.1108,0.0967,0.1108,0.0967,
0,1.1058,0,0.7372,0.3686,1.1058,0.3686,1.1058,2.5801,0,0.3686,0.3686,0.3686,0.7372,1.8429,0.7372,0,1.8429,0,0,0,0.0001,0,0,0,0.0001,0,0.0001,0.0002,0,0,0,0,0,0.0001,0,0,0.0001,0,0,0.3126,0.3188,0.3126,0.3188,
1.2478,0,1.2478,0,0,1.2478,0.6239,0.6239,0.6239,0.6239,0.6239,0,0,0,0,1.8717,1.8717,1.2478,0,0.6239,0.0001,0,0.0001,0,0,0.0001,0.0001,0.0001,0.0001,0.0001,0.0001,0,0,0,0,0.0002,0.0002,0.0001,0,0.0001,0.1918,0.1843,0.1918,0.1843,
0.3725,1.4898,1.1174,0,0.3725,1.1174,1.1174,1.1174,0.7449,0.7449,1.8623,1.4898,0,0.7449,1.1174,0.3725,0.3725,0.7449,0.7449,0.7449,0,0.0001,0,0,0,0,0,0,0,0,0.0001,0.0001,0,0,0,0,0,0,0,0,0.3073,0.3203,0.3073,0.3203,
0.9235,0,0.4618,2.3088,1.3853,2.3088,0.4618,1.3853,0.4618,2.7705,0.4618,0,0.9235,0,0.4618,1.3853,1.847,1.3853,0,0.9235,0.0001,0,0,0.0001,0.0001,0.0001,0,0.0001,0,0.0002,0,0,0.0001,0,0,0.0001,0.0001,0.0001,0,0.0001,0.2595,0.2788,0.2595,0.2788,
0.7975,1.1962,0.3987,1.5949,0.7975,0.7975,0.3987,0.3987,1.9937,0.3987,0.7975,1.1962,0.3987,0.7975,0.3987,1.1962,0.3987,0,0.7975,0,0,0.0001,0,0.0001,0,0,0,0,0.0001,0,0,0.0001,0,0,0,0.0001,0,0,0,0,0.3165,0.2847,0.3165,0.2847,
0.4156,0.8311,0.8311,0.4156,0.4156,0.4156,0.4156,0.8311,1.2467,0.8311,0.8311,0.4156,0.8311,0.8311,1.2467,0,0,0.4156,0.4156,1.2467,0,0.0001,0.0001,0,0,0,0,0.0001,0.0001,0.0001,0.0001,0,0.0001,0.0001,0.0001,0,0,0,0,0.0001,0.2822,0.3023,0.2822,0.3023,
0.6165,0,0.6165,1.2331,0.6165,1.2331,0,0,0,1.2331,0,1.2331,0.6165,0,1.8496,0,0,0,0,0.6165,0.0001,0,0.0001,0.0001,0.0001,0.0001,0,0,0,0.0001,0,0.0001,0.0001,0,0.0002,0,0,0,0,0.0001,0.189,0.1945,0.189,0.1945,
1.515,0,0,1.515,0,0,0,0.7575,0,1.515,0,0.7575,1.515,0,0,0,0.7575,2.2726,0,0.7575,0.0002,0,0,0.0002,0,0,0,0.0001,0,0.0002,0,0.0001,0.0002,0,0,0,0.0001,0.0003,0,0.0001,0.1034,0.1391,0.1034,0.1391,
0,0,0,0,0.821,1.642,0,0.821,0,0.821,0,0,1.642,0,0.821,1.642,0,0.821,0,0,0,0,0,0,0.0001,0.0003,0,0.0001,0,0.0001,0,0,0.0003,0,0.0001,0.0003,0,0.0001,0,0,0.1074,0.0716,0.1074,0.0716,
1.7407,0.8704,1.3055,0.8704,1.7407,0.4352,0.4352,0.8704,0.4352,0,0.4352,0.8704,0.8704,0.4352,0.4352,1.3055,0.4352,1.3055,0.8704,0.8704,0.0001,0,0.0001,0,0.0001,0,0,0,0,0,0,0,0,0,0,0.0001,0,0.0001,0,0,0.319,0.2458,0.319,0.2458,
2.0837,1.6669,1.2502,1.2502,1.2502,0.8335,0.8335,1.6669,0,0,1.6669,1.2502,0.8335,0,0.4167,0.8335,0.4167,0.4167,0.4167,0,0.0001,0.0001,0.0001,0.0001,0.0001,0,0,0.0001,0,0,0.0001,0.0001,0,0,0,0,0,0,0,0,0.2829,0.3003,0.2829,0.3003,
2.1415,0,0.4283,0.4283,2.1415,0.4283,0.8566,2.1415,1.2849,1.2849,0.8566,0.4283,2.1415,1.2849,0.4283,0.4283,0.4283,0.8566,2.1415,0.8566,0.0001,0,0,0,0.0001,0,0,0.0001,0.0001,0.0001,0,0,0.0001,0.0001,0,0,0,0,0.0001,0,0.2916,0.2801,0.2916,0.2801,
0.3735,0.747,0.3735,0.747,0.747,0.747,2.6147,0.747,1.1206,0,0.3735,1.1206,1.8676,0.3735,1.1206,0.747,1.8676,1.4941,0.3735,0.747,0,0,0,0,0,0,0.0002,0,0.0001,0,0,0.0001,0.0001,0,0.0001,0,0.0001,0.0001,0,0,0.3192,0.3073,0.3192,0.3073,
0.8492,0.4246,0.8492,0.4246,1.2739,1.2739,0.4246,0,1.6985,1.6985,1.6985,0.8492,0.8492,0,0,1.6985,2.1231,0.8492,1.6985,0.8492,0,0,0,0,0.0001,0.0001,0,0,0.0001,0.0001,0.0001,0,0,0,0,0.0001,0.0001,0,0.0001,0,0.2915,0.2838,0.2915,0.2838,
0.4392,0,1.3177,0.4392,2.1961,0.8784,0.4392,1.3177,3.0745,2.6353,1.7569,0.8784,0,0.4392,0.4392,1.7569,1.3177,1.3177,0.4392,0.4392,0,0,0.0001,0,0.0001,0.0001,0,0.0001,0.0002,0.0002,0.0001,0.0001,0,0,0,0.0001,0.0001,0.0001,0,0,0.2451,0.3157,0.2451,0.3157,
2.5162,0.8387,0,2.0968,0,1.6774,0.8387,0,0.4194,0.8387,0.4194,0.4194,0,0.8387,0.8387,1.6774,0.8387,0,0.8387,0.4194,0.0001,0,0,0.0001,0,0.0001,0,0,0,0,0,0,0,0,0,0.0001,0,0,0,0,0.3464,0.2343,0.3464,0.2343,
1.1269,0.3756,0.3756,1.1269,1.1269,0.3756,0,1.5025,0.3756,0.3756,1.1269,1.1269,0.3756,0.7513,1.1269,0.7513,1.5025,1.1269,1.8782,1.1269,0.0001,0,0,0.0001,0.0001,0,0,0.0001,0,0,0.0001,0.0001,0,0,0.0001,0,0.0001,0.0001,0.0001,0.0001,0.2775,0.3469,0.2775,0.3469,
0.7325,0,1.4651,1.0988,0.7325,0.7325,0.7325,1.8313,0.3663,0.3663,0,0.7325,0.3663,0.3663,0.7325,0.7325,0.7325,0.7325,1.0988,0.3663,0,0,0.0001,0.0001,0,0,0,0.0001,0,0,0,0,0,0,0,0,0,0,0.0001,0,0.3026,0.3311,0.3026,0.3311,
2.5108,0,0,0.6277,1.8831,1.2554,0,1.2554,0,4.394,0.6277,1.2554,0.6277,0.6277,0.6277,1.8831,0.6277,3.1385,0,0,0.0002,0,0,0,0.0001,0.0001,0,0.0001,0,0.0003,0,0.0001,0,0,0,0.0001,0,0.0002,0,0,0.1985,0.1738,0.1985,0.1738,
0,0,0,0,0,1.6469,0,0.8235,0,0.8235,0.8235,0,0.8235,0,0.8235,3.2938,0,0.8235,0,0,0,0,0,0,0,0.0002,0,0.0001,0,0.0001,0.0001,0,0.0001,0,0.0001,0.0005,0,0.0001,0,0,0.1051,0.0715,0.1051,0.0715,
0.4639,0.4639,1.3916,0.4639,0,1.3916,0.4639,0.9278,0.4639,1.3916,2.7833,0.9278,0.9278,1.3916,0.4639,0.9278,1.3916,0.4639,1.3916,1.3916,0,0,0.0001,0,0,0.0001,0,0.0001,0,0.0001,0.0002,0.0001,0.0001,0.0001,0,0.0001,0.0001,0,0.0001,0.0001,0.302,0.2341,0.302,0.2341,
4.395,0,0.4395,1.3185,0.4395,0.4395,0,1.3185,1.3185,1.3185,0.4395,0.4395,0.879,0,0.879,2.637,1.3185,2.1975,0,0.4395,0.0003,0,0,0.0001,0,0,0,0.0001,0.0001,0.0001,0,0,0.0001,0,0.0001,0.0002,0.0001,0.0001,0,0,0.337,0.2235,0.337,0.2235,
0,3.5214,0.5869,0.5869,0.5869,2.9345,0,0.5869,0,0.5869,0,1.1738,2.3476,0,0.5869,0,2.3476,1.1738,0.5869,0,0,0.0001,0,0,0,0.0001,0,0,0,0,0,0,0.0001,0,0,0,0.0001,0,0,0,0.2173,0.1958,0.2173,0.1958,
2.0684,0,2.0684,0,0,1.0342,1.0342,1.0342,1.0342,1.5513,0,0,0,0,0,1.0342,0.5171,1.0342,0,0,0.0001,0,0.0001,0,0,0.0001,0.0001,0.0001,0.0001,0.0001,0,0,0,0,0,0.0001,0,0.0001,0,0,0.2363,0.2466,0.2363,0.2466,
0,0,0.7947,0,0,1.5895,0,0,0,0.7947,0,0,0.7947,0.7947,0.7947,1.5895,0.7947,0,0,0,0,0,0.0001,0,0,0.0003,0,0,0,0.0001,0,0,0.0001,0.0001,0.0001,0.0003,0.0001,0,0,0,0.1149,0.0903,0.1149,0.0903,
1.222,2.444,0.611,0.611,0.611,0,0,0.611,0,2.444,0,0,0,0.611,0.611,0,0.611,0.611,1.222,0,0,0.0001,0,0,0,0,0,0,0,0.0001,0,0,0,0,0,0,0,0,0,0,0.1748,0.2142,0.1748,0.2142,
0.5426,0,0.5426,0.5426,0,0,1.6278,1.0852,0,1.0852,0,0.5426,1.0852,0.5426,1.0852,1.0852,0.5426,0.5426,0.5426,0,0.0001,0,0.0001,0.0001,0,0,0.0002,0.0001,0,0.0001,0,0.0001,0.0001,0.0001,0.0001,0.0001,0.0001,0.0001,0.0001,0,0.2368,0.2206,0.2368,0.2206,
2.7273,0,0,0,0,0,0,1.3637,2.0455,2.7273,0,0.6818,0,0,0,0,0,0,0,0,0.0004,0,0,0,0,0,0,0.0002,0.0003,0.0004,0,0.0001,0,0,0,0,0,0,0,0,0.1506,0.1676,0.1506,0.1676,
0.6551,0.6551,0.6551,0,0.9826,0.9826,0.9826,1.3101,0.6551,0.3275,0.3275,0,0.9826,0.3275,1.9652,0.9826,0.3275,0.9826,0.3275,0.6551,0,0,0,0,0.0001,0.0001,0.0001,0.0001,0,0,0,0,0.0001,0,0.0001,0.0001,0,0.0001,0,0,0.344,0.3285,0.344,0.3285,
0.7261,0,1.0892,1.4523,2.1784,1.8153,0.3631,1.0892,1.4523,0.3631,0,0,0.3631,1.4523,0.3631,1.8153,1.0892,1.0892,0,0,0,0,0.0001,0.0001,0.0001,0.0001,0,0.0001,0.0001,0,0,0,0,0.0001,0,0.0001,0.0001,0.0001,0,0,0.319,0.3179,0.319,0.3179,
2.5988,0,2.079,0,0.5198,1.0395,0,0,0.5198,1.5593,0.5198,0,0,0.5198,1.0395,0,0,2.079,0,0,0.0002,0,0.0002,0,0,0.0001,0,0,0,0.0001,0,0,0,0,0.0001,0,0,0.0002,0,0,0.2847,0.1955,0.2847,0.1955,
0.3459,0.6918,0.6918,1.0377,0.6918,0.6918,0.3459,0.6918,2.0753,0.6918,0.6918,0.3459,0.6918,1.0377,1.0377,0,1.3835,1.3835,1.0377,0,0,0,0,0.0001,0,0,0,0,0.0001,0,0,0,0,0.0001,0.0001,0,0.0001,0.0001,0.0001,0,0.3294,0.3247,0.3294,0.3247,
0,0,1.5619,1.0413,1.5619,0.5206,0.5206,0,0.5206,0.5206,0,0,0,0,1.0413,0,0.5206,1.5619,0,0,0,0,0.0001,0.0001,0.0001,0,0,0,0,0,0,0,0,0,0.0001,0,0,0.0001,0,0,0.2389,0.2405,0.2389,0.2405,
2.565,0,0,0.513,2.052,0.513,0.513,2.052,0,1.026,1.026,1.026,2.052,1.539,1.026,1.026,2.565,2.565,0.513,0.513,0.0002,0,0,0,0.0001,0,0,0.0001,0,0.0001,0.0001,0.0001,0.0001,0.0001,0.0001,0.0001,0.0002,0.0002,0,0,0.2327,0.2543,0.2327,0.2543,
0,1.5084,0.7542,0.7542,0.3771,0,0.7542,0.3771,1.1313,0.7542,1.1313,0.7542,0.3771,0.3771,1.5084,0.3771,1.1313,1.1313,0.3771,0.7542,0,0.0001,0,0,0,0,0,0,0.0001,0,0.0001,0,0,0,0.0001,0,0.0001,0.0001,0,0,0.3566,0.2663,0.3566,0.2663,
0,0,1.0299,0.5149,3.0897,1.0299,0,2.0598,1.5448,2.0598,0.5149,0.5149,0.5149,0,1.0299,1.5448,1.5448,2.0598,0,0.5149,0,0,0.0001,0,0.0002,0.0001,0,0.0001,0.0001,0.0001,0,0,0,0,0.0001,0.0001,0.0001,0.0001,0,0,0.251,0.234,0.251,0.234,
0,1.0505,1.0505,0.7003,0.3502,0.3502,0.7003,0.3502,1.7508,0.3502,0.3502,1.0505,1.0505,0.7003,1.4006,0.3502,1.0505,0.7003,1.7508,0.3502,0,0.0001,0.0001,0,0,0,0,0,0.0001,0,0,0.0001,0.0001,0,0.0001,0,0.0001,0,0.0001,0,0.279,0.3708,0.279,0.3708,
1.0578,0,0,0,0.7052,1.0578,0.7052,0,2.4682,0.7052,0.7052,0.3526,0.3526,0.7052,3.8786,1.0578,0.7052,1.0578,0,0,0.0001,0,0,0,0.0001,0.0001,0.0001,0,0.0002,0.0001,0.0001,0,0,0.0001,0.0004,0.0001,0.0001,0.0001,0,0,0.3143,0.3331,0.3143,0.3331,
0.3378,1.6891,0.6756,2.0269,0.3378,1.3513,1.0134,1.0134,0.3378,0.3378,0.6756,0.6756,0.6756,0.3378,1.0134,0,1.0134,0,1.6891,1.3513,0,0.0001,0,0.0001,0,0.0001,0,0,0,0,0,0,0,0,0,0,0,0,0.0001,0.0001,0.3429,0.3193,0.3429,0.3193,
0,1.7817,1.3362,0.8908,0,0.4454,0.8908,0,0.8908,0.4454,0.4454,0.4454,0.8908,0.4454,0.4454,2.6725,0.8908,0.4454,0.8908,0.4454,0,0.0001,0.0001,0.0001,0,0,0.0001,0,0.0001,0,0,0,0.0001,0,0,0.0002,0.0001,0,0.0001,0,0.2789,0.2757,0.2789,0.2757,
0.776,0,1.164,1.164,2.3281,0.388,0,0.388,1.9401,0.388,0.776,0.388,0,0.776,0.776,0.776,1.9401,0.776,0,0,0.0001,0,0.0001,0.0001,0.0002,0,0,0,0.0001,0,0.0001,0,0,0.0001,0.0001,0.0001,0.0001,0.0001,0,0,0.3026,0.3094,0.3026,0.3094,
0.6186,1.2372,0,1.2372,0,1.8558,0.6186,0.6186,0,0,1.8558,1.2372,0,0,0,1.2372,0,1.2372,1.2372,0.6186,0,0.0001,0,0.0001,0,0.0001,0,0,0,0,0.0001,0.0001,0,0,0,0.0001,0,0.0001,0.0001,0,0.1788,0.2026,0.1788,0.2026,
0.9477,0.4739,0.4739,0.4739,0.4739,1.4216,0.9477,0.9477,0.9477,0.9477,0.4739,1.4216,0.9477,0,0,1.4216,0.9477,0.4739,0,1.4216,0.0001,0,0,0,0,0.0001,0.0001,0.0001,0.0001,0.0001,0,0.0001,0.0001,0,0,0.0001,0.0001,0,0,0.0001,0.262,0.2642,0.262,0.2642,
0,0,0.5395,0.5395,3.237,1.079,0,0.5395,1.079,2.6975,0.5395,1.079,1.079,0,1.079,1.079,1.6185,2.6975,0,0.5395,0,0,0,0,0.0002,0.0001,0,0,0.0001,0.0002,0,0.0001,0.0001,0,0.0001,0.0001,0.0001,0.0002,0,0,0.2249,0.2356,0.2249,0.2356,
1.3077,1.3077,0.4359,0.4359,1.3077,0.8718,0,0,1.3077,1.7436,0,0.4359,0.4359,1.3077,0.8718,0.4359,1.3077,1.3077,1.3077,0.8718,0.0001,0.0001,0,0,0.0001,0,0,0,0.0001,0.0001,0,0,0,0.0001,0,0,0.0001,0.0001,0.0001,0,0.2638,0.3003,0.2638,0.3003,
12.2347,0,0.4531,0.4531,0,0.4531,0,0.4531,1.8125,0.9063,0.4531,0.4531,0.4531,0.4531,0.4531,0.4531,0.9063,0,0,0,0.001,0,0,0,0,0,0,0,0.0002,0.0001,0,0,0,0,0,0,0.0001,0,0,0,0.2703,0.2766,0.2703,0.2766,
1.8157,0,0,0,1.2105,1.2105,0,3.0262,0.6052,4.842,0.6052,0.6052,0,0,0.6052,1.2105,2.421,0,0,0.6052,0.0001,0,0,0,0.0001,0.0001,0,0.0002,0,0.0003,0,0,0,0,0,0.0001,0.0002,0,0,0,0.2212,0.1736,0.2212,0.1736,
0.4809,0,0.4809,0,0,3.8471,0.4809,0,2.4044,0.9618,0.4809,0,0,0,1.9236,0.4809,0,0.4809,0,0,0,0,0,0,0,0.0004,0,0,0.0002,0.0001,0,0,0,0,0.0002,0,0,0,0,0,0.2636,0.2555,0.2636,0.2555,
1.3754,1.3754,0.3439,1.0316,0.6877,0.6877,0.6877,0.6877,1.3754,0.6877,1.3754,0.6877,0.3439,1.3754,0.6877,0.3439,0.3439,1.3754,1.0316,0.3439,0.0001,0.0001,0,0,0,0,0,0,0.0001,0,0.0001,0,0,0.0001,0,0,0,0.0001,0,0,0.2876,0.3685,0.2876,0.3685,
0.765,0,0.3825,0.765,0,0.765,0,1.1475,0,3.0601,0.765,1.1475,0.3825,2.2951,3.0601,1.53,0.765,0.765,0,0,0,0,0,0,0,0,0,0.0001,0,0.0002,0,0.0001,0,0.0001,0.0002,0.0001,0,0,0,0,0.3027,0.3148,0.3027,0.3148,
1.7548,1.7548,1.3161,0.4387,0.8774,0.4387,0.4387,1.7548,0.8774,2.1935,2.6322,1.3161,0.4387,1.3161,0.4387,0.8774,0.4387,1.7548,0.4387,0.4387,0.0001,0.0001,0,0,0,0,0,0.0001,0,0.0001,0.0001,0,0,0,0,0,0,0.0001,0,0,0.2544,0.3069,0.2544,0.3069,
1.1506,1.7258,0,0.5753,0.5753,0.5753,1.1506,0.5753,0,0.5753,0,0,1.7258,1.1506,0.5753,1.1506,0,1.7258,1.1506,0,0.0001,0.0001,0,0,0,0,0.0001,0,0,0,0,0,0.0001,0.0001,0,0.0001,0,0.0001,0.0001,0,0.236,0.1887,0.236,0.1887,
2.14,0,0,0.7133,0.7133,1.4267,0.7133,1.4267,0,0,1.4267,1.4267,0,0,0,0,0.7133,1.4267,0,0,0.0002,0,0,0.0001,0.0001,0.0001,0.0001,0.0001,0,0,0.0001,0.0001,0,0,0,0,0.0001,0.0001,0,0,0.157,0.1296,0.157,0.1296,
0.8986,0.4493,0.4493,1.7971,0.8986,0.8986,0.4493,0.4493,0.8986,0.4493,1.7971,0.8986,1.3478,1.3478,0.4493,0.4493,1.7971,1.7971,0,2.2464,0.0001,0,0,0.0001,0.0001,0.0001,0,0,0.0001,0,0.0001,0.0001,0.0001,0.0001,0,0,0.0001,0.0001,0,0.0001,0.2769,0.2738,0.2769,0.2738,
0.8114,0,2.0284,0,0,0.4057,0,0.8114,2.0284,0.4057,1.2171,0.4057,0.8114,0.8114,0.8114,0.8114,0.8114,1.2171,0.4057,1.6227,0.0001,0,0.0001,0,0,0,0,0.0001,0.0001,0,0.0001,0,0.0001,0.0001,0.0001,0.0001,0.0001,0.0001,0,0.0001,0.3068,0.2876,0.3068,0.2876,
1.3181,0.8787,1.3181,0.4394,0,0.4394,1.3181,0,0,0,0.8787,0.8787,1.3181,0.8787,0.4394,0.8787,1.7575,0.4394,1.3181,0.4394,0.0001,0,0.0001,0,0,0,0.0001,0,0,0,0,0,0.0001,0,0,0,0.0001,0,0.0001,0,0.2905,0.2702,0.2905,0.2702,
1.2027,3.6081,0,0.6013,0.6013,1.804,0,1.804,1.2027,0,0,1.2027,1.2027,0,0,1.804,0.6013,1.2027,0,1.804,0,0.0001,0,0,0,0.0001,0,0.0001,0,0,0,0,0,0,0,0.0001,0,0,0,0.0001,0.2053,0.1933,0.2053,0.1933,
2.0372,0.5093,0.5093,0,0.5093,1.0186,0.5093,1.0186,2.0372,2.5466,2.0372,0,0.5093,0,1.0186,0,0.5093,1.5279,1.5279,0,0.0001,0,0,0,0,0.0001,0,0.0001,0.0001,0.0002,0.0001,0,0,0,0.0001,0,0,0.0001,0.0001,0,0.2391,0.2516,0.2391,0.2516,
0,3.6937,0,0.6156,0.6156,2.4625,0,0.6156,1.2312,0.6156,0,0.6156,1.8469,0,0,0.6156,3.0781,0.6156,0,1.2312,0,0.0001,0,0,0,0.0001,0,0,0,0,0,0,0.0001,0,0,0,0.0001,0,0,0,0.1862,0.1982,0.1862,0.1982,
0.4641,1.8564,0,1.3923,0.9282,0,0.9282,0.9282,1.3923,0.9282,0.4641,2.3205,0.9282,0.4641,0.4641,1.8564,0,0.4641,0.4641,0.9282,0,0.0001,0,0.0001,0.0001,0,0.0001,0.0001,0.0001,0.0001,0,0.0001,0.0001,0,0,0.0001,0,0,0,0.0001,0.2297,0.3062,0.2297,0.3062,
0.4049,2.4293,0.8098,1.2146,0.8098,1.2146,1.2146,0.8098,0.4049,0.4049,2.0244,0.8098,0,0,0.8098,0,0.4049,0.4049,0.4049,0.8098,0,0.0001,0,0.0001,0,0.0001,0.0001,0,0,0,0.0001,0,0,0,0,0,0,0,0,0,0.2575,0.3376,0.2575,0.3376,
0,0.7317,0,0,0.7317,0,0,0,1.4634,0,0.7317,0,0,0.7317,0,0,1.4634,0.7317,0,1.4634,0,0.0001,0,0,0.0001,0,0,0,0.0002,0,0.0001,0,0,0.0001,0,0,0.0002,0.0001,0,0.0002,0.166,0.1024,0.166,0.1024,
0.3467,0,0.6935,0.6935,1.0402,1.0402,1.0402,1.3869,1.3869,0,1.0402,0.3467,1.7336,1.0402,1.0402,0,1.3869,1.0402,1.0402,0.3467,0,0,0,0,0.0001,0.0001,0.0001,0.0001,0.0001,0,0.0001,0,0.0001,0.0001,0.0001,0,0.0001,0.0001,0.0001,0,0.3327,0.3205,0.3327,0.3205,
0.4503,1.351,1.351,0.4503,0.4503,0,1.351,1.351,1.351,0,0.9007,1.351,0.9007,1.351,0.4503,0.4503,0,0,0,0.4503,0,0.0001,0.0001,0,0,0,0.0001,0.0001,0.0001,0,0,0.0001,0,0.0001,0,0,0,0,0,0,0.2874,0.2622,0.2874,0.2622,
1.2242,0,0.6121,0,1.2242,1.2242,0,0.6121,0,3.0604,1.2242,0,0,0,0.6121,2.4483,0.6121,3.6725,1.2242,0,0.0001,0,0,0,0.0001,0.0001,0,0,0,0.0002,0.0001,0,0,0,0,0.0002,0,0.0002,0.0001,0,0.2483,0.1397,0.2483,0.1397,
0,0,1.2185,0,0,0,0.6092,0,1.8277,0.6092,0,1.2185,0.6092,1.2185,0,0.6092,0,0.6092,0.6092,0,0,0,0.0002,0,0,0,0.0001,0,0.0003,0.0001,0,0.0002,0.0001,0.0002,0,0.0001,0,0.0001,0.0001,0,0.2128,0.178,0.2128,0.178,
0.5243,0.5243,0.5243,0,1.5728,1.0485,0.5243,1.0485,0.5243,0,1.5728,0,1.0485,1.0485,1.0485,1.0485,1.0485,0.5243,0.5243,0,0,0,0,0,0.0001,0.0001,0,0.0001,0,0,0.0001,0,0.0001,0.0001,0.0001,0.0001,0.0001,0,0,0,0.2366,0.2392,0.2366,0.2392,
0.8564,0.4282,1.7128,0.4282,0.8564,0.8564,1.2846,1.2846,0.4282,0.4282,0.4282,1.2846,1.2846,1.2846,0.4282,0.8564,0.4282,0,0,1.7128,0.0001,0,0.0001,0,0.0001,0.0001,0.0001,0.0001,0,0,0,0.0001,0.0001,0.0001,0,0.0001,0,0,0,0.0001,0.2632,0.3086,0.2632,0.3086,
1.8153,1.4522,1.4522,0.3631,0.7261,1.0892,1.0892,1.0892,0.7261,0.7261,0,1.0892,0.3631,0.7261,0.7261,0.3631,0.7261,0.7261,1.4522,1.0892,0.0001,0.0001,0.0001,0,0,0,0,0,0,0,0,0,0,0,0,0,0,0,0.0001,0,0.3311,0.3059,0.3311,0.3059,
0,0.6282,1.2565,0,1.2565,2.5129,0,0.6282,1.2565,0,0,0.6282,0,0,0,0,1.2565,0.6282,0,0,0,0,0.0001,0,0.0001,0.0002,0,0,0.0001,0,0,0,0,0,0,0,0.0001,0,0,0,0.2255,0.1462,0.2255,0.1462,
0.8683,0.4342,0.4342,0.8683,0.8683,0.8683,0.4342,0,2.1708,0,0.4342,0.8683,0,0.4342,1.7366,0.4342,1.3025,1.3025,0.8683,0,0.0001,0,0,0.0001,0.0001,0.0001,0,0,0.0002,0,0,0.0001,0,0,0.0001,0,0.0001,0.0001,0.0001,0,0.2763,0.2895,0.2763,0.2895,
1.8486,0.7394,1.1091,0.3697,0.3697,0.7394,1.1091,0.3697,1.1091,0.3697,0.7394,0.3697,1.1091,0.3697,0.7394,1.4788,0.3697,0.7394,1.4788,0,0.0001,0,0.0001,0,0,0,0.0001,0,0.0001,0,0,0,0.0001,0,0,0.0001,0,0,0.0001,0,0.3475,0.2827,0.3475,0.2827,
0.4412,0,0,1.3235,0.8824,1.3235,1.3235,1.3235,0.4412,0.4412,1.7647,0.8824,0.8824,0.8824,0.4412,0,0.4412,0.8824,0.8824,0.4412,0,0,0,0.0001,0.0001,0.0001,0.0001,0.0001,0,0,0.0002,0.0001,0.0001,0.0001,0,0,0,0.0001,0.0001,0,0.2908,0.268,0.2908,0.268,
2.4084,0.9634,0.9634,0.9634,0.4817,0.4817,0.4817,0.4817,0,0.4817,0.9634,0.9634,3.3717,0,0.9634,0.9634,0.9634,0,0.4817,0.4817,0.0001,0.0001,0.0001,0.0001,0,0,0,0,0,0,0.0001,0.0001,0.0002,0,0.0001,0.0001,0.0001,0,0,0,0.2634,0.2549,0.2634,0.2549,
1.682,0.5607,0,0.5607,1.1213,0.5607,1.1213,0.5607,0.5607,0.5607,2.2427,0.5607,0.5607,0.5607,0.5607,1.1213,0.5607,0.5607,0.5607,2.2427,0.0001,0,0,0,0.0001,0,0.0001,0,0,0,0.0002,0,0,0,0,0.0001,0,0,0,0.0002,0.2728,0.1665,0.2728,0.1665,
0.4224,0,0.4224,1.2671,0.4224,1.2671,1.2671,2.1118,1.2671,0.8447,1.2671,0.4224,0,0.4224,0,0.8447,0.4224,1.2671,0.4224,0.4224,0,0,0,0.0001,0,0.0001,0.0001,0.0002,0.0001,0.0001,0.0001,0,0,0,0,0.0001,0,0.0001,0,0,0.2672,0.3104,0.2672,0.3104,
0,0.394,1.182,0.394,1.182,0.394,0.788,0,0.788,1.576,1.182,0.788,0.394,1.576,0.788,0.394,0.394,0.394,1.182,1.182,0,0,0.0001,0,0.0001,0,0,0,0,0.0001,0.0001,0,0,0.0001,0,0,0,0,0.0001,0.0001,0.3098,0.2962,0.3098,0.2962,
0.3329,0,0,0,0.3329,0.6658,0.3329,0.3329,1.6645,0.9987,0.3329,1.3316,0,0.6658,3.662,0.9987,0,1.6645,0,0.3329,0,0,0,0,0,0.0001,0,0,0.0001,0.0001,0,0.0001,0,0.0001,0.0003,0.0001,0,0.0001,0,0,0.3668,0.3003,0.3668,0.3003,
0.8451,0.4225,1.2676,0.8451,0.8451,1.2676,0.4225,0.8451,1.2676,0.4225,0.8451,0.4225,1.6901,0.4225,0.8451,0.8451,0.4225,0.4225,0.4225,0.4225,0.0001,0,0.0001,0.0001,0.0001,0.0001,0,0.0001,0.0001,0,0.0001,0,0.0001,0,0.0001,0.0001,0,0,0,0,0.2897,0.2878,0.2897,0.2878,
0,0.6494,0.6494,0.6494,0,0.6494,0,0.6494,0,0.6494,0.6494,1.2987,0.6494,0,0.6494,0,0,1.2987,0,0.6494,0,0.0001,0.0001,0.0001,0,0.0001,0,0.0001,0,0.0001,0.0001,0.0001,0.0001,0,0.0001,0,0,0.0001,0,0.0001,0.1963,0.1543,0.1963,0.1543,
0.5689,1.1377,0.5689,0.8533,0.5689,1.4221,0.5689,0.8533,1.4221,0.5689,0.5689,0.5689,0,0.2844,1.7066,0.5689,0.2844,0.8533,0,0.8533,0,0.0001,0,0,0,0.0001,0,0,0.0001,0,0,0,0,0,0.0001,0,0,0,0,0,0.3115,0.4041,0.3115,0.4041,
1.7715,0,0.5905,0,0.5905,1.7715,0.5905,0,0,0.5905,0,1.181,0,0,1.181,0,0.5905,0,0.5905,1.181,0.0001,0,0,0,0,0.0001,0,0,0,0,0,0.0001,0,0,0.0001,0,0,0,0,0.0001,0.2358,0.1737,0.2358,0.1737,
0.4382,0.4382,1.7529,0.4382,1.3147,0.4382,0,0.4382,1.3147,0.8764,2.1911,0.8764,0.8764,0.8764,1.3147,0.4382,1.3147,0.4382,0,0.4382,0,0,0.0001,0,0.0001,0,0,0,0.0001,0.0001,0.0002,0.0001,0.0001,0.0001,0.0001,0,0.0001,0,0,0,0.2607,0.3011,0.2607,0.3011,
0.9897,1.4845,0.4948,0.9897,0.9897,0,0.9897,0.4948,0,0.9897,0,0.4948,0.9897,0.4948,0,1.9793,0.4948,0.4948,0.9897,1.4845,0.0001,0.0001,0,0.0001,0.0001,0,0.0001,0,0,0.0001,0,0,0.0001,0,0,0.0001,0,0,0.0001,0.0001,0.2622,0.2429,0.2622,0.2429,
0.4868,0.4868,0.4868,0,1.4604,0,1.9472,1.4604,0.4868,0.9736,1.9472,0.4868,0.9736,1.9472,0,0.9736,0,0.9736,0.9736,1.4604,0,0,0,0,0.0001,0,0.0001,0.0001,0,0.0001,0.0001,0,0.0001,0.0001,0,0.0001,0,0.0001,0.0001,0.0001,0.2503,0.2629,0.2503,0.2629,
1.0592,1.0592,0.5296,0.5296,0.5296,1.5888,1.0592,0.5296,0.5296,0.5296,0,0.5296,1.0592,0,1.0592,0,0,1.0592,0,2.648,0.0001,0.0001,0,0,0,0.0001,0.0001,0,0,0,0,0,0.0001,0,0.0001,0,0,0.0001,0,0.0002,0.2442,0.2262,0.2442,0.2262,
1.4954,1.4954,0.997,0.4985,0.997,0.4985,0,0.997,0.4985,0.4985,0,0.4985,0.4985,1.4954,0.997,0.4985,0.997,0.4985,0.4985,1.4954,0.0001,0.0001,0.0001,0,0.0001,0,0,0.0001,0,0,0,0,0,0.0001,0.0001,0,0.0001,0,0,0.0001,0.219,0.2825,0.219,0.2825,
0.7754,0,1.5508,0.3877,0.3877,0.7754,0.7754,1.5508,0.3877,0.3877,0.3877,1.1631,0,1.1631,0.7754,0,0.7754,0.3877,1.1631,1.1631,0.0001,0,0.0001,0,0,0.0001,0.0001,0.0001,0,0,0,0.0001,0,0.0001,0.0001,0,0.0001,0,0.0001,0.0001,0.3047,0.3076,0.3047,0.3076,
1.6432,0,0,0.5477,0,2.1909,0,0.5477,1.6432,3.2864,0.5477,0,1.0955,1.0955,0.5477,1.6432,0.5477,1.6432,0,0.5477,0.0001,0,0,0,0,0.0002,0,0,0.0001,0.0002,0,0,0.0001,0.0001,0,0.0001,0,0.0001,0,0,0.2249,0.2274,0.2249,0.2274,
0,1.5888,0,0,0,2.1185,0.5296,0,0,3.1777,1.0592,0,1.0592,1.5888,1.0592,2.1185,0.5296,0,1.0592,0.5296,0,0.0001,0,0,0,0.0001,0,0,0,0.0002,0.0001,0,0.0001,0.0001,0.0001,0.0001,0,0,0.0001,0,0.24,0.2304,0.24,0.2304,
1.2278,0.8186,0.4093,0.4093,2.4557,2.0464,0.8186,0.4093,0.4093,0.8186,1.2278,0.4093,0.4093,1.2278,1.6371,0.4093,1.2278,0.4093,0.4093,0.8186,0.0001,0,0,0,0.0001,0.0001,0,0,0,0,0.0001,0,0,0.0001,0.0001,0,0.0001,0,0,0,0.3036,0.2872,0.3036,0.2872,
0.6464,0,0.3232,0.3232,0.6464,1.2927,0.3232,0.6464,2.5854,0.6464,0.6464,1.2927,0.3232,0.6464,2.9086,1.2927,0.9695,0.3232,0,0.3232,0,0,0,0,0,0.0001,0,0,0.0002,0,0,0.0001,0,0,0.0002,0.0001,0.0001,0,0,0,0.3386,0.3382,0.3386,0.3382,
0.6537,0.6537,0,0.6537,1.3074,3.2684,0,1.3074,0.6537,0.6537,0,1.3074,0,0,0,0,1.3074,0.6537,0,0,0,0,0,0,0.0001,0.0002,0,0.0001,0,0,0,0.0001,0,0,0,0,0.0001,0,0,0,0.1735,0.1728,0.1735,0.1728,
1.0153,0.5077,1.523,0,1.0153,0,0.5077,1.523,0,1.523,1.0153,1.523,1.0153,0,0.5077,0.5077,0,1.0153,1.523,0,0.0001,0,0.0001,0,0.0001,0,0,0.0001,0,0.0001,0.0001,0.0001,0.0001,0,0,0,0,0.0001,0.0001,0,0.2764,0.2159,0.2764,0.2159,
0.4743,2.8459,0.9486,0.4743,0.4743,0.9486,0,0,1.4229,1.4229,1.4229,0.4743,0.9486,0.9486,1.4229,1.4229,0,0.9486,0.9486,0,0,0.0001,0,0,0,0,0,0,0.0001,0.0001,0.0001,0,0,0,0.0001,0.0001,0,0,0,0,0.2938,0.2319,0.2938,0.2319,
0,0,0.7113,0,0,0,0,0,1.4227,1.4227,0.7113,1.4227,0,0,0,0.7113,0,0.7113,0,0.7113,0,0,0.0001,0,0,0,0,0,0.0002,0.0002,0.0001,0.0002,0,0,0,0.0001,0,0.0001,0,0.0001,0.1284,0.1602,0.1284,0.1602,
0,0,1.4609,0.487,1.4609,0.487,0.9739,0.487,0.9739,0,0.9739,0.9739,0.487,0,0,0.9739,0.9739,0.9739,0.487,0.487,0,0,0.0001,0,0.0001,0,0.0001,0,0.0001,0,0.0001,0.0001,0,0,0,0.0001,0.0001,0.0001,0,0,0.2504,0.2627,0.2504,0.2627,
0,0.8934,1.3401,0.4467,0.8934,0.4467,0.8934,1.3401,1.3401,3.127,0.4467,0.8934,0,0.4467,0,0,1.3401,0.8934,0,1.3401,0,0,0.0001,0,0,0,0,0.0001,0.0001,0.0002,0,0,0,0,0,0,0.0001,0,0,0.0001,0.2727,0.2806,0.2727,0.2806,
2.7877,1.1151,0.5575,1.1151,0.5575,1.6726,0.5575,1.6726,0,0.5575,1.1151,0,0.5575,1.1151,0,0,0.5575,0.5575,1.1151,1.1151,0.0002,0.0001,0,0.0001,0,0.0001,0,0.0001,0,0,0.0001,0,0,0.0001,0,0,0,0,0.0001,0.0001,0.2326,0.2098,0.2326,0.2098,
0.3756,1.1269,0.3756,1.1269,0,0.7513,1.1269,1.1269,1.1269,1.8782,0.3756,1.5025,0.3756,0.3756,0.7513,0.3756,0.7513,0.3756,0.3756,1.8782,0,0.0001,0,0.0001,0,0,0.0001,0.0001,0.0001,0.0001,0,0.0001,0,0,0,0,0,0,0,0.0001,0.3189,0.3055,0.3189,0.3055,
0.6279,0,0,0,2.5115,5.651,0,2.5115,0,3.1394,0.6279,0,0,0,0,3.1394,0.6279,2.5115,0,3.1394,0,0,0,0,0.0001,0.0003,0,0.0001,0,0.0002,0,0,0,0,0,0.0002,0,0.0001,0,0.0002,0.1742,0.1979,0.1742,0.1979,
0.9957,0,0,0.9957,2.4892,1.4935,0,1.9913,1.4935,2.4892,0.4978,0,1.4935,0,0.9957,0,0.9957,0.9957,0,0.4978,0.0001,0,0,0.0001,0.0002,0.0001,0,0.0002,0.0001,0.0002,0,0,0.0001,0,0.0001,0,0.0001,0.0001,0,0,0.2482,0.254,0.2482,0.254,
0.52,0.52,0,1.04,1.56,1.56,0,0.52,1.56,0,2.08,0.52,0.52,0,0,1.56,1.04,0.52,0,0.52,0,0,0,0.0001,0.0001,0.0001,0,0,0.0001,0,0.0001,0,0,0,0,0.0001,0.0001,0,0,0,0.2436,0.2364,0.2436,0.2364,
0.8661,0.8661,1.2991,1.7322,0.433,0,0.433,1.2991,0.8661,0.8661,0.8661,0.433,0.433,0,1.2991,0.433,0.8661,0.433,0.8661,0.8661,0.0001,0.0001,0.0001,0.0001,0,0,0,0.0001,0.0001,0.0001,0.0001,0,0,0,0.0001,0,0.0001,0,0.0001,0.0001,0.297,0.27,0.297,0.27,
1.2051,0,0,0,1.8077,1.2051,0,3.0129,0.6026,4.218,0.6026,0.6026,0,0,0.6026,1.2051,2.4103,0.6026,0,0.6026,0.0001,0,0,0,0.0001,0.0001,0,0.0002,0,0.0003,0,0,0,0,0,0.0001,0.0002,0,0,0,0.2191,0.1783,0.2191,0.1783,
1.3433,0.8955,0.4478,0.4478,0.8955,1.3433,1.3433,0.8955,0.4478,0.8955,0.8955,0,0.8955,0,0.4478,0.4478,1.3433,1.3433,0,2.2389,0.0001,0,0,0,0,0.0001,0.0001,0,0,0,0,0,0,0,0,0,0.0001,0.0001,0,0.0001,0.2682,0.284,0.2682,0.284,
2.2539,2.7047,0.9016,1.3524,1.3524,0.4508,0.9016,1.8031,0,1.8031,0.4508,1.3524,1.3524,0.4508,0.4508,0,0.9016,0.9016,0.4508,0,0.0001,0.0001,0,0,0,0,0,0.0001,0,0.0001,0,0,0,0,0,0,0,0,0,0,0.2731,0.2762,0.2731,0.2762,
0.9844,0.4922,0,0.4922,2.4609,0,0,1.9687,0.9844,1.9687,1.4766,0.4922,0.4922,0,0.9844,2.4609,0.9844,0.9844,0.4922,1.9687,0.0001,0,0,0,0.0001,0,0,0.0001,0.0001,0.0001,0.0001,0,0,0,0.0001,0.0001,0.0001,0.0001,0,0.0001,0.2625,0.2453,0.2625,0.2453,
1.5932,0.3983,0.3983,0.3983,0.7966,0.7966,1.1949,1.1949,0.7966,0,1.1949,0.7966,1.9915,1.1949,0.3983,0.3983,0.7966,0.3983,0.7966,1.9915,0.0001,0,0,0,0,0,0.0001,0.0001,0,0,0.0001,0,0.0001,0.0001,0,0,0,0,0,0.0001,0.3245,0.2772,0.3245,0.2772,
0.5241,0,0.5241,0,0.5241,1.0483,0.5241,0.5241,1.5724,1.5724,1.0483,1.0483,0.5241,0.5241,0,2.0966,0.5241,0,1.0483,1.5724,0,0,0,0,0,0.0001,0,0,0.0001,0.0001,0.0001,0.0001,0,0,0,0.0001,0,0,0.0001,0.0001,0.2325,0.2433,0.2325,0.2433,
3.1053,0,2.6617,0,0.8872,1.3308,0.4436,0.4436,0.8872,3.1053,0.4436,0,1.7745,0.4436,0,1.3308,2.6617,1.7745,0.8872,0,0.0002,0,0.0001,0,0,0.0001,0,0,0,0.0002,0,0,0.0001,0,0,0.0001,0.0001,0.0001,0,0,0.2822,0.2742,0.2822,0.2742,
0,0,0.723,0,0,2.1689,0,1.4459,0,0.723,0.723,0.723,0.723,0.723,0.723,0.723,1.4459,0,0,0,0,0,0.0001,0,0,0.0002,0,0.0001,0,0.0001,0.0001,0.0001,0.0001,0.0001,0.0001,0.0001,0.0001,0,0,0,0.1494,0.1276,0.1494,0.1276,
0.444,1.3319,1.7759,0.444,0.444,2.2199,0.444,0,0,0.444,0,1.3319,0.444,0,1.3319,0.444,0.444,0.444,0.8879,1.3319,0,0.0001,0.0001,0,0,0.0001,0,0,0,0,0,0.0001,0,0,0.0001,0,0,0,0,0.0001,0.2674,0.2887,0.2674,0.2887,
1.8079,0.9039,0,0.452,0.452,0.452,0.9039,0.9039,0.9039,0,2.2598,0.452,0,0.452,0.9039,0.452,1.3559,0.9039,0,1.3559,0.0001,0.0001,0,0,0,0,0.0001,0.0001,0.0001,0,0.0001,0,0,0,0.0001,0,0.0001,0.0001,0,0.0001,0.2676,0.2804,0.2676,0.2804,
1.8931,0.631,0,0,1.262,0.631,0,1.8931,0.631,5.6792,0.631,0,0.631,0.631,0.631,1.262,2.5241,0,0,0.631,0.0001,0,0,0,0.0001,0,0,0.0001,0,0.0003,0,0,0,0,0,0.0001,0.0001,0,0,0,0.1704,0.1986,0.1704,0.1986,
1.0164,1.3552,0,1.0164,0.6776,0.6776,0.6776,0,2.3716,1.0164,0.3388,0.6776,0.6776,0.6776,1.3552,0.3388,1.694,1.694,0,0.3388,0.0001,0.0001,0,0.0001,0,0,0,0,0.0001,0.0001,0,0,0,0,0.0001,0,0.0001,0.0001,0,0,0.3018,0.3594,0.3018,0.3594,
0,0,0,0.7573,0,0,0.7573,1.5146,0,0.7573,1.5146,0.7573,0.7573,0,0,0.7573,0,0,0,0,0,0,0,0.0001,0,0,0.0001,0.0002,0,0.0001,0.0002,0.0001,0.0001,0,0,0.0001,0,0,0,0,0.1223,0.1204,0.1223,0.1204,
0.5353,0.5353,0.5353,0,1.606,0.5353,0.5353,0.5353,0,0.5353,1.0706,0.5353,1.0706,1.606,1.0706,0,0.5353,0,1.0706,0,0,0,0,0,0.0001,0,0,0,0,0,0.0001,0,0.0001,0.0001,0.0001,0,0,0,0.0001,0,0.2322,0.2325,0.2322,0.2325,
0.8201,0.8201,0,0,0,0,0,0,0.8201,0.8201,0,0.8201,0.8201,0.8201,0,0.8201,1.6402,0,0,0,0.0001,0.0001,0,0,0,0,0,0,0.0001,0.0001,0,0.0001,0.0001,0.0001,0,0.0001,0.0002,0,0,0,0.0919,0.088,0.0919,0.088,
1.0962,0.5481,1.6443,0,0,1.0962,0,0,1.6443,2.1923,0.5481,0,0.5481,0.5481,0,1.0962,0,0,0,0,0.0001,0,0.0001,0,0,0.0001,0,0,0.0001,0.0001,0,0,0,0,0,0.0001,0,0,0,0,0.2319,0.22,0.2319,0.22,
0.5061,3.0366,0,0.5061,0,1.5183,0,1.0122,2.5305,0,0,1.0122,1.5183,0,0,0,1.5183,0,0.5061,1.0122,0,0.0001,0,0,0,0.0001,0,0,0.0001,0,0,0,0.0001,0,0,0,0.0001,0,0,0,0.291,0.2029,0.291,0.2029,
0.3776,0.7552,1.5105,0.3776,0.3776,1.1328,1.8881,0.7552,1.1328,0.7552,0.7552,0.3776,0,0.7552,0.3776,0.3776,0.3776,0.3776,0.7552,0.7552,0,0,0.0001,0,0,0.0001,0.0001,0,0.0001,0,0,0,0,0,0,0,0,0,0,0,0.29,0.3324,0.29,0.3324,
3.2177,0,0.6435,0.6435,1.9306,0,0,3.8612,0.6435,3.2177,0.6435,1.2871,0.6435,0.6435,0,0.6435,1.9306,1.2871,0,0.6435,0.0003,0,0.0001,0.0001,0.0002,0,0,0.0003,0.0001,0.0003,0.0001,0.0001,0.0001,0.0001,0,0.0001,0.0002,0.0001,0,0.0001,0.18,0.1764,0.18,0.1764,
0.3987,1.1961,0,0.3987,0,0.7974,0.3987,0.7974,1.9934,0,1.1961,0.7974,0.3987,0.7974,2.7908,0.7974,0,1.9934,0,0,0,0.0001,0,0,0,0.0001,0,0.0001,0.0001,0,0.0001,0.0001,0,0.0001,0.0002,0.0001,0,0.0001,0,0,0.3141,0.2873,0.3141,0.2873,
0.3351,1.0052,0.3351,0.6701,1.0052,1.3403,1.3403,0,1.0052,0.6701,0.6701,1.6753,0.3351,0.3351,1.0052,1.3403,1.3403,0.6701,1.0052,0.3351,0,0,0,0,0,0.0001,0.0001,0,0,0,0,0.0001,0,0,0,0.0001,0.0001,0,0,0,0.3505,0.3144,0.3505,0.3144,
0,0,2.7874,0,0,0.6968,0,0,0,0.6968,1.3937,0,0.6968,0,0,0,0.6968,0,0,0.6968,0,0,0.0003,0,0,0.0001,0,0,0,0.0001,0.0002,0,0.0001,0,0,0,0.0001,0,0,0.0001,0.1497,0.1535,0.1497,0.1535,
0.6398,0.6398,1.2796,0.6398,0.6398,0.6398,0.6398,0,0,1.2796,0.6398,0.6398,0.6398,0.6398,1.2796,0,0.6398,0,0.6398,1.2796,0,0,0.0001,0,0,0,0,0,0,0.0001,0,0,0,0,0.0001,0,0,0,0,0.0001,0.1715,0.1888,0.1715,0.1888,
1.521,1.1408,0.3803,1.521,1.1408,0.3803,1.1408,0,1.9013,0.7605,0.3803,0.3803,0,0.3803,0.3803,0.3803,1.521,1.1408,1.1408,0,0.0001,0.0001,0,0.0001,0.0001,0,0.0001,0,0.0001,0,0,0,0,0,0,0,0.0001,0.0001,0.0001,0,0.3466,0.2732,0.3466,0.2732,
0.9035,0.4517,0,1.8069,1.8069,0.4517,0.9035,0.4517,0.4517,0.9035,0.4517,1.8069,0.4517,0,0.4517,0,0.4517,1.3552,0.4517,0.4517,0.0001,0,0,0.0001,0.0001,0,0.0001,0,0,0.0001,0,0.0001,0,0,0,0,0,0.0001,0,0,0.2647,0.2835,0.2647,0.2835,
1.5449,0.7725,0.3862,0.3862,0.7725,0,0.7725,2.3174,1.5449,0.3862,1.5449,0.3862,1.1587,0.7725,1.5449,0.3862,0.3862,0.3862,0.3862,0.3862,0.0001,0,0,0,0,0,0,0.0001,0.0001,0,0.0001,0,0.0001,0,0.0001,0,0,0,0,0,0.3085,0.3052,0.3085,0.3052,
0,1.8734,0,0.6245,0,0.6245,1.8734,0,0,1.2489,0,0,0,0,1.2489,0.6245,0,0.6245,0,0,0,0.0001,0,0,0,0,0.0001,0,0,0.0001,0,0,0,0,0.0001,0,0,0,0,0,0.1983,0.1773,0.1983,0.1773,
0.6412,0,0,0,2.5646,0.6412,0,5.1292,0.6412,3.8469,0.6412,0,0.6412,0.6412,0,2.5646,1.9235,0.6412,0,0.6412,0,0,0,0,0.0001,0,0,0.0003,0,0.0002,0,0,0,0,0,0.0001,0.0001,0,0,0,0.1873,0.1716,0.1873,0.1716,
0,0.4519,0.9037,0.4519,1.3556,0.4519,0.4519,0,2.2593,0,1.8074,0.4519,0,0,1.3556,0.4519,0.9037,0.4519,0,0.9037,0,0,0.0001,0,0.0001,0,0,0,0.0002,0,0.0002,0,0,0,0.0001,0,0.0001,0,0,0.0001,0.2342,0.3139,0.2342,0.3139,
0.8526,0.8526,0.8526,0,0,0.8526,0.4263,0.4263,0.4263,0.4263,1.2789,0.8526,1.2789,0.8526,1.2789,0.4263,1.7051,1.2789,0.8526,1.7051,0,0,0,0,0,0,0,0,0,0,0.0001,0,0.0001,0,0.0001,0,0.0001,0.0001,0,0.0001,0.2626,0.3111,0.2626,0.3111,
0.817,0.817,0,0,0.817,0.817,0,0.817,0,0,0,0,1.634,0.817,0.817,0,0,0,0,0.817,0.0001,0.0001,0,0,0.0001,0.0001,0,0.0001,0,0,0,0,0.0002,0.0001,0.0001,0,0,0,0,0.0001,0.1125,0.0705,0.1125,0.0705,
0,0,0.7679,0,0,0,0,0,0.7679,2.3037,0,1.5358,0.7679,0,0,1.5358,1.5358,0,0,0,0,0,0.0001,0,0,0,0,0,0.0001,0.0002,0,0.0002,0.0001,0,0,0.0002,0.0002,0,0,0,0.1247,0.1074,0.1247,0.1074,
0.9482,0,0.4741,0.4741,0.4741,0,0,1.4222,1.8963,0,0.4741,0.9482,0,0,1.4222,0.4741,0.9482,2.3704,0.4741,0,0.0001,0,0,0,0,0,0,0.0001,0.0002,0,0,0.0001,0,0,0.0001,0,0.0001,0.0002,0,0,0.2956,0.2303,0.2956,0.2303,
0.7327,0.3663,1.4654,1.4654,1.099,0.3663,0.7327,0.7327,0.3663,1.8317,1.099,1.099,0.3663,1.099,0.7327,1.4654,0.3663,0.3663,0.3663,1.4654,0,0,0.0001,0.0001,0.0001,0,0,0,0,0.0001,0.0001,0.0001,0,0.0001,0,0.0001,0,0,0,0.0001,0.3209,0.3128,0.3209,0.3128,
0.4177,0.4177,1.6707,0.8354,1.253,0.4177,1.253,0,0,1.253,1.6707,0.4177,0.4177,0.8354,0.8354,1.6707,0.4177,0,1.253,0.8354,0,0,0.0001,0,0.0001,0,0.0001,0,0,0.0001,0.0001,0,0,0,0,0.0001,0,0,0.0001,0,0.301,0.2813,0.301,0.2813,
1.5987,0.3997,0.3997,1.5987,1.9984,0.7994,0.7994,0.7994,0,0.7994,0.7994,1.5987,0.7994,1.9984,0.7994,1.5987,0.7994,1.1991,0.3997,0.3997,0.0001,0,0,0.0001,0.0001,0,0,0,0,0,0,0.0001,0,0.0001,0,0.0001,0,0.0001,0,0,0.2883,0.312,0.2883,0.312,
1.1805,1.1805,0.787,0.3935,0,0,1.1805,0,1.1805,1.1805,0.787,0,0.3935,1.1805,0.787,0.787,1.1805,2.361,0.3935,0.3935,0.0001,0.0001,0,0,0,0,0.0001,0,0.0001,0.0001,0,0,0,0.0001,0,0,0.0001,0.0001,0,0,0.273,0.3335,0.273,0.3335,
1.7842,0.8921,0.8921,1.3381,0.8921,0.8921,0.8921,0.8921,0.446,2.6763,0.446,0.8921,0,0,0.446,0.8921,0,0.8921,0.446,1.3381,0.0001,0,0,0.0001,0,0,0,0,0,0.0001,0,0,0,0,0,0,0,0,0,0.0001,0.2682,0.2857,0.2682,0.2857,
1.7466,1.3973,0,0.6986,0.3493,0.6986,0.6986,0.3493,3.1438,1.3973,0.6986,0.6986,0,0,1.3973,1.3973,1.3973,0.6986,0,0.3493,0.0001,0.0001,0,0,0,0,0,0,0.0002,0.0001,0,0,0,0,0.0001,0.0001,0.0001,0,0,0,0.3301,0.3206,0.3301,0.3206,
0,0,0.7709,2.3126,0,0,0,0,0,1.5417,0,0,0,0,0.7709,0,0.7709,1.5417,0,0,0,0,0.0001,0.0004,0,0,0,0,0,0.0003,0,0,0,0,0.0001,0,0.0001,0.0003,0,0,0.1549,0.0742,0.1549,0.0742,
0.9186,0,0.4593,0.9186,1.3779,0,1.8372,0.9186,1.3779,0.9186,1.8372,0.4593,0.4593,2.7559,0.4593,1.3779,1.8372,0.9186,0,0.9186,0.0001,0,0,0.0001,0.0001,0,0.0001,0.0001,0.0001,0.0001,0.0001,0,0,0.0002,0,0.0001,0.0001,0.0001,0,0.0001,0.2492,0.2914,0.2492,0.2914,
0.3636,1.818,2.1816,0.7272,0.3636,0.7272,0.3636,0.7272,1.4544,0.3636,0.7272,0.3636,1.0908,0.7272,0.3636,1.4544,0.3636,1.818,0,1.0908,0,0.0001,0.0001,0,0,0,0,0,0.0001,0,0,0,0,0,0,0.0001,0,0.0001,0,0,0.3568,0.2796,0.3568,0.2796,
1.501,0.3753,1.1258,0.7505,0.7505,0,0.7505,0,1.501,0.3753,0.3753,0.3753,0.7505,0.3753,1.1258,1.1258,1.1258,0.7505,0.7505,0.3753,0.0001,0,0.0001,0.0001,0.0001,0,0.0001,0,0.0001,0,0,0,0.0001,0,0.0001,0.0001,0.0001,0.0001,0.0001,0,0.3048,0.3199,0.3048,0.3199,
3.1679,0,0.4526,0.9051,2.7153,0.9051,0,2.2628,0.9051,2.7153,0.4526,0,1.8102,0.4526,0.4526,0,0,2.2628,0.4526,0.4526,0.0002,0,0,0.0001,0.0002,0.0001,0,0.0001,0.0001,0.0002,0,0,0.0001,0,0,0,0,0.0001,0,0,0.2843,0.2632,0.2843,0.2632,
0.8269,1.6539,0,0,0.8269,0.8269,0,0,0,0,0,0,0.8269,1.6539,0.8269,0,0.8269,0,0,0.8269,0.0001,0.0002,0,0,0.0001,0.0001,0,0,0,0,0,0,0.0001,0.0002,0.0001,0,0.0001,0,0,0.0001,0.0959,0.0771,0.0959,0.0771,
3.3611,0,0.4201,1.6806,0.8403,1.2604,0.4201,0.4201,0.4201,2.1007,0,0,0.4201,1.6806,0.8403,0.8403,1.2604,2.5208,1.2604,0.4201,0.0002,0,0,0.0001,0.0001,0.0001,0,0,0,0.0001,0,0,0,0.0001,0.0001,0.0001,0.0001,0.0002,0.0001,0,0.299,0.2808,0.299,0.2808,
1.0768,3.2303,0,0.5384,0.5384,1.6151,0.5384,1.0768,0.5384,0,0,2.1535,1.6151,0,0.5384,0.5384,1.6151,0.5384,0.5384,0,0,0.0001,0,0,0,0.0001,0,0,0,0,0,0.0001,0.0001,0,0,0,0.0001,0,0,0,0.2519,0.2098,0.2519,0.2098,
0.3282,0,0.6563,1.3127,0.9845,0.6563,0.9845,0.6563,2.6254,1.6409,0.6563,0,0.6563,1.3127,1.3127,0.9845,0.3282,0.3282,0,0.3282,0,0,0,0.0001,0.0001,0,0.0001,0,0.0002,0.0001,0,0,0,0.0001,0.0001,0.0001,0,0,0,0,0.3398,0.3321,0.3398,0.3321,
1.4732,0,0,0,0.7366,1.1049,0.7366,0.3683,1.8415,1.1049,0.7366,0.3683,0.7366,0.3683,4.0513,1.1049,1.1049,0.3683,0,0,0.0001,0,0,0,0.0001,0.0001,0.0001,0,0.0002,0.0001,0.0001,0,0.0001,0,0.0003,0.0001,0.0001,0,0,0,0.3213,0.3104,0.3213,0.3104,
0.7025,1.4051,1.4051,2.1076,0,0,0,0,0,0.7025,0.7025,1.4051,0,0.7025,0,0,0,1.4051,0,0,0,0.0001,0.0001,0.0001,0,0,0,0,0,0,0,0.0001,0,0,0,0,0,0.0001,0,0,0.1772,0.1203,0.1772,0.1203,
1.286,0,0,0,0.643,0.9645,0.3215,0.3215,1.6075,0.9645,0.643,0.9645,0.3215,0.643,3.5366,0.3215,0.9645,0.9645,0,0,0.0001,0,0,0,0.0001,0.0001,0,0,0.0001,0.0001,0.0001,0.0001,0,0.0001,0.0003,0,0.0001,0.0001,0,0,0.3678,0.3107,0.3678,0.3107,
0,0,0,0,0.7646,0.7646,0.7646,0,0,1.5292,0.7646,0,0,0.7646,0.7646,0.7646,0.7646,0,0,0.7646,0,0,0,0,0.0001,0.0001,0.0001,0,0,0.0002,0.0001,0,0,0.0001,0.0001,0.0001,0.0001,0,0,0.0001,0.1069,0.1285,0.1069,0.1285,
1.5228,1.0152,1.5228,0.5076,0.5076,0.5076,1.0152,1.0152,0.5076,0.5076,0.5076,1.0152,0,0.5076,1.0152,1.0152,1.0152,0,0,1.0152,0.0001,0.0001,0.0001,0,0,0,0.0001,0.0001,0,0,0,0.0001,0,0,0.0001,0.0001,0.0001,0,0,0.0001,0.2346,0.2578,0.2346,0.2578,
1.4824,0.9882,0.4941,0,1.4824,0,0,0.9882,1.4824,0.4941,0.4941,0.9882,0.9882,1.4824,0.4941,0.9882,0.9882,0.9882,0.9882,1.4824,0.0001,0.0001,0,0,0.0001,0,0,0.0001,0.0001,0,0,0.0001,0.0001,0.0001,0,0.0001,0.0001,0.0001,0.0001,0.0001,0.2471,0.2588,0.2471,0.2588,
1.0286,1.5429,0.5143,0,0,1.0286,1.5429,0.5143,0,0.5143,0,2.5716,0,0.5143,0,0,1.0286,0,2.0573,2.0573,0,0.0001,0,0,0,0,0.0001,0,0,0,0,0.0001,0,0,0,0,0,0,0.0001,0.0001,0.274,0.2117,0.274,0.2117,
0.5861,3.5167,0,0.5861,0,1.1722,0,1.7584,1.1722,0.5861,0,0.5861,1.1722,0,0.5861,2.3445,0.5861,1.1722,0,1.1722,0,0.0001,0,0,0,0,0,0.0001,0,0,0,0,0,0,0,0.0001,0,0,0,0,0.2406,0.1732,0.2406,0.1732,
0.4371,0.8743,0.8743,1.3114,0.8743,0.4371,0.4371,1.7486,1.7486,0.8743,0.4371,1.3114,0,1.3114,0.4371,2.1857,0.4371,0,0.4371,0.4371,0,0,0,0.0001,0,0,0,0.0001,0.0001,0,0,0.0001,0,0.0001,0,0.0001,0,0,0,0,0.2424,0.3204,0.2424,0.3204,
1.1474,1.1474,1.1474,0,1.5299,0.7649,0.3825,0.7649,0.7649,1.5299,1.1474,0.7649,0.7649,0.7649,0.7649,1.1474,0.3825,0.7649,0.7649,0.3825,0,0,0,0,0.0001,0,0,0,0,0.0001,0,0,0,0,0,0,0,0,0,0,0.3149,0.3027,0.3149,0.3027,
0.3478,0,0,0,0.3478,1.0435,0.3478,1.0435,1.0435,1.3914,0.6957,0.6957,0.3478,1.0435,3.8263,1.7392,1.0435,0.6957,0,0.3478,0,0,0,0,0,0.0001,0,0.0001,0.0001,0.0001,0.0001,0.0001,0,0.0001,0.0003,0.0001,0.0001,0.0001,0,0,0.3722,0.28,0.3722,0.28,
0,0,0,0,0,0.9006,0,0,0,0,0,0,1.3508,0,9.9062,1.8011,0,0.9006,0,0,0,0,0,0,0,0.0001,0,0,0,0,0,0,0.0002,0,0.0012,0.0002,0,0.0001,0,0,0.2162,0.3335,0.2162,0.3335,
1.0092,0,0.5046,0.5046,0.5046,2.0184,0,2.0184,0.5046,3.5322,1.0092,0,0.5046,1.0092,1.0092,1.0092,1.0092,1.5138,0,1.0092,0.0001,0,0,0,0,0.0001,0,0.0001,0,0.0002,0.0001,0,0,0.0001,0.0001,0.0001,0.0001,0.0001,0,0.0001,0.2489,0.2465,0.2489,0.2465,
1.3419,0.4473,1.3419,0.4473,1.7892,1.3419,0.8946,1.7892,1.3419,2.2365,0.4473,0.8946,1.7892,0.4473,0,0,0.4473,1.3419,0.4473,0.8946,0.0001,0,0.0001,0,0.0001,0.0001,0,0.0001,0.0001,0.0001,0,0,0.0001,0,0,0,0,0.0001,0,0,0.278,0.2747,0.278,0.2747,
0.8172,0,0,0,0,1.6343,0,0.8172,0,0.8172,0.8172,0.8172,0.8172,0,0.8172,0.8172,0,0.8172,0,0,0.0001,0,0,0,0,0.0003,0,0.0001,0,0.0001,0.0001,0.0001,0.0001,0,0.0001,0.0001,0,0.0001,0,0,0.1001,0.0828,0.1001,0.0828,
0.8441,1.2662,0.4221,1.2662,0.4221,1.2662,0.4221,0.8441,1.6882,0.8441,0,0.8441,1.2662,1.6882,0.4221,0,0,0.8441,0.4221,1.2662,0,0.0001,0,0.0001,0,0.0001,0,0,0.0001,0,0,0,0.0001,0.0001,0,0,0,0,0,0.0001,0.2696,0.3083,0.2696,0.3083,
0.3904,0.3904,0.7807,0.7807,0.3904,1.5614,0.3904,0,0.7807,1.5614,1.1711,0.3904,0.7807,0.7807,1.5614,0.7807,0.7807,1.1711,0.3904,0,0,0,0.0001,0.0001,0,0.0001,0,0,0.0001,0.0001,0.0001,0,0.0001,0.0001,0.0001,0.0001,0.0001,0.0001,0,0,0.3323,0.2773,0.3323,0.2773,
1.7014,0.4254,1.7014,0.4254,0.4254,1.7014,0,0.8507,0,2.1268,0.4254,0.4254,0,1.7014,1.2761,1.2761,2.1268,1.2761,0,0.4254,0.0001,0,0.0001,0,0,0.0001,0,0,0,0.0001,0,0,0,0.0001,0.0001,0.0001,0.0001,0.0001,0,0,0.3211,0.2535,0.3211,0.2535,
0,0,1.3788,0,0.6894,0.6894,0.6894,0,0,0,0.6894,0,0,0.6894,0.6894,0.6894,0,0,0,0.6894,0,0,0.0003,0,0.0001,0.0001,0.0001,0,0,0,0.0001,0,0,0.0001,0.0001,0.0001,0,0,0,0.0001,0.1843,0.1262,0.1843,0.1262,
0,0.4507,0,0.9014,0.4507,0.4507,1.3522,2.2536,1.3522,0.4507,0.4507,0.9014,0.9014,0,0.9014,1.3522,0.4507,0.4507,0,0.9014,0,0,0,0.0001,0,0,0.0001,0.0002,0.0001,0,0,0.0001,0.0001,0,0.0001,0.0001,0,0,0,0.0001,0.2718,0.2775,0.2718,0.2775,
0.832,2.9121,0.416,0,1.664,0.416,0.416,2.4961,2.0801,1.664,0,1.664,0.416,1.248,0.416,0.416,0.416,0.416,0.832,0.832,0,0.0001,0,0,0.0001,0,0,0.0001,0.0001,0.0001,0,0.0001,0,0,0,0,0,0,0,0,0.2899,0.2941,0.2899,0.2941,
0,0.814,0,0,0.814,1.628,0.814,0,0,0,0.814,0,0,0,0,2.442,0,0.814,0,0,0,0.0001,0,0,0.0001,0.0002,0.0001,0,0,0,0.0001,0,0,0,0,0.0002,0,0.0001,0,0,0.0983,0.0877,0.0983,0.0877,
0,1.1252,0.3751,0,0,0.7501,0.7501,1.1252,2.2504,0.3751,0.3751,0.3751,1.1252,0.7501,2.2504,0.3751,0,1.8753,0,0,0,0.0001,0,0,0,0,0,0.0001,0.0001,0,0,0,0.0001,0,0.0001,0,0,0.0001,0,0,0.3244,0.3005,0.3244,0.3005,
0,0,0.4735,0.4735,0.4735,0.947,1.8939,0.4735,0,0,0.947,0.4735,1.4204,0,0.947,0.4735,0,1.4204,1.8939,1.4204,0,0,0,0,0,0.0001,0.0001,0,0,0,0.0001,0,0.0001,0,0.0001,0,0,0.0001,0.0001,0.0001,0.2643,0.2622,0.2643,0.2622,
1.4376,0.4792,0.9584,0,0.4792,0.4792,0,2.396,0.9584,2.396,0.4792,1.9168,0.9584,0.4792,0.4792,1.4376,3.3544,3.3544,0,0,0.0001,0,0,0,0,0,0,0.0001,0,0.0001,0,0.0001,0,0,0,0.0001,0.0002,0.0002,0,0,0.2722,0.2486,0.2722,0.2486,
0.4078,1.2233,0,0.4078,0,0.8155,1.2233,0.8155,2.4466,0,1.2233,0.4078,1.6311,0.8155,1.6311,0.4078,0,2.0389,0,0,0,0.0001,0,0,0,0.0001,0.0001,0.0001,0.0002,0,0.0001,0,0.0001,0.0001,0.0001,0,0,0.0001,0,0,0.3237,0.2685,0.3237,0.2685,
1.4371,0,0.3593,0,0.7186,1.4371,0,1.0778,2.1557,0.3593,0.7186,0.3593,0.3593,0.3593,4.3114,1.0778,1.0778,0,0,0,0.0001,0,0,0,0.0001,0.0001,0,0.0001,0.0002,0,0.0001,0,0,0,0.0003,0.0001,0.0001,0,0,0,0.3157,0.325,0.3157,0.325,
0.3717,1.1152,0.3717,0.7434,0.3717,1.4869,1.4869,0.7434,0.7434,0.7434,1.4869,0.7434,0.3717,1.1152,1.1152,0.3717,1.4869,0.7434,0.7434,0.7434,0,0.0001,0,0,0,0.0001,0.0001,0,0,0,0.0001,0,0,0.0001,0.0001,0,0.0001,0,0,0,0.358,0.2703,0.358,0.2703,
0.5495,0,0,0.5495,1.099,0,1.099,0.5495,1.099,1.099,1.099,2.1981,0.5495,1.099,0,0.5495,1.099,1.099,1.099,1.099,0,0,0,0,0.0001,0,0.0001,0,0.0001,0.0001,0.0001,0.0002,0,0.0001,0,0,0.0001,0.0001,0.0001,0.0001,0.2366,0.2138,0.2366,0.2138,
1.7573,0.4393,0.4393,0,0.4393,1.7573,1.318,0,0.4393,2.636,0.8787,1.318,0.4393,0.8787,1.318,1.318,2.1966,1.318,0,0.8787,0.0001,0,0,0,0,0.0001,0.0001,0,0,0.0001,0,0.0001,0,0,0.0001,0.0001,0.0001,0.0001,0,0,0.2798,0.2808,0.2798,0.2808,
0.9841,0.492,1.4761,1.4761,0,0.492,0.492,0,0.492,1.4761,0.9841,0.492,0.9841,0.9841,0.492,0.9841,0.492,0,0.492,0.9841,0.0001,0,0.0001,0.0001,0,0,0,0,0,0.0001,0.0001,0,0.0001,0.0001,0,0.0001,0,0,0,0.0001,0.2519,0.2561,0.2519,0.2561,
0.5835,3.5008,0,0.5835,0,1.7504,0,2.3339,1.1669,0,0,1.1669,1.1669,0,0.5835,1.1669,1.1669,1.1669,0,1.1669,0,0.0001,0,0,0,0.0001,0,0.0001,0,0,0,0,0,0,0,0,0,0,0,0,0.2347,0.1819,0.2347,0.1819,
0.7741,1.1611,0.7741,0.7741,1.1611,1.1611,1.1611,0,0.387,0.387,0.387,0.387,1.1611,0.387,1.1611,1.1611,0.387,0.7741,0.7741,1.1611,0,0.0001,0,0,0.0001,0.0001,0.0001,0,0,0,0,0,0.0001,0,0.0001,0.0001,0,0,0,0.0001,0.3389,0.2741,0.3389,0.2741,
0,0.3711,1.8554,0.7422,1.1133,1.8554,1.1133,1.1133,0.3711,0,0,0.7422,1.4843,0.7422,0.3711,0.7422,1.4843,1.4843,0.3711,0.7422,0,0,0.0001,0,0.0001,0.0001,0.0001,0.0001,0,0,0,0,0.0001,0,0,0,0.0001,0.0001,0,0,0.3196,0.3093,0.3196,0.3093,
1.4374,0,0.7187,0.7187,0,1.4374,0,0.7187,0.7187,0.7187,0,0,0.7187,0.7187,0,0.7187,0,0.7187,0,1.4374,0.0002,0,0.0001,0.0001,0,0.0002,0,0.0001,0.0001,0.0001,0,0,0.0001,0.0001,0,0.0001,0,0.0001,0,0.0002,0.1779,0.1034,0.1779,0.1034,
0,0.7403,0.7403,0,0,0,0,0,0.7403,0.7403,0.7403,0,0.7403,0,0,0.7403,2.2208,0.7403,0.7403,0,0,0.0001,0.0001,0,0,0,0,0,0.0001,0.0001,0.0001,0,0.0001,0,0,0.0001,0.0002,0.0001,0.0001,0,0.1499,0.1098,0.1499,0.1098,
1.7655,0,0,0,1.177,3.5309,0,1.177,0,2.3539,0.5885,0,1.177,0.5885,0.5885,1.177,1.7655,5.2964,0.5885,1.177,0.0001,0,0,0,0.0001,0.0002,0,0.0001,0,0.0001,0,0,0.0001,0,0,0.0001,0.0001,0.0003,0,0.0001,0.2112,0.2003,0.2112,0.2003,
1.482,0,0,0.494,0.988,0.494,0.494,0,0.988,0.494,1.482,0.988,0.494,0,0.988,0,0.494,1.482,0,0.494,0.0001,0,0,0,0.0001,0,0,0,0.0001,0,0.0001,0.0001,0,0,0.0001,0,0,0.0001,0,0,0.2633,0.2427,0.2633,0.2427,
1.4837,0,0.9892,0.4946,2.4729,0.9892,0,1.9783,0.4946,1.9783,0.4946,0.9892,0.9892,0,1.4837,0.4946,0.9892,1.9783,0,0.4946,0.0001,0,0.0001,0,0.0002,0.0001,0,0.0001,0,0.0001,0,0.0001,0.0001,0,0.0001,0,0.0001,0.0001,0,0,0.2505,0.255,0.2505,0.255,
0.7111,0,0,0.7111,0,0.7111,0,0,2.1332,0.7111,0,0,0,0.7111,0,0,0,0.7111,0,1.4222,0.0001,0,0,0.0001,0,0.0001,0,0,0.0003,0.0001,0,0,0,0.0001,0,0,0,0.0001,0,0.0002,0.1538,0.1351,0.1538,0.1351,
1.2374,0.6187,2.4748,0.6187,0.6187,0.6187,0,1.2374,0,1.2374,0,0,0,0.6187,0,0,3.0935,0,0,0.6187,0.0001,0,0.0002,0,0,0,0,0.0001,0,0.0001,0,0,0,0,0,0,0.0002,0,0,0,0.1879,0.1934,0.1879,0.1934,
0.3803,0.3803,0,1.9014,0.7605,1.1408,1.9014,0.3803,0.7605,0,0.3803,0.3803,1.1408,0.7605,0.7605,0,1.5211,1.1408,1.1408,0.7605,0,0,0,0.0001,0.0001,0.0001,0.0001,0,0.0001,0,0,0,0.0001,0.0001,0.0001,0,0.0001,0.0001,0.0001,0.0001,0.2772,0.3426,0.2772,0.3426,
1.5289,1.5289,0.3822,0.3822,0.7644,0.3822,1.5289,0,0.3822,0.7644,0.3822,1.5289,1.1466,1.1466,0.3822,0.3822,0.7644,0.3822,1.1466,1.9111,0.0001,0.0001,0,0,0,0,0.0001,0,0,0,0,0.0001,0.0001,0.0001,0,0,0,0,0.0001,0.0001,0.3036,0.3142,0.3036,0.3142,
0,3.9367,0,0.6561,0,3.2806,0,0.6561,0,0.6561,0,1.3122,1.9683,0,0.6561,1.3122,2.6244,1.3122,0.6561,0,0,0.0001,0,0,0,0.0001,0,0,0,0,0,0,0.0001,0,0,0,0.0001,0,0,0,0.193,0.1509,0.193,0.1509,
1.5794,0.7897,0.3948,0.7897,1.1845,0.3948,1.1845,0,1.1845,0.7897,1.1845,0.7897,0.3948,1.1845,0.7897,1.1845,0.3948,0.7897,0.3948,1.5794,0.0001,0,0,0,0.0001,0,0.0001,0,0.0001,0,0.0001,0,0,0.0001,0,0.0001,0,0,0,0.0001,0.2891,0.3161,0.2891,0.3161,
2.0244,0,0.4049,0.4049,2.4292,0.4049,0.4049,1.6195,0.8097,1.2146,1.6195,0.4049,1.2146,0,0.8097,1.2146,1.2146,0.8097,0.4049,0.4049,0.0001,0,0,0,0.0002,0,0,0.0001,0.0001,0.0001,0.0001,0,0.0001,0,0.0001,0.0001,0.0001,0.0001,0,0,0.2826,0.3126,0.2826,0.3126,
0,0.3812,1.1436,1.906,0.7624,0,0.3812,0.7624,1.906,0,1.1436,0,1.1436,0.7624,0.7624,1.5248,0,1.5248,0.3812,1.1436,0,0,0.0001,0.0001,0,0,0,0,0.0001,0,0.0001,0,0.0001,0,0,0.0001,0,0.0001,0,0.0001,0.2986,0.3202,0.2986,0.3202,
0,0,0.7216,0,0.7216,0,0,0,0,1.4433,0,1.4433,1.4433,0,0.7216,0.7216,2.1649,3.6082,0,0,0,0,0.0001,0,0.0001,0,0,0,0,0.0002,0,0.0002,0.0002,0,0.0001,0.0001,0.0003,0.0004,0,0,0.139,0.1393,0.139,0.1393,
0.4885,0,1.4655,0,0.977,0.4885,0.4885,0.4885,1.4655,0.977,0.4885,0.4885,0,0.977,0,2.4425,0.977,0.4885,0.4885,0.977,0,0,0.0001,0,0.0001,0,0,0,0.0001,0.0001,0,0,0,0.0001,0,0.0002,0.0001,0,0,0.0001,0.2573,0.2542,0.2573,0.2542,
1.0656,0,0.3552,0,0.7104,1.0656,0.3552,0.3552,2.1313,1.4209,0.7104,0.3552,0.3552,0.3552,4.2626,1.0656,0.7104,0.3552,0,0,0.0001,0,0,0,0.0001,0.0001,0,0,0.0002,0.0001,0.0001,0,0,0,0.0004,0.0001,0.0001,0,0,0,0.3283,0.3165,0.3283,0.3165,
1.8953,0,0.7581,1.1372,0.7581,0.7581,0.7581,1.1372,0.3791,0.3791,1.1372,0.3791,1.1372,0.7581,0.7581,0.7581,1.1372,0,1.1372,0.7581,0.0001,0,0,0.0001,0,0,0,0.0001,0,0,0.0001,0,0.0001,0,0,0,0.0001,0,0.0001,0,0.3013,0.3196,0.3013,0.3196,
0.4312,0.4312,1.2935,0.8623,0.4312,0.8623,1.2935,0.4312,0.8623,0,0.4312,0.4312,0,0.4312,0.8623,0.8623,0.4312,1.2935,0.8623,1.2935,0,0,0.0001,0.0001,0,0.0001,0.0001,0,0.0001,0,0,0,0,0,0.0001,0.0001,0,0.0001,0.0001,0.0001,0.264,0.3048,0.264,0.3048,
2.5305,0,0,0.6326,1.8979,1.2653,0,2.5305,0.6326,5.061,0.6326,0,0,0,0,0.6326,1.2653,1.8979,0,0.6326,0.0002,0,0,0,0.0001,0.0001,0,0.0002,0,0.0004,0,0,0,0,0,0,0.0001,0.0001,0,0,0.215,0.1524,0.215,0.1524,
0.5736,3.4417,0,0.5736,0,1.7209,0,1.7209,1.1472,0.5736,0,0.5736,1.1472,0,0.5736,2.2945,0.5736,1.1472,0.5736,0.5736,0,0.0001,0,0,0,0.0001,0,0.0001,0,0,0,0,0,0,0,0.0001,0,0,0,0,0.2407,0.1857,0.2407,0.1857,
2.2729,0,1.3637,0.4546,0.4546,0.9091,0,1.3637,1.3637,2.2729,1.3637,0,0,0,1.3637,0.4546,0.4546,2.2729,0.4546,0,0.0002,0,0.0001,0,0,0.0001,0,0.0001,0.0001,0.0002,0.0001,0,0,0,0.0001,0,0,0.0002,0,0,0.2832,0.2623,0.2832,0.2623,
0.437,0.437,1.3109,0.874,0,0.437,0,0.874,0.874,0.437,0.874,0.437,0.437,0,0.874,0,1.7479,0,1.3109,1.7479,0,0,0.0001,0.0001,0,0,0,0.0001,0.0001,0,0.0001,0,0,0,0.0001,0,0.0001,0,0.0001,0.0001,0.2765,0.2865,0.2765,0.2865,
1.1949,1.1949,0,1.1949,4.1823,0,0,4.1823,1.1949,3.5848,0.5975,0,0,0,0,1.7924,0,2.3899,0,1.7924,0.0001,0.0001,0,0.0001,0.0002,0,0,0.0002,0.0001,0.0002,0,0,0,0,0,0.0001,0,0.0001,0,0.0001,0.1826,0.2199,0.1826,0.2199,
0.6136,0,1.2273,0.3068,0.9204,0.9204,0.3068,1.2273,0.3068,0.6136,0.9204,0.9204,0.3068,0.6136,1.8409,0,1.5341,0.6136,0.6136,1.2273,0,0,0.0001,0,0.0001,0.0001,0,0.0001,0,0,0.0001,0.0001,0,0,0.0001,0,0.0001,0,0,0.0001,0.3638,0.3294,0.3638,0.3294,
0.8081,0.8081,1.2122,0.8081,2.4243,1.2122,0.4041,0,0.4041,1.2122,1.6162,0.8081,1.6162,0.4041,0.8081,0.8081,0.8081,1.6162,1.2122,0.8081,0,0,0.0001,0,0.0001,0.0001,0,0,0,0.0001,0.0001,0,0.0001,0,0,0,0,0.0001,0.0001,0,0.3052,0.2907,0.3052,0.2907,
0.7849,0.7849,0,0,0,0.7849,1.5699,0,0,0.7849,0,0,0.7849,0.7849,0,0.7849,0,0,0.7849,0,0.0001,0.0001,0,0,0,0.0001,0.0002,0,0,0.0001,0,0,0.0001,0.0001,0,0.0001,0,0,0.0001,0,0.1287,0.0864,0.1287,0.0864,
0.74,0,1.48,0,0,0.74,0,1.48,0.74,1.48,0,0.74,0,0,0,0,0,0,0,0.74,0.0001,0,0.0002,0,0,0.0001,0,0.0002,0.0001,0.0002,0,0.0001,0,0,0,0,0,0,0,0.0001,0.1409,0.1191,0.1409,0.1191,
0.69,0,0.69,0,0.69,0.69,0,2.07,0.69,0.69,0,0,0.69,0,0.69,1.38,0.69,2.07,0,0,0.0001,0,0.0001,0,0.0001,0.0001,0,0.0002,0.0001,0.0001,0,0,0.0001,0,0.0001,0.0001,0.0001,0.0002,0,0,0.1518,0.1582,0.1518,0.1582,
0.6623,0.6623,0.6623,0.6623,1.3246,1.3246,0,0.6623,0.6623,1.3246,0,0.6623,0.6623,1.3246,0,0,0,0,0,0.6623,0,0,0,0,0.0001,0.0001,0,0,0,0.0001,0,0,0,0.0001,0,0,0,0,0,0,0.1775,0.1602,0.1775,0.1602,
0,0.7805,0.7805,0.7805,0,0.3902,0.3902,0.7805,1.5609,0,1.1707,0.7805,1.5609,0.7805,1.1707,0.7805,0.7805,1.1707,1.5609,0.3902,0,0,0,0,0,0,0,0,0.0001,0,0.0001,0,0.0001,0,0.0001,0,0,0.0001,0.0001,0,0.2805,0.3293,0.2805,0.3293,
0,0.4616,0.9233,0.4616,0.9233,1.3849,0.4616,0.4616,1.3849,1.8466,1.8466,0.9233,0.9233,0.9233,0,0.4616,0.4616,0.9233,0.9233,0.4616,0,0,0,0,0,0.0001,0,0,0.0001,0.0001,0.0001,0,0,0,0,0,0,0,0,0,0.273,0.2653,0.273,0.2653,
0,0.8169,0.4084,0.4084,1.2253,2.0421,0.8169,1.2253,0.8169,0.8169,1.2253,1.2253,1.6337,0,0.4084,1.2253,0.8169,0,1.2253,2.0421,0,0,0,0,0.0001,0.0001,0,0.0001,0,0,0.0001,0.0001,0.0001,0,0,0.0001,0,0,0.0001,0.0001,0.2992,0.2923,0.2992,0.2923,
0.9401,0.4701,0.9401,0.4701,1.4102,0.9401,0.4701,0,0.9401,0.4701,1.8803,0,1.8803,0.9401,0.9401,0.4701,0.4701,2.3503,0.9401,0.4701,0.0001,0,0.0001,0,0.0001,0.0001,0,0,0.0001,0,0.0001,0,0.0001,0.0001,0.0001,0,0,0.0001,0.0001,0,0.283,0.2469,0.283,0.2469,
3.7607,0,0.9402,0.4701,0,0.9402,0,2.3504,0,1.8803,0.4701,0.4701,0.4701,0.9402,1.4103,0.4701,0.4701,2.3504,0.9402,0,0.0002,0,0.0001,0,0,0.0001,0,0.0001,0,0.0001,0,0,0,0.0001,0.0001,0,0,0.0001,0.0001,0,0.2782,0.2517,0.2782,0.2517,
0.4987,0,0.4987,0.4987,0.4987,0.9975,0.9975,0.9975,0.4987,0.9975,0.4987,0.4987,0.4987,0,0.9975,0.9975,0.9975,0,0.4987,0.4987,0,0,0,0,0,0.0001,0.0001,0.0001,0,0.0001,0,0,0,0,0.0001,0.0001,0.0001,0,0,0,0.2727,0.2286,0.2727,0.2286,
2.4459,0,0,0,0.3494,1.0483,0.3494,1.0483,3.8436,1.0483,0.6988,0.3494,0,0,3.1448,1.0483,0.3494,0,0,0,0.0002,0,0,0,0,0.0001,0,0.0001,0.0003,0.0001,0.0001,0,0,0,0.0002,0.0001,0,0,0,0,0.3484,0.3022,0.3484,0.3022,
2.7357,0,0,0.6839,0.6839,2.0518,0,1.3678,0,1.3678,0,0.6839,0.6839,0.6839,0.6839,0,1.3678,1.3678,0,0.6839,0.0003,0,0,0.0001,0.0001,0.0002,0,0.0002,0,0.0002,0,0.0001,0.0001,0.0001,0.0001,0,0.0002,0.0002,0,0.0001,0.2048,0.1113,0.2048,0.1113,
0.9039,0,0.9039,1.3558,0.9039,0,0.9039,1.3558,0.4519,0.9039,0.9039,0,0.4519,0,0.9039,1.8077,1.3558,0,0.9039,1.3558,0.0001,0,0.0001,0.0001,0.0001,0,0.0001,0.0001,0,0.0001,0.0001,0,0,0,0.0001,0.0001,0.0001,0,0.0001,0.0001,0.3324,0.2156,0.3324,0.2156,
0.4786,0,1.4359,0,0.9573,0,0.9573,1.9146,0.9573,2.3932,0.4786,0.9573,0.9573,0,0.4786,0.4786,0.4786,0.9573,0,0,0,0,0.0001,0,0.0001,0,0.0001,0.0001,0.0001,0.0002,0,0.0001,0.0001,0,0,0,0,0.0001,0,0,0.2628,0.2586,0.2628,0.2586,
0,3.615,0.6025,0.6025,0.6025,3.0125,0,0,0,0,0,1.205,2.41,0,0.6025,1.205,1.8075,1.8075,0.6025,0,0,0.0001,0,0,0,0.0001,0,0,0,0,0,0,0.0001,0,0,0,0.0001,0.0001,0,0,0.2152,0.1823,0.2152,0.1823,
0.401,0.401,1.2031,0.802,0.401,0.802,1.6041,0.802,0.401,0.802,2.0051,0.802,0.401,1.2031,0.401,1.2031,1.2031,0.802,0.401,1.6041,0,0,0.0001,0,0,0,0.0001,0,0,0,0.0001,0,0,0.0001,0,0.0001,0.0001,0,0,0.0001,0.3136,0.2854,0.3136,0.2854,
1.1539,0.7693,1.1539,0.3846,1.5385,1.1539,0.3846,1.5385,1.1539,0.3846,0,2.3078,0.3846,0.3846,0.7693,1.5385,1.5385,0.7693,0.3846,1.1539,0.0001,0,0.0001,0,0.0001,0.0001,0,0.0001,0.0001,0,0,0.0001,0,0,0,0.0001,0.0001,0,0,0.0001,0.3507,0.2646,0.3507,0.2646,
0.8139,0,0,0,1.6278,1.6278,0,0,0,0,0.8139,0,0.8139,0,0.8139,0.8139,0.8139,0,0,0,0.0001,0,0,0,0.0002,0.0002,0,0,0,0,0.0001,0,0.0001,0,0.0001,0.0001,0.0001,0,0,0,0.0916,0.0945,0.0916,0.0945,
2.4471,0.8157,1.2235,0.8157,1.2235,1.2235,0.4078,0.8157,1.6314,0.8157,1.2235,0.8157,1.2235,0.4078,0,0.8157,2.4471,0.4078,0.4078,0.4078,0.0001,0,0.0001,0,0.0001,0.0001,0,0,0.0001,0,0.0001,0,0.0001,0,0,0,0.0001,0,0,0,0.2624,0.3297,0.2624,0.3297,
1.4678,1.4678,0,1.1008,0,0.3669,0.7339,0,2.9356,1.4678,0.7339,2.2017,0,0,0.7339,1.1008,1.8347,1.1008,0,0.7339,0.0001,0.0001,0,0.0001,0,0,0,0,0.0002,0.0001,0,0.0001,0,0,0,0.0001,0.0001,0.0001,0,0,0.332,0.3011,0.332,0.3011,
0,0.3914,0,0.7829,0.3914,1.1743,1.5657,0.7829,0.7829,0,0.3914,0.7829,1.1743,0.3914,0.7829,1.1743,1.1743,0.7829,2.3486,0,0,0,0,0,0,0.0001,0.0001,0,0,0,0,0,0.0001,0,0,0.0001,0.0001,0,0.0001,0,0.272,0.3366,0.272,0.3366,
1.243,0.8287,1.6574,0.4143,1.243,0.8287,0.8287,1.243,0.8287,0.4143,0.8287,1.243,0,0.4143,0.4143,0.8287,0.4143,0.4143,0,0.8287,0.0001,0,0.0001,0,0.0001,0,0,0.0001,0,0,0,0.0001,0,0,0,0,0,0,0,0,0.2889,0.2968,0.2889,0.2968,
1.3844,1.0383,0.3461,0.3461,0.6922,1.3844,1.0383,0.6922,1.3844,1.0383,0.6922,0,0.3461,0.6922,0.6922,0,0.3461,1.3844,1.0383,1.0383,0.0001,0.0001,0,0,0,0.0001,0.0001,0,0.0001,0.0001,0,0,0,0,0,0,0,0.0001,0.0001,0.0001,0.3129,0.341,0.3129,0.341,
1.3278,0.4426,0.8852,1.3278,1.3278,1.3278,0,1.3278,1.3278,0.4426,0,1.7705,0,0.8852,0.4426,0.8852,0.8852,2.6557,0.4426,0,0.0001,0,0.0001,0.0001,0.0001,0.0001,0,0.0001,0.0001,0,0,0.0001,0,0.0001,0,0.0001,0.0001,0.0002,0,0,0.2842,0.2732,0.2842,0.2732,
1.3598,1.3598,0.6799,0.6799,0.34,0.6799,0.6799,0.34,2.0397,1.0199,0.34,1.0199,0.34,0.34,1.6998,0.34,1.6998,1.0199,0,0.6799,0.0001,0.0001,0,0,0,0,0,0,0.0001,0.0001,0,0.0001,0,0,0.0001,0,0.0001,0.0001,0,0,0.3201,0.3399,0.3201,0.3399,
0,0,1.6769,0,0.559,0,0,1.118,1.118,0,1.118,0.559,0.559,0,1.6769,0.559,1.118,1.118,0,0.559,0,0,0.0002,0,0.0001,0,0,0.0001,0.0001,0,0.0001,0.0001,0.0001,0,0.0002,0.0001,0.0001,0.0001,0,0.0001,0.2263,0.2147,0.2263,0.2147,
0.7804,0.7804,0.7804,0,1.5607,0,0,0.7804,0,0,0,0.7804,0,0.7804,0,0,2.3411,0.7804,0,0,0.0001,0.0001,0.0001,0,0.0001,0,0,0.0001,0,0,0,0.0001,0,0.0001,0,0,0.0002,0.0001,0,0,0.1231,0.0965,0.1231,0.0965,
0,0.4061,0.8122,0,3.2487,0.8122,0,1.6244,1.6244,0.8122,1.6244,2.0304,0.8122,0.8122,0,0.8122,0.8122,0.4061,0,1.6244,0,0,0,0,0.0002,0,0,0.0001,0.0001,0,0.0001,0.0001,0,0,0,0,0,0,0,0.0001,0.2981,0.2958,0.2981,0.2958,
0.6781,0.6781,1.0171,1.0171,1.6952,0.339,1.6952,0,0.339,0.6781,0.6781,0.6781,0.339,0.6781,0.6781,0.339,0.6781,1.0171,2.0342,0.339,0,0,0.0001,0.0001,0.0001,0,0.0001,0,0,0,0,0,0,0,0,0,0,0.0001,0.0001,0,0.3583,0.3027,0.3583,0.3027,
0.728,0,0.728,0.728,0.728,0,0,0,0,0,0,0.728,0.728,0,0,0,0.728,0,1.456,0.728,0.0001,0,0.0001,0.0001,0.0001,0,0,0,0,0,0,0.0001,0.0001,0,0,0,0.0001,0,0.0002,0.0001,0.1734,0.0986,0.1734,0.0986,
2.3489,0,0,0.3356,0.6711,1.0067,0.3356,0.3356,1.0067,0.6711,0.6711,1.0067,0.3356,0.3356,4.3622,0.6711,1.0067,0,0,0,0.0002,0,0,0,0.0001,0.0001,0,0,0.0001,0.0001,0.0001,0.0001,0,0,0.0004,0.0001,0.0001,0,0,0,0.3769,0.2875,0.3769,0.2875,
0,0.8265,0,0,0.8265,0,0.8265,0,0,1.6529,0,0,0.8265,0,0,2.4794,0,4.1324,0,0,0,0.0001,0,0,0.0001,0,0.0001,0,0,0.0001,0,0,0.0001,0,0,0.0002,0,0.0003,0,0,0.0822,0.0913,0.0822,0.0913,
0.8203,0.4102,0.8203,0.4102,1.2305,0.4102,0,1.6406,1.2305,0,0.8203,0.4102,0,0.8203,0.8203,0.8203,1.2305,1.2305,0.4102,1.6406,0.0001,0,0.0001,0,0.0001,0,0,0.0001,0.0001,0,0.0001,0,0,0.0001,0.0001,0.0001,0.0001,0.0001,0,0.0001,0.3273,0.2626,0.3273,0.2626,
1.412,0.9413,0.4707,0.4707,0.9413,1.8827,0.4707,0,0.4707,1.412,0.4707,0.9413,0.4707,0,0.9413,2.3533,1.8827,1.8827,0,0,0.0001,0.0001,0,0,0.0001,0.0001,0,0,0,0.0001,0,0.0001,0,0,0.0001,0.0001,0.0001,0.0001,0,0,0.248,0.2813,0.248,0.2813,
1.4802,0.9868,0,0.4934,0.4934,0.4934,0.4934,0.9868,0.9868,1.9736,0,0.9868,1.4802,1.9736,0.4934,1.4802,0.9868,0,0,0.9868,0.0001,0.0001,0,0,0,0,0,0.0001,0.0001,0.0001,0,0.0001,0.0001,0.0001,0,0.0001,0.0001,0,0,0.0001,0.255,0.2516,0.255,0.2516,
0.7336,0,0.3668,0,0.3668,1.1005,0,0.3668,2.9346,0.7336,0.3668,0.7336,0.7336,0.7336,2.5677,0.7336,0,1.8341,0,0.3668,0.0001,0,0,0,0,0.0001,0,0,0.0002,0.0001,0,0.0001,0.0001,0.0001,0.0002,0.0001,0,0.0001,0,0,0.3563,0.2769,0.3563,0.2769,
0.841,0.4205,2.5231,1.2616,0.4205,1.2616,0,0.841,0.841,1.6821,0,1.6821,0.4205,0.4205,1.2616,0.4205,0,1.6821,0,0,0.0001,0,0.0002,0.0001,0,0.0001,0,0.0001,0.0001,0.0001,0,0.0001,0,0,0.0001,0,0,0.0001,0,0,0.2654,0.3141,0.2654,0.3141,
1.9378,0,1.1627,1.1627,0.7751,1.5502,0,0.3876,0.7751,3.8755,0,0.7751,0.7751,1.1627,1.5502,0.7751,0.3876,0.7751,0,0.3876,0.0001,0,0.0001,0.0001,0,0.0001,0,0,0,0.0002,0,0,0,0.0001,0.0001,0,0,0,0,0,0.2919,0.3205,0.2919,0.3205,
0.6445,0,0,0,0,0,0,0.6445,2.5779,1.9334,0,0,0,0,0,1.2889,0,1.2889,0.6445,0,0.0001,0,0,0,0,0,0,0.0001,0.0003,0.0002,0,0,0,0,0,0.0001,0,0.0001,0.0001,0,0.1972,0.1584,0.1972,0.1584,
0.4521,0.4521,0.9042,1.3562,0.4521,0.9042,1.3562,0.4521,0.9042,0.9042,1.3562,0.9042,0,1.3562,0,0,0.4521,0.9042,0.4521,0.9042,0,0,0.0001,0.0001,0,0.0001,0.0001,0,0.0001,0.0001,0.0001,0.0001,0,0.0001,0,0,0,0.0001,0,0.0001,0.2872,0.2607,0.2872,0.2607,
0.5585,0,0.5585,0.5585,2.2341,0,1.117,0,0.5585,0,0.5585,0,0.5585,0.5585,0.5585,0.5585,0.5585,0.5585,1.6756,1.117,0.0001,0,0.0001,0.0001,0.0002,0,0.0001,0,0.0001,0,0.0001,0,0.0001,0.0001,0.0001,0.0001,0.0001,0.0001,0.0002,0.0001,0.2322,0.2092,0.2322,0.2092,
0.3297,0.6594,0.6594,0.6594,0.3297,1.9783,0.9891,0.9891,1.6486,0.6594,0.6594,0.3297,0.3297,0.9891,0.3297,0.9891,0.6594,0.3297,1.6486,0.6594,0,0,0,0,0,0.0001,0,0,0.0001,0,0,0,0,0,0,0,0,0,0.0001,0,0.3293,0.341,0.3293,0.341,
1.3722,0,0.6861,0.6861,0.6861,2.0583,0,0,0,0.6861,0,0,2.0583,0,0.6861,0,0,0.6861,0.6861,0,0.0002,0,0.0001,0.0001,0.0001,0.0003,0,0,0,0.0001,0,0,0.0003,0,0.0001,0,0,0.0001,0.0001,0,0.155,0.1589,0.155,0.1589,
2.0794,1.3862,0,0.6931,0.3466,0.6931,0.6931,0.3466,2.7725,1.3862,0.3466,0.6931,0,0.6931,1.3862,1.0397,1.3862,0.6931,0,0.3466,0.0001,0.0001,0,0,0,0,0,0,0.0001,0.0001,0,0,0,0,0.0001,0.0001,0.0001,0,0,0,0.3252,0.3282,0.3252,0.3282,
0.7375,1.4749,0.7375,0,0,0,0.7375,1.4749,0,0,0.7375,0.7375,1.4749,0,0,2.9499,1.4749,1.4749,0,0.7375,0,0.0001,0,0,0,0,0,0.0001,0,0,0,0,0.0001,0,0,0.0002,0.0001,0.0001,0,0,0.1348,0.1277,0.1348,0.1277,
0,1.2391,0,0.413,0,0.413,0.413,1.6522,2.4783,0.8261,0.413,0.8261,0.8261,0.8261,2.8913,0.413,0.413,1.2391,0,0,0,0.0001,0,0,0,0,0,0.0001,0.0002,0.0001,0,0.0001,0.0001,0.0001,0.0002,0,0,0.0001,0,0,0.2922,0.2948,0.2922,0.2948,
0,0,0.7665,0,0,0,0,0.7665,0.7665,0,0.7665,0.7665,0,0,0,0,0,0.7665,0.7665,2.2994,0,0,0.0001,0,0,0,0,0.0001,0.0001,0,0.0001,0.0001,0,0,0,0,0,0.0001,0.0001,0.0003,0.1436,0.0899,0.1436,0.0899,
1.3181,0.4394,0.8787,0.4394,0.4394,0.4394,0.4394,0.4394,0.8787,0.4394,1.7575,0.4394,0.4394,0.4394,1.7575,0.4394,0.4394,2.1968,0.4394,1.7575,0.0001,0,0.0001,0,0,0,0,0,0.0001,0,0.0001,0,0,0,0.0001,0,0,0.0001,0,0.0001,0.2966,0.264,0.2966,0.264,
0,0,0.882,0.882,0.441,0.882,0,0,0.441,2.205,0,0.882,1.764,0.882,0.882,0.441,0.882,1.323,0.882,1.764,0,0,0.0001,0.0001,0,0.0001,0,0,0,0.0002,0,0.0001,0.0001,0.0001,0.0001,0,0.0001,0.0001,0.0001,0.0001,0.344,0.215,0.344,0.215,
0,0,0.3996,1.9979,0.3996,0.7992,0.3996,0.7992,0.7992,3.5962,0.7992,0.7992,0.7992,1.1987,0.3996,0.3996,1.1987,0,0.3996,0.7992,0,0,0,0.0001,0,0.0001,0,0.0001,0.0001,0.0002,0.0001,0.0001,0.0001,0.0001,0,0,0.0001,0,0,0.0001,0.3131,0.2874,0.3131,0.2874,
0.6415,0,0.3208,0,0.3208,0.9623,0.6415,0,3.2076,1.283,0.6415,0.3208,0.3208,0.6415,2.5661,0.6415,1.283,0.6415,0,0.6415,0.0001,0,0,0,0,0.0001,0.0001,0,0.0003,0.0001,0.0001,0,0,0.0001,0.0002,0.0001,0.0001,0.0001,0,0.0001,0.3606,0.3186,0.3606,0.3186,
0,0,0.7659,0.3829,0.7659,0.7659,0.7659,1.1488,0.7659,0.7659,0.3829,1.5317,0.7659,0.3829,1.1488,1.5317,0.3829,0.3829,1.1488,0,0,0,0.0001,0,0.0001,0.0001,0.0001,0.0001,0.0001,0.0001,0,0.0001,0.0001,0,0.0001,0.0001,0,0,0.0001,0,0.303,0.3141,0.303,0.3141,
0.4991,0.9983,0.4991,0.9983,0.9983,1.4974,0.4991,0,1.4974,1.4974,0,1.9966,0.9983,0,0,2.9949,0.9983,0.9983,0,0,0,0.0001,0,0.0001,0.0001,0.0001,0,0,0.0001,0.0001,0,0.0001,0.0001,0,0,0.0002,0.0001,0.0001,0,0,0.2643,0.2366,0.2643,0.2366,
2.9457,0,0.8416,1.6832,1.2624,0.8416,0,0.4208,0.4208,2.9457,0.4208,1.6832,0.8416,2.5249,0.8416,0.8416,1.6832,0.8416,0,0,0.0002,0,0,0.0001,0.0001,0,0,0,0,0.0002,0,0.0001,0,0.0001,0,0,0.0001,0,0,0,0.3004,0.2788,0.3004,0.2788,
1.1708,0.7805,0.7805,0.7805,0.3903,1.1708,1.1708,1.5611,0.7805,0,0.7805,0.7805,0.3903,1.9514,0.3903,0,0.7805,0.3903,1.5611,2.3416,0.0001,0,0,0,0,0.0001,0.0001,0.0001,0,0,0,0,0,0.0001,0,0,0,0,0.0001,0.0001,0.3366,0.2731,0.3366,0.2731,
1.2884,1.2884,1.7178,0.8589,0.4295,0.8589,0.4295,0.8589,0.4295,1.2884,1.2884,0.8589,0.4295,0,0.4295,0.8589,0.8589,0.4295,0.8589,0.8589,0.0001,0.0001,0.0001,0,0,0,0,0,0,0.0001,0.0001,0,0,0,0,0,0,0,0,0,0.3315,0.2391,0.3315,0.2391,
1.4422,0.4807,0,1.4422,2.4037,1.923,0,1.923,0.9615,2.8845,0.9615,0.4807,0.4807,0.9615,0,1.4422,0.9615,1.4422,0,0,0.0001,0,0,0.0001,0.0001,0.0001,0,0.0001,0,0.0001,0,0,0,0,0,0.0001,0,0.0001,0,0,0.3031,0.2161,0.3031,0.2161,
1.3089,1.3089,0,0,0,0,0.6544,0.6544,0,1.3089,0,1.3089,1.3089,0.6544,1.3089,0,1.9633,0.6544,0,0.6544,0.0001,0.0001,0,0,0,0,0,0,0,0.0001,0,0.0001,0.0001,0,0.0001,0,0.0001,0,0,0,0.2148,0.1308,0.2148,0.1308,
0.8642,1.7285,0,1.7285,0.4321,1.7285,0.4321,1.2964,0.4321,0.4321,2.1606,1.2964,0.8642,0.8642,0.4321,0.8642,2.1606,0.8642,0.4321,0.4321,0,0.0001,0,0.0001,0,0.0001,0,0.0001,0,0,0.0001,0.0001,0,0,0,0,0.0001,0,0,0,0.2794,0.2884,0.2794,0.2884,
0,0,1.1089,1.1089,1.1089,0,0,0,1.1089,1.1089,0,0.5545,0.5545,0,0.5545,0.5545,0.5545,1.1089,0,0.5545,0,0,0.0001,0.0001,0.0001,0,0,0,0.0001,0.0001,0,0.0001,0.0001,0,0.0001,0.0001,0.0001,0.0001,0,0.0001,0.2296,0.2159,0.2296,0.2159,
2.7574,1.5757,0.3939,1.1818,0,1.1818,1.1818,0.7878,0,0.7878,0.3939,0.7878,1.5757,0.3939,1.1818,0.7878,0,0.3939,0.7878,1.1818,0.0001,0.0001,0,0.0001,0,0.0001,0.0001,0,0,0,0,0,0.0001,0,0.0001,0,0,0,0,0.0001,0.2769,0.3292,0.2769,0.3292,
0,0,0,0.7126,0,2.1377,0,0.7126,0.7126,1.4252,0.7126,0.7126,0,0.7126,0.7126,0.7126,0.7126,0.7126,0,0,0,0,0,0.0001,0,0.0002,0,0.0001,0.0001,0.0001,0.0001,0.0001,0,0.0001,0.0001,0.0001,0.0001,0.0001,0,0,0.1941,0.0933,0.1941,0.0933,
0,0.8024,0.8024,0,0.8024,1.6049,0,0,0,0.8024,0.8024,0.8024,2.4073,0.8024,0,0,0,0,0,0,0,0.0001,0.0001,0,0.0001,0.0002,0,0,0,0.0001,0.0001,0.0001,0.0002,0.0001,0,0,0,0,0,0,0.1125,0.0851,0.1125,0.0851,
0.7594,0.3797,1.5187,0.7594,1.5187,1.5187,0.7594,0.7594,0.3797,1.1391,1.1391,0.7594,0.3797,1.1391,0.3797,1.8984,0.3797,0.7594,0,0.3797,0,0,0.0001,0,0.0001,0.0001,0,0,0,0.0001,0.0001,0,0,0.0001,0,0.0001,0,0,0,0,0.2966,0.3237,0.2966,0.3237,
1.2341,1.2341,0.4114,0.4114,0.4114,1.6454,1.6454,1.2341,0.4114,1.6454,0.4114,0.4114,1.6454,0,0.8227,0.4114,0.4114,0.4114,1.2341,0.8227,0.0001,0.0001,0,0,0,0.0001,0.0001,0.0001,0,0.0001,0,0,0.0001,0,0,0,0,0,0.0001,0,0.3252,0.2634,0.3252,0.2634,
0.7221,0,0.7221,0.7221,0.7221,0,0,0.7221,0,0,0,0,2.1663,0,0.7221,1.4442,0,0,0,0,0.0001,0,0.0001,0.0001,0.0001,0,0,0.0001,0,0,0,0,0.0003,0,0.0001,0.0002,0,0,0,0,0.116,0.1619,0.116,0.1619,
0.9726,0.9726,0.6484,0.6484,0.3242,0.3242,0.3242,0.9726,0.9726,0.6484,0.9726,0.6484,0.6484,0.6484,1.2968,0.6484,0.3242,0.6484,1.2968,0.3242,0.0001,0.0001,0,0,0,0,0,0.0001,0.0001,0,0.0001,0,0,0,0.0001,0,0,0,0.0001,0,0.3189,0.3569,0.3189,0.3569,
0.6983,0.3491,1.7457,1.0474,0.3491,0.3491,1.3965,1.3965,0.6983,0.6983,0.3491,0.3491,1.0474,0.3491,0.6983,0.6983,0,0.3491,1.3965,1.3965,0,0,0.0001,0.0001,0,0,0.0001,0.0001,0,0,0,0,0.0001,0,0,0,0,0,0.0001,0.0001,0.3282,0.3227,0.3282,0.3227,
1.0101,0,0,0,0,2.3569,0,0,3.0303,0,0.3367,0,1.6835,0,2.3569,2.0202,0.3367,0.6734,0,0,0.0001,0,0,0,0,0.0002,0,0,0.0003,0,0,0,0.0001,0,0.0002,0.0002,0,0.0001,0,0,0.2641,0.3992,0.2641,0.3992,
0.8224,1.6448,0.8224,0.4112,2.056,0,1.2336,1.6448,0.8224,0.8224,0.8224,0.4112,1.6448,1.6448,0.4112,1.2336,1.2336,0.4112,0.8224,0.4112,0,0.0001,0,0,0.0001,0,0,0.0001,0,0,0,0,0.0001,0.0001,0,0,0,0,0,0,0.3469,0.2419,0.3469,0.2419,
1.5962,0.7981,0.3991,1.1972,0.7981,0.7981,0,1.1972,1.1972,0,0.7981,0.7981,0.7981,0,1.1972,0.3991,1.1972,0,0.3991,1.5962,0.0001,0,0,0.0001,0,0,0,0.0001,0.0001,0,0,0,0,0,0.0001,0,0.0001,0,0,0.0001,0.3065,0.2944,0.3065,0.2944,
0.9121,0.4561,0.4561,1.8242,2.2803,0,0,0.4561,0.9121,0.9121,0.4561,2.2803,0.4561,0,0.9121,1.3682,0.9121,1.8242,0,0.9121,0,0,0,0.0001,0.0001,0,0,0,0,0,0,0.0001,0,0,0,0.0001,0,0.0001,0,0,0.2904,0.2535,0.2904,0.2535,
0.7508,1.877,1.5016,0.7508,1.877,0.3754,1.1262,0.3754,0.3754,0.7508,0.3754,0.7508,0.7508,0.3754,1.1262,1.1262,0,0.7508,0.3754,0.3754,0,0.0001,0.0001,0,0.0001,0,0.0001,0,0,0,0,0,0,0,0.0001,0.0001,0,0,0,0,0.2812,0.3434,0.2812,0.3434,
0.6917,0,0,0.3459,0.3459,1.0376,0.3459,0.3459,2.767,1.0376,0.6917,0.3459,0.3459,0.6917,3.4587,1.0376,1.3835,0,0,0.3459,0.0001,0,0,0,0,0.0001,0,0,0.0003,0.0001,0.0001,0,0,0.0001,0.0003,0.0001,0.0001,0,0,0,0.331,0.3231,0.331,0.3231,
0.3984,1.5936,0.7968,0.7968,0.3984,1.1952,0,0.3984,0.7968,1.1952,0.7968,0.3984,1.9921,0.3984,1.1952,0.3984,1.1952,0,0.3984,0.3984,0,0.0001,0,0,0,0.0001,0,0,0,0.0001,0,0,0.0001,0,0.0001,0,0.0001,0,0,0,0.3128,0.2888,0.3128,0.2888,
0.6948,0,1.3896,0.6948,0.6948,1.3896,0,0,0.6948,0,0,0,0.6948,0.6948,0.6948,0.6948,0,1.3896,0,0,0.0001,0,0.0001,0.0001,0.0001,0.0001,0,0,0.0001,0,0,0,0.0001,0.0001,0.0001,0.0001,0,0.0001,0,0,0.1518,0.1534,0.1518,0.1534,
1.8069,0.7228,0.7228,1.0841,0,0.3614,0.7228,2.5297,0.7228,0.7228,0.3614,1.8069,0,0.3614,1.0841,1.0841,0.7228,0.3614,0.3614,0.3614,0.0001,0,0,0.0001,0,0,0,0.0001,0,0,0,0.0001,0,0,0.0001,0.0001,0,0,0,0,0.3312,0.3074,0.3312,0.3074,
0.8813,0,0,0,2.644,0,0,2.644,0.8813,3.0846,0.4407,0.8813,1.322,0.8813,1.322,0.8813,0.8813,2.644,0,1.7627,0.0001,0,0,0,0.0002,0,0,0.0002,0.0001,0.0002,0,0.0001,0.0001,0.0001,0.0001,0.0001,0.0001,0.0002,0,0.0001,0.2694,0.2899,0.2694,0.2899,
0.4105,0,1.2315,0.4105,0.821,2.0525,0.821,1.642,0.821,1.642,0.4105,0.4105,0.821,0.4105,0,0.4105,0.4105,0.4105,1.642,1.2315,0,0,0.0001,0,0,0.0001,0,0.0001,0,0.0001,0,0,0,0,0,0,0,0,0.0001,0.0001,0.276,0.3135,0.276,0.3135,
0.6985,0.3492,0.6985,0,0,0.6985,0.3492,0.6985,2.794,0.3492,0.6985,1.0477,0.3492,0.3492,2.4447,0.6985,0,1.7462,0,0.3492,0.0001,0,0.0001,0,0,0.0001,0,0.0001,0.0002,0,0.0001,0.0001,0,0,0.0002,0.0001,0,0.0001,0,0,0.3687,0.2821,0.3687,0.2821,
0.4497,0,0.8993,0.8993,1.349,0.4497,1.349,0.8993,0,0.8993,0.4497,0.4497,0.4497,0.8993,0.4497,0,0.4497,0,0.8993,0.8993,0,0,0.0001,0.0001,0.0001,0,0.0001,0.0001,0,0.0001,0,0,0,0.0001,0,0,0,0,0.0001,0.0001,0.2429,0.3075,0.2429,0.3075,
1.8082,0,0.6027,0.6027,0.6027,1.2055,0,1.8082,1.2055,2.4109,0,1.2055,0,0,0,1.2055,0,0.6027,0,0,0.0001,0,0,0,0,0.0001,0,0.0001,0.0001,0.0002,0,0.0001,0,0,0,0.0001,0,0,0,0,0.2016,0.1957,0.2016,0.1957,
0.7376,1.1063,1.4751,1.4751,1.4751,0,1.1063,0.7376,1.1063,1.1063,0.7376,0.3688,0.7376,0.7376,0.7376,0.3688,1.1063,0.7376,0.7376,0,0,0.0001,0.0001,0.0001,0.0001,0,0.0001,0,0.0001,0.0001,0,0,0,0,0,0,0.0001,0,0,0,0.2938,0.3374,0.2938,0.3374,
0,0.792,0.792,0.792,0.792,0.792,1.584,0.396,0.396,1.584,1.98,1.188,0.396,0.396,1.188,0.396,0.792,0.792,0.396,0.396,0,0,0,0,0,0,0.0001,0,0,0.0001,0.0001,0.0001,0,0,0.0001,0,0,0,0,0,0.3075,0.2965,0.3075,0.2965,
1.3014,0.4338,1.3014,0,0.8676,1.3014,0.8676,1.3014,0.4338,1.3014,0.8676,0.4338,2.1689,0.4338,0.8676,0.8676,0,0.4338,0.4338,0.4338,0.0001,0,0.0001,0,0,0.0001,0,0.0001,0,0.0001,0,0,0.0001,0,0,0,0,0,0,0,0.2919,0.2743,0.2919,0.2743,
0,0.986,0.3287,1.3146,1.3146,0.3287,0.3287,0,1.6433,0.6573,0.6573,0.6573,1.3146,1.6433,1.3146,0.3287,0.3287,0.986,1.3146,0.986,0,0.0001,0,0.0001,0.0001,0,0,0,0.0001,0,0,0,0.0001,0.0001,0.0001,0,0,0.0001,0.0001,0.0001,0.3447,0.3267,0.3447,0.3267,
0.3245,0.9735,0.9735,0.3245,2.2714,0.9735,0.9735,0.3245,0.649,1.2979,0.9735,0.9735,0.3245,0,1.9469,1.2979,0.3245,0.3245,0,0.9735,0,0,0,0,0.0001,0,0,0,0,0.0001,0,0,0,0,0.0001,0.0001,0,0,0,0,0.3375,0.338,0.3375,0.338,
0.4199,0.8398,0.4199,0.8398,0,0.8398,0.8398,1.2597,1.2597,1.2597,0,1.6796,0.4199,0.4199,1.2597,0.8398,0.4199,0.4199,0.8398,0.8398,0,0,0,0,0,0,0,0.0001,0.0001,0.0001,0,0.0001,0,0,0.0001,0,0,0,0,0,0.3049,0.2752,0.3049,0.2752,
0.7179,0.7179,0,1.4358,0,0,0.7179,0,0.7179,0,1.4358,0.7179,0,0,0.7179,1.4358,0.7179,1.4358,0,0,0.0001,0.0001,0,0.0002,0,0,0.0001,0,0.0001,0,0.0002,0.0001,0,0,0.0001,0.0002,0.0001,0.0002,0,0,0.2027,0.0794,0.2027,0.0794,
0.5216,0,0,1.0431,2.6079,1.0431,0,0.5216,0.5216,3.651,0.5216,2.0863,1.5647,0,0.5216,2.0863,0.5216,1.5647,0.5216,0.5216,0,0,0,0.0001,0.0002,0.0001,0,0,0,0.0002,0,0.0001,0.0001,0,0,0.0001,0,0.0001,0,0,0.217,0.2614,0.217,0.2614,
1.4527,0.9684,0,0.4842,0.9684,0.4842,0.9684,1.9369,0.9684,0.4842,1.9369,2.4211,1.4527,0.4842,0,1.4527,0.4842,0.4842,0.4842,0.9684,0.0001,0,0,0,0,0,0,0.0001,0,0,0.0001,0.0001,0.0001,0,0,0.0001,0,0,0,0,0.2507,0.2651,0.2507,0.2651,
0.3623,0.7247,1.087,0.7247,0.3623,0.7247,1.087,1.8117,0,1.4493,0.7247,1.087,1.087,0.3623,1.8117,1.087,0.3623,1.4493,1.087,0.3623,0,0,0.0001,0,0,0,0.0001,0.0001,0,0.0001,0,0.0001,0.0001,0,0.0001,0.0001,0,0.0001,0.0001,0,0.3172,0.3205,0.3172,0.3205,
1.2005,0,0.4002,0.4002,2.0008,0.8003,0.4002,2.0008,0.8003,1.6006,0.4002,0.4002,1.2005,0,0.8003,0.8003,1.2005,2.0008,1.2005,0,0.0001,0,0,0,0.0001,0.0001,0,0.0001,0.0001,0.0001,0,0,0.0001,0,0.0001,0.0001,0.0001,0.0001,0.0001,0,0.2802,0.3196,0.2802,0.3196,
0.3894,0.3894,1.1681,1.5575,0.3894,0.7787,0.3894,0.3894,0.7787,0,1.1681,0,0,0,0.7787,2.3362,0.7787,1.9468,0.3894,1.1681,0,0,0.0001,0.0001,0,0,0,0,0,0,0.0001,0,0,0,0,0.0001,0,0.0001,0,0.0001,0.3519,0.2587,0.3519,0.2587,
0.5352,0,0,0.5352,2.1409,0.5352,0,1.6056,0.5352,3.7465,0.5352,2.1409,0.5352,1.0704,1.0704,2.1409,0.5352,1.6056,0.5352,0.5352,0,0,0,0,0.0001,0,0,0.0001,0,0.0002,0,0.0001,0,0.0001,0.0001,0.0001,0,0.0001,0,0,0.2633,0.2015,0.2633,0.2015,
0.9624,0,0,0.4812,0.9624,0.4812,0.9624,0.4812,1.4436,0.9624,0.4812,0,0.9624,0.9624,1.4436,0.9624,0,0,0.9624,0,0.0001,0,0,0,0.0001,0,0.0001,0,0.0001,0.0001,0,0,0.0001,0.0001,0.0001,0.0001,0,0,0.0001,0,0.2807,0.2381,0.2807,0.2381,
2.3959,0,0,0,0.3423,1.3691,0.6845,0.3423,1.7113,0.6845,0.6845,0,0.3423,0.3423,3.7649,0.6845,0.6845,0.6845,0,0.3423,0.0002,0,0,0,0,0.0001,0.0001,0,0.0002,0.0001,0.0001,0,0,0,0.0003,0.0001,0.0001,0.0001,0,0,0.303,0.3547,0.303,0.3547,
0,0.9158,0.4579,0,0,0.9158,0,0.4579,0.9158,0.9158,0,1.8316,0.9158,0.4579,1.3737,0.9158,0.4579,0,0.9158,2.2895,0,0,0,0,0,0,0,0,0,0,0,0.0001,0,0,0.0001,0,0,0,0,0.0001,0.2847,0.2574,0.2847,0.2574,
0,3.8529,0.6421,0.6421,0.6421,3.2107,0,0.6421,0,0.6421,0,0,1.9264,0,0.6421,1.9264,1.9264,0.6421,0.6421,0.6421,0,0.0001,0,0,0,0.0001,0,0,0,0,0,0,0.0001,0,0,0.0001,0.0001,0,0,0,0.179,0.1789,0.179,0.1789,
1.502,1.1265,0.751,1.502,0.3755,0.751,1.1265,0.751,0.751,0.751,0,1.502,0,0,1.1265,1.8776,0,1.502,1.1265,0.3755,0.0001,0.0001,0,0.0001,0,0,0.0001,0,0,0,0,0.0001,0,0,0.0001,0.0001,0,0.0001,0.0001,0,0.2836,0.3409,0.2836,0.3409,
1.5312,0,1.5312,0.7656,0,0.7656,0,0,0.7656,0.7656,0,0,0,0,0,0.7656,0,0.7656,0,0,0.0003,0,0.0003,0.0002,0,0.0002,0,0,0.0002,0.0002,0,0,0,0,0,0.0002,0,0.0002,0,0,0.1374,0.097,0.1374,0.097,
0.6663,0,0,0,1.9989,1.3326,0,3.9978,1.3326,3.3315,1.3326,0,0,0,0,0,0.6663,2.6652,0.6663,0,0.0001,0,0,0,0.0002,0.0001,0,0.0004,0.0001,0.0004,0.0001,0,0,0,0,0,0.0001,0.0003,0.0001,0,0.1746,0.1591,0.1746,0.1591,
0.7199,1.4399,0,0,0,0.7199,0,0,0,0,1.4399,0.7199,0,0,1.4399,1.4399,1.4399,0,0.7199,0,0.0001,0.0001,0,0,0,0.0001,0,0,0,0,0.0001,0.0001,0,0,0.0001,0.0001,0.0001,0,0.0001,0,0.1389,0.1412,0.1389,0.1412,
0.839,0,1.2585,0.839,0.4195,1.2585,0,1.6781,2.0976,2.0976,2.0976,0.839,1.2585,0.839,0.4195,1.2585,0.4195,2.0976,0,1.2585,0,0,0.0001,0,0,0.0001,0,0.0001,0.0001,0.0001,0.0001,0,0.0001,0,0,0.0001,0,0.0001,0,0.0001,0.3001,0.2804,0.3001,0.2804,
0.8531,0,0.8531,0,0.8531,0,0,1.2797,2.1328,1.7062,0.8531,0.8531,0.8531,0,1.2797,1.2797,0.8531,1.2797,0,1.2797,0.0001,0,0.0001,0,0.0001,0,0,0.0001,0.0002,0.0001,0.0001,0.0001,0.0001,0,0.0001,0.0001,0.0001,0.0001,0,0.0001,0.2724,0.3011,0.2724,0.3011,
0,0,0,0,0.7403,1.4806,0,0,0.7403,0,0.7403,0.7403,2.2208,0.7403,0,1.4806,0,0,0.7403,1.4806,0,0,0,0,0.0001,0.0001,0,0,0.0001,0,0.0001,0.0001,0.0002,0.0001,0,0.0001,0,0,0.0001,0.0001,0.1312,0.1286,0.1312,0.1286,
0,0.6909,0,0,0,0.6909,0.6909,0.6909,0,2.0728,0.6909,2.7637,0.6909,1.3819,0,0.6909,0.6909,1.3819,0.6909,0.6909,0,0,0,0,0,0,0,0,0,0.0001,0,0.0002,0,0.0001,0,0,0,0.0001,0,0,0.1513,0.1578,0.1513,0.1578,
0.962,0,0.962,0.481,2.8861,0.481,0.481,1.4431,0.481,1.4431,0.962,0.962,0.481,0.962,0.962,0.962,0.481,1.4431,0,0.962,0.0001,0,0.0001,0,0.0002,0,0,0.0001,0,0.0001,0.0001,0.0001,0,0.0001,0.0001,0.0001,0,0.0001,0,0.0001,0.2856,0.2334,0.2856,0.2334,
0,0,0,1.3641,0,0,0.682,0,0.682,1.3641,0,1.3641,0,2.0461,0.682,0,1.3641,0,0,0,0,0,0,0.0003,0,0,0.0001,0,0.0001,0.0003,0,0.0003,0,0.0004,0.0001,0,0.0003,0,0,0,0.1664,0.1515,0.1664,0.1515,
0.3977,0.7954,1.1931,0.7954,0.3977,0.7954,0.3977,0,0.3977,0.3977,0.3977,0.7954,0.3977,0,1.5908,1.1931,1.1931,1.1931,0.7954,0,0,0,0.0001,0,0,0,0,0,0,0,0,0,0,0,0.0001,0.0001,0.0001,0.0001,0,0,0.3138,0.2885,0.3138,0.2885,
0.8745,0.8745,0.4372,0.4372,0.8745,0.8745,1.3117,0.4372,0,0.8745,0.8745,1.3117,0.4372,0.4372,0.8745,0.4372,0.4372,0,2.1862,0.8745,0,0,0,0,0,0,0.0001,0,0,0,0,0.0001,0,0,0,0,0,0,0.0001,0,0.3075,0.2552,0.3075,0.2552,
1.9804,0,0,0,0.3301,1.3203,0.6601,0.6601,1.6503,0.3301,0.6601,0.9902,0.6601,0.3301,3.9608,0,1.6503,0.3301,0,0.6601,0.0002,0,0,0,0,0.0001,0.0001,0.0001,0.0001,0,0.0001,0.0001,0.0001,0,0.0004,0,0.0001,0,0,0.0001,0.3519,0.318,0.3519,0.318,
0.9095,0.9095,0,0.9095,0.9095,0.4548,0.9095,0.9095,0.4548,0,0.9095,0,1.3643,0,0.9095,1.3643,0.4548,0.4548,0.9095,0.4548,0.0001,0.0001,0,0.0001,0.0001,0,0.0001,0.0001,0,0,0.0001,0,0.0001,0,0.0001,0.0001,0,0,0.0001,0,0.2607,0.2846,0.2607,0.2846,
1.0284,0.3428,0.6856,2.3996,0.3428,0,0,1.3712,1.0284,2.0568,0.6856,1.3712,0,0.6856,1.3712,1.3712,0.3428,1.0284,0,0.3428,0.0001,0,0,0.0001,0,0,0,0.0001,0.0001,0.0001,0,0.0001,0,0,0.0001,0.0001,0,0.0001,0,0,0.2781,0.3791,0.2781,0.3791,
1.4403,0.7201,2.1604,0.7201,0,0,0,0.7201,0,0.7201,0.7201,0,0.7201,0.7201,0,0,0,0.7201,0,0,0.0001,0.0001,0.0002,0.0001,0,0,0,0.0001,0,0.0001,0.0001,0,0.0001,0.0001,0,0,0,0.0001,0,0,0.1404,0.1395,0.1404,0.1395,
1.3846,0,1.3846,0.9231,0.4615,0.9231,0.4615,0,0,1.8462,0,0.9231,1.3846,1.3846,1.3846,1.3846,0.9231,1.3846,0,0,0.0001,0,0.0001,0.0001,0,0.0001,0,0,0,0.0001,0,0.0001,0.0001,0.0001,0.0001,0.0001,0.0001,0.0001,0,0,0.2675,0.2709,0.2675,0.2709,
1.8976,0,1.5181,0.3795,0.759,1.8976,0.3795,0.759,0.759,1.8976,1.5181,0.3795,0,0,0.759,1.1385,0.3795,0.3795,0,1.1385,0.0001,0,0.0001,0,0,0.0001,0,0,0,0.0001,0.0001,0,0,0,0,0.0001,0,0,0,0.0001,0.3144,0.3061,0.3144,0.3061,
1.2858,0.8572,0.8572,0.8572,0.8572,0.4286,0.4286,0.8572,0.4286,0,1.2858,0.4286,0.4286,0.8572,0.8572,0.4286,0.4286,0,1.2858,0.4286,0.0001,0.0001,0.0001,0.0001,0.0001,0,0,0.0001,0,0,0.0001,0,0,0.0001,0.0001,0,0,0,0.0001,0,0.2942,0.2772,0.2942,0.2772,
0.481,0,0.481,0.962,1.4429,0.962,0,0,0,4.3288,0.481,1.9239,1.4429,0.962,0.962,1.9239,0.481,1.9239,0,0.962,0,0,0,0.0001,0.0001,0.0001,0,0,0,0.0003,0,0.0001,0.0001,0.0001,0.0001,0.0001,0,0.0001,0,0.0001,0.2366,0.2825,0.2366,0.2825,
0,1.8052,0.9026,0,0,0,1.8052,0.9026,0.9026,0.4513,3.6103,1.3539,2.2564,1.3539,0.4513,1.3539,0.9026,0.4513,0.4513,0.9026,0,0.0001,0,0,0,0,0.0001,0,0,0,0.0002,0.0001,0.0001,0.0001,0,0.0001,0,0,0,0,0.2846,0.2641,0.2846,0.2641,
0.849,1.698,0.4245,0.849,1.2735,0.849,0.4245,0.4245,0,0.4245,0.849,0.4245,0.4245,0.849,1.698,0.849,0.4245,1.2735,2.547,1.2735,0,0.0001,0,0,0.0001,0,0,0,0,0,0,0,0,0,0.0001,0,0,0.0001,0.0001,0.0001,0.2439,0.3316,0.2439,0.3316,
1.0475,0.5238,0.5238,0.5238,1.5713,0,0,0,0.5238,0,0,1.5713,0,0.5238,1.5713,0.5238,1.0475,0,0,0.5238,0.0001,0,0,0,0.0001,0,0,0,0,0,0,0.0001,0,0,0.0001,0,0.0001,0,0,0,0.2024,0.2739,0.2024,0.2739,
0.8421,0,0.8421,1.6843,0.4211,0.8421,0,1.2632,0.8421,1.6843,0,0,0.4211,1.6843,1.2632,1.6843,1.2632,1.6843,0,0.4211,0.0001,0,0.0001,0.0001,0,0.0001,0,0.0001,0.0001,0.0001,0,0,0,0.0001,0.0001,0.0001,0.0001,0.0001,0,0,0.3332,0.2457,0.3332,0.2457,
1.4654,0,0,0,0.3663,1.099,0.3663,0,2.5644,0.7327,0.7327,0.7327,0.3663,0.3663,3.6634,1.4654,0.7327,1.099,0,0.3663,0.0001,0,0,0,0,0.0001,0,0,0.0002,0.0001,0.0001,0.0001,0,0,0.0003,0.0001,0.0001,0.0001,0,0,0.3108,0.3228,0.3108,0.3228,
0.4228,1.6913,0.8456,0.8456,1.6913,0.4228,0.4228,0.4228,1.2685,1.2685,0.8456,0.8456,0,0.4228,0,1.2685,2.1141,1.2685,0.8456,1.6913,0,0.0001,0,0,0.0001,0,0,0,0.0001,0.0001,0,0,0,0,0,0.0001,0.0001,0.0001,0,0.0001,0.2803,0.2968,0.2803,0.2968,
0.4225,1.69,0,0.845,1.2675,1.69,1.69,0.4225,0,1.69,1.69,0.845,1.69,0.4225,1.69,0.845,0,0,0,0.4225,0,0.0001,0,0,0.0001,0.0001,0.0001,0,0,0.0001,0.0001,0,0.0001,0,0.0001,0,0,0,0,0,0.3092,0.2683,0.3092,0.2683,
1.2088,0,1.2088,1.2088,0.8059,0.8059,0,0,0.8059,0.4029,0.8059,1.2088,0.4029,1.6118,0.8059,0.8059,2.0147,0.8059,0.8059,0,0.0001,0,0.0001,0.0001,0.0001,0.0001,0,0,0.0001,0,0.0001,0.0001,0,0.0001,0.0001,0.0001,0.0001,0.0001,0.0001,0,0.2856,0.3115,0.2856,0.3115,
0.813,1.2195,0.4065,1.6261,1.2195,0.4065,0.4065,0.813,0.4065,1.2195,0.4065,0.813,1.2195,1.6261,1.6261,0.813,0.4065,0.813,0.813,0.4065,0,0.0001,0,0.0001,0.0001,0,0,0,0,0.0001,0,0,0.0001,0.0001,0.0001,0,0,0,0,0,0.3072,0.2863,0.3072,0.2863,
0,1.3425,0,0,0,1.3425,0.6712,0.6712,0.6712,0,0.6712,1.3425,0,0,1.3425,0,0,0,0,0,0,0.0001,0,0,0,0.0001,0.0001,0.0001,0.0001,0,0.0001,0.0001,0,0,0.0001,0,0,0,0,0,0.1931,0.1356,0.1931,0.1356,
1.9216,0,0.6405,0.6405,1.9216,0,0,2.5621,0.6405,3.2026,0.6405,0.6405,0.6405,0.6405,0,1.2811,2.5621,3.2026,0,0.6405,0.0002,0,0.0001,0.0001,0.0002,0,0,0.0002,0.0001,0.0003,0.0001,0.0001,0.0001,0.0001,0,0.0001,0.0002,0.0003,0,0.0001,0.1902,0.1693,0.1902,0.1693,
0.4089,0.8177,1.2266,0.4089,2.0443,0.8177,1.2266,0,0,0.4089,1.6354,0.8177,0.8177,1.6354,0.8177,0.4089,0.4089,0,1.6354,0.8177,0,0,0.0001,0,0.0001,0,0.0001,0,0,0,0.0001,0,0,0.0001,0,0,0,0,0.0001,0,0.2664,0.3247,0.2664,0.3247,
1.3539,0.9026,0,0.4513,0,0,1.8052,0.9026,1.3539,0.4513,1.3539,0.9026,0.9026,0.9026,0.4513,0.4513,1.3539,0.4513,0.9026,1.8052,0.0001,0.0001,0,0,0,0,0.0001,0.0001,0.0001,0,0.0001,0.0001,0.0001,0.0001,0,0,0.0001,0,0.0001,0.0001,0.3139,0.2347,0.3139,0.2347,
0,0,0.7553,0,0.7553,0.7553,0,0,0.7553,0.7553,0.7553,0,0,0,0,1.5106,0,0,0,1.5106,0,0,0.0001,0,0.0001,0.0001,0,0,0.0001,0.0001,0.0001,0,0,0,0,0.0002,0,0,0,0.0002,0.1441,0.1006,0.1441,0.1006,
0.5322,0.5322,1.0645,0.5322,1.0645,0.5322,0,0.5322,0.5322,0,1.0645,1.0645,0.5322,1.0645,0.5322,1.5967,1.0645,0.5322,0,0,0,0,0.0001,0,0.0001,0,0,0,0,0,0.0001,0.0001,0,0.0001,0,0.0001,0.0001,0,0,0,0.2211,0.2467,0.2211,0.2467,
1.2563,0,0.6282,0,0.6282,1.2563,0.6282,0.6282,0.6282,1.8845,1.2563,0,0.6282,0,0.6282,1.2563,0.6282,0.6282,0,0.6282,0.0001,0,0.0001,0,0.0001,0.0001,0.0001,0.0001,0.0001,0.0002,0.0001,0,0.0001,0,0.0001,0.0001,0.0001,0.0001,0,0.0001,0.2053,0.1665,0.2053,0.1665,
2.5231,1.2615,0,2.5231,0,1.2615,0,0.4205,0.4205,1.682,2.1026,0.4205,0.841,0.841,0.4205,1.2615,1.2615,2.1026,0.4205,0.841,0.0001,0.0001,0,0.0001,0,0.0001,0,0,0,0.0001,0.0001,0,0,0,0,0.0001,0.0001,0.0001,0,0,0.2431,0.3363,0.2431,0.3363,
0.5375,0,1.075,1.6125,0.5375,0,1.075,0.5375,0.5375,1.6125,0.5375,0.5375,2.15,0,0,1.6125,0.5375,0.5375,0,0,0,0,0.0001,0.0001,0,0,0.0001,0,0,0.0001,0,0,0.0002,0,0,0.0001,0,0,0,0,0.2536,0.2089,0.2536,0.2089,
0,0,1.1159,1.1159,0.558,1.1159,0,0,0.558,2.2318,0,1.1159,0,0,0.558,0,1.1159,1.6739,0,0.558,0,0,0.0001,0.0001,0.0001,0.0001,0,0,0.0001,0.0002,0,0.0001,0,0,0.0001,0,0.0001,0.0002,0,0.0001,0.2664,0.1756,0.2664,0.1756,
0,0,0,1.7493,1.1662,0.5831,0.5831,1.1662,1.7493,0.5831,0,0.5831,0.5831,1.1662,1.1662,0.5831,0.5831,0.5831,0,0,0,0,0,0.0002,0.0001,0.0001,0.0001,0.0001,0.0002,0.0001,0,0.0001,0.0001,0.0001,0.0001,0.0001,0.0001,0.0001,0,0,0.2417,0.1752,0.2417,0.1752,
1.2855,1.2855,1.2855,0.6428,0.6428,0.6428,0.6428,0,0.6428,0.6428,0.6428,0,1.9283,0,0.6428,0,0,0,0,0.6428,0.0001,0.0001,0.0001,0,0,0,0,0,0,0,0,0,0.0001,0,0,0,0,0,0,0,0.1988,0.1584,0.1988,0.1584,
3.7081,0.824,0.824,1.648,0,1.236,0.412,1.236,0.412,1.648,0.824,0.412,1.236,0.412,0,0.824,1.236,1.236,0,1.648,0.0002,0,0,0.0001,0,0.0001,0,0.0001,0,0.0001,0,0,0.0001,0,0,0,0.0001,0.0001,0,0.0001,0.2717,0.3163,0.2717,0.3163,
1.4839,0.742,0.371,1.4839,0.742,1.1129,0.742,1.4839,0.742,0.371,1.1129,0.742,0.371,1.1129,1.4839,1.4839,0.742,1.4839,0.371,0,0.0001,0,0,0.0001,0,0.0001,0,0.0001,0,0,0.0001,0,0,0.0001,0.0001,0.0001,0,0.0001,0,0,0.285,0.344,0.285,0.344,
0.8069,1.2103,0.8069,1.2103,0.4034,0.8069,0.8069,0.8069,0.4034,1.2103,0.4034,0,0.4034,0.4034,0.8069,0.8069,1.6138,0,1.2103,0.8069,0,0.0001,0,0.0001,0,0,0,0,0,0.0001,0,0,0,0,0,0,0.0001,0,0.0001,0,0.3318,0.2647,0.3318,0.2647,
1.3238,0,0,0,0,0,0.6619,1.3238,0.6619,0,0,0,1.3238,0,1.3238,0.6619,0.6619,0.6619,0,1.9857,0.0002,0,0,0,0,0,0.0001,0.0002,0.0001,0,0,0,0.0002,0,0.0002,0.0001,0.0001,0.0001,0,0.0004,0.1778,0.1603,0.1778,0.1603,
0.3934,1.1802,0,0,1.1802,2.7538,0,0.3934,0.7868,1.1802,0.3934,1.1802,0.7868,1.1802,1.967,0.3934,0.7868,2.3604,0.3934,0.7868,0,0.0001,0,0,0.0001,0.0001,0,0,0,0.0001,0,0.0001,0,0.0001,0.0001,0,0,0.0001,0,0,0.3024,0.3042,0.3024,0.3042,
0.424,1.2721,1.2721,0.8481,0.8481,1.2721,0,0.424,0,0.424,1.2721,0.8481,0.424,1.2721,0.8481,0,1.2721,0,1.2721,0,0,0.0001,0.0001,0,0,0.0001,0,0,0,0,0.0001,0,0,0.0001,0,0,0.0001,0,0.0001,0,0.2967,0.2792,0.2967,0.2792,
0.7517,0,0,2.2551,1.5034,0,0,1.5034,0.7517,0,0,0,0,0,0.7517,0,0,0,0,0,0.0002,0,0,0.0005,0.0003,0,0,0.0003,0.0002,0,0,0,0,0,0.0002,0,0,0,0,0,0.1164,0.1319,0.1164,0.1319,
1.4395,2.3992,1.4395,0,0,1.4395,1.4395,0.9597,0.4798,0.4798,0.9597,0.4798,0.4798,0,0.9597,0.9597,0,0.4798,0.4798,0.4798,0.0001,0.0001,0.0001,0,0,0.0001,0.0001,0,0,0,0,0,0,0,0,0,0,0,0,0,0.2679,0.2522,0.2679,0.2522,
1.184,0.592,0.592,1.184,0.592,0,1.776,0,0,0.592,0,0,0,0.592,0.592,0.592,0.592,0,1.184,0,0.0001,0.0001,0.0001,0.0001,0.0001,0,0.0002,0,0,0.0001,0,0,0,0.0001,0.0001,0.0001,0.0001,0,0.0001,0,0.1902,0.2178,0.1902,0.2178,
1.5593,1.1695,1.1695,0.7796,0.7796,1.1695,0,0.3898,0.7796,1.1695,0.3898,0.7796,0.3898,0.3898,0.7796,0.3898,0.7796,0.7796,0.7796,0.7796,0.0001,0.0001,0.0001,0,0,0.0001,0,0,0,0.0001,0,0,0,0,0,0,0,0,0,0,0.3233,0.2869,0.3233,0.2869,
1.2322,2.0537,0.4107,1.2322,0.4107,3.286,0,0.4107,0.4107,1.2322,0,0.8215,1.643,1.2322,1.643,1.643,0.4107,0.8215,0.8215,0,0,0.0001,0,0,0,0.0001,0,0,0,0,0,0,0.0001,0,0.0001,0.0001,0,0,0,0,0.3194,0.2699,0.3194,0.2699,
0.7184,0.7184,1.0777,1.0777,1.4369,0.7184,0.7184,1.0777,0.3592,1.0777,0.3592,1.0777,0,0.7184,1.4369,0.7184,0.3592,0.3592,0.3592,0.7184,0,0,0.0001,0.0001,0.0001,0,0,0.0001,0,0.0001,0,0.0001,0,0,0.0001,0,0,0,0,0,0.3241,0.3167,0.3241,0.3167,
1.2101,0,1.2101,1.2101,0.6051,0.6051,0,0,0.6051,1.2101,0.6051,0.6051,0,0,0.6051,1.8152,0,1.8152,0,0,0.0001,0,0.0001,0.0001,0,0,0,0,0,0.0001,0,0,0,0,0,0.0001,0,0.0001,0,0,0.1883,0.2067,0.1883,0.2067,
0.6207,0.6207,0,0.6207,1.2414,0,0.6207,0.6207,1.8621,0,0,1.2414,0,0,0.6207,0,0,0.6207,0.6207,0,0.0001,0.0001,0,0.0001,0.0001,0,0.0001,0.0001,0.0002,0,0,0.0001,0,0,0.0001,0,0,0.0001,0.0001,0,0.2019,0.1774,0.2019,0.1774,
2.2625,0,0.5656,0,1.6968,2.2625,0,1.1312,0,2.2625,1.6968,1.1312,0,0,0.5656,2.2625,0.5656,1.1312,1.1312,0,0.0001,0,0,0,0.0001,0.0001,0,0.0001,0,0.0001,0.0001,0.0001,0,0,0,0.0001,0,0.0001,0.0001,0,0.2563,0.1781,0.2563,0.1781,
2.1924,1.827,1.0962,0.7308,2.1924,0.3654,0.3654,1.4616,1.4616,0,0.3654,0.7308,1.0962,1.0962,0.7308,0.7308,0.7308,0.3654,0.3654,0.3654,0.0001,0.0001,0,0,0.0001,0,0,0.0001,0.0001,0,0,0,0,0,0,0,0,0,0,0,0.2953,0.3393,0.2953,0.3393,
0.4865,0.4865,0.4865,0.973,0.973,0.973,0.4865,0,0.973,0,0.973,0.4865,1.4594,0.973,0.4865,0.973,0.4865,0.4865,1.9459,0,0,0,0,0.0001,0.0001,0.0001,0,0,0.0001,0,0.0001,0,0.0001,0.0001,0,0.0001,0,0,0.0001,0,0.2732,0.2403,0.2732,0.2403,
0.4419,0.4419,0.4419,0.4419,1.3258,0.4419,1.7678,0.4419,0.4419,1.3258,0.4419,0.4419,0,1.3258,0.4419,0.8839,1.3258,0,0.4419,0.8839,0,0,0,0,0.0001,0,0.0001,0,0,0.0001,0,0,0,0.0001,0,0.0001,0.0001,0,0,0.0001,0.2695,0.2885,0.2695,0.2885,
1.7352,0.8676,0,0,0.8676,0.8676,0,0.8676,0,0,2.6029,0.8676,0,0.8676,0,0,0.8676,0.8676,0,0,0.0002,0.0001,0,0,0.0001,0.0001,0,0.0001,0,0,0.0003,0.0001,0,0.0001,0,0,0.0001,0.0001,0,0,0.0644,0.068,0.0644,0.068,
0.8004,0,0.8004,0.8004,0.4002,0.8004,0,0.8004,0.8004,0.4002,0.8004,2.8015,0.4002,1.6009,2.0011,0.8004,0.8004,0.8004,0,1.2007,0.0001,0,0.0001,0.0001,0,0.0001,0,0.0001,0.0001,0,0.0001,0.0002,0,0.0001,0.0001,0.0001,0.0001,0.0001,0,0.0001,0.3554,0.2444,0.3554,0.2444,
0.7711,0.7711,0.7711,1.1566,0.7711,0.3855,0.3855,1.1566,1.1566,1.1566,0.7711,0.7711,1.1566,0,0.7711,0.3855,2.3132,0.3855,1.5421,0.3855,0,0,0,0.0001,0,0,0,0.0001,0.0001,0.0001,0,0,0.0001,0,0,0,0.0001,0,0.0001,0,0.3103,0.3042,0.3103,0.3042,
0,0,0.4641,0.9282,0,0.9282,1.3923,0,0.4641,0,0.4641,0.4641,0.4641,0.9282,0.9282,1.8564,0.4641,0,0.4641,1.3923,0,0,0,0.0001,0,0.0001,0.0001,0,0,0,0,0,0,0.0001,0.0001,0.0002,0,0,0,0.0001,0.2371,0.2989,0.2371,0.2989,
0.4827,6.2757,1.4482,0.9655,0,2.4137,0,0,1.4482,0,0.4827,3.3792,0,0,0,4.3447,0,0,0,0.4827,0,0.0002,0.0001,0,0,0.0001,0,0,0.0001,0,0,0.0001,0,0,0,0.0002,0,0,0,0,0.2546,0.2626,0.2546,0.2626,
0,0,0,0.7726,0.7726,2.3179,0,0.7726,0,0,0.7726,1.5453,0.7726,0,0.7726,0,0.7726,0,0,0.7726,0,0,0,0.0001,0.0001,0.0003,0,0.0001,0,0,0.0001,0.0002,0.0001,0,0.0001,0,0.0001,0,0,0.0001,0.1049,0.1225,0.1049,0.1225,
0.6168,0,0.6168,1.2336,1.2336,1.2336,0,1.2336,0.6168,2.4672,1.2336,0.6168,0.6168,0,0,0.6168,0,1.8504,0,0,0,0,0,0.0001,0.0001,0.0001,0,0.0001,0,0.0002,0.0001,0,0,0,0,0,0,0.0001,0,0,0.2569,0.1263,0.2569,0.1263,
0.8077,0.4038,0.4038,0.8077,0.8077,1.2115,0.8077,0.4038,1.2115,0.8077,0.4038,0,1.6154,1.6154,0.8077,0.4038,0.8077,0.4038,0.4038,1.2115,0.0001,0,0,0.0001,0.0001,0.0001,0.0001,0,0.0001,0.0001,0,0,0.0001,0.0001,0.0001,0,0.0001,0,0,0.0001,0.3093,0.2869,0.3093,0.2869,
1.3435,0,0.3359,0,0.6717,1.3435,0.3359,0.3359,1.0076,0.6717,0.6717,0.6717,0.3359,0.3359,5.038,0.6717,1.3435,0.6717,0,0,0.0001,0,0,0,0.0001,0.0001,0,0,0.0001,0.0001,0.0001,0.0001,0,0,0.0004,0.0001,0.0001,0.0001,0,0,0.3797,0.2844,0.3797,0.2844,
1.529,0.5097,1.529,1.0193,0.5097,0.5097,0.5097,0,1.0193,0.5097,0.5097,0.5097,1.0193,0,0.5097,1.0193,1.0193,2.0386,2.5483,1.0193,0.0001,0,0.0001,0.0001,0,0,0,0,0.0001,0,0,0,0.0001,0,0,0.0001,0.0001,0.0001,0.0001,0.0001,0.2595,0.2308,0.2595,0.2308,
0,0.8002,0,0.8002,1.6005,0.8002,0.8002,1.6005,0,0,0,0.8002,0,0,0,0,0.8002,0.8002,0,0.8002,0,0.0001,0,0.0001,0.0002,0.0001,0.0001,0.0002,0,0,0,0.0001,0,0,0,0,0.0001,0.0001,0,0.0001,0.1233,0.0765,0.1233,0.0765,
1.655,1.1033,1.1033,1.655,1.655,1.655,0.5517,0.5517,0.5517,0,0,1.1033,1.1033,0.5517,0.5517,0,1.655,1.655,0,0,0.0001,0.0001,0.0001,0.0001,0.0001,0.0001,0,0,0,0,0,0.0001,0.0001,0,0,0,0.0001,0.0001,0,0,0.2129,0.2354,0.2129,0.2354,
0.3645,1.0934,0.3645,0,0,0.3645,0.3645,0.7289,2.1867,0,0.7289,0.7289,0.3645,0.7289,2.5512,0.3645,0.3645,2.1867,0,0,0,0.0001,0,0,0,0,0,0.0001,0.0002,0,0.0001,0.0001,0,0.0001,0.0002,0,0,0.0002,0,0,0.3433,0.2922,0.3433,0.2922,
0.8048,0.4024,0.4024,0,1.2072,1.2072,0.4024,0.8048,1.2072,0.8048,0.8048,0.4024,1.2072,0.8048,1.6096,2.8168,1.2072,1.6096,0.4024,0.4024,0.0001,0,0,0,0.0001,0.0001,0,0.0001,0.0001,0.0001,0.0001,0,0.0001,0.0001,0.0001,0.0002,0.0001,0.0001,0,0,0.3035,0.2941,0.3035,0.2941,
0.5668,0,1.1336,2.2672,0,0,0,0,0,2.834,0.5668,0.5668,0.5668,0.5668,0,1.1336,1.1336,1.1336,0.5668,0.5668,0,0,0.0001,0.0002,0,0,0,0,0,0.0002,0,0,0,0,0,0.0001,0.0001,0.0001,0,0,0.1963,0.2369,0.1963,0.2369,
0,0,1.2067,0,0.8045,1.2067,0.8045,0.4022,0.8045,0.4022,0.4022,0,1.2067,0.8045,1.609,0,0.4022,0.4022,2.0112,0.4022,0,0,0.0001,0,0.0001,0.0001,0.0001,0,0.0001,0,0,0,0.0001,0.0001,0.0001,0,0,0,0.0002,0,0.3459,0.2518,0.3459,0.2518,
0.7637,1.5273,0.7637,0,0,0,2.291,0.7637,0,0,0,0.7637,0.7637,0,0,0,0,0,0,0.7637,0.0001,0.0001,0.0001,0,0,0,0.0002,0.0001,0,0,0,0.0001,0.0001,0,0,0,0,0,0,0.0001,0.1304,0.1059,0.1304,0.1059,
0.3754,0,1.1263,1.8772,0,1.1263,0.7509,0.7509,0.7509,0,0.3754,1.1263,0.7509,0.7509,2.2526,0,0.7509,0.7509,0,1.1263,0,0,0.0001,0.0001,0,0.0001,0.0001,0.0001,0.0001,0,0,0.0001,0.0001,0.0001,0.0002,0,0.0001,0.0001,0,0.0001,0.2962,0.3284,0.2962,0.3284,
0.4006,1.2017,0,0.4006,0,0.8012,0.4006,2.0029,1.6023,0.8012,0.4006,0.4006,0.4006,1.2017,3.2047,0.8012,0,0.8012,0,0,0,0.0001,0,0,0,0.0001,0,0.0001,0.0001,0.0001,0,0,0,0.0001,0.0002,0.0001,0,0.0001,0,0,0.2981,0.3013,0.2981,0.3013,
1.1043,0.3681,0.7362,0.3681,0.7362,0.3681,1.1043,1.4724,1.8405,0,1.4724,1.4724,1.1043,1.1043,0.7362,0.7362,0,0.3681,1.1043,0.3681,0.0001,0,0,0,0,0,0.0001,0.0001,0.0001,0,0.0001,0.0001,0.0001,0.0001,0,0,0,0,0.0001,0,0.323,0.3089,0.323,0.3089,
1.4173,1.4173,0,0.9449,0.4724,0.9449,0.9449,0.9449,0.9449,0.4724,1.4173,1.8898,0.9449,0.9449,0.4724,1.8898,1.8898,0.4724,0,0.4724,0.0001,0.0001,0,0,0,0,0,0,0,0,0.0001,0.0001,0,0,0,0.0001,0.0001,0,0,0,0.3058,0.2218,0.3058,0.2218,
0.8285,0.4143,0.8285,0.4143,1.2428,0.4143,0.4143,1.2428,2.4856,1.2428,1.6571,0.8285,1.2428,1.2428,0.4143,0.4143,0.8285,2.0713,1.2428,0.8285,0,0,0,0,0.0001,0,0,0.0001,0.0001,0.0001,0.0001,0,0.0001,0.0001,0,0,0,0.0001,0.0001,0,0.2843,0.3014,0.2843,0.3014,
0.779,1.1684,0,0.3895,0,0.779,0.3895,2.3369,1.5579,0.779,0.3895,0.3895,0.3895,0.779,3.5053,0.779,0,0,0,0,0.0001,0.0001,0,0,0,0.0001,0,0.0002,0.0001,0.0001,0,0,0,0.0001,0.0002,0.0001,0,0,0,0,0.316,0.2945,0.316,0.2945,
0,1.204,0,0.8027,0,0.8027,0.4013,1.204,3.612,0,0.8027,0.4013,1.204,0.8027,1.204,0.4013,0,2.0067,0,0,0,0.0001,0,0.0001,0,0.0001,0,0.0001,0.0002,0,0.0001,0,0.0001,0.0001,0.0001,0,0,0.0001,0,0,0.3273,0.2714,0.3273,0.2714,
0.6305,0,0,0.6305,0.6305,1.2611,0,0,0.6305,2.5221,0,0,1.2611,0,1.2611,0.6305,0.6305,1.2611,0,1.2611,0.0001,0,0,0.0001,0.0001,0.0001,0,0,0.0001,0.0003,0,0,0.0001,0,0.0001,0.0001,0.0001,0.0001,0,0.0001,0.206,0.1635,0.206,0.1635,
0,0,0,0,0.6554,0,0.6554,0.6554,0,0,0,0.6554,0,0,1.9661,0,0.6554,1.3108,0,0.6554,0,0,0,0,0.0001,0,0.0001,0.0001,0,0,0,0.0001,0,0,0.0004,0,0.0001,0.0003,0,0.0001,0.1807,0.1639,0.1807,0.1639,
0.7595,0,0,1.519,0,0,0,0.7595,0,1.519,0.7595,0,0.7595,0,0.7595,0,0,1.519,0,0,0.0001,0,0,0.0003,0,0,0,0.0001,0,0.0003,0.0001,0,0.0001,0,0.0001,0,0,0.0003,0,0,0.1569,0.0835,0.1569,0.0835,
0.5174,0.5174,1.5523,1.0349,0,0.5174,0,0.5174,0,1.0349,0.5174,0,3.1046,1.5523,0.5174,2.0697,0.5174,1.0349,0,0,0,0,0.0001,0.0001,0,0,0,0,0,0.0001,0,0,0.0002,0.0001,0,0.0001,0,0.0001,0,0,0.245,0.2376,0.245,0.2376,
0,0.3795,0.3795,1.1385,1.1385,0.759,0.3795,0.3795,1.1385,0.3795,0,0.759,0.3795,0.3795,0.759,1.1385,2.6566,0,1.1385,1.518,0,0,0,0.0001,0.0001,0,0,0,0.0001,0,0,0,0,0,0,0.0001,0.0002,0,0.0001,0.0001,0.3258,0.2947,0.3258,0.2947,
2.8172,0,0.4025,0.4025,0.4025,1.6099,0,0.8049,2.4148,0.8049,0.8049,0,0.8049,0.4025,0.8049,1.2074,0,0.8049,0.4025,1.2074,0.0002,0,0,0,0,0.0001,0,0.0001,0.0002,0.0001,0.0001,0,0.0001,0,0.0001,0.0001,0,0.0001,0,0.0001,0.3136,0.2839,0.3136,0.2839,
0.7631,0.3815,0.7631,0.3815,1.9077,1.9077,0.3815,0.7631,1.1446,0.7631,0.3815,1.5261,0.3815,0.3815,1.5261,0.3815,1.1446,0.7631,0.7631,1.1446,0,0,0,0,0.0001,0.0001,0,0,0.0001,0,0,0.0001,0,0,0.0001,0,0.0001,0,0,0.0001,0.2883,0.3302,0.2883,0.3302,
3.0175,3.621,0,1.207,0.6035,2.414,0,1.207,0.6035,0.6035,0,0.6035,0,0.6035,0,1.207,0,0.6035,0,0.6035,0.0001,0.0001,0,0,0,0.0001,0,0,0,0,0,0,0,0,0,0,0,0,0,0,0.2015,0.195,0.2015,0.195,
0,0.7568,0.3784,0.3784,0.7568,0.3784,1.5136,0.3784,1.1352,0.3784,1.1352,0.3784,0,0.3784,0.3784,1.892,0.3784,1.1352,1.892,0.7568,0,0,0,0,0,0,0.0001,0,0.0001,0,0.0001,0,0,0,0,0.0001,0,0.0001,0.0001,0,0.3276,0.294,0.3276,0.294,
1.6289,0,0.8145,2.0361,1.6289,0.8145,0.4072,0,0.8145,2.0361,0.4072,0,0.8145,0,0.8145,1.6289,2.8506,0.8145,0,0.8145,0.0001,0,0,0.0001,0.0001,0,0,0,0,0.0001,0,0,0,0,0,0.0001,0.0002,0,0,0,0.2779,0.3149,0.2779,0.3149,
0.7956,0,0.7956,0.7956,0.3978,1.5911,0.7956,0.3978,0.7956,0.7956,1.1933,1.9889,1.1933,0.3978,1.1933,0.7956,0.3978,1.1933,0.3978,0.7956,0,0,0,0,0,0.0001,0,0,0,0,0.0001,0.0001,0.0001,0,0.0001,0,0,0.0001,0,0,0.3735,0.2287,0.3735,0.2287,
0,0,0,2.7413,0,0,0,0.6853,0.6853,0.6853,0.6853,0,0,0,0,0,0,0.6853,0,0.6853,0,0,0,0.0004,0,0,0,0.0001,0.0001,0.0001,0.0001,0,0,0,0,0,0,0.0001,0,0.0001,0.1599,0.1548,0.1599,0.1548,
0.4251,0.4251,0.8502,1.7005,0.8502,0.4251,0.4251,1.2754,0.4251,1.7005,0.4251,0,1.2754,0.8502,0,1.7005,0.8502,0.8502,2.1256,0.8502,0,0,0,0.0001,0,0,0,0.0001,0,0.0001,0,0,0.0001,0,0,0.0001,0,0,0.0001,0,0.3078,0.2671,0.3078,0.2671,
0.3456,0,0.6911,0.3456,0,1.0367,1.7278,0,2.7644,0.3456,1.0367,2.4189,1.3822,0.6911,0.6911,1.3822,1.3822,0.3456,0,0,0,0,0.0001,0,0,0.0001,0.0002,0,0.0003,0,0.0001,0.0002,0.0001,0.0001,0.0001,0.0001,0.0001,0,0,0,0.3593,0.2951,0.3593,0.2951,
1.2806,0,1.2806,0,0.4269,0.4269,1.2806,1.2806,0,0.4269,0.8537,0.4269,0.4269,1.7074,1.2806,2.5612,0.4269,0.8537,0.4269,0.8537,0.0001,0,0.0001,0,0,0,0.0001,0.0001,0,0,0.0001,0,0,0.0001,0.0001,0.0002,0,0.0001,0,0.0001,0.3358,0.2374,0.3358,0.2374,
0.4918,0,0.9835,0.4918,2.4589,1.4753,0,1.9671,0.9835,2.4589,0.4918,0.4918,0.9835,0,0.9835,1.4753,0.9835,1.4753,0,0.4918,0,0,0.0001,0,0.0002,0.0001,0,0.0001,0.0001,0.0002,0,0,0.0001,0,0.0001,0.0001,0.0001,0.0001,0,0,0.2576,0.2506,0.2576,0.2506,
0,0.6479,0,0,4.535,0.6479,0,3.8871,0,4.535,0.6479,0.6479,0,0,1.2957,0.6479,0.6479,1.2957,0,0.6479,0,0,0,0,0.0003,0,0,0.0003,0,0.0003,0,0,0,0,0.0001,0,0,0.0001,0,0,0.2096,0.1426,0.2096,0.1426,
0.7518,0,0.7518,0,0.7518,0,0,0,1.5035,0,0,1.5035,0,0,0,0.7518,0,2.2553,0,0,0.0001,0,0.0001,0,0.0001,0,0,0,0.0002,0,0,0.0002,0,0,0,0.0001,0,0.0003,0,0,0.1398,0.1084,0.1398,0.1084,
0.7746,0.3873,0.3873,1.1619,1.1619,1.5492,1.5492,0.3873,1.5492,0.7746,0.3873,0.3873,0.7746,1.1619,0,0.3873,0.3873,0,1.1619,0.3873,0,0,0,0.0001,0.0001,0.0001,0.0001,0,0.0001,0,0,0,0,0.0001,0,0,0,0,0.0001,0,0.2859,0.3268,0.2859,0.3268,
0.6818,0,0,0,0.3409,1.0227,0.3409,1.0227,1.7045,0.3409,0.6818,0.3409,0.6818,1.0227,4.7727,1.0227,1.3636,1.3636,0,0.3409,0.0001,0,0,0,0,0.0001,0,0.0001,0.0001,0,0.0001,0,0.0001,0.0001,0.0004,0.0001,0.0001,0.0001,0,0,0.3588,0.3003,0.3588,0.3003,
0.5943,0.5943,0,1.1886,1.1886,1.1886,0,1.7829,0.5943,0,2.3772,1.7829,1.7829,0.5943,0,0.5943,1.1886,1.7829,0.5943,1.1886,0,0,0,0.0001,0.0001,0.0001,0,0.0001,0,0,0.0001,0.0001,0.0001,0,0,0,0.0001,0.0001,0,0.0001,0.2065,0.1992,0.2065,0.1992,
0.4311,0.8621,0.4311,0.4311,2.1553,0,0,0.4311,0.4311,0,0.4311,0.8621,0,0.8621,2.1553,0.4311,0.4311,1.2932,1.7242,0,0,0,0,0,0.0001,0,0,0,0,0,0,0,0,0,0.0001,0,0,0.0001,0.0001,0,0.27,0.299,0.27,0.299,
2.1336,0,0,0.7112,0,0,0,0,1.4224,1.4224,0,0,2.1336,0,0.7112,1.4224,0.7112,0.7112,0,0,0.0003,0,0,0.0001,0,0,0,0,0.0002,0.0002,0,0,0.0003,0,0.0001,0.0002,0.0001,0.0001,0,0,0.1739,0.1149,0.1739,0.1149,
1.4092,0,0,0,0.7046,0,0,1.4092,0,0,0,0.7046,0.7046,0,1.4092,0,0.7046,2.1138,0,0,0.0003,0,0,0,0.0001,0,0,0.0003,0,0,0,0.0001,0.0001,0,0.0003,0,0.0001,0.0004,0,0,0.1427,0.1527,0.1427,0.1527,
0,0,0,0,0,1.577,0,0.7885,0,1.577,0.7885,0,0.7885,0,0.7885,1.577,1.577,0,0,0,0,0,0,0,0,0.0002,0,0.0001,0,0.0002,0.0001,0,0.0001,0,0.0001,0.0002,0.0002,0,0,0,0.1184,0.0932,0.1184,0.0932,
0.674,0.337,1.011,0.674,0.674,0.674,1.6851,0.337,0.337,1.6851,0.337,0.337,1.3481,0.674,0.674,0.337,1.6851,1.011,1.3481,0.674,0,0,0.0001,0,0,0,0.0001,0,0,0.0001,0,0,0.0001,0,0,0,0.0001,0.0001,0.0001,0,0.3394,0.3236,0.3394,0.3236,
1.2175,0.4058,1.6233,0.8116,1.2175,0,0.8116,0.4058,0.4058,0.8116,0.8116,0.4058,0.4058,1.2175,1.6233,1.2175,0,1.2175,0.4058,0.4058,0.0001,0,0.0001,0,0.0001,0,0,0,0,0,0,0,0,0.0001,0.0001,0.0001,0,0.0001,0,0,0.2729,0.3212,0.2729,0.3212,
2.8357,0,2.3631,0.9452,1.4178,1.8904,0.4726,0.4726,0.4726,2.8357,0.4726,0,1.8904,0,0.4726,2.3631,0.9452,1.4178,0,0.4726,0.0001,0,0.0001,0,0.0001,0.0001,0,0,0,0.0001,0,0,0.0001,0,0,0.0001,0,0.0001,0,0,0.2638,0.2636,0.2638,0.2636,
0.7088,0,1.0632,1.4176,1.0632,0.3544,0.7088,0.3544,0.3544,1.0632,0.7088,1.4176,0,0.7088,1.0632,2.1264,0.7088,1.0632,0.3544,1.772,0,0,0.0001,0.0001,0.0001,0,0,0,0,0.0001,0,0.0001,0,0,0.0001,0.0001,0,0.0001,0,0.0001,0.3414,0.3042,0.3414,0.3042,
1.3972,0,1.3972,0.4657,2.7945,0.9315,0,0.4657,0.9315,2.3287,0.4657,0,1.3972,0.4657,0.9315,1.3972,1.3972,2.3287,0,0.4657,0.0001,0,0.0001,0,0.0002,0.0001,0,0,0.0001,0.0002,0,0,0.0001,0,0.0001,0.0001,0.0001,0.0002,0,0,0.2622,0.2721,0.2622,0.2721,
0.4205,0,0.841,1.2615,1.2615,0.841,0,0.841,1.2615,0.4205,1.6819,2.1024,0.841,0,0.4205,0.841,1.6819,1.6819,0.4205,0.4205,0,0,0.0001,0.0001,0.0001,0.0001,0,0.0001,0.0001,0,0.0001,0.0001,0.0001,0,0,0.0001,0.0001,0.0001,0,0,0.2673,0.3122,0.2673,0.3122,
0,0,0.6924,2.7695,0.6924,0.6924,0,0.3462,3.1157,0.6924,0.3462,1.3847,0.3462,1.7309,1.0386,0.3462,1.3847,0,0.6924,0,0,0,0.0001,0.0002,0.0001,0.0001,0,0,0.0003,0.0001,0,0.0001,0,0.0001,0.0001,0,0.0001,0,0.0001,0,0.3366,0.3172,0.3366,0.3172,
0.9871,0,0.9871,0.9871,0.9871,0.329,0.329,0.9871,3.6193,0.9871,0.6581,0.6581,0.329,0.329,0.9871,0.6581,0.9871,0.6581,0,0.9871,0.0001,0,0.0001,0.0001,0.0001,0,0,0.0001,0.0003,0.0001,0,0,0,0,0.0001,0,0.0001,0,0,0.0001,0.3444,0.3266,0.3444,0.3266,
0.4892,0,0.4892,1.9567,0,0.4892,0,0.9784,0.9784,0.9784,2.4459,0.9784,0.4892,0,0.9784,0.9784,0.4892,1.4675,0,0,0,0,0,0.0002,0,0,0,0.0001,0.0001,0.0001,0.0002,0.0001,0,0,0.0001,0.0001,0,0.0001,0,0,0.3265,0.1843,0.3265,0.1843,
0.5852,3.5112,0,0.5852,0,2.3408,0,0,0.5852,1.1704,0,0.5852,1.1704,0,0.5852,1.1704,1.7556,1.1704,0.5852,1.1704,0,0.0001,0,0,0,0.0001,0,0,0,0,0,0,0,0,0,0,0.0001,0,0,0,0.2357,0.1791,0.2357,0.1791,
0,0,1.7722,1.1815,0,0,0,0,0.5907,0.5907,0,0,1.7722,0.5907,0.5907,0,1.1815,2.363,0.5907,0.5907,0,0,0.0002,0.0001,0,0,0,0,0.0001,0.0001,0,0,0.0002,0.0001,0.0001,0,0.0001,0.0002,0.0001,0.0001,0.1819,0.2274,0.1819,0.2274,
0,1.6395,0,0,2.4592,0,0,0.8197,0,1.6395,0,0,0,0,0.8197,0,0,1.6395,0,0.8197,0,0.0002,0,0,0.0002,0,0,0.0001,0,0.0002,0,0,0,0,0.0001,0,0,0.0002,0,0.0001,0.0877,0.0925,0.0877,0.0925,
0.7684,0.7684,2.3053,0.3842,0.7684,0.7684,0.7684,1.1526,1.1526,1.1526,1.921,0.7684,0.3842,0.3842,0,1.5368,1.1526,0.3842,0.7684,0,0,0,0.0001,0,0,0,0,0.0001,0.0001,0.0001,0.0001,0,0,0,0,0.0001,0.0001,0,0,0,0.3301,0.2857,0.3301,0.2857,
0.7014,0,0.7014,0,1.4028,0.7014,0,0.7014,0.7014,1.4028,0.7014,0,0,0,0,0,0.7014,0,1.4028,0,0.0001,0,0.0001,0,0.0002,0.0001,0,0.0001,0.0001,0.0002,0.0001,0,0,0,0,0,0.0001,0,0.0002,0,0.1821,0.1165,0.1821,0.1165,
0.4813,0.9625,0.4813,0,0.4813,0.9625,0,0,0.9625,0.9625,0.9625,1.925,0.4813,0,0.4813,1.925,0.9625,1.4438,1.925,1.925,0,0,0,0,0,0,0,0,0,0,0,0.0001,0,0,0,0.0001,0,0.0001,0.0001,0.0001,0.2647,0.254,0.2647,0.254,
1.0147,0,0,1.0147,2.5368,0.5074,0,2.0294,1.5221,2.0294,0.5074,0,2.5368,0,1.0147,0.5074,2.0294,1.5221,0,0.5074,0.0001,0,0,0.0001,0.0002,0,0,0.0002,0.0001,0.0002,0,0,0.0002,0,0.0001,0,0.0002,0.0001,0,0,0.2385,0.2541,0.2385,0.2541,
2.065,0,0.6883,0.6883,0.6883,1.3767,0,0,0,0,0,0.6883,0,0,0.6883,0.6883,0.6883,1.3767,0,0,0.0002,0,0.0001,0.0001,0.0001,0.0002,0,0,0,0,0,0.0001,0,0,0.0001,0.0001,0.0001,0.0002,0,0,0.1489,0.1627,0.1489,0.1627,
2.3891,1.4334,0,0.4778,0.4778,2.3891,0,1.4334,0.4778,0.9556,0.4778,0,1.4334,0,1.4334,1.4334,0.4778,1.9113,0,0.9556,0.0001,0.0001,0,0,0,0.0001,0,0.0001,0,0,0,0,0.0001,0,0.0001,0.0001,0,0.0001,0,0,0.2302,0.292,0.2302,0.292,
0,0.52,0.52,0.52,0.52,0,1.04,0.52,0.52,0,1.56,1.04,0.52,1.56,0.52,1.04,1.56,1.56,1.04,1.56,0,0,0,0,0,0,0.0001,0,0,0,0.0001,0.0001,0,0.0001,0,0.0001,0.0001,0.0001,0.0001,0.0001,0.2051,0.2749,0.2051,0.2749,
2.0841,0,0.521,0,1.042,4.6892,0,2.0841,0,3.1261,0.521,0,0.521,0,0.521,1.5631,2.0841,1.5631,0.521,1.042,0.0001,0,0,0,0.0001,0.0002,0,0.0001,0,0.0002,0,0,0,0,0,0.0001,0.0001,0.0001,0,0.0001,0.231,0.248,0.231,0.248,
0,0.813,0.813,0,0,1.2196,2.0326,0.813,0.813,0,1.2196,0.813,0.4065,0.4065,0,1.2196,1.6261,0,2.0326,1.2196,0,0,0,0,0,0.0001,0.0001,0,0,0,0.0001,0,0,0,0,0.0001,0.0001,0,0.0001,0.0001,0.2979,0.2956,0.2979,0.2956,
1.5446,1.0297,0,0,1.0297,2.0594,0.5149,0,0.5149,1.5446,0,1.5446,0.5149,0.5149,1.0297,2.5743,2.0594,2.5743,0,0,0.0001,0.0001,0,0,0.0001,0.0001,0,0,0,0.0001,0,0.0001,0,0,0.0001,0.0001,0.0001,0.0001,0,0,0.2217,0.2635,0.2217,0.2635,
2.4463,0,1.4678,1.9571,0.9785,1.9571,0.4893,1.9571,0,1.4678,0.4893,0,1.9571,0,0.4893,1.4678,0.9785,1.9571,0,0.9785,0.0001,0,0.0001,0.0001,0.0001,0.0001,0,0.0001,0,0.0001,0,0,0.0001,0,0,0.0001,0.0001,0.0001,0,0.0001,0.251,0.2597,0.251,0.2597,
0,3.2981,1.2368,0.8245,0,0.8245,0.4123,0.4123,1.2368,1.2368,0,0.8245,0.8245,0.4123,1.2368,0.4123,0.8245,0,0.8245,0.8245,0,0.0001,0,0,0,0,0,0,0,0,0,0,0,0,0,0,0,0,0,0,0.2491,0.3386,0.2491,0.3386,
0.637,0,0,0.637,0,0,0,0,0.637,1.911,0.637,0,1.274,0.637,1.274,0.637,1.274,1.274,0,0,0.0001,0,0,0.0001,0,0,0,0,0.0001,0.0003,0.0001,0,0.0002,0.0001,0.0002,0.0001,0.0002,0.0002,0,0,0.1807,0.1823,0.1807,0.1823,
2.6676,0.8892,1.7784,1.3338,1.3338,1.7784,0,1.3338,0,0.4446,0.8892,0.8892,0.8892,1.7784,0.4446,0.4446,1.3338,1.3338,0.4446,1.7784,0.0001,0,0.0001,0.0001,0.0001,0.0001,0,0.0001,0,0,0,0,0,0.0001,0,0,0.0001,0.0001,0,0.0001,0.2758,0.2796,0.2758,0.2796,
2.3197,0,0,0,1.1599,4.6394,0,1.7398,0,2.8996,1.7398,0,1.1599,0.5799,0.5799,0.5799,0,1.7398,0.5799,1.1599,0.0001,0,0,0,0.0001,0.0003,0,0.0001,0,0.0002,0.0001,0,0.0001,0,0,0,0,0.0001,0,0.0001,0.1988,0.2213,0.1988,0.2213,
0.4198,0.8395,0.8395,0.4198,0.8395,1.2593,1.679,0.4198,0.4198,2.0988,0.4198,1.2593,0.8395,1.679,0,0.4198,2.5186,1.2593,0,0.8395,0,0,0,0,0,0.0001,0.0001,0,0,0.0001,0,0.0001,0,0.0001,0,0,0.0001,0.0001,0,0,0.3075,0.2728,0.3075,0.2728,
0.5324,0,0,1.0648,2.1295,0.5324,0,0.5324,0,3.7267,0.5324,2.6619,0.5324,1.0648,0.5324,2.1295,1.0648,1.5972,0.5324,1.0648,0,0,0,0.0001,0.0001,0,0,0,0,0.0002,0,0.0002,0,0.0001,0,0.0001,0.0001,0.0001,0,0.0001,0.2301,0.2375,0.2301,0.2375,
0,0.8888,2.2219,0,0.8888,1.3332,0.4444,2.6663,0.4444,0.4444,0.4444,1.7775,0.4444,0.8888,0.8888,1.3332,0,1.7775,0.8888,0,0,0,0.0001,0,0,0.0001,0,0.0001,0,0,0,0.0001,0,0,0,0.0001,0,0.0001,0,0,0.3195,0.2361,0.3195,0.2361,
0.3975,0,1.1924,0.7949,1.1924,0.7949,0.3975,0,1.1924,0.7949,0.3975,0.3975,0.7949,0.7949,1.1924,0.7949,1.9873,1.5898,0,0,0,0,0.0001,0.0001,0.0001,0.0001,0,0,0.0001,0.0001,0,0,0.0001,0.0001,0.0001,0.0001,0.0002,0.0001,0,0,0.3032,0.2993,0.3032,0.2993,
1.619,0.4047,0,0.8095,0.8095,0.4047,1.2142,1.2142,1.2142,0.4047,0.4047,0.8095,0.8095,0.4047,0.8095,1.2142,0.4047,0.8095,1.2142,0,0.0001,0,0,0.0001,0.0001,0,0.0001,0.0001,0.0001,0,0,0.0001,0.0001,0,0.0001,0.0001,0,0.0001,0.0001,0,0.28,0.3152,0.28,0.3152,
2.0184,0,0,0,0.6728,1.3456,0.3364,0,1.3456,1.0092,0.6728,0.3364,0.3364,0.3364,3.3641,0.6728,1.3456,1.3456,0,0,0.0002,0,0,0,0.0001,0.0001,0,0,0.0001,0.0001,0.0001,0,0,0,0.0003,0.0001,0.0001,0.0001,0,0,0.3614,0.3022,0.3614,0.3022,
1.2151,0,0,0,1.2151,1.2151,0,0.6075,1.2151,0.6075,0,0,1.2151,1.2151,0.6075,1.2151,0.6075,1.2151,0,0,0.0001,0,0,0,0.0001,0.0001,0,0.0001,0.0001,0.0001,0,0,0.0001,0.0001,0.0001,0.0001,0.0001,0.0001,0,0,0.2025,0.19,0.2025,0.19,
1.3935,0.4645,0,0.929,1.3935,0.4645,0.929,0,1.3935,0.929,1.3935,0.929,0.4645,0.4645,0.929,1.3935,0.4645,0.929,0.4645,0.4645,0.0001,0,0,0.0001,0.0001,0,0.0001,0,0.0001,0.0001,0.0001,0.0001,0,0,0.0001,0.0001,0,0.0001,0,0,0.3142,0.2213,0.3142,0.2213,
0,0.6384,0.3192,1.2768,0.6384,1.9152,0.9576,0.3192,0.9576,0.6384,0.3192,1.2768,0.9576,0.6384,0.9576,0.3192,0.6384,0.3192,1.596,0.9576,0,0,0,0.0001,0,0.0001,0,0,0,0,0,0.0001,0,0,0,0,0,0,0.0001,0,0.3472,0.3336,0.3472,0.3336,
0,1.3498,0.6749,0,0,0,0,0,0.6749,0.6749,0,0,0,0.6749,0.6749,0.6749,0,0.6749,0.6749,0,0,0.0001,0.0001,0,0,0,0,0,0.0001,0.0001,0,0,0,0.0001,0.0001,0.0001,0,0.0001,0.0001,0,0.179,0.146,0.179,0.146,
2.1478,0,0,1.6109,2.1478,0,0,0.537,1.0739,2.1478,0.537,1.0739,0.537,1.0739,0.537,0,0,0.537,0,1.0739,0.0002,0,0,0.0001,0.0002,0,0,0,0.0001,0.0002,0,0.0001,0,0.0001,0,0,0,0,0,0.0001,0.2379,0.2252,0.2379,0.2252,
0.5957,0,1.1915,0,0.5957,0.5957,0,1.1915,0.5957,0,0,1.1915,0,0.5957,0.5957,0,1.1915,1.7872,0,0,0.0001,0,0.0001,0,0.0001,0.0001,0,0.0001,0.0001,0,0,0.0001,0,0.0001,0.0001,0,0.0001,0.0002,0,0,0.1924,0.2118,0.1924,0.2118,
0,0.3694,1.1081,2.5856,0.3694,0,0,0.3694,2.9549,1.1081,0.3694,0.7387,0.7387,1.1081,0.3694,1.8468,1.8468,0.7387,0,0,0,0,0.0001,0.0002,0,0,0,0,0.0002,0.0001,0,0,0,0.0001,0,0.0001,0.0001,0,0,0,0.2956,0.335,0.2956,0.335,
0,1.1464,0.3821,0.3821,0,0.7643,0.3821,1.1464,3.0572,0,0.3821,0.3821,1.1464,0.7643,1.9107,0.3821,0,1.9107,0,0,0,0.0001,0,0,0,0,0,0.0001,0.0002,0,0,0,0.0001,0,0.0001,0,0,0.0001,0,0,0.3509,0.267,0.3509,0.267,
0.7132,0,1.4263,0.7132,0,0.7132,0,0.7132,0,0,0,0.7132,1.4263,0,1.4263,0.7132,0,0.7132,0,0.7132,0.0001,0,0.0002,0.0001,0,0.0001,0,0.0001,0,0,0,0.0001,0.0002,0,0.0002,0.0001,0,0.0001,0,0.0001,0.1287,0.1582,0.1287,0.1582,
0,0,0,1.2809,0,0.6404,0,0.6404,0.6404,0.6404,0,0.6404,0.6404,0.6404,0.6404,0.6404,0.6404,0,0,0.6404,0,0,0,0.0002,0,0.0001,0,0.0001,0.0001,0.0001,0,0.0001,0.0001,0.0001,0.0001,0.0001,0.0001,0,0,0.0001,0.1758,0.1838,0.1758,0.1838,
2.404,0,0.4808,0.9616,2.404,0.4808,0,1.9232,0,3.8464,0.4808,0,1.9232,0.4808,0.9616,0.9616,0,2.8848,0.4808,0.4808,0.0001,0,0,0.0001,0.0001,0,0,0.0001,0,0.0002,0,0,0.0001,0,0.0001,0.0001,0,0.0002,0,0,0.271,0.2482,0.271,0.2482,
0,1.1283,0.7522,0.7522,1.5044,1.1283,1.1283,0,0.3761,0.7522,1.5044,0,1.8805,0,1.5044,0.7522,1.8805,0.7522,0.7522,0,0,0.0001,0,0,0.0001,0.0001,0.0001,0,0,0,0.0001,0,0.0001,0,0.0001,0,0.0001,0,0,0,0.294,0.3299,0.294,0.3299,
1.7151,0.8575,2.1438,0.4288,0,0.8575,0.8575,1.7151,0.4288,0.4288,0,0.8575,0.4288,0.8575,0,0.4288,0.8575,0.8575,0.8575,1.2863,0.0001,0,0.0001,0,0,0,0,0.0001,0,0,0,0,0,0,0,0,0,0,0,0.0001,0.2765,0.2948,0.2765,0.2948,
0.8398,0.4199,0.4199,1.2597,1.2597,0,0.8398,0,0,1.2597,0.4199,1.6795,0.8398,0,2.0994,1.6795,1.2597,0,0.4199,0.8398,0.0001,0,0,0.0001,0.0001,0,0.0001,0,0,0.0001,0,0.0001,0.0001,0,0.0001,0.0001,0.0001,0,0,0.0001,0.2877,0.2924,0.2877,0.2924,
0.3605,1.0814,0.7209,1.4419,0.7209,1.4419,1.0814,1.0814,1.4419,1.0814,0.7209,0.7209,0.7209,0.3605,1.0814,0.7209,0,0.7209,0,0.7209,0,0.0001,0,0.0001,0,0.0001,0.0001,0.0001,0.0001,0.0001,0,0,0,0,0.0001,0,0,0,0,0,0.2726,0.367,0.2726,0.367,
0,1.5212,1.5212,1.5212,1.5212,0,0.7606,1.1409,0.3803,0.3803,0.7606,0,0.7606,1.1409,1.5212,0.3803,1.1409,0.7606,1.5212,0.3803,0,0.0001,0.0001,0.0001,0.0001,0,0,0.0001,0,0,0,0,0,0.0001,0.0001,0,0.0001,0,0.0001,0,0.3113,0.3084,0.3113,0.3084,
1.8257,1.0954,1.4605,1.8257,1.0954,0.3651,2.1908,0,0.3651,1.0954,0.7303,1.0954,0.7303,0.3651,0.3651,0.3651,0,0,1.0954,1.4605,0.0001,0.0001,0.0001,0.0001,0.0001,0,0.0001,0,0,0.0001,0,0.0001,0,0,0,0,0,0,0.0001,0.0001,0.3199,0.3149,0.3199,0.3149,
0.4666,0.4666,0.9332,1.3999,0.4666,0.4666,1.3999,0.9332,1.3999,0.4666,0.4666,0,0.4666,0.4666,0.4666,0.4666,0.9332,0.9332,0,0,0,0,0.0001,0.0001,0,0,0.0001,0.0001,0.0001,0,0,0,0,0,0,0,0.0001,0.0001,0,0,0.3261,0.2073,0.3261,0.2073,
0.4141,0.4141,1.6564,0.4141,0.8282,0.8282,0.8282,0.4141,2.0704,0.8282,1.6564,0.8282,1.2423,0.4141,0,0.4141,0.4141,0.4141,0.8282,0.4141,0,0,0.0001,0,0,0,0,0,0.0001,0,0.0001,0,0.0001,0,0,0,0,0,0,0,0.2814,0.3045,0.2814,0.3045,
0.4074,1.2223,0,0,0,0.8148,0.4074,0.8148,2.4445,0.8148,0.4074,0.4074,0.4074,1.2223,2.0371,1.2223,0,2.0371,0.4074,0,0,0.0001,0,0,0,0,0,0,0.0001,0,0,0,0,0.0001,0.0001,0.0001,0,0.0001,0,0,0.3097,0.2828,0.3097,0.2828,
0.648,0,0.648,0,1.944,1.944,0,0,0,1.944,0,0,0.648,1.296,0.648,1.296,0,1.296,0,0,0.0001,0,0.0001,0,0.0002,0.0002,0,0,0,0.0002,0,0,0.0001,0.0001,0.0001,0.0001,0,0.0001,0,0,0.1982,0.1538,0.1982,0.1538,
2.2767,0,0.7589,0,1.5178,0.7589,0,0,0,0,0.7589,0.7589,0,0,0.7589,0,0,0,0,0,0.0004,0,0.0001,0,0.0003,0.0001,0,0,0,0,0.0001,0.0001,0,0,0.0001,0,0,0,0,0,0.1283,0.1128,0.1283,0.1128,
0.7904,0.7904,2.3711,0.3952,0.3952,0.7904,0.3952,0.3952,0.3952,1.1856,0.3952,0.7904,1.5808,0,1.1856,1.5808,0.7904,0.7904,0,0.7904,0,0,0.0001,0,0,0,0,0,0,0.0001,0,0,0.0001,0,0.0001,0.0001,0,0,0,0,0.3258,0.279,0.3258,0.279,
0,0,0,0.6868,0,1.3735,0,0,0.6868,2.0603,0.6868,0.6868,1.3735,0,0.6868,0,0,0,0,0,0,0,0,0.0001,0,0.0002,0,0,0.0001,0.0003,0.0001,0.0001,0.0002,0,0.0001,0,0,0,0,0,0.1358,0.1774,0.1358,0.1774,
0,0,1.6578,3.3155,0,1.6578,0,0.8289,1.6578,0,0,0,0,0,0,0,0.8289,2.4866,0,0,0,0,0.0002,0.0005,0,0.0002,0,0.0001,0.0002,0,0,0,0,0,0,0,0.0001,0.0003,0,0,0.0792,0.0919,0.0792,0.0919,
0.4026,1.2077,1.2077,1.2077,0,1.6103,1.6103,0,0.4026,0,0.8051,1.2077,1.6103,0.8051,0.4026,1.2077,0.4026,0.8051,0,1.2077,0,0.0001,0.0001,0.0001,0,0.0001,0.0001,0,0,0,0,0.0001,0.0001,0,0,0.0001,0,0,0,0.0001,0.2916,0.3058,0.2916,0.3058,
0.4285,1.7141,0,0.8571,2.1427,0.8571,1.2856,0.8571,1.2856,1.7141,0.4285,0,0.4285,0.4285,0,1.2856,1.7141,1.2856,0.8571,1.7141,0,0.0001,0,0,0.0001,0,0.0001,0,0.0001,0.0001,0,0,0,0,0,0.0001,0.0001,0.0001,0,0.0001,0.2937,0.2778,0.2937,0.2778,
0,0,0.5345,0.5345,3.2073,1.6036,0,1.0691,1.0691,2.6727,0.5345,1.0691,1.0691,0,1.0691,1.0691,1.0691,2.1382,0,0.5345,0,0,0,0,0.0002,0.0001,0,0.0001,0.0001,0.0002,0,0.0001,0.0001,0,0.0001,0.0001,0.0001,0.0002,0,0,0.2278,0.2377,0.2278,0.2377,
0,3.5693,0.5949,1.1898,0.5949,1.1898,0.5949,1.1898,1.1898,0,0,0.5949,1.1898,0,0,1.1898,1.1898,2.3795,0,0.5949,0,0.0001,0,0,0,0,0,0,0,0,0,0,0,0,0,0,0,0.0001,0,0,0.2098,0.1953,0.2098,0.1953,
0.5406,2.1624,0,1.0812,1.6218,1.0812,0,0,1.0812,2.1624,1.0812,0.5406,0.5406,1.0812,0,1.6218,1.6218,2.1624,0,1.0812,0,0.0001,0,0,0.0001,0,0,0,0,0.0001,0,0,0,0,0,0.0001,0.0001,0.0001,0,0,0.2623,0.1971,0.2623,0.1971,
0.8359,0.8359,0,0.8359,0.8359,0,0,0.8359,0,0,0.8359,1.6717,0.8359,0.8359,0,0,0,0.8359,0,0,0.0001,0.0001,0,0.0001,0.0001,0,0,0.0001,0,0,0.0001,0.0001,0.0001,0.0001,0,0,0,0.0001,0,0,0.0754,0.0887,0.0754,0.0887,
1.3003,0.6502,0,1.3003,0,0.6502,0,0.6502,0,0,0.6502,0,1.3003,1.3003,0,0.6502,0,1.3003,1.9505,1.3003,0.0001,0,0,0.0001,0,0,0,0,0,0,0,0,0.0001,0.0001,0,0,0,0.0001,0.0001,0.0001,0.1762,0.1737,0.1762,0.1737,
0,0.5898,0.5898,1.1796,1.1796,0.5898,0.5898,0,0,0.5898,0.5898,0,0,0,0.5898,0.5898,0,1.1796,0,0.5898,0,0,0,0.0001,0.0001,0,0,0,0,0,0,0,0,0,0,0,0,0.0001,0,0,0.1898,0.2204,0.1898,0.2204,
0,0,1.6383,1.6383,0.5461,0.5461,0,0,0,1.0922,0,0.5461,0,0,0.5461,1.6383,1.0922,1.0922,0,0,0,0,0.0002,0.0002,0.0001,0.0001,0,0,0,0.0001,0,0.0001,0,0,0.0001,0.0002,0.0001,0.0001,0,0,0.2342,0.2197,0.2342,0.2197,
1.3978,0,0.6989,0.6989,0.3495,1.0484,0,1.0484,1.0484,1.7473,0.3495,1.0484,0,2.0968,1.7473,0.6989,0.3495,0.3495,0,0.6989,0.0001,0,0,0,0,0.0001,0,0.0001,0.0001,0.0001,0,0.0001,0,0.0001,0.0001,0,0,0,0,0,0.2974,0.3532,0.2974,0.3532,
0.425,1.275,1.7,0,0.425,0,1.275,0,0.425,0.425,0.425,1.7,0.425,1.275,0.85,1.275,0,0.425,0.85,1.7,0,0.0001,0.0001,0,0,0,0.0001,0,0,0,0,0.0001,0,0.0001,0,0.0001,0,0,0,0.0001,0.3194,0.2556,0.3194,0.2556,
0.429,0,1.287,0.429,1.716,0.858,0.429,0.858,0.858,2.145,1.716,0.429,0,0.858,0.858,0.858,0.858,0.429,0.429,2.145,0,0,0.0001,0,0.0001,0.0001,0,0.0001,0.0001,0.0001,0.0001,0,0,0.0001,0.0001,0.0001,0.0001,0,0,0.0001,0.2953,0.2757,0.2953,0.2757,
0,0.4917,1.9669,0.4917,0.9835,0.4917,0.4917,0,0.4917,1.4752,0,0.4917,2.4587,0.4917,0.9835,0.4917,0,0,0.9835,0,0,0,0.0001,0,0.0001,0,0,0,0,0.0001,0,0,0.0002,0,0.0001,0,0,0,0.0001,0,0.2855,0.2227,0.2855,0.2227,
1.0353,0.6902,1.0353,2.0705,1.0353,0.3451,1.0353,1.0353,0,0.6902,0.3451,0.6902,1.0353,1.3804,1.0353,0.6902,1.0353,0.6902,0.6902,0.6902,0.0001,0,0.0001,0.0001,0.0001,0,0.0001,0.0001,0,0,0,0,0.0001,0.0001,0.0001,0,0.0001,0,0,0,0.3086,0.3463,0.3086,0.3463,
1.369,0.6845,0.6845,0.6845,2.0535,0.6845,0,0,0,0.6845,0,0.6845,0,0,0,0,0,0.6845,1.369,1.369,0.0001,0.0001,0.0001,0.0001,0.0002,0.0001,0,0,0,0.0001,0,0.0001,0,0,0,0,0,0.0001,0.0001,0.0001,0.1749,0.1406,0.1749,0.1406,
0.8157,0.4079,0.4079,0.4079,0.4079,0.8157,1.6315,0.4079,0,1.2236,1.2236,1.6315,0.8157,2.4472,0.8157,0.8157,0.8157,1.2236,1.2236,0.4079,0,0,0,0,0,0,0.0001,0,0,0.0001,0.0001,0.0001,0,0.0001,0,0,0,0.0001,0.0001,0,0.2909,0.3013,0.2909,0.3013,
0.9769,0,0.9769,0,0.4884,0.4884,0.9769,0.4884,0,1.4653,0.4884,1.4653,0.4884,0.4884,1.4653,0,0.9769,0,0,1.4653,0.0001,0,0.0001,0,0,0,0.0001,0,0,0.0001,0,0.0001,0,0,0.0001,0,0.0001,0,0,0.0001,0.2651,0.2464,0.2651,0.2464,
1.3828,0.9219,0.9219,0.4609,0.9219,1.3828,0.4609,1.3828,0.9219,0.9219,0.4609,0.4609,0.4609,1.8437,0.9219,0.4609,2.3046,1.8437,0.4609,0.9219,0.0001,0.0001,0.0001,0,0.0001,0.0001,0,0.0001,0.0001,0.0001,0,0,0,0.0001,0.0001,0,0.0001,0.0001,0,0.0001,0.287,0.2521,0.287,0.2521,
0.8131,0.4065,0.4065,2.0326,0.4065,0.8131,1.2196,0.8131,0.4065,0.4065,1.2196,0.8131,0.4065,0.4065,0.8131,0.8131,1.2196,0.4065,0.4065,0.8131,0.0001,0,0,0.0001,0,0.0001,0.0001,0.0001,0,0,0.0001,0.0001,0,0,0.0001,0.0001,0.0001,0,0,0.0001,0.3342,0.2593,0.3342,0.2593,
1.2447,0,0,0,0,1.8671,0,3.1118,1.2447,4.9789,0.6224,0,0,0,0,0.6224,1.2447,3.1118,0,1.2447,0.0001,0,0,0,0,0.0001,0,0.0002,0.0001,0.0003,0,0,0,0,0,0,0.0001,0.0002,0,0.0001,0.2015,0.1762,0.2015,0.1762,
0.4706,0,1.4118,0,0.9412,0.4706,0.4706,0,0.4706,0.9412,0.4706,0.4706,0,1.4118,0.9412,1.8824,1.4118,0.4706,0.4706,0.9412,0,0,0.0001,0,0.0001,0,0,0,0,0.0001,0,0,0,0.0001,0.0001,0.0001,0.0001,0,0,0.0001,0.255,0.2743,0.255,0.2743,
1.2433,0.8289,1.2433,0.8289,1.2433,0.8289,1.2433,0.8289,0.4144,0,0.8289,0.4144,1.2433,1.6577,0,1.2433,0.8289,0.8289,0.4144,0.8289,0.0001,0,0.0001,0,0.0001,0,0.0001,0,0,0,0,0,0.0001,0.0001,0,0.0001,0,0,0,0,0.2854,0.3001,0.2854,0.3001,
2.2405,0,0.4481,0.4481,2.2405,1.7924,0.4481,0,0,0.8962,0.4481,0,0.4481,0.4481,1.3443,0.8962,0.4481,0.8962,0.8962,0,0.0002,0,0,0,0.0002,0.0001,0,0,0,0.0001,0,0,0,0,0.0001,0.0001,0,0.0001,0.0001,0,0.2904,0.2615,0.2904,0.2615,
1.7093,0.4273,0.8547,0.8547,1.7093,0.4273,2.564,0,0.8547,1.282,0.4273,0,0,0.8547,0.8547,0.4273,1.282,0.4273,0.8547,0.4273,0.0001,0,0.0001,0.0001,0.0001,0,0.0002,0,0.0001,0.0001,0,0,0,0.0001,0.0001,0,0.0001,0,0.0001,0,0.2574,0.3153,0.2574,0.3153,
0.5452,0,0,1.6355,0,1.0903,1.0903,0,1.0903,1.0903,2.7259,1.0903,0.5452,0,0,1.6355,0,1.0903,0,0,0,0,0,0.0001,0,0.0001,0.0001,0,0.0001,0.0001,0.0002,0.0001,0,0,0,0.0001,0,0.0001,0,0,0.2409,0.214,0.2409,0.214,
1.1804,0,1.1804,0.5902,0.5902,0,0.5902,0.5902,0,0,1.1804,0.5902,0,0,0.5902,1.1804,0.5902,0.5902,0.5902,0.5902,0.0001,0,0.0001,0.0001,0.0001,0,0.0001,0.0001,0,0,0.0001,0.0001,0,0,0.0001,0.0001,0.0001,0.0001,0.0001,0.0001,0.1988,0.211,0.1988,0.211,
0.8421,0.4211,0.4211,0.8421,2.1053,1.2632,0,0.8421,0.8421,1.6843,1.6843,0.4211,0.8421,0.8421,0.4211,0.8421,0.4211,0.8421,1.6843,1.2632,0,0,0,0,0.0001,0.0001,0,0,0,0.0001,0.0001,0,0,0,0,0,0,0,0.0001,0.0001,0.3074,0.2715,0.3074,0.2715,
2.8221,0,0,0,0,2.8221,1.1288,0.5644,0.5644,1.1288,0.5644,0,2.2576,0,0.5644,1.6932,0,0.5644,0.5644,0.5644,0.0003,0,0,0,0,0.0003,0.0001,0.0001,0.0001,0.0001,0.0001,0,0.0002,0,0.0001,0.0002,0,0.0001,0.0001,0.0001,0.2129,0.2227,0.2129,0.2227,
